
Last position-specific scoring matrix computed, weighted observed percentages rounded down, information per position, and relative weight of gapless real matches to pseudocounts
           A  R  N  D  C  Q  E  G  H  I  L  K  M  F  P  S  T  W  Y  V   A   R   N   D   C   Q   E   G   H   I   L   K   M   F   P   S   T   W   Y   V
    1 M   -1 -2 -2 -4 -2  0 -2 -3 -2  1  2 -2  6  0 -3 -2 -1 -2 -1  1    0   0   0   0   0   0   0   0   0   0   0   0   0   0   0   0   0   0   0   0  0.00    0.00
    2 R   -2  6 -1 -2 -4  1  0 -3  0 -3 -2  2 -2 -3 -2 -1 -1 -3 -2 -3    0   0   0   0   0   0   0   0   0   0   0   0   0   0   0   0   0   0   0   0  0.00    0.00
    3 I   -2 -3 -4 -4 -1 -3 -4 -4 -4  5  2 -3  1  0 -3 -3 -1 -3 -2  3    0   0   0   0   0   0   0   0   0   0   0   0   0   0   0   0   0   0   0   0  0.00    0.00
    4 Y   -2 -2 -2 -4 -3 -2 -2 -3  2 -2 -1 -2 -1  3 -3 -2 -2  2  8 -1    0   0   0   0   0   0   0   0   0   0   0   0   0   0   0   0   0   0   0   0  0.00    0.00
    5 L   -2 -2 -4 -4 -1 -2 -3 -4 -3  2  4 -3  2  0 -3 -3 -1 -2 -1  1    0   0   0   0   0   0   0   0   0   0   0   0   0   0   0   0   0   0   0   0  0.00    0.00
    6 H   -2  0  1 -1 -3  1  0 -2  9 -4 -3 -1 -2 -1 -2 -1 -2 -3  2 -4    0   0   0   0   0   0   0   0   0   0   0   0   0   0   0   0   0   0   0   0  0.00    0.00
    7 M   -1 -2 -2 -4 -2  0 -2 -3 -2  1  2 -2  6  0 -3 -2 -1 -2 -1  1    0   0   0   0   0   0   0   0   0   0   0   0   0   0   0   0   0   0   0   0  0.00    0.00
    8 M   -1 -2 -2 -4 -2  0 -2 -3 -2  1  2 -2  6  0 -3 -2 -1 -2 -1  1    0   0   0   0   0   0   0   0   0   0   0   0   0   0   0   0   0   0   0   0  0.00    0.00
    9 N   -2 -1  6  1 -3  0  0  0  1 -4 -4  0 -2 -3 -2  1  0 -4 -2 -3    0   0   0   0   0   0   0   0   0   0   0   0   0   0   0   0   0   0   0   0  0.00    0.00
   10 Q   -1  1  0  0 -3  6  2 -2  1 -3 -2  1  0 -4 -1  0 -1 -2 -2 -3    0   0   0   0   0   0   0   0   0   0   0   0   0   0   0   0   0   0   0   0  0.00    0.00
   11 L   -2 -2 -4 -4 -1 -2 -3 -4 -3  2  4 -3  2  0 -3 -3 -1 -2 -1  1    0   0   0   0   0   0   0   0   0   0   0   0   0   0   0   0   0   0   0   0  0.00    0.00
   12 A    5 -2 -2 -2  0 -1 -1  0 -2 -2 -2 -1 -1 -3 -1  1  0 -3 -2  0    0   0   0   0   0   0   0   0   0   0   0   0   0   0   0   0   0   0   0   0  0.00    0.00
   13 V    0 -3 -3 -4 -1 -3 -3 -4 -4  3  1 -3  1 -1 -3 -2  0 -3 -1  4    0   0   0   0   0   0   0   0   0   0   0   0   0   0   0   0   0   0   0   0  0.00    0.00
   14 Q   -1  1  0  0 -3  6  2 -2  1 -3 -2  1  0 -4 -1  0 -1 -2 -2 -3    0   0   0   0   0   0   0   0   0   0   0   0   0   0   0   0   0   0   0   0  0.00    0.00
   15 K   -1  2  0 -1 -3  1  1 -2 -1 -3 -3  5 -2 -4 -1  0 -1 -3 -2 -3    0   0   0   0   0   0   0   0   0   0   0   0   0   0   0   0   0   0   0   0  0.00    0.00
   16 C    0 -4 -3 -4 10 -3 -4 -3 -3 -1 -1 -3 -2 -3 -3 -1 -1 -3 -3 -1    0   0   0   0   0   0   0   0   0   0   0   0   0   0   0   0   0   0   0   0  0.00    0.00
   17 Y   -2 -2 -2 -4 -3 -2 -2 -3  2 -2 -1 -2 -1  3 -3 -2 -2  2  8 -1    0   0   0   0   0   0   0   0   0   0   0   0   0   0   0   0   0   0   0   0  0.00    0.00
   18 Y   -2 -2 -2 -4 -3 -2 -2 -3  2 -2 -1 -2 -1  3 -3 -2 -2  2  8 -1    0   0   0   0   0   0   0   0   0   0   0   0   0   0   0   0   0   0   0   0  0.00    0.00
   19 N   -2 -1  6  1 -3  0  0  0  1 -4 -4  0 -2 -3 -2  1  0 -4 -2 -3    0   0   0   0   0   0   0   0   0   0   0   0   0   0   0   0   0   0   0   0  0.00    0.00
   20 L   -2 -2 -4 -4 -1 -2 -3 -4 -3  2  4 -3  2  0 -3 -3 -1 -2 -1  1    0   0   0   0   0   0   0   0   0   0   0   0   0   0   0   0   0   0   0   0  0.00    0.00
   21 V    0 -3 -3 -4 -1 -3 -3 -4 -4  3  1 -3  1 -1 -3 -2  0 -3 -1  4    0   0   0   0   0   0   0   0   0   0   0   0   0   0   0   0   0   0   0   0  0.00    0.00
   22 K   -1  2  0 -1 -3  1  1 -2 -1 -3 -3  5 -2 -4 -1  0 -1 -3 -2 -3    0   0   0   0   0   0   0   0   0   0   0   0   0   0   0   0   0   0   0   0  0.00    0.00
   23 H   -2  0  1 -1 -3  1  0 -2  9 -4 -3 -1 -2 -1 -2 -1 -2 -3  2 -4    0   0   0   0   0   0   0   0   0   0   0   0   0   0   0   0   0   0   0   0  0.00    0.00
   24 L   -2 -2 -4 -4 -1 -2 -3 -4 -3  2  4 -3  2  0 -3 -3 -1 -2 -1  1    0   0   0   0   0   0   0   0   0   0   0   0   0   0   0   0   0   0   0   0  0.00    0.00
   25 V    0 -3 -3 -4 -1 -3 -3 -4 -4  3  1 -3  1 -1 -3 -2  0 -3 -1  4    0   0   0   0   0   0   0   0   0   0   0   0   0   0   0   0   0   0   0   0  0.00    0.00
   26 I   -2 -3 -4 -4 -1 -3 -4 -4 -4  5  2 -3  1  0 -3 -3 -1 -3 -2  3    0   0   0   0   0   0   0   0   0   0   0   0   0   0   0   0   0   0   0   0  0.00    0.00
   27 A    5 -2 -2 -2  0 -1 -1  0 -2 -2 -2 -1 -1 -3 -1  1  0 -3 -2  0    0   0   0   0   0   0   0   0   0   0   0   0   0   0   0   0   0   0   0   0  0.00    0.00
   28 T    0 -1  0 -1 -1 -1 -1 -2 -2 -1 -1 -1 -1 -2 -1  2  5 -3 -2  0    0   0   0   0   0   0   0   0   0   0   0   0   0   0   0   0   0   0   0   0  0.00    0.00
   29 L   -2 -2 -4 -4 -1 -2 -3 -4 -3  2  4 -3  2  0 -3 -3 -1 -2 -1  1    0   0   0   0   0   0   0   0   0   0   0   0   0   0   0   0   0   0   0   0  0.00    0.00
   30 S    1 -1  1  0 -1  0  0  0 -1 -3 -3  0 -2 -3 -1  4  2 -3 -2 -2    0   0   0   0   0   0   0   0   0   0   0   0   0   0   0   0   0   0   0   0  0.00    0.00
   31 L   -2 -2 -4 -4 -1 -2 -3 -4 -3  2  4 -3  2  0 -3 -3 -1 -2 -1  1    0   0   0   0   0   0   0   0   0   0   0   0   0   0   0   0   0   0   0   0  0.00    0.00
   32 R   -2  6 -1 -2 -4  1  0 -3  0 -3 -2  2 -2 -3 -2 -1 -1 -3 -2 -3    0   0   0   0   0   0   0   0   0   0   0   0   0   0   0   0   0   0   0   0  0.00    0.00
   33 A    5 -2 -2 -2  0 -1 -1  0 -2 -2 -2 -1 -1 -3 -1  1  0 -3 -2  0    0   0   0   0   0   0   0   0   0   0   0   0   0   0   0   0   0   0   0   0  0.00    0.00
   34 L   -2 -2 -4 -4 -1 -2 -3 -4 -3  2  4 -3  2  0 -3 -3 -1 -2 -1  1    0   0   0   0   0   0   0   0   0   0   0   0   0   0   0   0   0   0   0   0  0.00    0.00
   35 E   -1  0  0  2 -4  2  6 -2  0 -4 -3  1 -2 -4 -1  0 -1 -3 -2 -3    0   0   0   0   0   0   0   0   0   0   0   0   0   0   0   0   0   0   0   0  0.00    0.00
   36 T    0 -1  0 -1 -1 -1 -1 -2 -2 -1 -1 -1 -1 -2 -1  2  5 -3 -2  0    0   0   0   0   0   0   0   0   0   0   0   0   0   0   0   0   0   0   0   0  0.00    0.00
   37 P   -1 -2 -2 -2 -3 -1 -1 -2 -2 -3 -3 -1 -3 -4  8 -1 -1 -4 -3 -3    0   0   0   0   0   0   0   0   0   0   0   0   0   0   0   0   0   0   0   0  0.00    0.00
   38 T    0 -1  0 -1 -1 -1 -1 -2 -2 -1 -1 -1 -1 -2 -1  2  5 -3 -2  0    0   0   0   0   0   0   0   0   0   0   0   0   0   0   0   0   0   0   0   0  0.00    0.00
   39 N   -2 -1  6  1 -3  0  0  0  1 -4 -4  0 -2 -3 -2  1  0 -4 -2 -3    0   0   0   0   0   0   0   0   0   0   0   0   0   0   0   0   0   0   0   0  0.00    0.00
   40 E   -1  0  0  2 -4  2  6 -2  0 -4 -3  1 -2 -4 -1  0 -1 -3 -2 -3    0   0   0   0   0   0   0   0   0   0   0   0   0   0   0   0   0   0   0   0  0.00    0.00
   41 V    0 -3 -3 -4 -1 -3 -3 -4 -4  3  1 -3  1 -1 -3 -2  0 -3 -1  4    0   0   0   0   0   0   0   0   0   0   0   0   0   0   0   0   0   0   0   0  0.00    0.00
   42 T    0 -1  0 -1 -1 -1 -1 -2 -2 -1 -1 -1 -1 -2 -1  2  5 -3 -2  0    0   0   0   0   0   0   0   0   0   0   0   0   0   0   0   0   0   0   0   0  0.00    0.00
   43 S    1 -1  1  0 -1  0  0  0 -1 -3 -3  0 -2 -3 -1  4  2 -3 -2 -2    0   0   0   0   0   0   0   0   0   0   0   0   0   0   0   0   0   0   0   0  0.00    0.00
   44 L   -2 -2 -4 -4 -1 -2 -3 -4 -3  2  4 -3  2  0 -3 -3 -1 -2 -1  1    0   0   0   0   0   0   0   0   0   0   0   0   0   0   0   0   0   0   0   0  0.00    0.00
   45 G    0 -3  0 -2 -3 -2 -2  6 -2 -4 -4 -2 -3 -4 -2  0 -2 -3 -3 -4    0   0   0   0   0   0   0   0   0   0   0   0   0   0   0   0   0   0   0   0  0.00    0.00
   46 A    5 -2 -2 -2  0 -1 -1  0 -2 -2 -2 -1 -1 -3 -1  1  0 -3 -2  0    0   0   0   0   0   0   0   0   0   0   0   0   0   0   0   0   0   0   0   0  0.00    0.00
   47 I   -2 -3 -4 -4 -1 -3 -4 -4 -4  5  2 -3  1  0 -3 -3 -1 -3 -2  3    0   0   0   0   0   0   0   0   0   0   0   0   0   0   0   0   0   0   0   0  0.00    0.00
   48 E   -1  0  0  2 -4  2  6 -2  0 -4 -3  1 -2 -4 -1  0 -1 -3 -2 -3    0   0   0   0   0   0   0   0   0   0   0   0   0   0   0   0   0   0   0   0  0.00    0.00
   49 M   -1 -2 -2 -4 -2  0 -2 -3 -2  1  2 -2  6  0 -3 -2 -1 -2 -1  1    0   0   0   0   0   0   0   0   0   0   0   0   0   0   0   0   0   0   0   0  0.00    0.00
   50 M   -1 -2 -2 -4 -2  0 -2 -3 -2  1  2 -2  6  0 -3 -2 -1 -2 -1  1    0   0   0   0   0   0   0   0   0   0   0   0   0   0   0   0   0   0   0   0  0.00    0.00
   51 Y   -2 -2 -2 -4 -3 -2 -2 -3  2 -2 -1 -2 -1  3 -3 -2 -2  2  8 -1    0   0   0   0   0   0   0   0   0   0   0   0   0   0   0   0   0   0   0   0  0.00    0.00
   52 E   -1  0  0  2 -4  2  6 -2  0 -4 -3  1 -2 -4 -1  0 -1 -3 -2 -3    0   0   0   0   0   0   0   0   0   0   0   0   0   0   0   0   0   0   0   0  0.00    0.00
   53 K   -1  2  0 -1 -3  1  1 -2 -1 -3 -3  5 -2 -4 -1  0 -1 -3 -2 -3    0   0   0   0   0   0   0   0   0   0   0   0   0   0   0   0   0   0   0   0  0.00    0.00
   54 Y   -2 -2 -2 -4 -3 -2 -2 -3  2 -2 -1 -2 -1  3 -3 -2 -2  2  8 -1    0   0   0   0   0   0   0   0   0   0   0   0   0   0   0   0   0   0   0   0  0.00    0.00
   55 I   -2 -3 -4 -4 -1 -3 -4 -4 -4  5  2 -3  1  0 -3 -3 -1 -3 -2  3    0   0   0   0   0   0   0   0   0   0   0   0   0   0   0   0   0   0   0   0  0.00    0.00
   56 Q   -1  1  0  0 -3  6  2 -2  1 -3 -2  1  0 -4 -1  0 -1 -2 -2 -3    0   0   0   0   0   0   0   0   0   0   0   0   0   0   0   0   0   0   0   0  0.00    0.00
   57 M   -1 -2 -2 -4 -2  0 -2 -3 -2  1  2 -2  6  0 -3 -2 -1 -2 -1  1    0   0   0   0   0   0   0   0   0   0   0   0   0   0   0   0   0   0   0   0  0.00    0.00
   58 S    1 -1  1  0 -1  0  0  0 -1 -3 -3  0 -2 -3 -1  4  2 -3 -2 -2    0   0   0   0   0   0   0   0   0   0   0   0   0   0   0   0   0   0   0   0  0.00    0.00
   59 K   -1  2  0 -1 -3  1  1 -2 -1 -3 -3  5 -2 -4 -1  0 -1 -3 -2 -3    0   0   0   0   0   0   0   0   0   0   0   0   0   0   0   0   0   0   0   0  0.00    0.00
   60 M   -1 -2 -2 -4 -2  0 -2 -3 -2  1  2 -2  6  0 -3 -2 -1 -2 -1  1    0   0   0   0   0   0   0   0   0   0   0   0   0   0   0   0   0   0   0   0  0.00    0.00
   61 M   -1 -2 -2 -4 -2  0 -2 -3 -2  1  2 -2  6  0 -3 -2 -1 -2 -1  1    0   0   0   0   0   0   0   0   0   0   0   0   0   0   0   0   0   0   0   0  0.00    0.00
   62 S    1 -1  1  0 -1  0  0  0 -1 -3 -3  0 -2 -3 -1  4  2 -3 -2 -2    0   0   0   0   0   0   0   0   0   0   0   0   0   0   0   0   0   0   0   0  0.00    0.00
   63 R   -2  6 -1 -2 -4  1  0 -3  0 -3 -2  2 -2 -3 -2 -1 -1 -3 -2 -3    0   0   0   0   0   0   0   0   0   0   0   0   0   0   0   0   0   0   0   0  0.00    0.00
   64 M   -1 -2 -2 -4 -2  0 -2 -3 -2  1  2 -2  6  0 -3 -2 -1 -2 -1  1    0   0   0   0   0   0   0   0   0   0   0   0   0   0   0   0   0   0   0   0  0.00    0.00
   65 N   -2 -1  6  1 -3  0  0  0  1 -4 -4  0 -2 -3 -2  1  0 -4 -2 -3    0   0   0   0   0   0   0   0   0   0   0   0   0   0   0   0   0   0   0   0  0.00    0.00
   66 Y   -2 -2 -2 -4 -3 -2 -2 -3  2 -2 -1 -2 -1  3 -3 -2 -2  2  8 -1    0   0   0   0   0   0   0   0   0   0   0   0   0   0   0   0   0   0   0   0  0.00    0.00
   67 M   -1 -2 -2 -4 -2  0 -2 -3 -2  1  2 -2  6  0 -3 -2 -1 -2 -1  1    0   0   0   0   0   0   0   0   0   0   0   0   0   0   0   0   0   0   0   0  0.00    0.00
   68 P   -1 -2 -2 -2 -3 -1 -1 -2 -2 -3 -3 -1 -3 -4  8 -1 -1 -4 -3 -3    0   0   0   0   0   0   0   0   0   0   0   0   0   0   0   0   0   0   0   0  0.00    0.00
   69 A    5 -2 -2 -2  0 -1 -1  0 -2 -2 -2 -1 -1 -3 -1  1  0 -3 -2  0    0   0   0   0   0   0   0   0   0   0   0   0   0   0   0   0   0   0   0   0  0.00    0.00
   70 I   -2 -3 -4 -4 -1 -3 -4 -4 -4  5  2 -3  1  0 -3 -3 -1 -3 -2  3    0   0   0   0   0   0   0   0   0   0   0   0   0   0   0   0   0   0   0   0  0.00    0.00
   71 A    5 -2 -2 -2  0 -1 -1  0 -2 -2 -2 -1 -1 -3 -1  1  0 -3 -2  0    0   0   0   0   0   0   0   0   0   0   0   0   0   0   0   0   0   0   0   0  0.00    0.00
   72 A    5 -2 -2 -2  0 -1 -1  0 -2 -2 -2 -1 -1 -3 -1  1  0 -3 -2  0    0   0   0   0   0   0   0   0   0   0   0   0   0   0   0   0   0   0   0   0  0.00    0.00
   73 G    0 -3  0 -2 -3 -2 -2  6 -2 -4 -4 -2 -3 -4 -2  0 -2 -3 -3 -4    0   0   0   0   0   0   0   0   0   0   0   0   0   0   0   0   0   0   0   0  0.00    0.00
   74 E   -1  0  0  2 -4  2  6 -2  0 -4 -3  1 -2 -4 -1  0 -1 -3 -2 -3    0   0   0   0   0   0   0   0   0   0   0   0   0   0   0   0   0   0   0   0  0.00    0.00
   75 I   -2 -3 -4 -4 -1 -3 -4 -4 -4  5  2 -3  1  0 -3 -3 -1 -3 -2  3    0   0   0   0   0   0   0   0   0   0   0   0   0   0   0   0   0   0   0   0  0.00    0.00
   76 T    0 -1  0 -1 -1 -1 -1 -2 -2 -1 -1 -1 -1 -2 -1  2  5 -3 -2  0    0   0   0   0   0   0   0   0   0   0   0   0   0   0   0   0   0   0   0   0  0.00    0.00
   77 I   -2 -3 -4 -4 -1 -3 -4 -4 -4  5  2 -3  1  0 -3 -3 -1 -3 -2  3    0   0   0   0   0   0   0   0   0   0   0   0   0   0   0   0   0   0   0   0  0.00    0.00
   78 L   -2 -2 -4 -4 -1 -2 -3 -4 -3  2  4 -3  2  0 -3 -3 -1 -2 -1  1    0   0   0   0   0   0   0   0   0   0   0   0   0   0   0   0   0   0   0   0  0.00    0.00
   79 L   -2 -2 -4 -4 -1 -2 -3 -4 -3  2  4 -3  2  0 -3 -3 -1 -2 -1  1    0   0   0   0   0   0   0   0   0   0   0   0   0   0   0   0   0   0   0   0  0.00    0.00
   80 I   -2 -3 -4 -4 -1 -3 -4 -4 -4  5  2 -3  1  0 -3 -3 -1 -3 -2  3    0   0   0   0   0   0   0   0   0   0   0   0   0   0   0   0   0   0   0   0  0.00    0.00
   81 L   -2 -2 -4 -4 -1 -2 -3 -4 -3  2  4 -3  2  0 -3 -3 -1 -2 -1  1    0   0   0   0   0   0   0   0   0   0   0   0   0   0   0   0   0   0   0   0  0.00    0.00
   82 Y   -2 -2 -2 -4 -3 -2 -2 -3  2 -2 -1 -2 -1  3 -3 -2 -2  2  8 -1    0   0   0   0   0   0   0   0   0   0   0   0   0   0   0   0   0   0   0   0  0.00    0.00
   83 A    5 -2 -2 -2  0 -1 -1  0 -2 -2 -2 -1 -1 -3 -1  1  0 -3 -2  0    0   0   0   0   0   0   0   0   0   0   0   0   0   0   0   0   0   0   0   0  0.00    0.00
   84 G    0 -3  0 -2 -3 -2 -2  6 -2 -4 -4 -2 -3 -4 -2  0 -2 -3 -3 -4    0   0   0   0   0   0   0   0   0   0   0   0   0   0   0   0   0   0   0   0  0.00    0.00
   85 G    0 -3  0 -2 -3 -2 -2  6 -2 -4 -4 -2 -3 -4 -2  0 -2 -3 -3 -4    0   0   0   0   0   0   0   0   0   0   0   0   0   0   0   0   0   0   0   0  0.00    0.00
   86 M   -1 -2 -2 -4 -2  0 -2 -3 -2  1  2 -2  6  0 -3 -2 -1 -2 -1  1    0   0   0   0   0   0   0   0   0   0   0   0   0   0   0   0   0   0   0   0  0.00    0.00
   87 L   -2 -2 -4 -4 -1 -2 -3 -4 -3  2  4 -3  2  0 -3 -3 -1 -2 -1  1    0   0   0   0   0   0   0   0   0   0   0   0   0   0   0   0   0   0   0   0  0.00    0.00
   88 L   -2 -2 -4 -4 -1 -2 -3 -4 -3  2  4 -3  2  0 -3 -3 -1 -2 -1  1    0   0   0   0   0   0   0   0   0   0   0   0   0   0   0   0   0   0   0   0  0.00    0.00
   89 A    5 -2 -2 -2  0 -1 -1  0 -2 -2 -2 -1 -1 -3 -1  1  0 -3 -2  0    0   0   0   0   0   0   0   0   0   0   0   0   0   0   0   0   0   0   0   0  0.00    0.00
   90 V    0 -3 -3 -4 -1 -3 -3 -4 -4  3  1 -3  1 -1 -3 -2  0 -3 -1  4    0   0   0   0   0   0   0   0   0   0   0   0   0   0   0   0   0   0   0   0  0.00    0.00
   91 Y   -2 -2 -2 -4 -3 -2 -2 -3  2 -2 -1 -2 -1  3 -3 -2 -2  2  8 -1    0   0   0   0   0   0   0   0   0   0   0   0   0   0   0   0   0   0   0   0  0.00    0.00
   92 N   -2 -1  6  1 -3  0  0  0  1 -4 -4  0 -2 -3 -2  1  0 -4 -2 -3    0   0   0   0   0   0   0   0   0   0   0   0   0   0   0   0   0   0   0   0  0.00    0.00
   93 L   -2 -2 -4 -4 -1 -2 -3 -4 -3  2  4 -3  2  0 -3 -3 -1 -2 -1  1    0   0   0   0   0   0   0   0   0   0   0   0   0   0   0   0   0   0   0   0  0.00    0.00
   94 S    1 -1  1  0 -1  0  0  0 -1 -3 -3  0 -2 -3 -1  4  2 -3 -2 -2    0   0   0   0   0   0   0   0   0   0   0   0   0   0   0   0   0   0   0   0  0.00    0.00
   95 L   -2 -2 -4 -4 -1 -2 -3 -4 -3  2  4 -3  2  0 -3 -3 -1 -2 -1  1    0   0   0   0   0   0   0   0   0   0   0   0   0   0   0   0   0   0   0   0  0.00    0.00
   96 Q   -1  1  0  0 -3  6  2 -2  1 -3 -2  1  0 -4 -1  0 -1 -2 -2 -3    0   0   0   0   0   0   0   0   0   0   0   0   0   0   0   0   0   0   0   0  0.00    0.00
   97 G    0 -3  0 -2 -3 -2 -2  6 -2 -4 -4 -2 -3 -4 -2  0 -2 -3 -3 -4    0   0   0   0   0   0   0   0   0   0   0   0   0   0   0   0   0   0   0   0  0.00    0.00
   98 V    0 -3 -3 -4 -1 -3 -3 -4 -4  3  1 -3  1 -1 -3 -2  0 -3 -1  4    0   0   0   0   0   0   0   0   0   0   0   0   0   0   0   0   0   0   0   0  0.00    0.00
   99 P   -1 -2 -2 -2 -3 -1 -1 -2 -2 -3 -3 -1 -3 -4  8 -1 -1 -4 -3 -3    0   0   0   0   0   0   0   0   0   0   0   0   0   0   0   0   0   0   0   0  0.00    0.00
  100 L   -2 -2 -4 -4 -1 -2 -3 -4 -3  2  4 -3  2  0 -3 -3 -1 -2 -1  1    0   0   0   0   0   0   0   0   0   0   0   0   0   0   0   0   0   0   0   0  0.00    0.00
  101 I   -2 -3 -4 -4 -1 -3 -4 -4 -4  5  2 -3  1  0 -3 -3 -1 -3 -2  3    0   0   0   0   0   0   0   0   0   0   0   0   0   0   0   0   0   0   0   0  0.00    0.00
  102 M   -1 -2 -2 -4 -2  0 -2 -3 -2  1  2 -2  6  0 -3 -2 -1 -2 -1  1    0   0   0   0   0   0   0   0   0   0   0   0   0   0   0   0   0   0   0   0  0.00    0.00
  103 H   -2  0  1 -1 -3  1  0 -2  9 -4 -3 -1 -2 -1 -2 -1 -2 -3  2 -4    0   0   0   0   0   0   0   0   0   0   0   0   0   0   0   0   0   0   0   0  0.00    0.00
  104 L   -2 -2 -4 -4 -1 -2 -3 -4 -3  2  4 -3  2  0 -3 -3 -1 -2 -1  1    0   0   0   0   0   0   0   0   0   0   0   0   0   0   0   0   0   0   0   0  0.00    0.00
  105 Y   -2 -2 -2 -4 -3 -2 -2 -3  2 -2 -1 -2 -1  3 -3 -2 -2  2  8 -1    0   0   0   0   0   0   0   0   0   0   0   0   0   0   0   0   0   0   0   0  0.00    0.00
  106 G    0 -3  0 -2 -3 -2 -2  6 -2 -4 -4 -2 -3 -4 -2  0 -2 -3 -3 -4    0   0   0   0   0   0   0   0   0   0   0   0   0   0   0   0   0   0   0   0  0.00    0.00
  107 A    5 -2 -2 -2  0 -1 -1  0 -2 -2 -2 -1 -1 -3 -1  1  0 -3 -2  0    0   0   0   0   0   0   0   0   0   0   0   0   0   0   0   0   0   0   0   0  0.00    0.00
  108 I   -2 -3 -4 -4 -1 -3 -4 -4 -4  5  2 -3  1  0 -3 -3 -1 -3 -2  3    0   0   0   0   0   0   0   0   0   0   0   0   0   0   0   0   0   0   0   0  0.00    0.00
  109 L   -2 -2 -4 -4 -1 -2 -3 -4 -3  2  4 -3  2  0 -3 -3 -1 -2 -1  1    0   0   0   0   0   0   0   0   0   0   0   0   0   0   0   0   0   0   0   0  0.00    0.00
  110 V    0 -3 -3 -4 -1 -3 -3 -4 -4  3  1 -3  1 -1 -3 -2  0 -3 -1  4    0   0   0   0   0   0   0   0   0   0   0   0   0   0   0   0   0   0   0   0  0.00    0.00
  111 A    5 -2 -2 -2  0 -1 -1  0 -2 -2 -2 -1 -1 -3 -1  1  0 -3 -2  0    0   0   0   0   0   0   0   0   0   0   0   0   0   0   0   0   0   0   0   0  0.00    0.00
  112 I   -2 -3 -4 -4 -1 -3 -4 -4 -4  5  2 -3  1  0 -3 -3 -1 -3 -2  3    0   0   0   0   0   0   0   0   0   0   0   0   0   0   0   0   0   0   0   0  0.00    0.00
  113 L   -2 -2 -4 -4 -1 -2 -3 -4 -3  2  4 -3  2  0 -3 -3 -1 -2 -1  1    0   0   0   0   0   0   0   0   0   0   0   0   0   0   0   0   0   0   0   0  0.00    0.00
  114 S    1 -1  1  0 -1  0  0  0 -1 -3 -3  0 -2 -3 -1  4  2 -3 -2 -2    0   0   0   0   0   0   0   0   0   0   0   0   0   0   0   0   0   0   0   0  0.00    0.00
  115 V    0 -3 -3 -4 -1 -3 -3 -4 -4  3  1 -3  1 -1 -3 -2  0 -3 -1  4    0   0   0   0   0   0   0   0   0   0   0   0   0   0   0   0   0   0   0   0  0.00    0.00
  116 G    0 -3  0 -2 -3 -2 -2  6 -2 -4 -4 -2 -3 -4 -2  0 -2 -3 -3 -4    0   0   0   0   0   0   0   0   0   0   0   0   0   0   0   0   0   0   0   0  0.00    0.00
  117 L   -2 -2 -4 -4 -1 -2 -3 -4 -3  2  4 -3  2  0 -3 -3 -1 -2 -1  1    0   0   0   0   0   0   0   0   0   0   0   0   0   0   0   0   0   0   0   0  0.00    0.00
  118 L   -2 -2 -4 -4 -1 -2 -3 -4 -3  2  4 -3  2  0 -3 -3 -1 -2 -1  1    0   0   0   0   0   0   0   0   0   0   0   0   0   0   0   0   0   0   0   0  0.00    0.00
  119 A    5 -2 -2 -2  0 -1 -1  0 -2 -2 -2 -1 -1 -3 -1  1  0 -3 -2  0    0   0   0   0   0   0   0   0   0   0   0   0   0   0   0   0   0   0   0   0  0.00    0.00
  120 S    1 -1  1  0 -1  0  0  0 -1 -3 -3  0 -2 -3 -1  4  2 -3 -2 -2    0   0   0   0   0   0   0   0   0   0   0   0   0   0   0   0   0   0   0   0  0.00    0.00
  121 A    5 -2 -2 -2  0 -1 -1  0 -2 -2 -2 -1 -1 -3 -1  1  0 -3 -2  0    0   0   0   0   0   0   0   0   0   0   0   0   0   0   0   0   0   0   0   0  0.00    0.00
  122 V    0 -3 -3 -4 -1 -3 -3 -4 -4  3  1 -3  1 -1 -3 -2  0 -3 -1  4    0   0   0   0   0   0   0   0   0   0   0   0   0   0   0   0   0   0   0   0  0.00    0.00
  123 S    1 -1  1  0 -1  0  0  0 -1 -3 -3  0 -2 -3 -1  4  2 -3 -2 -2    0   0   0   0   0   0   0   0   0   0   0   0   0   0   0   0   0   0   0   0  0.00    0.00
  124 Y   -2 -2 -2 -4 -3 -2 -2 -3  2 -2 -1 -2 -1  3 -3 -2 -2  2  8 -1    0   0   0   0   0   0   0   0   0   0   0   0   0   0   0   0   0   0   0   0  0.00    0.00
  125 K   -1  2  0 -1 -3  1  1 -2 -1 -3 -3  5 -2 -4 -1  0 -1 -3 -2 -3    0   0   0   0   0   0   0   0   0   0   0   0   0   0   0   0   0   0   0   0  0.00    0.00
  126 D   -2 -2  1  7 -4  0  2 -2 -1 -4 -4 -1 -4 -4 -2  0 -1 -5 -4 -4    0   0   0   0   0   0   0   0   0   0   0   0   0   0   0   0   0   0   0   0  0.00    0.00
  127 K   -1  2  0 -1 -3  1  1 -2 -1 -3 -3  5 -2 -4 -1  0 -1 -3 -2 -3    0   0   0   0   0   0   0   0   0   0   0   0   0   0   0   0   0   0   0   0  0.00    0.00
  128 G    0 -3  0 -2 -3 -2 -2  6 -2 -4 -4 -2 -3 -4 -2  0 -2 -3 -3 -4    0   0   0   0   0   0   0   0   0   0   0   0   0   0   0   0   0   0   0   0  0.00    0.00
  129 A    5 -2 -2 -2  0 -1 -1  0 -2 -2 -2 -1 -1 -3 -1  1  0 -3 -2  0    0   0   0   0   0   0   0   0   0   0   0   0   0   0   0   0   0   0   0   0  0.00    0.00
  130 I   -2 -3 -4 -4 -1 -3 -4 -4 -4  5  2 -3  1  0 -3 -3 -1 -3 -2  3    0   0   0   0   0   0   0   0   0   0   0   0   0   0   0   0   0   0   0   0  0.00    0.00
  131 M   -1 -2 -2 -4 -2  0 -2 -3 -2  1  2 -2  6  0 -3 -2 -1 -2 -1  1    0   0   0   0   0   0   0   0   0   0   0   0   0   0   0   0   0   0   0   0  0.00    0.00
  132 L   -2 -2 -4 -4 -1 -2 -3 -4 -3  2  4 -3  2  0 -3 -3 -1 -2 -1  1    0   0   0   0   0   0   0   0   0   0   0   0   0   0   0   0   0   0   0   0  0.00    0.00
  133 S    1 -1  1  0 -1  0  0  0 -1 -3 -3  0 -2 -3 -1  4  2 -3 -2 -2    0   0   0   0   0   0   0   0   0   0   0   0   0   0   0   0   0   0   0   0  0.00    0.00
  134 F   -3 -3 -3 -4 -3 -4 -4 -4 -1  0  0 -4  0  7 -4 -3 -2  1  3 -1    0   0   0   0   0   0   0   0   0   0   0   0   0   0   0   0   0   0   0   0  0.00    0.00
  135 L   -2 -2 -4 -4 -1 -2 -3 -4 -3  2  4 -3  2  0 -3 -3 -1 -2 -1  1    0   0   0   0   0   0   0   0   0   0   0   0   0   0   0   0   0   0   0   0  0.00    0.00
  136 N   -2 -1  6  1 -3  0  0  0  1 -4 -4  0 -2 -3 -2  1  0 -4 -2 -3    0   0   0   0   0   0   0   0   0   0   0   0   0   0   0   0   0   0   0   0  0.00    0.00
  137 V    0 -3 -3 -4 -1 -3 -3 -4 -4  3  1 -3  1 -1 -3 -2  0 -3 -1  4    0   0   0   0   0   0   0   0   0   0   0   0   0   0   0   0   0   0   0   0  0.00    0.00
  138 L   -2 -2 -4 -4 -1 -2 -3 -4 -3  2  4 -3  2  0 -3 -3 -1 -2 -1  1    0   0   0   0   0   0   0   0   0   0   0   0   0   0   0   0   0   0   0   0  0.00    0.00
  139 S    1 -1  1  0 -1  0  0  0 -1 -3 -3  0 -2 -3 -1  4  2 -3 -2 -2    0   0   0   0   0   0   0   0   0   0   0   0   0   0   0   0   0   0   0   0  0.00    0.00
  140 V    0 -3 -3 -4 -1 -3 -3 -4 -4  3  1 -3  1 -1 -3 -2  0 -3 -1  4    0   0   0   0   0   0   0   0   0   0   0   0   0   0   0   0   0   0   0   0  0.00    0.00
  141 L   -2 -2 -4 -4 -1 -2 -3 -4 -3  2  4 -3  2  0 -3 -3 -1 -2 -1  1    0   0   0   0   0   0   0   0   0   0   0   0   0   0   0   0   0   0   0   0  0.00    0.00
  142 L   -2 -2 -4 -4 -1 -2 -3 -4 -3  2  4 -3  2  0 -3 -3 -1 -2 -1  1    0   0   0   0   0   0   0   0   0   0   0   0   0   0   0   0   0   0   0   0  0.00    0.00
  143 A    5 -2 -2 -2  0 -1 -1  0 -2 -2 -2 -1 -1 -3 -1  1  0 -3 -2  0    0   0   0   0   0   0   0   0   0   0   0   0   0   0   0   0   0   0   0   0  0.00    0.00
  144 A    5 -2 -2 -2  0 -1 -1  0 -2 -2 -2 -1 -1 -3 -1  1  0 -3 -2  0    0   0   0   0   0   0   0   0   0   0   0   0   0   0   0   0   0   0   0   0  0.00    0.00
  145 F   -3 -3 -3 -4 -3 -4 -4 -4 -1  0  0 -4  0  7 -4 -3 -2  1  3 -1    0   0   0   0   0   0   0   0   0   0   0   0   0   0   0   0   0   0   0   0  0.00    0.00
  146 A    5 -2 -2 -2  0 -1 -1  0 -2 -2 -2 -1 -1 -3 -1  1  0 -3 -2  0    0   0   0   0   0   0   0   0   0   0   0   0   0   0   0   0   0   0   0   0  0.00    0.00
  147 G    0 -3  0 -2 -3 -2 -2  6 -2 -4 -4 -2 -3 -4 -2  0 -2 -3 -3 -4    0   0   0   0   0   0   0   0   0   0   0   0   0   0   0   0   0   0   0   0  0.00    0.00
  148 S    1 -1  1  0 -1  0  0  0 -1 -3 -3  0 -2 -3 -1  4  2 -3 -2 -2    0   0   0   0   0   0   0   0   0   0   0   0   0   0   0   0   0   0   0   0  0.00    0.00
  149 F   -3 -3 -3 -4 -3 -4 -4 -4 -1  0  0 -4  0  7 -4 -3 -2  1  3 -1    0   0   0   0   0   0   0   0   0   0   0   0   0   0   0   0   0   0   0   0  0.00    0.00
  150 Y   -2 -2 -2 -4 -3 -2 -2 -3  2 -2 -1 -2 -1  3 -3 -2 -2  2  8 -1    0   0   0   0   0   0   0   0   0   0   0   0   0   0   0   0   0   0   0   0  0.00    0.00
  151 F   -3 -3 -3 -4 -3 -4 -4 -4 -1  0  0 -4  0  7 -4 -3 -2  1  3 -1    0   0   0   0   0   0   0   0   0   0   0   0   0   0   0   0   0   0   0   0  0.00    0.00
  152 G    0 -3  0 -2 -3 -2 -2  6 -2 -4 -4 -2 -3 -4 -2  0 -2 -3 -3 -4    0   0   0   0   0   0   0   0   0   0   0   0   0   0   0   0   0   0   0   0  0.00    0.00
  153 G    0 -3  0 -2 -3 -2 -2  6 -2 -4 -4 -2 -3 -4 -2  0 -2 -3 -3 -4    0   0   0   0   0   0   0   0   0   0   0   0   0   0   0   0   0   0   0   0  0.00    0.00
  154 V    0 -3 -3 -4 -1 -3 -3 -4 -4  3  1 -3  1 -1 -3 -2  0 -3 -1  4    0   0   0   0   0   0   0   0   0   0   0   0   0   0   0   0   0   0   0   0  0.00    0.00
  155 I   -2 -3 -4 -4 -1 -3 -4 -4 -4  5  2 -3  1  0 -3 -3 -1 -3 -2  3    0   0   0   0   0   0   0   0   0   0   0   0   0   0   0   0   0   0   0   0  0.00    0.00
  156 D   -2 -2  1  7 -4  0  2 -2 -1 -4 -4 -1 -4 -4 -2  0 -1 -5 -4 -4    0   0   0   0   0   0   0   0   0   0   0   0   0   0   0   0   0   0   0   0  0.00    0.00
  157 V    0 -3 -3 -4 -1 -3 -3 -4 -4  3  1 -3  1 -1 -3 -2  0 -3 -1  4    0   0   0   0   0   0   0   0   0   0   0   0   0   0   0   0   0   0   0   0  0.00    0.00
  158 S    1 -1  1  0 -1  0  0  0 -1 -3 -3  0 -2 -3 -1  4  2 -3 -2 -2    0   0   0   0   0   0   0   0   0   0   0   0   0   0   0   0   0   0   0   0  0.00    0.00
  159 Y   -2 -2 -2 -4 -3 -2 -2 -3  2 -2 -1 -2 -1  3 -3 -2 -2  2  8 -1    0   0   0   0   0   0   0   0   0   0   0   0   0   0   0   0   0   0   0   0  0.00    0.00
  160 L   -2 -2 -4 -4 -1 -2 -3 -4 -3  2  4 -3  2  0 -3 -3 -1 -2 -1  1    0   0   0   0   0   0   0   0   0   0   0   0   0   0   0   0   0   0   0   0  0.00    0.00
  161 L   -2 -2 -4 -4 -1 -2 -3 -4 -3  2  4 -3  2  0 -3 -3 -1 -2 -1  1    0   0   0   0   0   0   0   0   0   0   0   0   0   0   0   0   0   0   0   0  0.00    0.00
  162 E   -1  0  0  2 -4  2  6 -2  0 -4 -3  1 -2 -4 -1  0 -1 -3 -2 -3    0   0   0   0   0   0   0   0   0   0   0   0   0   0   0   0   0   0   0   0  0.00    0.00
  163 M   -1 -2 -2 -4 -2  0 -2 -3 -2  1  2 -2  6  0 -3 -2 -1 -2 -1  1    0   0   0   0   0   0   0   0   0   0   0   0   0   0   0   0   0   0   0   0  0.00    0.00
  164 G    0 -3  0 -2 -3 -2 -2  6 -2 -4 -4 -2 -3 -4 -2  0 -2 -3 -3 -4    0   0   0   0   0   0   0   0   0   0   0   0   0   0   0   0   0   0   0   0  0.00    0.00
  165 M   -1 -2 -2 -4 -2  0 -2 -3 -2  1  2 -2  6  0 -3 -2 -1 -2 -1  1    0   0   0   0   0   0   0   0   0   0   0   0   0   0   0   0   0   0   0   0  0.00    0.00
  166 G    0 -3  0 -2 -3 -2 -2  6 -2 -4 -4 -2 -3 -4 -2  0 -2 -3 -3 -4    0   0   0   0   0   0   0   0   0   0   0   0   0   0   0   0   0   0   0   0  0.00    0.00
  167 F   -3 -3 -3 -4 -3 -4 -4 -4 -1  0  0 -4  0  7 -4 -3 -2  1  3 -1    0   0   0   0   0   0   0   0   0   0   0   0   0   0   0   0   0   0   0   0  0.00    0.00
  168 V    0 -3 -3 -4 -1 -3 -3 -4 -4  3  1 -3  1 -1 -3 -2  0 -3 -1  4    0   0   0   0   0   0   0   0   0   0   0   0   0   0   0   0   0   0   0   0  0.00    0.00
  169 F   -3 -3 -3 -4 -3 -4 -4 -4 -1  0  0 -4  0  7 -4 -3 -2  1  3 -1    0   0   0   0   0   0   0   0   0   0   0   0   0   0   0   0   0   0   0   0  0.00    0.00
  170 A    5 -2 -2 -2  0 -1 -1  0 -2 -2 -2 -1 -1 -3 -1  1  0 -3 -2  0    0   0   0   0   0   0   0   0   0   0   0   0   0   0   0   0   0   0   0   0  0.00    0.00
  171 L   -2 -2 -4 -4 -1 -2 -3 -4 -3  2  4 -3  2  0 -3 -3 -1 -2 -1  1    0   0   0   0   0   0   0   0   0   0   0   0   0   0   0   0   0   0   0   0  0.00    0.00
  172 I   -2 -3 -4 -4 -1 -3 -4 -4 -4  5  2 -3  1  0 -3 -3 -1 -3 -2  3    0   0   0   0   0   0   0   0   0   0   0   0   0   0   0   0   0   0   0   0  0.00    0.00
  173 T    0 -1  0 -1 -1 -1 -1 -2 -2 -1 -1 -1 -1 -2 -1  2  5 -3 -2  0    0   0   0   0   0   0   0   0   0   0   0   0   0   0   0   0   0   0   0   0  0.00    0.00
  174 A    5 -2 -2 -2  0 -1 -1  0 -2 -2 -2 -1 -1 -3 -1  1  0 -3 -2  0    0   0   0   0   0   0   0   0   0   0   0   0   0   0   0   0   0   0   0   0  0.00    0.00
  175 S    1 -1  1  0 -1  0  0  0 -1 -3 -3  0 -2 -3 -1  4  2 -3 -2 -2    0   0   0   0   0   0   0   0   0   0   0   0   0   0   0   0   0   0   0   0  0.00    0.00
  176 G    0 -3  0 -2 -3 -2 -2  6 -2 -4 -4 -2 -3 -4 -2  0 -2 -3 -3 -4    0   0   0   0   0   0   0   0   0   0   0   0   0   0   0   0   0   0   0   0  0.00    0.00
  177 C    0 -4 -3 -4 10 -3 -4 -3 -3 -1 -1 -3 -2 -3 -3 -1 -1 -3 -3 -1    0   0   0   0   0   0   0   0   0   0   0   0   0   0   0   0   0   0   0   0  0.00    0.00
  178 L   -2 -2 -4 -4 -1 -2 -3 -4 -3  2  4 -3  2  0 -3 -3 -1 -2 -1  1    0   0   0   0   0   0   0   0   0   0   0   0   0   0   0   0   0   0   0   0  0.00    0.00
  179 V    0 -3 -3 -4 -1 -3 -3 -4 -4  3  1 -3  1 -1 -3 -2  0 -3 -1  4    0   0   0   0   0   0   0   0   0   0   0   0   0   0   0   0   0   0   0   0  0.00    0.00
  180 Y   -2 -2 -2 -4 -3 -2 -2 -3  2 -2 -1 -2 -1  3 -3 -2 -2  2  8 -1    0   0   0   0   0   0   0   0   0   0   0   0   0   0   0   0   0   0   0   0  0.00    0.00
  181 S    1 -1  1  0 -1  0  0  0 -1 -3 -3  0 -2 -3 -1  4  2 -3 -2 -2    0   0   0   0   0   0   0   0   0   0   0   0   0   0   0   0   0   0   0   0  0.00    0.00
  182 I   -2 -3 -4 -4 -1 -3 -4 -4 -4  5  2 -3  1  0 -3 -3 -1 -3 -2  3    0   0   0   0   0   0   0   0   0   0   0   0   0   0   0   0   0   0   0   0  0.00    0.00
  183 R   -2  6 -1 -2 -4  1  0 -3  0 -3 -2  2 -2 -3 -2 -1 -1 -3 -2 -3    0   0   0   0   0   0   0   0   0   0   0   0   0   0   0   0   0   0   0   0  0.00    0.00
  184 R   -2  6 -1 -2 -4  1  0 -3  0 -3 -2  2 -2 -3 -2 -1 -1 -3 -2 -3    0   0   0   0   0   0   0   0   0   0   0   0   0   0   0   0   0   0   0   0  0.00    0.00
  185 G    0 -3  0 -2 -3 -2 -2  6 -2 -4 -4 -2 -3 -4 -2  0 -2 -3 -3 -4    0   0   0   0   0   0   0   0   0   0   0   0   0   0   0   0   0   0   0   0  0.00    0.00
  186 E   -1  0  0  2 -4  2  6 -2  0 -4 -3  1 -2 -4 -1  0 -1 -3 -2 -3    0   0   0   0   0   0   0   0   0   0   0   0   0   0   0   0   0   0   0   0  0.00    0.00

                      K         Lambda
Standard Ungapped    0.1406     0.3284
Standard Gapped      0.0410     0.2670
PSI Ungapped         0.1526     0.3173
PSI Gapped           0.0467     0.2670
