
Last position-specific scoring matrix computed, weighted observed percentages rounded down, information per position, and relative weight of gapless real matches to pseudocounts
           A  R  N  D  C  Q  E  G  H  I  L  K  M  F  P  S  T  W  Y  V   A   R   N   D   C   Q   E   G   H   I   L   K   M   F   P   S   T   W   Y   V
    1 M   -1 -2 -3 -4 -2 -1 -2 -3 -2  1  2 -2  7  0 -3 -2 -1 -2 -1  0    0   0   0   0   0   0   0   0   0   0   0   0 100   0   0   0   0   0   0   0  0.56 0.06
    2 S    1 -1  0 -1 -1  0  0 -1 -1 -2 -3  0 -2 -3 -1  4  2 -3 -2 -2    0   0   0   0   0   0   0   0   0   0   0   0   0   0   0  88  12   0   0   0  0.48 0.03
    3 K    2  0  0 -1 -1  0  0 -1 -1 -2 -2  3 -1 -3 -1  1  2 -3 -2 -1   24   0   0   0   0   0   0   0   0   0   0  34   0   0   0  12  29   0   0   0  0.26 0.02
    4 E   -1 -1  0  3 -3  0  2 -2  5 -3 -3  0 -2 -3 -2  1 -1 -3  0 -3    0   0   0  23   0   0  23   0  33   0   0   0   0   0   0  22   0   0   0   0  0.47 0.04
    5 N   -1  1  3  0 -3  0  2 -2  0 -3 -3  1 -2 -2  3  1  0 -2  1 -3    0   9  22   0   0   0  24   0   0   0   0   9   0   0  14  13   0   0   9   0  0.34 0.02
    6 K    0  0 -1  0 -2  1  3 -2 -1 -1  1  2  0 -2 -2  0  0 -3 -2 -1    9   0   0   0   0   0  32   0   0   0  24  26   0   0   0   0   9   0   0   0  0.19 0.02
    7 Y   -2  2 -1 -2 -3  0 -1 -3  1 -2 -2  2 -2  1  1 -1 -2  0  5 -2    0  18   0   0   0   0   0   0   0   0   0  23   0   0   9   0   0   0  50   0  0.47 0.04
    8 E   -1 -2 -2 -2 -2 -1  0 -3 -2  2  2 -2  3  2 -3 -1 -1 -2  0  2    0   0   0   0   0   0   8   0   0   7  20   0  20  16   0   7   0   0   0  22  0.17 0.02
    9 S    2 -1  1  2 -1 -1  0 -1 -1 -1  0 -1 -1 -2 -1  2  1 -3 -2 -1   30   0   7  22   0   0   0   0   0   0  13   0   0   0   0  21   7   0   0   0  0.21 0.02
   10 I   -1 -2  0  1 -2 -2 -1 -2 -2  1  2 -2  0  1 -2  1  0 -2 -1  1    0   0   6  14   0   0   0   0   0  17  26   0   0  11   0  21   0   0   0   5  0.10 0.02
   11 N    1 -1  3  3 -2 -1  0  1 -1 -2 -3  0 -2 -3 -2  0  2 -4 -3 -2   19   0  21  27   0   0   0   9   0   0   0   6   0   0   0   0  18   0   0   0  0.31 0.04
   12 F    0 -2 -2 -3 -2 -1 -2 -3  4  0  1 -2  3  4 -3 -2 -2  0  3 -1    8   0   0   0   0   0   0   0  15   0  15   0  21  24   0   0   0   0  17   0  0.33 0.06
   13 E   -1 -1  0  0 -3  1  4  1 -1 -3 -2  0 -2 -3 -2  1 -1  4 -2 -3    0   0   4   0   0   0  58  15   0   0   4   0   0   0   0  12   0   8   0   0  0.47 0.07
   14 E   -1  1  0 -1 -3  1  2  0 -1 -2  0  0 -1  1  4 -1 -1 -2 -1 -2    0   8   6   0   0   4  24   8   0   0  14   4   0  10  23   0   0   0   0   0  0.29 0.04
   15 S    0 -2 -1  3 -3 -1  1 -2 -2  0 -2 -1 -2 -3  5  0 -1 -4 -3 -1   13   0   0  26   0   0  13   0   0  14   0   0   0   0  30   4   0   0   0   0  0.52 0.06
   16 P   -2 -3 -3 -3 -4 -2 -2 -3 -3 -4 -4 -2 -3 -3  8 -2 -2  6 -2 -3    0   0   0   0   0   0   0   0   0   0   0   0   0   0  86   0   0  14   0   0  2.05 0.15
   17 T    2 -1 -1  0 -2  2  3 -2 -1  0 -1  0 -1 -3  2  0  0 -3 -2 -1   24   0   0   4   0  14  30   0   0   8   3   0   0   0   9   0   4   0   0   3  0.25 0.05
   18 Y   -1 -2 -3 -3 -2 -2 -3 -3 -1  2  1 -2  0  2 -3 -1  1  4  4  1    0   0   0   0   0   0   0   0   0  18  14   0   0   7   0   0  17   8  22  14  0.30 0.05
   19 P   -1 -2 -2  1 -4 -1  2 -3 -2 -3 -3 -1 -3 -4  7 -1 -2 -4 -3 -2    0   0   0   8   0   0  20   0   0   0   0   0   0   0  68   0   0   0   0   4  1.38 0.11
   20 E    1 -1  1 -1 -3  3  2 -2 -1 -2 -2  0 -2 -3  4  0  0 -3 -2 -1   17   0  12   0   0  26  14   0   0   0   0   0   0   0  21   0   3   0   0   7  0.41 0.07
   21 Y    0 -2  0 -1 -3 -1  1 -2 -1 -3 -3  0 -2  0  6 -1 -1 -2  2 -2   12   0   4   0   0   0  15   0   0   0   0   6   0   6  48   0   0   0  10   0  0.81 0.09
   22 N   -1 -1  6  0 -3 -1 -1  1  0 -3 -3 -1 -2 -3 -2  1  0 -3 -2 -3    1   1  65   1   0   0   1  13   0   1   1   1   0   0   1  13   1   0   0   1  0.64 0.10
   23 I    0 -2 -2 -3 -1 -2 -2 -3  3  3  0 -2  0 -1 -2 -2 -1 -3 -1  3    8   1   1   1   0   0   1   1  12  32   1   1   0   0   1   1   1   0   0  39  0.25 0.06
   24 Y   -2 -3 -3 -4 -3 -2 -3 -4  0 -2 -1 -3 -1  4 -4 -2  1  1  7 -2    0   0   0   0   0   0   0   0   0   0   0   0   0  22   0   0  12   0  66   0  0.98 0.14
   25 P   -2  1 -3 -2 -4 -2 -2 -3 -3 -4 -4 -1 -3 -4  8 -2 -2 -5 -4 -3    0  12   0   0   0   0   0   0   0   0   0   0   0   0  88   0   0   0   0   0  2.01 0.17
   26 P   -2 -3 -3 -3 -2 -2 -3 -4 -3  0  3 -2  2 -1  5 -2 -1 -3 -2  1    0   0   0   0   0   0   0   0   0   0  49   0   6   0  33   0   0   0   0  12  0.63 0.09
   27 I   -1  1  0  1 -2  0  1 -2 -1 -1 -2  1 -1 -2 -2  1  2 -2  1  0    0   9   0  12   0   0  12   0   0   4   0   9   0   0   0  20  16   0   7  12  0.15 0.04
   28 W   -3 -3 -4 -4 -3 -3 -3 -3 -3 -3  0 -3 -2  0 -4  0 -2 11  1 -3    0   0   0   0   0   0   0   0   0   0  12   0   0   0   0  12   0  76   0   0  2.14 0.20
   29 D   -1  1  2  3 -3  1  2 -2  1 -3 -3  2 -2 -3 -2  1 -1 -4 -2 -2    0   6  13  23   0   4  20   0   4   0   0  18   0   0   0   9   0   0   0   4  0.36 0.05
   30 F    0  0 -2 -3 -2 -2 -2 -3 -1  1  0 -2  0  4 -3 -1  1 -1  3  1    8   8   0   0   0   0   0   0   0  18   0   0   0  33   0   4  12   0  12   6  0.24 0.06
   31 D   -1  1  1  4 -4  2  3 -2  1 -4 -3  1 -2 -4 -2  0 -1 -4 -2 -3    0  12   4  38   0   8  23   0   4   0   0   4   0   0   0   7   0   0   0   0  0.52 0.07
   32 N   -1 -2  3  2 -2 -1 -1 -2 -1  0 -2 -1 -1 -1 -2  0  3 -2  2 -1    0   0  29  16   0   0   0   0   0  12   0   0   0   0   0   4  28   0  12   0  0.29 0.07
   33 E    0  0 -1  0 -3  1  3  2 -1 -4 -3  1 -3 -4  5 -1 -1 -3 -3 -3    4   4   0   0   0   4  33  18   0   0   0   8   0   0  29   0   0   0   0   0  0.61 0.07
   34 R   -2  4 -1 -1 -4  1  2 -2 -1 -4 -3  5 -2 -4 -2 -1 -1 -4 -2 -3    0  34   0   0   0   0  12   0   0   0   0  54   0   0   0   0   0   0   0   0  0.69 0.11
   35 A    2 -2 -3 -3 -1 -2 -2 -2 -3  2  3 -2  3 -1 -3 -1 -1 -2 -2  2   26   0   0   0   0   0   0   0   0  12  35   0  15   0   0   0   0   0   0  12  0.27 0.06
   36 W   -1  1 -2 -2 -3  0  1 -3 -1 -2  0 -1  0  0 -3 -2 -2  8  3 -2    6  12   0   0   0   4  16   0   0   0  12   0   4   0   0   0   0  33  13   0  0.70 0.09
   37 Q    1  2  1  2 -3  3  2 -2 -1 -3 -3  0 -2 -3 -2  0 -1 -3 -2 -2   18  16   7  18   0  22  20   0   0   0   0   0   0   0   0   0   0   0   0   0  0.38 0.06
   38 L   -2 -3 -4 -4 -2 -3 -3 -4 -4  3  4 -3  1  0 -3 -3 -1 -2 -2  2    0   0   0   0   0   0   0   0   0  16  68   0   0   0   0   0   0   0   0  16  0.53 0.09
   39 Y   -3 -3 -3 -4  4 -3 -3 -4  0 -2 -2 -3 -2  2 -4 -3 -2  7  7 -2    0   0   0   0  12   0   0   0   0   0   0   0   0   0   0   0   0  16  72   0  1.28 0.16
   40 R    1  3 -1  0 -3  2  1 -2  3 -2 -2  0  1 -3 -2  0  1 -3 -1 -2   16  26   0   6   0  12  10   0  12   0   0   0   7   0   0   0  12   0   0   0  0.25 0.06
   41 R    1  3 -1 -2 -2  2  0 -2 -1 -2  0  3 -1 -3 -2  1 -1 -3 -2 -2   12  26   0   0   0  12   0   0   0   0  12  25   0   0   0  14   0   0   0   0  0.28 0.06
   42 A    4 -2 -1 -2 -1 -1 -1  2 -2 -2 -2 -1 -2 -3 -1  2  0 -3 -2 -1   70   0   0   0   0   0   0  12   0   0   0   0   0   0   0  18   0   0   0   0  0.52 0.10
   43 K   -1  3 -1 -1 -3  2  0 -2 -1 -2 -1  4 -1 -3 -2 -1  1 -3 -2 -2    0  18   0   0   0  12   0   0   0   0   8  51   0   0   0   0  12   0   0   0  0.44 0.09
   44 K   -2  4  0  3 -4  0  0 -2 -1 -2 -2  2 -2 -3 -2 -1 -1 -4 -3  0    0  44   0  29   0   0   0   0   0   0   0  15   0   0   0   0   0   0   0  12  0.49 0.09
   45 E    0  0 -1  0 -3  1  4 -2 -1 -2  0  2 -1 -3 -2 -1  0 -3 -2 -2    6   0   0   0   0   0  53   0   0   0  12  23   0   0   0   0   6   0   0   0  0.43 0.09
   46 Q    1  0  0 -1 -3  5  0  0  0 -2 -2  0 -1 -2 -2  0 -1 -2  1 -1   20   0   4   0   0  57   0   6   0   0   0   0   0   0   0   0   0   0   8   6  0.43 0.11
   47 W   -4 -4 -5 -6 -4 -3 -4 -4 -4 -4 -3 -4 -3  0 -5 -4 -4 12  1 -4    0   0   0   0   0   0   0   0   0   0   0   0   0   0   0   0   0 100   0   0  3.28 0.26
   48 D   -2 -2  3  6 -4 -1  1 -2 -1 -4 -4 -1 -3 -4 -2  0 -1 -5 -3 -4    0   0  18  73   0   0   4   0   0   0   0   0   0   0   0   6   0   0   0   0  0.96 0.12
   49 E   -1 -2 -2 -1 -4  0  3  1 -2 -4 -4 -1 -3 -4  6 -1 -2 -4 -3 -3    0   0   0   0   0   0  33  12   0   0   0   0   0   0  55   0   0   0   0   0  1.17 0.12
   50 D    3 -1 -1  2 -2  1  2 -1  1 -2 -2 -1 -2 -3 -1  1  1 -3 -2 -1   41   0   0  11   0   3  23   0   6   0   0   0   0   0   0   4  12   0   0   0  0.30 0.07
   51 N   -1  2  1  4 -3  1  1 -2 -1 -3 -3  1 -2 -4 -2  1  0 -4 -3 -3    0  16   4  43   0   4   6   0   0   0   0  12   0   0   0  10   6   0   0   0  0.48 0.07
   52 I   -2 -3 -4 -4 -2 -3 -4 -4 -4  4  3 -3  1  0 -3 -3 -1 -3 -2  2    0   0   0   0   0   0   0   0   0  57  43   0   0   0   0   0   0   0   0   0  0.57 0.10
   53 D   -2 -2  2  5 -4 -1  0 -2 -2 -4 -4 -1 -4 -4  5 -1 -2 -5 -4 -4    0   0   7  61   0   0   0   0   0   0   0   0   0   0  32   0   0   0   0   0  1.07 0.12
   54 W   -4 -4 -5 -5 -4 -3 -4 -4 -3 -4 -3 -4 -2  0 -5 -4 -4 12  4 -4    0   0   0   0   0   0   0   0   0   0   0   0   0   0   0   0   0  88  12   0  2.83 0.23
   55 R   -1  0  2  4 -3  0  1 -2  3 -4 -4  1 -3 -3 -2  1 -1 -4 -2 -3    0   4  12  43   0   0   3   0  12   0   0  15   0   0   0  12   0   0   0   0  0.51 0.08
   56 R   -1  1 -1  1 -2  0  0  0 -2 -1  1  1  0 -2 -2  1  2 -3 -2 -1    0   9   0  12   0   0   3   6   0   0  23  13   0   0   0  11  22   0   0   0  0.12 0.04
   57 V   -2 -2 -3 -3 -2 -2  0 -4 -2  1  2 -2  1  4 -3 -2 -2 -1  2  1    0   0   0   0   0   0  12   0   0   6  32   0   0  31   0   0   0   0   4  16  0.30 0.06
   58 K   -1  1  0  4 -3  2  1  0 -1 -2 -3  2 -2 -3 -2 -1 -1 -4 -3  0    0   6   0  39   0  16   4   7   0   0   0  16   0   0   0   0   0   0   0  12  0.37 0.07
   59 E   -1  0  0  2 -2  0  3 -2 -1 -2 -2  1 -2 -2  3  0 -1 -2 -2 -1    2   1   1  16   0   1  31   2   1   1   2  13   1   1  15   2   1   0   1   7  0.34 0.04
   60 W   -1 -1  0 -1 -1 -1 -1 -1 -1  1  0 -1  0  0  2 -1  0  2  1  0    4   3   8   3   1   2   3   4   1  25   4   3   1   2  14   4   3   4   9   3  0.10 0.01
   61 M    2 -1 -2 -2 -1 -1 -1 -1 -1  0  1 -1  1  0 -1  0  0 -1  2  1   38   1   1   1   1   1   2   2   1   1  13   1   4   1   1   2   2   0  13  14  0.11 0.03
   62 S    2 -2  0  3 -2 -1  0  0 -2 -3 -3 -1 -2  0 -2  3  0 -3 -2 -2   19   0   0  20   0   0   4   6   0   0   0   0   0   6   0  46   0   0   0   0  0.33 0.08
   63 G   -1  1  1  2 -3  1  0  3 -1 -3 -3  0 -2 -3  2  1  1 -3 -3 -3    0   8   7  18   0  12   0  26   0   0   0   0   0   0  12   8  10   0   0   0  0.35 0.05
   64 L   -2 -2 -3 -4 -2 -2 -3 -4 -1  0  3 -1  2  2 -3 -3 -2  0  4  0    0   0   0   0   0   0   0   0   0   0  55   7   4   6   0   0   0   0  28   0  0.44 0.09
   65 D   -1 -2  0  4 -2 -1  0  1 -2 -3 -3 -1 -2 -3  2  2  3 -4 -3 -2    0   0   0  32   0   0   0  12   0   0   0   0   0   0  12  16  29   0   0   0  0.44 0.08
   66 R    0  3 -2  0 -3 -1  0 -2 -2 -2 -2  0 -2 -2  4 -1 -1  6 -1  0    6  26   0   5   0   0   7   0   0   0   1   0   0   0  24   0   0  16   0  12  0.50 0.07
   67 K   -1  1 -1  0 -4  1  4 -2 -1 -3 -3  3 -2 -3  2 -1 -1 -3 -2 -3    0   7   0   0   0   0  50   0   0   0   1  26   0   0  12   0   0   0   0   0  0.57 0.09
   68 Q   -1  0 -1  2 -3  5  3 -3 -1 -2 -3  0 -1 -4 -2 -1 -1 -3 -2  0    0   0   0  12   0  50  27   0   0   0   0   0   0   0   0   0   0   0   0  12  0.58 0.11
   69 R   -2  7 -1 -2 -4  0 -1 -3 -1 -4 -3  2 -2 -4 -3 -2 -2 -4 -3 -3    0  97   0   0   0   0   0   0   0   0   0   3   0   0   0   0   0   0   0   0  1.20 0.16
   70 L    0 -1  1 -1 -2  0  2 -2 -1 -1  2  1  0  0 -2 -1 -1 -1  3 -1    7   0  12   0   0   0  20   0   0   0  32  12   0   0   0   0   0   0  18   0  0.15 0.06
   71 A    4 -2 -2 -2 -1 -2 -2  1 -2 -1  0 -1 -1 -2 -2  1 -1 -3 -2 -1   78   0   0   0   0   0   0   6   0   0  12   0   0   0   0   4   0   0   0   0  0.47 0.11
   72 I    2 -3 -3 -3 -2 -2 -3  1 -3  4  1 -2  1 -1 -3 -1 -1 -3 -2  2   23   0   0   0   0   0   0  12   0  49   4   0   4   0   0   0   0   0   0   7  0.26 0.07
   73 A    4  1 -2 -3 -1 -1 -2 -1 -2 -1 -1 -1  1 -2 -2  0 -1 -3 -2  1   71  12   0   0   0   0   0   0   0   0   0   0   6   0   0   0   0   0   0  12  0.39 0.10
   74 Y   -2 -2 -2 -2 -3  2  1 -4  1 -2 -2 -2 -2  3 -3 -2 -2  1  7 -2    0   0   0   0   0  12  12   0   0   0   0   0   0   7   0   0   0   0  69   0  0.90 0.14
   75 W   -3 -4 -4 -5 -3 -3 -4 -4 -2 -3 -3 -4 -2  1 -5 -4 -3 11  5 -3    0   0   0   0   0   0   0   0   0   0   0   0   0   0   0   0   0  77  23   0  2.48 0.21
   76 Y   -3 -4 -5 -5 -3 -3 -4 -4 -3 -3 -2 -4 -2  4 -5 -4 -3 11  2 -3    0   0   0   0   0   0   0   0   0   0   0   0   0  23   0   0   0  73   4   0  2.29 0.20
   77 G    1 -2  0 -1 -1 -1 -1  1 -2 -3 -3 -1 -2 -3 -2  4  2 -3 -2 -2   10   0   0   0   0   0   0   7   0   0   0   0   0   0   0  67  16   0   0   0  0.51 0.11
   78 L   -2  2 -3 -4 -2 -1 -2 -4 -2  1  4 -1  2 -1 -3 -2 -2 -2 -2  1    0  23   0   0   0   0   0   0   0   4  60   0   7   0   0   0   0   0   0   6  0.38 0.08
   79 L   -2  3 -3 -4 -2 -1 -2 -4 -2  0  4 -1  3 -1 -3 -2 -2 -2 -2  0    0  24   0   0   0   0   0   0   0   0  65   0  12   0   0   0   0   0   0   0  0.44 0.09
   80 S    3 -2 -1 -1 -1 -1 -1 -1 -2 -3 -3 -1 -2 -3 -1  4  0 -3 -2 -2   36   0   0   0   0   0   0   0   0   0   0   0   0   0   0  64   0   0   0   0  0.56 0.12
   81 N   -2 -2  4 -1 -3 -1  1 -2 -1 -1 -2 -2 -1 -2 -3 -1  0  7 -1  2    0   0  33   0   0   0  12   0   0   0   0   0   0   0   0   0   6  24   0  26  0.53 0.10
   82 F   -2  1 -3 -3 -3 -2 -3 -3 -2 -1  0 -2  2  6 -4  0 -2  0  2 -1    0  12   0   0   0   0   0   0   0   0   0   0  12  65   0  12   0   0   0   0  0.61 0.12
   83 D   -2 -2  0  6 -4  0  3 -2 -2 -4 -4 -1 -4 -4 -2 -1 -2 -5 -4 -4    0   0   0  76   0   0  24   0   0   0   0   0   0   0   0   0   0   0   0   0  1.09 0.13
   84 H    0 -1  4 -1 -3  0 -1  0  4 -3 -3  1 -2 -1 -2  2 -1 -2  2 -3    6   0  29   0   0   0   0   6  15   0   0  12   0   0   0  20   0   0  12   0  0.33 0.07
   85 A    4 -2 -2 -2 -1 -1 -1  2 -2 -2 -2 -1 -2 -3 -2  2  0 -3 -3 -1   76   0   0   0   0   0   0  12   0   0   0   0   0   0   0  12   0   0   0   0  0.55 0.11
   86 T    2 -2 -1 -2 -2 -1 -2  1 -2 -2 -2 -1 -2 -3  4  0  4 -3 -3 -1   23   0   0   0   0   0   0  12   0   0   0   0   0   0  20   0  45   0   0   0  0.49 0.09
   87 P   -2 -3 -3 -3 -3 -2 -2  0 -3  0 -3 -2 -2 -3  7 -2 -2  5 -2 -2    0   0   0   0   0   0   0   7   0  12   0   0   0   0  69   0   0  12   0   0  1.46 0.14
   88 V    0 -2 -2 -3 -2  1 -2 -3 -2  1  0 -2  0 -1 -2  0  0 -2  2  4    7   0   0   0   0  12   0   0   0   0   0   0   0   0   0  12   0   0  12  58  0.25 0.09
   89 F   -2 -3 -3 -3 -3 -2  0  1 -2 -1 -1 -3 -1  7 -4 -2 -3  0  2 -2    0   0   0   0   0   0  12  12   0   0   0   0   0  76   0   0   0   0   0   0  0.78 0.13
   90 A    5 -2 -1 -2 -1 -1 -1 -1 -2 -2 -2 -1 -2 -3 -1  2  0 -3 -2 -1   77   0   0   0   0   0   0   0   0   0   0   0   0   0   0  23   0   0   0   0  0.58 0.12
   91 Y   -1  2 -1 -1 -3  2  2 -3  2 -3 -2  0 -2 -1  2  0  0 -1  4 -2    0  19   0   0   0  12  16   0   7   0   0   0   0   0  12   4   8   0  23   0  0.34 0.07
   92 A    5  1 -2 -2 -1 -1 -1 -1 -2 -2 -2 -1 -2 -3 -2  0 -1 -3 -2 -1   88  12   0   0   0   0   0   0   0   0   0   0   0   0   0   0   0   0   0   0  0.61 0.13
   93 V   -1 -2 -3 -4 -2 -2 -3 -4 -3  1  3 -3  4  1 -3 -2  0 -2 -1  2    0   0   0   0   0   0   0   0   0   0  49   0  22   4   0   0   6   0   0  20  0.40 0.08
   94 V   -1  1 -3 -3 -2  1 -2 -4 -3  4  0 -1  0 -1 -3 -2 -1 -3 -2  3    0  12   0   0   0  12   0   0   0  48   0   0   0   0   0   0   0   0   0  29  0.33 0.08
   95 K    0  0 -1 -1  3  1  1 -2  3  0 -2  3 -1 -3 -2 -1 -1 -3 -2 -1    7   0   0   0  12   6  12   0  10  12   0  42   0   0   0   0   0   0   0   0  0.27 0.07
   96 S    3  1 -1 -2 -1 -1 -1  0 -2 -2 -2 -1 -1 -3 -2  1  2 -3 -2 -1   54  12   0   0   0   0   0   3   0   0   0   0   0   0   0  10  22   0   0   0  0.36 0.08
   97 F    0 -2 -2 -3 -2 -2 -2 -3  4  1 -1 -2 -1  4 -3 -1 -2  0  5 -1   12   0   0   0   0   0   0   0  16  12   0   0   0  31   0   4   0   0  26   0  0.44 0.08
   98 E   -2  1 -1  0  4  1  5 -3 -1 -3 -3  0 -2  1 -2 -1 -2 -3 -1 -3    0  12   0   0  12   0  65   0   0   0   0   0   0  12   0   0   0   0   0   0  0.58 0.11
   99 H   -1  0 -1 -2 -2  2 -1 -3  4  1  0  0  1 -1 -2  0 -1  4  0  0    4   4   0   0   0  15   0   0  21  16   9   6   4   0   0   6   0   7   0   8  0.18 0.05
  100 H   -2 -1  1  1 -3  0 -1 -3  8 -2 -3  0 -2 -2 -3 -1 -2 -3  0  0    0   0   4  12   0   0   0   0  66   0   0   6   0   0   0   0   0   0   0  12  0.84 0.14
  101 L   -2  0 -1  0 -3  2  4 -3 -1 -1  1  1  0  1 -2 -1 -1 -2 -1 -2    0   0   0   0   0  12  43   0   0   0  26  12   0   7   0   0   0   0   0   0  0.32 0.08
  102 D   -1 -2  0  3  3  0  3 -2 -1 -3 -3 -1 -3 -4  3  1 -1 -4 -3 -3    0   0   3  26  12   0  32   0   0   0   0   0   0   0  16  12   0   0   0   0  0.53 0.08
  103 T    0 -2 -1  3 -2 -1  1 -2 -2 -1 -1 -1 -1  1 -2  0  2 -3 -1  1   11   0   0  28   0   0  12   0   0   0   0   0   0  12   0   0  22   0   0  16  0.21 0.06
  104 A    2 -2 -2 -2 -3 -1  1  0 -2 -3 -3 -1 -3 -4  6 -1  0 -4 -3 -2   22   0   0   0   0   0  12   7   0   0   0   0   0   0  55   0   4   0   0   0  1.04 0.10
  105 V   -1 -3 -2  3 -2 -2 -1 -3 -3  2  0 -2  0 -2 -3 -2  0 -4 -2  4    0   0   0  23   0   0   0   0   0   8   0   0   0   0   0   0   7   0   0  62  0.36 0.09
  106 R   -2  5 -1 -2 -3  0 -1 -3 -1 -1  1  3  0 -2 -3 -1 -1 -3 -2  0    0  49   0   0   0   0   0   0   0   0  23  21   0   0   0   0   0   0   0   7  0.43 0.09
  107 G    0  3  1  1 -3  2  0  3 -1 -4 -3  2 -2 -4 -2 -1 -1 -3 -3 -3    4  24   4  12   0  12   0  29   0   0   0  16   0   0   0   0   0   0   0   0  0.38 0.06
  108 I    1 -3 -2 -3  6 -2 -3 -3  3  1  1 -2  0 -1 -3 -1 -1 -3 -1  1   16   0   0   0  27   0   0   0  12  13  16   0   0   0   0   0   0   0   0  16  0.33 0.07
  109 L   -2 -2 -3 -4 -3 -2 -3 -4 -2  2  2  0  0  5 -3 -3 -2 -1  1  0    0   0   0   0   0   0   0   0   0  15  23  12   0  51   0   0   0   0   0   0  0.47 0.09
  110 T   -2 -3 -2 -3 -2 -3 -3 -3 -2 -1 -1 -2 -1  6 -3 -1  4 -1  1 -1    0   0   0   0   0   0   0   0   0   0   0   0   0  55   0   0  45   0   0   0  0.66 0.13
  111 T    0 -2  2 -1 -2 -1 -1 -2 -2 -2 -2 -1 -2 -3 -2  3  5 -3 -2 -1    0   0  12   0   0   0   0   0   0   0   0   0   0   0   0  32  57   0   0   0  0.55 0.11
  112 I   -2 -3 -3 -3 -2  1 -2 -4 -3  4  1 -2  0  2 -3 -2 -1 -2 -1  3    0   0   0   0   0  12   0   0   0  55   0   0   0  12   0   0   0   0   0  22  0.38 0.09
  113 T   -1 -2 -1 -2 -1 -2 -2 -2 -2  1 -1 -2 -1 -2 -2  1  5 -3 -2  1    0   0   0   0   0   0   0   0   0  12   0   0   0   0   0  12  64   0   0  13  0.46 0.10
  114 W    0  3 -2 -3 -3  2 -1 -3  0 -2 -1  0  3  0 -3 -1 -1  3  3 -2   12  32   0   0   0  12   0   0   0   0   0   0  19   3   0   0   0   4  19   0  0.32 0.08
  115 D   -2 -2  0  6 -4  0  3 -2 -2 -4 -4 -1 -4 -4 -2 -1 -2 -5 -4 -4    0   0   0  76   0   0  24   0   0   0   0   0   0   0   0   0   0   0   0   0  1.09 0.13
  116 E   -2 -1 -1  1 -5  1  6 -3 -1 -4 -4  0 -3 -4 -2 -1 -2 -4 -3 -3    0   0   0   0   0   0 100   0   0   0   0   0   0   0   0   0   0   0   0   0  1.16 0.17
  117 N    0 -1  4 -1 -2  2 -1 -1  1 -2 -2 -1  2  1 -2  1 -1 -2 -1 -2   12   0  33   0   0  16   0   0   4   0   0   0  12  12   0  12   0   0   0   0  0.25 0.07
  118 R   -2  6  4 -1 -4  0 -1 -2 -1 -4 -3  1 -2 -4 -3 -1 -1 -4 -3 -3    0  68  32   0   0   0   0   0   0   0   0   0   0   0   0   0   0   0   0   0  0.86 0.13
  119 H   -3 -1  0 -2 -4  0 -1 -3 10 -4 -4 -2 -3 -2 -3 -2 -3 -3  1 -4    0   0   0   0   0   0   0   0 100   0   0   0   0   0   0   0   0   0   0   0  1.76 0.22
  120 N    1 -1  3  0  2  0  3 -1  3 -3 -3 -1 -2 -3 -2  0 -1 -3 -2 -2   23   0  26   0   7   0  32   0  12   0   0   0   0   0   0   0   0   0   0   0  0.38 0.08
  121 L   -1 -1 -2  0 -3  2  4 -3 -1  2  0 -1  2 -2 -2 -1 -1 -3 -2  1    0   0   0   0   0   8  47   0   0  19   4   0  10   0   0   0   0   0   0  13  0.32 0.08
  122 V    2 -2 -3 -3  2 -2 -3 -2 -3  2  1 -2  5 -1 -3 -1 -1 -3 -2  2   24   0   0   0   6   0   0   0   0  12   4   0  35   0   0   0   0   0   0  20  0.30 0.08
  123 C   -1 -4 -3 -4  9 -3 -4 -3 -3 -2 -2 -3 -2 -2 -3  1 -1 -2  2 -2    0   0   0   0  77   0   0   0   0   0   0   0   0   0   0  12   0   0  12   0  1.40 0.17
  124 G    1 -2 -1 -2 -2  0 -2  5 -2 -3 -2 -1 -2  1 -2 -1 -1 -2 -1 -2   13   1   1   1   0   6   1  60   0   1   1   1   0  12   1   1   1   0   0   1  0.55 0.07
  125 L   -2  4 -2 -3 -3 -1 -1 -3 -2 -1  2  1  1  2 -3 -2 -2 -2  0 -1    0  35   0   0   0   0   4   0   0   0  33   7   4  16   0   0   0   0   0   0  0.29 0.07
  126 A    3  1 -2 -2 -1 -1 -2 -1 -2  1 -1 -1 -1  1 -2  0  0 -2 -1  0   56  12   0   0   0   0   0   0   0  12   0   0   0  12   0   3   6   0   0   0  0.24 0.08
  127 I    1 -3 -3 -3 -2 -2 -3 -3 -3  4  2 -3  3 -1 -3 -2 -1 -3 -2  1   19   0   0   0   0   0   0   0   0  58  12   0  12   0   0   0   0   0   0   0  0.38 0.09
  128 K    1  0  2  3 -2  0  1 -1 -1 -2 -2  0 -2  0 -2  1  1 -3 -2 -2   18   6  12  22   0   0  12   0   0   0   0   4   0   7   0   4  16   0   0   0  0.23 0.04
  129 N    1  2  1 -1  2  0  1 -2 -1 -2 -1  3 -1 -3 -2  1 -1 -3 -2 -2   12  14   7   0   7   0  12   0   0   0   6  28   0   0   0  15   0   0   0   0  0.23 0.05
  130 A    2 -2 -3 -3 -1 -2 -3 -2 -3  1  3 -2  2 -1 -3 -1 -1 -3 -2  2   27   0   0   0   0   0   0   0   0   0  43   0   6   0   0   0   0   0   0  24  0.29 0.07
  131 M    0 -2 -2 -3 -2 -2 -3  1 -3  0  3 -2  3 -1 -3 -1  1  3 -1  0   12   0   0   0   0   0   0  12   0   0  47   0  14   0   0   0  10   6   0   0  0.25 0.06
  132 E   -1  0 -1  0 -3  0  2  1 -2 -2 -1  1 -2 -3  4 -1 -1 -3 -3 -2    0   6   0   4   0   0  23  16   0   0  12  11   0   0  28   0   0   0   0   0  0.45 0.06
  133 G    0 -2  1  0 -3 -2 -2  4  3 -2 -1 -2 -2 -1 -3 -1 -2 -2  2 -2    4   0   7   6   0   0   0  48  12   0  12   0   0   0   0   0   0   0  12   0  0.41 0.07
  134 F   -2 -2 -2 -2 -3 -2  0  1  0 -2 -2 -2 -2  4  2 -2 -1  0  5 -2    0   0   0   0   0   0  12  16   0   0   0   0   0  24  12   0   4   0  32   0  0.43 0.08
  135 P   -1 -2 -2 -2 -3 -2 -2 -2 -3 -3 -3 -2 -3 -4  8 -1 -2 -4 -3 -3    1   1   1   1   0   1   1   1   0   1   1   1   0   0  89   1   1   0   0   1  1.96 0.14
  136 L   -1 -2 -3 -3 -2 -2 -3 -3 -2  1  2 -2  3  4 -3 -2 -1 -1  1  1    1   1   1   1   0   1   1   1   0   5  32   1  12  30   1   1   1   0   0  12  0.31 0.05
  137 N   -1  1  3  3 -2  0  0  0 -1 -2 -2  0 -2 -2 -1  1  1 -2 -2 -2    2   8  26  21   0   4   1   8   1   1   2   1   1   1   1   6  13   0   1   2  0.26 0.03
  138 F   -1 -1 -1  1 -2 -1 -1 -2  1 -1 -1 -1 -1  4 -2 -1 -1  4  4 -1    2   2   1  13   1   1   2   2   5   2   3   2   1  27   2   2   2   6  23   2  0.30 0.04
  139 K   -1  1  0  0 -2  3  2 -1  0 -2 -2  3 -1 -2 -1  0  0 -2 -2 -2    2   1   1   1   0  21  19   2   1   1   2  34   1   1   1   2   7   0   1   2  0.32 0.05
  140 P   -1 -2 -2 -2 -3 -2 -2 -3 -2 -2  0 -2 -2 -3  7 -1 -2 -3 -3 -2    1   1   1   1   0   1   1   1   0   1  13   1   0   0  77   1   1   0   0   1  1.55 0.12
  141 Q   -1  2  0 -1 -3  4  1 -2  0 -3 -2  3  0 -3 -1  0 -1 -2 -2 -2    1  12   1   1   0  42   7   1   0   1   1  21   3   0   1   7   1   0   0   1  0.44 0.07
  142 D    0 -1  0  3 -2 -1  0 -1 -2 -2 -2 -1 -2 -3 -1  2  3 -3 -2 -1    1   1   1  27   0   1   1   1   0   1   1   1   0   0   1  24  40   0   0   1  0.40 0.07
  143 D    0 -1  0  4 -3  0  3 -2 -1 -2  0 -1 -1 -2  1 -1 -1 -3 -2 -2    7   1   1  42   0   1  23   1   0   1  13   1   0   0   8   1   1   0   0   1  0.41 0.06
  144 L   -2 -3 -4 -4 -2 -2 -3 -4 -2  2  4 -3  3  1 -3 -3 -2 -1  3  0    0   0   0   0   0   0   0   0   0   8  58   0  12   3   0   0   0   0  19   0  0.46 0.08
  145 E   -1 -1 -1  0 -3  0  4  4 -1 -3 -3  0 -2 -3 -2 -1 -1 -3 -3 -3    1   1   1   1   0   0  52  38   0   1   1   1   0   0   1   1   1   0   0   1  0.58 0.09
  146 K   -1  4  0  2 -3  2  1 -2 -1 -3 -2  3 -2 -3 -2 -1 -1 -3 -2 -2    1  34   3  12   0  12   8   1   0   1   1  22   0   0   1   1   1   0   0   1  0.41 0.06
  147 K    0  2 -1 -1 -2  0  0 -2 -1 -2  0  3 -1 -2  2  0  1 -3 -2 -1   11  12   1   1   0   0   1   1   0   1  11  34   0   0  12   1  12   0   0   1  0.24 0.05
  148 A    3 -2 -2 -2 -1 -1 -2 -1 -2  0  2 -1  0 -1 -2  0 -1 -2 -2  1   53   1   1   1   0   0   1   1   0   1  28   1   0   0   1   1   1   0   0  10  0.24 0.06
  149 M   -1  3 -1 -1 -3  3  0 -2  2 -2 -2  2  1 -2 -2 -1 -1 -2 -1 -2    1  28   1   1   0  28   1   1   6   1   1  19  10   0   1   1   1   0   0   1  0.39 0.07
  150 L   -1  1  2  1 -2  0  0 -1 -1 -1  1  2  0 -1 -1 -1 -1 -2 -1 -1    2   6  13  13   0   1   1   2   1   1  28  24   1   1   1   2   1   0   1   2  0.11 0.03
  151 N   -1 -1  5  0 -2  0  0 -1  0 -2 -2  0 -1 -1 -1  0  0 -1  1 -2    3   2  59   2   1   2   2   3   1   2   3   2   1   1   2   3   2   0   8   2  0.43 0.06
  152 V    2 -1 -1 -1 -1 -1 -1 -1 -1  1  0 -1  0 -1 -1  0  1 -2 -1  2   26   2   2   2   1   2   2   3   1   8   3   2   1   1   2   3  11   0   1  30  0.09 0.02
  153 Q    0  0 -1 -1 -1  1  1  0  2 -1  0  0  0 -1 -1  0 -1  4  0 -1   11   2   2   2   1   5  15   9   8   2  15   6   4   1   2   3   2   7   1   2  0.08 0.01
  154 W   -2 -2 -2 -2 -2 -1 -2 -2 -2 -2 -1 -2 -1  0 -2 -2 -2 10  1 -2    3   2   2   2   1   2   2   3   1   2   3   2   1   1   2   3   2  65   1   2  1.57 0.10
  155 V    1 -1 -2 -2 -1 -1 -1 -2 -2  1  2 -1  1 -1 -1  0  1 -2 -1  1   20   1   1   1   0   1   1   2   1   1  34   1   1   1   1   2  13   0   1  17  0.12 0.03
  156 W    0 -2 -2 -2 -2 -1 -2 -2  0 -2 -1 -2 -1  1 -2 -1 -1  8  5 -2   14   1   1   1   0   1   1   2   1   1   2   1   1   1   1   2   1  33  33   2  0.85 0.08
  157 W   -2 -2 -2 -2 -2 -1 -2 -2  3 -2 -1 -2 -1  3 -2 -2 -2  7  6 -2    2   1   1   1   0   1   1   2  11   1   2   1   1   9   1   2   1  19  41   2  0.68 0.07
  158 N   -1 -1  6  0 -2  2  0 -1  0 -3 -3  0 -2 -3 -2  0  0 -3 -2 -2    2   1  66   1   0  13   1   2   1   1   2   1   1   1   1   2   1   0   1   2  0.59 0.08
  159 G    0 -2 -1 -1 -2 -2 -2  6 -2 -3 -3 -1 -2 -3 -2 -1 -1 -2 -2 -3    2   1   1   1   0   1   1  78   1   1   2   1   1   1   1   2   1   0   1   2  0.84 0.08
  160 S    1 -1  0 -1 -1 -1 -1  3  2 -2 -2 -1 -2 -2 -1  3  0 -2 -1 -2   12   1   1   1   0   1   1  23   8   1   2   1   1   1   1  39   1   0   1   2  0.27 0.04
  161 R   -1  5 -1 -2 -2  0 -1 -2 -1 -1 -1  1 -1 -2 -2 -1 -1 -2 -2  0    2  66   1   1   0   1   1   2   1   1   2   1   1   1   1   2   1   0   1  13  0.50 0.08
  162 Y    0 -2 -2 -2 -2 -1 -2 -2  1 -1 -1 -2 -1  2 -2 -1 -1  1  7 -1   14   1   1   1   0   1   1   2   1   1   2   1   1   1   1   2   1   0  66   2  0.66 0.09
  163 W   -2 -2 -2 -3 -2 -2 -2 -2 -2 -2 -2 -2 -2  0 -2 -2  1 10  1 -2    2   1   1   1   0   1   1   2   1   1   2   1   1   1   1   2  13  65   1   2  1.61 0.12
  164 K   -1  1  1  0 -2  0  1 -1  3 -2 -2  2 -1 -2 -1  1  1 -2 -1 -2    2   7   8   5   0   1   6   2  12   1   2  21   1   1   1  14  13   0   1   2  0.18 0.03
  165 A    2 -2 -1 -1 -1 -1 -1  4 -2 -2 -2 -1 -2 -2 -1  0 -1 -2 -2 -2   30   1   1   1   0   1   1  50   1   1   2   1   1   1   1   2   1   0   1   2  0.47 0.05
  166 Y   -2 -2 -2 -3 -2 -2 -2 -3  0  1 -1 -2 -1  4 -3 -2 -2  1  6  1    1   1   1   1   0   0   1   1   0   8   1   1   0  18   1   1   1   0  52  13  0.61 0.09
  167 L   -1  2  1 -1 -2  1  0 -2 -1 -1  1  3  0 -2 -2  0 -1 -2 -2 -1    1  12   6   1   0   5   1   1   0   1  23  35   0   0   1   7   1   0   0   5  0.17 0.04
  168 D   -1  1  0  2 -3  2  3  0 -1 -3 -3  2 -2 -3 -1  0 -1 -3 -2 -2    1   6   1  16   0   8  30   7   0   1   1  25   0   0   1   1   1   0   0   1  0.38 0.05
  169 A    4 -2 -2 -2 -1 -1 -1 -1 -2  1 -1 -1  2 -2 -1  0 -1 -2 -2  0   66   1   1   1   0   0   1   1   0  12   1   1  12   0   1   1   1   0   0   1  0.32 0.08
  170 Y    0 -2 -2 -3 -1 -2 -2 -2 -1  2  0 -2  0  2 -2 -1 -1  0  4  2   13   1   1   1   0   0   1   1   0  12   1   1   0   7   1   1   1   0  26  33  0.25 0.06
  171 K   -1 -1  0  1 -3 -1  1  0 -2 -3 -3  0 -3 -4  6  2 -1 -4 -3 -3    0   3   4   6   0   0   7   6   0   0   0   7   0   0  44  24   0   0   0   0  0.77 0.08
  172 K   -2  4 -1 -1 -4  1  2 -2 -1 -4 -3  5 -2 -4 -2 -1 -1 -4 -2 -3    0  32   0   0   0   0  12   0   0   0   0  56   0   0   0   0   0   0   0   0  0.69 0.11
  173 Y   -2 -3 -3 -4 -3 -2 -3 -4  0 -1 -1 -3 -1  3 -4 -3 -2  6  7  0    0   0   0   0   0   0   0   0   0   0   0   0   0  12   0   0   0  12  65  12  1.03 0.14
  174 A    0 -1  0  2 -2  0  1 -1 -2 -3 -3 -1 -2 -3  3  3  2 -4 -3 -2    4   0   0  16   0   0  12   0   0   0   0   0   0   0  13  34  22   0   0   0  0.41 0.07
  175 L   -1 -2 -3 -3 -2 -2 -3 -3 -3  1  3 -2  4  1 -3  0 -1 -2 -1  1    0   0   0   0   0   0   0   0   0   0  51   0  22   3   0  12   0   0   0  12  0.35 0.08
  176 D    1 -2 -1  4 -3 -1  2 -2 -2 -3 -3 -1 -3 -4  5 -1 -1 -4 -3 -3   20   0   0  38   0   0  12   0   0   0   0   0   0   0  30   0   0   0   0   0  0.73 0.09
  177 V    1 -2 -3 -2 -2 -2  0 -3 -3  2  0 -2  0  2 -2 -1 -1 -2 -1  3   19   0   0   0   0   0  12   0   0  10   0   0   0  12   0   0   0   0   0  48  0.22 0.07
  178 L   -2 -2 -3 -4 -2 -2 -3 -4 -3  2  4  0  1  0 -3 -3 -1 -2 -2  1    0   0   0   0   0   0   0   0   0  12  69  12   0   0   0   0   0   0   0   7  0.42 0.08
  179 F    0 -3 -3 -4 -3 -3 -3  1 -2 -1  1 -3  0  6 -4 -2 -2  0  2 -1   12   0   0   0   0   0   0  12   0   0  12   0   0  65   0   0   0   0   0   0  0.59 0.11
  180 T    1 -2 -1 -2 -1 -1 -1 -2 -2 -1 -1 -1  4 -2 -2  2  4 -3 -2 -1   12   0   0   0   0   0   0   0   0   0   0   0  23   0   0  20  45   0   0   0  0.38 0.10
  181 S    2 -1  0 -1 -2  2  0 -1 -1 -3 -3 -1 -2 -3 -2  5  1 -3 -2 -2   12   0   0   0   0  12   0   0   0   0   0   0   0   0   0  77   0   0   0   0  0.59 0.12
  182 F   -3 -3 -4 -4 -3 -4 -4 -4 -2  0  1 -4  0  7 -4 -3 -2  0  2  1    0   0   0   0   0   0   0   0   0   0  12   0   0  77   0   0   0   0   0  12  0.88 0.13
  183 M   -2 -3 -3 -4 -2 -2 -3 -4 -3  1  3 -3  5  2 -3 -3 -1 -2 -1  1    0   0   0   0   0   0   0   0   0   0  38   0  39  12   0   0   0   0   0  12  0.48 0.10
  184 M    2 -2 -3 -4 -2 -1 -3 -3 -2  2  1 -2  6  1 -3 -1 -1 -2 -1  0   24   0   0   0   0   0   0   0   0  12   0   0  59   6   0   0   0   0   0   0  0.49 0.13
  185 G    1 -2 -1 -2 -2 -2 -2  6 -2 -3 -3 -2 -3 -3 -2  0 -2 -3 -3 -3   13   1   1   1   0   0   1  77   0   1   1   1   0   0   1   1   1   0   0   1  0.89 0.09
  186 E   -1 -1 -1  1 -4  1  6 -2 -1 -3 -3  0 -2 -3 -1 -1 -1 -3 -2 -3    1   1   1   1   0   0  89   1   0   1   1   1   0   0   1   1   1   0   0   1  0.90 0.13
  187 A    2 -2 -2 -2 -1 -1  0  1 -2  1  1 -1  1 -2 -2  0 -1 -3 -2  1   33   0   0   0   0   0  12  12   0  16  12   0   6   0   0   0   0   0   0  10  0.13 0.04
  188 A    4 -2 -2 -2 -1 -1 -2 -1 -2  1  0 -1 -1 -2 -2  1  0 -3 -2  0   61   0   0   0   0   0   0   0   0  12  12   0   0   0   0  12   4   0   0   0  0.31 0.08
  189 A    5 -2 -2 -2 -1 -1 -2 -1 -2 -1 -2 -1 -1 -3 -2  1  0 -3 -2  1   78   0   0   0   0   0   0   0   0   0   0   0   0   0   0  10   0   0   0  12  0.51 0.11
  190 T    1 -2  1 -1 -2 -1 -1 -1 -2 -1  0 -1 -1  1 -2  2  3 -2 -1 -1   16   0  12   0   0   0   0   0   0   0  12   0   0  12   0  16  33   0   0   0  0.21 0.06
  191 T    1 -2 -1  1 -2 -1 -1 -2 -2 -2 -2 -1 -2 -3 -2  1  5 -3 -2 -1   12   0   0  12   0   0   0   0   0   0   0   0   0   0   0   0  77   0   0   0  0.61 0.13
  192 V    1 -3 -3 -4 -1 -3 -3 -3 -3  3  2 -3  1 -1 -3 -2 -1 -3 -2  3   12   0   0   0   0   0   0   0   0  16  28   0   0   0   0   0   0   0   0  45  0.35 0.07
  193 F   -3 -4 -4 -5 -3 -4 -4 -4 -2 -1  0 -4 -1  8 -5 -3 -3  0  2 -2    0   0   0   0   0   0   0   0   0   0   0   0   0 100   0   0   0   0   0   0  1.37 0.18
  194 T   -1  2  0 -1 -3  0  1  1  4 -3 -3  1 -2 -3 -2  1  1 -3 -1 -2    0  18   0   0   0   0  12  12  18   0   0   8   0   0   0  17  16   0   0   0  0.28 0.06
  195 S   -1 -1 -1 -1 -3  3  0  2  4 -2 -2 -1  2 -3 -2  0  2 -3 -1 -2    0   0   0   0   0  27   0  23  16   0   0   0  12   0   0   4  18   0   0   0  0.32 0.08
  196 M    0 -2 -3 -4 -2 -2 -3 -3 -3  1  3 -2  7 -1 -3 -2 -1 -2 -2  0    7   0   0   0   0   0   0   0   0   0  35   0  58   0   0   0   0   0   0   0  0.63 0.13
  197 G    1  1 -1 -2 -2 -1 -1 -1  0 -1 -2  0 -1  0 -2  2  0 -1  4  0   14  12   0   0   0   0   0   4   0   0   0   4   0   0   0  25   0   0  30  12  0.23 0.07
  198 K    0  2  0  3 -3  1  3 -2 -1 -3 -3  2 -2 -3 -2  0  1 -3 -2 -2    8  10   0  20   0   6  27   0   0   0   0  19   0   0   0   0  10   0   0   0  0.38 0.06
  199 N   -1 -2  3 -1 -3 -1 -2  4  1  0 -2  0 -2 -3 -2  0  1 -3 -2 -2    0   0  29   0   0   0   0  39   4  12   0   4   0   0   0   0  12   0   0   0  0.39 0.07
  200 A    2 -2 -1 -2  3 -1 -1 -1 -2 -2 -2 -1 -1 -3 -2  2  4 -3 -2 -1   29   0   0   0   8   0   0   0   0   0   0   0   0   0   0  20  44   0   0   0  0.42 0.09
  201 K   -1  4  0  2 -3  0  0 -2 -1 -3 -3  3 -2 -3 -2  0  1 -4 -2 -3    0  36   0  18   0   0   0   0   0   0   0  33   0   0   0   4  10   0   0   0  0.49 0.08
  202 N   -2 -1  0  1 -3  0  1 -3  3  2 -1  1 -1  1 -2 -1 -1 -2  0  0    0   0   4  12   0   0  16   0  13  30   0  12   0  12   0   0   0   0   0   3  0.14 0.06
  203 E    0 -2  0  2 -3  0  3 -2 -2 -3 -3 -1 -3 -4  6 -1 -1 -4 -3 -3    8   0   3  12   0   0  25   0   0   0   0   0   0   0  52   0   0   0   0   0  1.05 0.10
  204 E    0 -2 -2 -1 -2 -1  1 -3 -2  1  1 -1  0 -2 -2  1  1 -3 -2  3    3   0   0   0   0   0  18   0   0   0  12   0   0   0   0  12  11   0   0  44  0.18 0.06
  205 F    0 -3 -3 -3 -2 -3 -3 -3 -2  1  0 -3  2  5  2 -2 -2 -1  1  0   12   0   0   0   0   0   0   0   0  12   0   0  13  52  12   0   0   0   0   0  0.48 0.10
  206 S   -1  4 -1 -1 -3  1  0 -1 -1 -3 -3  4 -2 -4 -2  1 -1 -3 -2 -3    0  29   0   0   0   0   0   3   0   0   0  53   0   0   0  15   0   0   0   0  0.57 0.10
  207 K   -1  0  0  1 -4  4  4 -2 -1 -4 -3  2 -2 -4 -2  0 -1 -3 -2 -3    0   0   0   4   0  23  47   0   0   0   0  18   0   0   0   7   0   0   0   0  0.60 0.09
  208 I    2 -2 -3 -3 -1 -2 -2  0 -3  2  1 -2  1 -1 -2 -1 -1 -3 -2  2   34   0   0   0   0   0   0   8   0  27  13   0   6   0   0   0   0   0   0  12  0.20 0.05
  209 F   -2 -4 -4 -4  6 -4 -4 -4 -2 -1  1 -4 -1  6 -4 -3 -2  0  1 -1    0   0   0   0  24   0   0   0   0   0  12   0   0  65   0   0   0   0   0   0  0.87 0.13
  210 K    2  4 -1 -2 -3  0  0 -2  2 -3 -3  3 -2 -3 -2 -1 -1 -3 -2 -2   23  44   0   0   0   0   0   0   6   0   0  27   0   0   0   0   0   0   0   0  0.50 0.09
  211 N   -1  3  4 -1 -3  0 -1 -2  1 -2  0  0 -1  1 -3 -1 -1 -2  2 -2    4  24  35   0   0   0   0   0   4   0  12   3   0   7   0   0   0   0  12   0  0.28 0.07
  212 T   -1 -3 -2 -3 -2 -3 -3 -4 -3  4  1 -2  0 -1 -3 -1  3 -3 -2  2    0   0   0   0   0   0   0   0   0  55   4   0   0   0   0   0  29   0   0  12  0.41 0.09
  213 A    2 -2 -2 -2 -2 -2 -2  3 -2 -1  1 -2  3 -2 -2  0  0 -3 -2 -1   29   0   0   0   0   0   0  32   0   0  12   0  23   0   0   0   4   0   0   0  0.31 0.08
  214 V   -1  5 -1 -2 -3  3 -1 -3 -1 -1 -1  1  1 -3 -3 -1 -1 -3 -2  2    0  49   0   0   0  17   0   0   0   0   0   0   7   0   0   0   0   0   0  26  0.44 0.10
  215 D   -3 -2  1  7 -4 -1  1 -2 -2 -4 -5 -2 -4 -4 -2 -1 -2 -5 -4 -4    0   0   0 100   0   0   0   0   0   0   0   0   0   0   0   0   0   0   0   0  1.41 0.17
  216 E   -2 -1 -1  1 -5  1  6 -3 -1 -4 -4  0 -3 -4 -2 -1 -2 -4 -3 -3    0   0   0   0   0   0 100   0   0   0   0   0   0   0   0   0   0   0   0   0  1.16 0.17
  217 T    2 -2 -1 -2 -1 -1 -2  3 -2 -1 -2 -1 -1 -3 -2  1  2 -3 -2  0   30   0   0   0   0   0   0  26   0   0   0   0   0   0   0   6  26   0   0  12  0.32 0.06
  218 R   -2  7 -1 -3 -4  0 -1 -3 -1 -4 -3  1 -2 -4 -3 -2 -2 -4 -3 -3    0 100   0   0   0   0   0   0   0   0   0   0   0   0   0   0   0   0   0   0  1.26 0.17
  219 H   -3 -1  0 -2 -4  0 -1 -3 10 -4 -4 -2 -3 -2 -3 -2 -3 -3  1 -4    0   0   0   0   0   0   0   0 100   0   0   0   0   0   0   0   0   0   0   0  1.76 0.22
  220 Y   -2 -3 -3 -4  4 -2 -3 -4 -1  2  1 -3  3  2 -3 -2 -1  0  4  1    0   0   0   0  12   0   0   0   0  12  12   0  20   7   0   0   0   0  26  12  0.36 0.07
  221 A    4 -1 -2 -2 -1  2 -1  1 -2 -2 -2 -1 -2 -3 -2  0 -1 -3 -2 -1   77   0   0   0   0  18   0   6   0   0   0   0   0   0   0   0   0   0   0   0  0.53 0.12
  222 F   -3 -4 -4 -4 -3 -4 -4 -4 -2  3  0 -4  0  6 -4 -3 -2  0  2  0    0   0   0   0   0   0   0   0   0  32   0   0   0  68   0   0   0   0   0   0  0.83 0.13
  223 T   -1 -3 -1 -2  6 -2 -3  3 -3 -2 -3 -2 -2 -3 -3  0  3 -3 -3 -2    0   0   0   0  32   0   0  35   0   0   0   0   0   0   0   0  33   0   0   0  0.67 0.11
  224 H   -2  3 -1 -3 -3  1 -1 -3  5 -1  0  0  3 -1 -3 -2 -2  5  0 -2    0  23   0   0   0   7   0   0  26   0  10   0  22   0   0   0   0  12   0   0  0.45 0.10
  225 L    1  1 -2 -3 -2 -1 -2 -2 -2  1  2 -1  3  1 -2  0  1 -2 -1  0   16  12   0   0   0   0   0   0   0  12  23   0  15   7   0   4  12   0   0   0  0.13 0.04
  226 I    0 -3 -3 -4 -2 -3 -3 -3 -3  4  2 -3  1  2 -3 -2 -1 -2 -1  2   12   0   0   0   0   0   0   0   0  44  19   0   0  12   0   0   0   0   0  13  0.32 0.06
  227 M   -2 -2 -3 -4 -2 -2 -3 -4 -3  1  3 -3  6  1 -3 -3 -2 -2 -1  0    0   0   0   0   0   0   0   0   0   0  40   0  53   7   0   0   0   0   0   0  0.64 0.13
  228 T   -1  3  1  2 -3  2  3 -2 -1 -3 -3  1 -2 -3 -2  0  2 -3 -2 -2    0  23   4  12   0  10  29   0   0   0   0   0   0   0   0   3  18   0   0   0  0.40 0.07
  229 Q   -2  4  2  3 -4  2  1 -2  3 -4 -3  1 -2 -3 -2  0 -1 -4 -2 -3    0  32  10  25   0  10   3   0  12   0   0   6   0   0   0   3   0   0   0   0  0.46 0.07
  230 N   -2  1  3  3 -3  0  1  0  3 -3 -1 -1 -2  1 -2 -1 -1 -3 -1 -3    0  12  27  20   0   0   6   6  12   0   6   0   0  12   0   0   0   0   0   0  0.28 0.06
  231 A    1 -2 -3 -3 -2  0 -2 -2  0  1  0 -2  0  3 -3 -1 -1  4  5  0   22   0   0   0   0   7   0   0   0  12  10   0   0  12   0   0   0   6  32   0  0.33 0.07
  232 P    0 -2  0 -1 -3  2  0 -2  2 -3 -3 -1 -2 -4  6  2 -1 -4 -2 -3    3   0   4   0   0  12   3   0   7   0   0   0   0   0  50  21   0   0   0   0  0.94 0.10
  233 N    0  2  1 -1 -3  3  2  1  1 -3 -3  2 -2 -3 -2  0 -1 -3 -2 -3    7  13   8   0   0  29  12  10   4   0   0  12   0   0   0   6   0   0   0   0  0.34 0.06
  234 M   -2 -3 -4 -4 -2 -2 -3 -4 -3  1  4 -3  5  1 -3 -3 -2 -2 -1  0    0   0   0   0   0   0   0   0   0   4  51   0  38   7   0   0   0   0   0   0  0.56 0.11
  235 N    1 -1  2  0 -2 -1 -1 -1 -1 -2 -3  0 -2 -3  3  2  3 -3 -2 -2   15   0  18   3   0   0   0   0   0   0   0   4   0   0  16  15  29   0   0   0  0.38 0.06
  236 E   -1 -1  0  4 -3  0  3 -2 -1 -3 -3  0 -3 -4  3  1 -1 -4 -3 -2    0   0   0  40   0   0  25   0   0   0   0   4   0   0  16  12   0   0   0   4  0.59 0.08
  237 D    2 -1 -1  3 -3  2  4 -2 -1 -3 -3  0 -2 -4 -2  0 -1 -4 -3 -2   23   0   0  20   0   6  50   0   0   0   0   0   0   0   0   0   0   0   0   0  0.56 0.09
  238 R   -1  2  0  3 -3  2  3 -2 -1 -1 -2  1 -2 -3 -2  0  0 -3 -2 -2    4  13   0  22   0   9  35   0   0   7   0   4   0   0   0   0   6   0   0   0  0.39 0.06
  239 K   -1  4 -1 -2 -3  0  0 -2 -1  0 -2  4 -1 -3 -2 -1 -1 -3 -2 -2    4  32   0   0   0   0   0   0   0  12   0  53   0   0   0   0   0   0   0   0  0.52 0.10
  240 K    1  3 -1 -1 -3  1  1 -2 -1 -3 -2  3  0 -3 -2  1 -1 -3 -2 -2   12  23   0   0   0   4   6   0   0   0   0  38   4   0   0  12   0   0   0   0  0.37 0.07
  241 L   -1 -3 -3 -4 -2 -2 -3 -4 -3  2  3 -3  2  1 -3 -2  0 -2 -1  2    0   0   0   0   0   0   0   0   0  13  52   0   6   5   0   0   4   0   0  19  0.36 0.05
  242 V   -1 -3 -4 -4 -1 -3 -3 -4 -4  3  1 -3  0 -1 -3 -2 -1 -3 -2  5    0   0   0   0   0   0   0   0   0  21   0   0   0   0   0   0   0   0   0  79  0.57 0.09
  243 T    1 -1 -1 -1 -2 -1  1 -2 -2 -2 -2 -1 -1 -3 -2  1  5 -3 -2 -1   14   0   0   0   0   0  15   0   0   0   0   0   0   0   0   7  65   0   0   0  0.46 0.09
  244 K   -1  3  2 -1 -3  1  0 -2 -1 -1 -3  5 -2 -3 -2 -1 -1 -4 -2 -2    0  11  15   0   0   0   0   0   0   6   0  68   0   0   0   0   0   0   0   0  0.52 0.09
  245 Q    1  0 -1 -1 -3  6  1 -2  0 -3 -3  2 -1 -4 -2  0 -1 -3 -2 -2   15   0   0   0   0  71   0   0   0   0   0  14   0   0   0   0   0   0   0   0  0.69 0.11
  246 I   -1 -3 -4 -4 -1 -3 -3 -4 -3  3  2 -3  2  0 -3 -2 -1 -3 -2  3    0   0   0   0   0   0   0   0   0  33  27   0   5   0   0   0   0   0   0  36  0.41 0.06
  247 R   -2  6 -1 -2 -4  0 -1 -3 -1  1 -2  1 -1 -3 -3 -2 -2 -3 -2 -2    0  85   0   0   0   0   0   0   0  15   0   0   0   0   0   0   0   0   0   0  0.83 0.12
  248 A    4 -2  2 -1 -1 -1 -1  2 -2 -2 -2 -1 -2 -3 -2  1 -1 -3 -2 -1   71   0  15   0   0   0   0  14   0   0   0   0   0   0   0   0   0   0   0   0  0.46 0.08
  249 G    0 -2 -1 -2 -3 -2 -2  5 -2 -3 -2 -2  2 -3 -3  1 -1 -3 -3 -3    0   0   0   0   0   0   0  71   0   0   0   0  15   0   0  14   0   0   0   0  0.77 0.09
  250 F   -2 -2 -2 -3 -2 -2 -2 -3 -1 -1  0 -2  3  5 -3 -2 -2  1  4 -1    1   1   1   1   0   1   1   1   0   1   1   1  15  50   1   1   1   0  22   1  0.56 0.07
  251 V   -1 -2 -2 -1 -2 -1  2 -3 -2  1  1 -1  0 -1 -2 -1 -1 -2 -1  3    1   1   1   1   0   1  23   1   0   1  19   1   0   1   1   1   1   0   0  47  0.18 0.05
  252 F   -2 -2 -3 -4 -3 -2 -3 -4 -2 -1  1  1  0  6 -4 -3 -2  0  2 -1    0   0   0   0   0   0   0   0   0   0  14  15   0  71   0   0   0   0   0   0  0.67 0.10
  253 L   -2 -3 -4 -4 -2 -3 -3 -4 -3  1  4 -3  2  0 -3 -3 -1 -2 -2  2    0   0   0   0   0   0   0   0   0   0  85   0   0   0   0   0   0   0   0  15  0.58 0.09
  254 S    0 -1  2  0 -2  0  2 -1 -1 -3 -3 -1 -2 -3 -2  4  1 -4 -2 -2    0   0  14   0   0   0  15   0   0   0   0   0   0   0   0  71   0   0   0   0  0.53 0.10
  255 L    1 -2 -2 -3 -2 -2 -3  2 -3  0  3 -2  2 -1 -3 -1 -1 -2 -2  0   17   0   0   0   0   0   0  25   0   0  51   0   7   0   0   0   0   0   0   0  0.28 0.06
  256 I   -1 -3  1 -2 -2 -2 -3 -3 -3  4  1 -3  0 -1 -3 -2 -1 -3 -2  3    0   0  15   0   0   0   0   0   0  49   0   0   0   0   0   0   0   0   0  36  0.37 0.07
  257 T   -1 -2 -1 -2 -1 -1 -2  1 -2  0  2 -1  0 -1 -2  0  3 -2 -2  0    1   1   1   1   0   1   1  16   0   1  36   1   0   1   1   1  37   0   0   1  0.19 0.05
  258 Y   -2 -2 -2 -3 -2 -2 -2 -3  2 -1 -1 -2 -1  4 -3 -2 -2  4  6 -2    1   1   1   1   0   1   1   1   7   1   1   1   0  22   1   1   1   7  52   1  0.71 0.08
  259 K   -1  1  0  0 -2  1  3 -1 -1 -1 -2  3 -1 -2 -1  0 -1 -2 -1 -1    2   8   1   2   1   1  37   2   1   5   3  28   1   1   1   2   2   0   1   2  0.28 0.03
  260 P   -1 -2 -2 -1 -2 -1 -1 -2 -2 -2 -2 -1 -2 -3  7 -1 -1 -2 -2 -2    2   1   1   2   1   1   2   2   1   1   3   2   1   1  73   2   2   0   1   2  1.37 0.07
  261 P   -1 -2 -2 -1 -2 -1 -1 -2 -2 -2 -1 -1 -1 -2  7 -1 -1 -2 -2 -2    2   1   1   2   1   1   2   2   1   1  10   2   1   1  65   2   2   0   1   2  1.14 0.06
  262 K    0  1 -1 -2 -3  0 -1  0  4 -2 -2  2  1 -1  0 -1 -1 -2  3 -2   11   8   0   0   0   0   0   7  19   0   0  29   9   0   4   0   0   0  14   0  0.24 0.05
  263 E    1 -1  0  3 -3  2  3  0 -1 -3 -3  1 -2 -3 -1  1 -1 -3 -2 -2   14   0   0  24   0  10  23   7   0   0   0   8   0   0   0  15   0   0   0   0  0.35 0.04
  264 F    0 -3 -3 -4 -2 -3 -3 -3 -2  0  0 -3  0  6 -3 -2 -2  0  2  1   15   0   0   0   0   0   0   0   0   0   0   0   0  71   0   0   0   0   0  14  0.66 0.10
  265 W   -3 -4 -5 -5 -3 -3 -4 -4 -3 -2 -2 -4 -2  0 -4 -4 -3 11  1  0    0   0   0   0   0   0   0   0   0   0   0   0   0   0   0   0   0  86   0  14  2.48 0.18
  266 K   -1  2  2  3 -3  0  1 -1 -1 -3 -3  2 -2 -3 -1  0 -1 -3 -2 -2    1  14  15  29   0   1   8   1   0   1   1  24   0   1   1   1   1   0   0   1  0.36 0.04
  267 L   -2 -3 -4 -4 -2 -3 -4 -4 -3  1  5 -3  2  0 -4 -3 -2 -2 -2  0    0   0   0   0   0   0   0   0   0   0 100   0   0   0   0   0   0   0   0   0  0.72 0.10
  268 P    1 -3 -3 -2 -3 -2 -2 -2 -3 -3 -3 -2 -3 -4  8 -1 -2 -4 -4 -3   15   0   0   0   0   0   0   0   0   0   0   0   0   0  85   0   0   0   0   0  1.86 0.13
  269 P    0  0 -1  2 -3 -1  0 -2 -2 -3 -3 -1 -3 -4  6  0 -1 -4 -3 -3    9   8   0  18   0   0   4   0   0   0   0   0   0   0  53   8   0   0   0   0  0.99 0.08
  270 W    0 -2 -1  4 -3 -1  0 -2 -2 -3 -3 -2 -2 -1 -2 -1  0  8  1 -3   14   0   0  44   0   0   0   0   0   0   0   0   0   0   0   0   6  29   7   0  0.79 0.09
  271 F   -2 -2  2 -2 -3 -2  1 -3 -1 -1 -1 -2 -1  6 -3 -2 -2  0  3 -2    0   0  15   0   0   0  14   0   0   0   0   0   0  63   0   0   0   0   9   0  0.58 0.09
  272 L   -1  1 -2 -1 -3  0  1 -3 -2  2  1  0  0 -2  3 -1 -1 -3 -2  0    0  14   0   0   0   3  17   0   0  32  14   5   0   0  15   0   0   0   0   0  0.21 0.04
  273 E    3 -1 -1  1 -2  0  3 -1  2 -3 -3  1 -2 -3  1  0 -1 -3 -2 -2   42   0   0   9   0   0  26   0   7   0   0   8   0   0   6   3   0   0   0   0  0.31 0.05
  274 V    0  1  3 -1 -2 -1 -1 -2 -1  0 -1 -1 -1 -1 -2  1  0 -2  1  2    6  14  24   0   0   0   0   0   0   0   0   0   0   0   0  15   4   0   8  29  0.15 0.05
  275 H   -1  2  2 -1 -3  3  0 -2  4 -3 -3  0 -2 -2 -2  1  0 -2  1 -3    0  15  13   0   0  28   0   0  19   0   0   0   0   0   0  14   3   0   8   0  0.37 0.06
  276 Q    1  4 -1 -1 -3  2  3  1 -1 -3 -3  1 -2 -3 -2  0 -1 -3 -2 -2   15  35   0   0   0   8  29  14   0   0   0   0   0   0   0   0   0   0   0   0  0.40 0.06
  277 R   -1  3 -1  0 -3  2  3 -3  1 -2 -2  2 -2 -3 -2 -1 -1 -3 -2  0    0  27   0   0   0   6  35   0   3   0   0  17   0   0   0   0   0   0   0  11  0.40 0.06
  278 M    0 -2  1 -2 -2 -1 -2  0 -2  1  1 -2  5 -1 -3 -1 -1 -2 -2  1    8   0  14   0   0   0   0   9   0   5  13   0  44   0   0   0   0   0   0   8  0.23 0.07
  279 E   -2  2 -1  2 -4  1  5 -3 -1 -3 -3  0  1 -3 -2 -1 -1 -3 -3 -3    0  14   0   8   0   0  72   0   0   0   0   0   7   0   0   0   0   0   0   0  0.68 0.10
  280 D    2  2  0  4 -3  0  3 -1 -1 -3 -3  0 -2 -3 -2  0 -1 -4 -3 -2   26  15   0  37   0   0  23   0   0   0   0   0   0   0   0   0   0   0   0   0  0.44 0.06
  281 L   -1 -3 -3 -4 -2 -2 -3 -4  1  3  3 -3  1  0 -3 -2 -1 -3 -1  3    0   0   0   0   0   0   0   0   7  20  39   0   0   0   0   0   0   0   0  34  0.35 0.06
  282 A    4 -2 -2 -2  2 -1 -2 -1 -2 -1 -1 -1  1 -3 -2  1  2 -3 -2 -1   73   0   0   0   4   0   0   0   0   0   0   0   8   0   0   0  15   0   0   0  0.43 0.09
  283 R    0  5 -1 -2 -3  1 -1 -2 -1 -1 -2  1 -2 -2 -3 -1 -2  6 -1 -2   14  59   0   0   0   8   0   0   0   5   0   0   0   0   0   0   0  15   0   0  0.61 0.09
  284 D   -1 -2  1  4 -3  0  2  1 -1 -3 -3 -1 -1 -3 -2  1 -1 -4 -3 -3    0   0   4  44   0   0  18  15   0   0   0   0   4   0   0  14   0   0   0   0  0.50 0.06
  285 A    4 -2 -2 -2 -1 -1 -1  0  3 -1 -2 -1 -1 -2 -2  1 -1 -3 -1  0   71   0   0   0   0   0   0   5  14   0   0   0   0   0   0   3   0   0   0   8  0.40 0.08
  286 G    0 -3 -1 -2 -3 -2 -2  6 -2 -4 -4 -2 -3 -3 -2 -1 -2 -3 -3 -3    1   0   0   0   0   0   0  93   0   0   1   0   0   0   0   1   0   0   0   0  1.16 0.10
  287 F   -2 -3 -4 -4 -2 -3 -4 -4 -2  1  3 -3  1  5 -4 -3 -2 -1  1  0    0   0   0   0   0   0   0   0   0   8  45   0   0  47   0   0   0   0   0   0  0.58 0.08
  288 Y   -1 -2 -1 -2 -3 -2 -2  5  2 -4 -3 -2 -3 -1 -3 -1 -2 -1  4 -3    0   0   0   0   0   0   0  68   9   0   0   0   0   0   0   0   0   0  24   0  0.80 0.09
  289 I    1 -3 -2 -3 -1 -2 -2 -2 -3  4  1 -2  0 -1 -2  1  0 -3 -2  2   14   0   0   0   0   0   0   0   0  49   5   0   0   0   0  15   0   0   0  17  0.26 0.06
  290 P    0 -2 -2 -2 -2 -2 -2 -3 -3 -2  0 -2 -1 -3  6  0  3 -4 -3 -1    5   0   0   0   0   0   0   0   0   0  13   0   0   0  54   0  29   0   0   0  0.98 0.09
  291 T    0 -1 -1  0 -2  0  2 -2  3 -1 -2 -1 -1 -2  1  1  2 -3 -1  0    4   0   0   4   0   0  20   0  14   0   0   0   0   0   8  11  24   0   0  15  0.22 0.04
  292 E   -2 -2 -2 -2 -3 -1  1 -3 -1  1  2 -2  1  1  2 -2 -2 -1  4 -1    0   0   0   0   0   0  19   0   0   8  27   0   3   0  14   0   0   0  29   0  0.29 0.06
  293 K   -2  0  0  4 -4  1  4 -2 -1 -4 -4  2 -3 -4 -2 -1 -1 -4 -3 -3    0   0   0  28   0   0  49   0   0   0   0  24   0   0   0   0   0   0   0   0  0.66 0.08
  294 E    0 -1 -1  0 -3  1  4 -2 -1 -2  0  0  0  1 -2 -1 -1 -3 -1 -2   13   0   0   0   0   0  61   0   0   0  15   0   4   8   0   0   0   0   0   0  0.38 0.08
  295 K   -1  3 -1  0 -4  2  3 -2 -1 -3 -3  4 -2 -4 -2 -1 -1 -3 -2 -3    0  19   0   0   0   7  29   0   0   0   0  46   0   0   0   0   0   0   0   0  0.57 0.07
  296 E    0  1 -1  0 -3  1  3 -2 -1  1  0  2 -1 -2 -2 -1 -1 -3 -2  0    7   5   0   0   0   0  37   0   0  14   9  23   0   0   0   0   0   0   0   6  0.22 0.05
  297 E   -1  0 -1  0 -4  1  5  1 -1 -4 -3  0 -3 -4  3 -1 -1 -3 -3 -3    0   5   0   0   0   4  62  14   0   0   0   0   0   0  15   0   0   0   0   0  0.62 0.08
  298 A    2 -2  4 -1 -2 -1 -2 -1 -1  1  1 -1  0 -2 -2  0 -1 -3 -2  0   31   0  35   0   0   0   0   0   0  19  15   0   0   0   0   0   0   0   0   0  0.21 0.06
  299 W   -3 -4 -4 -5 -3 -3 -4 -4 -3  1 -1 -4 -1  3 -4 -4 -3 11  1 -2    0   0   0   0   0   0   0   0   0  14   0   0   0  15   0   0   0  71   0   0  1.98 0.15
  300 K   -2  6 -1 -2 -3  0 -1 -3 -1 -2 -2  3 -1 -3 -3 -1 -1 -3 -2  0    0  68   0   0   0   0   0   0   0   0   0  17   0   0   0   0   0   0   0  15  0.66 0.09
  301 D   -1 -1  3  1 -2  1  2 -2 -1 -1 -1  1  2 -2 -2  0  1 -3 -2  0    0   0  21   4   0   5  20   0   0   0   0   8  17   0   0   3  16   0   0   7  0.20 0.05
  302 A    4 -2 -2 -2 -1 -1 -1  2 -2 -2 -2 -1 -2 -3 -1  1  1 -3 -2 -1   71   0   0   0   0   0   0  14   0   0   0   0   0   0   0   0  15   0   0   0  0.46 0.08
  303 V   -1 -3 -3 -4 -2 -2 -3 -4 -3  2  1 -3  5 -1 -3 -2 -1 -3 -2  4    0   0   0   0   0   0   0   0   0   7   6   0  32   0   0   0   0   0   0  55  0.45 0.09
  304 L    0 -1  1 -2 -2  1 -1 -2 -2  1  2 -1  2 -1 -2 -1 -1 -2 -2  1   12   0  14   0   0  15   0   0   0   7  35   0  11   0   0   0   0   0   0   6  0.15 0.04
  305 R   -2  5  3 -1 -4  0  0 -2 -1 -4 -3  2 -2 -4 -2 -1 -1 -4 -2 -3    0  64  22   0   0   0   0   0   0   0   0  14   0   0   0   0   0   0   0   0  0.73 0.09
  306 V   -1 -3 -3 -4 -1 -3 -3 -4 -3  3  2 -3  2 -1 -3 -2 -1 -3 -2  4    0   0   0   0   0   0   0   0   0  21  17   0   6   0   0   0   0   0   0  56  0.43 0.07
  307 G    0  4 -1 -2 -3  0 -1  3 -1 -4 -3  3 -2 -3 -2 -1 -1 -3 -3 -3    5  35   0   0   0   0   0  31   0   0   0  28   0   0   0   0   0   0   0   0  0.50 0.07
  308 A    2  2  1 -1 -2  0  1  2 -1 -3 -3  0 -2 -3 -2  1  0 -3 -2 -2   33  15   8   0   0   0  14  17   0   0   0   0   0   0   0  13   0   0   0   0  0.27 0.04
  309 S   -1 -1  1  2 -2  2  0 -2 -1  1 -1 -1 -1 -2 -2  0  2 -3 -2  2    0   0  11  14   0  15   0   0   0  14   0   0   0   0   0   8  16   0   0  22  0.15 0.04
  310 L   -2 -3 -4 -4 -2 -2 -3 -4 -3  2  4 -3  3  0 -3 -3 -1 -2 -1  2    0   0   0   0   0   0   0   0   0  14  60   0  15   0   0   0   0   0   0  12  0.46 0.06
  311 K    0 -1  0  3 -3  0  2  2 -1 -3 -3  1 -2 -3 -2  1 -1 -3 -3 -3   10   0   0  28   0   0  21  17   0   0   0  13   0   0   0  11   0   0   0   0  0.38 0.05
  312 R   -2  5 -1 -2 -3  0 -1 -3  1 -2 -2  1 -2 -3  4 -1 -1 -3 -2  0    0  61   0   0   0   0   0   0   4   0   0   0   0   0  21   0   0   0   0  14  0.65 0.09
  313 Y   -3 -3 -3 -4 -3 -2 -3 -4  0 -2 -2 -3 -2  4 -4 -3 -3  7  7 -2    0   0   0   0   0   0   0   0   0   0   0   0   0  16   0   0   0  21  63   0  1.23 0.12
  314 G   -1 -3  2  0 -3 -2 -2  6 -2 -4 -4 -2 -3 -4 -3 -1 -2 -3 -4 -4    0   0  13   4   0   0   0  82   0   0   0   0   0   0   0   0   0   0   0   0  1.01 0.10
  315 I   -1 -3 -4 -4 -2 -3 -3 -4 -4  4  1 -3  1 -1 -3 -3 -1 -3 -2  4    0   0   0   0   0   0   0   0   0  53   0   0   0   0   0   0   0   0   0  47  0.55 0.09
  316 K   -1  1 -1  0 -4  1  3 -2  3 -4 -3  2 -2 -3  4 -1 -1 -3 -2 -3    0   4   0   0   0   0  39   0  15   0   0  19   0   0  24   0   0   0   0   0  0.62 0.07
  317 L   -2 -3 -3 -4 -2 -3 -3 -4 -2  2  2 -3  3  4 -3 -3 -2 -1  1  1    0   0   0   0   0   0   0   0   0  20  22   0  18  35   0   0   0   0   0   5  0.41 0.06
  318 P   -2 -3 -3 -2 -4 -2 -2 -3 -3 -4 -4 -2 -3 -5  8 -2 -2 -5 -4 -3    0   0   0   0   0   0   0   0   0   0   0   0   0   0 100   0   0   0   0   0  2.35 0.15
  319 D    4 -2 -2  0 -1 -1 -1 -1 -2 -1  0 -1 -1 -2 -2  1 -1 -3 -2 -1   73   0   0   8   0   0   0   0   0   0  15   0   0   0   0   5   0   0   0   0  0.36 0.08
  320 M   -2 -3 -4 -4 -2 -3 -3 -4 -3  4  2 -3  3  0 -3 -3 -1 -3 -2  2    0   0   0   0   0   0   0   0   0  63  21   0  13   0   0   0   0   0   0   3  0.49 0.08
  321 P   -2 -3 -3 -2 -4 -2 -2 -3 -3 -4 -4 -2 -3 -5  8 -2 -2 -5 -4 -3    0   0   0   0   0   0   0   0   0   0   0   0   0   0 100   0   0   0   0   0  2.35 0.15
  322 E   -1  0 -1  1 -4  1  6 -3 -1 -4 -4  2 -3 -4 -2 -1 -1 -4 -3 -3    0   0   0   0   0   0  85   0   0   0   0  15   0   0   0   0   0   0   0   0  0.89 0.12
  323 L   -1 -3 -4 -4 -1 -3 -3 -4 -4  4  3 -3  1  0 -3 -3 -1 -3 -2  3    0   0   0   0   0   0   0   0   0  37  35   0   0   0   0   0   0   0   0  28  0.44 0.06
  324 G   -1 -3  0  3 -3 -2 -1  6 -2 -4 -4 -2 -3 -4 -3 -1 -2 -3 -4 -4    0   0   0  21   0   0   0  79   0   0   0   0   0   0   0   0   0   0   0   0  1.00 0.10
  325 I   -2 -4 -4 -4 -2 -3 -4 -4 -4  5  1 -3  1 -1 -3 -3 -1 -3 -2  3    0   0   0   0   0   0   0   0   0  95   0   0   0   0   0   0   0   0   0   5  0.62 0.07
  326 S    0 -1  1  0 -2  0  2 -2 -1 -2 -2  0 -2 -3 -1  2  4 -3 -2 -1    0   0   7   0   0   0  20   0   0   0   0   0   0   0   0  25  48   0   0   0  0.39 0.05
  327 G    0 -3 -1 -2 -3 -2 -3  6 -3 -4 -4 -2 -3 -4 -3 -1 -2 -3 -4 -4    0   0   0   0   0   0   0 100   0   0   0   0   0   0   0   0   0   0   0   0  1.26 0.08
  328 E   -1  1  0  2 -3  2  4  1 -1 -2 -3  1 -2 -3 -2 -1 -1 -3 -2 -1    0   6   0  13   0  12  41  11   0   0   0   9   0   0   0   0   0   0   0   9  0.35 0.03
  329 E   -1  0 -1  1 -4  1  5 -3 -1 -2 -3  2 -2 -3 -2 -1 -1 -3 -2 -2    0   0   0   0   0   0  84   0   0   5   0  11   0   0   0   0   0   0   0   0  0.74 0.07
  330 V   -1 -3 -3  0 -1 -3 -2 -4 -3  4  1 -3  0 -1 -3 -2 -1 -3 -2  4    0   0   0   7   0   0   0   0   0  37   0   0   0   0   0   0   0   0   0  56  0.38 0.05
  331 K   -1  1  0  1 -2  1  2 -2 -1  0 -2  1 -1 -3 -2  1  0 -3 -2  0    0   6   0   9   0   5  25   0   0   7   0  15   0   0   0  18   6   0   0   9  0.21 0.02
  332 D   -1 -1  1  4 -3  0  2 -2 -1 -1  0 -1 -1  1 -2 -1 -1 -2 -1 -1    1   1   6  38   0   1  20   1   0   1  12   1   0  10   1   1   1   0   0   5  0.27 0.03
  333 I    0 -2 -3 -3 -1 -2 -3 -3 -2  3  2 -2  1  0 -3 -1 -1 -2  1  2   11   0   0   0   0   0   0   0   0  29  31   0   0   0   0   5   0   0   9  17  0.22 0.02
  334 S   -1  0  0  3 -3  1  4 -2 -1 -3 -3  2 -2 -4 -1  0  0 -4 -2 -3    0   0   0  24   0   0  40   0   0   0   0  27   0   0   0   5   5   0   0   0  0.50 0.04
  335 E   -1 -1 -1  0 -3  1  4 -3 -1 -2 -1  0  3 -2  3 -1 -1  3 -2 -2    0   0   0   0   0   0  52   0   0   0   0   0  24   0  18   0   0   6   0   0  0.51 0.06
  336 D   -1 -1  0  5 -4  1  4 -2 -1 -3 -4  1 -3 -4 -2  0 -1 -4 -3 -3    6   0   0  50   0   0  38   0   0   0   0   6   0   0   0   0   0   0   0   0  0.68 0.05
  337 D   -2 -1  1  6 -4  0  2 -2 -1 -3 -3  1 -3 -4 -2  0 -1 -4 -3 -3    0   0   0  72   0   0  14   0   0   0   0  10   0   0   0   0   0   0   0   0  0.76 0.05
  338 F   -2 -3 -4 -4 -2 -3 -3 -4 -3  3  1 -3  1  4 -3 -3 -1 -1  1  2    0   0   0   0   0   0   0   0   0  44   8   0   0  38   0   0   0   0   0  10  0.41 0.04
  339 I   -1 -3 -4 -4 -1 -3 -3 -4 -4  5  1 -3  1 -1 -3 -3 -1 -3 -2  3    0   0   0   0   0   0   0   0   0  76   0   0   0   0   0   0   0   0   0  24  0.50 0.05
  340 P   -1 -3 -3 -2 -3 -2 -2 -3 -3 -3 -3 -1 -3 -4  8 -1 -2 -4 -4 -3    0   0   0   0   0   0   0   0   0   0   0   0   0   0 100   0   0   0   0   0  2.21 0.07
  341 V   -1 -3 -3 -4 -1 -3 -3 -4 -4  3  1 -3  1 -1 -3 -2  0 -3 -2  4    0   0   0   0   0   0   0   0   0  22   0   0   0   0   0   0   0   0   0  78  0.46 0.04
  342 F   -3 -3 -4 -4 -3 -4 -4 -4 -2 -1  0 -4  0  7 -4 -3 -3  1  3 -1    0   0   0   0   0   0   0   0   0   0   0   0   0 100   0   0   0   0   0   0  1.02 0.07

                      K         Lambda
Standard Ungapped    0.1350     0.3195
Standard Gapped      0.0410     0.2670
PSI Ungapped         0.1323     0.3174
PSI Gapped           0.0405     0.2670
