
Last position-specific scoring matrix computed, weighted observed percentages rounded down, information per position, and relative weight of gapless real matches to pseudocounts
           A  R  N  D  C  Q  E  G  H  I  L  K  M  F  P  S  T  W  Y  V   A   R   N   D   C   Q   E   G   H   I   L   K   M   F   P   S   T   W   Y   V
    1 M   -1 -1 -2 -3 -1  0 -2 -3 -2  1  2 -1  5  0 -2 -1 -1 -1 -1  1    0   0   0   0   0   0   0   0   0   0   0   0   0   0   0   0   0   0   0   0  0.00    0.00
    2 K   -1  2  0 -1 -3  1  1 -2 -1 -3 -2  4 -1 -3 -1  0 -1 -3 -2 -2    0   0   0   0   0   0   0   0   0   0   0   0   0   0   0   0   0   0   0   0  0.00    0.00
    3 L   -1 -2 -3 -4 -1 -2 -3 -4 -3  2  4 -2  2  0 -3 -2 -1 -2 -1  1    0   0   0   0   0   0   0   0   0   0   0   0   0   0   0   0   0   0   0   0  0.00    0.00
    4 P   -1 -2 -2 -1 -3 -1 -1 -2 -2 -3 -3 -1 -2 -4  7 -1 -1 -4 -3 -2    0   0   0   0   0   0   0   0   0   0   0   0   0   0   0   0   0   0   0   0  0.00    0.00
    5 R   -1  5  0 -2 -3  1  0 -2  0 -3 -2  2 -1 -3 -2 -1 -1 -3 -2 -2    0   0   0   0   0   0   0   0   0   0   0   0   0   0   0   0   0   0   0   0  0.00    0.00
    6 E   -1  0  0  2 -4  2  5 -2  0 -3 -3  1 -2 -3 -1  0 -1 -3 -2 -2    0   0   0   0   0   0   0   0   0   0   0   0   0   0   0   0   0   0   0   0  0.00    0.00
    7 N   -2  0  6  1 -3  0  0  0  1 -3 -3  0 -2 -3 -2  1  0 -4 -2 -3    0   0   0   0   0   0   0   0   0   0   0   0   0   0   0   0   0   0   0   0  0.00    0.00
    8 D   -2 -2  1  6 -3  0  2 -1 -1 -3 -4 -1 -3 -3 -1  0 -1 -4 -3 -3    0   0   0   0   0   0   0   0   0   0   0   0   0   0   0   0   0   0   0   0  0.00    0.00
    9 E   -1  0  0  2 -4  2  5 -2  0 -3 -3  1 -2 -3 -1  0 -1 -3 -2 -2    0   0   0   0   0   0   0   0   0   0   0   0   0   0   0   0   0   0   0   0  0.00    0.00
   10 G    0 -2  0 -1 -2 -2 -2  6 -2 -4 -4 -2 -3 -3 -2  0 -2 -2 -3 -3    0   0   0   0   0   0   0   0   0   0   0   0   0   0   0   0   0   0   0   0  0.00    0.00
   11 K   -1  2  0 -1 -3  1  1 -2 -1 -3 -2  4 -1 -3 -1  0 -1 -3 -2 -2    0   0   0   0   0   0   0   0   0   0   0   0   0   0   0   0   0   0   0   0  0.00    0.00
   12 V    0 -2 -3 -3 -1 -2 -2 -3 -3  3  1 -2  1 -1 -2 -2  0 -3 -1  4    0   0   0   0   0   0   0   0   0   0   0   0   0   0   0   0   0   0   0   0  0.00    0.00
   13 E   -1  0  0  2 -4  2  5 -2  0 -3 -3  1 -2 -3 -1  0 -1 -3 -2 -2    0   0   0   0   0   0   0   0   0   0   0   0   0   0   0   0   0   0   0   0  0.00    0.00
   14 Y   -2 -2 -2 -3 -2 -1 -2 -3  2 -1 -1 -2 -1  3 -3 -2 -2  2  7 -1    0   0   0   0   0   0   0   0   0   0   0   0   0   0   0   0   0   0   0   0  0.00    0.00
   15 K   -1  2  0 -1 -3  1  1 -2 -1 -3 -2  4 -1 -3 -1  0 -1 -3 -2 -2    0   0   0   0   0   0   0   0   0   0   0   0   0   0   0   0   0   0   0   0  0.00    0.00
   16 L   -1 -2 -3 -4 -1 -2 -3 -4 -3  2  4 -2  2  0 -3 -2 -1 -2 -1  1    0   0   0   0   0   0   0   0   0   0   0   0   0   0   0   0   0   0   0   0  0.00    0.00
   17 I   -1 -3 -3 -3 -1 -3 -3 -4 -3  4  2 -3  1  0 -3 -2 -1 -3 -1  3    0   0   0   0   0   0   0   0   0   0   0   0   0   0   0   0   0   0   0   0  0.00    0.00
   18 L   -1 -2 -3 -4 -1 -2 -3 -4 -3  2  4 -2  2  0 -3 -2 -1 -2 -1  1    0   0   0   0   0   0   0   0   0   0   0   0   0   0   0   0   0   0   0   0  0.00    0.00
   19 S    1 -1  1  0 -1  0  0  0 -1 -2 -2  0 -1 -2 -1  4  1 -3 -2 -2    0   0   0   0   0   0   0   0   0   0   0   0   0   0   0   0   0   0   0   0  0.00    0.00
   20 S    1 -1  1  0 -1  0  0  0 -1 -2 -2  0 -1 -2 -1  4  1 -3 -2 -2    0   0   0   0   0   0   0   0   0   0   0   0   0   0   0   0   0   0   0   0  0.00    0.00
   21 V    0 -2 -3 -3 -1 -2 -2 -3 -3  3  1 -2  1 -1 -2 -2  0 -3 -1  4    0   0   0   0   0   0   0   0   0   0   0   0   0   0   0   0   0   0   0   0  0.00    0.00
   22 T    0 -1  0 -1 -1 -1 -1 -2 -2 -1 -1 -1 -1 -2 -1  1  5 -2 -2  0    0   0   0   0   0   0   0   0   0   0   0   0   0   0   0   0   0   0   0   0  0.00    0.00
   23 P   -1 -2 -2 -1 -3 -1 -1 -2 -2 -3 -3 -1 -2 -4  7 -1 -1 -4 -3 -2    0   0   0   0   0   0   0   0   0   0   0   0   0   0   0   0   0   0   0   0  0.00    0.00
   24 D   -2 -2  1  6 -3  0  2 -1 -1 -3 -4 -1 -3 -3 -1  0 -1 -4 -3 -3    0   0   0   0   0   0   0   0   0   0   0   0   0   0   0   0   0   0   0   0  0.00    0.00
   25 R   -1  5  0 -2 -3  1  0 -2  0 -3 -2  2 -1 -3 -2 -1 -1 -3 -2 -2    0   0   0   0   0   0   0   0   0   0   0   0   0   0   0   0   0   0   0   0  0.00    0.00
   26 L   -1 -2 -3 -4 -1 -2 -3 -4 -3  2  4 -2  2  0 -3 -2 -1 -2 -1  1    0   0   0   0   0   0   0   0   0   0   0   0   0   0   0   0   0   0   0   0  0.00    0.00
   27 Q   -1  1  0  0 -3  5  2 -2  0 -3 -2  1  0 -3 -1  0 -1 -2 -1 -2    0   0   0   0   0   0   0   0   0   0   0   0   0   0   0   0   0   0   0   0  0.00    0.00
   28 E   -1  0  0  2 -4  2  5 -2  0 -3 -3  1 -2 -3 -1  0 -1 -3 -2 -2    0   0   0   0   0   0   0   0   0   0   0   0   0   0   0   0   0   0   0   0  0.00    0.00
   29 L   -1 -2 -3 -4 -1 -2 -3 -4 -3  2  4 -2  2  0 -3 -2 -1 -2 -1  1    0   0   0   0   0   0   0   0   0   0   0   0   0   0   0   0   0   0   0   0  0.00    0.00
   30 A    4 -1 -2 -2  0 -1 -1  0 -2 -1 -1 -1 -1 -2 -1  1  0 -3 -2  0    0   0   0   0   0   0   0   0   0   0   0   0   0   0   0   0   0   0   0   0  0.00    0.00
   31 T    0 -1  0 -1 -1 -1 -1 -2 -2 -1 -1 -1 -1 -2 -1  1  5 -2 -2  0    0   0   0   0   0   0   0   0   0   0   0   0   0   0   0   0   0   0   0   0  0.00    0.00
   32 Q   -1  1  0  0 -3  5  2 -2  0 -3 -2  1  0 -3 -1  0 -1 -2 -1 -2    0   0   0   0   0   0   0   0   0   0   0   0   0   0   0   0   0   0   0   0  0.00    0.00
   33 M   -1 -1 -2 -3 -1  0 -2 -3 -2  1  2 -1  5  0 -2 -1 -1 -1 -1  1    0   0   0   0   0   0   0   0   0   0   0   0   0   0   0   0   0   0   0   0  0.00    0.00
   34 K   -1  2  0 -1 -3  1  1 -2 -1 -3 -2  4 -1 -3 -1  0 -1 -3 -2 -2    0   0   0   0   0   0   0   0   0   0   0   0   0   0   0   0   0   0   0   0  0.00    0.00
   35 Y   -2 -2 -2 -3 -2 -1 -2 -3  2 -1 -1 -2 -1  3 -3 -2 -2  2  7 -1    0   0   0   0   0   0   0   0   0   0   0   0   0   0   0   0   0   0   0   0  0.00    0.00
   36 R   -1  5  0 -2 -3  1  0 -2  0 -3 -2  2 -1 -3 -2 -1 -1 -3 -2 -2    0   0   0   0   0   0   0   0   0   0   0   0   0   0   0   0   0   0   0   0  0.00    0.00
   37 L   -1 -2 -3 -4 -1 -2 -3 -4 -3  2  4 -2  2  0 -3 -2 -1 -2 -1  1    0   0   0   0   0   0   0   0   0   0   0   0   0   0   0   0   0   0   0   0  0.00    0.00
   38 E   -1  0  0  2 -4  2  5 -2  0 -3 -3  1 -2 -3 -1  0 -1 -3 -2 -2    0   0   0   0   0   0   0   0   0   0   0   0   0   0   0   0   0   0   0   0  0.00    0.00
   39 E   -1  0  0  2 -4  2  5 -2  0 -3 -3  1 -2 -3 -1  0 -1 -3 -2 -2    0   0   0   0   0   0   0   0   0   0   0   0   0   0   0   0   0   0   0   0  0.00    0.00
   40 G    0 -2  0 -1 -2 -2 -2  6 -2 -4 -4 -2 -3 -3 -2  0 -2 -2 -3 -3    0   0   0   0   0   0   0   0   0   0   0   0   0   0   0   0   0   0   0   0  0.00    0.00
   41 D   -2 -2  1  6 -3  0  2 -1 -1 -3 -4 -1 -3 -3 -1  0 -1 -4 -3 -3    0   0   0   0   0   0   0   0   0   0   0   0   0   0   0   0   0   0   0   0  0.00    0.00
   42 G    0 -2  0 -1 -2 -2 -2  6 -2 -4 -4 -2 -3 -3 -2  0 -2 -2 -3 -3    0   0   0   0   0   0   0   0   0   0   0   0   0   0   0   0   0   0   0   0  0.00    0.00
   43 E   -1  0  0  2 -4  2  5 -2  0 -3 -3  1 -2 -3 -1  0 -1 -3 -2 -2    0   0   0   0   0   0   0   0   0   0   0   0   0   0   0   0   0   0   0   0  0.00    0.00
   44 A    4 -1 -2 -2  0 -1 -1  0 -2 -1 -1 -1 -1 -2 -1  1  0 -3 -2  0    0   0   0   0   0   0   0   0   0   0   0   0   0   0   0   0   0   0   0   0  0.00    0.00
   45 F   -2 -3 -3 -3 -2 -3 -3 -3 -1  0  0 -3  0  6 -4 -2 -2  1  3 -1    0   0   0   0   0   0   0   0   0   0   0   0   0   0   0   0   0   0   0   0  0.00    0.00
   46 Y   -2 -2 -2 -3 -2 -1 -2 -3  2 -1 -1 -2 -1  3 -3 -2 -2  2  7 -1    0   0   0   0   0   0   0   0   0   0   0   0   0   0   0   0   0   0   0   0  0.00    0.00
   47 V    0 -2 -3 -3 -1 -2 -2 -3 -3  3  1 -2  1 -1 -2 -2  0 -3 -1  4    0   0   0   0   0   0   0   0   0   0   0   0   0   0   0   0   0   0   0   0  0.00    0.00
   48 I   -1 -3 -3 -3 -1 -3 -3 -4 -3  4  2 -3  1  0 -3 -2 -1 -3 -1  3    0   0   0   0   0   0   0   0   0   0   0   0   0   0   0   0   0   0   0   0  0.00    0.00
   49 G    0 -2  0 -1 -2 -2 -2  6 -2 -4 -4 -2 -3 -3 -2  0 -2 -2 -3 -3    0   0   0   0   0   0   0   0   0   0   0   0   0   0   0   0   0   0   0   0  0.00    0.00
   50 V    0 -2 -3 -3 -1 -2 -2 -3 -3  3  1 -2  1 -1 -2 -2  0 -3 -1  4    0   0   0   0   0   0   0   0   0   0   0   0   0   0   0   0   0   0   0   0  0.00    0.00
   51 S    1 -1  1  0 -1  0  0  0 -1 -2 -2  0 -1 -2 -1  4  1 -3 -2 -2    0   0   0   0   0   0   0   0   0   0   0   0   0   0   0   0   0   0   0   0  0.00    0.00
   52 D   -2 -2  1  6 -3  0  2 -1 -1 -3 -4 -1 -3 -3 -1  0 -1 -4 -3 -3    0   0   0   0   0   0   0   0   0   0   0   0   0   0   0   0   0   0   0   0  0.00    0.00
   53 E   -1  0  0  2 -4  2  5 -2  0 -3 -3  1 -2 -3 -1  0 -1 -3 -2 -2    0   0   0   0   0   0   0   0   0   0   0   0   0   0   0   0   0   0   0   0  0.00    0.00
   54 G    0 -2  0 -1 -2 -2 -2  6 -2 -4 -4 -2 -3 -3 -2  0 -2 -2 -3 -3    0   0   0   0   0   0   0   0   0   0   0   0   0   0   0   0   0   0   0   0  0.00    0.00
   55 E   -1  0  0  2 -4  2  5 -2  0 -3 -3  1 -2 -3 -1  0 -1 -3 -2 -2    0   0   0   0   0   0   0   0   0   0   0   0   0   0   0   0   0   0   0   0  0.00    0.00
   56 I   -2 -3 -4 -4 -1 -3 -3 -4 -3  3  3 -3  2  0 -3 -3 -1 -2 -1  2    0   0   0   0   0   0   0   0   0  50  50   0   0   0   0   0   0   0   0   0  0.37 0.00
   57 I   -1 -2 -3 -3 -1 -2 -3 -3 -3  3  2 -2  4  0 -3 -2 -1 -2 -1  2    0   0   0   0   0   0   0   0   0  33   0   0  45   0   0   0   0   0   0  21  0.31 0.02
   58 G    2 -2 -1 -1 -1 -1 -1  4 -2 -3 -3 -1 -2 -3 -2  2  0 -3 -3 -2   35   0   0   0   0   0   0  47   0   0   0   0   0   0   0  18   0   0   0   0  0.49 0.01
   59 L   -2  1 -3 -3 -2 -2 -3 -4 -2  2  3 -2  1  4 -3 -2 -2 -1  1  0    0  13   0   0   0   0   0   0   0  15  44   0   0  28   0   0   0   0   0   0  0.27 0.02
   60 S    1  3  0 -1 -2  0  0 -1 -1 -2 -2  1 -1 -3 -1  3  2 -3 -2 -2   15  29   0   0   0   0   0   0   0   0   0   0   0   0   0  43  13   0   0   0  0.32 0.02
   61 K   -1  2 -1 -1 -3  0  0  1 -1 -2  0  3 -1 -2 -2  1 -1 -3 -2 -2    0  15   0   0   0   0   0  13   0   0  16  41   0   0   0  15   0   0   0   0  0.21 0.01
   62 G    1  1  3  0 -2  2  0  3 -1 -3 -3  0 -2 -3 -2  0 -1 -3 -2 -2   16  13  28   0   0  15   0  28   0   0   0   0   0   0   0   0   0   0   0   0  0.34 0.02
   63 Q    1 -1 -2 -2  4  2 -1 -2 -1  0  1 -1  0  2 -2 -1 -1 -2  0  1   16   0   0   0  13  28   0   0   0   0  15   0   0  13   0   0   0   0   0  15  0.13 0.01
   64 L   -2 -2  1 -3 -2 -2 -3 -3 -2  1  3 -2  4  0 -3 -2 -1  4 -1  0    0   0  12   0   0   0   0   0   0   0  54   0  25   0   0   0   0   9   0   0  0.34 0.03
   65 E   -1  3  0  0 -3  2  2 -2 -1 -3 -3  1 -2 -3  2  1  1 -3 -2 -2    0  30   0   0   0  11  25   0   0   0   0   0   0   0   9  16   9   0   0   0  0.37 0.02
   66 E    3 -1  1  0 -1  0  2 -1 -1 -2 -2  0 -1 -3 -1  1  1 -3 -2 -1   42   0   9   0   0   0  25   1   0   0   1   0   0   0   0  10   8   0   0   1  0.25 0.02
   67 S    1 -1  0 -1 -1 -1 -1  2 -1 -2 -2 -1 -2 -3 -1  4  2 -3 -2 -2    1   0   0   0   0   0   0  16   0   0   1   0   0   0   0  59  19   0   0   0  0.37 0.04
   68 I   -1 -1 -3 -4 -2 -2 -3 -4 -3  3  3 -2  1  1 -3 -3 -1 -2 -1  2    0   5   0   0   0   0   0   0   0  27  42   0   0   4   0   0   0   0   0  22  0.33 0.04
   69 A    2  3  1 -1 -2  0 -1  1 -1 -2 -2  2 -1 -2  0  0 -1 -3  0 -2   29  23  12   0   0   0   0   8   0   0   4  15   0   0   4   0   0   0   4   0  0.20 0.03
   70 T    1  0 -1 -2 -2 -1 -1 -2 -1 -1  0 -1 -1 -2  1  2  3 -2  1 -1   12   8   0   0   0   0   0   0   0   0   9   0   0   0   5  17  43   0   7   0  0.25 0.05
   71 L    0  1 -3 -3 -2 -1 -2 -3  1  1  3 -1  2  0 -1 -2 -1 -2 -1  0   13  10   0   0   0   0   0   0   5   7  46   0  10   3   3   0   0   0   0   3  0.18 0.04
   72 N    0  1  4  1 -2  1  0 -1 -1 -2 -1  0 -2 -3 -2  2  1 -3 -2 -2    3  10  35   5   0   7   0   0   0   0   6   0   0   0   0  24  11   0   0   0  0.31 0.05
   73 M   -1  0 -2 -3 -2  0 -2 -3 -2  0  1  0  3  2  1 -1  1 -1  1  0    2   8   0   0   0   3   0   0   0   0  19   5  19  12   7   0  15   0   6   4  0.13 0.04
   74 I    0 -1 -2 -3  1 -1 -2 -3 -2  2  2 -2  2  1 -3 -1  0 -2 -1  1    9   3   0   0   5   2   0   0   0  21  26   0  11   8   0   4   8   0   0   2  0.15 0.03
   75 T    1 -1 -1 -2 -2  0 -1 -1 -2 -1  1 -1  0  1 -1  1  3 -2  0 -1   14   2   0   0   0   5   0   2   0   0  19   2   0   8   2  16  29   0   2   0  0.14 0.04
   76 R   -1  5 -1 -2 -3  1  0 -1 -1 -2 -2  2  0 -3  1  0  0 -3 -2 -1    3  48   0   0   0   2   4   5   0   0   0   9   4   0   7   7   8   0   0   4  0.37 0.06
   77 L    0  0 -1 -2  3  0  0 -2 -2 -1  1  0  0  0 -2  1  1 -2 -1 -1    7   6   2   0  10   4   4   0   0   0  29   8   0   4   0  14  13   0   0   0  0.10 0.03
   78 V    1 -2 -2 -1  2 -1 -1 -2 -2  1  1 -2  0  1 -2  1  0 -2 -1  2   10   0   0   4   5   2   4   0   0  10  11   0   0   7   0  14   6   0   0  26  0.09 0.03
   79 N    0  3  3 -1  1  0 -1  0 -1 -2 -2  1 -1  0 -2  1  0 -2  1 -1    5  22  21   0   4   2   0   5   0   0   2  11   0   4   0  12   1   0   7   6  0.17 0.04
   80 A    2  2 -1 -2 -2  0 -1 -1 -2 -2 -1  0 -1 -2  1  2  1 -3 -2 -1   32  15   0   0   0   4   0   2   0   0   9   2   0   0   4  22  10   0   0   0  0.21 0.04
   81 K    0  2  1 -1 -2  0  0 -1 -1 -2 -2  2 -2 -1  1  2  1 -3 -2 -2    8   9   8   0   0   0   0   0   0   2   2  26   0   3   7  31   5   0   0   0  0.25 0.05
   82 I   -1 -2 -1 -3 -2 -2 -2 -3 -3  3  2 -2  1  1 -3  0  0 -2 -1  1    3   0   2   0   0   0   0   0   0  27  28   2   2   8   0  12   7   0   0   9  0.17 0.04
   83 V    0  1 -2 -3 -2 -1 -2 -1 -2  1  2 -1  1  1 -2 -1 -1 -2 -1  2    7  10   0   0   0   3   0   4   0   0  37   0   0  10   2   2   2   0   0  24  0.13 0.04
   84 Y   -1  2 -1 -3 -2 -1 -2 -3  0  0  1  0  0  2 -1 -1 -1  0  5 -1    6  21   2   0   0   2   0   0   0   5  16   2   0   9   3   2   2   0  31   0  0.24 0.05
   85 R    0  4 -1 -2  2  0 -1 -2 -2 -1 -1  1 -1 -3  4  0 -1 -3 -2 -1    4  35   0   0   8   4   0   2   0   3   7   2   0   0  21  11   2   0   0   2  0.37 0.06
   86 R    0  4 -1 -2 -3  1  0 -2 -1 -2 -1  2  0 -2  1  0 -1 -3  0 -2   12  41   2   0   0   9   0   0   0   0   6  10   3   1   6   5   2   0   3   0  0.30 0.05
   87 D    1  1  0  2  1  1  0  0 -1 -2 -2  0 -2 -3 -1  1  1  0 -2 -1   22   8   2  17   3   7   0   6   0   0   0   4   0   0   2   9  16   1   0   2  0.17 0.03
   88 V   -1 -1 -2 -3  1  0 -2 -3 -2  3  1 -1  0 -1 -1 -1  0 -2  0  3    2   5   0   0   3   6   0   0   0  22   8   2   0   0   2   3   2   0   4  39  0.17 0.04
   89 E    1  0  2  0  1  1  2 -1 -1 -2 -2  0 -1 -2  1  1  0 -3 -2 -1   15   2  16   0   4   8  17   3   0   0   4   5   0   2   8   8   0   0   0   7  0.15 0.03
   90 V    0  0 -1 -1 -2  0  0 -2 -1  0  0 -1  0  2  0  0 -1 -1  1  2   12   5   3   3   0   4   5   0   0   0  10   0   0  16   5   5   0   0   5  26  0.06 0.03
   91 R    1  3 -1 -2 -2  0 -1  0 -1  0  0  0 -1 -1  0  1  0 -3 -2  0   12  27   0   0   0   3   0   9   0   6   8   3   0   2   4  17   3   0   0   6  0.13 0.03
   92 R   -1  3  0 -2 -1  1 -1 -1  0 -1 -1  1 -1 -1 -1  0  1 -2  1 -1    3  28   4   0   1   7   0   4   2   6   8   6   0   2   1   9  10   0   7   1  0.12 0.03
   93 D   -1  2  1  3 -3  0  1 -2 -1 -1  0  1  0 -1 -1 -1 -1 -3 -2 -1    4  17   7  25   0   2   8   0   0   0  15   8   3   4   1   0   3   0   0   4  0.16 0.03
   94 K    0  2 -1 -1 -2  0  0  0 -1 -2 -1  3  1 -2  0  1  1 -3 -2 -2    3  16   0   0   0   2   2   7   0   1   5  30   6   1   4  10  12   0   0   0  0.19 0.04
   95 Y   -1  0  0 -2 -2  0  0 -2  0 -1  0  0  0  2 -2  0  0  0  4 -1    3   3   5   0   0   4   6   2   0   1  10   8   1  10   0   8   5   0  29   4  0.16 0.04
   96 V    1  0 -1 -1 -2  0  0  0 -2  0  0  0  0  0 -2  0  0 -2  0  1   21   6   0   2   0   2   9   5   0   3   5   4   0   6   0   5   7   0   3  21  0.04 0.02
   97 A    3  0 -1 -1 -1  0  0  0 -2 -1 -1  0 -1 -1 -2  1  1 -3 -2 -1   40   5   0   2   0   3   3   6   0   1   6   2   0   2   0  14  13   0   0   2  0.19 0.05
   98 E   -1  3  0 -1 -3  1  2 -2 -1 -2 -2  2 -1 -2 -1  0  1 -2  0 -2    3  27   2   0   0   4  20   0   0   2   1  14   1   0   1   6  12   0   6   0  0.28 0.05
   99 L    1 -1  0 -2 -2 -1 -1  1  0  0  1 -1  1  0  0  0  0 -2  0  0   13   3   4   0   0   0   5  12   2   7  21   4   6   3   4   4   6   0   3   3  0.03 0.01
  100 L   -3 -4 -4 -4 -4 -3 -5 -5 -4 -2  1 -4 10 -2 -5 -4 -3 -4 -1 -2    1   0   0   1   0   0   0   0   0   0   9   0  83   1   0   1   0   0   2   1  2.18 0.55
  101 V    6 -3 -3 -4 -3 -3 -3  0 -4 -3 -4 -3 -3 -4 -3  1 -2 -1 -3  0   76   0   0   0   0   0   0   5   0   0   0   0   0   0   0   8   0   1   0   8  1.03 0.35
  102 R   -2  4 -2 -3 -5 -1 -1 -4 -3 -5 -4  7 -4 -5 -3 -2 -2 -5 -4 -4    1  20   0   0   0   1   1   0   0   0   0  73   0   0   0   0   2   0   0   1  1.38 0.40
  103 R    3  1 -2  0 -4  1  5 -1 -2 -4 -4  0 -3 -5 -3 -1 -2 -4 -4 -3   28   7   0   2   0   5  44   5   0   0   1   3   0   0   0   2   1   0   0   1  0.64 0.25
  104 Y   -2  0 -1 -2 -5 -1 -1 -4  1 -3 -4  6 -3  0 -3 -2  1 -4  2 -2    2   1   1   1   0   1   1   0   4   1   0  65   0   3   0   1   9   0   8   2  0.89 0.32
  105 K   -5 -5 -4 -5 -5 -5 -3 -6 -3 -3 -2  0 -3  8 -6 -5 -5 -2  3 -4    0   0   1   0   0   0   2   0   0   0   0   7   0  81   0   0   0   0   8   0  1.93 0.47
  106 E   -2  0  0  3 -5  1  6 -4 -2 -3 -4 -1 -4 -5 -3 -1 -2 -5 -4 -1    1   3   3  14   0   5  62   0   0   1   0   2   0   0   0   2   1   0   0   6  0.98 0.32
  107 N   -4  8  1 -3 -6 -2 -3 -5 -3 -6 -5  0 -4 -6 -5 -3 -3 -6 -5 -5    0  89   8   0   0   0   0   0   0   0   0   0   0   0   0   1   1   0   0   0  1.98 0.50
  108 L   -1 -2  2 -1 -3 -2 -1 -3 -3 -2 -1  1 -2 -4 -3  3  5 -4 -3 -2    1   1  12   3   0   0   1   0   0   1   7  10   0   0   0  21  39   0   0   1  0.52 0.24
  109 P   -3 -1 -3 -4 -6 -1 -2 -4 -4 -5 -4  7 -4 -6  2 -3 -3 -6 -5 -5    0   0   0   0   0   0   0   0   0   0   1  89   0   0  10   0   0   0   0   0  1.77 0.49
  110 V   -3 -3 -4 -4 -5 -3 -2 -5 -5 -4 -4 -4 -4 -6  8 -3 -2 -6 -5  0    1   1   0   0   0   0   2   0   0   0   1   0   0   0  83   1   2   0   0   8  2.26 0.48
  111 E   -5 -2 -3 -4 -6 -3  1 -5 11 -7 -6 -4 -5 -5 -5 -4 -5 -6 -1 -6    0   1   0   0   0   0   7   0  92   0   0   0   0   0   0   0   0   0   0   0  2.98 0.63
  112 V   -2 -5 -5 -6  3 -5 -5 -5 -5  2  1 -4  0 -3 -5 -4 -2 -5 -4  6    2   0   0   0   6   0   0   0   0   6   8   0   2   0   0   0   0   0   0  76  1.19 0.36
  113 N   -5 -3  9 -2 -6 -3 -3 -3 -1 -6 -7 -3 -5 -6 -5 -2 -3 -7 -5 -6    0   0  99   0   0   0   0   0   1   0   0   0   0   0   0   0   0   0   0   0  2.51 0.59
  114 V   -3 -5 -6 -6 -3 -5 -5 -6 -6  6 -1 -5 -1 -3 -5 -4 -3 -5 -4  5    0   0   0   0   0   0   0   0   0  59   0   0   0   0   0   0   0   0   0  41  1.40 0.39
  115 A    0 -5 -3 -4 -5 -4 -5  7 -5 -6 -6 -4 -5 -6 -5 -3 -4 -5 -6 -6    7   0   0   0   0   0   0  93   0   0   0   0   0   0   0   0   0   0   0   0  2.01 0.46
  116 V   -3 -4 -3 -4 -4 -4 -4 -5 -5 -3 -4 -4 -3 -5 -4 -1  8 -5 -4  0    0   0   0   0   0   0   0   0   0   0   0   0   0   0   0   0  93   0   0   7  1.86 0.53
  117 M   -4 -6 -6 -6 -4 -5 -6 -7 -6  8 -1 -5  3 -3 -6 -5 -3 -5 -4  0    0   0   0   0   0   0   0   0   0  91   1   0   7   0   0   0   0   0   0   1  1.85 0.48
  118 G   -3 -5 -3 -4 -5 -5 -5  7 -5 -7 -7 -4 -6 -6 -5 -3 -4 -5 -6 -6    0   0   0   0   0   0   0 100   0   0   0   0   0   0   0   0   0   0   0   0  2.30 0.51
  119 H   -5 -4 -3 -5 -7 -3 -3 -6 11 -7 -6 -4 -5 -5 -6 -4 -5 -6 -2 -7    0   0   0   0   0   0   0   0 100   0   0   0   0   0   0   0   0   0   0   0  3.44 0.71
  120 V   -3 -5 -6 -6 -3 -5 -5 -6 -6  3 -2 -5 -2 -3 -5 -4 -3 -6 -4  7    0   0   0   0   0   0   0   0   0  13   0   0   0   0   0   0   0   0   0  87  1.62 0.45
  121 N   -5 -4  2  8 -6 -3 -1 -4 -4 -6 -7 -4 -6 -7 -4 -3 -4 -7 -6 -6    0   0   7  93   0   0   0   0   0   0   0   0   0   0   0   0   0   0   0   0  2.26 0.53
  122 A    0 -4 -3 -4 -6 -3 -3 -5 11 -7 -6 -4 -5 -5 -5 -4 -5 -6 -2 -6    7   0   0   0   0   0   0   0  93   0   0   0   0   0   0   0   0   0   0   0  3.03 0.65
  123 G   -3 -5 -3 -4 -5 -5 -5  7 -5 -7 -7 -4 -6 -6 -5 -3 -4 -5 -6 -6    0   0   0   0   0   0   0 100   0   0   0   0   0   0   0   0   0   0   0   0  2.30 0.51
  124 K   -3 -1 -3 -3 -6 -1 -2 -4 -3 -5 -5  8 -4 -6 -4 -3 -3 -6 -5 -5    0   0   0   0   0   0   0   0   0   0   0  98   0   0   0   0   0   0   0   0  2.04 0.53
  125 S   -2 -3 -2 -3 -3 -3 -3 -4 -4 -3 -4 -3 -3 -4 -3  1  7 -5 -4 -3    0   0   0   0   0   0   0   0   0   0   1   0   0   0   0   8  87   0   0   0  1.63 0.46
  126 T   -2 -3 -2 -3 -3 -3 -3 -4 -4 -3 -4 -3 -3 -4 -3  0  7 -5 -4 -3    1   0   0   0   0   0   0   1   0   0   1   1   0   0   0   4  90   0   0   0  1.70 0.47
  127 V   -3 -4 -5 -5 -3 -4 -5 -5 -5 -1  6 -4  0 -2 -5 -4  1 -4 -3  1    0   0   0   0   0   0   0   0   0   0  81   0   0   0   0   0   9   0   0   7  1.12 0.34
  128 T   -2 -4 -3 -4 -4 -3 -4 -4 -4 -3 -4 -3 -3 -5 -4  0  8 -5 -4 -3    1   0   0   0   0   0   0   0   0   0   1   0   0   0   0   3  94   0   0   0  1.89 0.53
  129 G    6 -4 -4 -4 -3 -3 -3  1 -4 -3 -2 -3 -3 -4 -3  0 -1 -5 -4 -3   81   0   0   0   0   0   0   8   0   0   4   0   0   0   0   3   3   0   0   0  1.16 0.38
  130 A    7 -4 -4 -4 -2 -3 -3 -2 -4 -4 -4 -3 -4 -5 -3 -1  0 -5 -4 -3   93   0   0   0   0   0   0   0   0   0   0   0   0   0   0   1   5   0   0   0  1.56 0.47
  131 L   -1 -5 -5 -5 -4 -5 -5 -6 -5  7  2 -5  0 -2 -5 -4 -2 -5 -4  0    5   0   0   0   0   0   0   0   0  76  16   0   1   0   0   0   1   0   0   0  1.35 0.39
  132 V    0 -4 -3 -4 -1 -3 -3 -4 -4 -2 -2 -3 -1 -4 -3  1  7 -5 -4  0    7   0   0   0   1   0   0   0   0   1   3   1   1   0   0   8  71   0   0   7  1.13 0.39
  133 L    0  0 -1 -3 -3 -1 -1 -3 -2 -1  0  5  3 -2 -3 -1  2 -4 -2 -2    6   2   1   0   0   1   1   0   1   4   9  43  10   1   0   2  16   0   1   1  0.44 0.22
  134 G    0 -1 -3 -4  1 -3 -3  0 -1  1 -1 -3 -1 -2 -4 -2  2 -2  0  5    6   4   0   0   2   1   0   7   2   2   1   0   0   1   0   1  14   0   3  55  0.53 0.25
  135 R   -1  1 -2 -4  1  1 -3 -4 -3 -1  5 -2  1 -1 -4 -2 -1 -3 -3 -1    4   9   1   0   3   7   0   1   0   1  62   1   3   1   0   2   4   0   0   1  0.57 0.24
  136 L    5 -3 -2 -3 -2 -2 -2 -1  2 -1  0 -2 -2 -3 -3  2  0 -4 -2 -1   52   0   1   0   0   0   0   4   6   2   9   0   0   0   0  17   5   0   1   1  0.54 0.25
  137 D    0  0  0  3 -1  0  2 -2  0 -2  0  2 -1 -3 -2  0  0 -4 -2 -2   10   2   3  23   2   2  15   1   2   0  10  16   1   1   0   5   4   0   0   2  0.25 0.13
  138 D    1  1  0  1 -3  1  0 -2  0 -2 -2  4 -1 -3 -2  0  0 -4 -2 -2   13   7   3   8   0   5   4   1   2   1   4  35   1   0   0   6   5   0   0   2  0.30 0.15
  139 G   -1 -1 -1 -2 -4 -2 -2  5 -2 -3 -2  0 -2  1 -2 -1 -2 -2  2 -2    1   3   2   1   0   1   1  56   1   0   3   7   1   6   1   3   2   0   8   2  0.69 0.23
  140 N   -1 -1  1 -1 -3  0 -2  2 -1 -2  1  0  1  0  1 -1 -1  1  0 -2    3   2  10   2   0   4   1  21   1   0  19   8   4   4   8   2   2   2   4   1  0.14 0.10
  141 G    3 -3 -2  0 -1 -2 -1  4 -3 -3 -3 -1 -3 -2 -1  1 -1 -3 -1 -3   36   0   1   4   1   0   3  33   0   0   1   2   0   2   2   8   3   0   2   0  0.52 0.20
  142 G    0 -1  1  0 -3  1  2  2 -1 -2 -1  2 -2 -2 -2  0  0 -2 -2 -2    4   1   9   4   0   6  17  18   0   2   6  14   0   1   1   5   7   1   1   2  0.19 0.10
  143 L    3 -2  1 -2 -2 -1 -1  0 -2 -1  0 -1 -1  3 -2  0 -1  0 -1  0   30   0   9   2   0   2   2   8   0   1  10   4   1  19   1   3   2   1   1   5  0.18 0.13
  144 R   -1  3 -1 -1 -2  1  2 -2 -2 -2 -1  3  0 -3 -1 -1  0 -4 -2 -2    3  22   1   3   1   5  12   2   0   1   7  26   2   1   2   2   6   0   1   2  0.33 0.15
  145 T    2 -1 -1  2 -2 -1  0 -1 -2 -2 -2  0 -2  0 -1  1  1 -2  0 -1   24   2   2  15   0   1   4   3   0   1   2   8   0   6   2   9  11   0   4   5  0.15 0.10
  146 A    1  0 -1 -1 -2  0 -1 -1 -1  0 -1  1  0  0 -1  0  0 -1  3  1   13   4   2   2   1   3   3   2   1   3   4  13   3   3   2   5   7   0  17  11  0.10 0.06
  147 I    2 -1  0  1 -1 -1  0  0 -1  0 -1  1 -1 -1  1  0 -1 -2 -1 -1   24   2   3  11   1   1   3   8   1   9   4  10   1   2   6   6   2   0   2   3  0.10 0.05
  148 A    0 -4 -4  0 -4 -4 -2 -4 -2 -3 -2 -4 -3  6 -5 -1 -3 -1  7 -3   11   0   0   7   0   0   2   1   0   1   1   0   0  31   0   4   1   0  41   0  1.11 0.35
  149 R    0  1  0  6 -3 -1  2 -1 -2 -1 -3 -1 -3 -4 -2  0 -2 -3 -3 -3    9   8   1  49   0   1  10   3   0   4   1   2   0   1   1   6   1   0   0   1  0.66 0.21
  150 H    0 -1  1  2 -3  4  2 -1  3 -3 -3  0 -1 -3 -2  1 -1 -3 -2 -2    7   1   7  10   0  26  15   3   7   1   1   2   2   1   1  12   3   0   1   2  0.37 0.16
  151 L   -3 -5 -5 -5 -4 -5 -5 -6 -5  7  1 -1 -1 -2 -4 -5 -3 -5 -2  0    1   0   0   0   0   0   0   0   0  83   8   4   0   0   1   0   0   0   1   2  1.46 0.42
  152 H   -3 -4 -1  8 -6 -3 -1 -2  3 -6 -6 -3 -6 -6 -4 -3 -4 -7 -4 -5    2   0   0  86   0   0   0   3   7   0   0   1   0   0   0   0   0   0   1   0  1.92 0.49
  153 E    1  0  4 -1 -4 -1  1  1 -2 -4 -4  4 -3 -5 -3  1 -2 -5 -4 -3   12   1  26   1   0   0   9   9   0   0   0  33   0   0   0   8   0   0   0   1  0.58 0.25
  154 V    6 -4 -4 -4 -3 -3 -3 -2 -4 -2 -4 -3 -3 -5 -3 -1 -1 -5 -4  1   83   0   0   0   0   0   1   0   0   1   0   0   0   0   0   2   3   0   0   9  1.25 0.41
  155 L   -2 -4 -5 -4 -5 -4 -3 -4 -5 -5 -1 -4 -4 -6  8 -3 -4 -6 -3 -2    2   1   0   0   0   0   1   1   0   0   7   0   0   0  83   1   0   0   1   3  2.25 0.51
  156 S   -3  0 -3 -1 -6 -1  7 -5 -3 -6 -6  0 -5 -6 -4  0 -3 -6 -5 -5    1   4   0   1   0   0  85   0   0   0   0   3   0   0   0   7   0   0   0   0  1.67 0.48
  157 G   -2 -3 -3  0 -6 -1  7  0 -3 -6 -6 -2 -5 -6 -4 -3 -4 -6 -5 -5    3   0   0   3   0   1  85   8   0   0   0   1   0   0   0   0   0   0   0   0  1.65 0.48
  158 R   -2  6 -3 -3 -6  0 -1 -4 -3 -4 -5  5 -4 -5 -4 -2 -3 -5 -4 -4    2  45   0   0   0   1   1   1   0   1   0  47   0   0   0   2   0   0   0   1  1.30 0.39
  159 T    4 -2 -1 -2 -4  1  4 -2 -3 -4 -4  0 -3 -5 -3 -1  1 -5 -4 -3   39   1   1   0   0   6  38   1   0   0   0   4   0   0   0   2   8   0   0   0  0.72 0.30
  160 S   -4  8 -3 -4 -6 -2 -3 -5 -3 -6 -5  1 -2 -6 -5  1 -4 -6 -5 -5    0  85   0   0   0   0   0   0   0   0   0   5   1   0   0   9   0   0   0   0  1.87 0.50
  161 S   -2 -4 -3 -3 -5 -2 -4  7 -4 -6 -6 -4 -5 -5 -4  0 -1 -5 -5 -5    1   0   0   1   0   2   0  85   0   0   0   0   0   0   0   7   3   0   0   0  1.70 0.42
  162 I   -4 -5 -6 -6 -4 -5 -6 -4 -6  8 -1 -5 -1 -3 -4 -4 -3 -5 -2  1    0   0   0   0   0   0   0   1   0  90   0   0   0   0   1   1   0   0   1   4  1.72 0.46
  163 T   -2 -3 -3 -4 -4 -3 -4 -4 -4 -4 -4 -3 -3 -5 -4 -1  8 -5 -4 -3    2   1   0   0   0   0   0   0   0   0   0   0   0   0   0   1  95   0   0   0  1.93 0.54
  164 L   -4 -4 -5 -4 -4 -5 -5 -6 -5  7  1 -4 -1 -2 -5 -5 -3 -5 -4  0    0   1   0   1   0   0   0   0   0  87   7   1   0   1   0   0   0   0   0   0  1.60 0.43
  165 R    1  1  6 -1 -4 -1 -2 -2 -2 -3 -4 -2 -4 -5 -3  3 -2 -5 -4 -4   13   7  48   1   0   1   1   0   0   2   0   1   0   0   0  25   0   0   0   0  0.90 0.32
  166 V   -1 -4 -3 -3 -3 -3 -3 -4 -4  2 -2 -3 -2 -4 -3  0  6 -5 -4  2    5   0   0   0   0   0   1   0   0  11   1   0   0   0   0   4  65   0   0  12  0.99 0.35
  167 I    5 -2 -3 -3 -3 -2 -3 -2 -3  0 -3 -2 -3 -4 -3  3 -1 -4 -4 -2   54   2   0   1   0   1   0   0   0   8   0   1   0   0   0  29   2   0   0   0  0.78 0.31
  168 G   -4 -3 -2 -3 -5 -3 -3  1 11 -6 -6 -3 -5 -4 -5 -4 -4 -5 -2 -6    0   0   0   1   0   0   0  10  86   0   0   1   0   0   0   0   0   0   0   0  2.71 0.61
  169 F   -3 -2 -5 -5 -3 -4 -5 -4 -5  3 -1 -3 -1  1 -5 -4 -2 -4 -3  6    0   2   0   0   0   0   0   1   0  13   1   1   0   7   0   0   0   0   0  74  1.14 0.36
  170 D   -3 -1 -3  2 -6 -1  7 -5 -3 -5 -5 -2 -5 -6 -4 -3 -3 -5 -5 -4    1   3   0   7   0   0  86   0   0   0   0   0   0   0   0   0   0   0   0   1  1.70 0.47
  171 D   -5 -4 -4  1 -5 -4 -4 -6 -1 -4 -4 -4 -4  0 -4 -4 -4 -1  9 -3    0   0   0  10   0   0   0   0   0   0   0   0   0   1   1   0   0   0  85   1  2.29 0.55
  172 S   -1 -1 -2  0 -5  3  6 -4 -2 -4 -4 -1 -4 -5 -3  1 -2 -5 -4 -4    4   2   1   4   0  15  58   0   0   1   0   1   0   0   0  12   1   0   0   0  0.99 0.33
  173 G   -2 -3 -2 -2 -3 -3 -2  0 -4 -3 -4 -3 -3 -4 -3  1  7 -5 -4 -3    0   0   0   2   0   0   1   7   0   0   0   0   0   0   0   8  78   0   0   0  1.35 0.42
  174 K   -1 -1  0  3 -3  0  4 -2 -1 -3 -3  2 -2 -3  1 -1 -2 -2 -2 -2    3   1   2  17   0   2  37   2   1   1   2  15   1   1   7   2   1   0   1   2  0.50 0.16
  175 I    1  0  0  0 -1  0  0  0  0  1  0  0  0  0  0  0  0  0  0  0   13   4   4   5   2   3   5   6   2  14   7   4   2   3   4   7   6   1   3   6  0.01 0.00
  176 V    0  0  0  0  0  0  0  0  0  0  0  0  0  0  0  0  0  0  0  0    7   6   4   5   2   4   5   6   2   4   9   6   2   3   5   6   5   1   3  14  0.01 0.00
  177 N    0  0  1  0 -1  0  0  0  0  0  0  0  0  0  0  0  0  0  0  0    7   5  11   5   2   4   6   7   2   6   8   5   2   3   5   6   7   1   3   6  0.02 0.00
  178 W    0  0  0  0 -1  0  0  0  0  0  0  0  0  0  0  0  0  4  0  0    7   5   4   5   2   4   6   6   2   6   9   5   2   3   5   6   5   8   4   7  0.05 0.00
  179 Q    0  0  0  0 -1  1  0  0  0  0  0  0  0 -1  0  0  1  0  0  0    8   4   4   5   2  11   5   6   2   4   8   5   2   3   4   7  10   1   3   6  0.04 0.00
  180 L    0  0  0  0  0  0  0  0  0  0  0  0  0  0  0  0  0  0  0  0    7   4   4   5   2   4   5   8   2   9  15   5   2   3   4   6   5   1   3   7  0.00 0.04
  181 K    0  0  0  0 -1  0  0  0  0 -1  0  1  0 -1  1  0  0  0  0  0   12   4   4   5   2   4   5   6   2   4   8  12   2   3   6   7   5   1   3   6  0.03 0.00
  182 D    0  0  0  1 -1  0  0  0  0  0  0  0  0 -1  0  0  0  0  0  0    7   4   4  12   2   4   5   8   3   5   8   5   2   3   4   6   8   1   3   7  0.03 0.00
  183 P    0  0  0  0 -1  0  0  0  0 -1  0  0  0 -1  2  1  0  0  0  0    7   4   4   6   2   4   5   6   2   4   8   5   2   3  11  11   5   1   3   6  0.07 0.00
  184 L    0  0  0  0 -1  0  0  0  2  0  0  0  0  0  0  0  0  0  0  0    7   4   4   5   2   4   6   6   7   4  16   5   2   3   4   6   5   1   3   6  0.01 0.00
  185 D    0  0  0  1 -1  0  0  0  0  0  0  0  0  0  1  0  0  0  0  0    7   4   4  11   2   4   5   6   2   4   8   5   2   3   6   6   5   1   3  11  0.02 0.00
  186 E    0  0  0  0 -1  0  2  0  0 -1 -1  0  0 -1  0  0  0  0  0  0    7   4   4   5   2   4  20   6   2   4   8   5   2   3   4   6   5   1   4   5  0.06 0.01
  187 A    1  0  0  0  0  0  0  0  0  0  0  0  0  0  0  0  0  0  1  0   14   4   4   5   2   4   5   6   2   4   8   6   2   3   4   7   5   1   9   5  0.02 0.00
  188 E    0  0  0  1 -1  1  2  0  0 -1 -1  0  0 -1  0  0  0  0  0  0    7   4   4   6   2   5  18   6   2   4   8   5   2   3   4   6   5   1   3   5  0.05 0.00
  189 T    0  0  0  0  0  0  0  0  0  0  0  0  0 -1  0  1  2  0  0  0    7   4   4   5   2   4   5   6   2   4   8   5   2   3   4   8  18   1   3   5  0.04 0.00
  190 T    0  0  0  0  0  0  0  0  0  0  0  0  0  0  1  0  1  0  0  0    7   5   4   5   2   5   7   7   2   5   8   5   2   3   6   6  12   1   3   6  0.03 0.00
  191 I    0  0  0  0  0  0  0  0  0  0  0  0  0  0  1  0  0  0  0  0    7   5   4   5   2   5   6   7   2  12   9   5   2   3   6   6   5   1   3   6  0.01 0.03
  192 K    0  0  0  0 -1  0  0  0  0  0  0  1  0  0  0  0  0  0  0  0    7   5   4   5   2   4   6   7   2   6   8  12   2   3   5   9   5   1   3   6  0.02 0.00
  193 S    2  0  0  1 -1  0  0  0 -1 -1 -1  0 -1 -1  0  1  0 -1 -1 -1   22   3   3   7   1   3   4   6   2   3   6   5   2   3   4  13   5   1   2   4  0.07 0.02
  194 T   -2 -1  5 -1 -4  0 -1 -1 -2 -4 -4  4 -3 -4 -2  0  2 -4 -3 -3    2   1  30   2   0   2   1   3   0   0   1  33   0   0   1   3  18   0   0   1  0.64 0.24
  195 K   -4  8 -3 -5 -6 -2 -3 -5 -3 -6 -5  2 -4 -6 -5 -4 -4 -3 -4 -6    0  92   0   0   0   0   0   0   0   0   0   7   0   0   0   0   0   0   0   0  2.18 0.54
  196 I   -5 -4 -3 -5 -6 -3 -4 -6 11  0 -6 -4 -5 -4 -6 -4 -5 -6 -1 -6    0   0   0   0   0   0   0   0  93   7   0   0   0   0   0   0   0   0   0   0  3.05 0.67
  197 V   -5 -5 -5 -6 -6 -5 -5 -6 -2 -4 -4 -5 -4  0 -6 -5 -5 -1 10  0    0   0   0   0   0   0   0   0   0   0   0   0   0   0   0   0   0   0  93   7  2.71 0.63
  198 R    6  1 -4 -3 -3 -3 -3 -2 -4 -4 -4 -3 -4 -5 -3  0 -3 -5 -4 -3   87   7   0   1   0   0   0   0   0   0   0   0   0   0   0   5   0   0   0   0  1.39 0.45
  199 L   -5 -4 -3 -5 -6 -3 -4 -6 11 -6 -1 -4 -4 -4 -6 -4 -5 -6 -2 -6    0   0   0   0   0   0   0   0  93   0   7   0   0   0   0   0   0   0   0   0  3.02 0.67
  200 I   -3 -5 -6 -6 -3 -5 -5 -6 -6  4 -1 -5 -1 -3 -5 -4 -2 -5 -4  7    0   0   0   0   0   0   0   0   0  19   0   0   0   0   0   0   1   0   0  79  1.48 0.43
  201 D   -5 -5 -2  8 -7 -3 -1 -4 -4 -6 -7 -4 -6 -7 -5 -3 -4 -8 -6 -6    0   0   0 100   0   0   0   0   0   0   0   0   0   0   0   0   0   0   0   0  2.54 0.59
  202 L    0 -6 -6 -7 11 -6 -7 -5 -6 -4 -1 -6 -3 -5 -6 -4 -4 -6 -6 -4    7   0   0   0  85   0   0   0   0   0   7   0   0   0   0   0   0   0   0   0  2.96 0.62
  203 G   -4 -4 -5 -5 -6 -4 -4  0 -5 -6 -6 -4 -6 -7  9 -4 -4 -7 -6 -6    0   1   0   0   0   0   0   7   0   0   0   0   0   0  92   0   0   0   0   0  2.79 0.60
  204 G   -3 -5 -3 -4 -5 -5 -5  7 -5 -7 -7 -4 -6 -6 -5 -3 -4 -5 -6 -6    0   0   0   0   0   0   0 100   0   0   0   0   0   0   0   0   0   0   0   0  2.31 0.53
  205 H   -5 -4 -3 -5 -7 -3 -4 -6 11 -7 -6 -4 -5 -5 -6 -4 -5 -6 -2 -7    0   0   0   0   0   0   0   0 100   0   0   0   0   0   0   0   0   0   0   0  3.46 0.72
  206 E    7 -4 -4 -4 -3 -3  1 -3 -4 -4 -4 -3 -4 -5 -4 -1 -3 -5 -5 -2   91   0   0   0   0   0   8   0   0   0   0   0   0   0   0   0   0   0   0   1  1.51 0.47
  207 R   -5  1 -2  8 -7 -3 -1 -4 -4 -6 -7 -3 -6 -7 -5 -3 -4 -7 -6 -6    0   7   0  93   0   0   0   0   0   0   0   0   0   0   0   0   0   0   0   0  2.24 0.55
  208 Y   -5 -5 -6 -7 -6 -5 -5 -7 -1 -5 -4 -5 -4  1 -6 -5 -5 -1 10 -5    0   0   0   0   0   0   0   0   0   0   0   0   0   2   0   0   0   0  98   0  2.98 0.67
  209 L   -3 -5 -5 -6 -3 -5 -5 -6 -6  5  1 -5 -1 -3 -5 -4 -3 -5 -4  6    0   0   0   0   0   0   0   0   0  31   7   0   0   0   0   0   0   0   0  62  1.25 0.37
  210 R   -4  2 -3 -4 -6 -1 -2 -5 -4 -6 -5  8 -4 -6 -4 -3 -4 -6 -5 -5    0   7   0   0   0   0   0   0   0   0   0  93   0   0   0   0   0   0   0   0  1.96 0.53
  211 T   -4 -3  9 -2 -6 -3 -3 -4 -2 -6 -6 -3 -5 -6 -5 -2  1 -7 -5 -6    0   0  93   0   0   0   0   0   0   0   0   0   0   0   0   0   7   0   0   0  2.30 0.58
  212 T   -4 -5 -5 -6 -5 -4 -5 -6 -5 -2 -1 -5 11 -3 -6 -5  0 -5 -4 -3    0   0   0   0   0   0   0   0   0   0   0   0  93   0   0   0   7   0   0   0  2.77 0.68
  213 L   -4 -6 -6 -6 -4 -5 -6 -7 -6  8  1 -5 -1 -3 -6 -5 -3 -5 -4  1    0   0   0   0   0   0   0   0   0  87   7   0   0   0   0   0   0   0   0   6  1.72 0.46
  214 K   -3 -4 -3 -4 -4 -3 -4 -5 -5 -4 -4  0 -4 -5 -4 -1  8 -6 -5 -3    0   0   0   0   0   0   0   0   0   0   0   7   0   0   0   1  92   0   0   0  1.88 0.55
  215 G   -3 -5 -3 -4 -6 -5 -5  7 -5 -7 -7 -4 -6 -6 -5 -3 -5 -5 -6 -6    0   0   0   0   0   0   0 100   0   0   0   0   0   0   0   0   0   0   0   0  2.32 0.53
  216 L    0  0  0  0  0  0  0  0  0  0  0  0  0  0  0  0  0  0  0  0    8   5   4   5   2   4   6   7   2   5  15   5   2   4   5   7   6   1   3   6  0.01 0.02
  217 L    0  0  0  0  0  0  0  0  0  0  0  0  0  0  0  0  0  0  0  0    7   5   4   5   2   4   6   7   2   5  15   5   2   4   5   7   5   1   3   7  0.01 0.02
  218 G    7 -4 -4 -4 -3 -3 -4  0 -4 -4 -4 -3 -4 -5 -3 -1 -3 -5 -4 -3   91   0   0   0   0   0   0   7   0   0   0   1   0   0   0   0   0   0   0   0  1.53 0.47
  219 Y    7 -4 -4 -5 -3 -3 -4 -3 -4 -4 -4 -3 -4 -4 -4 -1 -3 -5  2 -3   92   0   0   0   0   0   0   0   0   0   0   0   0   0   0   1   0   0   7   0  1.55 0.48
  220 E   -3 -2 -1 -3 -6  8  1 -5 -2 -6 -5 -2 -4 -6 -4 -2 -3 -5 -4 -5    0   0   2   0   0  88   7   0   0   0   0   0   0   0   0   1   1   0   0   0  2.09 0.58
  221 V   -4 -5 -6 -7 -5 -4 -5 -6 -5 -2 -1 -5 11 -3 -5 -5 -3 -5 -4  1    0   0   0   0   0   0   0   0   0   0   0   0  92   0   0   0   0   0   0   7  2.74 0.67
  222 N   -5 -4  2  8 -7 -3 -1 -4 -4 -6 -7 -4 -6 -7 -5 -3 -4 -7 -6 -6    0   0   8  92   0   0   0   0   0   0   0   0   0   0   0   0   0   0   0   0  2.27 0.54
  223 Y   -2 -5 -3 -4 -5 -4 -5  7 -4 -6 -6 -4 -5 -5 -5 -2 -4 -5  2 -5    1   0   0   0   0   0   0  90   0   0   0   0   0   0   0   1   0   0   7   0  1.93 0.47
  224 V    6 -4 -4 -4 -1 -3 -4 -1 -4 -3 -3 -3 -3 -5 -4 -1 -2 -5 -4  0   87   0   0   0   1   0   0   4   0   0   1   0   0   0   0   1   0   0   0   7  1.35 0.44
  225 M   -4 -6 -6 -6 -4 -5 -6 -7 -6  8 -1 -5  3 -3 -6 -5 -3 -5 -4  0    0   0   0   0   0   0   0   0   0  91   0   0   7   0   0   0   0   0   0   2  1.88 0.50
  226 L   -4 -5 -6 -6 -4 -5 -5 -6 -5  2  6 -5  0 -2 -5 -5 -4 -4 -4 -1    0   0   0   0   0   0   0   0   0   8  90   0   0   0   0   0   0   0   0   2  1.47 0.41
  227 V   -3 -5 -6 -6 -3 -5 -5 -6 -6  0 -2 -5 -2 -4 -5 -5 -2 -6 -4  7    0   0   0   0   0   0   0   0   0   0   0   0   0   0   0   0   1   0   0  99  1.91 0.52
  228 V   -3 -5 -6 -6  4 -5 -5 -6 -6  1 -2 -5 -2 -4 -5 -4 -3 -6 -4  7    0   0   0   0   8   0   0   0   0   2   0   0   0   0   0   0   0   0   0  91  1.70 0.48
  229 G    4 -3 -1 -2 -3 -3 -3  1 -3 -4 -4 -3 -4 -5 -3  5 -1 -5 -4 -3   40   0   2   1   0   0   0   8   0   0   0   0   0   0   0  49   0   0   0   0  0.97 0.36
  230 A    7 -4 -4 -4 -3 -4 -4  0 -4 -4 -4 -3 -4 -5 -4 -1 -3 -5 -5 -3   93   0   0   0   0   0   0   6   0   0   0   0   0   0   0   1   0   0   0   0  1.58 0.48
  231 D    4 -3 -2  1 -3 -2 -2 -2 -4 -3 -3 -3 -3 -4 -1  1  5 -5 -4 -1   38   0   0  10   0   1   0   0   0   0   1   0   0   0   3   7  38   0   0   3  0.71 0.30
  232 D   -5 -5 -1  8 -7 -3 -1 -4 -4 -6 -7 -4 -6 -7 -5 -3 -4 -8 -6 -6    0   0   0  99   0   0   1   0   0   0   0   0   0   0   0   0   0   0   0   0  2.48 0.58
  233 G   -3 -5 -3 -4 -5 -5 -5  7 -5 -7 -7 -4 -6 -6 -5 -2 -4 -5 -6 -6    0   0   0   0   0   0   0  99   0   0   0   0   0   0   0   1   0   0   0   0  2.26 0.52
  234 L   -2 -3 -5 -4 -5  1 -4 -5 -5 -4 -1 -4 -4 -6  8 -3 -4 -6 -5 -1    3   1   0   0   0   8   0   0   0   0   7   0   0   0  77   0   0   0   0   4  2.05 0.49
  235 S   -4 -5 -5 -6 -5 -4 -5 -6 -5 -2 -1 -5 11 -3 -6  0 -4 -5 -4 -3    0   0   0   0   0   0   0   0   0   0   0   0  93   0   0   7   0   0   0   0  2.75 0.68
  236 I    0 -4 -5 -5 -5 -4 -4 -5 -5  0 -5 -4 -5 -6  8 -4 -4 -7 -6 -4    7   1   0   0   0   0   0   0   0   7   0   0   0   0  85   0   0   0   0   0  2.42 0.54
  237 M   -4 -2 -3 -4 -6  9 -1 -5 -3 -6 -5 -2  3 -6 -5 -3 -4 -5 -5 -5    0   0   0   0   0  93   0   0   0   0   0   0   7   0   0   0   0   0   0   0  2.35 0.63
  238 G   -3 -4 -3 -4 -4 -4 -4  0 -5 -4 -4 -4 -4 -5 -4 -1  8 -6 -5 -3    0   0   0   0   0   0   0   7   0   0   0   0   0   0   0   0  93   0   0   0  1.90 0.55
  239 K   -4  8 -3 -4 -6 -1 -3 -5 -3 -6 -5  3 -4 -6 -5 -3 -3 -6 -5 -5    0  81   0   0   0   0   0   0   0   0   0  18   0   0   0   0   0   0   0   0  1.91 0.50
  240 E   -4 -3 -3 -1 -7 -1  8 -5 -3 -6 -6 -2 -5 -6 -4 -3 -4 -6 -5 -6    0   0   0   0   0   0 100   0   0   0   0   0   0   0   0   0   0   0   0   0  2.25 0.59
  241 H   -5 -4 -3 -5 -7 -3 -4 -6 11 -7 -6 -4 -5 -5 -6 -4 -5 -6 -2 -7    0   0   0   0   0   0   0   0 100   0   0   0   0   0   0   0   0   0   0   0  3.47 0.73
  242 L   -3 -5 -6 -6 -3 -5 -5 -6 -6  7  2 -5  0 -2 -5 -5 -3 -5 -4  3    0   0   0   0   0   0   0   0   0  66  16   0   1   0   0   0   0   0   0  17  1.27 0.36
  243 A    0 -5 -6 -6 -4 -5 -5 -6 -5 -1  6 -5  0 -2 -5 -5 -4 -4 -4 -1    7   0   0   0   0   0   0   0   0   1  92   0   0   0   0   0   0   0   0   0  1.44 0.42
  244 L   -4 -5 -6 -7 -4 -5 -6 -7 -6 -1  6 -5  0 -2 -6 -5 -4 -4 -4 -2    0   0   0   0   0   0   0   0   0   0 100   0   0   0   0   0   0   0   0   0  1.73 0.47
  245 A    6 -4 -4 -4 -2 -3 -3  0 -4 -4 -4 -3 -3 -5 -3  2 -2 -5 -4 -3   80   0   0   0   0   0   0   4   0   0   0   0   0   0   0  15   0   0   0   0  1.27 0.42
  246 S   -3  7 -2 -4 -6 -1 -2 -4  0 -6 -5  3 -4 -5 -4  0 -3 -5 -4 -5    0  72   0   0   0   0   0   0   2   0   0  17   0   0   0   8   0   0   0   0  1.56 0.44
  247 V   -4 -2 -2 -4 -6  9 -1 -5 -3 -5 -5 -2 -3 -6 -5 -3 -4 -5 -5  0    0   1   1   0   0  91   0   0   0   0   0   0   0   0   0   0   0   0   0   7  2.17 0.61
  248 L   -3 -5 -6 -6 -3 -5 -5 -6 -6  1  0 -5 -1 -3 -5 -4 -3 -6 -4  7    0   0   0   0   0   0   0   0   0   1   7   0   1   0   0   0   0   0   0  91  1.63 0.47
  249 K   -2 -4  2 -3 -5 -2 -3  7 -4 -6 -6  0 -5 -6 -5 -3 -4 -5 -5 -6    0   0  10   1   0   1   1  80   0   0   0   7   0   0   0   0   0   0   0   0  1.59 0.41
  250 F   -3 -5 -6 -6 -4 -5 -5 -6 -6  1 -2 -5 -2  1 -5 -4 -3 -5 -3  7    0   0   0   0   0   0   0   0   0   4   0   0   0   7   0   0   0   0   0  89  1.60 0.46
  251 P   -4 -3 -4 -3 -6  1 -2 -5 -4 -6 -6 -2 -5 -7  8 -4 -4 -7 -6 -5    0   1   1   1   0   6   2   0   0   0   0   2   0   0  87   0   0   0   0   0  2.51 0.55
  252 I   -2 -4 -2 -4 -3 -2 -4 -5 -4  6  2 -3  2 -1 -5 -3 -2 -4  2  1    2   1   2   0   0   2   0   0   0  58  16   1   6   0   0   1   0   0   8   2  0.83 0.29
  253 F   -3 -5 -5 -6 -3 -5 -5 -6 -5  3  1 -5  0  1 -5 -4 -2 -4 -3  6    0   0   0   0   0   0   0   0   0  18   8   0   1   7   0   0   0   0   0  66  1.11 0.35
  254 V   -3 -6 -6 -6 -3 -5 -5 -6 -6  0 -2 -5 -2 -4 -5 -5 -3 -6 -4  7    0   0   0   0   0   0   0   0   0   0   0   0   0   0   0   0   0   0   0  99  1.92 0.53
  255 V   -1 -5 -6 -6 -3 -5 -6 -6 -4 -2 -2 -5 -2  8 -6 -5 -4 -1  1  3    5   0   0   0   1   0   0   0   0   0   0   0   0  72   0   0   0   0   2  21  1.67 0.45
  256 I   -3 -4 -5 -6 -3 -4 -5 -6 -5  2  5 -4  5 -2 -5 -4 -3 -4 -3  1    0   0   0   0   0   0   0   0   0  12  64   0  17   0   0   0   0   0   0   7  1.09 0.33
  257 T   -4 -3  9 -2 -6 -3 -3 -4 -2 -6 -6 -3 -5 -6 -5 -2  1 -7 -5 -6    0   0  93   0   0   0   0   0   0   0   0   0   0   0   0   0   7   0   0   0  2.29 0.58
  258 K   -4 -1 -3 -4 -6 -2 -2 -5 -4 -6 -6  8 -4 -6 -4 -3 -4 -6 -5 -5    0   0   0   0   0   0   0   0   0   0   0 100   0   0   0   0   0   0   0   0  2.18 0.57
  259 V    2 -4 -4 -2  7 -2  0 -4 -4  1 -2 -3 -1 -4 -4 -1 -1 -5 -4  4   17   0   0   1  27   1   7   0   0   6   0   1   1   0   0   3   2   0   0  34  0.73 0.27
  260 D   -5 -5 -2  8 -6 -3 -1 -4 -4 -6 -6 -4 -6 -6 -4 -3 -4 -7 -6 -6    0   0   0  98   0   0   0   0   0   0   1   0   0   0   0   0   0   0   0   0  2.44 0.57
  261 K   -1 -3 -4 -3 -4  3 -1 -4 -3 -1  1  1  8 -3 -4 -3 -1 -4 -3 -1    6   0   0   1   0  16   3   0   0   2  11   9  47   0   0   0   3   0   0   2  0.90 0.35
  262 Y   -1 -4 -4 -3 -3 -3  2 -5 -4  1  0 -3  0 -2 -4 -3 -2 -4  2  5    4   0   0   1   0   0  15   0   0   5   5   0   2   0   0   0   0   0   7  60  0.72 0.29
  263 P   -3 -3 -1  7 -5 -2  2 -4 -3 -4  1 -3 -4 -5  1 -2 -3 -6 -5 -4    1   0   0  64   0   0  10   0   0   0  14   0   0   0   8   1   0   0   0   0  1.18 0.36
  264 E   -3 -4 -1  7 -5 -2  2 -4 -4 -4  0 -3 -4 -5 -1 -3 -3 -6 -5 -3    1   0   0  69   0   0  11   0   0   0  13   0   0   0   3   0   0   0   0   1  1.33 0.39
  265 D    0 -2 -2  2 -5  0  5 -4 -3 -5 -4  0 -4 -5  4 -2 -3 -5 -4 -4    9   1   0  12   0   1  45   0   0   0   1   4   0   0  24   1   0   0   0   0  0.96 0.32
  266 R   -3  1 -3  0 -5 -1  6 -5 -3 -3  3 -2  0 -4 -4 -3 -3 -5 -4 -3    0   7   0   2   0   0  59   0   0   0  28   0   2   0   0   0   0   0   0   0  0.97 0.36
  267 I   -2 -4 -5 -4 -3 -3 -4 -5 -5  3  4 -4  4 -2 -5 -4 -2 -4 -3  3    1   0   0   1   0   1   0   0   0  16  47   0  11   0   0   0   0   0   0  22  0.79 0.26
  268 K   -3 -2 -3 -1 -4 -1  3 -5 -3  2  4  0  0 -2 -2 -3 -3 -4 -3 -1    0   0   0   3   0   1  29   0   0  11  45   7   1   0   1   0   0   0   0   2  0.55 0.25
  269 G   -3 -3 -3  3 -5 -1  5  0 -3 -3  1 -2  4 -4 -4 -2 -3 -5 -4 -3    0   0   0  14   0   0  45   7   0   0  16   0  16   0   0   0   0   0   0   0  0.76 0.31
  270 I   -3 -3 -4 -2 -3 -2  3 -5 -4  1  4 -3  0 -2 -4 -3 -3 -4 -3  1    0   0   0   1   0   0  24   0   0   8  55   0   0   0   0   0   0   0   0  10  0.67 0.27
  271 V   -2 -4 -4 -4 -3 -3  1 -5 -5  1 -1 -3  0 -3 -4 -3 -2 -5 -3  6    1   0   0   0   0   0   9   0   0   5   2   1   1   0   0   0   0   0   0  78  1.15 0.37
  272 N   -3  4  1  0 -5  0  5 -4 -2 -4 -2 -1  2 -4 -3 -2 -3 -4 -4 -4    0  24   7   2   0   1  51   0   0   0   2   1   7   0   0   0   0   0   0   1  0.89 0.31
  273 D   -3 -2 -2  3 -5 -1  7 -4 -2 -4 -3 -2 -2 -4 -3 -2 -3 -4 -4 -4    1   1   0  14   0   0  74   1   0   1   3   1   1   0   1   1   1   0   0   1  1.33 0.37
  274 I   -2 -3 -4 -4 -2 -3 -2 -4 -4  3  3 -3  3 -2 -4 -3  0 -3 -3  4    0   0   0   0   0   0   3   0   0  20  30   0   8   0   0   0   4   0   0  30  0.57 0.20
  275 K   -3  6 -3 -4 -4 -1 -2 -4 -2 -2  2  1 -1 -3 -4 -3 -2 -4 -3  0    0  52   0   0   0   1   1   0   1   0  26   8   0   0   0   1   1   0   0   8  0.83 0.29
  276 S   -2 -1  0  3 -4 -1  5 -3 -2 -4 -4 -2 -4 -5 -3  3 -1 -5 -4 -4    0   2   3  19   0   1  44   1   0   0   1   0   0   0   0  25   2   0   0   1  0.83 0.29
  277 V   -2 -2 -2 -2 -3 -1  1 -4 -3  0  4 -1  0  0 -3 -1 -1 -3 -2  1    1   1   2   1   0   3  12   0   0   1  56   4   1   2   0   4   3   0   0   8  0.44 0.20
  278 L   -3 -4 -4 -4 -4 -3  0 -5 -3 -1  5 -4  0 -1 -4 -4 -3 -2  5 -2    0   0   0   0   0   0   7   0   0   0  63   0   1   0   0   0   0   0  25   0  0.99 0.33
  279 K   -1 -2  1  3 -3 -1  1 -2 -2 -2 -1  1 -2 -3 -2  3  1 -4 -3 -1    1   0   6  17   0   1  11   1   0   1   6  10   0   0   0  30  10   0   0   5  0.32 0.17
  280 I   -2  1 -1 -2 -3  0  2 -3 -1  0 -2  2 -1  4 -3  1  0 -2  0 -2    2   6   1   1   0   4  15   1   1   7   1  16   0  26   0  11   4   0   2   0  0.29 0.16
  281 P   -3 -3 -2 -2 -4 -1  0 -4 -1 -3 -3 -3 -3  0  5 -3 -3 -1  7 -1    1   1   1   2   0   3   6   1   0   1   1   1   0   1  30   1   0   0  45   4  1.17 0.34
  282 G   -1  0  0  0 -3 -1  0  5 -2 -3 -1 -1 -2 -3 -2 -1 -2 -3 -3 -3    2   5   3   6   0   2   6  54   1   1   8   2   1   1   1   2   1   0   1   2  0.61 0.17
  283 I   -1 -1 -1  1 -2 -1  0 -2 -1  1  0 -1 -1  4 -1 -1 -1  0  3 -1    3   2   2   9   1   2   8   3   1   9  10   2   1  24   2   3   2   1  11   3  0.17 0.06
  284 N   -1  0  2  2 -1  0  1 -1 -1 -1 -1  0 -1 -1  2  0  0 -1 -1 -1    4   3  15  17   1   2   7   4   1   3   9   4   1   2   9   8   4   1   2   3  0.15 0.04
  285 R    0  1  0 -1 -1  0  0  2 -1  0  0  0 -1 -1 -1  0  0 -1 -1 -1    5  10   3   3   1   3   6  20   1   7  10   6   1   2   3   6   4   1   2   4  0.06 0.02
  286 L    0 -1  0  2 -1  0  0 -1  0 -1  0  0 -1  0  1  0  0 -1  2 -1    5   3   3  15   2   3   6   4   1   3  13   3   1   2   9   8   4   1  11   4  0.08 0.03
  287 A    1  0  1  1 -1  0  1  0 -1 -1 -1  0 -1 -1  0  0  0 -1 -1  0   14   3   7  11   1   4  14   5   1   5   5   6   1   3   3   6   4   1   2   5  0.07 0.02
  288 L   -1 -1 -1 -1 -1 -1 -1 -1 -1  1  1 -1  0  2 -1 -1  0  0  2  1    5   3   3   3   1   3   4   4   1  10  11   3   2  15   3   4   7   1   7  12  0.05 0.02
  289 E   -1 -1 -1  2 -2  0  2 -1 -1 -2 -2  0 -2 -2  5  0 -1 -2 -2 -2    5   3   2  13   1   4  18   3   1   2   3   3   1   2  31   5   2   0   1   2  0.52 0.12
  290 V   -1 -2 -2 -2 -2 -2 -2  3 -2  0 -1 -2 -1  3 -2 -1 -2 -2  0  2    3   1   1   2   1   1   2  32   1   6   3   2   1  20   2   2   2   0   2  17  0.31 0.12
  291 E   -2 -1 -1  4 -2 -1  2 -2 -2  0 -2 -1 -2 -2  3 -1 -1 -3 -1  0    2   2   1  34   1   2  12   2   1   7   3   2   1   2  16   3   2   0   2   7  0.43 0.13
  292 D   -1  0  1  4 -2 -1  1  3 -1 -2 -2  0 -2 -2 -1  0 -1 -2 -2 -2    3   5   7  28   1   2   9  22   1   2   3   5   1   1   3   3   2   0   1   2  0.32 0.10
  293 E   -1 -2 -1  4 -2 -1  2  1 -2  1 -2 -2 -2 -3 -1 -1  2 -3 -2 -1    3   1   1  30   1   1  12  11   0  12   2   1   0   1   2   2  15   0   1   3  0.31 0.14
  294 D   -2 -2  1  5 -3 -1  0 -2 -2 -2 -3 -2 -3 -3  5  0 -2 -3 -3 -3    2   1   5  34   0   1   6   2   0   2   2   1   0   1  32   5   2   0   1   1  0.82 0.20
  295 D    0 -2 -2  1 -1 -2 -2 -2 -3  4  0 -2  0 -1 -2 -1  1 -3 -2  2    9   1   1   8   1   1   1   2   0  36   4   1   1   2   2   2  12   0   1  14  0.26 0.13
  296 V   -1 -3 -3 -3 -1 -2 -2 -3 -3  3 -1 -2  0 -1  5 -2 -1 -3 -3  2    3   1   1   1   1   1   1   1   0  23   3   1   2   2  36   1   2   0   1  18  0.71 0.20
  297 V   -1  1 -2 -3 -2  0 -2  0 -2  2  0  0  1 -1 -1 -2 -1 -3 -2  3    4  10   1   1   1   3   2   8   1  17   4   6   3   3   2   1   3   0   1  31  0.17 0.11
  298 N   -1 -2  1 -1 -3 -3 -3  4 -3  3 -2 -2 -2 -3 -3  1 -1 -4 -3  1    1   2   8   3   0   0   0  33   0  22   1   1   0   0   0  15   1   0   0  13  0.41 0.20
  299 S    2  3 -1 -1 -1  0 -1 -2 -1 -3 -3  1 -3 -4 -2  4  0 -4 -3 -3   19  18   1   2   1   3   1   1   1   0   1   6   0   0   1  40   3   0   0   1  0.49 0.23
  300 I    3 -3 -3 -3 -3 -3 -3  3 -3  1  1 -2 -1 -3 -3 -1 -1 -4 -3  0   30   1   0   0   0   0   0  29   0  10  17   2   0   0   0   2   2   0   0   6  0.40 0.18
  301 L   -1 -2 -2 -3  1 -1 -1 -3 -3 -1  3 -1  0 -2  0  3 -1 -4 -2 -1    2   2   0   0   3   2   3   1   0   0  39   3   1   0   4  35   2   0   0   1  0.39 0.22
  302 A    5 -3 -2 -3  2 -2 -2  0 -3 -2 -3  1 -1 -4 -2 -1 -2 -4 -3 -1   65   0   1   0   5   1   1   6   0   2   1   8   2   0   2   2   0   0   0   3  0.71 0.29
  303 I    3 -3 -4 -4 -3 -3 -3 -3 -4  2  4 -3  0  0 -3 -2 -2 -4 -2  0   28   0   0   1   0   0   1   1   0  13  49   0   0   2   1   0   1   0   1   3  0.56 0.24
  304 K   -2  1 -1 -2 -4  0  2 -1 -2 -1  1  4  0 -3 -2 -1 -2 -4 -1 -2    1   4   1   1   0   3  17   5   0   2  18  37   3   0   1   2   1   0   2   2  0.36 0.19
  305 T    4 -2  1 -1 -2 -1  2  1 -2 -3 -3 -1 -3 -4 -3  0  1 -4 -3 -2   45   0   8   2   0   1  17  10   0   1   1   2   0   0   0   2   9   0   0   1  0.48 0.23
  306 R   -1  1 -1  1 -2 -1 -2  2 -2  0  3 -1  1 -2 -2 -1 -2 -3 -2 -1    2   8   3   8   0   1   2  16   0   3  41   3   3   1   1   6   0   0   0   1  0.21 0.15
  307 R    0  2  1  1 -4  1  4 -2 -1 -2 -3  1 -2 -4  1  0  0 -4 -3 -2    8  14   6   7   0   5  33   3   1   2   1   5   1   0   5   3   4   0   0   1  0.37 0.16
  308 V    0 -1  1  1  1  0  0  3 -2 -2 -1  0 -2 -3 -2  0  0 -3 -3  0    6   2   8  11   4   5   7  27   0   0   5   4   0   0   1   5   4   0   0   8  0.20 0.09
  309 V   -1 -1  2  4 -2 -1  0  1 -1 -2 -3  0 -2 -3  1  0 -1 -3 -3  0    5   1  11  32   1   2   5   9   1   1   2   7   1   0   7   5   3   0   0   9  0.32 0.13
  310 P    0 -1 -1 -1  1 -1  2 -2 -2 -3 -3  0 -2 -3  6  0 -1  1 -2 -2    9   2   3   3   4   1  13   2   1   1   2   5   0   1  40   6   2   2   1   1  0.70 0.17
  311 I    0 -1  0  0 -2  0  1  0 -1  2  1  0  0 -1 -1 -1  0  1 -1  1    5   2   4   4   1   2  11   7   1  23  11   8   1   1   2   3   4   2   1   7  0.04 0.04
  312 F    0  0  0  0 -2  0  0  1 -1  0  0  0  0  1  0  0  0  2  1 -1    5   3   4   7   1   3   6  15   1   8   7   6   2   9   3   4   5   4   5   4  0.03 0.02
  313 K    0  1 -1  0 -2  1  1  2 -1 -2 -2  2 -1 -2  1  0  0 -2 -2 -1    6   7   2   3   1   6   8  16   1   2   3  22   1   1   6   3   6   0   1   5  0.16 0.06
  314 I   -1 -1  0  2 -1  0  1  0 -1  0 -1  0 -1 -2  2  0  0 -2 -2  0    4   3   4  13   2   4  14   5   1  10   4   7   1   1   9   5   5   0   1   7  0.10 0.04
  315 S    1 -1  1  1  2  0  1  0 -1 -2 -2  0 -2 -2 -1  2  0 -2 -2 -2   14   1   8   8   4   2  11   7   1   1   2   5   1   1   2  25   4   1   1   2  0.19 0.09
  316 N    0  0  2  1 -2  1  3 -1 -1 -1 -1  2 -1 -2  0  0 -1 -2 -2 -1    8   3  10   6   1   4  24   2   1   5   4  15   1   1   4   4   2   1   1   2  0.19 0.08
  317 V    0 -2 -2 -2 -2 -1 -2  2 -2  0 -2 -1 -2 -1 -2 -2 -2  9  0  1    7   2   2   3   1   2   3  14   1   5   3   3   1   1   1   2   2  34   2  12  0.81 0.20
  318 S    0 -1 -1  0  1  0  2  0 -1 -1 -2  0 -1 -2 -1  1  0 -1 -1  1    6   2   2   3   5   2  22   8   1   2   2   3   1   1   1  12   6   1   2  17  0.12 0.08
  319 G    1 -1  0  3 -2  1  1  1 -1 -2 -2  1 -2 -3  0  0 -1 -1 -2 -2   14   2   3  22   1   5  10  13   1   1   2  11   1   1   3   3   2   1   1   3  0.22 0.08
  320 K    1  1 -1 -1  2  0  0 -1 -1 -2 -2  5 -2 -3  1  0 -1 -3 -2 -2   11   4   1   2   4   3   2   3   1   2   2  44   1   1   6   6   3   0   1   3  0.37 0.14
  321 G   -2 -4 -4 -4 -2 -4 -4  0 -4  6  0 -4 -1 -2 -4 -3 -2  1 -3  2    2   1   0   1   0   0   1   8   0  68   2   1   0   1   1   1   1   2   0  11  0.97 0.30
  322 L   -2 -1 -2  0 -2 -1  0 -3 -1  1  2 -1  3  1 -3 -2 -1  3  1  0    2   2   1   5   0   3   5   2   1   6  29   4  13   4   0   1   2   5   6   7  0.20 0.11
  323 D   -1 -1 -1  3 -5  1  5 -3 -1 -4 -4  3 -4 -5 -3 -1 -2 -5 -4 -4    6   1   2  20   0   3  45   1   1   0   0  17   0   0   0   2   2   0   0   0  0.80 0.27
  324 L   -4 -5 -6 -6 -4 -5 -5 -6 -5 -1  6 -4  0 -2 -6 -5 -4 -4 -4 -2    0   0   0   0   0   0   0   0   0   0  98   1   0   0   0   0   0   0   0   0  1.65 0.46
  325 L   -1 -4 -5 -6 -4 -3 -5 -5 -4  0  3 -4  9 -1 -5 -4 -3 -4 -1  0    5   0   0   0   0   0   0   0   0   2  24   0  61   1   0   0   0   0   1   5  1.47 0.44
  326 I    0 -2  1  5 -4  0  3 -3 -1  0 -4  1 -3 -3 -3 -1 -2 -5 -4 -3    9   1   8  38   0   3  21   0   1   7   0   9   0   1   0   1   1   0   0   1  0.62 0.23
  327 K    5 -3 -2 -3 -3 -1  0 -2 -2 -2 -4  1 -3 -4 -3  0  1 -5 -3 -2   66   0   2   0   0   2   6   1   1   2   0   8   0   0   0   3   7   0   0   1  0.76 0.31
  328 F   -2 -5 -5 -5  2 -4 -5 -5 -5  2  2 -4  2  1 -5 -4 -2 -4 -3  6    1   0   0   0   4   0   0   0   0   6  15   0   5   7   0   0   0   0   0  62  0.92 0.31
  329 L   -5 -5 -2  8 -6 -3 -1 -4 -4 -5 -1 -4 -3 -6 -5 -3 -4 -7 -6 -6    0   0   0  92   0   0   0   0   0   0   8   0   1   0   0   0   0   0   0   0  2.13 0.53
  330 N    0 -1  2  1 -4 -1  4 -3 -2 -4 -4 -1 -3 -5 -3  3  2 -5 -4 -3    7   1  13   7   0   1  32   0   0   0   0   2   0   0   0  22  15   0   0   0  0.57 0.24
  331 L   -3 -4 -2 -4 -5 -4 -4 -5  1 -4 -1 -4 -3  2 -6 -2 -3  6  8 -4    1   0   2   1   0   0   0   0   3   0   7   1   0   5   0   2   1  12  65   0  1.71 0.45
  332 L   -4 -6 -6 -6 -4 -5 -6 -6 -6  7  1 -5 -1  0 -5 -5 -3 -5 -4  2    0   0   0   0   0   0   0   0   0  83   7   0   0   3   0   0   0   0   0   7  1.57 0.43
  333 P   -3 -4 -5 -3 -6 -3 -1 -5 -4 -6 -6 -3 -6 -7  9 -3 -4 -7 -6 -5    1   1   0   1   0   1   4   0   0   0   0   1   0   0  91   1   0   0   0   0  2.69 0.58
  334 P   -2 -3 -1  2 -4  1  3 -4 -3 -2  0 -2 -2 -4  1 -1  4 -5 -4 -2    1   0   1  10   0   5  24   0   0   2   9   0   0   0   7   0  39   0   0   0  0.57 0.27
  335 E   -4 -4 -5 -4 -6 -4  0 -5 -5 -6 -6 -4 -6 -7  9 -4 -4 -7 -6 -6    0   1   0   0   0   0   7   0   0   0   0   0   0   0  92   0   0   0   0   0  2.80 0.60
  336 A    1 -2 -2  0 -4  2  4 -3 -2 -2 -3  1 -2 -4  0 -1  0 -5 -3  2   11   0   0   2   0  11  40   0   0   1   0   7   0   0   4   1   4   0   0  18  0.50 0.24
  337 K   -4  8 -3 -5 -6 -2 -3 -5 -2 -6 -5  2 -4 -6 -5 -4 -4 -6 -5 -6    0  92   0   0   0   0   0   0   1   0   0   7   0   0   0   0   0   0   0   0  2.18 0.54
  338 N    1 -3  1  5 -4 -1  3 -3 -3 -4 -4 -1 -4 -5  1 -1 -2 -5 -4 -3   16   0   8  39   0   1  23   0   0   1   1   1   0   0   8   1   0   0   0   1  0.75 0.26
  339 L   -1 -3 -2 -3 -2 -2 -2 -4 -3  3  2 -1  0 -2 -3 -1  3 -4 -3  3    2   0   1   0   0   0   2   0   0  19  19   4   1   1   0   1  26   0   0  23  0.40 0.19
  340 D   -5 -4 -1  8 -6 -3  2 -4 -4 -6 -6 -3 -6 -6 -4 -3 -4 -7 -6 -6    0   0   0  89   0   0  10   0   0   0   0   0   0   0   0   0   0   0   0   0  2.14 0.52
  341 D   -3  0 -1  1 -4  2 -1 -3 -3 -4 -4  7 -3 -4 -3 -2 -2 -4 -4 -4    1   1   1   8   0  10   1   1   0   0   1  72   0   0   0   1   1   0   0   1  1.19 0.36
  342 R    0  1  0  1 -1  0  0  0  0 -1  0  0  0 -1  0  0  0  0  0  0    8  12   4   8   2   4   6   7   2   4   8   5   2   3   5   7   5   1   3   5  0.03 0.00
  343 G    0  0  0  0  0  0  0  1  0 -1  0  0  0 -1  0  0  0  0  0  0    6   6   4   4   2   3   5  16   2   4  11   7   2   3   4   6   5   1   3   5  0.03 0.00
  344 A    1 -4 -4 -3 -5 -4 -3 -4 -4 -5 -4 -3 -4 -5  8 -3 -1 -5 -5 -4   11   0   0   1   0   0   0   0   0   0   1   0   0   0  79   1   4   0   0   0  2.13 0.47
  345 P   -5 -6 -6 -5 -5 -6 -6 -6 -4 -3 -2 -6 -3  9  1 -5 -5 -2  0 -4    0   0   0   1   0   0   0   0   0   0   1   0   0  91   7   0   0   0   0   0  2.33 0.55
  346 L   -4 -5 -6 -6 -4 -5 -5 -5 -5  0  6 -5  2 -2 -5 -4 -4 -4 -4 -2    0   0   0   0   0   0   0   1   0   1  93   0   3   0   0   1   0   0   0   0  1.51 0.43
  347 V   -4 -5 -6 -6 -5 -4 -5 -6 -5 -1  1 -5 10 -3 -6 -5 -4 -5 -4  1    0   0   0   0   0   0   0   0   0   1   9   0  83   0   0   0   0   0   0   7  2.34 0.60
  348 Y    2 -3 -4 -4 -4 -3 -4 -4 -4 -5 -5 -3 -5 -5  8  0 -3 -2  2 -4   15   1   0   0   0   0   0   0   0   0   0   0   0   0  68   8   0   1   7   0  1.79 0.45
  349 I   -3 -5 -6 -6 -3 -5 -5 -6 -6  6 -1 -5 -1 -3 -5 -4 -3 -5 -4  5    0   0   0   0   0   0   0   0   0  49   0   0   0   0   0   0   0   0   0  51  1.38 0.40
  350 D   -4 -3 -3  1 -7 -1  7 -5 -3 -6 -6 -2 -5 -6 -4 -3 -4 -6 -5 -6    0   0   0   7   0   0  93   0   0   0   0   0   0   0   0   0   0   0   0   0  2.01 0.54
  351 E   -5 -4 -1  8 -7 -3  2 -3 -4 -6 -7 -3 -6 -7 -4 -3 -4 -7 -6 -6    0   0   1  90   0   0   9   1   0   0   0   0   0   0   0   0   0   0   0   0  2.15 0.52
  352 I   -3 -5 -6 -6 -3 -5 -5 -6 -6  3 -2 -5 -2 -3 -5 -4 -2 -6 -4  7    0   0   0   0   0   0   0   0   0  11   0   0   0   0   0   0   1   0   0  87  1.59 0.45
  353 Y   -5 -6 -6 -7 -5 -6 -6 -6 -3 -3 -2 -6  0  9 -7 -5 -5 -2  3 -3    0   0   0   0   0   0   0   0   0   0   1   0   2  89   0   0   0   0   8   0  2.37 0.54
  354 N   -2 -3  1 -3 -3 -3 -3 -3 -3 -4 -5 -3 -4 -5 -3  6  4 -5 -4 -4    0   0   7   0   0   0   0   1   0   0   0   0   0   0   0  67  25   0   0   0  1.22 0.43
  355 V   -4 -6 -6 -6 -4 -6 -6 -7 -6  8 -1 -6 -2 -3 -6 -5 -3 -6 -4  2    0   0   0   0   0   0   0   0   0  93   0   0   0   0   0   0   0   0   0   7  1.93 0.50
  356 T   -1 -3 -2 -3 -3  0 -2 -3 -4 -4 -4  0 -3 -5 -1  4  6 -5 -4 -3    3   0   0   0   0   3   1   0   0   0   0   6   0   0   3  32  52   0   0   0  0.95 0.36
  357 G   -3 -5 -3 -4 -6 -5 -5  7 -5 -7 -7 -4 -6 -6 -5 -3 -5 -5 -6 -6    0   0   0   0   0   0   0 100   0   0   0   0   0   0   0   0   0   0   0   0  2.32 0.53
  358 V   -4  8 -3 -5 -6 -2 -3 -5 -3 -5 -5 -1 -4 -6 -5 -4 -4 -6 -5  0    0  93   0   0   0   0   0   0   0   0   0   0   0   0   0   0   0   0   0   7  2.15 0.55
  359 G   -3 -5 -3 -4 -6 -5 -5  7 -5 -7 -7 -4 -6 -6 -5 -3 -5 -5 -6 -6    0   0   0   0   0   0   0 100   0   0   0   0   0   0   0   0   0   0   0   0  2.32 0.53
  360 T   -3 -4 -3 -4 -4 -4 -4 -5 -5 -4 -4 -4 -4 -5 -4 -2  8 -6 -5 -3    0   0   0   0   0   0   0   0   0   0   0   0   0   0   0   0 100   0   0   0  2.18 0.60
  361 V   -3 -6 -6 -6 -4 -5 -5 -6 -6  0 -2 -5 -2 -4 -5 -5 -3 -6 -4  7    0   0   0   0   0   0   0   0   0   0   0   0   0   0   0   0   0   0   0 100  1.95 0.53
  362 V    4 -4 -4 -5 -2 -4 -4 -2 -5  0 -2 -4 -2 -4 -4 -2 -2 -5 -4  5   42   0   0   0   0   0   0   2   0   1   0   0   0   0   0   1   0   0   0  53  0.98 0.36
  363 L   -3 -4 -3 -4 -4 -4 -4 -4 -5 -3 -1 -4 -3 -5 -4  1  7 -5 -4 -3    0   0   0   0   0   0   0   0   0   0   7   0   0   0   0   6  87   0   0   0  1.67 0.51
  364 G   -2 -5 -3 -4 -5 -5 -5  7 -5 -7 -7 -4 -6 -6 -5 -3 -4 -5 -6 -6    1   0   0   0   0   0   0  99   0   0   0   0   0   0   0   0   0   0   0   0  2.30 0.52
  365 S   -4  8 -3 -4 -6 -2 -3 -4 -3 -6 -5  1 -4 -6 -5  0 -3 -6 -5 -5    0  88   0   0   0   0   0   1   0   0   0   3   0   0   0   7   1   0   0   0  1.95 0.51
  366 V   -2 -5 -5 -6 -2 -5 -5 -6 -6  5 -1 -5 -1 -3 -5 -4 -3 -5 -4  6    1   0   0   0   0   0   0   0   0  37   1   0   0   0   0   0   0   0   0  60  1.32 0.39
  367 V   -4 -3 -3  1 -6 -1  7 -5 -3 -5 -5 -2 -5 -6 -4 -3 -4 -6 -5  0    0   0   0   4   0   0  89   0   0   0   0   0   0   0   0   0   0   0   0   7  1.80 0.51
  368 R   -3  8 -3 -4 -5  0 -3 -5 -3 -6 -5  0 -4 -6 -5 -2  0 -6 -4 -5    1  86   0   0   0   3   0   0   0   0   0   2   0   0   0   2   6   0   0   0  1.86 0.50
  369 G   -3 -5 -3 -4 -5 -5 -5  7 -5 -7 -7 -4 -6 -6 -5 -3 -4 -5 -6 -6    0   0   0   0   0   0   0 100   0   0   0   0   0   0   0   0   0   0   0   0  2.31 0.53
  370 K   -1  0 -2 -3 -3  0 -1 -4 -3  3 -1  2  0 -3 -3 -1  2 -4 -3  3    2   5   1   0   0   5   2   0   0  24   1  16   1   0   0   2  13   0   0  28  0.37 0.20
  371 L   -1 -4 -5 -5 -2 -4 -5 -5 -5  4  3 -4  0 -2 -5 -4 -2 -4 -3  4    3   0   0   0   1   0   0   0   0  25  31   0   0   0   0   0   0   0   0  39  0.84 0.28
  372 N   -3  1  3 -2 -4 -1 -1 -4  2 -5 -5  6 -4 -5 -3 -2 -1 -5 -4 -4    1   6  17   0   0   0   1   0   5   0   0  65   0   0   1   1   3   0   0   1  1.12 0.37
  373 N   -2 -2  1 -4 -3 -3 -3 -4 -4  2  0  0 -1 -3 -1 -2  0 -5 -3  5    1   2   7   0   0   0   0   1   0   7   7   7   1   0   3   1   7   0   0  57  0.60 0.26
  374 N   -2 -4  4  0 -5 -2 -4  6 -3 -6 -6 -3 -3 -6 -4 -1 -3 -5 -5 -5    0   0  23   4   0   1   0  69   0   0   0   0   1   0   0   2   0   0   0   0  1.43 0.39
  375 E   -3 -3 -2  6 -6  0  5 -4 -3 -5 -6 -2 -5 -6 -4 -1 -2 -6 -5 -4    1   0   0  49   0   2  42   0   0   0   0   0   0   0   0   4   1   0   0   0  1.36 0.39
  376 S   -1 -2 -1  0 -5  0  6 -3 -3 -4 -5 -1 -4 -5  0  1  2 -5 -4 -3    2   0   3   3   0   1  59   1   0   0   0   2   0   0   5  10  12   0   0   1  0.90 0.33
  377 V   -2 -5 -5 -5 -1 -5 -4 -6 -6  4  0 -5 -1 -3 -5 -4 -2 -5 -4  6    1   0   0   0   1   0   1   0   0  18   4   0   0   0   0   0   0   0   0  75  1.30 0.39
  378 L   -3 -3 -3  0 -6  1  7 -5 -3 -2 -1 -2 -3 -5 -4 -2 -3 -5 -5 -4    1   0   0   3   0   3  81   0   0   3   8   0   0   0   0   1   0   0   0   0  1.47 0.45
  379 I   -4 -6 -6 -6 -4 -5 -6 -6 -6  7  1 -5 -1 -2 -5 -5 -3 -5 -4  1    0   0   0   0   0   0   0   0   0  85   9   0   0   1   0   0   0   0   0   4  1.65 0.44
  380 G   -2 -4 -3 -4 -3 -3 -3  1 -4  2 -1 -3 -1 -2 -3 -3 -2 -4 -3  6    1   1   1   1   0   1   1  11   0   9   3   1   0   0   1   1   1   0   0  67  0.83 0.27
  381 P    0 -1 -1 -1 -1 -1 -1  4 -1 -1 -1 -1 -1 -1  2 -1 -1 -1 -1 -1    4   3   2   3   1   2   3  39   1   5   6   3   2   2  10   4   3   1   2   3  0.30 0.06
  382 N   -1 -1  1 -1 -1 -1 -1  0  0  2  1 -1  1  0 -1 -1 -1 -1  0  0    4   2   9   2   1   2   3   7   4  19  20   4   5   3   2   3   3   1   2   4  0.04 0.04
  383 K   -1  1  0 -2 -4 -1 -2  5  0 -5 -4  2 -3 -3 -3  0 -2 -4 -3 -4    4   7   4   1   0   2   1  57   2   0   1  14   1   1   0   5   2   0   0   0  0.82 0.26
  384 L   -1 -2 -2  1 -2 -2 -1 -3 -2  3  2 -2  1  0 -1 -2  0 -2 -1  1    2   1   2   9   0   1   5   2   1  29  28   1   2   4   2   2   4   0   1   4  0.22 0.11
  385 G   -1  4 -1 -1 -4  0  1  2  0 -3 -3  4 -3 -4  0 -1  0 -3 -3 -3    4  23   1   1   0   2   9  17   2   1   1  28   0   0   3   2   4   0   0   1  0.44 0.17
  386 E   -1 -2  0  4 -5  0  4 -3 -3 -4 -4 -1 -3 -5  3  0 -2 -5 -4 -4    6   1   2  27   0   1  35   0   0   0   0   2   0   0  17   5   1   0   0   1  0.79 0.26
  387 F   -2 -2 -1 -2 -3 -2 -2 -3 -2  0 -2  0 -2  1  1  0  6 -4 -2  0    2   1   2   2   0   0   1   1   1   4   2   5   0   8   6   5  55   0   0   5  0.63 0.27
  388 K   -1  3 -2 -2 -4  3 -1 -3 -2  0 -1  3  0 -2 -3 -1  1 -4 -3  0    3  18   0   0   0  17   1   1   0   6   7  27   2   1   0   2   8   0   0   6  0.36 0.18
  389 E   -2  0  0 -2 -4  0  1 -3 -3 -4 -4  6 -3 -5 -3  1  2 -5 -4 -3    1   1   3   1   0   1  10   0   0   0   0  57   0   0   0   9  16   0   0   0  0.87 0.32
  390 V   -1 -4 -3 -4 -2 -3 -3 -4 -4 -2 -3 -3 -3 -4 -4  2  7 -5 -4  1    2   0   0   0   1   0   0   0   0   1   0   0   0   0   0  15  71   0   0  10  1.23 0.42
  391 K   -2 -3 -3 -3 -3 -3 -3 -4 -4  1 -2  1 -2 -3 -3 -2  5 -4 -3  4    1   0   0   0   0   0   0   0   0   5   0  11   0   0   0   0  46   0   0  33  0.78 0.31
  392 I   -1 -5 -5 -5  6 -5 -5 -5 -5  3 -1 -5 -2 -3 -5 -3 -2 -5 -4  6    5   0   0   0  19   0   0   0   0  13   1   0   0   0   0   0   0   0   0  61  1.17 0.36
  393 K   -3 -4 -3 -4 -4 -3 -4 -5 -5 -3 -4  0 -4 -5 -4 -1  8 -5 -5 -3    0   0   0   0   0   0   0   0   0   0   0   7   0   0   0   0  92   0   0   0  1.86 0.54
  394 S   -2 -5 -3 -1 -5 -4 -4  7 -4 -6 -6 -4 -5 -6 -4  1 -4 -5 -5 -6    1   0   0   4   0   0   0  83   0   0   0   0   0   0   0  11   0   0   0   0  1.71 0.43
  395 I   -2 -5 -5 -5 -3 -5 -5 -6 -5  5  1 -5  0 -3 -5 -4 -2 -5 -3  5    1   0   0   0   0   0   0   0   0  38  10   0   1   0   0   0   0   0   0  51  1.12 0.34
  396 Q   -4 -3 -3 -1 -7  2  7 -5 -3 -6 -6 -2 -5 -6 -4 -3 -4 -6 -5 -5    0   0   0   0   0   7  93   0   0   0   0   0   0   0   0   0   0   0   0   0  2.04 0.55
  397 V   -4 -5 -5 -6 -5 -4 -5 -6 -5 -2 -1 -5 10 -3 -6 -5  0 -5 -4  1    0   0   0   0   0   0   0   0   0   0   0   0  88   0   0   0   5   0   0   7  2.52 0.64
  398 N   -5 -6  1 -6 -6 -6 -6 -6 -1 -3 -3 -6 -3  9 -7 -5 -5 -2  0 -4    0   0   7   0   0   0   0   0   1   0   0   0   0  92   0   0   0   0   0   0  2.38 0.56
  399 K   -4  7  0 -3 -6  3 -2 -4  3 -5 -5  3 -4 -5 -4 -3 -3 -5 -4 -5    0  60   4   0   0  12   0   0   7   0   0  17   0   0   0   0   0   0   0   0  1.32 0.39
  400 V   -4 -1 -3 -4 -6 -1 -2 -5 -4 -5 -5  8 -4 -6 -4 -3 -3 -6 -5  0    0   0   0   0   0   1   0   0   0   0   0  92   0   0   0   0   0   0   0   7  1.83 0.52
  401 F   -2 -3 -2 -3 -3  0  0 -4 -3  1  3 -3  1  1 -3  0  2 -3 -2  0    1   0   1   1   0   5   6   0   0  10  39   0   2   7   1   9  16   0   0   3  0.31 0.18
  402 V   -4 -5 -6 -6  1 -4 -5 -6 -5 -1  6 -5  2 -2 -5 -5 -3 -4 -3  1    0   0   0   0   4   0   0   0   0   0  84   0   5   0   0   0   0   0   0   7  1.31 0.39
  403 D   -4 -4  0  8 -6 -2  1 -4 -4 -6 -6 -2 -6 -6 -3 -3 -3 -7 -6 -6    0   0   2  86   0   1   8   0   0   0   0   1   0   0   1   0   0   0   0   0  1.98 0.49
  404 S   -2  1 -2 -1 -4  4  5 -4 -2 -5 -3 -1 -3 -1 -3  1 -2 -4  1 -4    1   7   0   1   0  21  44   0   0   0   1   2   0   3   0  13   1   0   5   0  0.74 0.29
  405 V    3 -4 -3 -4 -2 -3 -4  5 -4 -4 -4 -3 -4 -5 -4  0 -2 -5 -5  0   30   0   0   0   1   0   0  55   0   0   0   0   0   0   0   5   2   0   0   7  1.02 0.32
  406 L   -3  2 -3 -2 -4  4  3 -4 -2  0  1 -1  3 -2 -4 -2 -3  0 -3  0    0  12   0   0   0  27  26   0   0   6  12   0   8   1   0   0   0   1   0   5  0.51 0.25
  407 A    7 -4 -4 -5 -3 -4 -4 -3 -5 -4 -4 -4 -4 -5 -2 -1 -3 -5 -5 -3   98   0   0   0   0   0   0   0   0   0   0   0   0   0   2   0   0   0   0   0  1.73 0.51
  408 G   -3 -5 -3 -4 -6 -5 -5  7 -5 -7 -7 -4 -6 -6 -5 -3 -5 -5 -6 -6    0   0   0   0   0   0   0 100   0   0   0   0   0   0   0   0   0   0   0   0  2.32 0.53
  409 N   -4 -4  2  8 -6 -3  2 -4 -4 -6 -6 -3 -6 -6 -4 -3 -4 -7 -6 -6    0   0   7  84   0   0   9   0   0   0   0   0   0   0   0   0   0   0   0   0  1.98 0.49
  410 I   -4 -4  8 -2 -6 -3 -3 -4 -2  0 -6 -3 -5 -6 -5 -2 -3 -7 -5 -5    0   0  92   0   0   0   0   0   0   7   0   0   0   0   0   0   0   0   0   0  2.22 0.57
  411 A    1 -4 -4 -5  2 -4 -4 -4 -5  4 -1 -4 -1 -3 -4 -1 -2 -5 -3  5   15   0   0   0   5   0   0   0   0  23   2   0   0   0   0   4   1   0   0  51  0.79 0.29
  412 T   -2 -5 -3 -4 -5 -4 -5  7 -5 -6 -6 -4 -5 -6 -5 -3  0 -5 -6 -6    1   0   0   0   0   0   0  92   0   0   0   0   0   0   0   0   7   0   0   0  2.00 0.48
  413 F    2 -4 -4 -4  2 -3 -4 -4 -4  2  3 -4  0  1 -4 -2 -2 -3 -2  3   23   0   0   0   5   0   0   0   0  15  29   0   1   7   0   0   1   0   0  21  0.46 0.20
  414 A    0 -5 -6 -6 -4 -5 -5 -6 -5 -1  6 -5  0 -2 -5 -5 -4 -4 -4 -2    7   0   0   0   0   0   0   0   0   0  93   0   0   0   0   0   0   0   0   0  1.47 0.43
  415 I   -4 -5 -6 -6 -3 -5 -5 -6 -5  2  6 -5  0 -2 -5 -5 -3 -4 -3  0    0   0   0   0   0   0   0   0   0  10  85   0   1   0   0   0   0   0   0   3  1.35 0.39
  416 Q   -4  8 -3 -5 -7  2 -3 -5 -3 -6 -5 -1 -4 -6 -5 -4 -4 -6 -5 -6    0  93   0   0   0   7   0   0   0   0   0   0   0   0   0   0   0   0   0   0  2.23 0.56
  417 G   -3 -5 -3 -4 -5 -5 -5  7 -5 -7 -7 -4 -6 -6 -5 -3 -4 -5 -6 -6    0   0   0   0   0   0   0  99   0   0   0   0   0   0   0   1   0   0   0   0  2.28 0.52
  418 I   -3 -4 -4 -5 -3 -4 -5 -5 -5  5  0 -4 -1 -2 -4 -3  3 -5 -3  4    0   0   0   0   0   0   0   0   0  45   5   0   0   0   0   0  18   0   0  31  0.93 0.31
  419 E   -2  1  0  3 -5  3  3 -1 -2 -5 -4  4 -3 -5 -3 -1 -1 -5 -4 -4    2   4   3  15   0  12  19   4   0   0   0  36   0   0   0   2   2   0   0   0  0.65 0.25
  420 K   -4  7 -3 -4 -6 -1 -2 -5 -2 -6 -5  5 -4 -6 -4 -3 -4 -6 -4 -5    0  59   0   0   0   0   0   0   0   0   0  41   0   0   0   0   0   0   0   0  1.65 0.45
  421 E   -2 -2  1  4 -5 -1  5 -3 -2 -5 -5  1 -4 -5 -3 -1  1 -5 -4 -4    2   0   6  26   0   0  48   0   0   0   0   7   0   0   0   2   8   0   0   0  0.96 0.32
  422 S   -2 -3  0  6 -5  2  4 -1 -3 -5 -5 -2 -4 -6 -3  0 -3 -6 -5 -5    2   0   2  49   0   9  27   3   0   0   0   0   0   0   0   8   0   0   0   0  1.07 0.33
  423 L   -3 -5 -5 -6 -3 -5 -5 -6 -5  5  1 -5 -1 -3 -5 -4 -3 -5 -3  5    0   0   0   0   0   0   0   0   0  38  10   0   0   0   0   0   0   0   0  52  1.16 0.35
  424 R   -3  2 -2 -1 -6  2  6 -4 -2 -5 -4  1 -3 -5 -4 -2 -3 -4 -4 -3    0  12   1   0   0   8  66   0   0   0   0   8   0   0   0   1   0   0   0   2  1.18 0.38
  425 K   -4  8 -3 -5 -6 -2 -3 -5 -3 -6 -5  2 -4 -6 -5 -4 -4 -6 -5 -6    0  92   0   0   0   0   0   0   0   0   0   7   0   0   0   0   0   0   0   0  2.19 0.55
  426 G   -3 -5 -3 -4 -6 -5 -5  7 -5 -7 -7 -4 -6 -6 -5 -3 -5 -5 -6 -6    0   0   0   0   0   0   0 100   0   0   0   0   0   0   0   0   0   0   0   0  2.32 0.53
  427 M   -4 -3 -4 -4 -5  7 -2 -5 -3 -4 -3 -2  8 -5 -5 -4 -4 -5 -4 -4    0   0   0   0   0  60   0   0   0   0   0   0  40   0   0   0   0   0   0   0  1.95 0.57
  428 V   -3 -5 -6 -6 -2 -5 -5 -6 -6  1 -2 -5 -2 -4 -5 -5 -3 -6 -4  7    0   0   0   0   0   0   0   0   0   2   0   0   0   0   0   0   0   0   0  97  1.85 0.51
  429 M   -2 -4 -5 -6 -2 -4 -5 -5 -5  3  5 -4  3 -2 -5 -4 -3 -4 -3  2    2   0   0   0   1   0   0   0   0  14  64   0   8   0   0   0   0   0   0  10  0.96 0.30
  430 V    5 -4 -4 -4  6 -3 -4 -3 -4 -2 -3 -3 -3 -4 -4  0 -2 -5 -4  1   63   0   0   0  17   0   0   0   0   2   0   1   0   0   0   4   1   0   0  12  1.03 0.36
  431 K   -2 -1 -3 -3 -6 -1 -2 -4  0 -5 -5  7 -4 -6  3 -3 -3 -6 -5 -5    3   0   0   0   0   0   0   0   2   0   0  78   0   0  17   0   0   0   0   0  1.55 0.46
  432 G   -2 -5 -1 -3 -5 -4 -5  7 -5 -6 -6 -4 -5 -6  1 -3 -4 -5 -6 -6    0   0   3   0   0   0   0  88   0   0   0   0   0   0   9   0   0   0   0   0  1.87 0.46
  433 I   -1 -3 -2 -3 -1 -1 -3 -3 -4  0 -4 -2 -3 -5 -3  6  4 -5 -3 -3    2   0   0   0   1   2   0   0   0   7   0   0   0   0   0  64  24   0   0   0  1.04 0.39
  434 P   -3 -5 -5 -5 -2 -5 -5 -6 -5  6 -1 -5 -1 -3  1 -4 -1 -5 -2  3    1   0   0   0   0   0   0   0   0  65   0   0   0   0   7   0   4   0   1  21  1.15 0.36
  435 K   -2 -1  0 -3 -4  0 -2 -4  1 -3 -3  4 -1 -5 -3 -1  5 -5 -4 -3    0   0   4   0   0   2   0   0   4   1   1  35   1   0   0   1  49   0   0   1  0.92 0.36
  436 V    0 -4 -5 -4 -1 -4 -4 -5 -5 -4 -5 -4 -5 -6  8 -2 -2 -6 -5  0    6   1   0   0   2   0   0   0   0   0   0   0   0   0  79   3   2   0   0   7  2.15 0.50
  437 V   -5 -4 -2 -5 -6 -3 -3 -5 11 -5 -5 -4 -5 -3 -6 -4 -5 -4  0  0    0   0   0   0   0   0   0   0  89   0   0   0   0   1   0   0   0   0   2   7  2.84 0.64
  438 R   -2  2 -2 -1 -2 -1 -2 -4 -2 -3 -4  2 -3 -4 -3  0  6 -5 -4 -2    2  11   1   2   0   2   0   0   1   1   0  14   0   0   0   4  60   0   0   1  0.91 0.35
  439 R   -3  2  0 -1 -5  1  1 -3  1 -5 -4  6 -3 -5 -3 -2 -1 -5 -3 -4    0   9   4   2   0   5   9   0   4   0   0  61   0   0   0   1   3   0   0   0  0.95 0.32
  440 F   -4 -6 -6 -7 -4 -6 -6 -6 -4 -3 -2 -6 -3  9 -7 -5 -5 -2  0 -3    1   0   0   0   0   0   0   0   0   0   0   0   0  96   0   0   0   0   0   1  2.56 0.58
  441 K   -2  0 -1 -1 -5  0  4 -4 -2 -3 -1  4 -1 -4 -3 -1  0 -5 -4 -2    1   3   1   2   0   1  37   0   0   0   7  35   1   0   0   2   7   0   0   2  0.66 0.27
  442 A    5 -4 -3 -4  0 -3 -3  3 -4 -4 -4 -3 -3 -5 -3  1 -2 -5 -4 -2   67   0   0   0   2   0   0  19   0   0   1   0   0   0   0   8   1   0   0   2  1.00 0.35
  443 R   -2  1  0 -1 -5  4  5 -4 -2 -5 -5 -1 -4 -5 -3  1 -2 -5 -4 -4    1   7   3   0   0  23  51   0   0   0   0   0   0   0   0  11   2   0   0   0  1.01 0.35
  444 V    0 -5 -5 -5 -3 -4 -5 -5 -5  3  0 -5  1 -2 -5 -4 -2 -5 -3  6    7   0   0   0   0   0   0   0   0  11   5   0   2   0   0   0   0   0   0  74  1.16 0.37
  445 F   -5 -5 -5 -7 -6 -5 -5 -6 -1 -4 -4 -5 -4  3 -6 -5 -5 -1 10 -4    0   0   0   0   0   0   0   0   0   0   0   0   0   7   0   0   0   0  92   0  2.78 0.63
  446 I   -1 -5 -5 -6 -1 -5 -5 -6 -6  5 -1 -5 -1 -3 -5 -4 -3 -5 -4  6    3   0   0   0   1   0   0   0   0  36   0   0   0   0   0   0   0   0   0  59  1.25 0.38
  447 L   -4 -5 -6 -6 -4 -4 -6 -7 -6 -1  6 -5  0 -2 -6 -5 -4 -4 -4 -2    0   0   0   0   0   0   0   0   0   0  99   0   0   0   0   0   0   0   0   0  1.71 0.47
  448 H   -1 -1  0 -2 -3 -1 -2 -2  3 -3 -4  3 -3 -4 -3  4  4 -4 -3 -3    1   1   3   0   0   1   0   2   7   0   1  19   0   0   0  36  28   0   0   0  0.63 0.27
  449 H   -3  0 -2 -3 -5 -1 -1 -4  3 -5 -5  7 -4 -5 -3 -2 -2 -5 -4 -4    1   2   0   0   0   0   3   0   7   0   1  82   0   0   0   1   1   0   0   0  1.50 0.43
  450 P   -2 -2 -2  0 -5 -1  6 -4  6 -5 -4 -1 -4 -4  1 -2 -3 -4 -3 -4    3   1   0   3   0   0  62   1  19   0   1   1   0   0   7   1   0   0   0   0  1.20 0.36
  451 T   -2 -3 -2 -3 -3 -2  2 -4 -3 -3 -3 -2 -3 -4 -3  0  7 -4 -4 -3    1   0   0   0   0   0  12   1   0   0   1   1   0   0   0   2  79   0   0   1  1.38 0.42
  452 T   -2 -4 -4 -4 -5 -4 -4  1 -5 -5 -5 -4 -5 -6  8 -2  2 -6 -5 -4    1   0   0   0   0   0   0  12   0   0   0   0   0   0  72   1  13   0   0   0  1.94 0.46
  453 I   -4 -5 -5 -5 -5 -5 -5 -1 -4  1 -2 -1 -2  8 -6 -5 -4 -2  0 -3    0   0   0   0   0   0   0   5   0   7   1   6   0  79   0   0   0   0   0   0  1.76 0.45
  454 R   -4  2 -4 -1 -5 -3 -2 -1  2 -3 -2 -3 -1  7 -5 -4 -2 -2  0 -2    0  11   0   4   0   1   3   6   5   0   1   0   1  64   0   0   2   0   1   1  1.15 0.36
  455 E    0 -1  4  0 -4  0  3 -2  1 -4 -4  2 -3 -4  0  2  1 -5 -3 -3    6   0  26   4   0   2  20   0   4   0   0  12   0   0   3  14   8   0   0   1  0.46 0.20
  456 G   -3 -3  5 -2 -5 -3 -3  6 -1 -6 -6  0 -5 -6 -4 -2 -3 -5 -5 -6    0   0  31   1   0   1   0  62   1   0   0   5   0   0   0   0   0   0   0   0  1.39 0.39
  457 Y   -5 -5 -5 -6 -6 -5 -5  0 -1 -5 -4 -5 -4  0 -6 -5 -5 -1 10 -5    0   0   0   0   0   0   0   8   0   0   0   0   0   1   0   0   0   0  91   0  2.60 0.62
  458 V   -4  8 -3 -4 -6 -1 -3 -5 -3 -5 -4  2 -2 -5 -5 -3 -3 -5 -4  0    0  80   0   0   0   2   0   0   0   0   0   9   1   0   0   1   1   0   0   7  1.67 0.46
  459 A    0 -4 -5 -4 -6 -4 -4 -5  3 -6 -6 -4 -5 -6  8 -4 -4 -7 -5 -5    7   1   0   0   0   0   0   0   8   0   0   0   0   0  84   0   0   0   0   0  2.47 0.55
  460 T   -4 -2 -3 -3 -6  8 -1 -5 -3 -5 -5 -2 -3 -6 -4 -3  2 -5 -5 -4    0   0   0   0   0  84   0   0   0   0   0   0   0   0   0   0  15   0   0   1  1.99 0.58
  461 L   -4 -5 -6 -6 -4 -5 -6 -6 -4 -2  1 -5  1  8  1 -5 -4 -2  0 -2    0   0   0   0   0   0   0   0   0   1   9   0   4  76   8   0   0   0   0   1  1.75 0.45
  462 H   -5 -5 -5 -6 -5 -4 -5 -6  3 -4 -4 -5 -4  5 -6 -5 -5 -1  9 -4    0   0   0   0   0   0   0   0   7   0   0   0   0  19   0   0   0   0  74   0  2.26 0.54
  463 S   -4 -5 -5 -5 -2 -5 -5 -5 -4  1 -1 -5 -1  8 -5  0 -3 -2  0  2    0   0   0   0   1   0   0   0   0   8   4   0   1  63   0   8   1   0   0  15  1.28 0.38
  464 Y   -4  8 -1 -4 -6 -2 -3 -4  0 -5 -4 -1 -4 -4 -5 -2 -2 -5  2 -5    0  81   3   0   0   0   0   1   2   0   1   0   0   0   0   2   3   0   7   0  1.68 0.47
  465 T   -3 -4  2 -4 -4 -4 -4 -4 -4 -4 -4 -4 -4 -5 -4 -1  8 -6 -5 -3    0   0   8   0   0   0   0   0   0   0   0   0   0   0   0   1  91   0   0   0  1.87 0.54
  466 I    0 -4 -3 -4 -3 -3 -4 -3 -4  1 -3 -3  0 -3 -4 -1  7 -1  2 -2    8   0   0   0   0   0   0   1   0   7   1   0   2   0   0   1  71   1   8   0  1.14 0.41
  467 R   -5  3 -1  8 -6 -3 -1 -4 -4 -6 -6 -3 -6 -6 -4 -3 -4 -7 -6 -6    0  15   0  85   0   0   0   0   0   0   0   0   0   0   0   0   0   0   0   0  2.00 0.51
  468 Q   -3 -4 -5 -4 -1  1 -1 -5 -5  2 -2 -4 -1 -3  1 -4 -2 -5 -4  6    0   0   0   0   1   7   3   0   0   7   0   0   1   0   8   0   0   0   0  72  1.05 0.37
  469 A    1 -4 -3 -4 -4  2 -3 -4 -4 -4 -4 -3 -3 -5 -3 -1  7 -5 -4 -3   12   0   0   0   0   9   0   0   0   0   0   0   0   0   0   1  79   0   0   0  1.45 0.47
  470 V   -1 -5 -3 -4  1 -4 -5  6 -4 -4 -5 -4 -4  1 -5 -3 -3 -4 -4  0    3   0   0   0   4   0   0  76   0   0   0   0   0   8   0   0   0   0   0   9  1.39 0.38
  471 K    0 -1  0 -1 -3 -1  1 -2 -2  0 -2  1 -2 -2 -3  1  2 -3  2  2    8   1   3   3   0   1  10   1   0   4   0  13   0   0   0  10  19   0   8  19  0.19 0.15
  472 F   -2 -5 -5 -5  0 -5 -5 -5 -5  5  1 -5 -1  4 -5 -4 -2 -3 -2  4    2   0   0   0   2   0   0   0   0  42   8   0   0  18   0   0   1   0   0  28  0.85 0.28
  473 E   -1  2  0  1 -3  1  3 -3  0 -2 -3  1 -2 -4 -1  0  3 -4 -3 -2    3  10   4   5   0   5  28   0   2   1   1   9   1   0   2   5  21   0   0   2  0.37 0.17
  474 K   -2 -2 -2 -1 -3 -1  0 -2 -2 -1  4  1  0 -2  1 -1  1 -4 -3 -1    1   0   1   3   0   2   7   3   1   0  50   9   0   1   8   4   9   0   0   0  0.33 0.20
  475 I    1 -3 -3 -1 -4 -2 -2 -3 -2  0 -2 -2 -2  1  6 -1  1 -4 -3 -2   12   1   0   4   0   0   2   1   1   8   3   1   0   8  46   2  10   0   0   1  0.86 0.26
  476 Q   -2 -1 -1  3 -4  2  5  1  0 -5 -5  0 -4 -5 -2 -1 -1 -5 -4 -4    2   1   1  19   0   9  43  13   2   0   0   3   0   0   2   2   3   0   0   0  0.72 0.26
  477 T    0 -2 -2 -3 -3 -3 -2 -2 -3  0 -2 -1 -1 -3 -2  0  4 -5 -3  4    7   1   1   1   0   0   1   3   0   1   0   5   1   0   1   7  35   0   0  35  0.51 0.25
  478 G   -3 -1 -3  1 -6  1  6  0 -3 -6 -5  1 -2 -6 -3 -2 -3 -5 -5 -5    1   1   0   5   0   4  72   9   0   0   0   6   1   0   0   0   0   0   0   0  1.25 0.40
  479 F   -4 -4 -5 -6 -5 -2 -5 -6 -5 -2 -1 -4 10  2 -6 -5 -4 -4 -4 -2    0   1   0   0   0   2   0   0   0   1   1   0  88   7   0   0   0   0   0   1  2.51 0.64
  480 L   -2 -5 -5 -6  3 -5 -5 -6 -6  1  0 -5 -2 -3 -5 -4 -3 -5 -4  7    2   0   0   0   7   0   0   0   0   4   7   0   0   0   0   0   0   0   0  80  1.35 0.41
  481 R   -4  1 -4 -6 -3 -3 -5 -6 -5 -1 -1 -3 10 -3 -6 -4 -3 -5 -4 -2    0   7   1   0   1   0   0   0   0   1   1   1  86   0   0   1   1   0   0   1  2.34 0.61
  482 T   -4 -4 -5 -5 -6 -4 -4 -5 -5 -6 -5 -4 -5 -7  9 -3  0 -7 -6 -5    0   1   0   0   0   0   0   0   0   0   1   0   0   0  91   0   7   0   0   0  2.73 0.59
  483 G   -3 -5 -3 -4 -5 -5 -5  7 -5 -7 -7 -4 -6 -6 -3 -3 -4 -5 -6 -6    0   0   0   0   0   0   0  99   0   0   0   0   0   0   1   0   0   0   0   0  2.27 0.52
  484 D   -5 -5 -2  8 -7 -3  0 -4 -4 -6 -7 -4 -6 -7 -5 -3 -4 -7 -6 -6    0   0   0  97   0   0   3   0   0   0   0   0   0   0   0   0   0   0   0   0  2.42 0.57
  485 T   -4  2  8  0 -5 -2 -3 -3  1 -6 -6 -2 -5 -6 -5 -2  1 -6 -4 -5    0  10  74   2   0   0   0   1   3   0   0   0   0   0   0   0   8   0   0   0  1.59 0.45
  486 S    0 -4 -4 -4 -3 -4 -4 -4 -5  4  0 -4 -1 -3 -4  0  1 -5 -3  5    6   0   0   0   0   0   0   0   0  22   5   0   0   0   0   8  10   0   0  49  0.70 0.27
  487 E   -1  0  0  0 -4  1  4 -3 -2 -4 -4  3 -3 -5 -2  1  2 -5 -4 -3    3   2   4   4   0   4  33   0   0   0   0  21   0   0   0   9  18   0   0   1  0.56 0.23
  488 I   -3 -4 -5 -5 -1 -4 -5 -5 -4  4  1 -4  8  2 -5 -4 -3 -4 -3  1    0   0   0   0   1   0   0   0   0  26   8   0  48   9   0   0   0   0   0   6  1.22 0.38
  489 V   -2 -2  0  1 -3 -1  2 -2 -1  0 -2  0 -2 -3 -3  1  4 -4 -3  2    1   1   4   6   0   1  15   1   1   4   0   4   0   0   0   8  36   0   0  17  0.39 0.21
  490 L   -1 -4 -4 -4  1 -4 -4 -2 -5  2  1 -4  0 -2 -4 -3 -2 -5 -3  6    4   0   0   1   3   0   0   3   0  10  10   0   1   1   0   0   1   0   0  64  0.84 0.30
  491 Y   -2 -1 -1 -1 -4  1  5 -3 -2 -3 -4  1 -3 -3 -3 -1  1 -3  2 -2    2   1   2   1   0   5  55   1   0   1   1   9   0   0   0   1   9   0   7   4  0.72 0.27
  492 F    0  0  0  0 -1  0  0  0  0  0  0  0  0  1  0  0  0  0  0  0    7   4   3   7   1   3   7   5   2   4  14   5   2  10   4   8   7   1   2   5  0.01 0.00
  493 L   -4 -5 -6 -6 -4 -5 -5 -5 -5  1  6 -5  1 -2 -5 -5 -4 -4 -3 -1    0   0   0   0   0   0   0   1   0   4  92   0   2   0   0   0   0   0   0   0  1.47 0.41
  494 Y   -3 -3 -4 -3 -4 -2 -3 -4  1  7 -1 -4 -1 -2 -5 -3 -2 -4  2  1    0   1   1   2   0   2   1   1   5  73   0   0   0   1   0   1   1   0   9   3  1.11 0.36
  495 R    2  1  1 -2  0  2 -1 -2  4 -3 -3  1 -1 -3 -3  1  1 -3  0 -1   18   9   8   0   2  14   0   0  12   0   0   8   2   0   0   8  12   0   4   3  0.27 0.16
  496 P   -3 -4 -4 -4 -5 -4 -3 -5 -5 -5 -5 -3 -5 -6  9 -3 -3 -6 -6 -5    2   1   0   0   0   0   1   0   0   0   1   1   0   0  91   1   1   0   0   0  2.66 0.56
  497 E   -3 -5 -4 -5 -3 -4  0 -6 -4  6 -1 -4  0 -3 -5 -4 -1 -5 -4  4    1   0   1   0   0   0   7   0   0  61   0   0   1   0   0   0   2   0   0  27  1.09 0.35
  498 Y    6 -4 -4 -5 -3 -3 -4 -2 -4 -4 -4 -3 -4 -4  0 -2 -3 -5  2 -2   87   0   0   0   0   0   0   0   0   0   0   0   0   0   4   0   0   0   7   2  1.41 0.45
  499 L   -2 -4 -5 -6  0 -4 -5 -6 -5  4  2 -4  8 -2 -5 -4 -3 -4 -4  0    2   0   0   0   2   0   0   0   0  22  19   0  51   0   0   0   0   0   0   5  1.32 0.40
  500 E   -3 -3  0  3 -6  0  7 -4 -2 -6 -6 -2 -5 -6 -4 -2 -3 -6 -5 -5    1   0   4  15   0   1  76   0   0   0   0   0   0   0   0   2   0   0   0   0  1.53 0.45
  501 K   -1 -1 -1  1 -5  3  5 -4 -2 -3 -3  3 -3 -5 -2 -2 -2 -5 -4 -1    4   0   2   5   0  12  43   0   0   1   1  24   0   0   1   0   1   0   0   5  0.71 0.28
  502 G   -2 -4  0 -4 -5 -1 -3  7 -4 -6 -6 -2 -5 -6 -5 -2 -3 -5 -6 -6    0   0   4   0   0   3   2  87   0   0   0   3   0   0   0   0   1   0   0   0  1.77 0.44
  503 Q   -3 -3 -4 -5 -3  3 -3 -5 -4 -1  5 -3  4 -2 -4 -2  1 -4 -3  0    0   0   0   0   0  16   0   0   0   0  57   0  14   0   0   2   8   0   0   3  0.80 0.31
  504 I   -4  7 -3 -4 -6 -1 -3 -3 -3  0 -4  2 -3 -5 -5 -3 -2 -5 -4 -4    0  76   0   0   0   0   0   2   0   7   0  12   0   0   0   0   2   0   0   0  1.54 0.44
  505 F   -5 -6 -6 -7 -6 -6 -6 -6 -4 -3 -2 -6 -3  9 -7 -6 -5 -2  0 -3    0   0   0   0   0   0   0   0   0   0   0   0   0  99   0   0   0   0   0   1  2.71 0.60
  506 V    6 -4  0 -4 -3 -3 -3 -2 -4 -3 -4 -3 -3 -5 -3  1  0 -5 -4  0   75   0   6   0   0   0   0   0   0   0   0   0   0   0   0   7   5   0   0   7  1.04 0.37
  507 F   -4 -6 -6 -6 -4 -5 -6 -6 -6  7  0 -5 -1  2 -5 -5 -3 -5 -3  1    0   0   0   0   0   0   0   0   0  85   2   0   1   7   0   0   0   0   0   6  1.63 0.44
  508 R   -5  8 -3 -5 -7 -2 -3 -6 -3 -6 -5 -1 -4 -6 -5 -4 -4 -6 -5 -6    0 100   0   0   0   0   0   0   0   0   0   0   0   0   0   0   0   0   0   0  2.46 0.59
  509 E   -4 -3 -3 -1 -7 -1  8 -5 -3 -6 -6 -2 -5 -6 -4 -3 -4 -6 -5 -6    0   0   0   1   0   0  99   0   0   0   0   0   0   0   0   0   0   0   0   0  2.19 0.57
  510 G   -3 -5 -3 -4 -5 -5 -5  7 -5 -7 -7 -4 -6 -6 -5 -3 -4 -5 -6 -6    0   0   0   0   0   0   0 100   0   0   0   0   0   0   0   0   0   0   0   0  2.31 0.52
  511 R   -4  8 -3 -4 -6 -2 -3 -5  1 -6 -5  2 -4 -6 -5 -3 -4 -6 -4 -5    0  84   0   0   0   0   0   0   3   0   0  11   0   0   0   0   0   0   0   0  1.92 0.49
  512 T   -3 -4 -3 -4 -4 -4 -4 -5 -5 -4 -4 -4 -4 -5 -4 -1  8 -6 -5 -3    0   0   0   0   0   0   0   0   0   0   0   0   0   0   0   0 100   0   0   0  2.16 0.59
  513 R   -3  0 -5 -6 -3 -4 -5 -6 -5  2 -2 -4 -2 -3 -5 -4 -3 -5 -4  7    0   7   0   0   0   0   0   0   0   9   0   0   0   0   0   0   0   0   0  84  1.42 0.42
  514 G    0 -5 -3 -4 -5 -4 -5  7 -5 -6 -6 -4 -5 -6 -5 -3 -4 -5 -6 -6    6   0   0   0   0   0   0  94   0   0   0   0   0   0   0   0   0   0   0   0  2.05 0.47
  515 V    5 -3 -3 -3 -3 -3 -3 -2 -3 -3 -4 -3 -3 -4 -3  2  1 -5 -3  0   65   0   0   0   0   0   0   0   0   0   0   0   0   0   0  18   9   0   0   7  0.93 0.34
  516 G   -2 -5 -3 -4 -5 -5 -5  7 -5 -7 -7 -4 -6 -6 -5 -3 -4 -5 -6 -6    0   0   0   0   0   0   0 100   0   0   0   0   0   0   0   0   0   0   0   0  2.28 0.51
  517 I   -1  1 -3 -4 -3  1 -3 -4 -4  2  0 -2  0 -3 -4 -2  0 -4 -3  5    2   8   1   0   0   9   0   0   0  11   8   1   1   0   0   3   4   0   0  52  0.54 0.24
  518 V   -3 -5 -6 -6 -2 -5 -5 -6 -6  3 -2 -5 -2 -3 -5 -4 -3 -6 -4  7    0   0   0   0   0   0   0   0   0  10   0   0   0   0   0   0   0   0   0  89  1.63 0.45
  519 L    1 -3 -2 -3 -3 -3 -3 -3 -4 -2  0 -3 -2 -4 -3  3  5 -5 -4 -1   13   0   0   0   0   0   0   0   0   2   8   0   0   0   0  23  51   0   0   2  0.79 0.31
  520 E   -2  1 -1 -1 -5  0  4 -3 -2 -5 -5  5 -4 -5 -3 -1 -1 -5 -4 -4    2   7   2   2   0   2  31   0   0   0   0  47   0   0   0   4   3   0   0   0  0.88 0.30
  521 P   -4 -5 -6 -6 -4 -5 -5 -6 -6  7  0 -5 -1 -3  1 -5 -3 -5 -4  2    0   0   0   0   0   0   0   0   0  80   2   0   0   0   7   0   0   0   0  11  1.46 0.41
  522 I   -3 -5 -5 -5 -3 -4 -4 -6 -5  6  3 -4  1 -2 -5 -4 -2 -4 -3  2    0   0   0   0   0   0   0   0   0  51  33   0   3   0   0   0   0   0   0  12  0.97 0.29
  523 G    5 -3 -2 -3 -2 -2 -2  3 -3 -3 -3 -2 -2 -4 -2  0 -1 -4 -3 -2   78   0   0   0   0   0   0  22   0   0   0   0   0   0   0   0   0   0   0   0  0.79 0.18

                      K         Lambda
Standard Ungapped    0.1404     0.3196
Standard Gapped      0.0410     0.2670
PSI Ungapped         0.1834     0.3174
PSI Gapped           0.0561     0.2670
