
Last position-specific scoring matrix computed, weighted observed percentages rounded down, information per position, and relative weight of gapless real matches to pseudocounts
           A  R  N  D  C  Q  E  G  H  I  L  K  M  F  P  S  T  W  Y  V   A   R   N   D   C   Q   E   G   H   I   L   K   M   F   P   S   T   W   Y   V
    1 M   -6 -7 -7 -8 -7  1 -7 -8 -7 -1 -1 -7 11 -5 -8 -7 -6 -7 -6 -3    0   0   0   0   0   7   0   0   0   3   4   0  85   0   0   0   0   0   0   1  3.30 1.27
    2 S   -1  2  2  1 -5 -1  1 -4  0 -5 -5  1 -5 -6 -1  4  1 -6 -5 -4    4  10   9   8   0   3  10   0   2   0   1   7   0   0   3  33   9   0   0   1  0.60 0.45
    3 T    1  1  2  3 -5 -1 -1 -1  0 -5 -5  1 -3 -6 -2  1  3 -6 -5 -2   11   6  10  19   0   2   3   4   2   0   0   8   1   0   2  11  18   0   0   2  0.46 0.36
    4 K   -1  2 -3 -2 -5  2  0 -5 -2 -5 -5  3 -5  0  3 -1  1 -6  1 -2    6  12   1   2   0   9   6   1   1   0   1  19   0   4  15   5  10   0   4   3  0.50 0.39
    5 R   -8  5 -2  4 -11 -2 -2 -8  3 -11 -11  5 -10 -11 -5 -3 -2 -11 -10 -9    0  28   2  23   0   2   3   0   7   0   0  29   0   0   1   2   3   0   0   0  1.56 0.82
    6 I   -1 -13 -13 -13 -6 -12 -13 -13 -13  6 -5 -12 -7 -3 -12 -11 -1 -12 -4  6    6   0   0   0   0   0   0   0   0  42   1   0   0   1   0   0   4   0   1  45  2.22 1.00
    7 V    6 -11 -7 -8  1 -11 -11 -5 -1  3 -1 -11 -9 -11 -11 -6 -3 -12 -5  4   52   0   0   0   3   0   0   1   2  13   5   0   0   0   0   1   2   0   0  21  1.62 0.84
    8 I   -11 -13 -14 -14 -11 -13 -13 -14 -14  6 -9 -13 -3 -11 -13 -12 -8 -13 -12  7    0   0   0   0   0   0   0   0   0  38   0   0   1   0   0   0   0   0   0  61  2.85 1.25
    9 V   -5 -13 -13 -13 -11 -13 -13 -14 -13  7 -1 -13 -4 -5 -13 -12 -11 -13 -11  5    1   0   0   0   0   0   0   0   0  55   5   0   0   1   0   0   0   0   0  37  2.55 1.12
   10 G   -11 -14 -12 -13 -14 -13 -13  8 -13 -15 -15 -13 -14 -15 -13 -11 -13 -14 -14 -15    0   0   0   0   0   0   0 100   0   0   0   0   0   0   0   0   0   0   0   0  3.61 1.61
   11 G    6 -11 -11 -11 -6 -11 -11  3 -12 -12 -12 -11 -11 -12 -11  4 -2 -13 -12 -11   52   0   0   0   0   0   0  22   0   0   0   0   0   0   0  23   3   0   0   0  1.95 1.05
   12 G   -11 -14 -12 -13 -14 -13 -13  8 -13 -15 -15 -13 -14 -15 -13 -11 -13 -14 -14 -15    0   0   0   0   0   0   0 100   0   0   0   0   0   0   0   0   0   0   0   0  3.61 1.63
   13 H   -2 -11 -12 -12 -2 -11 -11 -12 -1  6  3 -11  1  1  0 -8 -8  5 -3  2    4   0   0   0   1   0   0   0   2  33  24   0   3   6   5   0   0   8   1  12  1.36 0.68
   14 N    6 -11 -2 -11 -6 -10 -10  0 -11 -3 -9 -10  1 -12 -11  4 -1 -12 -12 -6   50   0   2   0   0   0   0   7   0   2   0   0   3   0   0  30   4   0   0   1  1.71 0.97
   15 G   -6 -13 -11 -12 -13 -12 -13  8 -13 -14 -14 -12 -13 -13 -13 -7 -12 -13 -13 -13    1   0   0   0   0   0   0  98   0   0   0   0   0   0   0   1   0   0   0   0  3.47 1.58
   16 L   -7 -12 -6 -14 -1 -12 -13 -10 -13 -2  7 -12  4 -10 -13 -9 -7 -6 -7 -4    1   0   1   0   2   0   0   0   0   2  85   0   8   0   0   0   1   0   0   1  2.56 1.21
   17 I    4 -6 -6 -10 -2 -5 -10 -1 -6 -2 -3 -10 -1 -6 -8  3  5 -11 -6  1   25   1   0   0   1   1   0   5   0   3   3   0   2   0   0  18  31   0   0   9  1.12 0.71
   18 L    6 -11 -11 -12  6 -11 -11 -9 -12 -7 -5 -11 -8 -12 -11  1  2 -12 -12 -3   60   0   0   0  16   0   0   0   0   0   2   0   0   0   0   9  10   0   0   3  2.08 1.09
   19 S    7 -12 -12 -12 -5 -11 -12 -1 -12 -12 -10 -11 -12 -13 -12 -1 -4 -6 -13 -8   87   0   0   0   0   0   0   5   0   0   0   0   0   0   0   5   2   0   0   0  2.74 1.38
   20 A    0  4 -3 -5 -3 -5 -4 -7  5  0 -2 -4 -4 -3 -10 -5 -4  6  6  1    8  17   1   1   1   1   1   1  10   6   5   1   1   1   0   1   2  11  23   9  1.12 0.63
   21 L    0  3 -4  0 -9  0  2 -8  3 -4  2 -2 -2 -1 -8 -4 -1  1  4 -1    8  15   1   5   0   4  12   0   7   1  16   2   1   3   0   2   4   2  13   4  0.56 0.39
   22 L   -2 -13 -14 -14 -4 -13 -13 -14 -8 -5  7 -13 -6 -8 -14 -10 -12 -12 -12 -7    4   0   0   0   1   0   0   0   0   1  94   0   0   0   0   0   0   0   0   0  2.89 1.36
   23 A    4  1 -2 -3 -1  1 -2 -3  3 -4 -3 -1 -5 -7 -7  2  0 -9 -5  0   34   7   2   2   1   5   3   3   6   1   3   3   0   0   0  16   5   0   0   6  0.67 0.47
   24 E    0  5 -2  0 -6  2  2 -1 -1 -7 -6  4 -5 -8 -3 -2 -4 -10 -6 -6    7  25   2   5   0  10  11   6   1   0   1  23   0   0   2   4   1   0   0   1  0.87 0.56
   25 Q    4  3 -1  1 -9  2 -1 -3  2 -8 -3  1 -5 -5 -9  0 -3 -6 -4 -4   31  14   3   8   0   9   5   2   5   0   4   7   0   1   0   6   2   0   1   1  0.72 0.50
   26 G   -3 -3 -2 -1 -4 -3 -4  7  0 -4 -4 -3 -4 -3 -4 -3 -3 -4 -4 -4    2   2   2   3   0   2   2  69   2   1   2   2   1   1   2   2   2   0   1   2  1.67 0.70
   27 A    0  2 -7 -7  0 -2 -5 -8  9 -2 -1  0 -3  1 -9 -7 -4 -2  3  0    9   8   0   0   2   2   1   0  37   3   7   5   1   5   0   0   1   1   9   7  1.42 0.74
   28 K   -1  2 -2  5 -10  2  3 -4  0 -7 -10  1 -7 -8 -2  1 -1 -10 -9 -7    5  12   2  28   0   9  15   2   3   0   0   9   0   0   3   9   4   0   0   1  0.89 0.58
   29 V   -5 -13 -13 -13 -4 -12 -13 -10 -13  1 -6 -12 -10 -4  0 -9 -3 -2 -6  8    1   0   0   0   0   0   0   0   0   6   1   0   0   1   5   0   2   1   0  82  2.70 1.29
   30 T   -2  0 -7 -2 -6 -3 -1 -11  0  0  0 -5 -4 -8 -10 -2  6 -7 -8  2    4   5   0   3   0   2   4   0   2   5   9   1   1   0   0   3  47   0   0  14  1.21 0.74
   31 L   -8 -12 -13 -13 -7 -12 -13 -13 -13  2  4 -12 -5 -8 -12 -10 -6 -12 -11  6    0   0   0   0   0   0   0   0   0  10  39   0   0   0   0   0   1   0   0  50  2.13 1.05
   32 L   -8 -12 -13 -13 -5 -12 -12 -13 -3  0  4 -12 -7  7 -13 -10 -11 -1  5  1    0   0   0   0   0   0   0   0   1   5  33   0   0  37   0   0   0   1  15   8  1.97 0.97
   33 E   -12 -11 -11 -2 -14 -9  8 -13 -11 -14 -14 -10 -13 -14 -12 -11 -12 -14 -13 -13    0   0   0   3   0   0  97   0   0   0   0   0   0   0   0   0   0   0   0   0  3.60 1.76
   34 A    6  3 -8 -11 -10 -1 -8 -2 -5 -11 -11  3 -3 -12 -9 -1 -6 -12 -11 -8   58  12   0   0   0   3   0   4   0   0   0  14   1   0   0   6   1   0   0   0  1.71 0.97
   35 N    2  4  2  2 -6 -1  0  1  0 -9 -3 -5 -6 -7 -8  2 -1 -10 -7 -7   15  18  10  11   0   3   6   9   2   0   3   1   0   0   0  16   3   0   0   0  0.67 0.48
   36 S    0  0  0  6 -10 -4  0 -1  0 -9 -9 -2 -10 -8  3  1 -3 -11 -6 -9    7   5   4  40   0   1   6   6   3   0   0   3   0   0  12   8   2   0   0   0  1.09 0.68
   37 K   -3  6 -6 -4 -4  2 -1 -4  1 -2 -6 -1 -3 -4 -10 -3  1  1  4 -2    3  39   0   2   0   9   5   2   4   2   1   3   1   1   0   2   7   2  12   3  1.09 0.66
   38 L    0 -10 -10 -10 -1 -10 -10 -8 -7  3  4 -10 -4  0  3 -7 -3 -4 -4  4    7   0   0   0   1   0   0   0   0  15  30   0   0   4  13   0   2   0   1  26  1.14 0.63
   39 G   -6 -12 -11 -12 -12 -12 -12  8 -12 -13 -13 -12 -13 -13 -12 -8 -12 -12 -13 -13    1   0   0   0   0   0   0  98   0   0   0   0   0   0   0   0   0   0   0   0  3.47 1.62
   40 G   -10 -12 -7 -11 -12 -12 -12  8 -12 -13 -13 -11 -12 -12 -5 -11 -11 -12 -12 -12    0   0   0   0   0   0   0  98   0   0   0   0   0   0   1   0   0   0   0   0  3.45 1.61
   41 M   -3  7 -6 -11  0 -6 -7 -9  8 -7 -1 -2  2 -7 -9 -8 -9 -6 -5 -6    3  47   0   0   2   0   0   0  29   0   7   3   5   0   0   0   0   0   1   1  2.24 1.12
   42 T    4 -10 -7 -8  2 -7 -6 -4 -10  0 -2 -10  1 -2 -10 -1  4 -11 -10  2   33   0   0   0   3   0   1   2   0   6   5   0   3   2   0   5  26   0   0  14  1.12 0.68
   43 D    2  5  1 -2 -3 -2 -2 -3  5 -5 -4 -3  0 -2 -9 -1 -1  3 -1 -5   15  29   6   2   1   2   3   3  13   1   2   2   2   2   0   5   4   4   2   1  0.84 0.53
   44 T   -3 -2  0 -8 -2 -6 -6 -2 -2 -7 -6 -8 -8 -5 -5  3  7 -12 -3 -5    3   3   4   0   1   1   1   3   1   0   1   0   0   1   1  16  61   0   1   1  1.81 1.05
   45 I   -2 -2 -5  2 -5 -4  0 -3  4  0  0 -3 -1  3 -8 -3 -2 -2  1  4    4   3   0  12   0   1   6   2   8   6   9   2   1   9   0   3   3   1   5  25  0.55 0.34
   46 E   -3  1  1  4 -6  0  3 -6  2 -4 -4  0 -4 -3 -2 -1  1 -5 -2 -1    2   8   7  23   0   4  16   1   4   1   2   5   1   2   2   5   9   0   2   6  0.53 0.39
   47 I    0  1 -3 -3 -7 -4 -2 -4  1  2  0  0 -1  1 -5 -3 -2  1  1  4    7   7   2   2   0   1   4   1   3  10   8   5   2   6   1   2   3   2   5  30  0.51 0.31
   48 Q    0 -2  1  5 -8  1  1  2  0 -7 -3  1 -4 -4 -2 -2 -2 -3 -6 -7    8   3   7  28   0   5   8  16   2   0   3   7   1   1   3   4   3   0   0   0  0.66 0.43
   49 G   -2 -3 -1  1 -7 -3 -2  7  1 -6 -5 -4 -5 -6 -3 -3 -3 -7 -7 -6    4   2   3   9   0   1   3  62   4   1   2   2   0   0   2   3   2   0   0   1  1.52 0.78
   50 V   -1 -1 -5 -1 -3  1 -3 -2  1  0  0 -4  1  5 -5 -3 -1  1  4  1    6   4   1   4   1   5   2   4   3   5   9   1   3  22   1   2   4   2  12  10  0.53 0.30
   51 K    1  2 -3 -1 -2  1  0 -2 -2 -1 -1 -1 -1 -3  2  0  1  2 -2  0   10  11   1   4   1   7   5   4   1   4   7   3   1   1  12   7  10   3   1   7  0.18 0.18
   52 L   -4 -8 -8 -7 -1 -5 -7 -4 -5  4  3 -6  1  3 -4 -6 -3  1 -1  4    2   0   0   0   1   1   1   2   0  18  28   1   3   9   1   1   2   2   2  26  1.05 0.52
   53 S   -6 -8  1  7 -3 -7  4 -3 -6 -10 -8 -7 -8 -10 -2  0 -4 -10 -8 -8    1   0   5  55   1   0  22   3   0   0   1   0   0   0   3   7   2   0   0   0  1.89 1.01
   54 R   -2  4  3 -6 -3 -2 -3 -4  1 -2  1 -2 -1 -3 -2 -1  4 -6 -3 -1    4  20  12   0   1   2   2   2   3   3  11   3   2   1   3   5  21   0   1   5  0.57 0.40
   55 A   -2 -8 -5 -1 -6 -6 -7  7 -3 -9 -9 -7 -7  0 -6 -4 -5 -5  2 -8    4   0   1   3   0   0   1  74   1   0   0   1   0   4   1   2   1   0   7   0  2.12 1.08
   56 S    1 -4 -3 -6 -9  2 -6  2 -4 -6 -4 -8 -8  6  0 -2 -4 -6  4 -3   12   1   2   1   0   9   1  17   1   1   2   0   0  30   5   4   1   0  12   2  1.09 0.63
   57 Y   -2 -2 -3 -4 -5  4 -2 -4  8  3 -3 -4 -2 -2 -4 -2 -2  2  1 -4    4   3   2   1   0  17   3   2  31  15   3   1   1   2   1   3   2   2   4   1  1.26 0.68
   58 V   -1 -2 -4 -6 -2 -5 -5 -6  2  1  0 -5  0  2 -5 -3  1  4 -3  5    6   2   1   1   1   1   1   1   4   8   8   1   2   9   1   2   8   5   1  37  0.87 0.47
   59 L   -3 -5 -4 -6  0 -6 -6 -4  4  2  4 -6  0  4 -1 -4 -4 -1  3  0    3   1   1   0   2   1   1   2   9  11  29   1   2  16   3   2   1   1   8   7  0.82 0.41
   60 G    0 -2  4 -2  1 -3 -3  3 -1 -4 -1 -3 -3  0  2 -1 -1  3  0 -3    9   3  16   3   3   1   2  20   2   1   6   1   1   5   9   5   4   4   4   2  0.41 0.28
   61 L    1 -1  0 -4 -3 -3 -1 -1  0  1  1 -2  0 -3  1 -1  3 -6 -1  1   10   4   4   1   1   1   4   5   2   7  15   3   2   1   7   5  16   0   2  10  0.21 0.18
   62 M    1 -3 -3  2 -1 -1 -3  1 -3 -3 -1 -4  0  1 -4  0 -1  0  5 -3   12   2   2  12   1   3   2  11   1   2   7   1   3   5   1   8   5   1  19   2  0.47 0.33
   63 P   -3 -1 -1  2 -2  1 -1 -2  0 -6 -6 -3 -5 -4  5 -1  3 -5  4 -5    3   3   3  10   1   5   4   3   2   1   1   2   0   1  26   5  16   0  11   1  0.78 0.55
   64 G    1  1  3  0 -5 -1  0  3  5 -4 -6 -2 -6 -8  2 -1  0 -4 -2 -5   10   9  11   5   0   3   7  17  11   1   1   3   0   0   9   4   6   0   1   1  0.49 0.36
   65 F    2  1 -3 -3 -3 -2  0 -2  0 -2 -1 -3  0  5 -3 -2  0 -1  2  0   17   7   2   2   1   2   7   4   2   2   6   2   2  19   2   4   6   1   7   6  0.39 0.27
   66 L   -1 -4 -7 -7 -4 -4 -4 -3 -6  3  4 -6  1  3  2 -4 -2  2 -3  1    5   1   0   0   0   1   1   2   0  15  31   1   4  11  10   1   3   3   1   9  0.75 0.42
   67 I    2  2 -4 -3 -5  0 -3 -4 -3  0  2 -1  2  3 -5 -3 -4 -4 -3  3   14   9   1   2   0   5   2   1   1   6  20   4   5  10   1   2   1   0   1  16  0.44 0.28
   68 N    1  1 -1  2 -2 -1  2 -3  3 -4  1  0 -2  1 -3 -1 -2 -4 -1 -1   11   8   3  11   1   3  12   3   7   1  13   6   1   6   1   4   3   0   2   4  0.23 0.18
   69 K   -1  1  2 -3 -3  0  3 -4  1 -2  3 -1  3  0 -4 -3 -2 -1  0 -2    5   7  11   2   1   4  15   2   3   2  22   4   6   4   1   2   3   1   3   3  0.35 0.25
   70 F   -2  2 -2  1 -5 -2 -1 -4 -2 -1  4 -2  0  2 -2 -4 -1 -3 -3 -2    4  10   2   8   0   2   5   2   1   4  37   3   2   7   3   1   4   0   1   3  0.52 0.33
   71 K   -3  4 -1  3 -6  0  2  3  0 -5 -4  0 -4 -5 -4 -4 -3  0 -2 -4    3  20   4  14   0   5  12  20   2   1   2   6   1   1   1   2   2   1   2   1  0.65 0.42
   72 I   -2 -3 -4 -4 -3 -4 -1 -4 -2  2  3 -3  0 -3 -5 -3  2  2  1  4    4   2   1   1   1   1   5   2   1  10  23   2   2   1   1   2  12   3   4  23  0.56 0.32
   73 P    0 -1 -2  2 -5 -4  2  3 -3 -3 -1 -3 -2 -4  3 -2 -3 -3  3 -4    7   3   3  12   0   1  11  19   1   2   7   2   1   1  14   3   2   0  10   1  0.46 0.35
   74 L    0 -3 -4 -5 -4 -5 -2  1  0  1  3 -4 -1 -1  2 -1  1 -3 -1  2    8   2   1   1   0   1   3   9   2   6  23   1   2   3  10   5   7   1   2  13  0.33 0.24
   75 L    0  1  1  0 -1  1  1  1  1 -1  1 -1 -2 -2 -2 -2 -1 -3 -1  0    9   6   6   6   1   7  10   9   3   4  13   3   1   2   2   3   4   0   3   7  0.08 0.09
   76 Y    1  1 -2  1 -4 -1  1 -1 -2 -1  1  0 -1  1  2 -1 -1  2 -1 -2   10   7   2   8   0   3   9   6   1   4  13   5   2   6  10   4   3   3   2   3  0.12 0.12
   77 N   -1  0  0  0  0  0 -1 -2  1  0  2 -1 -1 -3  0  2  1 -3 -3 -2    5   6   5   5   2   4   5   4   4   5  18   4   2   1   4  13   9   0   1   3  0.15 0.15
   78 D    0  2 -1  4 -3 -1  2 -1 -1 -4 -4  1 -5 -5  1  0 -2 -5 -3 -3    8  11   4  23   1   3  13   5   1   1   2   7   0   1   6   6   3   0   1   3  0.48 0.36
   79 I    0 -1 -5 -5 -4 -3 -4 -1 -1 -1  3 -4  6 -2  3 -2  0 -5 -4  0    7   3   1   1   0   1   1   5   1   4  26   1  16   2  14   3   6   0   1   6  0.64 0.41
   80 F   -1  0 -5 -2 -5 -1 -1 -2 -4  0  1 -2  2  5 -2  1 -1  0 -1  0    5   6   0   3   0   3   5   3   0   5  15   2   4  19   3  12   4   1   2   7  0.35 0.24
   81 Q    1  2 -1  1 -4  2 -1 -1  0 -2 -1 -1  2  3 -1 -1 -1  1 -2 -3   11   9   4   9   0   8   5   5   2   2   6   4   5  12   3   5   5   2   1   2  0.19 0.17
   82 V    1  2 -3 -1 -2 -2  2 -1 -2 -2  0 -3  0  1 -1  2 -1 -1 -1  1   10  11   1   4   1   2  12   6   1   2   9   2   3   6   3  13   5   1   2   8  0.16 0.17
   83 F    0  1 -3 -2 -1 -2 -3 -1  2  1  2 -2  0  2 -1 -1  0 -3  1  1    9   7   1   2   1   2   1   5   4   6  20   3   2   8   4   4   5   0   4  11  0.19 0.14
   84 Y   -1 -1 -2 -2 -3 -1 -1  2 -1 -3 -3 -3 -4 -1  3  2 -2  4  2 -1    5   3   2   3   1   3   5  17   2   2   3   2   0   3  16  15   3   6   6   4  0.40 0.33
   85 V   -1  0 -3 -1  0 -2 -3  0 -1  1  2 -2  0 -1 -2 -2 -1 -1 -2  3    6   5   1   3   2   2   2   8   2   6  20   2   2   3   3   4   5   1   1  22  0.29 0.20
   86 N    2 -2  0  4 -3 -1  2  0  1 -3 -3 -1 -2 -3  0  0  0 -5 -4 -1   15   3   5  20   1   3  11   7   3   2   3   4   1   1   4   7   5   0   1   4  0.33 0.27
   87 D   -2  1 -1  3 -6 -2 -2  3 -1 -3 -2 -2  0 -3 -2  0  3  0 -3 -1    4   9   3  13   0   2   2  21   2   2   5   3   2   1   2   7  15   1   1   5  0.37 0.29
   88 K   -1  3 -2 -2 -4  2 -1  2  1  1 -1  2 -3 -3  1 -2 -2 -4 -1 -1    6  14   2   3   0   9   5  13   3   7   6  12   1   1   7   3   3   0   3   4  0.24 0.20
   89 V    1  1 -2 -1 -1  0 -1 -1 -2 -1  1 -2  3  1  1 -1 -1 -2  0  1   12   7   2   4   1   4   3   6   1   4  12   2   6   6   8   4   4   1   3  10  0.11 0.11
   90 I    0  0 -2 -3 -3 -1  0  1  1  0  1 -3  0  1 -2  1  1 -1  0  1    7   4   2   1   0   2   6   9   4   5  15   2   2   5   2   9  10   1   4  11  0.11 0.11
   91 P   -3  0 -2  2 -5 -2  3  0 -1 -2 -3 -3 -3  0  4 -2 -3  0  4 -3    3   6   2   9   0   2  17   8   1   2   4   2   1   4  18   3   2   1  12   2  0.52 0.38
   92 F   -2 -1  0 -3 -3 -3 -4  2  1 -1  0 -2  5  3 -3 -2 -2  6  3 -2    4   4   4   2   1   1   1  15   3   4   9   3  11  10   2   4   3   8  10   3  0.51 0.32
   93 Y    1 -1 -1 -2 -4 -2  0  1  3 -2 -1 -1 -5  0 -3  2 -1  5  2 -3   10   3   3   2   0   2   7  10   7   2   7   4   0   4   2  15   4   7   7   2  0.29 0.24
   94 R   -1  4 -2 -2 -5  0 -3  2  0 -4 -3 -1  1  2  1 -1  1 -6  1 -3    5  19   2   3   0   4   2  16   2   1   3   4   4   7   6   5   8   0   5   2  0.39 0.29
   95 D   -1  0  2  3 -6 -2 -2  2  0 -3 -2 -2 -3 -3 -2  3  0 -3 -1 -3    6   5   8  17   0   2   3  14   2   2   4   2   1   1   3  19   6   1   2   2  0.40 0.32
   96 S   -1  1  0 -3 -3 -2 -2  2  0 -1  1  0 -1 -3  2  0  0 -2 -3  2    5   6   5   2   1   2   3  13   2   3  13   5   1   1  10   6   6   1   1  13  0.15 0.15
   97 R   -1  2 -1  0 -3  0  0 -2  3 -1  2 -1 -1  0 -1 -1 -1 -1  0 -1    5  12   3   5   1   4   6   4   6   3  22   4   1   5   3   5   3   1   3   5  0.18 0.15
   98 K    0  1  2  1  1 -1 -1 -1  1 -2 -1 -1 -1  0  2  1  0  3 -1 -3    8   7   9   8   2   3   3   4   4   3   5   4   1   5   9   9   7   4   2   2  0.16 0.16
   99 R    0  3 -2  0 -3  0 -1 -1  0 -1  1 -2  0  0  1  0  1 -6 -1 -2    7  13   2   5   1   4   4   6   2   4  13   2   3   4   8   6  10   0   3   3  0.14 0.14
  100 R    0  2 -2 -2 -6 -2 -3 -1 -3  0  2 -2 -1  1  2 -2 -2  5 -1  0    9  11   2   2   0   2   2   6   1   5  17   3   2   6  11   3   3   6   3   7  0.27 0.21
  101 E    1  2 -2  1  1 -2  0  1  1 -3 -1 -2 -2  3 -1 -1  2  2 -2 -2   11  10   2   7   3   2   6   9   3   2   5   2   1  12   3   6  10   3   1   3  0.20 0.18
  102 E    2 -2  1  2 -5  1  0  3 -4 -3 -2 -3 -1 -2  2 -1 -2 -2 -5 -3   14   2   7  12   0   6   6  20   1   2   4   1   2   2  11   5   3   1   1   2  0.38 0.31
  103 M   -1  1 -4 -4 -5  2 -3 -2 -2 -1  3 -2  1  3  2 -3 -2  2 -3 -1    5   6   1   1   0   8   2   4   1   4  27   3   3  10  12   3   3   2   1   4  0.42 0.31
  104 I    1  3 -3 -3 -3 -2  1 -1 -2  0  2  0  0 -1 -1 -1 -2 -3 -2  1   10  13   1   2   1   2   9   5   1   5  18   5   2   3   4   5   3   0   1  10  0.19 0.16
  105 K    0  4  2 -1 -7  0 -2 -1  0 -4 -2  0 -3 -2  0  1 -1 -4  3 -4    9  20   8   4   0   4   3   5   2   1   5   6   1   2   5   9   3   0  10   2  0.38 0.30
  106 A    2  0  0 -2  0 -4 -3 -2 -2  1  2 -4  0 -1  2 -1 -1  5 -3 -1   15   5   5   3   2   1   2   4   1   7  20   1   3   3   9   5   4   6   1   5  0.29 0.22
  107 G    1 -1 -2 -4 -4 -1 -4  3 -1 -3  2 -2 -2  2  1 -1 -2 -3  1  0    9   3   2   1   0   2   2  23   2   2  16   3   1   8   6   6   2   0   4   6  0.31 0.23
  108 E    0  3  2 -2 -4 -1 -2  1  0 -3 -1  0 -1 -1  1  1  0 -5 -3 -2    8  15   8   3   0   3   3  10   2   2   6   6   2   3   6  12   6   0   1   3  0.21 0.19
  109 T    1 -1 -2  0 -4 -3 -3  1  0 -2  1 -3 -1  0  4  0  1  3 -2 -2   12   4   2   5   0   1   2   9   2   2  13   2   2   4  19   6   8   4   2   3  0.31 0.26
  110 R    0  4 -1  1 -7 -2 -2 -1 -2 -3  1  1 -2 -1  2  0  0 -1 -5 -2    7  20   3   6   0   2   2   4   1   2  13   7   1   3  10   7   6   1   0   3  0.30 0.25
  111 Y    0 -3 -1 -5 -5 -4 -3  0 -1  1  2 -4 -2  6 -2 -2 -2  1  2 -1    9   2   3   1   0   1   2   7   1   7  16   1   1  25   3   4   3   2   7   5  0.56 0.33
  112 P    0  1 -3 -2 -5 -3 -2 -1 -1 -1  2 -2 -1 -1  3 -2 -2  6  1 -3    8   6   1   2   0   1   3   6   1   4  21   2   1   3  16   4   3   8   4   2  0.43 0.32
  113 E    1  3 -2 -1 -5 -2  0  1 -1 -4  0  1 -3 -3  0  2  0  0 -5 -3   12  14   2   3   0   2   7  12   2   1   9   7   1   1   5  12   6   1   0   2  0.25 0.23
  114 F   -2  0 -4 -3 -4 -6 -4 -3 -2 -1  3 -2  7  4 -4 -3 -3  5 -3 -2    4   4   1   2   1   0   1   2   1   3  25   3  20  15   2   2   2   7   1   3  0.94 0.52
  115 E    0  0 -2 -3 -5 -2 -1 -2  0  2  3 -1  0  1 -2  0  0  5 -1 -1    9   5   2   2   0   2   4   4   2   9  22   4   2   6   2   7   5   6   2   5  0.23 0.17
  116 D    1  4 -1  3 -7  0  0 -2 -3 -3 -1 -1 -2 -3 -1  0 -2 -3 -3 -4   13  19   4  16   0   5   6   4   1   2   7   4   1   1   4   8   3   1   1   2  0.37 0.29
  117 K    2  2 -3  3 -5 -2  2 -1  0 -3 -1  2  0 -2 -2 -1 -3 -3 -1 -4   15  10   1  15   0   2  12   6   2   2   7  13   2   2   2   4   2   0   2   2  0.34 0.27
  118 L   -1 -3 -3 -2 -7 -4 -5 -4 -3  4  4 -4  0 -1 -3 -4 -4 -5 -4  2    7   2   2   3   0   1   1   2   1  23  35   1   3   3   2   2   2   0   1  12  0.83 0.44
  119 L    0  3 -3 -2 -3 -2 -2 -1 -4 -2  3 -1  1  0 -2  0 -1 -2 -3  0    8  13   2   3   1   2   3   4   0   2  28   4   3   4   3   7   5   1   1   7  0.30 0.22
  120 K   -1  5 -1  0 -7  0 -1 -2 -2 -3  0  1 -1  0 -2 -2  0 -2 -4 -2    6  31   3   6   0   3   4   4   1   2  10   8   2   3   3   4   6   1   1   3  0.50 0.34
  121 F   -1 -2 -3 -5 -4 -4 -6 -3 -4  2  2 -6  3  7 -4 -4 -3 -1 -2  0    5   3   1   1   0   1   1   3   0   9  19   1   5  37   1   2   2   1   1   6  1.09 0.55
  122 K    1  1  4  0 -3 -1 -1 -1  2 -4 -1  1 -3 -2 -1  1 -2 -4  0 -2   11   8  17   6   1   2   4   5   4   1   6   8   1   2   4  11   3   0   3   3  0.27 0.23
  123 K    1  5 -4 -2 -2 -2  0 -1  0 -3 -1  3 -4 -3 -2 -2 -3 -2 -4 -3   11  30   1   2   1   2   6   6   2   2   6  17   1   1   2   3   2   1   1   2  0.66 0.43
  124 L    1 -1 -5 -1 -4  0 -1 -4 -3  1  4 -1  1  1 -2 -3 -1 -1 -2 -1   13   4   1   4   0   5   5   2   1   7  32   4   3   6   2   2   5   1   2   4  0.37 0.25
  125 L    3  4 -2 -3  0 -1 -4 -1 -3 -2  1 -1  2 -1 -1 -1 -2  2 -3 -1   20  21   2   2   2   3   1   5   1   3  11   4   4   2   3   5   3   2   1   4  0.39 0.28
  126 Y    0  3 -3 -3 -4 -1  0 -2  0 -1  0  1 -1 -1  0 -2 -1  5  2 -1    9  14   1   2   0   3   6   4   2   4  10   8   1   3   5   4   4   7   8   5  0.24 0.19
  127 D    2  1 -3  1 -4  1  0  2  0 -2  0  0  0 -2 -2 -1  0 -2 -3 -2   15   8   1   9   0   7   6  13   3   2   9   6   2   2   2   4   6   1   1   3  0.18 0.16
  128 K    1  2 -1  1 -2 -2 -2 -1  0  0  2  1  0 -1 -2 -2 -2  1 -1 -2   11  10   3   9   1   1   3   4   2   4  21  10   2   3   2   4   2   2   3   3  0.19 0.15
  129 F    0  1 -3 -3 -4 -2 -2 -3  2 -1  3 -2  2  2 -2 -3 -2  4  1 -1    7   7   1   2   1   2   3   3   5   3  28   3   4   9   3   2   3   5   5   5  0.40 0.25
  130 T    3  4 -2 -1 -3  1  2 -2  0 -3 -1  0  0 -3 -3 -2 -1 -3 -4 -1   21  17   2   4   1   7  11   4   2   2   7   5   2   1   2   4   4   0   1   4  0.35 0.28
  131 F    1  0 -3 -1 -2  0 -1 -1 -1  1  1 -1  1  3 -2 -1 -1 -1 -1  0   10   6   1   3   1   4   5   5   1   7  16   3   3  11   2   5   5   1   2   8  0.12 0.09
  132 V    1  1 -1  1 -2 -1 -1  0  1 -1  2 -2 -1  0  1 -2 -1 -1 -1  0   12   8   3   7   1   3   4   7   4   4  19   2   1   4   6   3   4   1   2   6  0.10 0.10
  133 E    0  2 -1  1  0 -1  0  0 -1 -2  1 -1 -2 -2 -1  0  0  2 -4 -1    9  11   2   9   2   3   7   6   2   2  15   3   1   2   3   7   7   3   1   5  0.12 0.12
  134 K    1  1  0  3 -6  1  1  0 -3 -4 -1  1 -2 -3 -1  0  1 -7 -4 -3   11   8   5  14   0   6   9   7   1   1   7   9   1   1   3   6   8   0   1   2  0.23 0.21
  135 P    0  2 -1 -1 -1  0  0 -1  0  0  0  1 -1 -2  4 -1 -1 -2  0 -1    8  10   3   4   1   4   5   5   2   6   8   8   2   2  17   4   5   1   3   4  0.18 0.17
  136 P    1  2 -1 -2 -4 -2 -2  0  0 -1 -1 -2 -2 -1  4  0  1 -2 -3 -2   10  12   3   2   0   2   3   7   2   4   6   3   1   3  21   8   8   1   1   3  0.33 0.28
  137 T    1  1  0  1 -4 -2 -1 -1  0 -2  1 -1  0 -3 -1  2  2  1 -3  0   10   8   5   9   0   2   3   4   3   2  12   3   2   1   3  13  10   2   1   7  0.15 0.15
  138 K    1  1 -1  2 -4  0  1  1 -1 -1  0  0 -2 -1 -1  0  0 -2 -3  0   10   7   3  13   0   4   8   9   1   4  11   5   1   3   3   7   5   1   1   7  0.09 0.10
  139 D    0  0 -4  3 -3  2  2 -1 -1 -2  0 -2  0 -4  1 -1 -1  5 -3 -3    7   5   1  13   1   8  14   5   1   3   9   2   2   1   8   5   4   8   1   2  0.34 0.28
  140 S    0  1 -1  1 -4 -1  1 -1 -4 -5 -2  0 -2  0 -1  0  2  5  1 -4    9   7   3   9   0   3   9   5   0   1   4   6   1   4   4   7  14   7   4   2  0.26 0.24
  141 I    0 -3 -4 -2 -5 -4 -3 -3 -2  2  4 -3 -2  1  1 -2 -2 -2  1  0    9   2   1   3   0   1   3   3   1  10  35   2   1   5   7   4   3   1   5   6  0.47 0.30
  142 L    0  1 -3  1 -1 -1  0  1 -1  0  2 -2 -1  1  0 -2 -2  2 -2 -1    9   8   1   8   1   3   5  10   1   5  20   3   2   6   5   3   3   3   2   4  0.14 0.12
  143 E    1  1 -1  4 -6  1  3 -3 -1 -5 -2  1 -4 -4 -4 -1 -1 -4 -4 -4   13   7   4  20   0   7  17   3   1   1   4   8   1   1   1   6   4   0   1   1  0.49 0.37
  144 E    1  0 -1  1 -3  1  1  0  3 -2 -1 -1  0  2 -1 -1 -1  1  1 -2   10   6   3   8   1   5   9   7   6   2   6   3   2  10   4   4   3   2   5   4  0.13 0.12
  145 A    1  0 -1 -1 -3 -1 -2 -1 -2 -1  3 -3 -2 -1  1  0  0  0 -2  0   11   6   3   4   0   3   3   5   1   4  23   2   1   3   8   7   6   1   1   7  0.17 0.16
  146 K    1  1 -2  4 -5  2  2  0  2 -4 -1 -2 -4 -1 -2 -2 -2 -3  0 -2   10   7   2  19   0   9  13   8   4   1   6   3   0   3   2   4   3   0   3   4  0.33 0.27
  147 K    1  4  0  0 -4  0 -1  1  0 -4 -3  0 -2 -1 -1  1  1 -2 -2 -4   12  21   5   5   0   4   4   9   2   1   3   7   1   3   4   9   8   1   2   1  0.32 0.26
  148 Y   -1  1 -1  0 -3  1  0 -1  2  0  0 -2  1 -2 -1  1  2 -2  2 -1    6   6   2   6   1   7   6   6   4   4   8   2   3   2   3   9  13   1   7   4  0.12 0.13
  149 G   -1  0  0  0 -5 -2 -2  3 -2 -2 -2 -1 -4 -3 -1  1  3  6 -1 -2    6   5   4   5   0   2   3  19   1   2   4   3   1   1   3  11  15   9   2   3  0.41 0.31
  150 L    0 -1 -6 -5 -4 -3 -3 -4 -4  2  4 -6  2  4 -5 -4 -2 -7  1  2    7   4   0   1   0   1   2   2   0   8  32   1   4  15   1   2   3   0   5  12  0.73 0.40
  151 E    1  3 -3  0 -1  0  2  0 -2 -1 -3 -1 -3 -3 -1  2  0 -4  0 -2   10  14   1   6   1   5  12   8   1   3   3   4   1   1   3  14   6   0   3   3  0.24 0.23
  152 E    0  3 -1  2 -5  1  4 -1 -1 -3 -4 -1 -4 -3  0  0 -1 -3  0 -4    8  15   3  11   0   7  21   5   2   2   2   4   0   1   4   6   4   1   3   2  0.42 0.33
  153 F    0 -3 -3 -4 -2 -3 -2 -4  0 -2  2 -2  0  4 -7 -3 -4  8  4 -1    7   2   1   1   1   1   3   2   3   2  16   3   3  15   0   3   1  21  10   5  0.99 0.54
  154 I    0  0 -5 -3  2 -3 -4 -4 -2  4  2 -4  1  4 -5 -3 -2 -2  1  1    7   5   1   2   4   1   2   2   1  20  17   1   4  13   1   3   3   1   4   9  0.52 0.28
  155 Q    0  3 -3  1 -3  1  0  1 -3 -3 -2 -1  0 -1 -4 -2 -3  8 -4 -3    8  16   2   8   1   7   5  11   1   2   5   4   2   2   1   4   2  16   1   3  0.62 0.41
  156 E    0  2  0  2 -4  1  2  0  1 -4 -1  0 -2 -4  0  2 -3 -2 -2 -4    8  10   5   9   0   5  12   6   4   1   6   6   1   1   5  14   2   1   1   2  0.24 0.22
  157 P    0  1  0 -4 -3  0 -1  0  4 -3 -2 -1 -2 -1  4  0  1 -2  0 -2    8   6   4   1   1   4   5   7   8   1   5   3   1   3  20   6   8   1   3   3  0.33 0.28
  158 A    2 -3 -4 -1  3 -3 -4  0 -1 -2  1 -5  3  1  0  2  1 -3 -1  0   17   2   1   3   6   1   1   7   2   3  12   1   7   6   5  13   7   0   2   6  0.30 0.23
  159 K    0  2 -2  0 -2  0 -1 -2 -2  0  2 -1  0 -1 -2  0 -1  4  2  0    9  10   2   5   1   3   3   3   1   5  18   3   2   3   3   7   4   5   6   8  0.15 0.13
  160 K    1  3 -1  1 -3  0  2  1 -2 -5 -3  0 -3 -4 -3  1  0  3 -3 -3   13  13   4   8   1   4  14   9   1   1   3   5   1   1   2   9   5   4   1   2  0.32 0.27
  161 V    3  0 -1 -1 -1 -1 -1 -3 -3 -1 -1 -1  0  2  0  1 -2 -3 -4  1   22   6   3   4   1   3   5   3   1   4   5   4   2   9   6  10   3   0   1  10  0.22 0.20
  162 L    0 -4 -4 -4  1 -3 -3 -3 -6  3  3 -2  5  0 -6  0 -2 -2 -3  1    8   1   1   1   3   1   2   2   0  16  27   3  12   3   0   6   3   1   1   8  0.62 0.35
  163 S    0  1  2  1 -2 -3 -1 -1 -2 -2  0 -3 -1  1 -3  1 -2  7 -1 -1    8   9   8   8   1   1   4   5   1   3   8   2   2   5   2   9   3  16   2   5  0.45 0.31
  164 E   -1  3 -1  2 -5  1  2 -1  2 -3 -2 -1 -5 -5 -3  1  0 -3  0 -5    6  17   3  11   0   7  12   6   4   2   4   4   0   0   2   9   7   0   3   1  0.36 0.29
  165 Y    0  1 -2 -1  1 -1 -2 -2  0 -2 -1 -1  1  4  2 -3 -2  1  4 -2    9   8   2   4   3   3   3   4   2   2   5   4   3  17  10   3   3   2  11   3  0.36 0.25
  166 I   -1 -5 -5 -2 -5 -6 -4 -6 -6  2  4 -6 -1  3  4 -3 -1 -1 -2  0    5   1   1   3   0   0   1   1   0  10  30   1   2  12  18   2   4   1   2   6  0.75 0.45
  167 S    3  0 -3 -1  0 -1  0 -3 -2 -1  1 -3  1  2  0  0  0  1 -4  0   22   5   1   4   2   3   6   2   1   3  12   2   4   9   4   6   6   2   1   6  0.22 0.19
  168 E    1  2  0  2 -4  0  2 -2  0 -3 -2 -1 -1 -5  2 -1 -1 -5 -2 -2   12  11   5  12   0   5  13   4   2   2   5   3   2   1  11   5   4   0   2   3  0.29 0.25
  169 D    2 -1 -3  1 -2  0  0 -3 -2 -3  0 -1  2  3  2  0  0 -6 -3 -3   17   3   2   7   1   4   7   3   1   2   8   3   5  12  11   6   6   0   1   2  0.27 0.23
  170 Y   -1 -5 -4 -5 -2 -5 -5 -2 -4 -1  1 -4  3  6 -4  1 -2  2  2  1    6   1   1   1   1   1   1   3   1   3  14   1   6  28   1   9   3   2   6  10  0.73 0.41
  171 H    1 -1 -3 -4  2 -2 -3 -1  1  0  2 -3 -1 -1  1  2 -1  1  0  1   13   4   1   1   4   2   2   6   3   5  17   1   1   2   6  13   4   2   3   9  0.20 0.17
  172 E    3  3 -1 -1 -2  1  0  2 -2 -5 -2  0 -1 -4  0 -1 -3 -5 -1 -3   19  17   3   4   1   7   6  14   1   1   4   6   2   1   5   4   2   0   2   2  0.38 0.30
  173 F    1  0 -3 -5 -3 -1 -3  0  1  1 -1 -3  0  5 -4 -1  0 -1 -1  2   11   5   1   1   1   3   2   7   3   6   7   2   2  22   1   5   5   1   2  12  0.43 0.27
  174 F   -1 -4 -6 -5  2 -6 -6 -4 -2  0  0 -5  1  6 -1 -2 -2  6  4 -1    6   1   1   1   3   1   1   2   1   6   8   1   3  31   4   3   3   9  12   5  1.03 0.54
  175 I   -1 -2 -1  1 -2 -4 -2  0 -1  1  3 -3  1  2 -2  0 -1 -3 -1  0    6   2   3   8   1   1   3   7   2   7  29   2   3   7   2   7   4   0   2   5  0.27 0.18
  176 Y    2 -3  4 -1 -2 -3 -1  1  0 -3 -1 -4 -2  2 -7 -1 -2  3  3  0   15   2  18   3   1   1   5  11   2   2   7   1   1   7   0   4   2   4   9   6  0.43 0.30
  177 P   -1  1 -1  1 -4 -1  0 -1  6 -2 -4 -2 -5 -4  3  0  2 -3 -5  1    6   7   3   8   1   3   5   5  14   3   2   2   0   1  13   6  11   1   0   8  0.43 0.33
  178 G    1  2 -1  0 -7 -2 -2  2 -1 -4 -1 -2 -1  3  2  0  0 -7 -3 -1   13  10   3   5   0   2   2  13   1   1   7   3   2  10  11   6   6   0   1   4  0.26 0.23
  179 M   -2 -2 -5  0 -3 -5 -1 -4 -1  2  4 -3  5  0 -1 -1 -2  0 -1 -1    4   3   1   5   1   1   4   2   2  10  33   2  10   4   4   6   2   1   3   4  0.54 0.33
  180 E    0  1 -1  3 -6  1  2 -2 -1 -4  2  0 -2 -2 -4  0 -3 -1 -2 -2    7   7   3  16   0   6  12   4   2   1  18   5   1   2   1   7   2   1   2   3  0.30 0.24
  181 R   -1  2  1  2 -3  0  0  0  2 -2  1 -2 -1  0 -3 -1  1 -2 -2 -2    5  10   7  11   0   4   6   9   5   3  12   2   1   5   1   5   8   1   2   3  0.14 0.12
  182 T    2 -1 -4 -3  1 -3 -3 -2  3  1  1 -4 -2  1 -1  2  2 -6 -4  1   14   4   1   1   3   2   2   3   6   6  13   1   1   6   4  13  11   0   0   9  0.28 0.21
  183 S    2 -2 -3 -3 -2 -1 -2  1  0 -4 -2 -3 -2 -1  3  4  0 -1 -3 -2   14   2   1   2   1   2   2  11   2   1   5   2   1   3  12  28   5   1   1   3  0.42 0.35
  184 A    4  1  0 -1 -1 -1 -2  0 -2 -2 -1 -1 -1 -2 -2  1 -2 -2 -3 -2   35   8   4   4   1   2   3   7   1   2   8   4   2   2   2   8   2   1   1   3  0.36 0.28
  185 Y   -1  2 -2 -2 -2 -1 -1 -1  3 -1  0  0  0  1 -1 -1  0  4  3 -1    6  12   1   2   1   3   4   4   7   3  10   6   2   7   3   4   5   6  10   5  0.20 0.16
  186 V    0  1 -2 -2  0 -2 -1  0 -2  1  2 -2  2 -1 -3  0 -1 -4 -2  2    7   8   2   3   2   2   3   7   1   8  17   1   6   3   1   7   4   0   1  16  0.15 0.14
  187 I   -1 -1 -2 -3 -4 -3 -3 -1 -2  1  3 -2  1  4 -4 -3 -3  5 -1  0    6   4   2   2   0   1   2   5   1   7  28   3   3  17   1   2   1   6   1   7  0.47 0.29
  188 A    2  2 -2 -2  0  2  0  0 -2 -1 -1  0 -1 -1 -1  2 -1 -1 -3 -1   15  11   2   2   2   9   6   6   1   4   7   5   1   3   2  16   3   1   1   5  0.15 0.18
  189 Y    0  2  1  1 -2 -1 -1 -1  2 -1 -2 -1  0  1 -1  0  0  0  2  0   10  13   6   7   1   2   3   4   5   4   4   3   3   7   3   5   5   1   8   8  0.09 0.11
  190 F   -1 -2 -1 -3 -2 -1 -2 -1  0  0  1 -1  1  4 -3 -1  1 -1  2  0    5   2   3   2   1   3   2   6   3   4  14   3   4  16   1   6  10   1   8   7  0.19 0.16
  191 F   -1 -2  2 -1 -3 -2 -2  1  0  0  2 -3  0  4 -3 -1 -2 -2  1 -1    6   2  10   4   0   1   2  12   2   5  18   2   3  16   1   4   2   0   5   4  0.24 0.19
  192 S    0  5  0  0 -4  0 -1  0 -1 -3 -1  1 -2 -2 -3  1 -1 -2 -3 -3    7  32   4   4   0   4   5   7   2   2   6   8   1   2   1   9   3   1   1   1  0.46 0.35
  193 P    0 -2 -3 -1 -5 -2  2  3  3 -5 -2 -3  0 -4  5 -1  0 -3 -5 -4    8   2   1   4   0   2  11  20   6   1   4   1   2   1  26   4   5   0   0   1  0.63 0.45
  194 E   -2  3 -1  2 -2  4  1 -1 -1 -3 -2  1  0 -4 -1  0 -1 -3 -2 -2    4  13   2  10   1  20   8   5   2   2   4   8   2   1   3   7   4   0   1   3  0.34 0.30
  195 W   -1 -3 -5 -4 -4 -2 -3 -4 -5 -1  2 -5  1  1 -2 -4  0 10  1  0    7   2   1   1   0   2   2   2   0   4  18   1   4   5   2   1   6  34   4   6  1.32 0.71
  196 S    1  2 -2 -1 -1 -2 -3  3  1 -2 -1 -1 -2  0 -2 -1 -1  3  2 -1   13  15   2   3   2   1   1  20   3   1   8   3   1   3   2   4   3   4   7   3  0.23 0.23
  197 L   -2 -1 -3 -2 -3 -4 -4 -3  1  0  2 -3 -2  1 -4 -3  3 -4  5  2    3   4   1   2   0   0   1   2   3   5  16   2   1   6   1   1  19   0  18  16  0.51 0.39
  198 V   -1 -3 -5 -4 -3 -4 -5 -5 -6  2  0 -4 -2 -1  5 -3 -1 -6 -3  4    5   1   1   1   1   0   0   1   0  12   9   1   1   3  25   2   3   0   1  33  0.87 0.53
  199 E    1  3 -1  2 -3  0  2 -3 -1 -2 -3  2 -2 -5  0 -1  0 -5 -3  0   13  14   2  10   1   4  13   1   1   3   1  14   1   0   5   3   6   0   0   6  0.30 0.27
  200 G   -1  0 -1 -1 -3 -2 -2  6 -2 -5 -4 -2 -6 -5 -5 -3 -4 -4 -6 -3    4   5   3   4   1   2   3  65   1   1   2   3   0   1   1   2   1   0   0   2  1.33 0.70
  201 G   -2 -6 -3 -1 -6 -6 -6  7 -6 -7 -5 -6 -6 -7 -2 -3 -4 -6 -4 -5    3   0   1   4   0   0   0  80   0   0   1   0   0   0   3   2   1   0   1   1  2.03 0.95
  202 M    0 -5 -3 -4  0 -3 -4 -3 -5  1  1 -4  5  1 -2  4 -1  4  0 -2    7   0   1   1   2   1   0   2   0   7  11   0  14   6   2  32   3   5   4   2  0.61 0.47
  203 G    0  3 -1  0 -4  3  0  3  0 -2 -4  0 -4 -5 -3  0 -2 -3 -1 -3    9  17   2   6   0  13   6  21   3   3   1   6   0   0   1   6   2   0   2   1  0.40 0.32
  204 T    2  1 -1 -2 -1  1  1  0 -1 -2 -2 -1 -1 -3 -3  1  3 -5 -3 -1   20   8   2   2   1   6  10   6   2   2   4   3   1   1   1  11  16   0   0   4  0.26 0.27
  205 V   -3 -4 -7 -5 -6 -6 -6 -4 -5  3  4 -6  1  2 -4 -6 -4 -2  6  1    2   1   0   1   0   0   0   1   0  16  32   0   3   6   1   0   1   0  27   8  1.08 0.61
  206 S    0 -5 -5 -4 -1 -3 -4 -3 -4  3  0 -3 -2 -2  3 -1  0  0 -1  4    9   0   0   1   1   1   0   2   0  13   9   1   1   2  17   4   5   1   2  29  0.56 0.41
  207 Q    0  2  1  3 -6  2  3 -3 -1 -4 -4  0 -3 -4 -1  0 -1 -3 -4 -3    7  13   6  18   0   9  21   2   1   1   1   5   0   1   3   7   4   0   1   2  0.48 0.38
  208 K    3  2 -2 -3 -4  3 -1 -1 -1 -3 -3  1 -3 -5  3 -2 -2 -6 -3 -2   29  12   2   1   0  13   4   4   1   2   2  10   0   0  12   2   2   0   1   3  0.49 0.42
  209 I    0 -6 -7 -7 -1 -4 -5 -6 -6  3  5 -4  4 -1 -2 -5 -3 -6 -3 -1    9   0   0   0   1   1   1   0   0  14  53   1   9   2   3   1   1   0   1   4  1.05 0.61
  210 A    4  1 -3 -4 -1 -1  0 -2 -2  0  0 -1 -1 -3 -4 -1  0  1  0  1   36   7   1   1   1   3   7   3   1   5   9   2   2   0   0   3   5   2   3   9  0.35 0.33
  211 E    3  2  0  2 -3  2  2 -1 -1 -4 -4  1 -3 -4 -1  0 -1 -5 -5 -4   25  12   3  10   1   7  12   4   2   0   1   8   0   1   3   7   3   0   0   1  0.39 0.34
  212 Y    1  3 -1  0 -3  0  0 -1  1 -1 -1  0 -1 -1  0  0 -1  2  1 -1   14  18   1   5   0   4   4   5   3   3   7   5   1   3   4   5   3   4   5   5  0.12 0.15
  213 A    2 -5 -5 -5  0 -4 -5 -4 -3  3  4 -4  0  2 -3 -4 -2 -1 -2  0   16   0   1   0   2   1   0   1   1  19  35   1   2   9   1   1   2   1   1   6  0.66 0.41
  214 I    1  2  0  0 -3  2  1 -1  0 -1 -1  1 -1 -3  1 -1  0 -1 -3 -1   14  12   3   4   0  10  10   5   2   3   5   7   1   1   7   3   6   1   1   4  0.15 0.16
  215 D    2  1 -1  3 -2  1  2 -1 -1 -4 -3  1 -3 -3 -1  0  0 -4 -3 -2   17   9   3  14   1   6  15   4   2   1   2   7   1   1   3   8   5   0   1   2  0.28 0.23
  216 K    1  3  1 -1 -1  0 -1 -2  3 -2  1  1  0 -1 -1  0 -1 -3 -2 -1   10  15   7   4   1   4   4   3   8   2  17   7   2   2   3   5   3   0   1   3  0.14 0.15
  217 G   -2 -1 -1 -1 -2  0 -2  6 -2 -3 -3 -2 -3 -3 -2 -2 -2 -3 -3 -3    3   4   2   3   1   4   2  58   1   1   4   3   1   1   2   3   2   0   1   2  1.00 0.43
  218 V    1 -3 -2  0 -1 -2 -2  4  0 -1 -1 -3 -2 -2 -1 -1 -1 -4 -3  2   14   1   1   6   1   1   3  28   3   2   7   1   1   1   3   3   3   0   1  19  0.36 0.26
  219 E   -1  3 -1  3 -1  2  2 -3  0 -3 -3  1 -3 -4 -2  0  1 -5 -3 -2    5  14   3  14   1   8  14   1   2   2   2   9   0   0   2   5  10   0   1   4  0.33 0.28
  220 V   -3 -5 -7 -7 -3 -6 -5 -7 -7  6  1 -6  1  2 -7 -6 -3 -2 -3  5    2   1   0   0   0   0   1   0   0  36  11   0   3   8   0   0   2   0   1  33  1.23 0.64
  221 R   -3  6 -3 -3 -2  1 -1 -5  5 -2 -1  0 -2 -1 -4 -3 -2  0 -2 -1    2  43   1   1   1   6   4   1  11   3   7   4   1   3   1   1   2   1   1   6  0.89 0.56
  222 V   -2 -3 -5 -5  1 -4 -4 -6 -2 -2  5 -4 -1  1 -3 -3  3 -5  1 -1    4   1   0   0   3   0   1   0   1   1  48   1   1   6   2   1  20   0   6   4  0.84 0.55
  223 N   -1  0  4  1 -3 -1 -1  4 -1 -7 -7 -1 -6 -7 -4  2 -3 -7 -6 -5    5   6  21   7   1   2   5  34   2   0   0   4   0   0   1  13   1   0   0   1  0.82 0.53
  224 S    2  0 -1 -3  4  1 -1 -4  1 -3 -4 -1 -3 -4 -4  2  4 -6 -5  0   19   4   2   1   7   5   4   1   3   1   1   4   1   1   0  14  27   0   0   5  0.56 0.46
  225 K    0  4 -2 -3 -5 -2 -1 -2 -1 -5 -5  0 -4 -7  6 -2  0 -7 -4 -1    9  20   2   2   0   1   5   4   2   0   0   6   0   0  35   2   5   0   0   6  0.88 0.58
  226 V    0 -5 -5 -6 -3 -5 -6 -8 -5  2 -2 -7 -3 -6 -7 -7 -5 -8 -6  7    7   1   1   0   1   1   0   0   0  11   2   0   0   0   0   0   0   0   0  75  1.97 0.97
  227 E    0  3 -1  0 -2  2  1 -3  1 -2 -2  0 -3 -4 -4  1  2 -3 -4 -1    7  19   2   4   1   9  11   2   3   2   5   5   0   1   0   9  16   0   0   4  0.33 0.31
  228 E    2  3 -2 -2 -4  1  2  1  0 -5 -5  2 -3 -5 -4  2 -1 -4 -4 -4   15  18   1   2   0   7  12   9   2   0   0  11   1   0   1  14   4   0   0   1  0.47 0.39
  229 L   -5 -7 -5 -7 -4 -7 -7 -8 -7  6  2 -5 -2 -2 -4 -6 -3 -7 -6  5    1   0   1   0   0   0   0   0   0  35  17   1   1   2   1   0   1   0   0  40  1.49 0.74
  230 I   -1  2 -2  0 -3  1  2 -3  1  0  0  0 -2 -3 -2  0  1 -1 -3  1    5  13   1   5   0   5  17   2   3   5   8   4   1   1   1   6   8   1   1  11  0.19 0.20
  231 V   -1  4 -2 -2 -2  0 -1 -2  2  1 -1 -2 -2 -1  2 -1  0  2 -1  0    5  26   2   2   1   5   3   2   4   8   6   1   1   3   9   4   6   3   2   8  0.29 0.25
  232 R   -1  2  0  3 -1  2  2 -1  2 -3 -2  0 -2 -4 -2  1  0 -3 -3 -2    6  12   4  16   1   8  14   5   4   1   5   4   1   1   1   9   5   0   1   2  0.28 0.24
  233 D    1 -1  2  4 -4 -1  1  2  2 -5 -5 -2 -5 -5  1  0 -1 -6 -3 -4   12   4  10  20   0   2   9  15   5   1   1   2   0   1   7   6   4   0   1   1  0.45 0.34
  234 D   -1 -1  2  4 -5 -1  0  4 -1 -5 -5 -2 -3 -4 -4 -1 -2 -2 -4 -5    5   3   8  23   0   3   6  34   2   1   1   3   1   1   1   4   3   1   0   1  0.74 0.46
  235 K    0  3 -2 -2 -4  1 -1  4  0 -3 -4  2 -3 -4 -2  0 -1 -3 -4 -3    9  15   2   2   0   5   3  30   2   1   1  11   1   1   2   6   4   0   0   2  0.50 0.36
  236 V    1 -3 -5 -4 -4 -1 -3  1 -2  1 -3 -4 -3 -2 -3 -3  0  2 -3  6   12   2   0   1   0   3   2  10   1   6   2   1   0   2   1   1   5   3   1  45  0.78 0.49
  237 V   -1  1 -2 -2 -2  0  0 -4 -1  0 -1 -1 -1 -2 -2  0  3  2 -2  3    6   9   2   2   1   5   6   1   2   5   6   4   1   1   2   6  20   3   1  18  0.27 0.25
  238 G    1  0 -2 -1 -2 -1 -1  3 -1  1  0 -1 -1 -2 -3 -1  0  0 -2  1   11   5   2   3   1   2   3  22   1   9  10   3   1   1   1   5   7   1   1  12  0.18 0.14
  239 V   -2 -1 -4 -4 -4 -3 -2 -5  1  2  1 -3 -3 -2 -5 -4  0  0 -2  6    3   4   1   1   0   1   3   1   3  10  14   2   0   2   0   1   5   1   1  46  0.90 0.51
  240 R    0  2 -3  0  0  1  1 -3  2 -1  0 -1 -2 -1 -3  0  3 -5 -2  0    6  13   1   6   2   6   9   2   5   3   9   3   1   3   1   6  16   0   1   8  0.21 0.22
  241 M    1 -2 -2 -1 -1 -2 -1 -2 -3  0  1 -3 -1  0 -4  1  4  0 -3  2   12   2   2   3   1   2   4   2   1   4  12   1   1   4   1  11  23   1   1  12  0.31 0.28
  242 G    2 -2  3  5 -4 -1  0  2 -1 -6 -6 -2 -6 -7 -1  0 -1 -8 -7 -5   15   2  11  28   0   2   5  16   1   0   0   3   0   0   4   7   4   0   0   1  0.71 0.49
  243 N   -1 -1  1  4 -6 -2  0  5  0 -4 -4 -3 -5 -6 -6 -1 -2 -3 -6 -3    6   4   6  18   0   2   6  41   2   1   2   1   0   0   0   4   2   0   0   2  0.84 0.54
  244 T   -1  0  0  0 -4  1  3  4  0 -4 -5  0 -4 -6 -4 -1  0 -7 -5 -4    5   4   4   5   0   6  21  31   3   1   1   6   0   0   1   5   5   0   0   1  0.61 0.44
  245 V    0  1 -2 -1 -3  1  2 -3 -1 -1 -1 -1 -2 -1 -1  1  3  1 -3  1    7   6   2   4   0   6  13   1   1   4   5   3   1   3   3   9  19   2   1  11  0.22 0.24
  246 V   -1  0 -4 -2 -4  0  3 -4  3  2  1 -3 -2  1 -4 -3 -1 -1  1  1    5   4   0   2   0   5  22   1   7  13  11   1   1   5   1   2   3   1   5  10  0.37 0.30
  247 D    0  4 -2  0 -3  0  3 -3  3 -2 -3 -1 -3 -3  1  0  1 -2 -3 -2    8  19   2   5   1   4  16   2   7   2   2   3   1   1   8   6   8   1   1   3  0.37 0.32
  248 G    4 -5 -8 -5  2 -5 -6 -2 -1 -7 -6 -7 -7  7 -4 -2 -2 -3  3 -2   30   1   0   1   4   1   0   4   1   0   0   0   0  39   1   3   2   0   9   3  1.44 0.79
  249 D   -3  2 -3  8 -6 -2 -1 -3 -3 -10 -10 -2 -9 -10 -4 -2 -4 -10 -9 -7    3  10   1  68   0   2   4   3   1   0   0   3   0   0   1   4   1   0   0   0  1.99 1.03
  250 V    4  1 -2 -2 -2  3  1 -3  3 -2 -4  1 -3 -2 -6 -1 -1 -4 -2 -1   29   8   2   3   1  11   8   2   7   2   2   9   0   2   0   4   4   0   2   4  0.46 0.38
  251 F    0 -6 -9 -9 -3 -8 -9 -7 -9  1 -1 -9 -3 -1 -9 -6 -4 -9 -1  7    8   1   0   0   1   0   0   0   0   6   5   0   1   2   0   0   1   0   2  73  2.01 0.99
  252 V   -6 -9 -10 -10 -5 -9 -9 -10 -10  6 -1 -9 -6 -4 -7 -6 -5 -9 -8  6    1   0   0   0   0   0   0   0   0  37   5   0   0   1   0   1   1   0   0  55  2.16 1.01
  253 I   -3 -6 -3 -6  1 -5 -7 -7 -5  2  3 -7  1  4 -6  1 -3 -3 -3  4    2   0   2   0   3   1   0   0   0  10  22   0   4  16   0  12   1   0   1  26  0.84 0.50
  254 A    7 -6 -1 -5 -2 -7 -7 -3 -8 -6 -7 -7 -7 -8 -7 -2  3 -9 -8 -4   70   0   3   1   1   0   0   2   0   0   0   0   0   0   0   3  17   0   0   1  1.90 1.02
  255 T    1 -7 -7 -6  7 -7 -5 -2 -7  1  0 -7 -1 -6 -5 -2  5 -8 -5  3    9   0   0   0  19   0   1   3   0   6   7   0   1   0   0   2  30   0   0  20  1.13 0.65
  256 S   -1 -7 -5  1 -8 -4 -3  0  8 -4 -6 -6 -2 -6  5  0 -3 -8 -6 -3    5   0   0   9   0   1   2   8  30   1   1   0   1   0  32   6   2   0   0   2  1.46 0.81
  257 P    3 -5 -4 -6 -7 -2 -5 -2  0 -3 -3 -5 -4 -4  6  3 -3 -2 -2 -2   20   0   1   0   0   2   0   3   2   2   3   1   0   1  39  18   2   1   1   3  1.12 0.71
  258 L    0  0  1  5 -6  0 -1 -2  1 -2 -2 -1 -3 -2  2 -1 -1  0  1 -2    7   4   7  27   0   5   2   3   4   2   4   4   1   1  12   4   3   1   5   3  0.41 0.33
  259 Q    1 -1 -2 -1 -4  5  2 -4  2 -1  0 -3 -3 -2 -1 -1  0 -6 -1  0   11   3   2   4   0  25  11   1   5   4   9   1   0   2   3   4   7   0   2   8  0.39 0.35
  260 F    5 -5 -6 -5 -4 -6 -6 -5 -7 -2  1 -5 -3 -1 -5  0  2 -4  1  1   48   0   0   0   0   0   0   1   0   2  15   0   0   3   0   6  11   0   4   8  0.96 0.62
  261 P    2 -1 -1 -1  0 -1 -1 -1 -2 -1  3 -2 -1 -3  1 -1 -1 -5 -3 -1   19   3   3   4   2   3   4   5   1   3  30   3   1   1   8   4   3   0   1   3  0.28 0.27
  262 E    2  4 -2  0 -4  0  2 -1 -1 -5 -3  2 -2 -5 -2  0 -2 -6 -4 -4   18  24   2   6   0   4  11   4   1   1   2  11   1   0   2   7   3   0   0   1  0.50 0.39
  263 L   -4 -7 -5 -5 -7 -6 -8 -8 -8  1  6 -8  5  1 -7 -6 -4 -1 -6 -1    1   0   1   1   0   0   0   0   0   8  64   0  12   6   0   0   1   1   0   3  1.60 0.81
  264 V   -1 -5 -6 -4  0 -4 -4 -5 -4  2  5 -5  1 -3 -6 -3  1 -4 -3  1    5   1   0   1   2   1   1   1   0   9  53   0   3   1   0   2   9   0   1   9  0.95 0.55
  265 P    0 -3 -2  1 -7 -1  2  1 -3 -4 -5  0 -5 -6  6 -1 -3 -3 -5 -4    7   1   2   8   0   3  11  11   1   1   1   5   0   0  39   4   2   1   0   2  0.91 0.58
  266 N    1 -2  2  4 -6  1  1  2  0 -5 -5 -3 -4 -2  1 -1 -1 -4 -3 -3   11   2   8  24   0   6   9  15   2   1   1   1   0   2   6   5   3   0   1   2  0.46 0.35
  267 V    2 -3 -3 -1 -4 -4 -2 -3 -3  1  4 -3 -1 -2 -1 -2  0 -1 -3  1   17   1   2   5   0   0   2   2   1   8  39   1   1   1   4   2   5   1   0   8  0.47 0.35
  268 P    1 -1 -4 -1 -4 -3 -1 -3  0 -3 -2 -1 -4 -5  6  1 -1 -7 -2 -3   11   4   1   4   0   1   3   2   2   1   5   3   0   0  42  10   4   0   2   2  0.88 0.56
  269 K    1  1 -1  1 -3  1  2  0  0 -2 -2  1 -2 -3  1  0  0 -4 -3 -1   11   8   1   7   1   6  13   7   2   2   5   8   0   1   8   7   6   0   1   5  0.16 0.16
  270 R    0  1 -2  0 -2  2  2 -3  0  0 -1  0  0 -1  3 -1  1 -3 -2 -1    8   7   1   4   1   8  14   1   2   5   7   5   2   2  14   3   8   0   1   4  0.20 0.20
  271 G    1  2 -1  2 -5  1  3 -2  0 -2 -2  1 -1 -3 -1  0  0 -5 -2 -2   12  11   2  10   0   5  21   2   2   3   3   8   2   1   3   7   5   0   1   2  0.27 0.25
  272 Y    0  0 -2 -2 -3 -1  0 -1 -1 -1  1 -1  0  1  2 -1 -1  3  3 -1   10   4   1   2   0   2   8   5   1   3  12   3   3   6  10   4   4   4  14   5  0.16 0.17
  273 Y    0  1 -1 -1 -3  1 -1 -1  3 -1  0 -1  0  1  2  0 -1 -2  2 -1    7   8   2   3   0   9   2   5   8   3  11   4   2   6   9   5   4   0   7   5  0.11 0.13
  274 P    0  1 -2  0 -2  0 -1  0 -2 -1  0  0 -1 -2  3  1  0 -3 -2 -1    9   7   1   6   1   4   4   6   1   2  13   6   1   1  15  12   5   0   1   5  0.16 0.17
  275 G    1  0  0 -2 -2  1 -2  3 -1 -2 -3  0 -3 -1  1  0 -1 -2 -1 -1   14   6   5   1   1   7   2  26   2   2   2   5   0   3   7   5   3   1   2   6  0.27 0.22
  276 W    1 -2 -3 -2 -1 -2 -1  0 -3  0  0 -2 -3 -2 -3 -1  2  7  0  1   11   3   1   2   1   1   4   9   0   4  11   2   0   1   1   3  16  16   4   9  0.43 0.31
  277 K    1  1 -1 -2 -1  1  0 -2 -1  1  0  0 -1  1 -2  0  1 -1  1  1   12   8   2   2   1   5   5   1   2   7   7   5   1   5   2   6  12   1   6  11  0.08 0.11
  278 K    0  3 -1 -2  1 -1  0 -2  0  0 -2  2 -3 -2 -2  1  0 -1  0  0    6  18   2   1   3   2   5   2   2   6   3  16   0   2   1  13   6   1   3   6  0.23 0.22
  279 Y   -2 -1 -1 -2 -2 -1 -2 -4  2  2  2  0 -1  0 -3 -2 -1  2  5  1    4   3   4   2   1   3   2   1   4  12  18   5   1   2   1   3   3   3  20   8  0.35 0.27
  280 N   -1 -2  4  0 -1 -1 -1 -2  4 -3  0 -3 -2 -3 -1  1  2 -2  1 -2    6   1  21   4   1   2   4   3  11   1   9   1   1   1   3  12  12   1   5   2  0.37 0.31
  281 V    1 -1 -3 -4 -3 -1 -2 -2 -4  1  1 -3 -1  1 -1 -1  0 -4  1  4   11   3   1   1   0   2   3   3   0   8  14   1   1   7   4   3   7   0   4  27  0.28 0.23
  282 I    3 -1 -2 -1 -2 -2 -3  0  1  2 -1 -2 -2 -2  0 -1 -1 -4  1  1   29   3   1   4   1   1   1   6   4  12   6   2   0   2   5   3   3   0   5  11  0.25 0.24
  283 L    0 -4 -4 -3 -2 -4 -2 -4  0  1  3 -4  0  2 -4 -2  0 -4  2  3    8   1   1   1   1   1   2   1   2   7  29   0   2   7   1   3   6   0   8  20  0.45 0.30
  284 S   -1  2  1  2  0  0  0 -1  1 -3 -2  1 -2 -2 -2  1  2 -2  0 -2    5  12   6  12   2   3   4   4   3   1   4  10   1   2   2  10  14   0   3   2  0.18 0.19
  285 D    0  2 -1  1  0  0  2 -1 -1  0 -1  0 -2 -1  0 -1 -1 -2  2  0    9  13   3   9   2   2  13   3   1   5   4   3   1   2   4   5   4   0   8   7  0.11 0.14
  286 Y    0 -1 -3 -1  0  0 -1 -1 -3  0  1 -1  2  0  3 -1 -1  0  3 -1   10   4   1   4   2   4   4   5   0   4  16   3   5   3  13   4   4   1  10   4  0.16 0.17
  287 P   -2 -4 -3 -3 -2 -3 -3 -3 -1 -2  1 -4 -5 -3  7 -3 -1  0 -6 -1    3   1   1   2   1   1   2   2   2   2  14   1   0   1  53   2   4   1   0   5  1.29 0.68
  288 R   -1  3  2  1 -3  2  0 -2  0 -2 -1  2 -1 -2  0 -1 -1  1  0 -1    5  16   9   7   0   8   5   3   2   2   5  12   1   2   5   3   4   2   4   4  0.18 0.17
  289 F    0 -2 -2 -2 -1 -2 -2 -3  0  0  2 -2  0  2 -1 -1 -1  2  2  1    8   2   2   2   1   2   2   2   2   4  25   2   2  11   4   5   4   2   8  12  0.20 0.18
  290 P    0  3 -2  1 -1 -3  0 -1 -3 -4 -5 -2 -3 -6  6 -2 -2  0 -4 -4    8  17   2   8   1   1   6   5   1   1   1   2   1   0  38   3   3   1   1   1  0.89 0.53
  291 E    0  0  3  2 -3  1  2 -1  0 -2 -1  0 -2 -3  2 -1  0 -5 -2 -1    7   6  13   9   0   5  17   4   3   2   5   5   1   1   9   2   6   0   1   4  0.24 0.21
  292 K    0  0 -1  1 -2  1  1  0  0 -2 -1  0 -1 -1  2  0  1 -1  1 -1    9   6   1   7   1   6   8   6   3   1   5   7   1   3  10   6  10   1   5   5  0.10 0.11
  293 L   -2 -1 -3 -3 -4 -3 -3 -4 -3  2  2 -3  4  2  1 -2 -1  3 -2  2    3   4   1   2   0   1   1   1   0  11  22   1  11   8   7   2   4   4   1  16  0.41 0.29
  294 K    0  3  0 -1 -1  0  0 -1  0  0  0  0  1 -1 -2  0  1 -1 -1  0    7  17   4   2   1   4   4   4   2   6   8   6   5   2   1   8   8   1   2   8  0.09 0.11
  295 G   -1 -3  2  1 -4 -2 -3  2 -2 -2  1 -2  1 -1  4 -1 -1 -4  1 -2    6   1  10   7   0   1   0  19   1   2  13   1   3   3  18   5   3   0   6   3  0.34 0.27
  296 L   -2 -3 -2 -3 -3 -2 -2 -3  5  1  3 -3  1  1 -3 -2  0  1  3  0    3   1   1   2   1   2   3   2  15   6  26   1   3   5   1   2   7   2  10   7  0.41 0.30
  297 E    1  2 -1  0 -4 -2 -1 -1  2 -1  1 -1 -1 -3  1  1  0 -2 -1 -1   12  13   3   5   0   1   4   5   7   3  15   2   1   0   8  11   5   1   2   3  0.14 0.17
  298 N   -1  0  3  5 -5  2  1 -1  2 -4 -3 -2 -1 -4  0  0 -1 -1 -5 -5    5   5  14  28   0   8   7   6   5   1   2   1   2   0   4   7   3   1   0   0  0.53 0.38
  299 S    2 -1 -1 -1 -3 -1 -1  1  1 -1 -1 -1 -1 -1  1  1  1  0 -2  1   16   4   2   3   0   1   3  12   4   3   4   3   1   2   6  14   9   1   1  10  0.12 0.16
  300 L    0  0 -2 -1 -3 -1  0 -1  0  1  1 -1  2  1  0 -1 -1  2  1  0    7   6   1   4   0   2   6   4   2  11  15   2   7   6   5   4   4   3   6   7  0.07 0.10
  301 L    0 -1 -3 -2  0  0 -1  0 -2  1  2 -2  1  2 -1 -1  0  3  0  0    6   4   1   2   2   4   5   7   1   8  23   0   3   8   3   3   5   5   4   7  0.12 0.13
  302 D    0  0  1  3 -2  1  0  0  0 -1 -1 -1 -2 -2  0  0  1 -1  0 -1    6   6   5  20   1   8   5   6   2   4   5   1   0   1   5   8   7   1   3   4  0.15 0.16
  303 T    2 -2 -1 -2 -1 -1 -3  3 -2 -1  1 -3 -1  1 -2 -1  1 -2 -2 -1   17   2   3   2   2   3   1  23   1   3  15   1   1   7   2   4   8   1   1   4  0.23 0.21
  304 E   -1  0  1  1 -2  1 -1  0  2 -3 -2 -1 -4 -4  5 -1 -1 -1 -3 -1    5   5   7   8   1   5   4   6   5   1   5   3   0   1  30   3   4   1   1   4  0.49 0.32
  305 F    0 -1 -2 -1 -2 -2 -2  1  2  1  0 -2  1  2 -1 -1 -1  2  1  1    7   4   0   4   1   1   1  10   6  11  10   2   3   9   3   5   3   3   5  12  0.09 0.11
  306 G    1 -1  3 -2 -4 -3 -2  5 -1 -3 -2 -2 -4 -2 -2 -1 -3 -5 -3 -1   12   4  12   1   0   1   2  41   1   1   4   3   0   2   2   5   1   0   1   6  0.62 0.38
  307 E    0  0  1  0 -5  4  4 -2  3 -5 -2 -1 -4 -4 -2  0 -1 -5 -3 -3    7   5   7   4   0  18  30   2   6   0   4   2   0   1   2   5   3   0   1   1  0.57 0.39
  308 L   -2 -3 -2 -3 -3 -3 -3 -3  1  0  2 -3  3  0  0 -3  1  8  0  2    4   1   2   2   1   1   1   2   3   4  20   1   7   3   4   2   8  19   3  12  0.60 0.37
  309 L    0 -3 -3 -3  4 -4 -3 -3 -2  1  2 -3 -1 -2 -4 -1  2 -5 -3  4    9   1   1   2   8   0   1   2   1   6  20   2   1   1   0   4  14   0   1  26  0.45 0.32
  310 F   -1 -4 -2 -5  0 -3 -2 -4 -2  3  1 -4  1  5 -2 -1 -1  0 -1  3    5   0   2   0   2   1   3   1   1  17  11   0   4  23   2   4   3   1   1  18  0.49 0.31
  311 P   -1 -3 -2  4 -5 -1 -2 -3  3 -3 -1 -4 -1 -2  6 -1 -3  0 -1 -3    6   2   2  23   0   3   2   1   6   1   6   1   2   2  35   5   1   1   2   1  0.85 0.48
  312 S    0  3 -1 -3 -3 -1 -2  0 -4 -5 -5 -1 -4 -5 -1  5  2 -5 -3 -3    8  16   3   1   1   3   2   8   0   0   1   3   0   0   2  38  10   0   1   1  0.63 0.44
  313 I    2  0  0 -1 -2 -1  0  1 -1 -1 -1 -2  0 -3 -1  1  1 -3  0  1   17   7   5   3   1   2   6  10   1   3   5   1   3   0   3  12   8   0   3  10  0.10 0.13
  314 L    0 -2 -4 -3 -1  2 -1 -3 -3  0  3 -2 -1 -1 -2 -1 -1  0  0  3    9   2   0   1   1   9   4   2   0   4  27   2   1   1   2   4   3   1   4  23  0.31 0.26
  315 D   -1 -2  0  5 -4 -1  0 -2 -2 -1  1 -2 -3 -2  1  0 -1 -2 -2 -2    6   2   4  37   0   2   4   3   1   3  13   2   0   2   6   8   3   1   1   3  0.49 0.34
  316 K    0  0  0  1  1 -2  1  0  0 -3 -2  0 -1 -3  5 -1 -1 -5 -2 -2    8   6   5   8   3   1   8   6   2   1   4   5   1   1  27   4   3   0   2   3  0.40 0.28
  317 S    0  0  0  1 -2  0  1  2  1 -3 -3 -1 -3 -3 -1  2  2 -5 -4 -2    8   4   3   7   1   3   9  18   4   1   3   2   0   1   3  15  14   0   0   3  0.26 0.24
  318 R   -1  4  0  0 -5  2 -1 -1 -1 -2 -1  0 -3 -4 -1 -1  0  5  0 -3    4  27   4   6   0  11   2   4   2   2   8   6   0   0   3   5   5   8   3   2  0.41 0.32
  319 N    0 -3  2  2 -2 -1  0  3 -1 -4 -1 -2 -1  0  0 -1  0  0 -1 -2    7   1  12  12   1   2   6  24   2   0   6   2   1   5   4   4   6   1   2   2  0.26 0.22
  320 G    2 -1  0  0 -2 -1  0  3  1 -3  0 -1 -1 -1 -1  0  0 -4  1 -2   16   3   4   4   1   2   6  23   4   0  10   4   1   2   3   6   5   0   5   1  0.18 0.19
  321 V   -1  0 -3 -1 -1 -1 -1 -4  4  1  2 -1 -1 -3  2 -2  0 -4  1  2    5   5   1   3   1   3   4   1  11   7  18   3   1   0   9   2   6   0   6  14  0.22 0.22
  322 V    0 -1 -2 -3 -3 -2  1 -2  0  1  1 -3 -1 -1 -1 -1  0  3 -2  3    9   3   1   1   0   1   9   3   2   9  14   0   1   3   3   5   5   5   1  24  0.23 0.23
  323 M    1  1 -2 -1  0 -2 -1  0 -2  1  1 -1  2 -2 -3 -1 -1 -1 -1  1   11   8   1   4   2   1   3   7   1  10  16   4   7   1   1   5   3   1   1  13  0.09 0.12
  324 E    0  0  1  0  0  1  2 -2  0 -1 -1 -1 -2 -1 -3  1  2  0 -1  1    7   5   6   5   2   5  15   2   2   3   7   2   0   2   0  12  13   1   2  10  0.13 0.17
  325 T    1 -1 -2 -3 -2 -2 -1  0 -1  1 -2 -2 -1  2  2  1  1 -1  1  1   12   4   1   0   1   1   4   9   1   8   3   1   1   9   9   9  10   1   4  12  0.14 0.17
  326 M    0 -1 -1 -1 -3  0 -1  1  0  0  1 -2  2  1 -1 -1 -1  1  2  1    6   3   2   3   0   6   4  11   2   5  17   1   7   5   2   3   3   2   8   9  0.07 0.11
  327 A    1 -2 -1  0 -3  1 -1  3 -1 -2 -1 -1  0 -1  1  1 -1 -4 -2 -2   15   2   3   6   0   6   2  23   2   2   5   4   3   3   6  10   2   0   1   3  0.19 0.19
  328 D    0 -2  0  4 -1 -1  1  0 -2 -3 -4  0 -2 -2 -2  1  2 -5  0 -2    7   2   4  25   1   1   9   8   1   2   1   5   1   1   2  11  13   0   3   2  0.34 0.28
  329 L   -2  2 -2 -2 -4 -2 -2 -3  1  1  2 -3  0 -1  0 -2 -1  5  1  1    3  14   2   3   0   2   3   1   4   8  24   0   2   2   5   3   3   9   4   8  0.30 0.26
  330 E    0  0 -1  2 -2  0  2  0  0 -1 -1  0 -1  0 -1  0  0 -4 -2  0    7   6   2  15   1   4  17   6   2   2   6   4   2   5   3   6   5   0   1   7  0.12 0.14
  331 D   -1  0  0  3 -2  2  4 -1 -2 -5 -3 -1 -4 -1 -1 -2 -1 -4  1 -3    6   5   3  18   1  11  27   5   1   0   2   3   0   2   4   2   4   0   4   2  0.48 0.35
  332 L    1  0 -2  0  0 -2 -2 -3 -2  2  3 -2 -1 -2 -2 -1 -2 -2  0  1   11   7   2   6   2   1   3   1   1  10  35   2   0   1   2   3   2   1   3   9  0.26 0.24
  333 Y    1  0 -1 -1 -1 -1  0  0  1  0  0  1 -1 -2 -1  1  0  1  0  0   11   6   2   4   1   1   6   8   5   4  14   8   0   1   2  12   3   2   4   5  0.05 0.09
  334 Q    0  1 -1  2 -4  3  3 -2  0 -2 -3 -1 -3 -4 -2  1  0 -5 -4 -2    8   6   3  12   0  13  22   3   2   2   3   3   0   0   2  11   6   0   0   4  0.37 0.30
  335 M    1  0 -1 -3 -3 -1 -2 -1  2  1  1 -1  2  0  0 -2 -1  1  3  0   12   6   3   1   0   1   2   4   7   8  16   3   7   4   4   0   4   2  10   6  0.14 0.17
  336 F    0 -1 -2  0 -2  0 -2 -2 -3  0  0 -2 -1  4  0 -1 -1  0  3  1    9   4   1   5   1   4   1   3   0   4  10   3   1  23   5   4   4   1   9   9  0.24 0.21
  337 P    0 -3 -3  1 -5 -1  0 -3 -2 -2 -2 -1 -2 -3  7 -2 -3 -6 -5 -2    7   2   1   7   0   3   7   2   1   3   4   4   1   1  50   3   1   0   0   3  1.12 0.59
  338 D    0 -2  2  3  0 -1  0  3  0 -1 -2 -2 -3 -4 -1 -1  0 -4 -4 -1    6   1  11  17   2   2   6  22   2   5   5   2   0   0   3   4   6   0   0   5  0.28 0.22
  339 L   -1 -1 -1  1 -1 -1 -1 -1 -3  1  1  0  0  3 -3 -1  0  1 -1  0    5   2   2  11   1   3   4   5   0   7  18   6   2  15   0   5   5   2   1   8  0.11 0.13
  340 K   -1  2 -1  2 -1 -1  2 -3 -2 -2  0  2 -3 -4  0 -1  1  5 -3 -3    5  12   3  11   2   1  12   1   1   2   9  16   0   0   4   4   8   8   0   2  0.32 0.27
  341 S    2  2 -1 -1 -3 -1  1  1  2 -2 -1  0 -3 -2  0  1 -1 -4  1 -1   20  10   3   3   0   2  10  10   6   2   5   5   0   1   5   9   2   0   5   3  0.17 0.19
  342 K    1  0 -2  0 -4 -1  3 -4  2 -2 -2  2 -3 -4  0  2  1 -5 -4 -1   10   5   1   5   0   2  18   0   5   2   4  13   0   0   4  20   7   0   0   5  0.32 0.30
  343 V    1 -2 -3 -3 -3 -2 -2 -2 -4  2  2 -1  1 -1 -2 -3 -1  0 -3  4   11   2   1   1   0   2   3   3   0  12  17   4   3   2   2   1   4   1   0  32  0.36 0.27
  344 K    0  1 -1 -2 -3 -1 -1 -3 -3  2  2  0  0  0 -2 -1 -1 -3 -1  2    8   7   3   2   0   2   5   1   0  14  19   7   1   4   2   4   2   0   2  17  0.16 0.15
  345 Y    1 -1 -2  1 -3 -1 -2  2  3 -2 -2 -1 -1 -2 -1 -2  0  3  3  0   15   2   0  10   0   2   1  15   8   2   2   4   1   1   3   2   8   4  10   7  0.24 0.22
  346 V   -1  2 -2 -1 -3 -1  1 -3  2  0  1  0  0  1 -2 -1  0  1  2  0    6  13   0   3   0   1  10   1   5   7  15   5   2   7   1   3   5   2   8   5  0.13 0.15
  347 D   -1  3  1  4 -5  1  2 -2  1 -3 -2  0 -4 -3 -1 -1 -1 -5 -4 -2    4  15   6  25   0   5  15   3   3   1   4   6   0   1   2   3   3   0   0   3  0.45 0.31
  348 E    0  1 -1  0 -1  0  1 -1  0  1  0  0  2 -3  1 -1 -2 -1 -2  1    7   9   2   5   1   4  11   4   3   9   9   5   8   0   6   4   0   1   1  11  0.08 0.13
  349 L   -2 -1 -5 -4 -4 -1 -4 -3 -4  3  4 -2  0  0 -1 -4 -3  4 -1  0    3   3   0   1   0   3   0   3   0  15  47   3   1   3   3   0   1   6   2   4  0.65 0.39
  350 N    1  0  0  1 -3  0  0 -1 -2  0 -1 -1 -2 -3  0  1  3  0 -2  0   10   5   5   7   0   4   4   5   1   6   7   3   0   0   4   8  21   1   1   6  0.13 0.16
  351 A    1  0 -2 -4 -1  0 -1 -2 -1 -2 -2  0 -2 -3  6 -1 -1  1 -1 -3   13   4   2   1   1   4   4   4   2   2   4   5   1   1  41   3   3   2   2   2  0.77 0.42
  352 F    1  1 -1  1 -3  0  0 -1 -1 -1  0 -1  0 -1  3  0 -1  3 -1 -1   14  10   2   8   0   3   6   5   1   4   9   3   2   2  13   7   3   4   2   3  0.14 0.14
  353 N   -3  1 -1  5 -4  1  1 -2  1 -2 -2  0 -1 -1 -2 -2 -2  0  1 -2    2   9   2  34   0   7   7   3   3   3   4   6   2   3   1   2   2   1   5   2  0.48 0.31
  354 A    2 -1 -3 -3 -2 -2 -2 -1  0  1  3 -2 -1  1 -3 -2 -1  1  2  1   18   3   0   1   1   1   2   4   2   6  29   1   0   7   1   1   3   2   8   8  0.25 0.22
  355 E    0  0 -1  1  0  1  5 -4 -3 -2 -1  0 -3 -4 -1  0 -1 -4 -4 -2    8   5   3   7   2   6  36   1   0   3   7   6   0   0   3   5   4   0   0   3  0.44 0.32
  356 K    0  5 -2 -1 -4  1  1 -2  1 -4 -2  1 -3 -3 -2  1 -2  2 -2 -1   10  32   1   3   0   5   7   3   4   0   3   9   0   1   2   9   2   2   1   4  0.44 0.31
  357 I   -1 -1 -2 -1 -3  0  1 -2 -1  2  0 -1  0 -1 -3 -1  2  1  2  2    3   3   1   4   0   4  11   4   2  12   6   4   1   1   1   2  14   2   8  17  0.15 0.17
  358 Y   -2 -2 -2 -2 -4 -2 -2 -3 -1 -1  0 -3 -3  5 -4 -1 -2  2  6 -1    4   2   2   2   0   2   3   2   1   4   8   2   0  27   1   6   2   2  26   4  0.73 0.39
  359 N   -1  3  2  1 -3 -2 -1  3  1 -3 -2  0 -1  0  0 -1 -1 -1 -2 -3    5  18   9   7   0   1   3  21   4   1   5   4   2   5   4   4   2   1   0   2  0.26 0.20
  360 L    1 -1 -2 -3  1  0 -1 -2  1  1  2 -2  0 -1 -1 -1  0  0 -1  1   15   4   1   1   3   6   5   2   3   6  25   2   1   1   2   4   5   2   1  11  0.13 0.14
  361 P    1 -2 -3 -2 -4 -1 -1 -1 -3 -2 -2 -3 -3 -2  6 -1  2 -4 -2 -1   14   3   1   2   0   2   3   5   0   2   4   1   0   2  39   3  12   0   1   4  0.78 0.41
  362 Y    0  0 -1 -1 -1 -1 -1  3 -2 -2 -1 -1 -1  2 -1  0  0 -2  0  0    8   7   3   3   1   2   4  22   0   1   6   3   1  11   3   8   4   0   4   9  0.13 0.13
  363 G    2  0 -1  1 -3 -2 -2  4 -1 -2 -1 -2 -3 -3 -1 -1 -2  1 -1 -2   17   5   2   7   0   2   2  37   2   2   6   2   0   1   2   4   1   2   2   2  0.45 0.26
  364 D    0  0  2  3 -3  1  1 -1  1 -1 -2  0 -1 -2  0 -1  0 -2  1 -1    8   4  11  18   0   8   8   3   3   3   3   4   1   1   4   3   6   0   5   4  0.17 0.13
  365 L    0 -1 -3 -3 -2 -2 -1 -3  0  2  1 -2  0  2 -1 -2  0  4  1  3    8   3   1   1   0   1   3   2   2  12  12   1   2   7   3   2   4   5   5  22  0.22 0.16
  366 N   -1  0  3  0 -3  0 -1 -1  2 -2 -1 -1 -1  3 -1  0 -1  3  1 -1    4   5  17   4   0   3   3   4   6   2   5   4   1  15   4   7   2   4   4   4  0.18 0.14
  367 H    1  1 -2 -1 -3  2 -1 -1  8 -3 -3 -1 -3 -3 -1 -1 -3  2 -2 -1   11   9   1   3   0   9   4   5  35   1   2   3   1   1   3   3   1   3   1   4  0.80 0.38
  368 L    1  0 -2  0  1  0 -1  1 -2  0  1 -1  1  0 -1 -1  0 -2 -2  0   11   4   1   6   3   5   2  12   1   6  20   2   4   3   3   2   6   0   1   8  0.06 0.08
  369 P    2  0 -3 -1 -3  0 -1 -1 -1 -1 -3 -1 -3 -2  6  0 -1  1 -3 -1   15   5   1   3   0   3   3   4   1   4   2   3   1   2  37   6   3   2   1   4  0.64 0.32
  370 M    0 -1 -2 -2  0 -1 -1 -1  1  0  0 -1  6 -1 -1  0  0 -2 -1  1    7   4   1   1   2   2   5   4   4   4   8   3  24   3   3   6   6   0   1  11  0.27 0.20
  371 R    1  1  0 -1  1  1  0  1 -2 -1 -2 -1  0 -1  0  0  2  1  0  0   12   8   3   2   3   6   6   9   0   4   3   1   3   2   4   6  16   2   4   5  0.09 0.11
  372 E   -1  0 -2  0 -1  0  1 -3  0 -1  1  1  0 -2  3 -1  1 -1 -1  1    4   5   1   5   2   3  10   1   2   3  13   8   2   1  14   2  11   1   2  11  0.15 0.14
  373 E   -3  0 -2  4 -4  1  1 -1 -3 -4 -4 -3 -4 -3  5 -2 -2 -4 -4 -3    1   6   2  26   0   5   9   5   0   1   2   1   0   1  32   2   2   0   1   2  0.89 0.44
  374 F    1  0 -2 -2 -3  3 -1  1  1 -2 -1 -1  1  1  0 -1 -1 -2  2 -2   13   4   1   2   0  17   3  13   3   2   5   3   4   7   4   4   2   0   9   2  0.18 0.17
  375 I   -1 -1 -2 -2 -2  0 -1 -2 -1  2  2 -1  3  1 -1 -1  1  1  0  1    4   3   1   2   0   5   2   3   2  11  19   2   9   7   3   4   9   2   3   9  0.12 0.11
  376 L   -1 -1 -2 -3 -1 -1 -1 -1  0 -1  1 -2 -1  4  0 -1  0  4  3  0    6   3   2   1   1   3   3   6   2   3  15   2   1  17   4   4   5   6  11   6  0.22 0.15
  377 E    1  1  0  2 -1 -1  0  0  0 -2 -1  0 -1 -1  2  1 -1  2 -2 -2   16   8   3  12   1   2   5   6   2   2   5   6   1   4   9   9   4   3   1   1  0.14 0.13
  378 K    1  1  1  1  1  1  0  2 -1 -1 -1  0  0 -1  1  0  0 -2 -1 -1   14   7   6   7   3   6   4  15   1   3   5   4   3   2   6   5   4   0   1   3  0.08 0.08
  379 R   -2  6 -2 -3 -2  0 -3 -1  2 -2  1  0 -3 -4  1 -3 -1 -4 -3 -2    4  40   2   1   1   4   1   6   5   2  13   5   0   1   8   1   3   0   0   3  0.62 0.37
  380 L   -3 -2 -4 -2 -4 -1 -2 -3  1 -3 -1 -2  1 -2  6  0 -1  6 -4 -2    2   2   1   3   0   2   2   2   3   1   7   2   3   2  45   8   4   9   0   2  1.03 0.51
  381 G   -1 -2 -2  3 -4 -2 -1  5 -4 -1 -2 -3 -4 -3  1  1 -1 -5 -4 -3    5   2   1  16   0   1   3  39   0   4   4   0   0   1   7  12   4   0   0   1  0.62 0.39
  382 Y   -1  0  2 -2  0  1 -1 -1  3 -2 -2 -2  0  0  0 -2  0  0  5  0    5   4   9   2   2   8   4   6   8   2   4   1   2   4   4   1   5   1  22   8  0.30 0.25
  383 E    0  5 -2 -2 -2  1  0 -4 -1 -1 -2  2 -3 -2 -2 -1  1 -4 -3 -2    8  39   1   1   1   6   6   1   1   4   4  11   0   2   2   3   8   0   0   2  0.58 0.37
  384 T   -2  0 -1  0 -1  0 -1 -2 -1 -2 -2 -1 -1 -3 -2  0  6 -4 -4 -1    2   6   2   5   1   4   3   3   2   2   4   3   1   1   2   7  46   0   0   5  0.60 0.41
  385 K   -1 -1 -3 -2 -5 -1 -4  0 -5 -3 -5 -2 -5 -6  8 -3 -2 -6 -5 -2    4   3   1   3   0   3   1   7   0   1   1   3   0   0  65   2   2   0   0   3  1.69 0.75
  386 Y   -2 -2 -3 -2 -3 -1 -2 -5 -2  4  2 -4 -1  0 -4 -4 -1 -1  1  4    3   2   1   2   0   3   2   0   1  24  20   0   0   3   0   0   3   1   5  28  0.54 0.34
  387 D   -1  4  0  1 -5 -1  0  0 -1 -4 -4  3 -4 -5  4 -1 -3 -5 -5 -5    5  20   4   8   0   2   6   6   2   1   2  19   0   0  20   5   1   0   0   0  0.60 0.39
  388 N   -2 -1  4 -1 -6 -5 -5  6 -2 -7 -7 -2 -6 -7 -1 -2 -5 -6 -6 -6    2   3  22   3   0   0   0  59   1   0   0   2   0   0   4   2   0   0   0   0  1.47 0.71
  389 V   -5 -2 -6 -4 -5 -6 -6 -7 -6  0  6 -6 -2 -2 -6 -4 -1 -6 -5  2    0   3   0   1   0   0   0   0   0   3  74   0   0   1   0   1   4   0   0  12  1.41 0.70
  390 Y   -2 -6 -4 -8 -7 -6 -7 -7  1 -4 -2 -4 -5  4 -8 -6 -6  7  9 -3    3   0   1   0   0   0   0   0   3   1   3   1   0  12   0   0   0  12  61   2  2.28 0.98
  391 L   -3 -4 -6 -6  1 -1 -6 -6 -1  1  4 -5 -1  3 -6 -5 -4  2  0  3    1   1   0   0   3   3   0   0   2   5  45   0   1  13   0   0   0   2   3  22  0.90 0.50
  392 C    5 -5 -5 -5  7 -4 -5  0 -2 -3 -4 -4 -4 -3 -4 -2  0 -5 -5  3   43   0   0   0  20   0   0   7   1   0   0   0   0   1   0   1   5   0   0  19  1.08 0.58
  393 S   -4 -6 -4 -3 -6 -5 -5  7 -5 -6 -6 -5 -6 -6 -5 -1 -5 -6 -6 -4    0   0   0   1   0   0   0  88   0   0   1   0   0   0   0   5   0   0   0   1  2.22 0.89
  394 A    3 -4 -2  5 -4 -1  0 -3  0 -5 -5 -2 -2 -6 -1  2  0 -6 -5 -4   28   0   1  31   0   2   5   1   3   0   0   1   1   0   3  17   5   0   0   0  0.76 0.49
  395 G    0 -4 -2 -2 -4 -2 -2  5  1 -5 -5 -4 -4 -1 -2 -1 -1  4  4 -3    8   0   1   2   0   1   2  45   3   0   0   0   0   2   2   5   4   6  14   1  0.82 0.45
  396 T    2 -4  2  2 -4 -3 -2 -4  1 -2 -3 -1 -4 -1 -4  0  5 -5 -1 -1   16   0  11  10   0   0   1   0   4   1   1   3   0   3   0   4  38   0   2   5  0.60 0.45
  397 Y   -2  0 -4 -3 -5  0 -3 -3  7 -2 -1  0  0  0 -5 -3 -2  6  5 -2    3   6   0   1   0   4   0   2  25   2   5   6   2   3   0   1   2  11  24   3  0.95 0.50
  398 P   -2 -3 -4  0 -5  0  1 -1 -4 -2 -3 -2 -4 -5  7 -1 -1  0 -2 -3    2   1   0   6   0   4   8   6   0   3   3   2   0   0  52   5   4   1   1   2  1.11 0.52
  399 G    0 -3 -3  0 -4 -2  1  5 -4 -5 -4  0 -4 -5 -3  0  0  0 -4 -4    8   0   0   4   0   2  12  50   0   0   2   5   0   0   1   8   5   1   0   0  0.80 0.42
  400 G    1  1 -2 -3 -4 -2 -4  5 -4  1 -4 -2 -4 -2 -4  0 -1 -4 -4 -3   12   9   2   0   0   2   0  52   0   9   1   2   0   2   0   6   3   0   0   0  0.81 0.42
  401 Q    0 -3 -2 -3 -4  3  0  4  0 -3  0 -1 -3 -1 -2  2 -1 -4 -1 -2    8   0   0   0   0  16   4  29   2   0   9   2   0   3   2  16   3   0   2   3  0.37 0.30
  402 V   -1 -2 -4 -5 -3 -4 -4  0 -5  3  0 -4  1  0 -4 -2 -2 -4 -1  5    4   2   0   0   0   0   0   8   0  14   7   0   4   5   0   3   2   0   2  49  0.69 0.40
  403 T    1 -1  1  1 -3  1  1 -3 -1 -2 -2 -2  2 -4  0  2  3 -4 -3 -2   11   3   5   7   0   8  11   0   1   2   3   0   8   0   5  15  19   0   0   0  0.29 0.27
  404 G    0 -4  0 -2 -4 -2 -2  6 -4 -3 -2 -3  2 -2 -4 -3 -3 -4 -4 -4    8   0   4   2   0   2   3  64   0   1   4   0   6   2   0   1   0   0   0   0  1.12 0.50
  405 I    3 -3 -3 -2 -2 -2  0 -3 -3  2  1 -3 -1 -3 -3  0 -2 -4 -3  3   34   1   1   2   0   1   5   1   0  10  17   1   0   0   1   5   1   0   0  20  0.39 0.28
  406 P    3 -3 -1 -3  2 -2 -1 -1 -3 -3 -2 -2 -3 -4  3  4 -1 -4 -3 -3   25   1   2   1   5   1   3   3   0   1   4   1   0   1  17  33   3   0   0   1  0.60 0.35
  407 A   -1 -4 -3 -3 -1 -4 -4  7 -4 -5 -5 -4 -4 -4 -4 -2 -3 -4 -4 -3    3   1   1   1   2   1   1  82   0   1   1   1   0   0   1   2   1   0   0   2  1.70 0.59
  408 V   -2  5 -3 -3 -4  0  1 -4  0 -3  0  1  0  1 -3 -2 -3  2  2 -1    3  38   0   0   0   3   8   1   2   0  12   7   2   6   0   1   1   3   9   5  0.49 0.30
  409 N   -2  4  4  0 -4  0  2 -3 -2 -2 -4  1 -3 -1 -4 -1  0 -5 -3 -2    3  23  27   3   0   2  16   0   0   3   0   8   0   3   0   2   7   0   0   2  0.54 0.34
  410 V    6 -5 -4 -5  1 -4 -4 -2 -5 -3 -4 -4 -4 -5 -4  1 -2 -6 -5  1   74   0   0   0   3   0   0   2   0   0   0   0   0   0   0   9   2   0   0  12  1.27 0.63
  411 A    7 -5 -5 -5 -4 -4 -4 -1 -5 -5 -5 -4 -1 -6 -4 -2 -4 -6 -5 -3   94   0   0   0   0   0   0   4   0   0   0   0   2   0   0   0   0   0   0   1  1.88 0.81
  412 N   -1  4 -1  0 -4  0  3 -3  3 -4 -1  1  1 -4 -4 -1 -1 -5 -3 -2    5  29   3   4   0   2  20   1   8   0   7   8   5   0   0   2   3   0   0   2  0.47 0.31
  413 L    4  0 -3 -3 -3  1  0 -3 -1 -1  1  1 -1 -3 -3 -1 -2  0 -3  1   37   6   0   0   0   6   7   0   1   1  17   8   1   0   0   3   0   2   0  11  0.33 0.30
  414 I    0 -5 -2 -5 -3 -5 -5 -5 -5  5  1 -5 -1 -3 -5 -4 -3 -5 -4  5    8   0   3   0   0   0   0   0   0  31  13   0   0   0   0   0   0   0   0  45  0.99 0.47
  415 L    1 -1 -5 -5 -3 -4 -3 -5 -1  1  5 -3  2  0 -4 -3 -3 -4 -1 -1   15   4   0   0   0   0   1   0   2   8  57   1   5   3   0   0   0   0   1   2  0.70 0.39
  416 K    2  3 -1  2 -4  1  2  1 -1 -4 -2  1 -3 -4 -3  0  0 -4 -3 -3   17  19   2  10   0   5  13  10   1   0   3   9   0   0   0   6   5   0   0   0  0.31 0.22
  417 K    0  0  1  7 -5 -1  1 -3 -3 -5 -3  0 -4 -5 -4 -2 -3 -6 -5 -5    8   6   4  63   0   2   9   0   0   0   2   4   0   0   0   0   0   0   0   0  1.15 0.46
  418 Y   -2  0 -4 -3 -3 -3 -4 -5 -3  1  4 -3  1  2 -4 -3 -2  2  2 -1    3   5   0   2   0   0   0   0   0   5  59   0   2  10   0   0   2   3   9   0  0.64 0.31
  419 F    0  1 -1 -1 -3  1 -1  2 -2 -1 -1  2 -2 -1 -2  2  0 -3 -2 -2    4  10   0   2   0   6   0  19   0   6   7  14   0   2   0  24   4   0   0   0  0.20 0.15
  420 T    0  3 -1 -2 -3  1 -1  1 -2 -1 -2  2 -2 -3 -2  1  1 -4 -3  0    7  26   0   0   0   6   0  10   0   4   0  14   0   0   0  15   9   0   0  10  0.28 0.17
  421 R   -1  7 -2 -2 -5  3  0 -3 -1 -4 -4  1 -3 -4 -3 -2 -2 -4 -3 -4    4  74   0   0   0  13   5   0   0   0   0   4   0   0   0   0   0   0   0   0  1.11 0.30
  422 S    0  1  2 -1 -3 -1 -2  4 -2 -4 -4 -1 -3 -4  2  1 -1 -3 -3 -3    7  10  15   0   0   0   0  43   0   0   0   0   0   0   9  16   0   0   0   0  0.51 0.11
  423 T    1 -2 -1 -1 -2 -1 -1  3 -2 -2 -3 -1 -2 -3 -2  2  3 -3 -3 -2   12   0   0   0   0   0   0  32   0   0   0   0   0   0   0  24  31   0   0   0  0.44 0.09
  424 F   -2 -3 -3 -4 -3 -3 -3 -3  0 -1  0 -3  0  6 -4 -2 -2  1  5 -1    0   0   0   0   0   0   0   0   0   0   0   0   0  72   0   0   0   0  28   0  0.79 0.04
  425 V   -1 -3 -3 -4 -1 -2 -3 -4 -3  2  3 -3  2  0 -3 -2 -1 -2 -1  3    0   0   0   0   0   0   0   0   0   0  50   0   0   0   0   0   0   0   0  50  0.32 0.00
  426 V    0 -3 -3 -3 -1 -2 -3 -3 -3  3  1 -2  1 -1 -3 -2  0 -3 -1  4    0   0   0   0   0   0   0   0   0   0   0   0   0   0   0   0   0   0   0 100  0.35 0.00
  427 S    1 -1  1  0 -1  0  0  0 -1 -2 -2  0 -1 -2 -1  4  1 -3 -2 -2    0   0   0   0   0   0   0   0   0   0   0   0   0   0   0   0   0   0   0   0  0.00    0.00

                      K         Lambda
Standard Ungapped    0.1397     0.3189
Standard Gapped      0.0410     0.2670
PSI Ungapped         0.1572     0.3174
PSI Gapped           0.0481     0.2670
