
Last position-specific scoring matrix computed, weighted observed percentages rounded down, information per position, and relative weight of gapless real matches to pseudocounts
           A  R  N  D  C  Q  E  G  H  I  L  K  M  F  P  S  T  W  Y  V   A   R   N   D   C   Q   E   G   H   I   L   K   M   F   P   S   T   W   Y   V
    1 M   -1 -2 -2 -3 -2  0 -2 -3 -2  1  2 -2  6  0 -3 -2 -1 -2 -1  1    0   0   0   0   0   0   0   0   0   0   0   0 100   0   0   0   0   0   0   0  0.36 0.01
    2 S    0 -1  0 -1 -1 -1 -1  3 -2 -2 -2 -1 -2 -3 -1  2  3 -3 -2 -1    0   0   0   0   0   0   0  32   0   0   0   0   0   0   0  35  33   0   0   0  0.38 0.01
    3 S    1 -1  0 -1 -1 -1 -1 -1 -1 -3 -3 -1 -2 -3  4  4  1 -3 -2 -2    0   0   0   0   0   0   0   0   0   0   0   0   0   0  24  76   0   0   0   0  0.59 0.03
    4 S    3 -1  3  0 -1 -1 -1  0 -1 -2 -2 -1 -2 -3 -1  2  0 -3 -2 -1   48   0  24   0   0   0   0   0   0   0   0   0   0   0   0  27   0   0   0   0  0.32 0.02
    5 T    1 -2 -1 -1 -2 -1 -1 -1 -2 -2 -2 -1 -2 -3  5  2  3 -3 -2 -1   16   0   0   0   0   0   0   0   0   0   0   0   0   0  33  16  36   0   0   0  0.61 0.03
    6 A    3 -2 -1  2  4 -1 -1 -1 -2 -2 -2 -1 -2 -3  3  0 -1 -3 -3 -1   53   0   0  16  16   0   0   0   0   0   0   0   0   0  16   0   0   0   0   0  0.40 0.03
    7 V    2 -2 -2 -3 -1 -2 -2  1 -3  1  0 -2  2 -2 -2 -1 -1 -3 -2  3   24   0   0   0   0   0   0  13   0   0   0   0  12   0   0   0   0   0   0  52  0.22 0.04
    8 D    1 -2 -1  3 -2 -1  1 -2 -2 -1  0 -1 -1 -2  2  0  1 -3 -2  0   21   0   0  26   0   0  10   0   0   0  10   0   0   0  12   0  10   0   0  11  0.22 0.03
    9 N    2  1  2 -1 -2  1  0 -1 -1 -2 -3  1 -2 -3  3  1  1 -3 -2 -2   25   9  13   0   0   9   0   0   0   0   0   8   0   0  17  10   9   0   0   0  0.32 0.04
   10 K    1  3 -1 -1 -2  1  0  0 -1 -3 -3  2 -2 -3  1  1  0 -3 -2 -2    9  22   0   0   0   8   0   8   0   0   0  20   0   0   8  18   6   0   0   0  0.29 0.04
   11 E    2  2 -1 -1 -2  0  2  0  2 -3 -3  0 -2 -2  4  0 -1 -3  1 -2   25  14   0   0   0   0  16   5   6   0   0   0   0   0  21   6   0   0   6   0  0.34 0.06
   12 A    2  0 -1  1  1 -1 -1  0  3 -3 -3 -1 -2 -3  1  2  0 -3 -2 -2   35   5   0  12   5   0   0   6  12   0   0   0   0   0   5  20   0   0   0   0  0.26 0.06
   13 R    1  3 -1 -2 -2 -1 -1  0 -2 -3 -2  0 -2  0  4  1  1  3 -1 -2   13  28   0   0   0   0   0   5   0   0   0   0   0   6  20  11  11   6   0   0  0.36 0.06
   14 R    0  5 -1 -2 -3  1 -1 -1 -1 -3 -3  2 -2 -1  2  0 -1 -3 -2 -3    9  50   0   0   0   5   0   5   0   0   0   8   0   5  10   8   0   0   0   0  0.45 0.09
   15 G    1  1 -1 -2 -2 -1 -1  2  1 -2 -1 -1 -1 -3  3  1 -1 -3 -2 -1   16  14   0   0   0   0   0  19   4   0   9   0   0   0  17  17   0   0   0   4  0.27 0.06
   16 F   -1  2  1 -1 -2 -1  0  0  0  0  1  0  1  2  0  0  0 -2 -1 -1    2  14  10   0   0   0   5   6   3   3  14   6   8  12   3   6   5   0   0   2  0.05 0.04
   17 R   -2  6  0 -2 -4  2  0  0 -1 -4 -3  2 -2 -4 -3  1 -1 -4 -3 -3    0  59   2   0   0   7   3   8   0   0   0   8   0   0   0  11   2   0   0   0  0.69 0.16
   18 I    0 -2 -1 -2 -2 -2 -1  0 -2  1  1 -2  3  0 -1  0  1  0 -2  1    8   0   1   0   0   0   2  10   0  12  11   0  16   3   2   8  15   2   0   9  0.11 0.07
   19 T    0  0  0 -1  0 -1  0  0  2 -1 -1  0  1 -1  0  1  2 -3 -1  0    7   5   3   0   2   0   6   7   8   2   5   7   7   2   3   7  23   0   0   6  0.09 0.06
   20 G    2  0  2 -1 -3  0 -1  3 -2 -3 -3  0 -2 -3  3  1 -1 -4 -3 -2   19   6  13   1   0   3   1  25   0   0   0   4   0   1  14   9   0   0   0   3  0.36 0.12
   21 L   -5 -5 -6 -7 -6 -5 -6 -7 -6  0  0 -6 11 -1 -7 -6 -4 -5 -3 -3    0   0   0   0   0   0   0   0   0   3   6   0  87   2   0   0   0   0   1   1  2.89 0.87
   22 K    0 -1 -3 -4 -3 -2 -3  0 -1  1  3  0  0  2 -2 -1  0  1 -1 -1    9   4   0   0   0   1   0   9   1   7  34   5   0  10   1   4   8   2   1   2  0.19 0.16
   23 R    1  4  1 -3 -4  2 -1 -1  0 -3 -2  3 -2 -4 -3  1  0 -3 -2 -2   10  29   7   0   0   8   2   4   1   1   3  16   0   0   1  10   5   0   1   2  0.42 0.24
   24 Y   -4 -3 -5 -6 -6 -5 -6 -7 -2 -4 -3 -5 -3  6 -7 -4 -4  0  9 -3    1   1   0   0   0   0   0   0   0   0   2   0   0  26   0   1   1   1  64   1  2.14 0.67
   25 I   -2 -5 -5 -5 -2 -5 -5 -6 -5  6  2 -5  0  1 -4 -3  0 -4 -3  2    3   0   0   0   0   0   0   0   0  47  22   0   1   6   0   1   5   0   0  14  0.88 0.36
   26 L    1 -3 -5 -5 -3 -4 -4 -2 -4  3  3 -4  0  1 -4 -2 -2 -3 -3  2   13   1   0   0   0   0   0   4   0  21  38   0   1   6   0   2   1   0   0  14  0.53 0.27
   27 K   -3  6 -1 -4 -6  0 -2 -2 -2 -4 -4  5 -3 -5 -4 -1 -2 -2 -4 -4    1  48   2   0   0   3   0   3   1   1   1  33   0   0   0   4   1   1   0   1  1.18 0.47
   28 R   -5  8 -4 -5 -7 -2 -4 -6 -4 -7 -5  0 -5 -7 -6 -4 -2 -4 -6 -6    0  93   0   0   0   0   0   0   0   0   0   4   0   0   0   1   2   0   0   0  2.47 0.77
   29 V   -2 -5 -6 -6 -2 -5 -5 -6 -5  3  5 -5  0  0 -5 -4 -2 -4 -3  2    3   0   0   0   1   0   0   0   0  18  61   0   1   3   0   0   2   0   0  11  1.02 0.40
   30 F    0 -4 -5 -5 -3 -4 -5  0 -5  2  5 -4  0  1 -4 -3 -3  0 -3  1   10   0   0   0   0   0   0   7   0   8  56   0   1   6   0   1   0   1   0   7  0.69 0.33
   31 E    0 -2 -2 -3 -3  4 -1  0  0  0  1 -1  2 -1 -3  0 -1  1  1 -1    7   1   1   0   0  24   3   9   2   6  13   3   8   2   0   8   3   2   5   2  0.21 0.20
   32 R    3 -3 -4 -4 -2 -3 -3 -1 -4  1  2 -3  4 -1 -4  0  1 -4 -3  1   26   1   0   0   0   0   0   3   0   5  26   0  13   1   0   7  10   0   0   8  0.41 0.26
   33 L   -1 -5 -6 -6 -3 -5 -5 -4 -6  6  2 -5 -1 -1 -4 -4 -3 -5 -4  3    5   0   0   0   0   0   0   1   0  54  16   0   1   2   0   0   1   0   0  20  1.10 0.42
   34 V   -1 -6 -5 -5 -6 -5 -5 -3 -6 -1 -1 -5 -4 -1  8 -4 -3 -6 -5  1    4   0   0   0   0   0   0   1   0   4   7   0   0   2  70   0   1   0   0  10  1.85 0.60
   35 L   -2 -5 -4 -5 -3 -4 -4 -5 -5  2  1 -4  1 -3 -4 -2  4 -5 -4  5    2   0   0   0   0   0   1   0   0   8  12   0   4   0   0   2  27   0   0  45  0.85 0.40
   36 L   -3 -5 -6 -6 -4 -5 -5 -5 -5  2  5 -5  4  2 -5 -5 -3 -3 -3  1    1   0   0   0   0   0   0   0   0  10  58   0  10   9   0   0   1   0   0  10  1.01 0.40
   37 F   -2 -5 -6 -6 -4 -5 -5 -4 -5  4  4 -5 -1  5 -5 -5 -3  3 -2  1    3   0   0   0   0   0   0   1   0  23  37   0   0  25   0   0   0   4   0   7  0.92 0.37
   38 G    0 -5 -4 -5 -3 -4 -5  6 -5  2  1 -4 -1 -1 -5 -3 -3 -5 -4  0    8   0   0   0   0   0   0  57   0  11  12   0   1   3   0   0   0   0   0   8  0.96 0.39
   39 I    0 -5 -6 -6 -4 -5 -5 -6 -6  5  0 -5  2 -3 -5 -4 -2 -6 -4  6    6   0   0   0   0   0   0   0   0  32   4   0   4   0   0   1   1   0   0  52  1.21 0.46
   40 L    2 -4 -3 -4 -2 -3 -3 -3 -4 -1 -1 -3 -2 -4 -4  4  4 -5 -4  1   15   0   0   0   1   0   0   1   0   2   7   0   1   0   0  36  26   0   0  11  0.68 0.38
   41 V   -2 -5 -5 -5 -1 -4 -5 -5 -5  4  3 -4  1  2 -5 -3  1 -3 -3  4    2   0   0   0   1   0   0   0   0  26  25   0   2   8   0   1   8   0   0  27  0.70 0.31
   42 F   -2 -5 -5 -6 -2 -5 -5 -5 -5  5  3 -5  1  2 -5 -4 -2 -4 -3  3    3   0   0   0   1   0   0   0   0  33  32   0   3   8   0   0   2   0   0  18  0.81 0.33
   43 N   -1 -4  2 -3 -2 -4 -4 -3 -4  2 -2 -4 -2 -4 -4  1  2 -5 -4  5    5   0  11   1   0   0   0   2   0  11   2   0   0   0   0   9  16   0   0  43  0.64 0.35
   44 F   -6 -7 -7 -8 -7 -7 -7 -7 -5 -4 -4 -7 -4  9 -8 -6 -5 -3  1 -5    0   0   0   0   0   0   0   0   0   0   0   0   0  96   0   0   0   0   3   0  3.04 0.85
   45 F    2 -4 -4 -4 -1 -3 -4 -1 -4  1  2 -3  1  4 -4  1  0 -1 -1  1   16   0   0   0   1   0   0   4   0   7  24   0   4  18   0  11   6   1   0   8  0.33 0.22
   46 I   -3 -5 -6 -6 -4 -5 -5 -5 -5  4  4 -5  2  2 -5 -3 -3 -2 -3  2    1   0   0   0   0   0   0   0   0  24  49   0   5   8   0   2   0   1   0  10  0.92 0.37
   47 F   -2 -4 -5 -5 -3 -2 -5 -5 -5  4  3 -4  5  1 -5 -2 -1 -4 -2  3    2   0   0   0   0   1   0   0   0  29  23   0  15   5   0   3   4   0   1  17  0.71 0.32
   48 Q   -1  5  0 -3 -3  2 -1 -4  7 -5 -4  0 -3 -3 -5 -2 -3 -4  2 -5    6  30   5   1   0  10   3   0  31   0   1   4   0   1   0   3   0   0   6   0  1.03 0.43
   49 I    0 -4 -5 -6 -3 -4 -5 -5 -5  2  5 -4  4  0 -5 -2 -3 -3 -3  1   10   0   0   0   0   0   0   0   0   9  53   0  12   4   0   2   1   0   0   9  0.82 0.36
   50 L    3 -4 -4 -4 -3 -2 -3 -3 -4  3  1 -3  1 -2 -4 -1  1 -4 -3  2   31   0   0   0   0   2   0   0   0  22  13   0   3   1   0   3  11   0   0  14  0.48 0.27
   51 P   -4 -5 -5 -5 -6 -5 -4 -5 -5 -6 -6 -4 -6 -6  9 -4 -4 -6 -6 -5    0   0   0   0   0   0   1   0   0   0   1   0   0   0  93   1   0   0   0   0  2.99 0.81
   52 T   -3 -5 -3 -4 -5 -4 -5  7 -5 -6 -6 -4 -5 -5 -5 -3 -3 -5 -5 -5    1   0   0   0   0   0   1  92   0   0   1   0   0   0   0   1   1   0   0   1  2.15 0.62
   53 L    0  0  0  1 -1  0  0  0  0 -1  0  0  0 -1  0  0  0  0  0  0    7   4   5  10   2   4   7  10   2   4   9   5   2   3   4   9   5   1   3   5  0.03 0.00
   54 Y    0  0  0  0  0  0  0  0  0  0  0  0  0  0  1  0  0  0  0  0    9   5   4   5   2   4   6   7   2   5   9   5   2   6   6   6   6   1   4   6  0.02 0.04
   55 H    0  0  0  0  0  0  0  0  0  0  0  0  0  0  0  0  0  0  0  0    9   5   4   5   2   4   6   7   3   5   8   5   2   4   5   9   7   1   3   6  0.02 0.02
   56 I    0  0  0  0  0  0  0  1  0  0  0  0  0  0  1  0  0  0  0  0    9   5   4   6   2   4   6  11   2   6   8   5   2   3   6   7   6   1   3   6  0.02 0.04
   57 N   -3 -3  2  8 -4 -3 -1 -3 -3 -4 -4 -3 -4 -4 -3 -2 -3 -4 -3 -4    1   1   7  77   0   1   1   1   0   1   2   1   0   1   1   2   1   0   1   1  1.73 0.50
   58 P   -1 -4 -4 -4 -5 -4 -4 -4 -4 -3 -5 -4 -4 -5  8 -3 -3 -5 -5 -4    6   1   1   1   0   1   1   1   0   1   1   1   0   0  81   1   2   0   0   1  2.30 0.63
   59 A    5 -3 -3 -4 -2 -3 -3 -2 -4  1 -1 -3 -1 -3 -3 -2 -1 -4 -2  3   50   1   1   1   0   1   1   1   0   6   3   1   1   1   1   1   3   0   1  27  0.71 0.33
   60 E    1  2 -1  2 -3  2  2 -2 -2 -2 -1  0 -1 -3 -1  0  0 -3 -2 -1   16  14   1  11   0  11  12   1   0   2   7   2   2   0   2   8   7   0   1   3  0.20 0.15
   61 L    1 -3 -3 -4 -2 -2 -2 -3 -3  3  2 -3  2  0  0 -2  0 -3 -2  3   11   1   1   0   0   1   2   1   0  17  19   1   6   3   4   2   4   0   1  24  0.32 0.18
   62 Y   -1 -2 -4 -3 -3 -2 -3 -5 -4  4  3 -3  7  0 -4 -3 -3 -3  0  0    5   2   0   1   0   2   1   0   0  22  22   1  31   3   0   1   1   0   3   5  0.77 0.34
   63 V    3 -3 -4 -2 -3 -3 -3 -3 -4  0  3 -3  3 -2 -4 -1 -1 -4 -3  1   32   1   0   2   0   1   0   1   0   4  37   0   7   1   0   3   3   0   0   7  0.52 0.29
   64 P   -1 -3 -1 -1 -4  0 -3  6 -4 -4 -3 -3 -1 -3  0 -1 -1 -4 -3 -4    4   1   2   4   0   5   1  63   0   1   2   1   2   1   4   3   4   0   1   1  0.99 0.36
   65 L   -1 -1 -1  0 -3  2  3 -2 -2 -1  0 -1  2 -1  3 -1  0 -2 -1 -1    4   2   1   3   0  10  25   2   1   3   8   2   6   3  16   2   5   0   2   3  0.31 0.16
   66 T    0  2  2  1 -2  0  0  1 -1 -2 -1  0  0 -2 -1  1  0 -2 -1 -1    7  16  11  10   1   2   4  13   1   2   5   3   3   1   2   9   6   0   1   3  0.14 0.08
   67 Y    0  0 -1 -1 -1  0  1  1 -1 -1  0  0  0 -1  1  0  0 -1  0 -1   10   4   3   3   1   5  10  14   1   4   8   3   4   3   7   5   4   1   5   4  0.06 0.02
   68 K    1  0  1  1 -1  0  0  1 -1 -1 -1  0 -1 -1  0  1  0 -1 -1 -1   11   5   7   8   1   4   7  10   1   4   5   6   1   2   4  11   5   1   2   4  0.06 0.02
   69 G    0  0  0  2 -2  0  0  2 -1 -1 -1  0 -1 -1  2  0 -1 -1 -1 -1    8   4   3  13   1   4   5  18   1   3   5   5   2   2  12   6   3   1   2   4  0.15 0.05
   70 L    1  0  1  0 -2  1  1  0  1 -1 -1  0  0 -1 -1  0  0  0  0 -1   11   4   7   4   1   8  10   7   4   2   6   6   3   2   3   8   5   1   3   4  0.06 0.03
   71 P    5 -3 -3 -1 -3 -3 -2 -2 -3  1 -1 -3  2 -3  0 -1 -1 -4 -3  0   55   1   1   3   0   1   1   1   0   8   5   1   6   1   4   2   3   0   0   7  0.61 0.31
   72 R   -2  0  0  3 -4 -2 -2 -3 -4 -3 -4 -2 -4 -5  0  3  5 -5 -4 -3    1   5   3  17   0   1   1   1   0   1   1   1   0   0   4  26  37   0   0   1  0.76 0.39
   73 S    2 -3 -4 -2 -5  2  2 -4 -3 -4 -3  0 -3 -5  6 -2 -2 -5 -5 -2   16   1   0   1   0   9  14   0   0   1   2   4   0   0  44   2   2   0   0   3  1.01 0.40
   74 E    2 -3 -2  0 -5  3  6 -4 -2 -4 -5 -1 -4 -5 -4 -2 -2 -5 -5 -3   15   0   1   4   0  12  58   1   0   1   0   2   0   0   0   2   2   0   0   1  1.11 0.47
   75 L    1  1 -1  2 -3  3  0 -3 -2 -1 -1 -1  1  0 -3 -1  1 -3  0  0   15   8   2  11   0  15   6   0   0   1   5   1   6   4   0   3  10   0   3   8  0.17 0.16
   76 V   -1  0 -4 -5 -3 -3 -3 -5  2  4  1 -2  3 -2 -4 -3 -2 -4  0  3    6   6   0   0   0   1   1   0   5  28  14   2   7   0   0   0   0   0   3  25  0.52 0.27
   77 Q    4 -2 -2  1 -4  2  5 -3 -2 -4 -4 -1 -2 -5 -4 -1 -2 -5 -4 -3   38   1   1   6   0   9  35   1   0   0   1   3   1   0   0   1   1   0   0   1  0.81 0.40
   78 A    3  3 -1 -1 -4  4  2 -2 -1 -3 -2  1 -1 -4 -3 -1 -1 -4 -2 -2   27  15   2   2   0  20  11   1   1   1   4   7   1   0   0   3   2   0   1   2  0.41 0.26
   79 L   -2 -3 -5 -5 -3 -3 -5 -6 -5  4  5 -3  3  0 -5 -4 -3  0 -2  1    2   1   0   0   0   1   0   0   0  21  51   2   8   4   0   0   1   1   1   6  0.84 0.35
   80 D   -2  7 -1 -3 -6 -1 -1 -5 -2 -3 -3  1  1 -5 -5 -2 -1 -6 -4 -4    3  68   3   1   0   2   3   0   0   1   2   6   3   0   0   1   3   0   0   1  1.38 0.52
   81 R    2  1 -2  0 -4  2  3 -2  3 -2 -4  1 -3 -4 -3  0  0 -5 -3 -2   21   8   1   3   0  10  24   1   8   2   0   9   0   0   0   5   4   0   0   3  0.40 0.25
   82 Q    1  2  0  1 -4  4  3 -3 -1 -3 -2  2 -1 -3 -3  0 -2 -4 -2 -3   10  11   3   6   0  24  18   0   1   1   5  10   1   1   0   7   1   0   1   1  0.43 0.26
   83 F   -4 -4 -3 -6 -5 -4 -4 -6 -2 -2  4 -5  4  3 -6 -3 -4  2  5 -3    1   0   1   0   0   0   1   0   1   0  46   0  11  12   0   1   0   2  24   0  1.07 0.44
   84 G   -3 -3 -3 -4 -6 -5 -5  7 -1 -8 -7 -5 -6 -7 -6 -4 -5 -6 -7 -7    0   1   1   0   0   0   1  95   2   0   0   0   0   0   0   0   0   0   0   0  2.36 0.72
   85 L   -5 -6 -7 -7 -5 -6 -6 -7 -6 -1  6 -6  0  1 -6 -6 -5 -5 -2 -2    0   0   0   0   0   0   0   0   0   1  90   0   1   6   0   0   0   0   1   0  1.74 0.61
   86 N   -5 -5  5  7 -7 -4 -2 -4 -3 -7 -7 -4 -7 -7 -5 -3 -3 -8 -6 -7    0   0  26  72   0   0   0   0   0   0   0   0   0   0   0   0   1   0   0   0  2.14 0.70
   87 L   -2  3 -2  3 -6  5  1 -4 -2 -5 -1  4 -3 -5 -4 -3 -3 -5 -4 -4    2  15   1  15   0  28   6   1   0   0   7  24   0   0   0   0   0   0   0   0  0.79 0.39
   88 P   -5 -6 -5 -5 -7 -5 -5 -6 -5 -7 -7 -5 -7 -8  9  0 -4 -8 -7 -7    0   0   0   0   0   0   0   0   0   0   0   0   0   0  92   7   1   0   0   0  2.97 0.87
   89 L   -2 -5 -5 -6 -4 -4 -4 -5 -5  3  4 -3  1  1 -3 -4 -3  3 -1  2    3   0   0   0   0   0   1   0   0  19  48   1   3   6   1   0   0   4   1  12  0.77 0.33
   90 Q   -2 -4 -4 -5 -4 -3 -4 -4  4  0  1 -4 -1  1  4 -3 -2  5  5  0    3   0   0   0   0   1   0   1  10   6  14   0   1   5  21   1   1   9  19   5  0.74 0.34
   91 E   -2 -3 -3 -3 -4  2  2 -4 -1  2  0 -1  0 -3 -4 -2  0 -2 -3  4    2   0   1   1   0  10  14   0   1  13   6   2   2   0   0   2   7   1   0  38  0.46 0.29
   92 R   -5  3 -4 -5 -7  9 -2 -6 -4 -7 -6 -2 -5 -7 -6 -4 -5 -6 -6 -6    0  14   0   0   0  85   0   0   0   0   0   0   0   0   0   0   0   0   0   0  2.49 0.86
   93 F   -5 -6 -6 -7 -6 -6 -6 -7 -3 -4  1 -6 -3  5 -7 -6 -5 -1  9 -4    0   0   0   0   0   0   0   0   0   0  12   0   0  22   0   0   0   0  65   0  2.23 0.71
   94 F    0 -4 -4 -5 -4 -4 -5  2 -4  1  2 -4  0  4 -4 -3 -2  5  0  1    8   0   0   0   0   0   0  15   0   6  21   0   2  23   1   1   2   8   1  13  0.53 0.27
   95 V   -1  2  2  1 -3  0 -1 -2  3  1 -1  1 -1 -2 -3  0  1 -4  0 -1    3  12   9  11   0   3   2   1   8  12   5  10   1   1   0   7   8   0   3   3  0.15 0.13
   96 Y   -6 -6 -7 -8 -7 -6 -7 -7 -4 -6 -5 -7 -5  4 -8 -6 -6 10  8 -6    0   0   0   0   0   0   0   0   0   0   0   0   0  13   0   0   0  42  45   0  2.94 0.83
   97 I   -1 -5 -5 -6 -2 -4 -5 -5 -5  3  4 -5  4  0 -5 -4 -2 -2 -3  2    4   0   0   0   1   0   0   1   0  18  47   0   9   4   0   0   1   0   0  15  0.82 0.35
   98 E    0  0  0 -3 -4 -1 -2  4 -3 -3 -3  2 -2 -3 -4  1  0  4 -2 -2    6   3   3   0   0   1   2  36   0   1   3  16   1   1   0  11   6   6   1   2  0.49 0.26
   99 S   -1  2  5  1 -5  1 -1  3  2 -5 -5  1 -4 -5 -4  0 -2 -5 -4 -5    3  12  27   8   0   7   2  23   5   0   0   7   0   0   0   6   0   0   0   0  0.63 0.31
  100 L    2 -5 -5 -6 -3 -4 -5 -5 -5  2  4 -4  3 -2 -5 -4 -2 -5 -4  4   17   0   0   0   0   0   0   0   0  11  37   0   6   1   0   0   1   0   0  28  0.77 0.35
  101 L    1 -5 -5 -6 -3 -4 -5 -5 -5  1  5 -5  0  2 -5 -3 -3 -4 -3  2   14   0   0   0   0   0   0   0   0   5  52   0   1   9   0   1   0   0   0  16  0.81 0.36
  102 T   -3  3 -3 -3 -5  5 -2 -3  6 -4 -5  1 -2 -5 -4 -1  2 -5 -3 -3    0  18   0   0   0  31   0   1  19   0   0   7   1   0   0   4  16   0   0   2  0.97 0.45
  103 F   -3 -5 -4 -5 -6 -4 -6  7 -6 -6  0 -5 -4  1 -6 -4 -5 -5 -5 -6    0   0   0   0   0   0   0  81   0   0  11   0   0   7   0   0   0   0   0   0  1.82 0.61
  104 H   -5 -5  3  8 -7 -3 -1 -5 -2 -7 -7 -4 -7 -7 -5 -2 -5 -8 -7 -7    0   0  13  82   0   0   2   0   1   0   0   0   0   0   0   2   0   0   0   0  2.21 0.71
  105 L   -5 -6 -7 -7 -5 -6 -6 -7 -5 -1  5 -6  2  6 -6 -6 -5  1 -2 -3    0   0   0   0   0   0   0   0   0   1  63   0   4  30   0   0   0   2   0   0  1.51 0.54
  106 G   -4 -6 -4 -5 -6 -5 -6  8 -6 -8 -8 -5 -7 -7 -6 -4 -5 -6 -7 -7    0   0   0   0   0   0   0  99   0   0   0   0   0   0   0   0   0   0   0   0  2.59 0.76
  107 I   -2  2  0 -1 -4  1  0 -4  0 -1 -2  0 -1  1 -3 -1  3 -1  4  0    1  13   5   3   0   6   7   0   2   4   2   4   1   6   0   2  20   1  16   7  0.28 0.21
  108 S   -2 -5 -3 -4 -5 -4 -4 -4 -5 -6 -7 -4 -6 -7 -5  7 -2 -7 -6 -6    1   0   0   0   0   0   0   0   0   0   0   0   0   0   0  98   1   0   0   0  2.27 0.83
  109 M   -3 -3 -4 -6 -4 -4 -5 -6 -2  4  2 -5  2  4 -2 -4 -3  0  5 -1    1   1   0   0   0   0   0   0   1  23  22   0   4  18   2   1   1   1  23   1  0.82 0.35
  110 H   -1  4 -2 -3 -4  1 -2 -4  1  0 -2  1  1  2 -4  0  0 -3  1  0    4  31   1   0   0   6   0   0   3   7   2   8   3   9   0   6   6   0   5   9  0.35 0.23
  111 Y   -1 -2  1 -1 -4  1 -3 -3  0 -3 -1 -2 -2  1 -4  2  4 -3  4 -3    3   1   7   3   0   6   0   1   2   0   7   1   1   5   0  17  27   0  19   0  0.49 0.31
  112 D   -2  2  4  0 -5  2 -1  3  2 -5 -5  2 -4 -5 -4  0 -2 -5 -2 -5    1  13  19   5   0  10   1  24   6   0   0  12   0   0   0   6   1   0   1   0  0.58 0.29
  113 R   -1  4 -2 -1 -4  4  1 -4 -2 -1 -1  1  2 -4 -4 -1  0 -5 -4 -1    4  28   1   2   0  18  10   0   0   4   6   6   6   0   0   2   7   0   0   5  0.45 0.27
  114 S   -2 -6 -4 -2 -6 -4 -3 -5 -6 -7 -6 -3 -6 -7  8  1 -2 -7 -7 -6    3   0   0   2   0   0   2   1   0   0   0   1   0   0  80   9   2   0   0   0  2.36 0.74
  115 V   -1 -6 -7 -7 -4 -6 -6 -7 -7  1 -3 -6 -3 -5 -6 -5 -4 -7 -5  7    4   0   0   0   0   0   0   0   0   5   0   0   0   0   0   0   0   0   0  91  2.03 0.70
  116 L    1 -2 -3 -4 -3 -3 -3 -2 -4  1  2 -3  2  0 -4  1  2  3 -3  0   14   1   0   0   0   0   0   2   0   8  25   1   7   4   0  15  14   5   0   4  0.33 0.23
  117 T   -1 -1 -1  4 -4  2  3 -1 -1 -4 -4  1 -3 -5 -1  1  1 -5 -3 -3    4   2   2  24   0  10  23   3   1   0   0   6   0   0   3  10  10   0   0   1  0.50 0.27
  118 L   -1 -3 -3  0 -3 -1  3 -4 -3  0  3  0  3 -2 -4 -3 -1 -4 -2  1    5   0   0   4   0   1  26   0   0   5  34   4   8   0   0   1   2   0   1   8  0.43 0.27
  119 I   -4 -6 -6 -6 -4 -6 -6 -7 -6  7  2 -6  0  2 -6 -5 -4 -5 -3  2    0   0   0   0   0   0   0   0   0  63  15   0   1  10   0   0   0   0   0  11  1.39 0.50
  120 V    2 -1 -2 -4 -3 -2 -3  1 -4 -1  2 -1  3  1 -3 -1 -2  3 -2  0   19   3   2   0   0   1   0  13   0   2  28   5   9   6   0   3   2   5   0   5  0.28 0.21
  121 E    0 -1  0  2 -4  3  4 -2 -1 -3 -4 -1 -4 -5  0  1  0 -5 -4 -3    8   2   3  11   0  13  33   2   1   1   1   2   0   0   5  11   7   0   0   1  0.53 0.29
  122 R   -2  8 -4 -5 -5 -2 -4 -5  1 -6 -2  0 -4 -1 -6 -4 -3 -5  1 -5    4  73   0   0   0   0   0   0   3   0   5   4   0   3   0   0   2   0   5   0  1.62 0.60
  123 F   -2 -5 -6 -6 -4 -5 -6 -6 -5  2  4 -5  1  6 -6 -5 -4 -2 -1  0    2   0   0   0   0   0   0   0   0  11  47   0   3  31   0   0   0   0   1   4  1.10 0.42
  124 P   -1 -5 -4 -4 -6 -2  0  1 -4 -6 -4 -2 -1 -4  7 -2 -3  3 -5 -4    6   0   1   0   0   2   6  10   0   0   2   2   2   1  61   2   1   5   0   1  1.53 0.54
  125 V    4 -2  3 -3 -4 -3 -3 -2 -3 -1 -2 -3 -3 -4  3 -1 -1 -5 -2  1   44   1  14   0   0   0   0   1   0   4   2   0   0   0  16   2   2   0   2  10  0.65 0.36
  126 T   -4 -5 -4 -5 -5 -5 -5 -5 -6 -5 -5 -5 -5 -6 -5  1  8 -7 -6 -4    0   0   0   0   0   0   0   0   0   0   0   0   0   0   0   8  92   0   0   0  2.30 0.81
  127 A    0 -5 -6 -6 -3 -5 -5 -5 -5  3  5 -5  1  2 -5 -4 -3 -3 -3  2    8   0   0   0   0   0   0   0   0  13  52   0   3  10   0   0   1   0   0  13  0.82 0.35
  128 L   -1 -2 -2 -2 -2  1  3 -3 -2  0  2  0  0 -1 -1  0 -1  1  0 -1    2   1   1   0   1   5  28   2   0   6  22   5   2   2   3   8   4   2   3   4  0.22 0.19
  129 L   -5 -6 -7 -7 -5 -6 -6 -7 -6  1  6 -6  0 -2 -6 -6 -5 -5 -4 -1    0   0   0   0   0   0   0   0   0   6  91   0   1   0   0   0   0   0   0   2  1.79 0.61
  130 V    4 -4  0 -4 -3 -3 -4 -1 -4 -3 -3 -3  4 -3 -4  2  3 -5 -4  0   41   0   4   0   0   0   0   4   0   0   0   0  12   1   0  12  18   0   0   6  0.69 0.39
  131 V    0 -4 -4 -5 -2 -4 -4  1 -4  3  3 -4  0  2 -4 -2 -1 -4 -2  2    7   0   0   0   1   0   0  13   0  16  32   0   1   9   0   2   2   0   0  18  0.45 0.24
  132 P    2 -3 -3 -4  3 -3 -3 -1 -3  0  1 -3  1  1 -1  1  2  1  0  1   20   0   0   0   7   0   0   3   0   4  12   0   5   8   2   9  15   2   2  12  0.24 0.19
  133 S    5 -4 -4 -4 -3 -4 -4 -1 -5 -4 -5 -4 -4 -6 -4  4  1 -6 -5 -4   58   0   0   0   0   0   0   4   0   0   0   0   0   0   0  31   6   0   0   0  1.21 0.53
  134 L   -3 -5 -5 -6 -4 -2 -4 -5 -5  3  4 -5  6  3 -5 -4 -1 -1 -1  1    1   0   0   0   0   1   0   0   0  16  34   0  23  11   0   0   4   1   1   6  0.84 0.36
  135 I    1 -4 -5 -5 -2 -4 -4 -2 -5  4  3 -4 -1  1 -4 -2 -1 -4 -3  3   11   0   0   0   1   0   0   2   0  23  28   0   0   7   0   2   3   0   0  22  0.56 0.28
  136 L   -3 -5 -6 -6 -2 -5 -5 -6 -5  4  3 -5  0  4 -5 -4 -3  4 -2  2    2   0   0   0   1   0   0   0   0  25  32   0   1  19   0   0   0   5   0  14  0.87 0.35
  137 S    5 -4 -2 -4  0 -3 -2 -1 -4 -2 -5 -4 -3 -5 -4  3  1 -6 -3 -3   58   0   1   0   2   0   1   3   0   2   0   0   0   0   0  24   9   0   1   0  1.01 0.47
  138 T   -1 -4 -4 -5 -1 -4 -4 -4 -3  3  3 -4  0  1 -4 -1  1  2 -1  3    3   0   0   0   1   0   0   1   1  19  29   0   2   5   0   5  10   3   1  22  0.49 0.25
  139 I    1 -4 -5 -5 -1 -4 -4 -2 -5  3  3 -4  0  0 -3 -2 -1 -4 -3  3   12   0   0   0   1   0   0   4   0  18  32   0   1   3   1   1   4   0   0  22  0.51 0.26
  140 L   -2 -5 -5 -6 -3 -5 -5 -4 -5  5  3 -5  0  2 -5 -4 -2 -4 -3  3    3   0   0   0   0   0   0   1   0  40  23   0   1   9   0   0   1   0   0  20  0.88 0.36
  141 A    4 -5 -4 -5 -5 -5 -5  6 -5 -6 -6 -4 -5 -6 -5  0 -4 -6 -6 -5   35   0   0   0   0   0   0  59   0   0   0   0   0   0   0   5   0   0   0   0  1.52 0.55
  142 V   -3 -5 -6 -6 -2 -5 -5 -5 -6  6  2 -5  2 -1 -5 -4 -1 -5 -4  4    0   0   0   0   0   0   0   1   0  44  18   0   4   1   0   1   3   0   0  27  1.05 0.41
  143 V    0 -4 -2 -5 -4 -4 -4 -3 -5  0  0 -4 -2  0  7 -2 -1  0 -4  0    9   0   2   0   0   0   0   1   0   5  10   0   1   4  53   3   4   2   0   6  1.17 0.45
  144 L    3 -4 -5 -5 -1 -4 -4 -3 -5  3  4 -4  1  0 -4 -3 -2 -1 -3  1   25   0   0   0   1   0   0   1   0  17  37   0   3   4   0   1   2   1   0   8  0.59 0.30
  145 G   -4 -6 -4 -5 -7 -6 -6  8 -6 -8 -8 -5 -7 -7 -6 -3 -5 -7 -7 -7    0   0   0   0   0   0   0  99   0   0   0   0   0   0   0   1   0   0   0   0  2.62 0.77
  146 L   -1 -5 -5 -6 -4 -4 -5 -5 -6  5 -1 -5  2 -2 -5 -2 -1 -4 -3  5    4   0   0   0   0   0   0   0   0  41   3   0   4   1   0   2   4   0   1  40  1.08 0.43
  147 Y   -1 -3 -5 -5 -3 -4 -5 -5 -3  4  3 -4  1  2 -5 -4 -2  2  2  2    4   1   0   0   0   0   0   0   0  29  29   0   2   7   0   0   1   3   8  14  0.66 0.29
  148 S    5 -4 -3 -4 -2 -3 -4 -2 -4 -5 -5 -4  0 -6 -4  5 -2 -6 -5 -4   45   0   1   0   1   1   0   2   0   0   0   0   3   0   0  47   1   0   0   0  1.25 0.56
  149 I    7 -5 -5 -5 -4 -5 -5 -2 -5 -4 -5 -4 -5 -6 -5 -1 -4 -6 -6 -4   94   0   0   0   0   0   0   2   0   1   0   0   0   0   0   3   0   0   0   0  1.97 0.72
  150 S   -1  1 -3 -4 -2 -3 -4 -4 -2  1  1 -2  0 -2 -4 -1  1  5  0  4    5   9   0   0   1   0   0   0   1   7  14   2   1   0   0   4  11  10   4  30  0.42 0.25
  151 R   -4  6  0 -4 -6 -2 -3 -5  2 -6 -5  5 -4  0 -5 -3 -3  4  1 -5    1  42   3   0   0   0   0   0   5   0   0  34   0   4   0   1   0   5   4   0  1.20 0.49
  152 Q    0  5 -2 -3 -6  5 -1 -5  3 -5 -5  2 -3 -6  1 -2 -3 -5 -4 -2    7  35   1   0   0  28   2   0   6   0   0  11   0   0   6   1   0   0   0   3  0.94 0.43
  153 G   -4 -2  5  0 -6 -4 -3  4  1 -6 -6 -2 -5 -2 -5 -3 -4 -4  5 -5    0   2  32   6   0   0   1  35   3   0   0   1   0   1   0   0   0   0  19   0  1.09 0.46
  154 K   -2  3 -3 -3 -4 -2 -2  1 -3 -5 -5  2 -4 -5 -4  5  3 -6 -5 -4    0  14   0   0   0   1   1   8   0   0   0  11   0   0   0  47  18   0   0   0  0.88 0.45
  155 I    0 -3 -5 -6 -4 -4 -5 -3 -5  2  2 -1 -1  2  0 -3 -2  9 -1  0    8   1   0   0   0   0   0   2   0  12  20   4   1   9   5   1   2  29   0   7  0.96 0.38
  156 G    0 -3 -4 -4 -3 -2 -4 -1 -4  2  2 -3  0  4  1 -1  0  4 -1  1    8   1   0   0   0   1   0   6   0  13  17   1   1  21   7   4   5   5   1   9  0.31 0.20
  157 D   -5 -6 -2  8 -8 -4 -2 -5 -5 -7 -8 -5 -7 -8 -6 -2 -5 -8 -7 -7    0   0   0  95   0   0   1   0   0   0   0   0   0   0   0   3   0   0   0   0  2.68 0.82
  158 S   -2  3  1 -2 -4  1 -2 -3  4 -2 -2  0 -2 -1 -4  0  0  0  4 -1    3  18   8   1   0   7   0   1  12   1   4   4   1   2   0   8   7   1  18   4  0.39 0.25
  159 V    2 -4 -3 -4 -2 -3 -4  1 -4  2  2 -3  0  2 -4  0  0 -3 -2  2   18   0   0   0   0   0   0  13   0  13  20   0   1   9   0   6   7   0   0  14  0.29 0.20
  160 I    2 -4 -3 -4  0 -3 -4 -1 -3  3  1 -3  0 -1 -4  1  0 -4 -3  3   18   0   0   0   2   0   0   5   0  17  13   0   1   3   0  13   4   0   0  23  0.34 0.22
  161 S   -3  1 -2 -5 -3 -3 -4 -3 -4 -2 -2 -4  8 -4 -5  1  5 -5 -5 -1    0   9   2   0   0   0   0   1   0   1   1   0  37   0   0  12  32   0   0   4  1.12 0.52
  162 F    0 -4 -3 -4 -3 -4 -4  2 -4  2  1 -4 -1  2 -4 -1  2 -4 -3  3    7   0   0   0   0   0   0  17   0  11  15   0   1   8   0   5  12   0   0  24  0.35 0.22
  163 T   -1 -4 -4 -5 -3 -4 -5  0 -4  2  3 -4  0  4 -5 -2  0 -2 -1  2    5   0   0   0   0   0   0   9   0  13  27   0   2  22   0   1   6   0   0  14  0.51 0.26
  164 A    5 -4 -3 -4 -3 -4 -4 -2 -4 -3 -4 -4 -3 -5 -4  4 -1 -6 -5  0   52   0   0   0   0   0   0   2   0   1   0   0   0   0   0  34   3   0   0   7  1.07 0.50
  165 I   -3 -4 -5 -6 -4  0 -5 -6 -4  1  4 -4  3  3 -5 -4 -1 -3  0  2    0   0   0   0   0   5   0   0   0   5  50   0   6  14   0   1   3   0   3  12  0.78 0.35
  166 M    0 -4 -4 -5 -2 -4 -4 -4 -4  3  3 -4  1  2 -4 -1  1 -2 -2  2    8   0   0   0   0   0   0   1   0  20  30   0   3   9   0   6   8   0   0  14  0.47 0.25
  167 T   -1 -6 -4 -5 -2 -5 -5  7 -5 -5 -1 -5 -2  2 -6 -3 -3 -3 -5 -5    5   0   0   0   1   0   0  77   0   0   7   0   1   8   0   0   1   0   0   0  1.61 0.56
  168 Y   -1 -4 -4 -5 -4 -2 -4 -4 -3  3  1 -3  1  3 -5 -3 -2 -1  5  3    4   0   0   0   0   2   0   0   0  20  10   1   4  12   0   2   1   0  21  22  0.62 0.30
  169 F    3 -4 -3 -4 -2 -4 -4 -3 -5 -6 -6 -4 -5 -4 -4  6 -2 -6 -5 -4   24   0   0   0   1   0   0   0   0   0   0   0   0   1   0  74   0   0   0   0  1.59 0.66
  170 I   -1 -4 -5 -6 -4 -4 -5 -5 -5  4  1 -4  7  0 -5 -3  2 -5 -4  2    5   0   0   0   0   0   0   0   0  21   8   0  33   4   0   0  12   0   0  16  0.95 0.42
  171 P   -5 -7 -6 -6 -7 -6 -6 -7 -7 -7 -7 -5 -7 -8  9 -5 -5 -8 -7 -7    0   0   0   0   0   0   0   0   0   0   0   0   0   0 100   0   0   0   0   0  3.41 0.96
  172 A    0 -3  3 -1 -3 -2 -2  0 -1  2 -1 -3 -2 -3 -2  2  1 -5 -3  2    6   0  16   3   0   1   1   7   1  16   4   0   0   0   1  18   7   0   0  18  0.26 0.21
  173 F   -6 -7 -7 -8 -7 -7 -7 -7 -5 -4 -4 -7 -4  9 -8 -7 -6 -3  1 -5    0   0   0   0   0   0   0   0   0   0   0   0   0  98   0   0   0   0   2   0  3.13 0.87
  174 W   -3 -7 -8 -8 -7 -6 -7 -7 -7 -6 -4 -7 -5  3 -8 -7 -7 12 -2 -1    3   0   0   0   0   0   0   0   0   0   2   0   0  11   0   0   0  79   0   5  3.72 0.97
  175 L   -3 -5 -5 -6 -4 -2 -5 -6 -5  2  5 -5  1  3 -5 -3 -1  5 -2  1    1   0   0   0   0   2   0   0   0   9  53   0   3  13   0   1   3   7   0   7  0.88 0.37
  176 G    2 -5 -4 -5 -4 -5 -5  7 -5 -6 -6 -5 -6 -6 -5 -2 -4 -6 -6 -6   19   0   0   0   0   0   0  78   0   0   0   0   0   0   0   2   0   0   0   0  1.83 0.60
  177 E   -3 -5 -6 -6 -4 -4 -4 -6 -5  3  5 -5  3 -2 -3 -5 -3 -4  2 -1    1   0   0   0   0   0   1   0   0  18  61   0   7   1   2   0   1   0   6   2  1.05 0.42
  178 I   -4 -5 -4 -6 -3 -4 -5 -5 -5  3  4 -5  7 -1 -6 -4 -3 -5 -4  1    0   0   1   0   0   0   0   1   0  14  41   0  33   1   0   0   0   0   0   7  1.22 0.47
  179 L    0 -5 -5 -6 -2 -4 -3 -3 -5 -1  6 -5  4  0 -5 -4 -3 -3 -4 -1    7   0   0   0   1   0   2   2   0   1  72   0   9   3   0   1   1   0   0   1  1.13 0.46
  180 L   -3 -5 -6 -6 -4  0 -5 -6 -6  7  1 -4  4 -3 -5 -4 -3 -5 -4  2    1   0   0   0   0   5   0   0   0  62  10   0  11   0   0   1   1   0   0   8  1.31 0.49
  181 Y   -3 -3 -4 -4 -4  1 -3 -4 -3  2  3 -1  3  0 -5 -3 -3  3  4  0    1   0   0   1   0   7   1   1   0  14  34   5   8   3   0   0   0   5  14   5  0.51 0.27
  182 I   -2 -5 -5 -5 -3 -4 -5 -3 -4  3  3 -4  0  3 -5 -4 -2  1  1  3    2   0   0   0   0   0   0   2   0  19  35   0   1  13   0   0   1   2   4  20  0.68 0.30
  183 L   -5 -6 -7 -7 -5 -7 -7 -6 -5 -3  0 -7 -3  9 -7 -6 -5 -3 -1 -1    0   0   0   0   0   0   0   0   0   0   6   0   0  88   0   0   0   0   0   4  2.56 0.75
  184 G    4 -4 -3 -4 -2 -3 -4  2 -4 -5 -5 -3 -4 -5 -4  5 -2 -5 -1 -4   37   0   0   0   1   0   0  12   0   0   0   0   0   0   0  47   1   0   3   0  1.07 0.50
  185 F   -1 -3 -4 -5 -3 -3 -4 -1 -4  3  1 -4  0 -1 -4 -2 -1 -5 -1  5    3   1   1   0   0   1   0   5   0  12  14   0   1   2   0   3   2   0   2  52  0.72 0.34
  186 Y   -2  1  2  0 -3  3  1 -2  3 -2 -3  3 -1 -2 -2 -1  0  3  1 -1    1   7   9   5   0  13   6   3   7   2   1  21   1   1   1   2   8   5   5   4  0.30 0.20
  187 L   -4 -5 -5 -7 -5 -4 -6 -7 -5 -1  6 -6  0  1 -6 -5 -3  3 -3 -2    0   0   1   0   0   0   0   0   0   2  84   0   1   4   0   0   2   4   0   1  1.52 0.55
  188 N   -2  2  1  0 -5  2 -2  5  3 -6 -5  1 -3 -5  0 -2 -3 -5 -4 -5    1  10   6   6   0   9   2  46   7   0   0   7   0   0   5   1   0   0   0   0  0.77 0.34
  189 I   -5 -5 -6 -7 -5 -5 -6 -6 -6  2  1 -6 -2 -2 -7 -6 -4 12 -2 -2    0   0   0   0   0   0   0   0   0  10  12   0   1   1   0   0   1  70   0   3  3.07 0.83
  190 F   -4 -5 -6 -6 -4 -5 -5 -6 -5 -1  5 -5 -1  5 -5 -5  0 -3 -2 -1    1   0   0   0   0   0   0   0   0   1  59   0   0  28   0   0   7   0   0   2  1.21 0.47
  191 P   -5 -6 -5 -5 -7 -5 -5 -6 -6 -7 -7 -5 -7 -8  9 -3 -5 -8 -7 -6    0   0   0   0   0   0   0   0   0   0   0   0   0   0  96   2   0   0   0   0  3.18 0.90
  192 T    2 -4 -3 -3 -3 -3 -3 -1 -4  1 -2 -3 -1 -3  1  2  2 -3 -4  4   19   0   0   0   0   0   0   3   0   8   2   0   1   1   6  17  11   0   0  30  0.44 0.28
  193 N    0 -3 -1 -3 -3  1 -3  3 -3 -2 -3 -3 -1  1 -2  4 -1 -4 -2 -1    6   0   2   0   0   8   0  24   0   2   2   0   2   6   2  38   3   0   1   4  0.51 0.32
  194 I   -3 -5 -2 -4 -6 -5 -5  7 -4 -5 -5 -5 -4 -6 -5 -3 -4 -4 -5 -6    1   0   2   1   0   0   0  91   0   1   1   0   0   0   0   1   1   0   0   0  2.15 0.67
  195 A   -1  3 -2 -4 -4 -2 -3 -3 -2  0  0 -2  5  2 -3 -2 -2  0  5 -1    6  19   1   1   0   0   1   2   0   5   5   1  21   8   1   2   1   1  20   3  0.57 0.31
  196 Q    0  0 -1 -1 -2  0  1  1  0  0 -1 -1  0 -1  0  0  1 -1  0  1    4   6   2   3   0   5   9  14   2   6   4   2   2   1   4   5  14   1   4  11  0.06 0.07
  197 A    0 -2  0  1 -3 -1 -1  2 -2 -3 -3 -2 -1 -3  2  2  3 -4 -3 -3    5   1   4   9   0   1   3  20   1   1   2   1   1   1  10  17  22   0   1   1  0.38 0.21
  198 I   -2 -3 -3 -3 -2 -3 -2 -2 -3  3  2 -3  0  2  2 -2 -1  4 -1  2    2   1   1   1   0   1   2   3   0  19  19   1   2  11  10   3   3   7   1  13  0.33 0.16
  199 T    0  0  0  0 -2 -1 -1  1 -1 -1  0 -1  1  1 -1  1  1  1  1 -1    8   4   4   4   1   2   4  15   1   3   8   2   6   6   2  11   8   2   6   4  0.05 0.04
  200 T    1 -1  0  1 -1  0  1  0  0  0  0  0  0 -1 -1  1  1 -1 -1  0   12   3   4   7   1   3  10   6   2   3  14   3   1   2   3   9   8   1   2   6  0.03 0.03
  201 S    0 -1  0  2 -2  0  0  1 -1  0  0 -1  0 -1  1  0  0 -1  0 -1    5   2   4  13   1   3   7  12   1   9   8   3   2   2   7   9   5   1   3   4  0.06 0.03
  202 N    0 -1  0  3 -2 -1  0  1 -1 -1 -1 -1 -1  0  2  0  0 -1 -1 -1    6   3   5  19   1   2   4  10   1   4   7   3   1   6  11   5   4   1   2   4  0.13 0.05
  203 G    0 -1 -1 -1 -2 -1 -1  3 -1 -2 -1 -1 -1 -1  0  1  1  3 -1 -1    8   2   2   3   1   2   3  26   1   2   5   3   2   3   4  15   8   5   2   3  0.20 0.08
  204 M    0 -1 -1 -1 -1  0  0  0 -1  0  1 -1  0  0  1  0  0  1 -1  0   11   4   2   3   1   3   5   7   1   5  18   3   3   3   8   7   5   2   2   5  0.04 0.02
  205 A    0  0  1  0 -1  0  0  1 -1  0  0  0  0  0  1  0  0  0 -1  0    9   4   8   4   1   4   4  11   1   6  14   3   2   3   6   7   6   2   2   4  0.03 0.01
  206 L    0 -1 -1 -1 -1  0 -1 -1  0  0  1 -1  0  0  0  0  0  0  1  0   10   4   2   3   1   4   4   4   2   4  18   3   2   5   4   9   7   1   6   7  0.02 0.02
  207 Q    0  0  0  0 -1  0  0  2  0 -1 -1  0 -1 -1  0  1  2  0 -1 -1    5   4   3   5   1   4   6  18   3   3   6   4   1   2   5  10  15   1   1   4  0.10 0.05
  208 G    0  0  1  0 -2  0  0  3 -1 -1 -1 -1 -1 -1  0  0 -1  0 -1 -1    5   5   6   7   1   5   6  29   1   3   6   3   2   4   6   5   4   1   1   3  0.17 0.06
  209 F   -1 -1 -2 -1 -1 -1 -1 -1 -1  0  1 -1  1  3  0 -1 -1  6  0  0    5   3   2   4   1   2   4   5   1   4  12   4   4  18   6   3   3  13   2   5  0.25 0.09
  210 T    1 -1  0  1 -1  0  0  2 -1 -1 -1 -1 -1 -2  0  0  0 -1 -1 -1   16   3   3  10   1   4   8  17   1   2   6   3   1   2   4   5   6   1   1   5  0.10 0.05
  211 Y    1  0  0  0 -1  0  0  0  0 -1  0  0 -1  0 -1  0  0  1  2 -1   16   6   3   5   1   6   3   8   3   3   8   5   1   4   3   7   4   2   8   4  0.04 0.03
  212 W    0 -2 -2 -2 -2 -2 -2 -1 -2  1  1 -2  0  4 -1 -1 -1  3  0  1   10   2   2   2   1   2   2   4   1   7  15   2   2  24   4   3   3   4   1  11  0.20 0.10
  213 V    0  0 -2 -1 -1 -1 -1  0 -2  0  2  0  0  0 -1 -1 -1  5 -1  1   10   4   1   3   1   2   2   6   1   6  21   7   3   4   3   3   3   9   1  10  0.11 0.07
  214 S   -1 -2  0  6 -3  0  1 -1 -2 -3 -2 -2 -2 -3 -1  1 -1 -3 -3 -2    4   2   3  47   0   3   6   5   1   1   4   2   1   1   3   9   3   0   1   2  0.63 0.24
  215 L    1  1 -1 -2 -2 -1 -1 -1 -1  1  0 -1  0  0 -2  0  0  3  0  2   16   9   2   1   0   1   2   4   1   7  10   2   1   4   1   9   4   4   2  17  0.08 0.08
  216 M    2 -3 -3 -4 -1 -3 -3 -2 -3  2  4 -3  1  0 -2 -2 -2  2 -2  1   18   1   1   1   1   1   1   2   0  10  40   1   4   4   2   1   1   3   0   8  0.40 0.20
  217 K    0  4 -1 -2 -3  1  0 -2  3 -3 -2  3 -1 -3 -3  0 -2  3 -1 -2    7  23   1   1   0   6   4   2  10   1   4  22   1   1   1   8   1   4   2   2  0.42 0.22
  218 F   -2 -1 -2 -4 -4 -1 -3 -4 10 -5 -4 -3 -4 -2 -5  0 -3 -4  3 -5    3   3   1   1   0   2   1   1  68   0   1   1   0   2   0   6   2   0   8   1  2.06 0.62
  219 L   -2 -4 -5 -5 -4 -4 -5 -4 -4  1  5 -4  5 -1 -5 -4 -3 -3  1 -1    2   0   0   0   0   0   0   1   0   8  61   0  16   1   0   1   1   0   5   2  1.05 0.41
  220 T   -1 -5 -5 -5 -3 -4 -5 -6 -5  6  0 -5 -1  0 -5 -4 -1 -5 -4  4    5   0   0   0   0   1   0   0   0  46   6   0   0   3   0   0   3   0   0  34  1.08 0.42
  221 L   -4 -5 -6 -6 -3 -5 -6 -6 -6 -2  6 -5  4 -3 -6 -5 -4 -5 -4 -2    1   0   0   0   0   0   0   0   0   0  88   0   9   0   0   0   0   0   0   0  1.74 0.60
  222 P   -5 -6 -6 -5 -7 -5 -5 -6 -6 -7 -7 -5 -6 -7  9 -5 -5 -7 -7 -6    0   0   0   0   0   0   0   0   0   0   0   0   0   0  98   0   0   0   0   0  3.28 0.91
  223 I    4 -4 -3 -4  0 -3 -3  0 -4  0 -2 -3  0 -4 -4  2  1 -3 -4  2   45   0   0   0   2   0   0   5   0   4   2   0   2   0   0  15   8   0   0  17  0.62 0.34
  224 L   -1 -4 -5 -5  0 -4 -5 -4 -5  4  3 -4  1  2 -4 -3  1 -4 -2  2    5   0   0   0   2   0   0   1   0  28  27   0   2  11   0   1   8   0   0  16  0.60 0.28
  225 F    3 -4 -3 -4 -1 -4 -4 -4 -5 -1 -3 -4 -2 -3 -4  0  5 -5 -4  3   21   0   0   0   1   0   0   0   0   2   1   0   0   1   0   6  43   0   0  25  0.89 0.44
  226 I   -3 -5 -6 -7 -4 -5 -6 -7 -6  0  6 -5  1 -3 -6 -4 -3 -2 -3 -1    1   0   0   0   0   0   0   0   0   3  87   0   2   0   0   1   1   0   1   2  1.57 0.56
  227 T    3 -4 -3 -4 -3 -4 -4  5 -5 -4 -5 -4 -3 -5 -4  1  1 -5 -5 -1   25   0   0   0   0   0   0  49   0   1   0   0   1   0   0  12   7   0   0   4  1.01 0.42
  228 I    1 -4 -3 -4  0 -3 -4 -3 -4  1  2 -3  1  2 -4  0  3 -3 -1  1   10   0   0   0   2   0   0   1   0   8  25   0   4   9   0   5  26   0   1   8  0.40 0.25
  229 I    0 -2 -1 -3 -3 -1 -3  2 -1  3  0 -3  0  2 -1 -1 -1 -2  1  2   10   2   3   0   0   2   0  15   1  19   5   0   2  10   3   5   2   0   4  16  0.17 0.15
  230 S   -1 -2  0 -2 -3  1  0  0 -1 -1 -1 -2  0  1  3  1  0 -1  3 -1    4   1   4   1   0   9   4   6   1   3   5   0   2   7  15  16   4   0  12   4  0.20 0.17
  231 Y    3 -4 -4 -4 -2 -3 -4 -2 -4  1  2 -3  5 -2 -4  0  1 -4 -1  1   26   0   0   0   0   0   0   2   0   8  18   0  19   1   0   7   9   0   2   9  0.49 0.29
  232 G    7 -5 -5 -5 -4 -4 -4  2 -5 -5 -5 -4 -5 -6 -3  0 -3 -6 -5 -4   81   0   0   0   0   0   0  13   0   0   0   0   0   0   1   4   0   0   0   0  1.60 0.62
  233 V   -1 -2 -3 -4 -3 -1 -2  0 -3  4  1 -3  0 -1 -4  0  0 -3 -2  3    4   2   1   0   0   2   2   8   0  26  13   0   2   1   0   7   5   0   1  25  0.34 0.21
  234 R   -4 -3 -4 -6 -4 -4 -5 -6 -4  5  2 -4  3  1 -4 -4 -1  3  4  1    0   1   1   0   0   0   0   0   0  35  22   1   7   4   0   0   3   4  15   7  0.78 0.34
  235 N    4 -4 -3 -4 -3 -3 -4 -2 -4 -1 -1 -3  4 -4 -4  1  3 -5 -4  0   45   0   1   0   0   0   0   1   0   2   4   0  10   0   0   9  21   0   0   6  0.73 0.39
  236 I   -6  9 -5 -6 -8 -2 -4 -6 -4 -5 -5 -1 -4 -7 -6 -5 -5 -7 -6 -7    0  97   0   0   0   0   0   0   0   1   1   0   0   0   0   0   0   0   0   0  2.71 0.84
  237 L   -4 -4 -5 -6 -4 -1 -5 -6 -1  2  2 -5  7  3 -5 -4 -2 -3  5  0    0   0   0   0   0   3   0   0   2  11  18   0  30  10   0   0   1   0  19   6  0.98 0.42
  238 F   -1 -4 -4 -5 -3 -4 -3 -5 -5  0 -2 -4  5 -1 -5 -1  6 -5 -4  0    5   0   0   0   0   0   1   0   0   5   3   0  15   3   0   3  60   0   0   7  1.17 0.52
  239 R   -6  9 -5 -6 -8 -3 -4 -7 -4 -7 -6 -2 -6 -7 -6 -5 -5 -7 -6 -7    0 100   0   0   0   0   0   0   0   0   0   0   0   0   0   0   0   0   0   0  2.90 0.88
  240 N    4 -4 -1 -4 -4 -3 -4 -1 -4 -5 -5 -4 -4 -6 -4  6  1 -6 -5 -4   31   0   3   0   0   0   0   4   0   0   0   0   0   0   0  56   7   0   0   0  1.19 0.54
  241 N    3 -4  1 -3 -1 -3 -3 -2 -3 -5 -5 -3 -3 -6 -4  6  0 -6 -5 -4   23   0   5   0   1   0   1   2   1   0   0   0   0   0   0  62   4   0   0   0  1.18 0.53
  242 G   -4 -5 -6 -7 -5 -5 -6 -5 -6 -1  1 -5 10  0 -6 -5 -1 -5 -5  1    0   0   0   0   0   0   0   1   0   2  11   0  69   3   0   0   3   0   0  10  2.11 0.72
  243 V   -4 -4 -7 -7 -4 -5 -6 -7 -6  2  6 -6  0 -3 -6 -5 -4 -5 -4  0    0   1   0   0   0   0   0   0   0  10  82   0   1   0   0   1   0   0   0   5  1.50 0.54
  244 E   -4 -4 -3  4 -7 -1  7 -5 -4 -7 -6 -3 -6 -7 -5 -2 -4 -7 -6 -6    0   0   0  19   0   1  77   0   0   0   0   0   0   0   0   1   0   0   0   0  1.92 0.68
  245 L   -2 -6 -5 -6 -4 -3 -3 -6 -6  1 -2 -5 -2 -4 -6 -4  1 -6 -5  7    3   0   0   0   0   1   2   0   0   5   1   0   0   0   0   1   7   0   0  80  1.56 0.59
  246 M   -2 -3 -5 -5 -4 -3 -5 -6 -5  3  5 -3  4 -2 -5 -3 -3 -3 -3  0    3   1   0   0   0   1   0   0   0  16  61   1  10   1   0   2   0   0   1   2  1.00 0.41
  247 G   -2  4  2 -1 -5  1 -1  3  1 -5 -5  1 -4 -5 -4  2 -2 -5 -4 -4    2  27  11   2   0   8   2  23   3   0   0   6   0   0   0  14   2   0   0   0  0.60 0.31
  248 S   -1 -2 -2 -1 -6  6  4 -4 -2 -5 -1 -2  1 -6 -4  0 -3 -5 -5 -5    6   1   1   2   0  41  30   0   1   0   6   1   4   0   0   7   1   0   0   0  1.03 0.48
  249 N   -6 -5 -1  8 -8 -3  0 -4 -5 -7 -8 -5 -7 -8 -4 -4 -5 -8 -7 -7    0   0   1  93   0   0   4   1   0   0   0   0   0   0   1   0   0   0   0   0  2.56 0.79
  250 F   -6 -6 -6 -7 -7 -6 -6 -7  0 -5 -5 -6 -5  5 -7 -5 -6 -2  9 -5    0   0   0   0   0   0   0   0   1   0   0   0   0  23   0   1   0   0  75   0  2.72 0.81
  251 V   -4 -6 -6 -7 -4 -6 -6 -7 -7  6 -1 -6  1 -4 -6 -5 -4 -6 -5  5    0   0   0   0   0   0   0   0   0  55   2   0   2   0   0   0   0   0   0  41  1.64 0.57
  252 N   -4  8 -2 -5 -7 -1 -2 -6 -3 -5 -3  1 -3 -6 -5 -4  0 -6 -5 -4    0  77   1   0   0   1   1   0   0   0   2   7   1   0   0   0   7   0   0   1  1.83 0.64
  253 Y   -2 -5 -4 -5 -5 -5 -5 -5 -1 -4 -4 -5 -2 -2 -5 -2  8 -6 -3 -3    2   0   0   0   0   0   0   0   2   1   1   0   1   2   0   1  89   0   1   1  2.07 0.76
  254 L    7 -5 -5 -6 -4 -3 -4 -3 -5 -4 -4 -4 -5 -5 -5 -2 -4 -6 -6 -3   95   0   0   0   0   1   0   1   0   0   1   0   0   0   0   0   0   0   0   1  1.98 0.72
  255 R   -4  8 -4 -5 -7 -1 -2 -6 -1 -7 -6  2 -4 -6 -6 -4 -4 -3  0 -5    1  81   0   0   0   2   1   0   1   0   0   8   0   0   0   0   0   0   3   1  2.03 0.68
  256 A    7 -5 -4 -5 -4 -4 -4 -3 -5 -5 -5 -4 -5 -6 -4  1 -3 -6 -6 -4   90   0   0   0   0   0   0   0   0   0   0   0   0   0   0   9   0   0   0   0  1.89 0.70
  257 R   -5  0 -4 -5 -7 -2 -3 -6 -5 -6 -6  8 -3 -5 -5 -4 -4 -7 -2 -6    0   3   0   0   0   0   0   0   0   0   0  93   0   0   0   0   1   0   2   0  2.28 0.77
  258 G   -4 -6 -4 -5 -7 -6 -6  8 -6 -8 -8 -5 -7 -7 -6 -4 -6 -7 -7 -7    0   0   0   0   0   0   0 100   0   0   0   0   0   0   0   0   0   0   0   0  2.65 0.78
  259 I   -2 -5 -5 -6 -2 -2 -5 -6 -5  1  5 -5  2 -1 -5 -4 -3 -5 -4  2    3   0   0   0   1   2   0   0   0   6  65   0   3   1   0   1   1   0   0  16  1.03 0.42
  260 S    1  2 -1 -2 -4 -2 -2  0 -1 -4 -4  2 -3 -4  3  4  1 -5 -3 -3    9  10   3   1   0   1   0   6   1   0   1  12   0   0  16  32   7   0   0   0  0.51 0.30
  261 D   -2  1 -2  0 -6  1  6 -2 -2 -5 -5 -1 -1 -6  2 -1 -2 -6 -3 -5    3   8   1   2   0   4  57   3   1   0   0   3   1   0  11   3   2   0   1   0  1.00 0.45
  262 R   -1  5 -1 -3 -5 -1 -2  0 -1 -3 -2  2 -1  1 -2  0  0  3 -1 -3    4  38   3   1   0   1   0   8   1   1   2  11   1   7   2   7   5   5   2   1  0.50 0.28
  263 K    0  4 -2 -3 -3  0 -2 -2 -2  0 -1  1 -1 -2 -3 -1  1  1 -3  2   10  26   1   0   0   3   1   2   1   6   4   8   1   1   0   3   9   2   0  20  0.30 0.22
  264 I   -2 -6 -6 -7 -4 -6 -6 -7 -7  4 -2 -6 -1 -4 -6 -5 -3 -6 -5  7    2   0   0   0   0   0   0   0   0  18   1   0   1   0   0   0   1   0   0  77  1.72 0.61
  265 L   -3 -3 -3 -5 -4 -3 -5 -6 -4  5  2 -5  1 -2 -5 -4  0 -5 -2  3    1   1   1   0   0   1   0   0   0  41  22   0   3   1   0   0   5   0   1  23  0.87 0.36
  266 Y   -2  1 -2 -5 -4 -3 -4 -1 -2  0  1 -3  1  4 -5 -2 -2  6  5  0    2   8   2   0   0   0   0   6   0   5  15   0   3  16   0   2   2  10  22   7  0.56 0.28
  267 K   -2  5 -3 -4 -5 -1 -3 -1  0 -1 -3  5 -3 -5 -4 -2 -3 -3 -4  0    2  37   1   0   0   1   0   5   2   3   2  36   0   0   0   2   1   0   0   7  0.93 0.42
  268 H   -6 -5 -4 -6 -8 -4 -5 -7 11 -8 -7 -5 -6 -4 -7 -5 -6 -7 -1 -8    0   0   0   0   0   0   0   0  98   0   0   0   0   0   0   0   0   0   1   0  3.85 1.03
  269 V    6 -5 -5 -5 -2 -4 -4  0 -5 -1 -4 -4 -1 -5 -4 -2 -1 -6 -5  2   71   0   0   0   1   0   0   7   0   3   0   0   2   0   0   1   3   0   0  13  1.19 0.52
  270 T   -4 -5 -7 -7 -5 -5 -6 -5 -6 -1  6 -6  1  3 -6 -5 -3 -4 -3 -1    1   0   0   0   0   0   0   1   0   0  81   0   2  10   0   0   1   0   0   3  1.50 0.55
  271 R   -4  8 -4 -5 -5 -2 -3 -4 -3 -6 -6  4 -5 -7 -1 -4 -5 -6 -5 -6    1  71   0   0   0   0   0   1   0   0   0  22   0   0   3   0   0   0   0   0  1.91 0.66
  272 N   -3 -5  9 -3 -3 -4 -4 -4 -3 -7 -8 -4 -4 -7 -6 -3 -4 -8 -6 -7    2   0  96   0   1   0   0   0   0   0   0   0   0   0   0   1   0   0   0   0  2.78 0.86
  273 A    7 -5 -5 -5 -2 -4 -4 -2 -5 -5 -5 -4 -5 -6 -4  0 -3 -6 -5 -3   91   0   0   0   1   0   0   2   0   0   0   0   0   0   0   4   1   0   0   1  1.83 0.68
  274 I   -1 -5 -6 -6 -4 -3 -5 -5 -5  1  5 -5  5  1 -6 -4 -4 -2 -4 -1    6   0   0   0   0   1   0   0   0   5  65   0  15   4   0   1   0   0   0   2  1.13 0.45
  275 I   -3 -5 -3 -6 -4 -5 -6 -4 -6  6  3 -5  0 -3 -4 -4 -3 -5 -4  2    1   0   2   0   0   0   0   1   0  50  32   0   1   0   1   1   1   0   0  11  1.11 0.43
  276 P   -4 -6 -5 -6 -7 -3 -5 -5 -6 -7 -7 -5 -7 -8  9 -3 -5 -8 -7 -7    0   0   0   0   0   1   0   0   0   0   0   0   0   0  95   2   0   0   0   0  3.14 0.90
  277 V   -2 -5 -6 -6 -4 -5 -5 -6 -6  5  0 -5  0 -3 -5 -4  0 -6 -4  6    2   0   0   0   0   0   0   0   0  29   7   0   2   0   0   0   6   0   0  54  1.21 0.47
  278 V   -2 -5 -6 -6 -4 -5 -5 -6 -6  5  1 -5 -1 -3 -5 -4 -1  1 -4  5    2   0   0   0   0   0   0   0   0  33  13   0   0   0   0   1   4   2   0  45  1.11 0.43
  279 T   -4 -5 -4 -5 -5 -5 -5 -6 -6 -5 -5 -5 -5 -6 -2 -2  8 -7 -6 -4    0   0   0   0   0   0   0   0   0   0   0   0   0   0   2   1  96   0   0   0  2.44 0.84
  280 R   -2 -4 -5 -6 -4 -4 -5 -6 -5  3  2 -5  3 -1 -5 -4 -1 -5 -2  5    1   1   0   0   0   1   0   0   0  18  20   0   9   2   0   0   2   0   1  45  0.90 0.38
  281 V    1 -4 -5 -5 -3 -3 -5 -4 -5  5  2 -4  3  1 -5 -2 -1 -4 -3  3   11   0   0   0   0   0   0   1   0  33  20   0   7   5   0   2   3   0   0  17  0.62 0.29
  282 G   -1 -6 -4 -5 -6 -5 -6  7 -6 -7 -7 -5 -6 -4 -6 -2 -3 -6 -7 -7    5   0   0   0   0   0   0  92   0   0   0   0   0   1   0   2   1   0   0   0  2.24 0.69
  283 I   -3 -5 -5 -6 -4 -4 -5 -4 -4  2  5 -5  4  1 -5 -3 -2 -4 -3  0    1   0   0   0   0   0   0   1   0  11  64   0  10   5   0   2   2   0   0   3  1.04 0.42
  284 D   -2 -2  0 -1 -5  7  1 -1  1 -2 -3 -2  0 -4 -4  1 -1 -4 -3 -4    2   1   3   3   0  50   8   5   3   3   2   0   3   0   0  13   4   0   1   1  0.89 0.45
  285 L    0 -5 -5 -6 -4 -5 -5 -5 -5  3  3 -5  0  5 -5 -4 -1 -3 -1  2    8   0   0   0   0   0   0   0   0  17  27   0   2  31   0   0   3   0   0  11  0.79 0.34
  286 A    2 -5 -4 -4 -5 -4 -5  6 -5 -6 -6 -4 -5 -6  4  0 -3 -6 -6 -5   18   0   0   0   0   0   0  57   0   0   0   0   0   0  18   6   1   0   0   0  1.35 0.50
  287 F    0 -2  0 -2 -3  0 -1  2  0 -2  0 -2  0  2 -3  1  2 -1  1  0    8   1   6   0   0   5   3  15   2   1   8   0   2  12   0  14  13   0   4   5  0.16 0.15
  288 L   -2 -5 -6 -7 -3 -5 -6 -7 -6  0  6 -5  3 -1 -6 -5 -3 -5 -4  0    2   0   0   0   0   0   0   0   0   4  78   0   7   2   0   0   0   0   0   6  1.39 0.51
  289 F   -3 -5 -6 -6 -4 -5 -6 -6 -5  3  5 -5  2  3 -6 -5 -4 -4 -3  1    1   0   0   0   0   0   0   0   0  18  57   0   4  12   0   0   0   0   0   7  1.09 0.42
  290 A    2 -4 -2 -4 -3 -4 -3  6 -5 -5 -6 -4 -5 -6 -5  3 -1 -6 -5 -4   17   0   1   0   0   0   1  57   0   0   0   0   0   0   0  19   2   0   0   0  1.23 0.48
  291 G   -4 -6 -4 -5 -7 -6 -6  8 -6 -8 -8 -5 -7 -6 -6 -4 -6 -6 -5 -7    0   0   0   0   0   0   0  99   0   0   0   0   0   0   0   0   0   0   0   0  2.60 0.77
  292 V    6 -4 -3 -4 -4 -3 -4 -3 -5 -2 -4 -4 -3 -5 -4  3  1 -6 -5  0   63   0   1   0   0   1   0   0   0   2   0   0   0   0   0  18   7   0   0   8  1.09 0.50
  293 V   -1 -5 -6 -6 -4 -5 -6 -6 -6  4  0 -5  1 -1 -5 -4 -2 -3 -3  6    4   0   0   0   0   0   0   0   0  26   8   0   3   2   0   0   1   0   0  57  1.21 0.47
  294 F   -3 -5 -6 -6 -4 -5 -5 -6 -5  4  4 -5  0  0 -5 -5 -3 -4 -1  4    0   0   0   0   0   0   0   0   0  25  38   0   1   3   0   0   0   0   2  30  0.99 0.39
  295 I   -2 -5 -4 -5 -3 -4 -5 -5 -5  3 -3 -4 -3 -1 -5 -3  6 -6 -4  3    1   0   0   0   0   0   0   0   0  15   1   0   0   2   0   0  57   0   0  24  1.28 0.54
  296 E   -5 -4 -4 -2 -8 -2  8 -6 -4 -8 -7 -3 -6 -8 -5 -4 -5 -7 -6 -7    0   0   0   0   0   0 100   0   0   0   0   0   0   0   0   0   0   0   0   0  2.64 0.87
  297 D   -1 -3  1 -3 -4  2 -2 -4 -4 -2 -4 -1 -2 -5 -4  2  6 -6 -3 -1    3   1   5   1   0   8   1   0   0   2   0   3   1   0   0  12  58   0   1   5  1.00 0.48
  298 I   -4 -6 -6 -7 -4 -6 -6 -7 -7  6 -1 -6 -2 -4 -6 -5 -3 -6 -5  6    0   0   0   0   0   0   0   0   0  38   2   0   0   0   0   0   1   0   0  59  1.66 0.58
  299 F   -6 -7 -7 -8 -7 -7 -8 -7 -5 -4 -4 -7 -4  9 -8 -7 -6 -3  1 -5    0   0   0   0   0   0   0   0   0   0   0   0   0  98   0   0   0   0   2   0  3.14 0.88
  300 N    3 -3  3 -2 -4 -1 -3  1 -3 -4 -4 -3 -4 -5 -4  4  0 -5 -1 -3   27   0  15   1   0   2   0   9   0   0   0   0   0   0   0  37   5   0   3   1  0.70 0.38
  301 I   -6 -6 -8 -8 -6 -6 -7 -7 -6  3  1 -7 -4 -1 -8 -7 -6 12  0 -3    0   0   0   0   0   0   0   0   0  17  11   0   0   2   0   0   0  66   3   1  3.01 0.83
  302 P   -5 -6 -1 -4 -7 -5 -5 -6 -6 -7 -7 -5 -7 -8  9 -5 -5 -8 -7 -7    0   0   3   1   0   0   0   0   0   0   0   0   0   0  95   0   0   0   0   0  3.13 0.90
  303 G   -4 -6 -4 -5 -7 -6 -6  8 -6 -8 -8 -5 -7 -7 -6 -4 -6 -7 -7 -7    0   0   0   0   0   0   0 100   0   0   0   0   0   0   0   0   0   0   0   0  2.65 0.78
  304 L   -3 -5 -6 -6 -4 -5 -6 -6 -5  5  4 -5  5 -1 -6 -5 -3 -5 -4  2    1   0   0   0   0   0   0   0   0  32  33   0  19   2   0   0   0   0   0  14  1.09 0.42
  305 G   -4 -6 -4 -5 -7 -6 -6  8 -6 -8 -8 -5 -7 -7 -6 -4 -6 -7 -7 -7    0   0   0   0   0   0   0 100   0   0   0   0   0   0   0   0   0   0   0   0  2.65 0.78
  306 R   -2  7 -1 -4 -6  2 -3 -4 -2 -5 -2  2 -3 -4 -4  0 -2 -6 -4 -5    2  56   3   0   0   9   0   1   1   0   4  13   0   0   0   8   2   0   0   0  1.15 0.47
  307 L   -3 -5 -6 -7 -4 -5 -5 -6 -5 -1  6 -5  2  0 -6 -5 -4  5  2 -1    2   0   0   0   0   0   0   0   0   2  71   0   4   2   0   0   0   9   8   3  1.32 0.50
  308 L    1 -4 -3 -4 -3 -3 -4 -3 -3  3  2 -4  4  2 -4 -2  1 -3 -1  2   14   0   1   0   0   1   0   2   0  16  22   0  12   8   0   1  10   0   2  12  0.39 0.23
  309 V   -3 -5 -5 -6 -4 -5 -5 -6 -3  3  0 -5  0  4 -5 -4 -2  0  4  5    0   0   0   0   0   0   0   0   0  18   7   0   2  16   0   0   2   1  13  40  0.93 0.39
  310 N   -3 -2  2  6 -6  3  3 -3 -3 -5 -5 -1 -2 -5 -4  0 -1 -5 -4 -5    1   1   8  41   0  15  20   2   0   0   0   2   1   0   0   5   4   0   0   0  0.98 0.42
  311 A    6 -4 -4 -4 -1 -4 -4 -1 -5 -5 -5 -3 -3 -6 -4  4 -3 -6 -5 -4   62   0   0   0   1   0   0   4   0   0   0   0   0   0   0  32   0   0   0   0  1.32 0.56
  312 A   -1 -6 -6 -6 -4 -5 -6 -6 -6  6  1 -5 -1 -2 -6 -5 -3 -5 -4  4    5   0   0   0   0   0   0   0   0  51  11   0   1   1   0   0   0   0   0  31  1.27 0.47
  313 A    0 -1  1 -2 -3  0 -1 -1 -2 -1  2 -1  3  2 -3  1  0 -3  0 -1    7   3   9   1   0   5   3   4   0   1  21   2   9  12   0  11   6   0   2   3  0.14 0.15
  314 N    2  2  2 -2 -4  3 -1 -1 -1 -3 -3  1  1 -2 -3  1  0 -4  0 -2   22  13  12   1   0  15   2   2   1   1   1   6   4   2   0   9   4   0   3   2  0.30 0.22
  315 L   -4  8 -3 -5 -7 -1 -4 -6 -2 -6 -2  0 -5 -5 -4 -2 -4 -6 -5 -5    0  84   1   0   0   2   0   0   1   0   4   4   0   0   1   2   0   0   0   0  2.07 0.70
  316 D   -6 -6 -1  9 -8 -4 -2 -5 -5 -7 -8 -5 -7 -8 -6 -4 -5 -9 -7 -7    0   0   1  98   0   0   1   0   0   0   0   0   0   0   0   0   0   0   0   0  2.81 0.84
  317 V   -5 -5 -6 -7 -6 -5 -6 -7 -3 -1  0 -6  0  4 -7 -5 -3 -2  9 -2    0   0   0   0   0   0   0   0   0   3   7   0   2  16   0   0   2   0  68   2  2.09 0.68
  318 P   -1 -5  1 -5 -6 -1 -4 -5 -5 -2 -4 -4 -2 -4  8 -2 -2 -7 -3 -3    5   0   7   0   0   2   0   0   0   3   2   0   1   1  72   2   2   0   1   2  1.92 0.64
  319 L   -1 -5 -6 -6 -3 -4 -5 -6 -6  1  2 -5  3 -3 -4 -4  0 -5 -4  6    4   0   0   0   0   0   0   0   0   3  22   0   6   0   1   0   5   0   0  58  1.05 0.44
  320 L   -2 -5 -6 -6 -4 -5 -6 -6 -6  5  2 -5  1 -3 -5 -4 -2 -5 -4  5    2   0   0   0   0   0   0   0   0  38  19   0   2   0   0   0   1   0   0  38  1.13 0.43
  321 E   -4 -1 -4 -5 -6  7 -1 -6 -4 -2  1 -3  6 -4 -5 -4 -4 -5 -5 -4    0   2   0   0   0  57   2   0   0   2  14   0  22   0   0   0   1   0   0   0  1.58 0.64
  322 G    2 -5 -1 -4 -3 -5 -5  6 -5 -6 -6 -4 -5 -6 -5  0 -3 -6 -6 -4   20   0   3   0   0   0   0  70   0   0   0   0   0   0   0   5   1   0   0   1  1.57 0.55
  323 D    1 -4 -1 -3  3 -3 -2  2 -3  3  0 -3  0  0 -4 -1  0 -4 -1  2   11   0   2   1   8   0   2  16   0  18   6   0   2   4   0   5   7   0   1  16  0.23 0.17
  324 F   -2 -4 -2 -5 -2 -4 -5 -5 -5  3  2 -4  0  1 -5 -2  2 -4 -2  4    1   0   2   0   0   0   0   0   0  16  20   0   2   7   0   1  14   0   0  35  0.66 0.32
  325 Y   -3 -5 -6 -6 -4 -5 -6 -6 -5  1  5 -5  4  2 -6 -5 -3 -4 -2  2    1   0   0   0   0   0   0   0   0   7  60   0  12   7   0   0   1   0   1  11  1.08 0.42
  326 I   -3 -5 -6 -6 -1 -5 -5 -6 -5  3  3 -5  2  5 -5 -4 -2 -3 -1  3    1   0   0   0   1   0   0   0   0  17  30   0   4  24   0   0   1   0   1  20  0.86 0.35
  327 I   -1 -4 -3 -4 -2 -3 -4 -2 -4  4  1 -4  1  3 -4  2  1 -3 -1  2    3   0   0   0   0   0   0   3   0  24  11   0   4  12   0  16   9   0   2  15  0.38 0.24
  328 S    6 -4 -4 -4 -2 -4 -4  0 -5 -5 -5 -4 -4 -5 -4  3 -1 -6 -5 -2   64   0   0   0   0   0   0   7   0   0   0   0   0   0   0  25   3   0   0   2  1.22 0.53
  329 L    1 -4 -4 -4  0 -4 -4 -1 -4  2  2 -4  0  2 -4 -2  1 -4 -2  3   14   0   0   0   2   0   0   4   0  11  22   0   1  11   0   2  10   0   0  23  0.39 0.23
  330 F    0 -4 -4 -4  0 -3 -2 -4 -4  3  3 -4  4  0 -4 -2  0 -4 -3  2    7   0   0   0   2   0   3   1   0  20  30   0  11   3   0   3   6   0   0  14  0.47 0.25
  331 A   -3 -5 -5 -6 -4 -5 -5 -6 -3  1 -1 -5 -2  5 -5 -4  1 -2  5  4    1   0   0   0   0   0   0   0   0   7   3   0   0  27   0   0  10   0  22  29  1.02 0.43
  332 I   -2 -5 -5 -6 -1 -4 -5 -6 -5  4  2 -5  2 -3 -5 -1 -2 -5 -4  5    3   0   0   0   1   0   0   0   0  27  14   0   5   0   0   5   1   0   0  43  0.92 0.39
  333 I    0 -5 -5 -5 -2 -4 -5 -3 -5  3  4 -4  1  2 -5 -3 -1 -4 -3  3    7   0   0   0   0   0   0   2   0  15  40   0   3   7   0   1   2   0   0  22  0.66 0.30
  334 I    0 -5 -4 -5 -3 -4 -5  2 -5  4 -1 -4  2  1 -5 -2 -2 -4 -3  4    9   0   0   0   0   0   0  16   0  22   2   0   4   6   0   2   2   0   0  36  0.62 0.32
  335 L   -5 -5  9 -3 -7 -4 -4 -5 -3 -7 -5 -4 -4 -6 -6 -2 -3 -8 -6 -5    0   0  94   0   0   0   0   0   0   0   1   0   0   0   0   2   1   0   0   1  2.68 0.85
  336 L   -3 -5 -6 -7 -4 -4 -6 -6 -6  1  6 -6  0  2 -6 -5 -3 -3 -3 -1    2   0   0   0   0   0   0   0   0   7  78   0   1   8   0   0   1   0   0   2  1.35 0.50
  337 A    0 -5 -5 -6 -1 -4 -5 -4 -5  4  4 -5  1 -1 -5 -4 -2 -4 -3  3    8   0   0   0   1   0   0   1   0  22  44   0   2   2   0   0   2   0   0  17  0.77 0.33
  338 L    2 -5 -5 -5 -4 -4 -5 -4 -5  2 -2 -4 -2 -4 -5 -2  2 -6 -4  6   21   0   0   0   0   0   0   1   0   7   1   0   0   0   0   1  15   0   0  54  1.02 0.46
  339 D   -6 -6 -3  9 -8 -4 -2 -5 -5 -7 -8 -5 -7 -8 -6 -4 -5 -9 -7 -7    0   0   0  99   0   0   1   0   0   0   0   0   0   0   0   0   0   0   0   0  2.88 0.86
  340 L   -3 -5 -6 -6 -2 -5 -6 -6 -6  5  4 -5  1 -2 -5 -5 -3 -4 -4  3    1   0   0   0   0   0   0   0   0  33  42   0   3   1   0   0   0   0   0  19  1.08 0.41
  341 L    1 -4 -4 -5  1 -4 -4 -3 -5  2  4 -4  1 -1 -5  1 -1 -4 -3  1   11   0   0   0   3   0   0   2   0   8  53   0   2   1   0  10   3   0   0   8  0.64 0.32
  342 Y   -6 -6 -5 -7 -5  0 -6 -7 -1 -5 -4 -6 -5 -1 -7 -5 -5 -2 10 -5    0   0   0   0   0   4   0   0   1   0   1   0   0   0   0   0   0   0  92   0  3.04 0.91
  343 P    4  1 -3 -4 -3 -2 -3  2 -3 -3 -2 -2 -1 -4 -1  0  1 -5 -4 -1   45   9   0   0   0   0   0  18   0   0   3   1   1   0   3   6   9   0   0   4  0.57 0.32
  344 L    0 -2 -5 -5 -3 -4 -4 -5 -4  1  3 -3  1  3 -5 -3 -3  4  2  3    8   3   0   0   0   0   0   0   0   8  28   1   3  14   0   0   0   6   8  23  0.56 0.27
  345 I    0 -5 -5 -6 -3 -5 -5 -5 -5  4  3 -5  0  1 -5 -4 -3 -4 -3  4    9   0   0   0   0   0   0   0   0  25  30   0   1   6   0   0   0   0   0  29  0.81 0.35
  346 D   -6 -5  4  8 -7 -4 -2 -5 -5 -7 -8 -4 -7 -7 -5 -4 -5 -8 -7 -7    0   0  18  81   0   0   0   0   0   0   0   0   0   0   0   0   0   0   0   0  2.36 0.75
  347 P   -5 -5 -6 -6 -7 -6 -5 -7 -7 -7 -7 -3 -7 -8  9 -5 -5 -8 -7 -7    0   0   0   0   0   0   0   0   0   0   0   2   0   0  97   0   0   0   0   0  3.27 0.93
  348 R   -4  8 -4 -6 -7 -2 -3 -6 -4 -7 -6  0 -5 -7 -6 -4 -3 -7 -6 -6    1  93   0   0   0   0   1   0   0   0   0   3   0   0   0   1   1   0   0   0  2.54 0.80
  349 V   -4 -6 -7 -7 -5 -6 -7 -7 -7  7  0 -6  0 -4 -6 -6 -4 -4 -5  3    0   0   0   0   0   0   0   0   0  74   4   0   2   0   0   0   0   0   0  19  1.80 0.60
  350 K   -4  7 -2 -3 -6  0 -1 -5 -2 -6 -5  4 -5 -6 -5 -1 -2 -6 -5 -6    0  63   1   1   0   2   4   0   1   0   0  23   0   0   0   3   2   0   0   0  1.56 0.56
  351 Y   -2 -5 -5 -5 -5 -4 -5 -6  4 -3  2 -4 -2  1 -6 -3 -4 -2  8 -3    3   0   0   0   0   0   0   0  11   0  24   0   0   4   0   2   0   0  53   1  1.46 0.52
  352 E   -2 -2 -2  4 -5  3  4 -3 -3 -5 -5  3 -4 -5 -3  2 -2 -5 -4 -5    0   0   0  21   0  15  24   0   0   0   0  20   0   0   0  20   0   0   0   0  0.79 0.34

                      K         Lambda
Standard Ungapped    0.1486     0.3315
Standard Gapped      0.0410     0.2670
PSI Ungapped         0.2038     0.3177
PSI Gapped           0.0624     0.2670
