
Last position-specific scoring matrix computed, weighted observed percentages rounded down, information per position, and relative weight of gapless real matches to pseudocounts
           A  R  N  D  C  Q  E  G  H  I  L  K  M  F  P  S  T  W  Y  V   A   R   N   D   C   Q   E   G   H   I   L   K   M   F   P   S   T   W   Y   V
    1 M   -5 -5 -6 -7 -5 -5 -6 -7 -6  1  3 -5 10 -4 -6 -5 -4 -5 -5 -3    0   0   0   0   0   0   0   0   0   7  20   0  73   0   0   0   0   0   0   0  2.40 0.85
    2 V   -2 -3 -2 -2 -4  0 -2 -5 -4  4  1 -2  4  0 -4 -1  3 -4 -2  1    2   1   1   3   0   4   2   0   0  29  10   1  12   4   0   4  18   0   1   7  0.47 0.34
    3 K   -2  0  0  3 -4  0  3 -4 -1  1  0  2 -1 -2 -3 -1  0 -5 -3 -1    1   3   4  16   0   3  19   0   2  10  12  15   1   1   0   5   5   0   0   4  0.28 0.25
    4 D   -3 -1  0  6 -6  0  1 -5  0 -2 -2  0 -3 -3 -5 -1  0 -6 -2 -3    2   3   3  52   0   4   8   0   2   3   4   4   1   1   0   3   7   0   1   2  0.92 0.51
    5 E    4 -4 -1 -2 -4  0  0 -2 -4  0 -1  1 -1 -5  0 -2 -3 -5 -5  2   39   0   2   1   0   4   6   3   0   4   7  10   1   0   5   1   0   0   0  15  0.47 0.40
    6 Y    0 -3 -2 -2 -6  3  5 -6  1 -3 -1 -1 -4  1 -5 -3 -3 -5  1  0    7   1   2   2   0  13  43   0   3   1   5   3   0   7   0   1   1   0   5   7  0.79 0.55
    7 S    0  2 -1  2 -6  3  2 -4 -3 -4 -4  4 -4 -1 -5  0 -1 -6 -3 -3    8   9   2  11   0  13  11   0   0   1   1  28   0   3   0   8   4   0   1   1  0.58 0.43
    8 L   -1 -7 -7 -8 -4 -6 -7 -8 -7  5  4 -4  1 -3 -7 -6 -3 -6 -3  3    5   0   0   0   0   0   0   0   0  26  43   1   3   0   0   0   1   0   1  20  1.22 0.64
    9 I   -2 -7 -7 -8 -6 -6 -7 -8 -5  4  5 -5  1  2 -7 -6 -4 -6 -5  3    3   0   0   0   0   0   0   0   0  19  50   1   2   7   0   0   1   0   0  16  1.23 0.65
   10 S    0  1  1  3 -6  0  4 -3 -2 -6 -5  3 -6 -7 -5  1 -2 -7 -6 -6    7   8   5  15   0   4  28   1   1   0   1  18   0   0   0   9   2   0   0   0  0.75 0.52
   11 R   -1  2 -2 -2 -4  0  1 -4  0  1  2  3  0 -1 -4 -2 -2 -3  2 -2    6  11   2   1   0   4  11   0   2   8  20  17   2   2   0   2   2   0   7   2  0.30 0.28
   12 A    6 -4 -5 -6 -3 -6 -4  1 -6 -3 -2 -4 -2 -6 -6  0 -4 -7 -4 -3   71   1   0   0   1   0   1   8   0   1   5   1   1   0   0   7   1   0   0   2  1.50 0.84
   13 K   -1  3 -3 -2 -5  1  1 -3 -1 -2  1  5 -3 -6 -4 -2 -1 -6 -4 -3    4  14   1   2   0   5  10   2   2   2  13  36   0   0   1   3   3   0   0   2  0.65 0.47
   14 D    1  2  0  0 -5  1  2 -3 -2 -6 -3  4 -5 -7 -5  0 -2 -7 -6 -4   12  12   5   4   0   6  15   2   1   0   2  29   0   0   0   8   2   0   0   1  0.65 0.47
   15 M    1  0  0  0 -1  1  0 -1  0 -1  1  2  0 -1 -3  0 -2 -4  0 -1   13   6   5   5   2   6   5   4   2   3  18  14   3   2   0   5   1   0   3   4  0.10 0.15
   16 G    0 -6  0 -2 -2 -4 -3  7 -4 -8 -8 -2 -7 -3 -7 -1 -4 -7 -4 -3    9   0   4   3   1   1   2  69   0   0   0   2   0   1   0   4   1   0   1   2  1.60 0.83
   17 V    5 -5 -5  2  0 -3 -2 -5 -5  1 -2 -5 -4  2 -5 -3 -3 -3  1  2   41   0   0  11   2   1   3   0   0   8   4   0   0   9   0   1   2   0   4  13  0.71 0.51
   18 T    0 -2 -2  2 -7  2  5 -2 -3 -6 -6 -2 -3 -2 -5  2  1 -7 -2 -6    7   2   1  12   0   7  36   3   0   0   0   2   1   2   0  15   9   0   1   0  0.79 0.57
   19 A    5 -6 -5 -2  3 -3 -2 -3 -6  0 -2 -2 -1 -3 -6 -2 -2  3 -2  3   46   0   0   2   5   1   2   2   0   4   4   2   1   1   0   2   2   4   2  19  0.86 0.57
   20 E    1 -1 -2  3 -4 -1  6 -6 -2 -6 -6 -4 -4 -6 -6 -1 -3 -8 -5 -1   12   3   2  14   0   2  51   0   1   0   1   1   0   0   0   5   2   0   0   5  1.21 0.75
   21 I   -1 -7 -8 -7 -2 -7 -2 -7 -4  5  2 -7 -3 -3 -7 -6 -4 -7 -3  5    5   0   0   0   1   0   3   0   1  28  16   0   0   1   0   0   1   0   1  43  1.34 0.71
   22 Y    0  0 -2 -2 -5 -3 -4 -2 -2  1 -2 -4 -3  4 -6  1 -2 -4  7  0    9   5   2   2   0   1   1   3   1   7   5   0   1  14   0  11   2   0  31   5  0.79 0.52
   23 S    0  1 -1 -2 -2  0  1  0 -1  1 -1 -1  1  1 -4  0 -1  2  3  1    9   7   2   2   1   5  11   7   1   8   4   3   3   7   0   6   2   3  10   9  0.12 0.16
   24 V    0 -2  1 -2 -3  0  0  2 -4  0 -2 -3 -1 -5 -5  3  1 -6 -2  2    7   3   6   1   0   4   6  13   0   5   3   1   2   0   0  24  10   0   2  13  0.33 0.33
   25 E   -4  4  0  0 -6  1  4 -4  1 -3 -5  3 -4 -4 -6  2 -2 -7 -5 -3    1  20   5   5   0   6  22   1   3   1   1  17   0   1   0  13   2   0   0   2  0.71 0.51
   26 V   -1  0  1 -1 -6 -2  0  2 -4 -2 -4 -1 -1 -5 -5  4  1 -7 -4  0    4   6   6   4   0   2   7  14   0   2   2   4   1   0   0  32   8   0   0   7  0.47 0.42
   27 S   -1  2  0 -3 -5  0  1 -1 -1 -2  1  0 -3 -1 -5  1  4 -4 -3 -1    5  11   4   1   0   3  10   4   2   2  14   7   0   2   0   9  23   0   1   3  0.30 0.30
   28 S   -1 -2  2 -4 -4 -1  0  0  0 -5 -3 -3 -2 -6 -3  6  0 -7 -5 -4    4   2   9   1   0   3   7   8   2   0   3   1   1   0   2  49   6   0   0   1  0.91 0.65
   29 I   -2 -7 -6 -6 -5 -7 -7 -5 -6  4  1 -5 -2  1 -7 -4  0 -2 -1  5    4   0   0   0   0   0   0   1   0  23  14   1   1   6   0   1   5   1   2  40  1.09 0.60
   30 Q   -2  3  1  1 -6  1  2 -2 -2 -3 -4  0 -3 -1 -5  3  1 -6 -4 -2    2  14   7   6   0   6  13   3   1   1   1   6   1   3   0  22   9   0   0   3  0.42 0.38
   31 Y   -2 -6 -7 -8 -6 -3 -7 -6 -6  3  1 -6 -1  4 -7 -5 -1 -2  2  5    4   0   0   0   0   1   0   0   0  14  13   0   1  19   0   1   4   0   6  35  1.07 0.60
   32 K    1  5 -1  2 -4 -1  2 -5 -1 -7 -6  1 -6 -4 -6  0 -1 -7 -2 -2   10  34   3   9   0   2  15   1   1   0   0   7   0   1   0   8   3   0   1   3  0.80 0.55
   33 K    0  1  4  2 -5  1  1 -1  0 -5  1  1  1 -4 -5 -2 -3 -4 -2 -4    7   8  22   9   0   6   7   5   2   0  13  10   4   1   0   2   1   0   1   0  0.42 0.36
   34 D   -3 -1  4  0 -1 -1  0  5 -4 -7 -5 -2 -4 -8 -6  0 -2 -8 -6 -8    2   4  20   5   1   3   5  46   0   0   1   2   0   0   0   6   2   0   0   0  1.12 0.67
   35 R   -1  3 -1  0 -6  2  5 -4 -3 -3 -5  4 -4 -6 -6 -2 -1 -7 -5 -2    4  13   3   5   0   7  31   1   0   2   1  21   0   0   0   3   4   0   0   3  0.79 0.55
   36 Q   -3 -4 -7 -5 -6 -4 -5 -8 -4  4  3 -5  1 -2  0 -4 -2 -7 -6  5    2   1   0   1   0   1   1   0   1  23  25   1   3   2   5   1   2   0   0  32  1.01 0.58
   37 A   -4 -1 -3  3 -8 -1  5 -4 -1 -5 -6  2 -7 -4 -6  1  0 -4 -3 -4    1   3   1  15   0   2  42   1   1   1   1  13   0   1   0   9   6   0   1   2  1.01 0.66
   38 H   -2 -1  2  0 -4  3  2 -2  0 -3 -3  0 -2 -3 -5  1  3 -4 -3 -1    3   4  10   6   0  15  13   3   2   1   2   6   1   1   0   9  17   0   1   6  0.39 0.36
   39 F    1 -4 -1 -5 -2 -4 -5 -3 -3  3  1 -4 -1  1 -3  0  0 -5  2  3   13   1   4   0   1   0   0   2   0  14  15   1   1   5   1   6   5   0   8  22  0.43 0.32
   40 F   -3 -1 -1 -2 -7  2  5  0 -2 -3 -5  3 -3 -3 -6  1  0 -5 -4 -2    2   4   3   2   0   8  32   9   1   1   1  15   1   1   0  12   6   0   1   3  0.64 0.49
   41 N    0  2  0 -2 -2  1  1 -2  3 -1 -1 -1 -2  2 -4  2  1 -3  1 -1    8  10   4   2   1   6   7   2   6   4   5   2   1  10   0  15   8   0   5   4  0.19 0.22
   42 L    1 -1  3 -1 -4 -1 -1 -1  1 -3 -3  0 -3 -4 -5  4  0  3 -2 -2   10   3  15   2   0   3   4   5   3   2   2   5   0   1   0  28   6   4   1   4  0.45 0.39
   43 R   -2  2  1  0 -5  2  3 -2  1 -1 -3  1 -4  1 -4  1  0 -5 -2 -1    3  10   7   4   0   9  19   2   3   4   2   8   0   5   0  12   7   0   2   4  0.31 0.30
   44 D   -2  0  1  4 -3 -1  2  0 -1 -2 -5 -1 -5 -3 -4  3  0 -4 -2 -2    2   5   6  26   0   3  11   6   1   2   1   4   0   1   1  21   4   0   2   2  0.53 0.41
   45 T   -1  1  0 -1  0  2  1  1 -2 -1 -1  1 -1  1 -3  1  0 -2 -1 -1    4   9   3   3   2  11  10  11   1   3   5   9   1   6   0  10   6   1   2   4  0.13 0.16
   46 G    0 -3  0  1 -5 -2 -1  5 -3 -5 -6 -1 -4 -3 -6  1 -2 -4 -5 -2    9   1   4   8   0   1   3  46   1   1   1   4   1   1   0  12   3   0   0   3  0.85 0.54
   47 Y   -1 -6 -7 -7 -2 -6 -7 -4 -5  4  4 -5  1  2 -7 -5  0 -6  1  3    5   0   0   0   1   0   0   1   0  22  32   1   3   7   0   0   6   0   5  16  0.85 0.49
   48 G    1 -4 -2 -2 -2 -4 -2  5 -5 -3 -6 -5 -4 -3 -6  2  1 -7 -2 -2   12   1   2   3   1   1   3  46   0   2   0   0   0   2   0  15   7   0   2   3  0.92 0.58
   49 L   -4 -8 -9 -9 -7 -8 -8 -9 -8  5  4 -8 -1  0 -8 -6 -6 -8 -5  5    1   0   0   0   0   0   0   0   0  29  32   0   1   4   0   0   0   0   0  32  1.52 0.77
   50 R   -6  8 -4 -6 -7 -1 -4 -8 -4 -6 -6 -1 -5 -2 -8 -1  3 -8 -1 -6    1  64   1   0   0   2   1   0   0   0   1   3   0   2   0   4  17   0   3   0  1.92 1.03
   51 V    1 -8 -8 -8 -4 -7 -8 -1 -8  1  2 -6 -5 -5 -8 -2 -3 -8 -5  6   10   0   0   0   0   0   0   6   0   5  17   0   0   0   0   4   2   0   0  55  1.32 0.75
   52 I   -1 -4 -6 -7 -4 -6 -4 -4 -3  4  2 -4 -3  4 -7 -2 -3  5  5  1    5   1   0   0   0   0   1   1   0  19  17   1   0  14   0   3   1   8  19   8  0.88 0.52
   53 K   -2  2  0 -1 -1 -2 -2 -4  0  1 -1  4 -2  2 -5 -3 -3 -4  2  3    3   9   4   3   1   1   2   1   3   7   5  24   1   8   0   2   1   0   6  18  0.41 0.33
   54 D   -4 -4  3  5 -8 -1  1  5 -5 -8 -9 -1 -8 -9 -6 -3 -6 -9 -8 -8    1   1  14  26   0   3   8  40   0   0   0   5   0   0   0   2   0   0   0   0  1.32 0.76
   55 G   -4  0  2 -2 -8  3 -2  5  0 -8 -7  3 -7 -6 -6 -3 -4 -8 -5 -8    1   5  10   2   0  11   3  43   2   0   0  19   0   0   0   2   1   0   0   0  1.16 0.71
   56 K   -1  6 -1 -6 -1  0 -4 -2 -2 -8 -5  5 -7 -4 -7  0 -4 -8 -5 -7    4  43   3   0   1   4   1   4   1   0   1  29   0   1   0   6   1   0   0   0  1.37 0.79
   57 V   -2 -1 -5 -6 -4  1 -4 -6 -1  2 -1  2  3 -2  0  0  0  6  0  2    3   4   0   0   0   5   0   0   2  10   6  15   7   1   5   7   7   9   3  16  0.44 0.36
   58 G    3 -8 -7 -6 -5 -7 -8  7 -5 -5 -7 -7 -6 -3 -8 -3 -5 -8 -3 -4   20   0   0   0   0   0   0  70   0   1   0   0   0   2   0   2   1   0   1   2  1.96 1.01
   59 F   -3 -4  0 -4  0 -4 -6 -4 -1  1 -2 -4 -1  5 -6  3  1 -5  3  1    1   1   4   1   2   1   0   2   2   8   3   1   1  24   0  21   7   0  10  11  0.72 0.49
   60 A    5 -6 -6 -7 -1 -5 -6 -4 -6  0 -4 -5 -3 -1 -6  3  1 -7 -1  2   44   0   0   0   1   0   0   1   0   4   2   0   1   3   0  19   7   0   2  14  0.98 0.66
   61 H   -2 -3 -4 -6 -4 -4 -5 -4  1 -2 -5 -4 -5  1 -7  5  2 -6  6 -3    4   1   1   0   0   1   1   1   3   2   1   1   0   5   0  43  12   0  21   2  1.21 0.78
   62 S    1 -5 -6 -6 -2 -6 -5  0 -7  2 -3 -6 -4 -3 -6  3  6 -8 -7  0    9   0   0   0   1   0   0   7   0   9   3   0   0   1   0  21  41   0   0   5  1.06 0.71
   63 N   -1 -5  4  1 -7 -4  2 -2 -2 -6 -7 -3 -7 -8 -2  3  4 -8 -5 -5    4   0  20   8   0   1  13   3   1   0   0   2   0   0   2  24  21   0   0   1  0.90 0.64
   64 L   -2  0  1  6 -3 -1  1 -1 -4 -2 -3  1 -6 -4 -3  1 -1 -7 -4 -1    4   4   5  37   1   2   9   5   0   3   4   7   0   1   1   9   3   0   0   5  0.63 0.45
   65 L   -2 -3 -3 -1 -4 -5 -2 -5 -4  1  4 -3  1  4  0 -2 -1 -6 -3 -1    3   2   1   4   0   0   3   1   0   8  41   2   3  14   6   3   4   0   0   3  0.61 0.42
   66 D   -3 -2  1  5 -7 -2  1 -1 -4 -5 -6 -3 -7 -4  0  4  0 -6 -7 -7    2   2   6  31   0   1   8   4   0   1   1   1   0   1   4  30   6   0   0   0  0.94 0.65
   67 D   -3 -1 -1  4 -8  0  5 -4 -3 -4 -4  1 -4 -6  3 -4 -4 -2 -5 -5    3   4   2  23   0   4  32   1   1   1   2   7   1   0  15   1   1   1   0   1  0.93 0.63
   68 S    2 -1  1  3 -5  0  4 -2 -3 -4 -3  2 -4 -5 -4  0 -1 -4 -5 -4   17   3   5  13   0   4  28   3   0   1   2  10   0   0   1   6   3   0   0   1  0.58 0.45
   69 L    4 -3 -2 -2  1 -3 -1 -1 -5 -1  2 -3  2 -1 -4  0  1 -6 -3 -1   30   1   2   2   2   1   3   6   0   3  21   2   5   3   0   7   8   0   1   4  0.41 0.35
   70 L    0 -6 -8 -6 -3 -7 -5 -7 -8  5  3 -6 -3 -1 -6 -6 -6 -7 -5  5    7   0   0   0   1   0   1   0   0  29  22   0   0   2   0   0   0   0   0  34  1.30 0.70
   71 E   -1  2  0  2 -8  2  5 -5 -4 -7 -5  3 -5 -8 -6 -2 -2 -8 -2 -6    5   9   5  11   0   7  38   1   0   0   2  14   0   0   0   2   2   0   2   0  0.98 0.65
   72 M    2  4  0  0 -6  2  1 -5 -3 -4 -2  3  1 -3 -6 -2 -1  0 -4 -4   15  25   5   5   0   9   7   1   1   1   4  15   3   1   0   2   3   2   0   1  0.58 0.44
   73 A    7 -6 -7 -8  0 -7 -5 -3 -8 -4 -1 -7 -2 -4 -7 -2 -1 -8 -6 -1   74   0   0   0   2   0   1   2   0   1   7   0   1   1   0   2   5   0   0   5  1.73 0.97
   74 I   -2 -2 -7 -6  2 -5 -1 -6 -7  4  3 -2  2 -2 -7 -5 -4 -1  0  3    3   2   0   0   3   0   5   1   0  24  26   3   4   1   0   1   1   1   3  22  0.81 0.49
   75 E    3 -1  1  3 -5  1  4 -5 -3 -5 -5  3 -4 -5 -5  0 -3 -7 -6 -5   21   4   6  14   0   5  22   1   1   1   1  16   0   1   0   7   1   0   0   0  0.71 0.52
   76 T    0 -3  3 -4 -2 -1 -2 -4 -3  4  1 -4  5 -4 -6  1  0 -6 -4 -2    8   1  12   1   1   3   3   1   0  21  15   0  14   0   0   9   6   0   0   2  0.58 0.43
   77 M    6 -6 -5 -7 -1 -7 -6 -5 -7 -3  0 -6 -1 -4 -7  1 -1  0 -4 -3   66   0   0   0   1   0   0   1   0   1  10   0   1   1   0   9   4   1   1   2  1.49 0.88
   78 K   -1  5 -1 -4 -5  1  0 -4 -1 -4 -4  5 -3 -4 -4 -2 -4 -7 -2 -2    6  30   3   1   0   6   7   2   1   1   2  31   1   1   1   4   1   0   2   3  0.93 0.60
   79 L    0 -5 -2 -4 -3 -2  0 -3  1  2  2 -3  0  2 -6 -1 -2 -3  4  1    7   0   3   0   0   2   6   2   3  11  21   2   2   9   0   4   2   0  14  11  0.38 0.30
   80 S    3 -2  2 -1 -5 -2 -2  0 -5 -2 -1 -4 -1 -4 -5  3  4 -7 -5 -1   21   2   9   3   0   2   2   7   0   3   6   0   2   1   0  18  21   0   0   3  0.52 0.44
   81 K    1 -3 -1  0 -5  1  1 -2 -4 -4 -6  1 -6 -6  5  2 -2 -7 -6 -3   13   2   3   6   0   5  10   4   0   1   1   8   0   0  25  17   3   0   0   2  0.62 0.48
   82 E   -1 -1 -3  1 -5  0  5 -3 -3 -4 -6  0 -6 -6  4  0 -3 -7 -4 -2    5   3   1   6   0   3  39   3   1   1   0   6   0   0  17   7   2   0   1   3  0.88 0.61
   83 D   -3 -5  1  7 -8 -2  2 -5 -6 -5 -6 -4 -7 -6 -3 -2 -2 -8 -6 -1    3   1   7  60   0   2  13   1   0   1   1   1   0   0   2   3   3   0   0   4  1.62 0.88
   84 K   -2 -2 -2  1 -5 -1  3 -3 -4 -3 -3  1 -6 -3  6 -2 -1 -7 -3 -2    4   2   2   7   0   2  19   2   0   2   3   8   0   1  36   3   4   0   1   3  0.86 0.59
   85 F    0 -5 -3 -2  4 -2  0 -3  1  0 -1 -4 -3  4 -1 -3 -3  5  5 -1    8   1   1   2   8   2   7   3   3   5   6   1   1  16   4   2   1   8  18   3  0.63 0.41
   86 N    2  0  2 -1 -1  0  2 -1  0 -1 -2 -2 -3  0 -1  1 -1 -1  1  0   20   5  10   3   1   4  12   3   2   4   3   2   0   4   3   9   3   1   5   6  0.16 0.19
   87 V   -1 -2 -3 -1 -2 -3 -1  4 -2  0 -1 -2  1  1  0  0 -1 -5 -1  0    4   3   1   3   1   1   3  35   1   7   7   2   3   5   4   8   3   0   3   6  0.38 0.30
   88 L   -1 -5 -3 -5 -6 -5 -4 -4 -4  2  5 -6  1  3  0 -2 -3 -2 -1  0    5   1   1   1   0   0   1   2   0  11  47   0   2  11   5   3   1   1   2   5  0.82 0.50
   89 P    4 -3 -2 -3 -3 -3 -1 -2 -5 -6 -4 -2 -5 -4  6  0 -4 -4 -4 -4   30   2   2   2   1   1   4   3   0   0   2   2   0   1  39   6   1   0   1   2  1.16 0.74
   90 Y   -1 -2 -1  4 -1 -1  2  1 -2 -2 -3 -1 -2 -2  2  0 -1 -4  1 -2    4   2   3  23   1   3  13  11   1   2   3   3   1   1  11   6   3   0   4   4  0.36 0.31
   91 S    1 -1 -1 -1 -4 -1  0 -1 -2 -3 -3  2 -4 -3  5  0 -2 -7 -2 -1   13   4   3   4   0   3   6   6   1   2   2  11   0   1  28   7   3   0   2   5  0.48 0.39
   92 K    0 -1  0  2 -3  2  3  0  0 -4 -5  2 -4 -3 -1  1 -2 -3 -3 -4    8   3   3  10   1  10  20   8   2   1   1  14   0   1   3   9   2   0   1   1  0.41 0.36
   93 P    0  1 -2  0 -2  2  1 -2 -2 -2  1  1 -3 -5  4  0 -1 -6 -2 -2    6   7   2   5   1   8  11   3   1   2  13  10   0   0  18   6   3   0   1   2  0.30 0.29
   94 V   -1 -2 -2 -3 -3  0 -1 -3 -3  0  2  0  3  1 -2 -2  0 -2  4  1    4   2   2   1   1   4   4   2   0   5  21   6   7   6   2   3   5   0  15   8  0.29 0.26
   95 N    1 -1  1  2 -5  0  0  0  0 -3 -3  1 -2 -2  2  0  0 -5  2 -3   14   4   7  11   0   3   6   6   3   1   2   8   1   1  11   6   5   0   8   2  0.24 0.25
   96 K    0  1  0  1 -1  0  1 -3  0 -1 -2  2 -1 -1  1  0  1 -1  1  0    7   9   4   6   1   3   9   2   2   3   4  14   2   2   8   5   8   1   6   6  0.12 0.15
   97 I   -1 -1 -2 -1 -5 -2 -1 -2  0  2  1  0  0 -1  4 -2 -1 -2  0  1    6   3   2   4   0   2   5   3   2  10  11   6   2   2  22   2   4   1   3  11  0.31 0.26
   98 N   -1 -1  2  5 -7 -2  2 -1 -2 -3 -3  0 -4 -5 -1  0 -2 -7 -2 -3    6   4   8  33   0   1  14   4   1   2   3   7   0   0   3   8   3   0   1   2  0.62 0.45
   99 L   -2 -3 -2 -2 -2 -2 -1 -2 -2  2  4 -2  0 -1  1 -2  0 -1 -1  1    2   1   2   2   1   2   5   4   1  10  35   3   2   3   8   3   6   1   2   8  0.34 0.28
  100 K   -1  1  0  3 -2  0  2 -2 -2 -3 -2  2 -3  0  0 -1 -1 -4  2 -3    6   6   4  19   1   4  12   3   1   1   4  12   1   4   5   4   4   0   7   2  0.28 0.26
  101 F   -1 -2 -1  3 -4 -1  0 -3 -1  0  3  0 -1  1 -2  0 -1 -4  0 -1    4   2   3  15   0   2   6   2   1   4  27   5   1   5   2   9   4   0   3   4  0.21 0.22
  102 F   -1 -2 -2 -1  1 -2 -1 -4  0  0  0 -1 -1  4  1 -1 -1 -1  4  1    6   2   2   4   3   1   4   1   2   5  11   5   1  16   9   5   3   1  13   9  0.26 0.23
  103 D   -2 -3  0  6 -7 -3  1 -4  5 -6 -5 -2 -7 -4  1  1 -2 -3 -1 -4    4   2   4  38   0   1  10   1  12   0   1   2   0   1   8  10   2   1   2   1  0.97 0.62
  104 I    0 -2 -3 -1 -5 -3  0 -5 -5  2  2 -2 -2  0  5 -2  0 -2 -5  0    7   2   1   4   0   1   5   1   0  10  17   3   1   3  27   3   7   1   0   6  0.51 0.39
  105 E    0 -2 -1  3 -5  0  4 -5 -3 -2 -2  0 -3 -2 -1  0  0  5 -3 -2    9   2   3  15   0   4  24   1   0   3   4   5   1   2   3   7   6   8   1   2  0.48 0.40
  106 E    0 -1  1  2 -5  0  4 -3 -1 -1 -2 -1 -1 -5 -1  0  0 -2 -5 -1    8   3   5  12   0   5  28   2   2   4   3   3   2   0   3   8   6   1   0   5  0.40 0.35
  107 V    0 -2 -3 -2 -2 -2 -3 -3 -4  2  3  2  1 -2  1 -2 -1 -3 -1  2    8   1   1   2   1   1   2   1   0  13  25  11   3   1   7   3   4   0   2  12  0.29 0.25
  108 R    0 -1  0  2 -4 -1  0 -3 -1  2 -1  0  0 -3 -1  1  1 -3 -2  1    6   3   4  10   0   3   7   1   2  14   5   6   2   1   4  12   8   0   1  12  0.15 0.18
  109 E    0 -4 -1  4 -6  1  5 -4 -3 -3 -4 -1 -5 -7 -1 -1 -3 -8 -2 -5    8   1   3  22   0   5  40   2   0   2   2   4   0   0   3   4   1   0   1   1  0.97 0.65
  110 K   -1  1 -2  2 -4  1  2 -3 -1 -1  0  2  1 -1 -2 -2 -1  1 -1 -2    6   9   2  11   0   7  15   2   2   3   9  14   3   3   2   3   4   2   2   2  0.22 0.23
  111 L    4 -3 -5 -4  0 -4 -4 -1 -6  1  3  0  2 -2 -1 -3 -3 -3 -4  0   31   2   0   1   2   1   1   6   0   7  25   7   5   1   3   1   1   0   0   6  0.53 0.41
  112 L    0 -1 -2 -3 -2 -1 -1 -3 -1  4  2  1  1 -2 -3 -2 -1 -5 -4  1    7   3   2   1   1   3   5   3   2  22  21   9   3   2   1   2   3   0   0  11  0.31 0.25
  113 E    1  1  0  3 -7  0  5 -4 -2 -3 -3  1 -2 -4 -4 -1 -2 -7 -2 -3   13   7   5  13   0   4  33   1   1   2   3   8   1   1   1   4   2   0   1   2  0.62 0.47
  114 F    2 -2 -4 -4  0 -3 -2 -2 -4  2  4 -3  3  0 -5 -3 -1  0 -1  0   16   3   1   1   2   1   3   3   0  10  34   2   8   4   0   1   3   2   2   5  0.49 0.36
  115 S    3 -2 -3 -1 -1 -2  3 -1 -4  1  0 -2 -1 -3 -5  0 -1 -6 -2  0   28   2   1   3   2   1  20   5   0   7   8   3   1   1   0   6   3   0   2   8  0.37 0.34
  116 K    2  3 -1  1 -5  0  1 -3 -2 -2  0  4 -2 -4 -5  0 -3 -7 -4 -4   16  13   3   7   0   4  11   1   1   2   8  24   1   1   0   6   1   0   0   1  0.48 0.39
  117 Q    2  1 -2  0 -4  1  2 -1 -3  0  0 -1  0 -3 -4  1  0 -3 -2 -2   21   9   1   5   0   5  14   4   0   6   9   4   3   1   0   8   5   0   1   2  0.22 0.25
  118 T    4 -3 -5 -5  4 -4 -3 -2 -2  3  1 -4  3 -5 -5 -2  0 -2 -4  1   29   2   0   1   7   0   2   3   1  13  15   0   8   0   0   2   5   1   0  10  0.61 0.43
  119 E    0  2 -1 -1 -3 -1  5 -3 -3  0  0  1 -1 -2 -4 -2 -3 -4 -2 -2    7  11   2   4   1   2  33   2   1   7  11   7   1   2   0   2   1   0   1   3  0.48 0.39
  120 E    2  0 -1  1 -6  2  4 -1 -2 -3 -3  1 -5 -5 -2  1 -2 -6 -5 -5   15   4   2   9   0   8  27   5   1   1   3   8   0   0   2   9   2   0   0   1  0.51 0.42
  121 A    4 -1 -1  1 -2 -2 -1 -1  0 -1  0  1 -2 -3 -3  0 -1 -3 -3  1   32   3   3   9   1   2   3   5   2   3   8   8   1   1   1   6   3   0   1   9  0.29 0.28
  122 K    2  0 -1  1 -1 -1  1 -2 -1 -1 -2  3 -3 -2  1  0 -2 -5  0 -1   19   5   2   9   1   2   8   3   2   3   5  16   0   2   7   7   1   0   3   4  0.21 0.23
  123 D    0  4  0  1 -3 -2  1  1  0 -4 -2  1 -4 -3  1  0 -3 -6 -3 -3    8  21   4   9   1   1  10  11   2   1   5   7   0   1   8   6   1   0   1   2  0.33 0.29
  124 Y    0  0  0  1 -2 -1 -1 -1  0  3 -1  0 -2 -1 -2 -1 -1 -3  0  2    6   5   5   7   1   3   4   5   2  19   3   6   0   2   2   5   3   0   4  18  0.15 0.17
  125 A    2 -1 -3  1  1 -2  0 -1 -4  2 -2  1 -3 -3 -1  1  1 -4 -3  1   15   3   1   8   3   1   5   4   0  13   3  10   0   1   3  11   8   0   1  12  0.21 0.23
  126 N   -2  2  3  0 -3  2 -1  1 -2 -1 -2  1 -1 -3 -3  1  0 -4 -2 -1    3  12  17   6   0   8   4   9   0   4   4   9   2   1   1   9   5   0   1   5  0.25 0.24
  127 V   -1  1 -4 -4 -5 -1 -3 -4 -6  4 -1 -3 -2 -2 -2  2  1 -3 -4  4    5   7   1   1   0   3   1   1   0  20   6   1   1   1   3  17   7   0   0  26  0.56 0.41
  128 V    1  0 -1  0  2 -1  1 -2 -2  1 -1 -1  0 -2  1  0  1 -3 -2  2   10   5   3   5   4   3   8   3   1   6   5   3   2   1   7   6  10   0   1  17  0.11 0.14
  129 N    0 -2  4 -1 -5 -1 -1  3 -1 -3 -4 -1  0 -2 -5  3  0 -6  2 -5    8   2  17   3   0   2   3  18   1   1   1   3   3   1   0  22   6   0   8   0  0.53 0.43
  130 E    3 -3  1 -4  0 -4 -3  4 -2 -3 -2 -4 -3 -3 -4  2  0 -6 -4  0   26   1   5   0   2   0   1  26   1   2   4   1   0   1   1  15   5   0   1   6  0.61 0.45
  131 Y   -1  0 -1  0 -3 -2  1  3 -1 -3 -3 -2  0  0 -4  3  0 -5  2 -1    5   4   2   4   0   1  11  19   1   2   3   2   3   4   0  22   5   0   6   5  0.31 0.30
  132 Y    1 -5 -4 -5 -2 -5 -5  1 -2  1  1 -4 -1  3 -6 -2 -2  3  5  1   11   0   1   0   1   0   0  11   1   9  15   1   1  10   0   3   3   3  19  10  0.57 0.39
  133 E    1 -2  0  0 -1  1  1  1 -1 -3 -2 -2 -2  0 -5  3  0 -3  0 -2   12   2   4   6   1   5  11  11   2   1   3   2   1   4   0  23   6   0   3   2  0.27 0.29
  134 A    1 -1 -1  2  2 -1  1  0  1 -2 -1 -1 -2 -1 -4  2  0  0  0 -1   10   3   1  13   5   2  11   6   3   2   5   4   1   3   0  14   7   1   4   4  0.16 0.19
  135 V    0  0  0 -1 -4  0  0  2  0 -1 -2 -1 -1  1 -4  2  0 -3 -1  0    6   4   4   3   0   4   8  16   2   4   3   2   1   6   0  18   7   0   3   9  0.18 0.21
  136 N   -2  1  1  0 -3  0  1 -2  2 -1 -2  0 -1 -1 -3  1  0  3  1  0    3   9   8   5   0   4  10   3   6   4   4   4   1   3   1  11   6   4   5   8  0.15 0.17
  137 S    0  0  0 -1 -5 -1  1  2 -2 -1 -3 -1 -2 -1 -5  3  1 -5  1  0    6   6   5   3   0   2   8  16   1   4   2   3   1   3   0  21   7   0   4   8  0.25 0.27
  138 K   -2  2  0 -1 -6  1  3 -1  4 -3 -4  1 -2  1 -5  0  1 -5  1 -2    2  11   4   3   0   7  18   5   9   1   1   9   1   5   0   7   8   0   5   3  0.35 0.31
  139 I   -2  2 -2 -2 -3 -1 -1 -4 -2  2 -1  0  0  2 -5  0  1  0  2  3    2  11   2   2   0   3   3   1   1  11   6   7   2   7   0   8  10   1   6  18  0.25 0.24
  140 K    1  2 -2 -3 -1 -2 -1  1  2  0  0 -1 -1  1 -4  0  0  1  2  1   12  11   1   1   1   1   4  11   5   6   8   3   1   5   0   6   5   2   7  11  0.13 0.16
  141 I   -5 -7 -6 -8 -2 -6 -7 -8 -5  5  4 -7  1  2 -8 -5 -5 -5  4  2    0   0   0   0   1   0   0   0   0  29  31   0   4   7   0   1   1   0  14  11  1.22 0.65
  142 I    3 -1 -5 -4 -2 -3 -2  1 -5  2  0 -1  1  0 -5 -2  0 -4  0  2   26   4   0   1   1   1   2  10   0  10   9   3   4   3   0   3   5   0   3  15  0.33 0.28
  143 S   -2 -2  8 -1 -8 -6 -6 -6 -4 -6 -8 -5 -6 -6 -8  2  3 -9 -8 -8    4   2  61   3   0   0   0   0   0   0   0   0   0   0   0  12  15   0   0   0  2.00 1.06
  144 T   -4 -6 -4 -4 -5 -7 -5 -7 -4 -6 -7 -5 -8 -9 -5  7  4 -9 -5 -7    1   0   1   1   0   0   1   0   0   0   1   1   0   0   1  70  22   0   0   0  2.08 1.17
  145 E   -1  0  4  1 -3  1  2 -4  5 -6 -1  2 -5 -3 -5 -1 -1 -4 -1 -6    5   4  20   7   1   6  14   1  14   0   7  11   0   1   0   4   4   0   2   0  0.62 0.44
  146 G   -6 -7 -4 -2 -9 -6 -5  8 -8 -10 -10 -7 -9 -9 -8 -5 -8 -9 -7 -9    0   0   1   3   0   0   1  92   0   0   0   0   0   0   0   1   0   0   0   0  2.80 1.29
  147 M    0 -1 -3 -5 -5 -3 -4 -4 -2  1  2 -4  2  5 -6 -1  0 -5 -3  2    8   3   2   1   0   1   1   1   1   6  22   1   5  23   0   5   6   0   0  15  0.60 0.39
  148 D   -1  0  1  2  0 -2  3 -5  1 -1  1 -2  0  2 -5  0 -3 -4 -1 -1    5   4   6  13   2   1  19   0   4   4  14   1   2   9   0   8   1   0   2   3  0.30 0.28
  149 V    2 -1 -2 -4  3  0 -4  3 -2  1  0 -3 -1 -1 -5 -3 -3 -5  0  2   16   4   2   1   6   4   1  23   1   8  11   2   1   2   0   1   1   0   4  13  0.38 0.31
  150 E   -1  0 -1 -3 -2  0  3  1  2 -4 -5 -1 -3  0 -5  3  0  1  2 -3    6   6   2   1   1   4  17  12   4   1   1   4   1   3   0  20   6   2   8   2  0.37 0.35
  151 E   -3 -2  0  1 -4  2  2 -3  2 -5 -4 -3 -2  1 -7 -1 -2  1  7 -4    3   3   4   8   0   8  13   2   5   1   2   1   1   5   0   6   3   2  33   2  0.86 0.57
  152 E    0  2 -1 -1  0  1  3 -3  0 -2 -4  2 -1 -4  1  1  0 -5 -4 -2    8  12   3   3   2   7  17   1   2   3   2  13   2   1   6  11   5   0   0   3  0.31 0.29
  153 R    0  3 -1  0 -3  0 -1  1 -1 -3 -3  0 -3 -2 -5  3  0 -1  2 -2    6  16   2   4   1   4   4  11   1   1   3   6   1   2   0  22   5   1   6   3  0.32 0.31
  154 S   -3 -3  1 -3 -2 -2 -4 -1 -2 -5 -5 -5 -4 -5 -1  4  5 -8 -2 -3    1   2   6   1   1   2   1   6   1   1   1   0   0   1   4  32  36   0   1   2  1.05 0.72
  155 L   -1  4  0 -1  0  0 -2  0  0 -1  0 -1  0  1 -5  2 -1  0  2 -2    5  22   4   3   2   4   2   6   2   3   8   3   2   5   0  14   4   1   8   3  0.25 0.25
  156 V    1 -2 -3 -4  2 -3 -5 -3  5  0 -1 -5  0  4 -6 -1 -1 -4  3  2   11   2   1   1   4   1   0   2  15   5   6   0   2  15   0   6   3   0  11  15  0.59 0.39
  157 G    0 -1  0 -1 -3 -2 -2  2 -2 -3 -4 -4  0 -1 -6  5  0 -2  2 -3    6   4   5   4   0   2   2  16   1   1   1   0   2   3   0  36   6   1   7   2  0.60 0.48
  158 M    0 -2 -3 -6  2 -4 -6 -1 -2  3  3 -5  2  3 -6 -2 -2 -4  1  1    9   2   1   0   5   1   0   5   1  15  25   0   4  12   0   2   3   0   5   9  0.48 0.32
  159 S   -1 -3 -2 -3 -5 -3 -2  0 -1 -3 -4 -4 -2  2 -6  5 -1  1  5 -3    4   1   2   2   0   1   3   8   1   1   1   1   1   8   0  39   4   2  18   2  0.86 0.60
  160 I    1 -4 -4 -6  6 -5 -5 -3 -6  3  2 -6  2  1 -6 -3 -1 -3 -1  3   11   1   1   0  16   0   1   3   0  15  16   0   4   5   0   2   3   0   2  19  0.73 0.43
  161 V    0 -2 -1 -2  1 -2  1 -2 -3 -1 -2 -4  2 -3 -5  4  2 -6  2  1    7   3   3   2   3   1   8   3   1   4   4   1   5   1   0  29  11   0   6  10  0.41 0.38
  162 Y    3 -5 -6 -7 -1 -6 -5 -3 -4  0  0 -5  1  1  0 -2 -1 -6 -1  5   26   1   0   0   1   0   0   2   0   4   8   1   3   5   4   2   4   0   3  34  0.76 0.50
  163 N   -1  2 -1 -2 -5 -2 -1 -4 -3  4  0 -2  1  0 -6 -2 -1 -3 -4  3    4  11   3   2   0   1   5   2   0  26   9   2   3   3   0   3   4   0   0  19  0.48 0.33
  164 F    5 -2 -3 -4 -2 -4 -3  0 -1  0 -1 -2  0 -1 -5  0  1  3 -1  0   42   2   1   1   1   0   2   7   1   5   5   2   2   3   0   6   7   4   2   5  0.57 0.42
  165 K    0  1 -1 -1 -6  0  3  2 -3 -3 -3  3 -2 -1 -3  0 -2 -6 -5 -1    6   8   3   4   0   4  21  13   1   2   3  17   1   3   1   7   2   0   0   5  0.36 0.31
  166 I   -3  1  0  4 -4  1  3 -1  1 -2 -4  1 -4 -4 -5 -1 -1 -6 -4 -1    2   9   5  23   0   5  20   6   3   3   1   8   0   1   0   5   4   0   1   4  0.51 0.37
  167 G   -1 -4  2  1 -6 -2  1  6 -3 -7 -5 -1 -5 -7 -4 -1 -3 -6 -6 -6    5   1   9   9   0   2  10  49   1   0   1   4   0   0   1   5   1   0   0   0  1.06 0.60
  168 D   -2 -3  1  3 -6 -1  2  3 -4 -3 -5 -1 -2 -2 -4  0  1 -6 -3 -4    4   1   7  18   0   3  15  25   0   2   1   4   1   2   1   6   8   0   1   1  0.55 0.38
  169 Y   -1  0  1  2 -3  1  1  2 -2 -2 -1  1 -1 -2 -3  0 -1 -1  0 -1    5   5   6  11   1   6   9  16   1   2   6   9   1   2   1   7   4   1   4   4  0.15 0.14
  170 V   -1 -1 -1 -2 -4  1  0 -1 -3  0  0  0  6  0 -3  1  0  0 -3  1    5   3   2   2   0   6   6   5   0   4   7   6  20   4   1   9   6   2   1  10  0.32 0.26
  171 S    0  0 -3 -3 -5  3  2  1 -3 -3 -2  0  2 -3 -1  2  1 -5 -3 -3    6   6   1   1   0  15  14  10   0   1   5   6   6   1   3  15   7   0   1   2  0.33 0.31
  172 P    0  4 -2 -2 -4  2  1  0 -2 -4 -3 -2  3 -3  0  1  0  1 -3 -3    7  22   2   2   0   9   8   8   1   1   2   2   6   1   5  12   7   2   1   2  0.37 0.32
  173 E   -1  2 -2  3 -4 -1  1  2  0 -2 -3 -2 -2 -1 -3  1  0  0  0 -2    5  10   1  18   0   3   9  14   2   3   2   1   1   3   1  13   6   1   3   3  0.28 0.24
  174 I    1 -1  0  1 -2 -2 -1  2 -2  1 -1 -2  0  0 -3  1 -1  1  0  0   13   3   4   8   1   2   4  19   1   8   5   1   2   3   1  10   4   2   4   6  0.15 0.13
  175 Y   -1  0 -4 -4 -4 -3 -3  1  0 -5 -4 -4 -2  4 -6 -1 -2  4  7 -4    5   4   1   1   1   1   2  10   2   1   2   1   1  13   0   6   3   6  39   1  1.20 0.64
  176 E    1 -3 -3  4 -4 -1  2 -1  0 -4 -4 -2 -1 -2 -3  1 -1  6 -1 -1   12   1   1  20   0   3  14   5   3   1   1   2   1   2   1  11   3  12   2   4  0.55 0.39
  177 G   -1 -3 -2 -3 -1 -3 -5  3 -1 -2 -3 -3 -1  3 -6  1 -3  1  6 -1    5   2   2   1   1   1   1  21   1   2   3   2   1  11   0  11   2   2  27   4  0.77 0.49
  178 I   -1  1 -1  2 -2  0  0  0  0 -1 -1  0 -1  1 -3  1  2 -1 -1 -1    5   8   2  13   1   4   4   8   2   3   6   5   1   6   1  11  12   1   2   4  0.12 0.15
  179 S    0 -2  0  0 -1 -2 -2  1  0  1 -1 -1 -1 -1 -3  3  1 -1  0  1    9   2   4   5   1   2   2   9   2   7   4   3   1   2   1  22   9   1   3  10  0.19 0.21
  180 S    2  1 -1 -2 -2 -1 -2  2 -1 -3 -2  0 -2  0 -2  2  0 -2  0 -1   19   7   2   2   1   3   2  13   1   1   5   6   1   5   2  17   6   1   4   4  0.21 0.22
  181 R   -3  6 -1 -3  0 -1 -1 -4  0 -2  0  0 -2 -2 -3 -1 -2 -1  0 -2    3  43   3   2   2   3   4   1   2   3   9   6   1   2   1   4   3   1   3   3  0.77 0.50
  182 D   -1  2  1  4 -4 -2  0 -1  3 -2 -3  0 -2  1 -2  0 -2 -3  0 -1    4  10   7  21   0   1   7   5   7   2   2   7   1   6   2   7   2   0   3   4  0.32 0.25
  183 I    0 -2 -4 -2 -3 -2 -4 -2 -2  2  3 -4  0  4  0 -3 -3  2  2  0    7   3   1   2   1   2   1   3   1  11  23   1   2  19   6   2   1   3   6   6  0.44 0.28
  184 G    1 -1  1  3 -4 -1  1  0 -1 -2 -3  0 -3  0 -1  2 -2 -3 -2 -3   12   3   7  19   0   3   9   7   2   2   3   6   1   4   3  13   2   0   1   1  0.28 0.24
  185 K   -1  0  1  4 -5  0  2 -1 -2 -2 -2  2 -3 -3 -1 -1 -1 -3 -3 -3    6   6   6  26   0   4  13   5   1   2   4  11   1   1   3   3   3   1   1   2  0.42 0.31
  186 L   -4 -3 -2 -2 -4 -3  0 -5 -6  2  5 -2  1  2 -1 -3 -4 -3 -3 -1    2   1   2   3   0   1   7   1   0  10  48   3   3   8   3   2   1   0   1   4  0.75 0.45
  187 D    0  0  2  5 -4 -1  3 -3 -2 -2 -2  0 -4 -2 -1 -1 -3  0 -4 -3    8   4   8  30   0   3  16   2   1   3   4   5   0   2   3   5   2   1   0   2  0.53 0.37
  188 V    1 -3 -1  0 -3 -2 -1 -2 -2  2  1 -2 -1  0  2  1  0 -1 -2  1   11   1   2   7   0   1   5   2   1  11  11   3   1   4  10  13   7   1   1  10  0.14 0.16
  189 Q    2 -3 -1  2 -5  0  3 -1 -3 -2 -3 -1 -2 -3  4 -1 -1 -1 -4 -2   15   1   3  10   0   4  18   6   1   2   3   3   1   1  20   3   3   1   1   4  0.43 0.34
  190 R    0  2  0  0 -2  1  4 -2 -1 -3 -2  2 -3 -2 -2  0 -2 -2 -1 -2    7  12   4   4   1   5  28   2   2   1   4  13   1   2   2   6   2   1   2   3  0.40 0.30
  191 G    1  0 -1  0  0  0  1  1  1  0 -1  0  0 -2 -2  0  0  3 -1  0   12   6   3   5   2   3   9  10   3   7   7   5   2   1   1   7   7   5   1   5  0.06 0.08
  192 I    1 -3 -3 -5  0 -5 -4 -3 -4  5  1 -3  0 -1 -5 -3 -2  0 -2  4   12   1   1   1   2   0   1   3   0  27  14   1   2   2   0   2   2   1   1  25  0.65 0.40
  193 M    1 -1 -2 -3 -2 -1 -2  4 -3  0 -1  0 -1 -3 -3 -1 -1  0 -2  1   13   3   2   1   1   3   3  31   0   6   7   7   1   1   1   4   4   1   1  10  0.34 0.26
  194 D   -1  3  0  2 -6  2  4  0  0 -3 -3  2 -3 -5 -4 -2 -2 -3 -3 -4    6  15   4  10   0   9  23   6   2   2   3  11   1   0   0   3   3   0   1   1  0.48 0.36
  195 K    0  3 -1 -2 -5  1  3 -2 -2 -1 -2  3 -1 -3 -4  0  1 -5 -2 -2    9  13   3   2   0   6  19   3   1   5   4  16   1   1   0   6   7   0   1   2  0.33 0.29
  196 I    5 -3 -3 -4 -1 -4 -3 -3 -4  2  0 -3 -2 -3 -4 -2 -1 -6  0  1   47   2   1   1   1   1   1   2   0  11  10   1   1   1   1   3   4   0   4   8  0.75 0.50
  197 V    3 -2 -1 -2  1 -2  0  1 -4  0  1 -1  1 -2 -4 -1 -2 -5 -3  1   26   2   3   2   3   1   7  11   0   4  14   3   3   2   0   3   2   0   1  12  0.26 0.25
  198 T    1  2  0 -1 -3  2  3 -3  0 -3 -2  2  0 -1 -4 -1 -1  0 -3 -3   10  11   5   3   0  10  23   1   3   1   4  11   3   3   0   4   3   2   1   2  0.37 0.32
  199 K    1  5 -1 -3 -2  1  2 -3 -4 -1 -2  3 -3 -4 -3 -2 -3 -5 -1 -3   13  27   2   1   1   6  11   2   0   3   5  19   1   1   1   2   2   0   2   2  0.59 0.43
  200 R    4  2 -3 -3 -2 -3 -1 -3 -3 -1  1 -1 -2 -3 -5 -2  2 -6 -1  1   32  12   1   1   1   1   3   1   1   3  12   4   1   1   0   2  14   0   2   9  0.46 0.38
  201 N    0  0 -1  0 -1 -1  1 -1 -1  1  1  0  0 -2 -3  0  0 -4 -1  2    9   6   3   4   1   2  10   4   1   8  14   7   2   1   0   5   6   0   2  14  0.08 0.11
  202 L    1  2 -1  0 -2 -2 -1 -1 -2 -1  2 -1  1 -2 -3  1 -2  4 -2  0   14  12   3   5   1   1   4   4   1   3  18   4   3   2   1  12   2   5   1   5  0.18 0.20
  203 Y    2  3 -2 -3 -3  1 -2 -2  1 -1  2  0  0 -2 -3  2 -1 -2 -2 -2   15  17   2   1   0   6   1   3   3   4  18   6   2   1   1  13   3   0   1   2  0.28 0.27
  204 K   -2  2 -2 -2 -5  0 -1 -2 -3 -1  4  1  0 -3 -4 -1 -2 -3 -1 -1    3  13   2   2   0   4   4   3   0   2  40  10   2   1   1   5   2   0   2   3  0.44 0.34
  205 N    0 -1  4  1 -3 -1  0  3  0 -3 -1  1 -4 -5 -1  0 -2 -6 -4 -3    7   3  18   8   0   2   6  22   2   2   8   8   0   0   3   8   1   0   0   1  0.38 0.31
  206 M    4 -1  0 -4 -3 -1 -1  2 -3 -2 -1  0 -2 -5  3  0 -1 -5 -1 -2   31   4   4   1   0   3   5  13   0   2   6   5   1   0  13   5   3   0   3   2  0.40 0.34
  207 N    0  3  0 -2 -3  0  1 -1 -2 -2 -4  3 -4 -5  1  0 -1 -6 -4  1    8  18   4   2   0   4   8   6   1   2   1  19   0   0   6   5   4   0   0  11  0.35 0.30
  208 K    1  2 -2 -1 -4  1  0 -2 -3 -1 -4  3 -4 -5  4  1  0 -6 -4 -2   10  12   1   3   0   5   5   3   0   4   1  19   0   0  18   9   7   0   0   2  0.47 0.38
  209 E    0 -1 -5 -4  0 -3 -2 -2 -5  3  1  1 -1 -2  3 -2 -2 -6 -3  2    7   3   0   1   2   1   3   4   0  20  16   9   1   2  14   3   2   0   0  14  0.39 0.30
  210 R    0  0 -1 -1 -6 -1  3 -2 -3 -1 -3  3 -5 -5  4  1  0 -6 -5 -2    8   4   3   3   0   2  18   3   0   4   3  16   0   0  18   9   5   0   0   3  0.44 0.36
  211 L    0 -1 -1 -4 -3 -3 -2  1 -4 -2 -3 -2 -2 -4  3  2  4 -6 -6 -2    7   3   3   1   0   1   3  11   0   2   3   3   1   1  15  17  28   0   0   3  0.56 0.45
  212 K   -2  0 -3 -2  0  0 -1  6 -5 -6 -5  1 -2 -4 -2 -2  1 -7 -2 -5    3   6   1   2   2   4   4  51   0   0   1   9   1   1   2   3   8   0   2   1  0.94 0.57
  213 F   -1  2  0 -1  0  1  1 -1 -1 -2 -3  3  0 -1 -3  0  1 -5  0 -1    3  11   5   2   2   5  11   4   1   2   2  21   3   3   1   7   8   0   3   5  0.25 0.24
  214 N   -1 -2 -4 -4  1 -3 -4  0 -3 -2 -2  0  4  1 -4 -3 -1  0  7  1    5   3   1   1   3   1   1   8   0   2   4   5   8   4   1   2   4   1  36   9  0.83 0.52
  215 S    0 -1  0  3 -2 -1 -1 -5 -4 -5 -4 -1 -3 -4  6 -1  2 -7 -4 -3    7   4   5  14   1   2   4   1   0   1   2   4   1   1  33   4  14   0   1   2  0.81 0.54
  216 V   -1 -6 -8 -8 -3 -7 -8 -6 -8  3 -1 -7 -1 -6  1 -7 -3 -8 -7  7    5   0   0   0   1   0   0   1   0  13   5   0   1   0   7   0   1   0   0  65  1.71 0.86
  217 I   -4 -6 -8 -8 -2 -7 -8 -5 -8  6  2 -7 -1 -5 -8 -7 -5 -7 -1  5    1   0   0   0   1   0   0   1   0  40  17   0   2   0   0   0   0   0   2  35  1.58 0.77
  218 L   -5 -8 -7 -9 -2 -8 -8 -8 -7  1  5 -8  2  7 -8 -8 -5 -6 -1 -2    1   0   0   0   1   0   0   0   0   7  44   0   4  39   0   0   1   0   1   3  1.73 0.83
  219 T    0 -1 -2  4 -4 -3  2  0  0 -5 -3 -3 -4  2 -4  3  1 -6 -3 -4    7   4   2  20   0   0  14   8   2   0   2   1   0   7   1  19  10   0   1   1  0.49 0.40
  220 P    1 -4  1 -2 -5 -2  0 -3 -2 -5 -6 -4 -7 -7  7 -1 -2 -8 -4 -7   10   1   7   2   0   2   6   3   1   1   1   1   0   0  56   5   3   0   1   0  1.53 0.86
  221 K    0  2  1  2 -5 -1  3 -2  0 -2 -1  1  1 -2 -2  0 -1  0  0 -3    7  14   5  10   0   1  18   4   2   2   8   7   4   1   2   6   4   1   3   1  0.22 0.22
  222 A    4 -2 -2 -3  0 -2 -1 -2 -3  0  0 -3  0 -3 -1 -1  0  1 -2  2   38   2   2   2   2   1   4   2   1   4   8   1   2   1   4   4   5   2   1  15  0.44 0.34
  223 V    3 -5 -5 -6 -2 -4 -4 -3 -5  1  1 -5  3  3 -3 -1  0 -3 -4  4   22   0   0   0   1   1   1   3   0   6  11   0   6  13   2   4   5   0   0  24  0.59 0.40
  224 S    4 -2 -2 -3 -4 -3 -2  3 -3 -4 -3 -2 -3 -4 -3  2 -1 -6 -2 -3   37   2   2   1   0   1   3  23   1   1   3   3   1   1   2  13   4   0   2   2  0.67 0.48
  225 S   -1  0  1  1 -4  0  1  1  1 -2 -3 -2 -2 -5 -3  3  1 -6 -4  1    3   4   6   9   0   4  10  11   4   2   2   1   1   0   1  21  10   0   0  12  0.30 0.30
  226 L   -3 -3 -4 -5 -5 -5 -3  1 -5  2  5 -6  2  3 -6 -1 -3 -5 -2 -2    2   1   1   1   0   0   2  11   0  11  46   0   5  10   0   5   2   0   1   2  0.81 0.49
  227 F   -2 -6 -7 -7 -6 -6 -7 -5 -6  3  5 -6  3  4 -7 -5 -5 -2 -2 -1    4   0   0   0   0   0   0   1   0  12  51   0   5  18   0   1   1   1   1   4  1.24 0.63
  228 I   -1 -1 -1 -1 -3 -1 -1  0  5  2  1 -2  1  0 -2  1 -1  2 -1  0    5   3   3   3   1   2   4   7  14  13  13   3   3   5   1  10   2   3   1   7  0.19 0.16
  229 P   -3 -3  0 -1 -6  0  3  4 -3 -5 -4 -4 -1 -2  0  1 -3 -2  2 -5    2   1   4   3   0   3  18  34   1   0   2   1   1   2   5  12   1   1   8   1  0.69 0.49
  230 L    3 -4 -2 -3 -2 -2 -3 -4  6  0  0 -4  2  1 -3 -1  2  0 -1  0   22   1   2   1   1   1   1   1  17   4   9   0   5   7   1   5  12   1   2   7  0.49 0.36
  231 L   -3 -6 -7 -7  0 -6 -7 -6 -6  1  4 -6  2  6 -7 -2 -4 -1  0  2    2   0   0   0   2   0   0   0   0   8  37   0   4  26   0   3   1   1   2  13  1.12 0.59
  232 M    2 -4 -2 -4 -3 -1 -3  2 -3  1  0 -3  2  0 -4  1 -1  1  0  1   15   0   1   1   0   3   2  18   0   7  10   1   4   4   1  13   3   2   3  12  0.26 0.24
  233 H    0 -1  0 -1 -4 -1  0  2  5 -5 -5 -4  1 -1  2  2 -2  1 -1 -5    7   3   5   3   0   3   5  16  16   0   1   0   3   2  12  18   2   2   2   1  0.54 0.42
  234 S    5 -3  1 -4 -1 -4 -4  0 -5 -2  0 -2  2 -3 -2  0 -4  1 -4 -3   49   1   6   1   2   0   1   7   0   2   9   2   5   1   2   8   0   2   0   2  0.78 0.54
  235 L    0 -5 -6 -5 -4 -6 -6 -6 -6  4  3 -6  2  5 -6 -1 -2 -2 -2  1    7   1   0   1   0   0   0   0   0  19  24   0   4  26   0   6   2   0   1   7  0.90 0.50
  236 S   -2 -2  5  0 -3 -4  2 -3 -2 -5 -3 -4 -2 -3 -6  5 -2 -7  0 -5    3   3  22   5   1   0  13   2   1   1   3   0   1   1   0  39   2   0   3   1  0.93 0.64
  237 L    5 -8 -7 -5 -7 -5 -7  6 -8 -8 -5 -7 -4 -6 -7 -3 -5 -8 -6 -4   38   0   0   1   0   0   0  55   0   0   1   0   0   0   0   1   0   0   0   1  1.84 0.95
  238 E    0  1 -2  4 -6  0  3  1 -1 -4 -4  1 -3 -2 -2  1 -3 -6  0 -4    6   9   1  22   0   5  16  10   1   1   2   8   1   2   2   9   1   0   3   1  0.42 0.34
  239 N    3 -1  5 -3 -6 -1 -2 -4 -2 -3 -1 -4 -1 -1 -4  3 -1 -1 -4 -3   21   4  23   1   0   3   3   1   1   2   6   0   2   3   1  25   4   1   0   1  0.65 0.50
  240 K    1 -6 -3 -7 -5 -3 -4 -5 -5  4  2 -4 -1 -1 -5 -5 -4 -7 -2  5   13   0   2   0   0   1   1   1   0  18  18   1   1   2   0   0   1   0   1  39  0.98 0.56
  241 F    1 -1 -4  0 -4  3 -2 -5  0  0  1 -2  1  0 -6 -3 -3 -2  6  0   11   3   1   6   0  15   2   1   2   5  15   2   3   3   0   1   1   0  23   5  0.56 0.43
  242 R   -2  5  0 -1 -7  2  3 -5 -3 -6 -4  4 -1 -5 -6 -1 -1 -7 -3 -6    3  31   4   4   0   7  16   0   1   0   2  21   1   0   0   5   3   0   1   0  0.92 0.58
  243 G   -5 -1  2 -1 -8 -1 -1  6 -4 -7 -8  4 -5 -5 -4 -3 -6 -8 -7 -7    1   3   8   3   0   3   3  50   0   0   0  25   0   0   1   1   0   0   0   0  1.37 0.75
  244 K    0  3  0 -2 -5  1 -1 -3 -3  0 -1  1  1 -1 -5  2  2 -4 -3 -2    8  18   4   2   0   5   3   2   0   5   6   8   4   2   0  19  13   0   1   2  0.33 0.31
  245 S   -5 -6 -1 -6 -7 -4 -3 -6 -7 -7 -6 -4 -7 -8 -4  7  2 -8 -7 -7    0   0   3   0   0   1   1   0   0   0   1   1   0   0   1  79  12   0   0   0  2.16 1.15
  246 I   -2  0 -5 -5 -1 -5 -6 -3 -5  0  1 -4  0  6  3 -3 -4  2  1  0    3   6   1   1   1   0   0   3   0   6  12   1   2  32  17   2   1   3   4   6  0.84 0.50
  247 L   -6 -7 -8 -8 -7 -5 -6 -8 -7 -2  6 -4  1  4 -8 -4 -5  5  0 -3    0   0   0   0   0   1   0   0   0   2  63   1   3  15   0   2   1   6   3   1  1.60 0.81
  248 K    0  1 -4 -4 -4 -1 -2 -5 -4  0  4  3  0 -5 -5  0 -2 -6 -5 -2    9   9   1   1   0   3   3   0   0   4  36  20   2   0   0   7   3   0   0   2  0.58 0.42
  249 D   -6 -8  1  5 -9 -5 -3  6 -3 -9 -5 -6 -8 -9 -6 -6 -7 -9 -9 -6    0   0   5  33   0   0   2  56   1   0   1   0   0   0   0   0   0   0   0   1  1.91 0.92
  250 E   -4  0 -3  0 -8  4  5 -3 -5 -6 -7  4 -7 -8 -6 -1 -2 -8 -7 -6    1   4   1   4   0  18  36   2   0   0   0  26   0   0   0   4   2   0   0   0  1.25 0.72
  251 E   -1  2 -3 -2 -5  5  1 -6 -3 -5 -4  4 -1 -7 -1 -1 -1 -7 -4 -4    5  12   1   2   0  28  10   0   1   1   2  24   1   0   4   4   3   0   1   1  0.87 0.56
  252 I   -3 -8 -8 -8 -4 -7 -7 -9 -8  6  1 -7 -1 -4 -8 -6 -5 -8 -5  6    3   0   0   0   0   0   0   0   0  39  12   0   1   1   0   0   0   0   0  43  1.69 0.78
  253 L    4 -7 -7 -7 -4 -6 -7  1 -6 -1  1 -4  1  6 -7 -3 -3 -4 -1 -1   35   0   0   0   0   0   0   9   0   3  12   1   3  27   0   2   2   0   2   4  1.01 0.58
  254 N    1 -4  1  2 -2 -5 -4  0 -1 -5 -7 -2 -7 -8  4  5 -3 -8 -7 -2    9   1   5  10   1   0   1   7   2   1   0   2   0   0  19  39   1   0   0   3  0.93 0.62
  255 E   -1 -2 -3  3 -8 -2  5 -4 -4 -8 -7  0 -7 -8  4  1 -3 -8 -7 -7    4   2   1  17   0   1  33   2   0   0   0   5   0   0  22  10   2   0   0   0  1.10 0.66
  256 S   -1  1  1 -1 -2 -1 -1  1  2 -1  1  1 -2  1 -4 -1 -2  6 -1 -1    4   8   6   3   1   3   3  10   6   4  13   9   1   5   0   5   2  10   1   4  0.21 0.19
  257 L   -6 -8 -8 -9 -2 -7 -8 -9 -8  4  4 -8  0  3 -8 -7 -5 -2 -5  4    0   0   0   0   1   0   0   0   0  19  37   0   2  12   0   0   0   1   0  28  1.38 0.67
  258 T   -4 -2  4 -2 -2 -1 -3 -6  0 -6 -7 -5 -5 -5 -7  3  6 -8 -5 -5    1   2  17   2   1   3   1   0   2   0   0   0   0   0   0  22  46   0   0   1  1.37 0.80
  259 L   -5 -8 -9 -9 -7 -8 -8 -9 -8  6  4 -8  1 -2 -8 -8 -5 -8 -6  3    0   0   0   0   0   0   0   0   0  42  32   0   3   2   0   0   1   0   0  20  1.64 0.76
  260 I   -3  0 -3 -2 -3 -2 -1 -5  1  3 -1 -1  0  0 -5  1  0  1  4  2    2   5   1   2   1   2   5   0   3  18   4   4   2   4   0   9   7   2  15  15  0.36 0.29
  261 D   -5 -3 -3  7 -3  0  4 -7 -5 -4 -6 -5 -8 -9 -7  0 -5 -9 -8 -4    1   1   1  58   1   4  21   0   0   1   1   1   0   0   0   7   1   0   0   2  1.75 0.88
  262 N   -4  1  2  7 -3  1  0 -5 -2 -4 -4 -1 -5 -5 -7 -3 -4 -5 -5 -3    2   7   9  56   1   6   5   1   1   1   2   4   0   1   0   2   1   0   0   3  1.39 0.73
  263 P    0 -6 -5 -7 -8 -7 -6  2 -8 -8 -8 -5 -8 -9  8 -3 -4 -9 -8 -6    7   0   0   0   0   0   1  15   0   0   0   1   0   0  71   2   1   0   0   1  2.36 1.11
  264 S   -1  0 -1 -3 -4 -2 -2 -4  6 -2  2 -2 -1  1 -5 -1  3  0  1 -3    5   5   3   1   0   2   2   1  20   1  19   2   2   7   0   4  19   1   4   1  0.59 0.40
  265 L   -4  2  0  1 -3 -2 -2 -4  4  2  3 -3  3 -2 -5 -2 -3 -5 -2  0    1  10   5   8   0   1   2   1  10  12  29   1   6   1   0   2   1   0   1   7  0.48 0.33
  266 S   -1 -1 -3  1 -5 -2  2 -3 -3 -2 -1  0 -1 -5  6 -1 -2 -6 -4 -1    4   3   1   7   0   2  13   2   1   3   8   7   2   1  36   4   3   0   1   4  0.72 0.46
  267 H   -1  3  2  1 -4  0  1  3  0 -3 -1  1 -1 -2 -4 -1 -3 -2 -1 -4    4  18   8   7   0   3   8  19   3   1   6   9   2   2   0   5   1   1   2   1  0.32 0.25
  268 A    2 -1 -1 -4 -4 -2 -1  5 -2 -1 -1 -2 -2 -4 -5  1 -2 -6 -3 -2   15   3   3   0   0   2   5  41   1   3   6   2   1   1   0   8   2   0   1   3  0.64 0.40
  269 P   -2 -2 -2 -5 -3 -3 -4 -5 -2  2  3 -4  3  2  3 -1 -2  1  1 -1    3   3   2   0   1   1   1   1   1  10  29   0   6   8  17   4   3   2   5   4  0.53 0.36
  270 G    2 -1  0 -4 -2 -3 -1  5 -3 -5 -3 -4 -3 -1 -5  0 -3 -3  2 -4   19   4   5   1   1   1   4  42   1   1   3   1   1   3   0   7   1   0   6   1  0.78 0.47
  271 S    0 -4 -2 -4 -5 -3 -5 -3 -2 -1 -6 -2 -5 -1 -3  6  1 -4  1 -3    7   1   2   1   0   1   1   2   1   4   1   2   0   3   2  59   8   0   4   2  1.17 0.71
  272 R    1  4 -2 -3  3 -2 -1 -3 -2 -3 -2 -1 -1 -1 -2  1  2  0  3 -1   13  20   1   1   6   1   4   2   1   1   4   4   1   2   2  11  11   1  10   4  0.34 0.30
  273 S    1 -2 -3 -5 -2 -5 -3 -3 -4 -1 -1  0 -2 -1  6  1 -1 -1  0 -3   11   2   1   0   1   0   1   3   0   3   7   5   1   3  42  10   4   1   4   2  0.88 0.55
  274 F   -3 -6 -9 -9 -1 -8 -9 -9 -4 -2 -3 -8 -2  9 -9 -5 -6  4  3 -1    2   0   0   0   2   0   0   0   0   2   2   0   1  69   0   1   0   5   9   5  2.40 1.02
  275 D   -5 -8 -2  8 -9 -7 -5 -4 -7 -9 -8 -7 -9 -7 -8 -3 -2 -10 -9 -8    1   0   1  89   0   0   0   2   0   0   0   0   0   0   0   2   3   0   0   0  2.91 1.25
  276 G    1 -4  0  5 -5 -3 -1  4 -1 -7 -5 -3 -3 -2 -3  1 -4 -5 -4 -6   11   1   3  30   0   1   4  28   2   0   1   1   1   2   1  12   1   0   1   0  0.89 0.53
  277 E   -6 -7 -4  2 -4 -3  8 -7 -7 -9 -8 -6 -8 -10 -8 -6 -6 -9 -9 -9    1   0   1  10   1   1  85   0   0   0   0   0   0   0   0   0   0   0   0   0  2.67 1.24
  278 G   -4 -9 -7 -8 -3 -8 -9  8 -9 -10 -10 -8 -9 -10 -9 -6 -7 -9 -10 -10    1   0   0   0   1   0   0  97   0   0   0   0   0   0   0   0   0   0   0   0  3.05 1.28
  279 L   -4 -4 -1 -6 -2 -2 -5 -7 -3  1  1 -5  0 -1 -7 -3  3 -7 -1  5    1   1   4   0   1   2   0   0   1   7  13   1   2   3   0   2  16   0   2  45  0.92 0.54
  280 P    3  1 -5 -6 -5 -2  0 -4 -6 -3 -2  0 -3 -3  6 -2 -3 -8 -5 -3   22   7   0   0   0   2   5   1   0   2   4   6   1   1  41   3   1   0   0   2  1.06 0.64
  281 S    1  0 -2 -5  0 -1 -6  0 -3 -5 -3 -2 -2 -6 -2  1  6 -7 -7 -1   12   4   2   0   2   3   0   7   1   0   3   2   1   0   2  11  47   0   0   4  0.95 0.62
  282 K   -2  5 -2 -4 -2  4  1 -2 -1 -4 -5  3 -2 -3 -5  1 -2 -5  0 -4    3  26   2   1   1  21   9   3   1   1   1  15   1   1   0   9   2   0   3   1  0.76 0.51
  283 I   -1  4  1  2 -3 -1  1 -5 -3 -3 -6  3 -5 -5  2 -2 -2 -7 -2 -3    5  25   6  12   1   3   8   0   0   1   0  19   0   0   9   3   2   0   2   2  0.66 0.44
  284 V   -4  3  1 -5 -5 -2 -5 -6 -2  0  1  2  1 -3 -5 -3  4 -7 -3  1    1  18   7   0   0   1   0   0   1   6  12  13   3   1   0   1  24   0   1  10  0.63 0.45
  285 Q    0 -2  0  1 -2 -1  1 -4 -1 -1 -2  0 -2 -1  1  0  2 -5  1  2    7   2   4   7   1   2  12   0   2   3   3   5   1   2   8   6  13   0   5  17  0.20 0.22
  286 L   -6 -8 -9 -9 -6 -8 -8 -9 -8  5  4 -8  0  2 -7 -8 -6  4 -4  2    0   0   0   0   0   0   0   0   0  33  41   0   2   6   0   0   0   5   0  11  1.50 0.71
  287 I   -6 -9 -9 -9 -7 -8 -9 -9 -9  7 -2 -8 -2  0 -9 -8 -5 -8 -1  5    0   0   0   0   0   0   0   0   0  55   4   0   1   4   0   0   0   0   2  34  2.04 0.90
  288 E   -3  1 -2  2 -6  1  6 -4 -2 -7 -6  3 -7 -8 -6 -2 -1 -8 -6 -4    2   6   1  12   0   5  45   2   1   0   0  17   0   0   0   2   3   0   0   1  1.15 0.67
  289 R   -3  0  6  4 -8  0  1 -1  0 -8 -8  3 -7 -8 -7 -2 -6 -8 -7 -8    2   5  32  24   0   4   8   4   2   0   0  16   0   0   0   2   0   0   0   0  1.20 0.66
  290 G   -5 -9 -4 -8 -9 -9 -9  8 -9 -11 -11 -8 -10 -10 -9 -7 -8 -9 -10 -10    1   0   1   0   0   0   0  99   0   0   0   0   0   0   0   0   0   0   0   0  3.16 1.31
  291 K   -3  0 -4 -7 -2 -2 -1 -8 -5  4 -3  0 -1 -4 -7 -4 -1 -8 -5  6    2   5   1   0   1   2   4   0   0  24   1   7   1   0   0   1   4   0   0  46  1.15 0.62
  292 V   -3 -7 -8 -9 -5 -7 -8 -9 -8  0  6 -8 -1  3 -2 -7 -5 -7 -3  2    3   0   0   0   0   0   0   0   0   4  65   0   1  10   2   0   0   0   1  14  1.52 0.73
  293 R   -1  2  1 -3 -3  4  0 -3 -3 -4 -5  5 -2 -7 -6 -1  1 -7 -6 -2    5   9   6   1   1  16   5   2   0   1   1  35   1   0   0   4  10   0   0   3  0.80 0.52
  294 N   -1 -3  4 -2 -2  0 -1  3  0 -5 -4 -3 -2 -7 -6  2  4 -7 -5 -6    4   2  19   2   1   4   5  21   2   0   1   1   1   0   0  15  22   0   0   0  0.74 0.50
  295 F   -5 -4 -8 -9 -7 -4 -8 -7 -4 -3  1 -7  0  6  1 -6 -6  7  7 -2    1   1   0   0   0   1   0   0   0   1  14   0   2  26   6   0   0  12  32   3  1.65 0.78
  296 L   -2 -5 -5 -6 -6 -5 -7 -8 -1  1  5 -6  2  3 -5 -4 -2 -1  2 -1    4   0   1   0   0   1   0   0   1   8  53   0   5  10   1   1   2   1   7   4  1.05 0.55
  297 S   -3 -4 -1 -7 -1 -2 -6 -3  6 -2  3 -6  0 -1 -6 -2  0  2  5 -2    2   1   3   0   1   2   0   2  20   1  30   0   2   2   0   4   6   2  18   3  0.94 0.54
  298 N   -5 -3  5  6 -8 -5 -4 -1 -3 -8 -8 -5 -7 -8 -5  3  0 -9 -8 -8    1   2  23  38   0   0   0   5   1   0   0   0   0   0   0  23   7   0   0   0  1.45 0.77
  299 T   -1  4  0 -5 -2 -2 -2 -4 -1 -1  1 -2 -2 -3 -4  3  2 -1 -1 -2    4  20   4   0   1   2   2   1   1   4  16   2   1   1   1  21  13   1   2   3  0.43 0.36
  300 Y    0  1 -6 -6 -7 -1  1 -3 -1 -5 -3  2 -3  1 -6 -1 -1 -4  7 -6    7   9   0   0   0   3  10   3   1   0   2  12   1   4   0   6   4   0  40   0  1.08 0.63
  301 W   -1 -2  0 -2 -2 -4 -5 -4 -1 -4 -5 -6 -5 -3 -6  3  5  7  2 -4    6   2   5   2   1   0   0   1   2   1   1   0   0   1   0  23  33  13   6   1  1.08 0.66
  302 S    7 -5 -6 -7 -6 -7 -7  1 -7 -7 -5 -6 -7 -8 -7  1 -5 -8 -8 -6   78   1   0   0   0   0   0   9   0   0   1   0   0   0   0  11   0   0   0   0  2.00 0.99
  303 L    1  5  1 -3 -3  0 -2 -2  0 -4 -3  3 -3 -4 -5 -1 -3 -2  0 -3   11  34   6   1   1   4   2   3   3   1   3  18   0   1   0   5   2   1   3   2  0.70 0.45
  304 K   -1  3 -4 -5 -4  2  0 -6  0 -1 -1  6 -3 -3 -6 -4 -4 -2  1 -3    5  12   0   0   0   8   6   0   2   4   7  45   1   1   0   1   1   1   4   1  0.96 0.57
  305 A    0 -5 -4 -1 -5 -1 -1 -4 -2 -2  4 -2  4  2 -5 -3 -1  2  1 -2    8   0   1   4   0   3   4   1   1   2  43   3  10   7   0   1   3   3   5   1  0.64 0.42
  306 N   -5 -5  3 -1 -8 -3 -3  7 -2 -9 -9  1 -8 -8 -6 -3 -5 -8 -8 -8    0   1  13   3   0   1   2  69   1   0   0   7   0   0   0   2   0   0   0   0  1.84 0.87
  307 R    0 -1 -2 -4 -2 -1 -1 -2 -2  0  2  0  5 -2 -5 -2  1 -5 -4  2    7   4   2   1   1   3   4   3   1   4  20   7  15   1   0   2  10   0   0  16  0.37 0.30
  308 E    0  0 -2 -1 -5  3  4 -2 -2 -3 -5  3 -4 -5  1  0  0 -6 -5 -2    8   4   1   3   0  11  24   3   1   2   1  18   0   0   8   5   6   0   0   3  0.51 0.38
  309 N   -2 -4  0 -3 -4 -4 -5 -4 -2 -5 -4 -5 -4 -6  5  4  3 -7 -2 -3    3   1   5   2   0   0   0   1   1   1   2   0   0   0  30  33  17   0   1   2  1.11 0.66
  310 T   -2 -6  2 -6 -2 -6 -6 -4 -6 -3 -6 -6 -4 -7 -5 -2  8 -7 -7 -2    3   0  10   0   1   0   0   1   0   1   1   0   0   0   1   2  77   0   0   2  2.13 1.02
  311 H    1 -5 -4 -6 -4 -6 -5  7 -2 -6 -7 -6 -6 -5 -3 -3 -6 -6 -3 -4   11   1   1   0   0   0   1  77   1   1   1   0   0   0   2   2   0   0   1   1  1.97 0.85
  312 S   -2 -1  7 -4 -4 -3 -4 -4  7 -6 -5 -4 -5 -5 -3  1 -4 -6 -5 -5    3   3  51   1   0   1   1   1  22   0   1   1   0   1   2   8   1   0   0   1  1.73 0.77
  313 A    6 -4 -4 -4 -1 -5 -4  3 -5 -5 -5 -5 -4 -4 -2  0 -3 -5 -5 -4   57   1   1   1   1   0   1  23   0   1   1   1   0   1   3   5   2   0   0   1  1.27 0.64
  314 G    1  2 -2 -2 -3 -2 -3  4 -2 -1 -2 -2 -1  2 -3  1 -1 -1 -2  1   10  10   1   2   0   2   1  27   1   4   3   2   2   8   1  11   3   1   1  10  0.31 0.23
  315 R   -1  6 -1 -3 -5 -1 -2  3 -3 -1 -3 -1 -3 -5 -2 -1 -3  0 -5 -5    4  43   3   1   0   2   3  22   1   3   3   3   1   0   2   4   2   2   0   1  0.93 0.50
  316 S    0 -3  1  0 -3 -2 -1  3 -3  2 -3 -3 -1 -3 -1  3 -1 -5 -4 -1    6   1   5   5   1   1   4  21   1  14   2   1   1   1   4  25   3   0   0   5  0.40 0.31
  317 Y   -1 -2 -2 -3 -4 -3 -3  0  5  0  0 -4 -1  3 -1 -1 -1  1  5 -1    6   2   2   1   0   1   1   8  14   5   8   0   1  13   4   5   3   2  20   4  0.52 0.33
  318 S    0  1  4 -1 -3 -2 -2  2 -3 -4 -2  1  0 -4  1  1 -2 -5 -2 -3    8   8  22   3   0   2   2  15   0   1   4   8   3   1   8  12   2   0   1   1  0.40 0.30
  319 T   -1 -1 -1 -2 -3 -3 -2  2  1 -2  1 -3  0 -2 -3  3  0  6 -1 -2    5   3   3   3   0   1   2  14   4   2  12   1   2   1   1  26   5  10   2   3  0.40 0.31
  320 L    0 -1  0 -3 -2  0 -1  0 -1  0  1  0  0  1  3  0  0 -3  1  0    8   3   5   1   1   4   3   6   1   6  14   5   2   6  14   7   5   0   5   5  0.11 0.11
  321 P   -2 -4 -4 -4 -4 -3 -3 -2 -4  2  1 -4 -2 -1  6 -2 -2  1 -3  2    3   1   1   1   0   1   1   4   0   9  12   1   1   2  41   3   2   2   1  13  0.94 0.47
  322 S    0  0  0 -1 -3  0 -1  1  0  1 -1  0  0 -2 -3  2  1 -3 -1  0    6   5   4   4   0   4   4  11   3   8   5   4   3   1   1  18  11   0   3   6  0.11 0.14
  323 I   -2 -4 -4 -4 -4 -5 -3 -5 -2  4  0 -3  2 -4  4 -1 -1 -6 -4  4    3   1   1   1   0   0   2   1   1  21   7   1   5   0  18   4   3   0   1  31  0.82 0.48
  324 S    1  2 -1 -1 -3 -1  0  3 -2 -5 -6 -1 -3 -4 -4  3  0 -5 -2 -4   10  13   3   3   1   3   7  24   1   0   0   3   1   1   0  23   5   0   1   1  0.53 0.39
  325 P    0 -4 -2 -4 -2 -3 -4  1  0 -2 -1 -4  5  0  5  0  1 -6 -2 -1    8   1   2   1   1   1   1   9   3   2   6   1  13   4  26   6   9   0   2   5  0.56 0.40
  326 S   -2  0  0 -2 -5 -1 -2  3  3 -4 -5 -3 -2 -2 -3  3  3  0 -3 -3    2   6   3   2   0   3   2  21   6   1   1   1   1   2   1  24  20   1   1   2  0.58 0.44
  327 V   -2 -4  7  2 -3 -2  0  0  1 -4 -5 -3 -4 -3 -4 -1 -1 -1 -3 -3    4   1  51   9   1   2   5   7   3   1   2   1   0   1   1   5   3   1   1   2  1.18 0.65
  328 I   -2 -3 -3 -2 -2  0 -2 -1 -3  1  3 -1  1  2 -2 -2  2 -1  0  0    3   1   1   2   1   4   3   5   0   6  27   4   3  10   2   2  15   1   3   7  0.24 0.22
  329 D   -1 -2  0  2 -2 -3 -1 -3  2  1 -1 -2 -2  1 -3  1  0  0  4  1    4   2   4  12   1   0   4   2   4   8   4   2   1   6   1  12   4   1  17  11  0.30 0.26
  330 I   -4 -4 -6 -4 -5 -2 -5 -6 -6  4  3 -3  3  3 -4 -6 -3 -5 -2  2    1   1   0   1   0   2   1   0   0  24  29   2   6  14   1   0   1   0   1  14  0.87 0.47
  331 Q    2 -2 -1  2 -6  1  5 -3 -1 -5 -2  1 -3 -4 -2 -1 -1 -6 -4 -4   15   2   3  11   0   5  36   2   2   1   4   8   1   1   2   4   3   0   0   1  0.64 0.45
  332 V    2 -3  1  2 -4  0  2  1 -2 -4 -3 -1 -3 -2  4 -1 -1 -6 -2 -3   14   1   6  12   0   3  12   9   1   0   3   4   1   2  23   3   3   0   1   2  0.47 0.35
  333 S   -3 -3 -3 -2 -5 -5 -1  5 -5 -2  2 -3  5 -5 -2 -2 -3 -6 -6 -3    1   2   1   2   0   0   4  41   0   2  23   2  12   0   2   4   1   0   0   2  0.90 0.53
  334 S   -2 -2  0  2 -2  0  0 -3 -2  2  2  0 -1 -1 -2  0  0 -5 -3 -1    3   2   5  14   1   3   7   1   1  15  19   6   1   2   2   7   7   0   0   4  0.18 0.19
  335 S    1  2 -1 -1 -5  0  0  0 -1 -3 -2  4 -1 -4 -4  1 -1  1 -1 -2   12  12   3   4   0   4   5   8   1   2   5  25   2   0   0   9   3   2   2   2  0.33 0.28
  336 A   -1 -1  0  1 -4  2  2 -1 -4 -4 -4  0 -2 -5 -2  4  2 -6 -6 -5    4   4   3   8   0   8  15   4   0   1   2   5   1   0   2  31  11   0   0   0  0.54 0.43
  337 D   -2 -3 -4 -1 -4 -2 -1 -5 -5  1  1 -2  6  2  1 -3  1 -5  0  1    3   1   0   4   0   1   5   0   0   7  15   3  19   9   8   2  10   0   3   8  0.46 0.34
  338 E   -3 -2 -2  4 -8  0  5  3 -1 -7 -5  1 -4 -5 -3 -4 -4 -7 -7 -7    2   3   2  22   0   4  31  21   1   0   1   9   0   1   2   1   1   0   0   0  0.96 0.58
  339 E   -4  3  1  2 -5 -1  5 -4 -2 -7 -6  2 -6 -8 -4 -2  2 -8 -6 -7    1  15   7  12   0   2  32   1   1   0   0  11   0   0   0   3  14   0   0   0  0.94 0.59
  340 T   -2 -7 -6 -5  0 -7 -6  7 -5 -6 -2 -5  1 -3 -5 -4 -5 -7  0 -1    4   0   0   1   2   0   0  73   0   0   4   1   4   1   1   1   1   0   3   4  1.77 0.85
  341 I   -5 -7 -8 -6 -6 -7 -5 -8 -7  5  4 -7 -3  1 -7 -7 -5 -6 -1  3    1   0   0   0   0   0   1   0   0  30  40   0   0   5   0   0   0   0   2  20  1.35 0.65
  342 V   -5 -6 -7 -7 -4 -6 -1 -7 -5  2  4 -5 -1  2 -7 -5 -4  1  6  1    1   0   0   0   0   0   5   0   0  10  41   0   1   7   0   0   1   2  23   9  1.14 0.60
  343 V   -2 -5 -8 -5 -6 -7 -7 -7 -8  5  0 -7 -2 -2 -7 -7 -5 -7 -6  6    3   1   0   1   0   0   0   0   0  26   7   0   1   2   0   0   0   0   0  59  1.73 0.80
  344 D   -4 -3  1  2 -3 -3 -1 -3  1 -1 -2 -2 -2 -5 -5 -1  6 -7 -3 -1    1   2   6  12   0   1   4   2   3   3   4   2   1   0   0   5  47   0   1   5  0.89 0.57
  345 E   -3  2  2  2 -5  1  4  1 -1 -4 -5  0 -4 -5 -5  2 -3 -7 -5 -5    1  11   9  11   0   6  30   9   1   1   1   5   0   0   0  13   1   0   0   1  0.67 0.46
  346 V   -2 -6 -1 -4 -5 -6 -6 -5 -6  0  4 -5  3  3 -4 -3 -1 -3 -4  3    3   0   4   1   0   0   0   1   0   4  43   0   6  12   1   2   3   0   0  18  0.87 0.50
  347 Q   -3 -1 -1 -3 -6  2 -2 -5 -1  2  1 -2  6  0 -5 -2 -3  7 -2 -2    2   3   3   1   0   8   3   1   1  12  12   2  21   4   0   4   2  16   1   2  0.85 0.50
  348 G   -1 -7 -6 -6 -7 -7 -7  7 -6 -8 -7 -6 -7 -6 -7 -5 -6 -6  5 -7    5   0   0   0   0   0   0  75   0   0   0   0   0   0   0   0   0   0  17   0  2.28 1.00
  349 V    1 -2 -2 -2 -2 -1 -1  1 -2  1  1 -2  2 -1 -1  1  1 -3 -2  1   11   2   2   2   1   2   3  13   1   9  15   1   6   2   3  10   8   0   1   8  0.13 0.11
  350 H   -4  4  1 -3 -5  4 -3 -1  8 -5 -5 -3 -5 -4 -4 -3 -4 -1  0 -5    2  18   5   1   0  19   2   6  35   1   1   1   0   1   1   2   1   1   2   1  1.39 0.66
  351 T    0 -5 -4 -4 -5 -1 -3  5 -5 -3 -3 -4  1  1 -2  0  4 -5 -1 -3    7   0   0   1   0   2   2  40   0   2   2   0   3   5   2   8  21   0   3   2  0.79 0.48
  352 S    2 -5 -4 -3  0  2 -5  0 -4  1 -2 -5 -2 -5 -4  1 -2 -6 -5  5   16   0   0   2   2   8   0   7   0   8   4   0   1   0   1  12   2   0   0  37  0.67 0.46
  353 N   -5 -4  8  4 -7  0 -3 -4 -4 -7 -7 -2 -7 -5 -5 -1 -5 -7 -7 -7    1   1  59  23   0   3   1   1   0   0   1   3   0   0   1   4   0   0   0   0  1.91 0.89
  354 F    0 -2 -4 -4 -5 -2 -4  0 -4  0 -1 -4  2  0  5  0  0 -1  1  0    9   2   0   1   0   2   1   7   0   5   6   1   5   4  33   8   6   1   6   5  0.60 0.39
  355 D   -1 -2  0  0 -4 -3 -3 -3 -5  3  1 -2 -1 -2 -3 -1  0 -5  0  4    5   2   4   5   0   1   1   2   0  19  12   2   1   1   1   4   6   0   3  31  0.45 0.31
  356 T   -2 -3  1 -4 -4  0 -1 -5 -6 -6 -6 -4 -4 -7 -6  4  6 -7 -6 -5    3   2   6   1   0   4   3   1   0   0   0   1   0   0   0  25  53   0   0   0  1.46 0.81
  357 G   -5 -7 -6 -7 -7 -7 -6  8 -7 -8 -6 -7 -7 -6 -7 -5 -5 -7 -8 -8    0   0   0   0   0   0   0  95   0   0   1   0   0   0   0   0   1   0   0   0  2.83 1.15
  358 D   -3 -3  1  7 -5  0  2 -5 -2 -3 -5 -2 -2 -5 -4 -1 -1 -6 -3 -2    2   1   5  52   0   4  13   1   1   2   1   2   1   0   1   5   4   0   1   3  1.18 0.58
  359 F   -5 -6 -6 -6 -6 -6 -6 -6 -4 -2 -3 -6 -1  8 -6 -5 -5 -1  6 -4    1   0   0   1   0   0   1   1   0   3   2   1   2  58   0   1   1   1  26   1  2.24 0.88
  360 S   -1 -5 -3 -5 -3  1 -4 -3 -4 -5 -5 -3 -3 -5 -5  7 -1 -6 -4 -2    4   0   1   0   1   6   1   2   0   1   1   1   1   1   0  72   4   0   0   3  1.59 0.82
  361 L   -3  4 -5 -6 -3 -2 -5 -1 -5  0  2 -4 -1  3 -6 -5  0 -5 -2  2    1  23   0   0   1   2   0   6   0   5  23   0   1  14   0   0   5   0   1  17  0.65 0.42
  362 V   -1 -5  2 -4 -5 -1  1  5 -3 -2 -4 -4 -3 -3  0 -1  1 -6 -5  0    5   0   9   0   0   3   9  39   1   3   1   1   1   1   4   5  10   0   0   8  0.65 0.43
  363 A    5  1 -6 -6  1 -5 -5 -3 -6  2 -3 -5 -4  0 -2 -3 -2 -6 -5  2   53   7   0   0   3   0   0   1   0  11   2   0   0   5   2   1   2   0   0  12  1.01 0.59
  364 S    2  2  0  3 -4  1  2 -2 -2 -5 -3  0 -2 -3 -1  3  0 -6 -5 -3   15  10   4  14   0   5  11   2   1   0   2   5   1   1   3  19   6   0   0   1  0.36 0.31
  365 V   -3 -6  1 -1 -5 -4 -2  6 -1 -4  0 -6 -6 -7 -2 -4 -5 -7 -7 -1    2   0   8   3   0   1   3  63   1   1   9   0   0   0   3   1   0   0   0   4  1.34 0.68
  366 S    1 -6 -7 -7 -5 -7 -6  1 -3 -1 -2 -7 -4  7 -7 -1 -5  4  4 -4   11   0   0   0   0   0   0   9   1   3   4   0   0  45   0   6   0   4  14   1  1.38 0.68
  367 W   -6 -1 -8 -9 -6 -5 -7 -8 -5 -1  3 -3  1  0 -8 -7 -6 10  6 -3    0   4   0   0   0   0   0   0   0   4  25   2   3   3   0   0   0  32  23   1  1.92 0.88
  368 Y   -4 -3 -8 -6  0 -5 -7 -8 -6  6 -1 -5 -2 -1 -7 -7 -5 -5  2  5    1   2   0   0   2   0   0   0   0  48   5   1   1   2   0   0   0   0   6  32  1.55 0.72
  369 K   -6  2 -2 -2 -8 -2  7 -6 -1 -2 -4  2 -6 -3 -6 -4 -5 -8 -5 -1    0  10   2   1   0   1  61   0   2   3   1  10   0   1   0   1   0   0   0   6  1.44 0.79
  370 D   -4 -2  7  3 -6 -1 -1  0 -1 -7 -8  2 -7 -8 -7 -3 -5 -9 -7 -8    1   2  52  17   0   3   4   6   2   0   0  11   0   0   0   1   0   0   0   0  1.56 0.79
  371 S   -5 -4 -3 -5 -8 -7 -6  8 -8 -7 -9 -3 -8 -9 -8 -5 -5 -9 -9 -6    0   1   1   1   0   0   0  91   0   0   0   2   0   0   0   1   1   0   0   1  2.63 1.12
  372 A   -1 -3 -5 -5 -8  0  4 -1 -6 -8 -8  1 -7 -9  7 -4 -6 -8 -8 -5    5   2   0   0   0   5  25   5   0   0   0   8   0   0  49   1   0   0   0   1  1.61 0.85
  373 L   -6 -8 -8 -9 -6 -8 -8 -7 -6  6  0 -7 -3 -3 -8 -7 -6 -8 -5  6    0   0   0   0   0   0   0   0   0  35   8   0   0   1   0   0   0   0   0  54  1.91 0.85
  374 R   -2  4  0 -2 -4  2  1 -3  0 -5 -5  4 -4 -6 -4  2  0 -7 -5 -2    3  18   5   2   0   7   9   1   2   0   1  29   0   0   1  14   5   0   0   3  0.69 0.46
  375 E   -3 -2  2  2 -7  0  5  3 -1 -7 -5 -1 -4 -5 -2  0 -4 -7 -4 -6    2   2  10  11   0   3  36  21   2   0   1   4   1   0   2   6   0   0   1   0  0.84 0.52
  376 L    1 -5 -3 -6  0 -5 -5 -1 -6  4  0 -4  3  2 -4 -2  1 -5 -4  3   11   0   1   0   2   0   0   6   0  28   6   1   6   7   1   2   7   0   0  20  0.61 0.38
  377 T   -2  2 -2 -6 -5 -4 -5 -2 -6 -2 -2 -3  5 -6 -2  0  6 -6 -6  0    3  10   2   0   0   0   0   3   0   2   3   1  15   0   2   8  45   0   0   6  1.05 0.63
  378 I   -4 -6 -7 -7 -5 -6 -7 -7 -7  6  3 -4  0  0 -7 -6 -5 -6 -4  4    1   0   0   0   0   0   0   0   0  44  22   1   2   4   0   0   0   0   0  24  1.41 0.64
  379 S    5 -4  0 -5 -5 -5 -4 -3 -5 -1 -6 -4 -4 -6 -5  4  1 -7 -3 -3   47   1   5   0   0   0   1   2   0   3   0   1   0   0   0  27   9   0   1   2  1.09 0.65
  380 G   -4 -6 -4  0 -6 -2 -5  7 -4 -6 -5 -5 -7 -3 -6  0 -5 -7 -7 -5    1   0   1   6   0   2   1  77   0   0   2   0   0   2   0   6   1   0   0   1  1.91 0.85
  381 N   -6  0  8  1 -5 -2 -3 -6 -1 -8 -7 -2 -5 -8 -6 -1 -2 -8 -2 -6    0   5  69   7   0   1   2   0   1   0   1   3   0   0   0   5   3   0   1   0  2.01 0.93
  382 I   -3 -6 -6 -7 -5 -6 -6 -2 -4  3  4 -6  2  4 -5 -6 -1 -4 -1  2    2   0   0   0   0   0   0   3   0  18  37   0   5  18   1   0   3   0   1  11  0.93 0.48
  383 K   -3  1  0 -3 -4  0 -2 -3 -3 -1  2  2 -1  4  0 -3 -4 -1  3 -2    1   9   5   1   0   4   2   2   0   4  17  15   1  17   6   1   0   1  11   2  0.39 0.30
  384 D   -3 -1  0  5 -7  1  5 -5 -1 -6 -7  0 -6 -7 -5 -1  1 -7 -3 -6    2   4   5  31   0   6  32   0   2   0   0   5   0   0   0   5   7   0   1   0  1.03 0.58
  385 L    0 -6 -7 -5 -3 -6 -6 -7 -7  2  3 -5  8  0 -7 -5  0 -2 -5  1    8   0   0   1   0   0   0   0   0  10  27   0  36   4   0   0   5   1   0   8  1.30 0.66
  386 A   -5 -7 -8 -7 -6 -6 -8 -8 -3 -1  6 -7  2  5 -8 -7 -5  3  0 -3    1   0   0   0   0   0   0   0   1   2  64   0   4  19   0   0   0   4   3   1  1.63 0.76
  387 K    0  3  2 -3 -5  2 -2 -1  1 -4 -3  5  1 -3 -4  0 -3 -6 -4 -5    9  14  11   1   0   8   2   5   3   1   3  32   4   1   1   6   1   0   0   0  0.63 0.43
  388 N   -2  1  6  1 -6  2  0  1  1 -6 -7  1 -4 -7 -6  1 -2 -7 -4 -6    3   7  34   8   0   7   5  10   3   0   0   7   0   0   0  11   2   0   1   0  0.82 0.50
  389 I   -2 -6 -7 -7 -2 -6 -7 -6 -7  6  2 -6  2 -3 -6 -5 -3 -6 -4  3    4   0   0   0   1   0   0   1   0  50  19   0   4   0   0   1   1   0   0  18  1.39 0.63
  390 V    0 -1 -2  1 -4  0  2 -4 -4  1 -1 -1 -2 -3 -4  0  1 -5 -3  3    7   3   1   8   0   4  16   1   0   9   4   3   1   1   0   7  10   0   0  25  0.34 0.29
  391 G    4 -2 -2 -1 -2 -2  1  2 -1 -4 -2 -2  1 -4  1  0 -1 -6 -1 -3   38   2   1   3   1   1   9  13   1   0   5   1   4   1   8   5   3   0   2   1  0.48 0.38
  392 A    1 -6 -6 -6 -1 -5 -5 -5 -6  4  2 -5  0 -1 -6 -3 -2 -6 -5  5   12   0   0   0   1   0   1   1   0  24  17   0   2   2   0   2   2   0   0  35  0.93 0.49
  393 L    0 -5 -2 -2 -4 -4 -1  6 -5 -4 -3 -4 -5 -5 -5  3 -1 -6 -4 -4    7   0   2   2   0   0   4  54   0   1   4   1   0   1   0  19   3   0   0   1  1.12 0.57
  394 G   -2  1  5  2 -3 -1 -2  0 -3 -6 -6  3 -5 -6 -2  2 -1 -7 -5 -6    4   6  27  12   1   2   1   6   0   0   0  20   0   0   2  16   3   0   0   0  0.77 0.49
  395 E   -3 -3 -1  7 -8 -1  4 -6 -5 -6 -7 -1 -7 -8 -2 -4 -3 -5 -5 -5    2   1   3  56   0   3  23   0   0   0   0   4   0   0   2   1   2   0   0   1  1.60 0.78
  396 K    0  1 -3 -3 -2  0 -2 -3 -2  2  2 -1 -1  0  0 -1  0 -4 -2  2    8   8   1   1   1   4   2   2   1  11  26   3   1   3   5   3   7   0   1  14  0.22 0.21
  397 E   -2  4 -2  2 -3  0  4 -4 -1 -2 -2  1 -3 -4 -3 -1  0 -4 -1 -2    3  19   2  13   1   4  26   1   1   2   4   9   1   0   1   3   5   0   3   3  0.52 0.37
  398 M   -2  1 -1 -3 -2  1 -2 -4  1  0  1 -2  2  3 -2 -2  1  5  0  1    2   8   3   1   1   8   2   0   4   5  11   2   5  15   2   3   8   8   2   9  0.29 0.24
  399 V   -3  4  1 -1 -2 -1 -2 -3  1  1 -1 -1  0  1 -3  0  0 -1  2  1    1  24   8   4   1   2   1   1   3   7   6   2   2   6   1   6   7   1   8   9  0.28 0.25
  400 W   -2 -2  0 -2 -5 -3 -2  5  0 -4 -5 -3 -3 -1  0  3 -1  3  2 -5    2   3   3   2   0   1   3  39   2   1   1   1   1   3   5  20   4   4   6   0  0.74 0.47
  401 N   -1 -1  4  0 -4 -1 -2  3 -1 -5 -5 -2 -4 -5  0  4 -1  1 -3 -6    5   4  16   4   0   2   2  19   1   0   0   3   0   0   5  30   3   2   1   0  0.61 0.43
  402 V   -2 -2 -4 -3  2 -3 -2  0 -3  3  0 -2  2  2 -5 -2  1  3  1  3    3   2   0   1   4   1   2   7   0  18   8   3   5   8   0   2   9   3   4  18  0.30 0.23
  403 H   -1  1  0 -1 -1  1 -2  2  1  2 -1 -1 -2 -1 -3 -1 -1  0  2  1    5   9   5   3   1   7   2  14   3  13   4   4   0   2   0   3   3   1   9  12  0.12 0.15
  404 T    1 -5 -4 -4  5 -2 -4 -1 -4  0 -2 -4 -1 -2 -4  3  4 -6 -3  2   13   0   0   0  10   2   0   4   0   5   3   0   2   2   1  21  23   0   1  13  0.60 0.42
  405 K   -4 -8 -7 -6 -3 -6 -7  3 -8 -9 -8 -4 -8 -9  8 -4 -7 -9 -9 -8    2   0   0   0   1   0   0  21   0   0   0   1   0   0  74   1   0   0   0   0  2.59 1.12
  406 S   -1 -1 -3 -1 -3 -3 -4 -2  1 -6 -4 -1 -3 -3  0  5  3  1  2 -5    5   3   0   3   0   1   1   3   3   0   2   3   1   1   5  46  16   2   7   0  0.84 0.56
  407 L   -3 -7 -7 -7 -5 -6 -7 -8 -7  5  3 -7  2 -2 -7 -6 -4  0 -4  4    1   0   0   0   0   0   0   0   0  30  31   0   5   1   0   0   1   1   0  29  1.29 0.60
  408 F   -1  3 -6 -6 -3 -4 -4 -6 -4  0  4  1  1 -3 -6 -4 -5  4 -1  0    5  19   0   0   1   0   1   0   0   4  43   9   3   1   0   1   0   6   2   6  0.81 0.48
  409 F   -4 -7 -7 -8 -4 -7 -7 -8 -7  5  1 -7 -2  4 -7 -5 -4 -6 -4  5    1   0   0   0   0   0   0   0   0  34  12   0   1  17   0   0   1   0   0  34  1.39 0.64
  410 N   -1  1  0  3 -7 -1  5 -2 -3 -7 -7  2 -6 -6  0  1 -3 -7 -6 -6    4   8   4  17   0   1  34   3   0   0   0  11   0   0   5   9   1   0   0   0  0.79 0.48
  411 G    0  0  3  2 -6  0  2  4 -3 -6 -6  1 -4 -5 -3  0 -3 -6 -4 -5    6   5  13  11   0   4  13  30   0   0   0   7   0   0   1   8   1   0   0   0  0.61 0.38
  412 V   -3 -6 -7 -8 -3 -3 -7 -7 -7  1  4 -4  8  1 -7 -6 -5 -6 -5  3    3   0   0   0   0   1   0   0   0   8  32   1  34   6   0   0   0   0   0  16  1.41 0.66
  413 N   -1  0  2  0 -5  0 -3 -2  0 -3 -4  2  0 -5 -5  3  4 -6 -5 -2    4   5   9   4   0   4   1   2   2   1   1  11   3   0   0  21  29   0   0   2  0.58 0.42
  414 L   -5 -7 -8 -8 -6 -7 -7 -8 -7  6  1 -7 -3  3 -7 -6 -4 -6 -5  5    0   0   0   0   0   0   0   0   0  40  10   0   0  10   0   0   0   0   0  39  1.59 0.69
  415 V    6 -6 -6 -6 -5 -5 -6 -5 -6  1 -5 -5 -5 -6 -6 -3  4 -7 -6  1   62   0   0   0   0   0   0   0   0   8   0   0   0   0   0   0  21   0   0   8  1.50 0.76

                      K         Lambda
Standard Ungapped    0.1323     0.3142
Standard Gapped      0.0410     0.2670
PSI Ungapped         0.1928     0.3175
PSI Gapped           0.0590     0.2670
