
Last position-specific scoring matrix computed, weighted observed percentages rounded down, information per position, and relative weight of gapless real matches to pseudocounts
           A  R  N  D  C  Q  E  G  H  I  L  K  M  F  P  S  T  W  Y  V   A   R   N   D   C   Q   E   G   H   I   L   K   M   F   P   S   T   W   Y   V
    1 M   -1 -1 -2 -3 -1  0 -2 -3 -2  1  2 -1  5  0 -2 -1 -1 -1 -1  1    0   0   0   0   0   0   0   0   0   0   0   0   0   0   0   0   0   0   0   0  0.00    0.00
    2 Y   -2 -2 -2 -3 -2 -1 -2 -3  2 -1 -1 -2 -1  3 -3 -2 -2  2  7 -1    0   0   0   0   0   0   0   0   0   0   0   0   0   0   0   0   0   0   0   0  0.00    0.00
    3 E   -1  0  0  2 -4  2  5 -2  0 -3 -3  1 -2 -3 -1  0 -1 -3 -2 -2    0   0   0   0   0   0   0   0   0   0   0   0   0   0   0   0   0   0   0   0  0.00    0.00
    4 K   -1  2  0 -1 -3  1  1 -2 -1 -3 -2  5 -1 -3 -1  0 -1 -3 -2 -2    0   0   0   0   0   0   0   0   0   0   0   0   0   0   0   0   0   0   0   0  0.00    0.00
    5 R   -1  5  0 -2 -3  1  0 -2  0 -3 -2  2 -1 -3 -2 -1 -1 -3 -2 -3    0   0   0   0   0   0   0   0   0   0   0   0   0   0   0   0   0   0   0   0  0.00    0.00
    6 H   -2  0  1 -1 -3  0  0 -2  8 -3 -3 -1 -2 -1 -2 -1 -2 -2  2 -3    0   0   0   0   0   0   0   0   0   0   0   0   0   0   0   0   0   0   0   0  0.00    0.00
    7 I   -1 -3 -3 -3 -1 -3 -3 -4 -3  4  2 -3  1  0 -3 -2 -1 -3 -1  3    0   0   0   0   0   0   0   0   0   0   0   0   0   0   0   0   0   0   0   0  0.00    0.00
    8 V    0 -3 -3 -3 -1 -2 -2 -3 -3  3  1 -2  1 -1 -2 -2  0 -3 -1  4    0   0   0   0   0   0   0   0   0   0   0   0   0   0   0   0   0   0   0   0  0.00    0.00
    9 A    4 -1 -2 -2  0 -1 -1  0 -2 -1 -1 -1 -1 -2 -1  1  0 -3 -2  0    0   0   0   0   0   0   0   0   0   0   0   0   0   0   0   0   0   0   0   0  0.00    0.00
   10 N   -2  0  6  1 -3  0  0  0  1 -3 -3  0 -2 -3 -2  1  0 -4 -2 -3    0   0   0   0   0   0   0   0   0   0   0   0   0   0   0   0   0   0   0   0  0.00    0.00
   11 I   -1 -3 -3 -3 -1 -3 -3 -4 -3  4  2 -3  1  0 -3 -2 -1 -3 -1  3    0   0   0   0   0   0   0   0   0   0   0   0   0   0   0   0   0   0   0   0  0.00    0.00
   12 L   -1 -2 -3 -4 -1 -2 -3 -4 -3  2  4 -2  2  0 -3 -2 -1 -2 -1  1    0   0   0   0   0   0   0   0   0   0   0   0   0   0   0   0   0   0   0   0  0.00    0.00
   13 M   -1 -1 -2 -3 -1  0 -2 -3 -2  1  2 -1  5  0 -2 -1 -1 -1 -1  1    0   0   0   0   0   0   0   0   0   0   0   0   0   0   0   0   0   0   0   0  0.00    0.00
   14 L   -1 -2 -3 -4 -1 -2 -3 -4 -3  2  4 -2  2  0 -3 -2 -1 -2 -1  1    0   0   0   0   0   0   0   0   0   0   0   0   0   0   0   0   0   0   0   0  0.00    0.00
   15 I   -1 -3 -3 -3 -1 -3 -3 -4 -3  4  2 -3  1  0 -3 -2 -1 -3 -1  3    0   0   0   0   0   0   0   0   0   0   0   0   0   0   0   0   0   0   0   0  0.00    0.00
   16 V    0 -3 -3 -3 -1 -2 -2 -3 -3  3  1 -2  1 -1 -2 -2  0 -3 -1  4    0   0   0   0   0   0   0   0   0   0   0   0   0   0   0   0   0   0   0   0  0.00    0.00
   17 A    4 -1 -2 -2  0 -1 -1  0 -2 -1 -1 -1 -1 -2 -1  1  0 -3 -2  0    0   0   0   0   0   0   0   0   0   0   0   0   0   0   0   0   0   0   0   0  0.00    0.00
   18 Y   -2 -2 -2 -3 -2 -1 -2 -3  2 -1 -1 -2 -1  3 -3 -2 -2  2  7 -1    0   0   0   0   0   0   0   0   0   0   0   0   0   0   0   0   0   0   0   0  0.00    0.00
   19 L   -1 -2 -3 -4 -1 -2 -3 -4 -3  2  4 -2  2  0 -3 -2 -1 -2 -1  1    0   0   0   0   0   0   0   0   0   0   0   0   0   0   0   0   0   0   0   0  0.00    0.00
   20 V    0 -3 -3 -3 -1 -2 -2 -3 -3  3  1 -2  1 -1 -2 -2  0 -3 -1  4    0   0   0   0   0   0   0   0   0   0   0   0   0   0   0   0   0   0   0   0  0.00    0.00
   21 D   -2 -2  1  6 -3  0  2 -1 -1 -3 -4 -1 -3 -3 -1  0 -1 -4 -3 -3    0   0   0   0   0   0   0   0   0   0   0   0   0   0   0   0   0   0   0   0  0.00    0.00
   22 N   -2  0  6  1 -3  0  0  0  1 -3 -3  0 -2 -3 -2  1  0 -4 -2 -3    0   0   0   0   0   0   0   0   0   0   0   0   0   0   0   0   0   0   0   0  0.00    0.00
   23 L   -1 -2 -3 -4 -1 -2 -3 -4 -3  2  4 -2  2  0 -3 -2 -1 -2 -1  1    0   0   0   0   0   0   0   0   0   0   0   0   0   0   0   0   0   0   0   0  0.00    0.00
   24 M   -1 -1 -2 -3 -1  0 -2 -3 -2  1  2 -1  5  0 -2 -1 -1 -1 -1  1    0   0   0   0   0   0   0   0   0   0   0   0   0   0   0   0   0   0   0   0  0.00    0.00
   25 Y   -2 -2 -2 -3 -2 -1 -2 -3  2 -1 -1 -2 -1  3 -3 -2 -2  2  7 -1    0   0   0   0   0   0   0   0   0   0   0   0   0   0   0   0   0   0   0   0  0.00    0.00
   26 Y   -2 -2 -2 -3 -2 -1 -2 -3  2 -1 -1 -2 -1  3 -3 -2 -2  2  7 -1    0   0   0   0   0   0   0   0   0   0   0   0   0   0   0   0   0   0   0   0  0.00    0.00
   27 L   -1 -2 -3 -4 -1 -2 -3 -4 -3  2  4 -2  2  0 -3 -2 -1 -2 -1  1    0   0   0   0   0   0   0   0   0   0   0   0   0   0   0   0   0   0   0   0  0.00    0.00
   28 T    0 -1  0 -1 -1 -1 -1 -2 -2 -1 -1 -1 -1 -2 -1  1  5 -2 -2  0    0   0   0   0   0   0   0   0   0   0   0   0   0   0   0   0   0   0   0   0  0.00    0.00
   29 S    1 -1  1  0 -1  0  0  0 -1 -2 -2  0 -1 -2 -1  4  1 -3 -2 -2    0   0   0   0   0   0   0   0   0   0   0   0   0   0   0   0   0   0   0   0  0.00    0.00
   30 A    4 -1 -2 -2  0 -1 -1  0 -2 -1 -1 -1 -1 -2 -1  1  0 -3 -2  0    0   0   0   0   0   0   0   0   0   0   0   0   0   0   0   0   0   0   0   0  0.00    0.00
   31 G    0 -2  0 -1 -3 -2 -2  6 -2 -4 -4 -2 -3 -3 -2  0 -2 -2 -3 -3    0   0   0   0   0   0   0   0   0   0   0   0   0   0   0   0   0   0   0   0  0.00    0.00
   32 N   -2  0  6  1 -3  0  0  0  1 -3 -3  0 -2 -3 -2  1  0 -4 -2 -3    0   0   0   0   0   0   0   0   0   0   0   0   0   0   0   0   0   0   0   0  0.00    0.00
   33 L   -1 -2 -3 -4 -1 -2 -3 -4 -3  2  4 -2  2  0 -3 -2 -1 -2 -1  1    0   0   0   0   0   0   0   0   0   0   0   0   0   0   0   0   0   0   0   0  0.00    0.00
   34 S    1 -1  1  0 -1  0  0  0 -1 -2 -2  0 -1 -2 -1  4  1 -3 -2 -2    0   0   0   0   0   0   0   0   0   0   0   0   0   0   0   0   0   0   0   0  0.00    0.00
   35 Q   -1  1  0  0 -3  5  2 -2  0 -3 -2  1  0 -3 -1  0 -1 -2 -1 -2    0   0   0   0   0   0   0   0   0   0   0   0   0   0   0   0   0   0   0   0  0.00    0.00
   36 L   -1 -2 -3 -4 -1 -2 -3 -4 -3  2  4 -2  2  0 -3 -2 -1 -2 -1  1    0   0   0   0   0   0   0   0   0   0   0   0   0   0   0   0   0   0   0   0  0.00    0.00
   37 V    0 -3 -3 -3 -1 -2 -2 -3 -3  3  1 -2  1 -1 -2 -2  0 -3 -1  4    0   0   0   0   0   0   0   0   0   0   0   0   0   0   0   0   0   0   0   0  0.00    0.00
   38 N   -2  0  6  1 -3  0  0  0  1 -3 -3  0 -2 -3 -2  1  0 -4 -2 -3    0   0   0   0   0   0   0   0   0   0   0   0   0   0   0   0   0   0   0   0  0.00    0.00
   39 N   -2  0  6  1 -3  0  0  0  1 -3 -3  0 -2 -3 -2  1  0 -4 -2 -3    0   0   0   0   0   0   0   0   0   0   0   0   0   0   0   0   0   0   0   0  0.00    0.00
   40 L   -1 -2 -3 -4 -1 -2 -3 -4 -3  2  4 -2  2  0 -3 -2 -1 -2 -1  1    0   0   0   0   0   0   0   0   0   0   0   0   0   0   0   0   0   0   0   0  0.00    0.00
   41 S    1 -1  1  0 -1  0  0  0 -1 -2 -2  0 -1 -2 -1  4  1 -3 -2 -2    0   0   0   0   0   0   0   0   0   0   0   0   0   0   0   0   0   0   0   0  0.00    0.00
   42 T    0 -1  0 -1 -1 -1 -1 -2 -2 -1 -1 -1 -1 -2 -1  1  5 -2 -2  0    0   0   0   0   0   0   0   0   0   0   0   0   0   0   0   0   0   0   0   0  0.00    0.00
   43 L   -1 -2 -3 -4 -1 -2 -3 -4 -3  2  4 -2  2  0 -3 -2 -1 -2 -1  1    0   0   0   0   0   0   0   0   0   0   0   0   0   0   0   0   0   0   0   0  0.00    0.00
   44 L   -1 -2 -3 -4 -1 -2 -3 -4 -3  2  4 -2  2  0 -3 -2 -1 -2 -1  1    0   0   0   0   0   0   0   0   0   0   0   0   0   0   0   0   0   0   0   0  0.00    0.00
   45 L   -1 -2 -3 -4 -1 -2 -3 -4 -3  2  4 -2  2  0 -3 -2 -1 -2 -1  1    0   0   0   0   0   0   0   0   0   0   0   0   0   0   0   0   0   0   0   0  0.00    0.00
   46 I   -1 -3 -3 -3 -1 -3 -3 -4 -3  4  2 -3  1  0 -3 -2 -1 -3 -1  3    0   0   0   0   0   0   0   0   0   0   0   0   0   0   0   0   0   0   0   0  0.00    0.00
   47 I   -1 -3 -3 -3 -1 -3 -3 -4 -3  4  2 -3  1  0 -3 -2 -1 -3 -1  3    0   0   0   0   0   0   0   0   0   0   0   0   0   0   0   0   0   0   0   0  0.00    0.00
   48 P   -1 -2 -2 -1 -3 -1 -1 -2 -2 -3 -3 -1 -2 -4  7 -1 -1 -4 -3 -2    0   0   0   0   0   0   0   0   0   0   0   0   0   0   0   0   0   0   0   0  0.00    0.00
   49 I   -1 -3 -3 -3 -1 -3 -3 -4 -3  4  2 -3  1  0 -3 -2 -1 -3 -1  3    0   0   0   0   0   0   0   0   0   0   0   0   0   0   0   0   0   0   0   0  0.00    0.00
   50 L   -1 -2 -3 -4 -1 -2 -3 -4 -3  2  4 -2  2  0 -3 -2 -1 -2 -1  1    0   0   0   0   0   0   0   0   0   0   0   0   0   0   0   0   0   0   0   0  0.00    0.00
   51 V    0 -3 -3 -3 -1 -2 -2 -3 -3  3  1 -2  1 -1 -2 -2  0 -3 -1  4    0   0   0   0   0   0   0   0   0   0   0   0   0   0   0   0   0   0   0   0  0.00    0.00
   52 V    0 -3 -3 -3 -1 -2 -2 -3 -3  3  1 -2  1 -1 -2 -2  0 -3 -1  4    0   0   0   0   0   0   0   0   0   0   0   0   0   0   0   0   0   0   0   0  0.00    0.00
   53 I   -1 -3 -3 -3 -1 -3 -3 -4 -3  4  2 -3  1  0 -3 -2 -1 -3 -1  3    0   0   0   0   0   0   0   0   0   0   0   0   0   0   0   0   0   0   0   0  0.00    0.00
   54 F   -2 -3 -3 -3 -2 -3 -3 -3 -1  0  0 -3  0  6 -4 -2 -2  1  3 -1    0   0   0   0   0   0   0   0   0   0   0   0   0   0   0   0   0   0   0   0  0.00    0.00
   55 S    1 -1  1  0 -1  0  0  0 -1 -2 -2  0 -1 -2 -1  4  1 -3 -2 -2    0   0   0   0   0   0   0   0   0   0   0   0   0   0   0   0   0   0   0   0  0.00    0.00
   56 V    0 -3 -3 -3 -1 -2 -2 -3 -3  3  1 -2  1 -1 -2 -2  0 -3 -1  4    0   0   0   0   0   0   0   0   0   0   0   0   0   0   0   0   0   0   0   0  0.00    0.00
   57 F   -2 -3 -3 -3 -2 -3 -3 -3 -1  0  0 -3  0  6 -4 -2 -2  1  3 -1    0   0   0   0   0   0   0   0   0   0   0   0   0   0   0   0   0   0   0   0  0.00    0.00
   58 I   -1 -3 -3 -3 -1 -3 -3 -4 -3  4  2 -3  1  0 -3 -2 -1 -3 -1  3    0   0   0   0   0   0   0   0   0   0   0   0   0   0   0   0   0   0   0   0  0.00    0.00
   59 T    0 -1  0 -1 -1 -1 -1 -2 -2 -1 -1 -1 -1 -2 -1  1  5 -2 -2  0    0   0   0   0   0   0   0   0   0   0   0   0   0   0   0   0   0   0   0   0  0.00    0.00
   60 L   -1 -2 -3 -4 -1 -2 -3 -4 -3  2  4 -2  2  0 -3 -2 -1 -2 -1  1    0   0   0   0   0   0   0   0   0   0   0   0   0   0   0   0   0   0   0   0  0.00    0.00
   61 M   -1 -1 -2 -3 -1  0 -2 -3 -2  1  2 -1  5  0 -2 -1 -1 -1 -1  1    0   0   0   0   0   0   0   0   0   0   0   0   0   0   0   0   0   0   0   0  0.00    0.00
   62 F   -2 -3 -3 -3 -2 -3 -3 -3 -1  0  0 -3  0  6 -4 -2 -2  1  3 -1    0   0   0   0   0   0   0   0   0   0   0   0   0   0   0   0   0   0   0   0  0.00    0.00
   63 S    1 -1  1  0 -1  0  0  0 -1 -2 -2  0 -1 -2 -1  4  1 -3 -2 -2    0   0   0   0   0   0   0   0   0   0   0   0   0   0   0   0   0   0   0   0  0.00    0.00
   64 S    1 -1  1  0 -1  0  0  0 -1 -2 -2  0 -1 -2 -1  4  1 -3 -2 -2    0   0   0   0   0   0   0   0   0   0   0   0   0   0   0   0   0   0   0   0  0.00    0.00
   65 I   -1 -3 -3 -3 -1 -3 -3 -4 -3  4  2 -3  1  0 -3 -2 -1 -3 -1  3    0   0   0   0   0   0   0   0   0   0   0   0   0   0   0   0   0   0   0   0  0.00    0.00
   66 I   -1 -3 -3 -3 -1 -3 -3 -4 -3  4  2 -3  1  0 -3 -2 -1 -3 -1  3    0   0   0   0   0   0   0   0   0   0   0   0   0   0   0   0   0   0   0   0  0.00    0.00
   67 V    0 -3 -3 -3 -1 -2 -2 -3 -3  3  1 -2  1 -1 -2 -2  0 -3 -1  4    0   0   0   0   0   0   0   0   0   0   0   0   0   0   0   0   0   0   0   0  0.00    0.00
   68 S    1 -1  1  0 -1  0  0  0 -1 -2 -2  0 -1 -2 -1  4  1 -3 -2 -2    0   0   0   0   0   0   0   0   0   0   0   0   0   0   0   0   0   0   0   0  0.00    0.00
   69 F   -2 -3 -3 -3 -2 -3 -3 -3 -1  0  0 -3  0  6 -4 -2 -2  1  3 -1    0   0   0   0   0   0   0   0   0   0   0   0   0   0   0   0   0   0   0   0  0.00    0.00
   70 L   -1 -2 -3 -4 -1 -2 -3 -4 -3  2  4 -2  2  0 -3 -2 -1 -2 -1  1    0   0   0   0   0   0   0   0   0   0   0   0   0   0   0   0   0   0   0   0  0.00    0.00
   71 Y   -2 -2 -2 -3 -2 -1 -2 -3  2 -1 -1 -2 -1  3 -3 -2 -2  2  7 -1    0   0   0   0   0   0   0   0   0   0   0   0   0   0   0   0   0   0   0   0  0.00    0.00
   72 Y   -2 -2 -2 -3 -2 -1 -2 -3  2 -1 -1 -2 -1  3 -3 -2 -2  2  7 -1    0   0   0   0   0   0   0   0   0   0   0   0   0   0   0   0   0   0   0   0  0.00    0.00
   73 V    0 -3 -3 -3 -1 -2 -2 -3 -3  3  1 -2  1 -1 -2 -2  0 -3 -1  4    0   0   0   0   0   0   0   0   0   0   0   0   0   0   0   0   0   0   0   0  0.00    0.00
   74 T    0 -1  0 -1 -1 -1 -1 -2 -2 -1 -1 -1 -1 -2 -1  1  5 -2 -2  0    0   0   0   0   0   0   0   0   0   0   0   0   0   0   0   0   0   0   0   0  0.00    0.00
   75 A    4 -1 -2 -2  0 -1 -1  0 -2 -1 -1 -1 -1 -2 -1  1  0 -3 -2  0    0   0   0   0   0   0   0   0   0   0   0   0   0   0   0   0   0   0   0   0  0.00    0.00
   76 I   -1 -3 -3 -3 -1 -3 -3 -4 -3  4  2 -3  1  0 -3 -2 -1 -3 -1  3    0   0   0   0   0   0   0   0   0   0   0   0   0   0   0   0   0   0   0   0  0.00    0.00
   77 A    4 -1 -2 -2  0 -1 -1  0 -2 -1 -1 -1 -1 -2 -1  1  0 -3 -2  0    0   0   0   0   0   0   0   0   0   0   0   0   0   0   0   0   0   0   0   0  0.00    0.00
   78 Y   -2 -2 -2 -3 -2 -1 -2 -3  2 -1 -1 -2 -1  3 -3 -2 -2  2  7 -1    0   0   0   0   0   0   0   0   0   0   0   0   0   0   0   0   0   0   0   0  0.00    0.00
   79 A    4 -1 -2 -2  0 -1 -1  0 -2 -1 -1 -1 -1 -2 -1  1  0 -3 -2  0    0   0   0   0   0   0   0   0   0   0   0   0   0   0   0   0   0   0   0   0  0.00    0.00
   80 L   -1 -2 -3 -4 -1 -2 -3 -4 -3  2  4 -2  2  0 -3 -2 -1 -2 -1  1    0   0   0   0   0   0   0   0   0   0   0   0   0   0   0   0   0   0   0   0  0.00    0.00
   81 V    0 -3 -3 -3 -1 -2 -2 -3 -3  3  1 -2  1 -1 -2 -2  0 -3 -1  4    0   0   0   0   0   0   0   0   0   0   0   0   0   0   0   0   0   0   0   0  0.00    0.00
   82 I   -1 -3 -3 -3 -1 -3 -3 -4 -3  4  2 -3  1  0 -3 -2 -1 -3 -1  3    0   0   0   0   0   0   0   0   0   0   0   0   0   0   0   0   0   0   0   0  0.00    0.00
   83 S    1 -1  1  0 -1  0  0  0 -1 -2 -2  0 -1 -2 -1  4  1 -3 -2 -2    0   0   0   0   0   0   0   0   0   0   0   0   0   0   0   0   0   0   0   0  0.00    0.00
   84 N   -2  0  6  1 -3  0  0  0  1 -3 -3  0 -2 -3 -2  1  0 -4 -2 -3    0   0   0   0   0   0   0   0   0   0   0   0   0   0   0   0   0   0   0   0  0.00    0.00
   85 N   -2  0  6  1 -3  0  0  0  1 -3 -3  0 -2 -3 -2  1  0 -4 -2 -3    0   0   0   0   0   0   0   0   0   0   0   0   0   0   0   0   0   0   0   0  0.00    0.00
   86 V    0 -3 -3 -3 -1 -2 -2 -3 -3  3  1 -2  1 -1 -2 -2  0 -3 -1  4    0   0   0   0   0   0   0   0   0   0   0   0   0   0   0   0   0   0   0   0  0.00    0.00
   87 G    0 -2  0 -1 -3 -2 -2  6 -2 -4 -4 -2 -3 -3 -2  0 -2 -2 -3 -3    0   0   0   0   0   0   0   0   0   0   0   0   0   0   0   0   0   0   0   0  0.00    0.00
   88 S    1 -1  1  0 -1  0  0  0 -1 -2 -2  0 -1 -2 -1  4  1 -3 -2 -2    0   0   0   0   0   0   0   0   0   0   0   0   0   0   0   0   0   0   0   0  0.00    0.00
   89 T    0 -1  0 -1 -1 -1 -1 -2 -2 -1 -1 -1 -1 -2 -1  1  5 -2 -2  0    0   0   0   0   0   0   0   0   0   0   0   0   0   0   0   0   0   0   0   0  0.00    0.00
   90 L   -1 -2 -3 -4 -1 -2 -3 -4 -3  2  4 -2  2  0 -3 -2 -1 -2 -1  1    0   0   0   0   0   0   0   0   0   0   0   0   0   0   0   0   0   0   0   0  0.00    0.00
   91 I   -1 -3 -3 -3 -1 -3 -3 -4 -3  4  2 -3  1  0 -3 -2 -1 -3 -1  3    0   0   0   0   0   0   0   0   0   0   0   0   0   0   0   0   0   0   0   0  0.00    0.00
   92 L   -1 -2 -3 -4 -1 -2 -3 -4 -3  2  4 -2  2  0 -3 -2 -1 -2 -1  1    0   0   0   0   0   0   0   0   0   0   0   0   0   0   0   0   0   0   0   0  0.00    0.00
   93 S    1 -1  1  0 -1  0  0  0 -1 -2 -2  0 -1 -2 -1  4  1 -3 -2 -2    0   0   0   0   0   0   0   0   0   0   0   0   0   0   0   0   0   0   0   0  0.00    0.00
   94 T    0 -1  0 -1 -1 -1 -1 -2 -2 -1 -1 -1 -1 -2 -1  1  5 -2 -2  0    0   0   0   0   0   0   0   0   0   0   0   0   0   0   0   0   0   0   0   0  0.00    0.00
   95 F   -2 -3 -3 -3 -2 -3 -3 -3 -1  0  0 -3  0  6 -4 -2 -2  1  3 -1    0   0   0   0   0   0   0   0   0   0   0   0   0   0   0   0   0   0   0   0  0.00    0.00
   96 L   -1 -2 -3 -4 -1 -2 -3 -4 -3  2  4 -2  2  0 -3 -2 -1 -2 -1  1    0   0   0   0   0   0   0   0   0   0   0   0   0   0   0   0   0   0   0   0  0.00    0.00
   97 N   -2  0  6  1 -3  0  0  0  1 -3 -3  0 -2 -3 -2  1  0 -4 -2 -3    0   0   0   0   0   0   0   0   0   0   0   0   0   0   0   0   0   0   0   0  0.00    0.00
   98 L   -1 -2 -3 -4 -1 -2 -3 -4 -3  2  4 -2  2  0 -3 -2 -1 -2 -1  1    0   0   0   0   0   0   0   0   0   0   0   0   0   0   0   0   0   0   0   0  0.00    0.00
   99 L   -1 -2 -3 -4 -1 -2 -3 -4 -3  2  4 -2  2  0 -3 -2 -1 -2 -1  1    0   0   0   0   0   0   0   0   0   0   0   0   0   0   0   0   0   0   0   0  0.00    0.00
  100 G    0 -2  0 -1 -3 -2 -2  6 -2 -4 -4 -2 -3 -3 -2  0 -2 -2 -3 -3    0   0   0   0   0   0   0   0   0   0   0   0   0   0   0   0   0   0   0   0  0.00    0.00
  101 Y   -2 -2 -2 -3 -2 -1 -2 -3  2 -1 -1 -2 -1  3 -3 -2 -2  2  7 -1    0   0   0   0   0   0   0   0   0   0   0   0   0   0   0   0   0   0   0   0  0.00    0.00
  102 Y   -2 -2 -2 -3 -2 -1 -2 -3  2 -1 -1 -2 -1  3 -3 -2 -2  2  7 -1    0   0   0   0   0   0   0   0   0   0   0   0   0   0   0   0   0   0   0   0  0.00    0.00
  103 A    4 -1 -2 -2  0 -1 -1  0 -2 -1 -1 -1 -1 -2 -1  1  0 -3 -2  0    0   0   0   0   0   0   0   0   0   0   0   0   0   0   0   0   0   0   0   0  0.00    0.00
  104 L   -1 -2 -3 -4 -1 -2 -3 -4 -3  2  4 -2  2  0 -3 -2 -1 -2 -1  1    0   0   0   0   0   0   0   0   0   0   0   0   0   0   0   0   0   0   0   0  0.00    0.00
  105 A    4 -1 -2 -2  0 -1 -1  0 -2 -1 -1 -1 -1 -2 -1  1  0 -3 -2  0    0   0   0   0   0   0   0   0   0   0   0   0   0   0   0   0   0   0   0   0  0.00    0.00
  106 T    0 -1  0 -1 -1 -1 -1 -2 -2 -1 -1 -1 -1 -2 -1  1  5 -2 -2  0    0   0   0   0   0   0   0   0   0   0   0   0   0   0   0   0   0   0   0   0  0.00    0.00
  107 I   -1 -3 -3 -3 -1 -3 -3 -4 -3  4  2 -3  1  0 -3 -2 -1 -3 -1  3    0   0   0   0   0   0   0   0   0   0   0   0   0   0   0   0   0   0   0   0  0.00    0.00
  108 I   -1 -3 -3 -3 -1 -3 -3 -4 -3  4  2 -3  1  0 -3 -2 -1 -3 -1  3    0   0   0   0   0   0   0   0   0   0   0   0   0   0   0   0   0   0   0   0  0.00    0.00
  109 I   -1 -3 -3 -3 -1 -3 -3 -4 -3  4  2 -3  1  0 -3 -2 -1 -3 -1  3    0   0   0   0   0   0   0   0   0   0   0   0   0   0   0   0   0   0   0   0  0.00    0.00
  110 G    0 -2  0 -1 -3 -2 -2  6 -2 -4 -4 -2 -3 -3 -2  0 -2 -2 -3 -3    0   0   0   0   0   0   0   0   0   0   0   0   0   0   0   0   0   0   0   0  0.00    0.00
  111 V    0 -3 -3 -3 -1 -2 -2 -3 -3  3  1 -2  1 -1 -2 -2  0 -3 -1  4    0   0   0   0   0   0   0   0   0   0   0   0   0   0   0   0   0   0   0   0  0.00    0.00
  112 I   -1 -3 -3 -3 -1 -3 -3 -4 -3  4  2 -3  1  0 -3 -2 -1 -3 -1  3    0   0   0   0   0   0   0   0   0   0   0   0   0   0   0   0   0   0   0   0  0.00    0.00
  113 L   -1 -2 -3 -4 -1 -2 -3 -4 -3  2  4 -2  2  0 -3 -2 -1 -2 -1  1    0   0   0   0   0   0   0   0   0   0   0   0   0   0   0   0   0   0   0   0  0.00    0.00
  114 G    0 -2  0 -1 -3 -2 -2  6 -2 -4 -4 -2 -3 -3 -2  0 -2 -2 -3 -3    0   0   0   0   0   0   0   0   0   0   0   0   0   0   0   0   0   0   0   0  0.00    0.00
  115 I   -1 -3 -3 -3 -1 -3 -3 -4 -3  4  2 -3  1  0 -3 -2 -1 -3 -1  3    0   0   0   0   0   0   0   0   0   0   0   0   0   0   0   0   0   0   0   0  0.00    0.00
  116 S    1 -1  1  0 -1  0  0  0 -1 -2 -2  0 -1 -2 -1  4  1 -3 -2 -2    0   0   0   0   0   0   0   0   0   0   0   0   0   0   0   0   0   0   0   0  0.00    0.00
  117 R   -1  5  0 -2 -3  1  0 -2  0 -3 -2  2 -1 -3 -2 -1 -1 -3 -2 -3    0   0   0   0   0   0   0   0   0   0   0   0   0   0   0   0   0   0   0   0  0.00    0.00
  118 R   -1  5  0 -2 -3  1  0 -2  0 -3 -2  2 -1 -3 -2 -1 -1 -3 -2 -3    0   0   0   0   0   0   0   0   0   0   0   0   0   0   0   0   0   0   0   0  0.00    0.00
  119 S    1 -1  1  0 -1  0  0  0 -1 -2 -2  0 -1 -2 -1  4  1 -3 -2 -2    0   0   0   0   0   0   0   0   0   0   0   0   0   0   0   0   0   0   0   0  0.00    0.00
  120 F   -2 -3 -3 -3 -2 -3 -3 -3 -1  0  0 -3  0  6 -4 -2 -2  1  3 -1    0   0   0   0   0   0   0   0   0   0   0   0   0   0   0   0   0   0   0   0  0.00    0.00
  121 P   -1 -2 -2 -1 -3 -1 -1 -2 -2 -3 -3 -1 -2 -4  7 -1 -1 -4 -3 -2    0   0   0   0   0   0   0   0   0   0   0   0   0   0   0   0   0   0   0   0  0.00    0.00
  122 D   -2 -2  1  6 -3  0  2 -1 -1 -3 -4 -1 -3 -3 -1  0 -1 -4 -3 -3    0   0   0   0   0   0   0   0   0   0   0   0   0   0   0   0   0   0   0   0  0.00    0.00
  123 E   -1  0  0  2 -4  2  5 -2  0 -3 -3  1 -2 -3 -1  0 -1 -3 -2 -2    0   0   0   0   0   0   0   0   0   0   0   0   0   0   0   0   0   0   0   0  0.00    0.00
  124 I   -1 -3 -3 -3 -1 -3 -3 -4 -3  4  2 -3  1  0 -3 -2 -1 -3 -1  3    0   0   0   0   0   0   0   0   0   0   0   0   0   0   0   0   0   0   0   0  0.00    0.00
  125 L   -1 -2 -3 -4 -1 -2 -3 -4 -3  2  4 -2  2  0 -3 -2 -1 -2 -1  1    0   0   0   0   0   0   0   0   0   0   0   0   0   0   0   0   0   0   0   0  0.00    0.00
  126 L   -1 -2 -3 -4 -1 -2 -3 -4 -3  2  4 -2  2  0 -3 -2 -1 -2 -1  1    0   0   0   0   0   0   0   0   0   0   0   0   0   0   0   0   0   0   0   0  0.00    0.00
  127 N   -2  0  6  1 -3  0  0  0  1 -3 -3  0 -2 -3 -2  1  0 -4 -2 -3    0   0   0   0   0   0   0   0   0   0   0   0   0   0   0   0   0   0   0   0  0.00    0.00
  128 V    0 -3 -3 -3 -1 -2 -2 -3 -3  3  1 -2  1 -1 -2 -2  0 -3 -1  4    0   0   0   0   0   0   0   0   0   0   0   0   0   0   0   0   0   0   0   0  0.00    0.00
  129 S    1 -1  1  0 -1  0  0  0 -1 -2 -2  0 -1 -2 -1  4  1 -3 -2 -2    0   0   0   0   0   0   0   0   0   0   0   0   0   0   0   0   0   0   0   0  0.00    0.00
  130 R   -1  5  0 -2 -3  1  0 -2  0 -3 -2  2 -1 -3 -2 -1 -1 -3 -2 -3    0   0   0   0   0   0   0   0   0   0   0   0   0   0   0   0   0   0   0   0  0.00    0.00
  131 L   -1 -2 -3 -4 -1 -2 -3 -4 -3  2  4 -2  2  0 -3 -2 -1 -2 -1  1    0   0   0   0   0   0   0   0   0   0   0   0   0   0   0   0   0   0   0   0  0.00    0.00
  132 N   -2  0  6  1 -3  0  0  0  1 -3 -3  0 -2 -3 -2  1  0 -4 -2 -3    0   0   0   0   0   0   0   0   0   0   0   0   0   0   0   0   0   0   0   0  0.00    0.00
  133 V    0 -3 -3 -3 -1 -2 -2 -3 -3  3  1 -2  1 -1 -2 -2  0 -3 -1  4    0   0   0   0   0   0   0   0   0   0   0   0   0   0   0   0   0   0   0   0  0.00    0.00
  134 S    1 -1  1  0 -1  0  0  0 -1 -2 -2  0 -1 -2 -1  4  1 -3 -2 -2    0   0   0   0   0   0   0   0   0   0   0   0   0   0   0   0   0   0   0   0  0.00    0.00
  135 V    0 -3 -3 -3 -1 -2 -2 -3 -3  3  1 -2  1 -1 -2 -2  0 -3 -1  4    0   0   0   0   0   0   0   0   0   0   0   0   0   0   0   0   0   0   0   0  0.00    0.00
  136 N   -2  0  6  1 -3  0  0  0  1 -3 -3  0 -2 -3 -2  1  0 -4 -2 -3    0   0   0   0   0   0   0   0   0   0   0   0   0   0   0   0   0   0   0   0  0.00    0.00
  137 K   -1  2  0 -1 -3  1  1 -2 -1 -3 -2  5 -1 -3 -1  0 -1 -3 -2 -2    0   0   0   0   0   0   0   0   0   0   0   0   0   0   0   0   0   0   0   0  0.00    0.00
  138 K   -1  2  0 -1 -3  1  1 -2 -1 -3 -2  5 -1 -3 -1  0 -1 -3 -2 -2    0   0   0   0   0   0   0   0   0   0   0   0   0   0   0   0   0   0   0   0  0.00    0.00
  139 N   -2  0  6  1 -3  0  0  0  1 -3 -3  0 -2 -3 -2  1  0 -4 -2 -3    0   0   0   0   0   0   0   0   0   0   0   0   0   0   0   0   0   0   0   0  0.00    0.00
  140 A    4 -1 -2 -2  0 -1 -1  0 -2 -1 -1 -1 -1 -2 -1  1  0 -3 -2  0    0   0   0   0   0   0   0   0   0   0   0   0   0   0   0   0   0   0   0   0  0.00    0.00
  141 I   -1 -3 -3 -3 -1 -3 -3 -4 -3  4  2 -3  1  0 -3 -2 -1 -3 -1  3    0   0   0   0   0   0   0   0   0   0   0   0   0   0   0   0   0   0   0   0  0.00    0.00
  142 Y   -2 -2 -2 -3 -2 -1 -2 -3  2 -1 -1 -2 -1  3 -3 -2 -2  2  7 -1    0   0   0   0   0   0   0   0   0   0   0   0   0   0   0   0   0   0   0   0  0.00    0.00
  143 G    0 -2  0 -1 -3 -2 -2  6 -2 -4 -4 -2 -3 -3 -2  0 -2 -2 -3 -3    0   0   0   0   0   0   0   0   0   0   0   0   0   0   0   0   0   0   0   0  0.00    0.00
  144 G    0 -2  0 -1 -3 -2 -2  6 -2 -4 -4 -2 -3 -3 -2  0 -2 -2 -3 -3    0   0   0   0   0   0   0   0   0   0   0   0   0   0   0   0   0   0   0   0  0.00    0.00
  145 L   -1 -2 -3 -4 -1 -2 -3 -4 -3  2  4 -2  2  0 -3 -2 -1 -2 -1  1    0   0   0   0   0   0   0   0   0   0   0   0   0   0   0   0   0   0   0   0  0.00    0.00
  146 I   -1 -3 -4 -3 -1 -3 -4 -4 -4  4  2 -3  1  0 -3 -3 -1 -3 -1  3    0   0   0   0   0   0   0   0   0 100   0   0   0   0   0   0   0   0   0   0  0.39 0.00
  147 V    1 -2 -1 -1 -1 -1 -1 -2 -2  1  0 -1  0 -2 -2  3  1 -3 -2  2    0   0   0   0   0   0   0   0   0   0   0   0   0   0   0  50   0   0   0  50  0.18 0.00
  148 L   -2 -2 -4 -4 -1 -2 -3 -4 -3  2  4 -3  2  0 -3 -3 -1 -2 -1  1    0   0   0   0   0   0   0   0   0   0 100   0   0   0   0   0   0   0   0   0  0.46 0.00
  149 I   -1 -3 -3 -3 -1 -3 -3 -4 -3  4  1 -3  1 -1 -3 -2  0 -3 -1  4    0   0   0   0   0   0   0   0   0  50   0   0   0   0   0   0   0   0   0  50  0.35 0.00
  150 S    0 -2 -1 -1 -1 -1 -1 -2 -2  3  0 -1  0 -1 -2  2  1 -3 -2  1    0   0   0   0   0   0   0   0   0  50   0   0   0   0   0  50   0   0   0   0  0.16 0.00
  151 F    0 -2 -1 -2 -2 -1 -1 -2 -1 -1 -1 -1 -1  5 -2  2  0  0  2 -1    0   0   0   0   0   0   0   0   0   0   0   0   0  50   0  50   0   0   0   0  0.28 0.00
  152 L   -2 -2 -4 -4 -1 -2 -3 -4 -3  2  4 -3  2  0 -3 -3 -1 -2 -1  1    0   0   0   0   0   0   0   0   0   0 100   0   0   0   0   0   0   0   0   0  0.46 0.00
  153 I   -1 -3 -3 -3 -1 -3 -3 -4 -3  4  1 -3  1 -1 -3 -2  0 -3 -1  4    0   0   0   0   0   0   0   0   0  50   0   0   0   0   0   0   0   0   0  50  0.35 0.00
  154 F   -2 -1 -1  0 -3  0  3 -3 -1 -1 -1 -1 -1  5 -2 -1 -2  0  2 -2    0   0   0   0   0   0  50   0   0   0   0   0   0  50   0   0   0   0   0   0  0.36 0.00
  155 Y   -2 -2 -3 -4 -2 -2 -3 -4  0  0  3 -2  1  2 -3 -2 -2  1  5  0    0   0   0   0   0   0   0   0   0   0  50   0   0   0   0   0   0   0  50   0  0.42 0.00
  156 E   -1 -1 -2  0 -2  0  3 -3 -1  2  0 -1  0 -1 -2 -1 -1 -3 -2  1    0   0   0   0   0   0  50   0   0  50   0   0   0   0   0   0   0   0   0   0  0.22 0.00
  157 V   -1 -3 -3 -4 -1 -2 -3 -4 -3  2  3 -3  2  0 -3 -2 -1 -2 -1  3    0   0   0   0   0   0   0   0   0   0  50   0   0   0   0   0   0   0   0  50  0.32 0.00
  158 L   -2 -2 -4 -4 -1 -2 -3 -4 -3  2  4 -3  2  0 -3 -3 -1 -2 -1  1    0   0   0   0   0   0   0   0   0   0 100   0   0   0   0   0   0   0   0   0  0.46 0.00
  159 S    0  1  0 -1 -2  1  0 -1 -1 -3 -3  3 -2 -3 -1  3  1 -3 -2 -2    0   0   0   0   0   0   0   0   0   0   0  50   0   0   0  50   0   0   0   0  0.34 0.00
  160 S    0 -1  5  1 -2  0  0  0  0 -3 -3  0 -2 -3 -1  3  1 -3 -2 -2    0   0  50   0   0   0   0   0   0   0   0   0   0   0   0  50   0   0   0   0  0.45 0.00
  161 P   -1 -2 -2 -2 -3 -1 -2 -3  0 -2 -2 -2 -2  1  6 -1 -1  1  5 -2    0   0   0   0   0   0   0   0   0   0   0   0   0   0  50   0   0   0  50   0  0.98 0.00
  162 F   -2 -2 -3 -4 -3 -2 -3 -3  1 -1  0 -3 -1  5 -4 -2 -2  2  6 -1    0   0   0   0   0   0   0   0   0   0   0   0   0  50   0   0   0   0  50   0  0.69 0.00
  163 L   -2 -2 -4 -4 -1 -2 -3 -4 -3  2  4 -3  2  0 -3 -3 -1 -2 -1  1    0   0   0   0   0   0   0   0   0   0 100   0   0   0   0   0   0   0   0   0  0.46 0.00
  164 F   -2 -3 -3 -4 -3 -3 -4 -3 -1  0  0 -3  0  7 -4 -3 -2  1  3 -1    0   0   0   0   0   0   0   0   0   0   0   0   0 100   0   0   0   0   0   0  0.74 0.00
  165 V   -1 -3 -3 -4 -2 -3 -3 -3 -2  2  1 -3  0  5 -3 -2 -1  0  2  3    0   0   0   0   0   0   0   0   0   0   0   0   0  50   0   0   0   0   0  50  0.35 0.00
  166 G    0 -3  0 -1 -3 -2 -2  6 -2 -4 -4 -2 -3 -3 -2  0 -2 -3 -3 -3    0   0   0   0   0   0   0 100   0   0   0   0   0   0   0   0   0   0   0   0  1.04 0.00
  167 S    1 -1  1  0 -1  0  0  0 -1 -3 -3  0 -2 -3 -1  4  1 -3 -2 -2    0   0   0   0   0   0   0   0   0   0   0   0   0   0   0 100   0   0   0   0  0.46 0.00
  168 I   -2 -3 -4 -4 -1 -3 -3 -4 -3  3  3 -3  2  0 -3 -3 -1 -2 -1  2    0   0   0   0   0   0   0   0   0  50  50   0   0   0   0   0   0   0   0   0  0.37 0.00
  169 A    3 -2 -3 -3 -1 -2 -2 -1 -2  0  2 -2  1 -1 -2  0 -1 -2 -2  0   50   0   0   0   0   0   0   0   0   0  50   0   0   0   0   0   0   0   0   0  0.20 0.00
  170 S    1 -1  1  0 -1  0  0  0 -1 -3 -3  0 -2 -3 -1  4  1 -3 -2 -2    0   0   0   0   0   0   0   0   0   0   0   0   0   0   0 100   0   0   0   0  0.46 0.00
  171 F    0 -2 -1 -2 -2 -1 -1 -2 -1 -1 -1 -1 -1  5 -2  2  0  0  2 -1    0   0   0   0   0   0   0   0   0   0   0   0   0  50   0  50   0   0   0   0  0.28 0.00
  172 T   -1 -2 -1 -2 -1 -2 -2 -3 -3  3  1 -2  0 -1 -2  0  3 -3 -2  2    0   0   0   0   0   0   0   0   0  50   0   0   0   0   0   0  50   0   0   0  0.24 0.00
  173 L   -1 -2 -2 -2 -2 -2 -3  4 -3  0  2 -2  1 -1 -3 -1 -2 -2 -2 -1    0   0   0   0   0   0   0  50   0   0  50   0   0   0   0   0   0   0   0   0  0.36 0.00
  174 L   -2 -3 -3 -4 -2 -3 -3 -4 -2  1  3 -3  1  5 -4 -3 -2  0  2  0    0   0   0   0   0   0   0   0   0   0  50   0   0  50   0   0   0   0   0   0  0.43 0.00
  175 F    0 -2 -1 -2 -2 -1 -1 -2 -1 -1 -1 -1 -1  5 -2  2  0  0  2 -1    0   0   0   0   0   0   0   0   0   0   0   0   0  50   0  50   0   0   0   0  0.28 0.00
  176 F   -2 -3 -3 -4 -3 -3 -4 -3 -1  0  0 -3  0  7 -4 -3 -2  1  3 -1    0   0   0   0   0   0   0   0   0   0   0   0   0 100   0   0   0   0   0   0  0.74 0.00
  177 I   -2 -3 -3 -4 -2 -3 -3 -4 -2  3  1 -3  1  5 -3 -3 -1  0  2  1    0   0   0   0   0   0   0   0   0  50   0   0   0  50   0   0   0   0   0   0  0.38 0.00
  178 S    1 -2  0 -1 -2 -1 -1  4 -2 -3 -3 -1 -2 -3 -2  3  0 -3 -3 -3    0   0   0   0   0   0   0  50   0   0   0   0   0   0   0  50   0   0   0   0  0.53 0.00
  179 N   -1  0  4  2 -3  1  4 -1  0 -4 -3  0 -2 -3 -2  0  0 -4 -2 -3    0   0  50   0   0   0  50   0   0   0   0   0   0   0   0   0   0   0   0   0  0.54 0.00
  180 D   -2 -2  0  4 -2 -1  0 -2 -2  2  0 -2  0 -2 -2 -1 -1 -4 -2  1    0   0   0  50   0   0   0   0   0  50   0   0   0   0   0   0   0   0   0   0  0.29 0.00
  181 S    1 -1  0 -1 -1  0 -1 -1 -1 -2 -2  0 -1 -2 -1  3  4 -3 -2 -1    0   0   0   0   0   0   0   0   0   0   0   0   0   0   0  50  50   0   0   0  0.39 0.00
  182 I   -2 -2  0  5 -3 -1  1 -2 -2  1 -1 -1 -1 -2 -2 -1 -1 -4 -3  0    0   0   0  69   0   0   0   0   0  31   0   0   0   0   0   0   0   0   0   0  0.47 0.01
  183 F   -1  3 -2 -3 -2 -1 -2 -3 -1  0  0  0  0  3 -3 -2 -1 -1  1  1    0  38   0   0   0   0   0   0   0   0   0   0   0  31   0   0   0   0   0  31  0.22 0.01
  184 P   -1 -2 -2 -2 -3 -2 -1 -2 -2 -3 -3 -1 -3 -4  8 -1 -1 -4 -3 -3    0   0   0   0   0   0   0   0   0   0   0   0   0   0 100   0   0   0   0   0  2.08 0.02
  185 L   -1 -1 -2 -1 -2  0  3 -3 -2  0  3 -1  1 -1 -2 -2 -1 -2 -2  0    0   0   0   0   0   0  38   0   0   0  62   0   0   0   0   0   0   0   0   0  0.25 0.01
  186 I   -1 -2 -3 -3 -1 -2 -3 -3 -3  3  2 -2  4  0 -3 -2 -1 -2 -1  3    0   0   0   0   0   0   0   0   0  31   0   0  38   0   0   0   0   0   0  31  0.29 0.01
  187 I   -1 -3 -3 -4 -1 -3 -3 -4 -3  3  2 -3  1  0 -3 -2 -1 -3 -1  3    0   0   0   0   0   0   0   0   0  31  31   0   0   0   0   0   0   0   0  38  0.33 0.01
  188 L   -2 -2 -1  4 -2 -1  0 -3 -2  0  3 -2  1 -1 -3 -2 -1 -3 -2  0    0   0   0  38   0   0   0   0   0   0  62   0   0   0   0   0   0   0   0   0  0.28 0.01
  189 S    0 -1  0 -1 -2 -1 -1 -1  0 -2 -2 -1 -1  1 -2  3  1  0  5 -2    0   0   0   0   0   0   0   0   0   0   0   0   0   0   0  62   0   0  38   0  0.36 0.01
  190 W   -1 -3 -2 -3 -3 -2 -3  3 -3 -3 -3 -3 -2  0 -3 -2 -2 10  1 -3    0   0   0   0   0   0   0  38   0   0   0   0   0   0   0   0   0  62   0   0  1.43 0.02
  191 F   -1 -3 -3 -4 -2 -3 -3 -4 -3  4  1 -3  1  3 -3 -2 -1 -2  0  3    0   0   0   0   0   0   0   0   0  51   0   0   0  23   0   0   0   0   0  26  0.33 0.02
  192 S   -1 -2 -2 -3 -1 -2 -2 -3 -3  3  2 -2  1  0 -2  1  0 -3 -2  2    0   0   0   0   0   0   0   0   0  49  28   0   0   0   0  23   0   0   0   0  0.21 0.02
  193 F   -2 -3 -3 -4 -2 -3 -3 -4  0  0  2 -3  0  5 -4 -2 -2  1  5  0    0   0   0   0   0   0   0   0   0   0  28   0   0  45   0   0   0   0  26   0  0.51 0.02
  194 P   -1 -2 -2 -2 -3 -2 -1 -3 -3 -3 -3 -1 -3 -4  8 -1 -1 -4 -3 -3    0   0   0   0   0   0   0   0   0   0   0   0   0   0 100   0   0   0   0   0  2.12 0.04
  195 F   -2 -2 -2 -3 -2 -2 -2 -3  0 -1 -1 -2 -1  4 -3 -1  2  1  6 -1    0   0   0   0   0   0   0   0   0   0   0   0   0  23   0   0  26   0  51   0  0.50 0.03
  196 L    0 -1  0 -1 -1 -1 -1 -1 -2 -1  1 -1  0 -2 -1  3  3 -3 -2 -1    0   0   0   0   0   0   0   0   0   0  23   0   0   0   0  49  28   0   0   0  0.24 0.02
  197 F   -1 -2 -2 -3 -2 -2 -3 -3 -2  2  2 -2  1  3 -3 -1  2 -1  0  1    0   0   0   0   0   0   0   0   0  23  26   0   0  23   0   0  28   0   0   0  0.21 0.01
  198 T    2 -2  0 -1 -1 -1 -1  2 -2 -2 -2 -1 -1 -3 -1  2  3 -3 -2 -1   22   0   0   0   0   0   0  21   0   0   0   0   0   0   0  18  39   0   0   0  0.33 0.03
  199 Q   -1 -1  2 -1 -2  2  0 -2 -1  2  0 -1  0 -1 -2 -1  0 -2 -1  2    1   1  23   1   0  18   1   1   0  23   2   1   0   1   1   1   1   0   1  22  0.10 0.02
  200 L   -1 -2 -3 -3 -1 -2 -2 -3 -2  3  3 -2  1  0 -2 -2 -1 -2 -1  2    1   1   1   1   0   1   1   1   0  22  41   1   0   1   1   1   1   0   1  23  0.22 0.01
  201 S   -1  1 -1 -1 -3  0  0 -2 -2 -3 -3  3 -2 -4  5  1 -1 -4 -3 -3    0   0   0   0   0   0   0   0   0   0   0  44   0   0  39  17   0   0   0   0  0.73 0.04
  202 A    2  0 -1 -2 -2  0  0 -1 -2 -2 -2  3 -2 -3  4  0 -1 -3 -2 -2   39   0   0   0   0   0   0   0   0   0   0  39   0   0  22   0   0   0   0   0  0.44 0.03
  203 Y   -2 -2  2 -2 -3 -2 -2 -3  1  1 -1 -2 -1  2 -3 -1 -1  1  6 -1    0   0  22   0   0   0   0   0   0  18   0   0   0   0   0   0   0   0  60   0  0.49 0.05
  204 S    0  2  0 -1 -2  0 -1  2 -1 -2 -2  0 -2 -2  4  1  0 -2 -2 -2    2  19   1   1   0   1   1  24   0   1   2   1   0   1  22  19   1   0   1   1  0.36 0.01
  205 V    0 -1 -2 -2 -1 -1 -1 -3 -2  1  0  1  0 -2 -2 -1  2 -3 -2  3    0   0   0   0   0   0   0   0   0   0   0  22   0   0   0   0  18   0   0  60  0.20 0.03
  206 N   -1  0  2  1 -3  3  3 -2  0 -3 -3  0 -2 -3 -2  0  2 -3 -2 -2    0   0  17   0   0  21  40   0   0   0   0   0   0   0   0   0  22   0   0   0  0.42 0.03
  207 E   -1 -1  2  1 -3  1  4 -2 -1  1 -2  0 -1 -3 -2 -1 -1 -3 -2 -1    0   0  18   0   0   0  60   0   0  22   0   0   0   0   0   0   0   0   0   0  0.37 0.04
  208 K   -1  3  0 -1 -3  1  0 -2 -1 -3 -3  4 -2 -3 -1  1  0 -3 -2 -3    0  22   0   0   0   0   0   0   0   0   0  56   0   0   0  22   0   0   0   0  0.45 0.04
  209 G    0 -2 -1 -2 -2 -2 -2  5 -3  1 -1 -2 -1 -2 -2  0  1 -3 -3  0    0   0   0   0   0   0   0  57   0  22   0   0   0   0   0   0  21   0   0   0  0.44 0.03
  210 I    1  2 -2 -2 -2 -1 -2  2 -2  2  0 -1  0 -2 -2 -1 -1 -3 -2  1   22  21   0   0   0   0   0  22   0  35   0   0   0   0   0   0   0   0   0   0  0.14 0.02
  211 E    1 -1 -1 -1  6  2  3 -2 -1 -2 -2  0 -2 -3 -2  0 -1 -3 -2 -2   18   0   0   0  32  19  31   0   0   0   0   0   0   0   0   0   0   0   0   0  0.45 0.05
  212 L   -1 -3 -3 -4 -2 -3 -3 -4 -1  2  1 -3  1  3 -3 -2 -1  0  3  3    0   0   0   0   0   0   0   0   0  15  14   0   0  17   0   0   0   0  19  35  0.31 0.03
  213 G    0 -2 -1 -1 -3 -2 -2  6 -2 -4 -4 -2 -3 -4 -2  1 -1 -3 -3 -3    0   0   0   0   0   0   0  83   0   0   0   0   0   0   0  17   0   0   0   0  0.93 0.06
  214 S    1 -1  0 -1 -2  0  1 -1 -1 -1  0  1 -1 -2 -1  3  0 -3 -2 -1   13   0   0   0   0   0  13   0   0   0  17  13   0   0   0  43   0   0   0   0  0.19 0.04
  215 I   -1 -2 -2 -2 -2 -1  1 -3 -2  2  3 -2  1  0 -2 -2 -1 -2 -1  2    1   1   1   1   0   1  15   1   0  26  39   1   0   1   1   1   1   0   0  11  0.18 0.03
  216 E    1  0 -1  0 -2  1  4 -2 -1 -1 -2  1 -2 -3 -1  1 -1 -3 -2  0   17   0   0   0   0   0  47   0   0   0   0  14   0   0   0  10   0   0   0  13  0.31 0.05
  217 G    0 -3 -1 -2  3 -2 -3  6  2 -4 -4 -2 -3 -4 -3 -1 -2 -3 -3 -3    0   0   0   0  11   0   0  81   8   0   0   0   0   0   0   0   0   0   0   0  0.98 0.11
  218 V    0 -3 -3 -4 -1 -3 -3 -3 -3  3  2 -3  1 -1 -3 -2 -1 -3 -2  3   12   0   0   0   0   0   0   0   0  26  29   0   0   0   0   0   0   0   0  34  0.32 0.06
  219 L   -2 -3 -3 -4 -2 -3 -3 -4 -3  1  4 -3  1  2 -3 -2  0 -2 -1  2    0   0   0   0   0   0   0   0   0   0  63   0   0  10   0   0  10   0   0  17  0.40 0.09
  220 A    3 -1 -1 -1 -1  0  1 -1 -2 -1  0  1 -1 -2 -1  1  2 -3 -2 -1   39   0   0   0   0   0  13   0   0   0  10  10   0   0   0   9  20   0   0   0  0.22 0.07
  221 P   -1 -2 -2 -2 -3 -1 -2  3 -2 -4 -4  0 -3 -4  6  1 -1 -4 -3 -3    0   0   0   0   0   0   0  25   0   0   0   9   0   0  53  13   0   0   0   0  1.07 0.12
  222 S    0 -1  0  1 -2  0  1 -1 -2 -3 -3  1 -2 -3  2  3  2 -4 -3 -2    0   0   0   9   0   0   9   0   0   0   0  11   0   0  10  47  14   0   0   0  0.40 0.10
  223 L   -1 -1 -2 -2 -2 -1  0  0 -1  0  2  0  2  1 -2 -2 -1 -1  4  0    1   1   0   1   0   0  11   9   0   1  23   7  10   5   1   1   1   0  22   9  0.14 0.06
  224 V   -1  1 -2 -3 -2 -2 -2  0 -3  2  0 -1  0 -1 -3 -2 -1  4 -1  4    1  13   0   1   0   0   1   8   0  13   1   1   0   0   1   1   1   8   0  50  0.27 0.10
  225 N    0 -2  6  0 -3 -1 -2 -2  0 -4 -3 -1 -3 -1 -3 -1 -1  4  4 -3   10   0  63   0   0   0   0   0   0   0   0   0   0   0   0   0   0   8  19   0  0.76 0.19
  226 R    0  2 -1 -2 -3  2 -1 -2  2  0 -1  1 -1 -3  3 -1 -1 -3 -2  1   10  15   0   0   0  13   0   0  10   7   0  10   0   0  16   0   0   0   0  19  0.24 0.08
  227 I   -1 -3 -3 -3 -2 -2 -3  1 -3  1  3 -2  2 -1  1 -2  1 -3 -2  0    0   0   0   0   0   0   0  12   0   6  50   0   9   0   7   0  16   0   0   0  0.29 0.11
  228 S    2 -1 -1  0 -2 -1  0  0 -2 -2 -3  0 -2 -3 -2  3  2 -4 -3  0   25   0   0   4   0   0   3   7   0   0   0   8   0   0   0  32  15   0   0   6  0.30 0.12
  229 N    0  0  3  0 -3 -1 -1  1  5 -2 -1 -1 -2  1 -3 -1  0 -2  2 -2   11   7  17   5   0   0   0  12  20   0   7   0   0   9   0   0   5   0   6   0  0.22 0.11
  230 T    0  0  2 -1 -3 -1 -1 -2 -1  0 -2  3 -2 -2  1  1  2 -3  1 -2    5   0  12   0   0   0   0   0   0   9   0  32   0   0   7  13  15   0   6   0  0.26 0.14
  231 K   -2  1 -1  1  3  2  1 -3  2 -3 -3  2 -2 -1  1  0 -1 -2  3 -3    0   6   0   8   9  10  11   0   6   0   0  14   0   0   6   6   4   0  19   0  0.28 0.13
  232 Y   -2 -3 -3 -3 -3 -2 -1 -4 -1  1  2 -3 -1  2 -4  0  0 -1  5  1    0   0   0   0   0   0   5   0   0   8  22   0   0   9   0  10   8   0  31   8  0.42 0.22
  233 G   -2 -4 -2 -3 -4 -1 -3  6 -4 -2 -4 -2 -3  1  0 -2  0 -4 -3 -2    0   0   0   0   0   3   0  64   0   3   0   3   0   9   6   0   8   0   0   4  0.91 0.36
  234 W   -3 -3 -1 -4 -3 -1 -2 -4  3  1  0 -3 -1  2 -4 -3  0  8  1  2    0   0   4   0   0   3   2   0  10   9   6   0   0  10   0   0   7  21   3  23  0.60 0.26
  235 K    0  1  4  2 -4 -1  3 -3  3 -2 -4  1 -3 -4 -3  0 -1 -4 -3 -3    6   7  27   9   0   0  24   0   7   3   0   8   0   0   0   4   3   0   0   0  0.49 0.25
  236 K    2 -1 -2  0 -3  0 -1  0 -2 -2 -1  2  0 -1  2  0  0 -3 -2  0   27   0   0   6   0   3   0   5   0   0   4  22   3   4   8   7   3   0   0   6  0.20 0.17
  237 F   -1 -2 -2 -2 -2 -1  0  0  2  2  0  0  1  0  1  0  1 -2  1  0    1   1   0   1   0   0   7   7   7  20  11   7   5   5   8   7   9   0   4   1  0.08 0.11
  238 S    0  0  2 -2 -2  0 -2 -2 -2  0  0 -2 -2 -2 -2  3  2 -3  1 -2    7   4  13   0   0   3   1   1   0   7  11   0   0   0   0  31  13   0   7   1  0.25 0.20
  239 N    0 -2  3  1 -3 -2 -1  4  3 -4 -4  0 -3 -4 -3  1  0 -4 -3 -3    9   0  18   7   0   0   3  33   7   0   1   5   0   0   0  11   5   0   0   0  0.50 0.25
  240 L   -1  0  3 -1 -3  1  1  0 -1 -1 -1  0  0  0 -1  1  1  2 -2 -1    4   6  21   0   0   5  12   6   0   2   8   3   3   5   2   8   9   4   0   3  0.15 0.14
  241 K    0 -1 -3  0 -4  0  0 -3 -3 -1  0  2  0 -4  6 -2 -2 -4 -4 -3   10   3   0   6   0   3   6   0   0   3  12  13   3   0  40   0   0   0   0   0  0.74 0.32
  242 F   -3 -3 -1 -4 -3 -1 -3 -4 -3  3  1 -2 -1  5 -1 -3 -2 -2  3  2    1   0   3   1   0   3   1   1   0  23   9   3   0  25   3   1   1   0  10  16  0.47 0.25
  243 V    0  0 -2 -1  3  0 -2 -3 -2  2  0 -1  3 -2  0  0  0 -3  1  1    8   6   0   3   8   3   0   1   0  14   5   3  12   0   3  10   3   0   6  13  0.15 0.16
  244 L   -1 -3 -3 -4 -2 -3 -3 -2 -3  2  3 -2  2  0 -1 -1  0  3  0  3    4   1   0   1   0   0   1   3   0   9  33   3   4   2   2   3   6   4   3  21  0.32 0.21
  245 N   -1 -3  3  5 -4 -2 -1 -3  0 -4 -4  0 -3 -1 -1  1  0 -4  0 -4    5   1  17  40   0   1   1   1   3   1   1   5   0   3   3  11   5   0   3   1  0.66 0.33
  246 F    1  2 -1 -1 -3 -1 -1  1 -2 -1  0  0 -1  1  2 -1 -1 -2  1 -1   15  15   2   3   0   2   4   9   0   3   9   3   0   6  12   1   3   0   7   5  0.13 0.12
  247 D   -1  1  2  4 -3  1  1 -1  0 -2 -3  2 -3 -2 -1  1 -1 -3 -1 -3    4   7   8  23   0   5   9   4   2   3   1  12   0   2   2   9   3   0   2   1  0.29 0.18
  248 G    1  0  1  1 -3  2  1  0 -2 -2 -2  2  0 -3 -1  1  0 -3 -1 -2   16   4   5   7   0   8  10   5   0   2   4  14   3   0   2  11   4   0   3   1  0.17 0.15
  249 A   -1 -4 -4 -1 -3 -4 -3 -4 -4  0  5 -4  1  0 -2 -1  0 -4 -3  1    4   0   0   4   0   0   2   1   0   3  57   0   3   3   2   6   5   0   0   9  0.66 0.38
  250 K    1  2  0 -2 -3 -1  0 -3 -2 -2  1  2  0 -1  1 -1  1 -3 -2 -1   14  14   4   1   0   2   4   1   0   1  15  17   3   3   7   2   9   0   0   5  0.18 0.18
  251 N    0 -1  6  0 -1  0 -2 -2  0 -5 -5 -1 -4 -5  2  2 -2 -5 -2 -5    7   4  43   3   1   3   2   3   2   0   1   2   0   0  11  13   2   0   2   0  0.83 0.48
  252 Y   -3  4 -4 -5 -6  1 -4  0  6 -6 -5 -1 -2 -1  4  0  0 -6 -1 -5    2  25   0   0   0   6   0   7  21   0   0   3   1   3  18   6   6   0   1   0  0.90 0.53
  253 N    1 -4  4 -6 -8 -5 -5 -6 10 -8 -8 -6 -7 -7 -7 -2 -6 -8 -2 -4   10   1  20   0   0   0   0   0  63   0   0   0   0   0   0   3   0   0   1   2  2.55 1.07
  254 I    1 -5 -4 -5 -1 -4 -5  2 -5  3  2 -2  2 -3 -5 -3  2  2 -4  2   10   0   0   0   1   0   0  15   0  17  18   3   5   0   0   1  11   2   0  16  0.44 0.34
  255 V    1 -5 -6 -6 -2 -5 -6  1 -5  0  4 -5 -1  3 -6 -5 -2 -4  1  1   10   0   0   0   1   0   0  10   0   3  44   0   1  14   0   0   2   0   5  10  0.74 0.46
  256 I   -2 -7 -8 -8 -6 -7 -7 -8 -8  7 -2 -4 -3 -3 -7 -6 -5  4 -5  4    4   0   0   0   0   0   0   0   0  62   2   1   0   1   0   0   0   5   0  26  1.82 0.82
  257 L    0 -6 -5 -6  6 -5 -6 -6 -6  2  2 -5  1  3 -6 -3  2 -5 -4  2    9   0   0   0  17   0   0   0   0  11  19   0   3  11   0   1  15   0   0  14  0.77 0.46
  258 G   -2 -8 -6 -7 -8 -7 -7  8 -7 -9 -9 -7 -8 -9 -7 -5 -7 -8 -8 -8    4   0   0   0   0   0   0  96   0   0   0   0   0   0   0   0   0   0   0   0  2.80 1.15
  259 T    3 -3 -4 -3 -5  3 -2 -1 -4 -5 -4  4 -1 -6  0  1  2 -6 -5 -2   24   0   0   1   0  14   1   3   0   0   1  22   2   0   5   9  13   0   0   3  0.59 0.46
  260 S   -3  3 -4 -5 -6 -2 -5 -6 -6 -2 -6 -4  0 -7  0  4  6 -7 -6 -3    1  15   0   0   0   1   0   0   0   2   0   0   2   0   6  26  46   0   0   2  1.23 0.75
  261 G   -5 -3 -6 -7 -8 -7 -8  8 -7 -9 -9 -7 -8 -9 -8 -6 -7 -8 -9 -9    0   2   0   0   0   0   0  98   0   0   0   0   0   0   0   0   0   0   0   0  2.89 1.18
  262 S    1 -3  0 -5 -5 -5 -5 -3 -5 -6 -6 -5  1 -5 -5  6  3 -6  2 -2   10   1   4   0   0   0   0   1   0   0   0   0   3   0   0  52  19   0   8   2  1.15 0.72
  263 G   -5 -8 -6 -7 -8 -7 -8  8 -8 -9 -9 -7 -8 -9 -8 -6 -7 -8 -9 -9    0   0   0   0   0   0   0 100   0   0   0   0   0   0   0   0   0   0   0   0  3.00 1.21
  264 K   -6 -3 -6 -6 -9 -4 -5 -7 -6 -8 -8  9 -7 -9 -7 -6 -6 -9 -8 -8    0   0   0   0   0   0   0   0   0   0   0 100   0   0   0   0   0   0   0   0  3.09 1.30
  265 S   -4 -6 -5 -6 -6 -5 -5 -4 -6 -7 -7 -5 -6 -7 -6  6  6 -8 -7 -6    0   0   0   0   0   0   0   1   0   0   0   0   0   0   0  58  41   0   0   0  1.98 1.03
  266 S   -3  0 -2 -5 -5  0 -4 -3  2 -4 -4 -2  0  3 -5 -1  4  0  5 -1    1   6   2   0   0   4   1   2   5   0   0   2   2  13   0   5  28   1  23   5  0.78 0.52
  267 L    0 -5 -4 -5 -2 -3 -5 -5 -5 -4  3 -5 -4  1 -5  2  6  0 -5 -3    7   0   0   0   1   1   0   0   0   0  23   0   0   7   0  15  44   1   0   1  0.98 0.63
  268 A    2 -5 -5 -5 -1 -4 -3 -3 -5  2  3 -5  5 -4 -5 -2  2 -5 -4  2   19   0   0   0   1   0   1   2   0   9  28   0  14   0   0   2  11   0   0  12  0.62 0.42
  269 K   -1  1  0 -3 -5  2 -2  3 -2 -3  0  4  0 -5 -4 -1 -2 -5 -5 -3    3   7   3   1   0   8   2  21   1   1  12  30   3   0   0   4   1   0   0   1  0.50 0.38
  270 S    1  1  0 -4  2 -2 -2 -3  2  0 -2  1 -3 -2 -2  1  1 -5 -3  3   12   8   5   0   5   1   1   1   6   3   3   8   0   1   2  10  10   0   0  22  0.24 0.27
  271 I   -3 -6 -7 -7 -5 -3 -1 -7 -6  4  5 -6  3 -1 -7 -6 -5  0 -2 -1    2   0   0   0   0   1   5   0   0  25  53   0   7   2   0   0   0   1   1   3  1.17 0.61
  272 I    3 -3 -6 -6  0 -5 -5 -4 -5  3  3 -3  1  0 -5 -3 -2  0 -4  2   23   2   0   0   2   0   0   1   0  19  27   1   3   3   0   1   1   1   0  16  0.63 0.41
  273 G    0  1  0  0 -2  0  5 -2  0 -2 -2 -1  1 -3 -4  1 -1  0 -5 -3    6   7   5   4   1   4  40   2   2   2   3   2   4   1   0  10   4   1   0   2  0.54 0.41
  274 K   -2  2  0 -3 -6  5  4  0 -4 -6 -4 -1 -1 -6 -5  1 -2 -6 -1 -4    2  11   5   0   0  27  27   8   0   0   1   2   2   0   0  10   2   0   2   1  0.82 0.56
  275 F   -1 -4 -3 -2 -1 -4 -3 -4 -2  0  4 -2  1  3 -3 -4 -3 -4  3  1    6   1   1   3   1   0   1   1   1   3  43   3   3  10   1   0   1   0  10   9  0.56 0.38
  276 T    2  0  1 -4 -4  3 -2 -4 -2 -2 -1  0 -1 -3  2  2  2  0 -4 -3   18   6   6   0   0  13   1   0   1   2   7   5   1   1   9  16  12   1   0   1  0.34 0.36
  277 D   -3  3  3  3 -6  1  0  3  0 -6 -3  1 -5 -6 -5  0 -2 -6 -5 -5    1  15  12  15   0   6   4  23   2   0   3   9   0   0   0   6   2   0   0   0  0.58 0.41
  278 A   -1  1 -1  0 -4  1 -2 -2 -3  2  1 -2 -1 -1 -4 -1  1  0  3  1    4   8   3   5   0   9   1   2   0  13  14   2   1   2   0   3  11   1  10  10  0.17 0.21
  279 S    1  0  1  1 -5  1 -1  1  1 -5 -4  0 -4 -5  4  1  1 -5 -4 -4   11   5   8   6   0   8   2  13   3   0   1   7   0   0  18   8  10   0   0   0  0.40 0.33
  280 F    1 -1 -3 -5 -1 -3 -4 -3 -2  2  0 -1 -1  1 -2 -1  0 -5 -2  5   11   3   1   0   1   1   0   2   1   8   9   3   1   7   2   4   6   0   1  38  0.44 0.34
  281 L   -1 -5 -6 -6  0 -5 -5 -6 -2  5  3 -2 -1  2 -2 -3 -2 -5 -4  3    5   0   0   0   2   0   0   0   1  34  24   3   1   7   2   1   2   0   0  16  0.79 0.46
  282 V   -2 -6 -6 -7 -5 -6 -6 -7 -6  6  2 -6  1 -2 -4 -5 -4 -6 -2  5    4   0   0   0   0   0   0   0   0  37  16   0   2   1   1   0   0   0   1  35  1.24 0.64
  283 F   -2 -3 -4 -6  0 -5 -5 -6 -5  4  3 -5  0  5 -5 -2 -4 -4 -1  2    4   2   1   0   2   0   0   0   0  23  25   0   2  23   0   3   0   0   1  14  0.82 0.47
  284 D   -6 -6 -1  9 -7 -5 -4 -6 -6 -7 -7 -5 -7 -7 -6 -5 -6 -8 -7 -7    0   0   3  93   0   0   0   0   0   0   0   0   0   0   0   0   0   0   0   0  2.93 1.23
  285 L   -1 -5 -5 -5 -5 -4 -5 -5  2  0 -2 -3  0  1  6 -3  1  5 -1  0    6   0   0   0   0   0   0   0   4   6   4   2   3   6  40   2   8   8   2   7  0.98 0.56
  286 H   -2 -3  1 -4 -1  0  1 -2  7 -5 -4  2  3 -5 -4 -1  3 -5 -4 -4    3   0   7   0   1   3  10   4  24   0   1  13   9   0   0   4  20   0   0   0  0.81 0.53
  287 G    0 -3  1 -2 -6 -5 -5  7 -5 -6 -4 -3 -6 -6 -5  0 -5 -6 -6 -6    8   1   6   3   0   0   0  69   0   0   2   1   0   0   0   8   0   0   0   0  1.54 0.75
  288 E   -4 -2 -3  5 -6 -3  6 -3 -1  0 -4 -3 -5 -5 -5 -2 -2 -6 -2 -2    1   2   0  28   0   0  45   2   1   6   2   0   0   0   0   3   2   0   2   4  1.13 0.64
  289 Y   -3 -3 -6 -4 -6  0 -5 -6 -1 -3  1 -5 -4  4 -6 -5 -3  0  8 -2    3   1   0   1   0   4   0   0   1   1  13   0   0  16   0   0   2   1  51   2  1.60 0.81
  290 E    1  2 -1  0 -1  2  1  1 -1 -3 -2  1 -1 -1 -2  1 -1  2 -2  0   12  11   1   5   1  10   9  10   1   0   4   7   1   2   1  10   2   3   1   7  0.14 0.17
  291 I    0 -2 -1  0 -1 -1 -1  2 -3  2  1 -1 -2 -2  0  0  0 -4 -3 -1    9   2   2   7   1   2   3  17   0  13  17   4   0   1   4   7   7   0   0   3  0.11 0.15
  292 E   -1 -2 -2 -1 -3 -2  0  0 -1 -1  2 -2  2  2  3 -2 -1  0  1  0    6   2   2   3   0   1   7   8   2   1  20   1   6  10  13   1   3   1   4   7  0.18 0.20
  293 K    0  0  2  0 -1 -1  0  3  1 -2 -3  1 -1 -2  0 -1  0 -3  1 -1    7   5  10   5   2   2   5  22   4   2   2   9   1   2   6   3   5   0   5   4  0.17 0.17
  294 A    3 -1  2  0 -4 -3  1  3 -1 -2 -2 -1 -2 -3 -2  0 -1 -4 -4 -1   26   2   9   4   0   0  10  22   1   2   3   4   1   1   1   7   3   0   0   4  0.35 0.30
  295 E    1 -1  1 -1 -1  0  2 -2 -1  0 -1  1 -2 -2  0  0  1  1 -1  1   12   3   8   1   1   4  13   1   1   7   4   9   0   1   5   6   9   2   2   9  0.11 0.15
  296 R   -2  2  1  0  1 -1 -2 -1  0  0 -2  1  0 -1 -2 -2  0 -3  3  2    2  13   7   5   3   2   1   6   2   5   2  11   3   2   1   2   6   0  12  15  0.18 0.22
  297 I   -1 -2 -4 -4 -4 -4 -3 -3 -1  3  2 -1 -2  1 -4 -2 -1  2  4  2    6   2   0   0   0   0   2   2   1  21  16   4   0   6   0   3   4   3  15  14  0.43 0.32
  298 D   -2  2  2  3 -2  0  1  0  0 -4 -4  2 -4 -4  3 -1  0 -5 -2 -2    3  10  10  16   1   3  10   7   2   0   1  12   0   0  12   3   5   0   1   3  0.37 0.29
  299 I   -1 -3 -2 -3 -4 -1  1 -3 -1  3  2 -3  0  0  2  0 -1  0  0  1    4   1   1   0   0   3  10   2   1  16  21   0   2   4  11   7   4   1   3   9  0.23 0.24
  300 S    0  0  0  2 -1  0  0  2  3 -4 -4 -1 -4 -2 -2  2  0 -4  1 -3    8   4   4  12   1   3   6  16   7   0   1   3   0   2   1  18   6   0   6   1  0.29 0.28
  301 K    0  2  0  0 -4  1  1 -1  2 -4 -1  1 -1 -4  4  0 -1 -5 -2 -2    6  12   3   4   0   5  11   4   5   0   7   7   2   0  18   8   4   0   1   3  0.28 0.25
  302 N   -1 -2  3  0 -4 -2 -2 -2  0  1  2 -2 -1  1 -2  0 -1 -3  2  1    3   1  19   5   0   1   2   3   3   9  18   2   1   7   1   7   2   0   7   9  0.20 0.23
  303 S    0  3 -1 -1 -4  0 -1  2 -2 -3 -4  0 -1 -4  3  2  0 -5 -2  0    6  17   2   3   0   4   3  15   1   1   1   5   1   0  14  15   4   0   1   6  0.33 0.29
  304 L    0 -2 -3 -3 -4 -4 -3 -3 -4  4  3 -4  0  2 -5 -4 -2 -3  3  2    7   2   1   1   0   0   2   2   0  23  23   0   2   8   0   0   1   0  12  12  0.53 0.35
  305 N   -2  1  6  2 -5 -1  0 -2  1 -4 -2 -1 -4 -3 -1 -1  0 -5 -2 -1    2   7  36  13   0   2   7   2   3   0   4   2   0   1   3   3   6   0   2   5  0.62 0.43
  306 P   -1 -3 -5 -1 -1 -5 -1 -5 -2  0 -1 -3 -4  0  7 -2 -1 -6 -3  0    5   1   0   4   1   0   4   0   1   6   7   2   0   4  50   2   4   0   1   7  1.11 0.64
  307 L    0 -3 -4 -3 -1 -4 -2 -3  2  1  3 -3  3  2 -2 -2 -1  2  0  1    8   1   0   1   1   0   2   1   5   6  36   1   7   9   2   2   4   3   2   7  0.38 0.30
  308 S    0 -2 -1  3 -4  0  1  1  0 -2 -3  0 -2 -4 -1  2  0 -4 -1  0    8   1   1  19   0   4  10  12   3   2   2   4   1   0   3  14   6   0   2   9  0.24 0.25
  309 L   -1  0 -3  0 -3 -2  0 -3 -1  2  2 -3  1  2  1 -2 -2 -3  1  1    4   5   0   7   0   1   7   1   2  14  23   0   3   7   6   1   2   0   5  10  0.21 0.21
  310 N   -1  0  3  0 -4 -1  1 -3 -1 -2 -1  0 -3  3 -1 -1 -1  3  1 -1    4   6  17   5   0   1   9   1   1   1   8   6   0  16   4   4   2   4   5   5  0.25 0.25
  311 G    0 -2 -1  1  0 -1 -1  5 -2 -3 -4 -2 -4 -5  1  1 -2 -1 -3 -2    7   2   2   9   2   2   4  41   1   1   1   2   0   0   7  10   1   1   1   3  0.57 0.40
  312 A    1  0 -1  2 -1  0  1  0 -2 -1  1 -1  0 -1 -3  0 -1 -1  0  0   11   4   2  13   1   4  12   9   0   2  14   3   2   2   0   4   2   1   5   7  0.09 0.14
  313 S   -1  0 -1  0 -3  1  1  1  1  0  0  1  1 -2 -1  1  1 -4 -2 -2    3   5   2   5   0   5  10  10   3   8   8   7   5   1   2  14   9   0   1   1  0.10 0.15
  314 P   -2 -1 -4  2 -5 -2  1  0 -4  0 -1  0 -2 -3  5 -2 -1 -5 -3 -1    3   3   0  11   0   1   9   7   0   5   8   5   1   1  33   2   3   0   1   6  0.58 0.41
  315 R    0  0  0  1 -1  0  0 -1  1  0 -1  1 -1 -3  3 -1 -1 -4  0 -1    8   5   5   7   1   3   6   3   4   6   6  11   1   0  17   4   2   0   4   5  0.18 0.16
  316 Q   -1  1  0  2 -3  0  1 -2  0  0  1  1 -2 -2  1 -1 -2  0 -2 -1    4   7   3  13   0   5  10   3   2   5  17   8   0   1   8   3   2   1   1   4  0.12 0.15
  317 R    0  2  0  1 -1  1  1 -1 -2  0 -1  0 -2 -1 -1  0  1 -3 -1  1    6  14   5   8   1   5   8   4   0   4   5   6   0   3   2   7   8   0   2  13  0.08 0.12
  318 A    3  1 -1 -1 -1  0  0 -1 -1 -1 -1 -1 -1 -2  2 -1  0  1 -2  1   26   8   3   2   1   3   5   4   1   4   5   3   1   2   9   4   4   2   1  12  0.16 0.19
  319 L    0 -2  2 -1 -3 -2 -1 -3 -3  2  1 -1 -1  0 -1  0  0  0  1  1    8   2  10   4   0   0   5   0   0  15  15   3   1   4   3   7   5   1   6  10  0.12 0.16
  320 E    0  1 -1  0 -4  1  3  1  0  0 -2  1 -1 -2 -3  0  1 -4 -3 -1    6   6   1   5   0   7  20   9   2   7   3   9   2   2   0   7  10   0   0   3  0.20 0.22
  321 V    0 -1 -4 -1 -3 -2 -2 -4 -4  2  3 -2  1  1 -2 -2 -1 -4 -2  2    7   3   0   4   0   2   2   1   0  11  32   2   4   5   1   3   4   0   1  17  0.34 0.27
  322 A    2 -1 -2 -3  0 -1  0 -2 -1  0  0  1  2 -1  0  1  0  0 -3  1   17   3   1   0   2   2   6   1   1   5   9  10   5   3   4  13   7   2   0   9  0.12 0.18
  323 Y    0 -1 -2  3 -4  0  2  0 -1 -3  0  0  0  1 -1  1 -1 -1  1 -2    9   4   0  17   0   3  14   6   1   0   9   4   3   6   3  10   3   1   4   3  0.16 0.20
  324 M    0 -3 -3  0 -3 -1 -2 -4 -4  2  2 -2  3  0  0  0  1 -4 -1  2    7   1   0   5   0   3   2   0   0  15  19   1   7   4   4   9   8   0   2  13  0.23 0.23
  325 L   -2 -3 -5 -5 -4 -3 -3 -5 -4  3  4 -4  2  2  0 -2 -4  1  0 -1    4   1   0   0   0   1   2   1   0  17  42   0   5  10   5   3   0   2   3   2  0.65 0.41
  326 R    1  2 -1 -1  0 -1  0  0 -2 -1  0  1 -2 -1 -2  1  0  0 -3  0   16  10   1   2   2   2   6   8   0   4   9  12   0   2   1  12   4   2   0   6  0.10 0.15
  327 S   -1  2  0  0 -4  1  0 -1  1  0  0  4 -2 -1 -1  0  0 -4 -3 -2    3   9   3   5   0   5   5   3   4   6   9  26   0   3   3   8   4   0   0   2  0.22 0.22
  328 I    1 -1  0 -1 -3 -1 -2 -2  0  2  1 -2  1 -1 -1  1  0 -4 -3  2   10   3   6   3   0   3   2   3   2  16  13   0   4   1   4   9   5   0   0  13  0.12 0.16
  329 F   -1  0 -1 -1 -4 -1 -2 -1 -3  1  2 -2  1  3 -4 -2 -2  5  3 -1    5   6   2   3   0   3   3   6   0   7  22   1   4  15   0   2   1   7   9   3  0.30 0.25
  330 K   -3  3  3  2  0  1  2  1  0 -5 -3  2 -4 -5  0 -1 -2 -5 -4 -5    2  17  16  11   3   6  11  10   2   0   2  10   0   0   4   3   2   0   0   0  0.46 0.35
  331 L   -1 -1  0 -4 -1 -1 -1 -3 -4  2  4 -2 -2  1 -3 -1 -1  2 -1  0    5   4   6   0   1   2   4   2   0  12  39   2   0   5   1   5   3   3   1   4  0.35 0.30
  332 G    0 -2  1  1 -4  1 -2  3 -4 -1 -1 -1 -3 -4  0  1  2 -5 -3 -3    6   1   5   7   0   5   2  23   0   4   8   3   0   0   6  11  16   0   1   0  0.29 0.29
  333 N   -1 -1  0  3 -5  0  1 -2 -4 -1 -3  1 -1 -4  4  0 -1  3 -2  0    5   3   5  16   0   4   8   3   0   3   2   8   1   0  19   5   4   4   1   8  0.35 0.30
  334 L    0  0  2 -2 -3  1 -1 -2 -2  0  0 -1  0 -1  2  0  1 -3  0  0   10   5  12   1   0   6   3   3   0   6  11   3   2   2   9   5   9   0   4   9  0.10 0.15
  335 Q    0 -1 -2  1 -5  6  2 -2  1 -3 -3 -2  3 -5 -4  0  0 -5 -4 -3    8   3   1   7   0  36  11   4   4   2   2   1   7   0   0   5   6   0   0   1  0.72 0.53
  336 T   -1  1 -1  1 -4  0  3  1  0  0 -2 -1  0 -1  0  0 -1  3  0 -2    6   7   2   6   0   4  20  11   3   6   4   2   3   2   4   5   4   4   3   3  0.15 0.18
  337 I    1 -2  1 -1  0 -2 -2  2  1  0  0 -1  1  1 -1  0 -1 -1  2 -1   13   2   8   3   3   0   1  17   3   5   8   4   4   7   3   5   3   1   8   4  0.10 0.14
  338 D    0 -1  0  2 -4 -2  2 -3 -3  1  1  1 -1 -1 -1 -1  0 -4 -2  0    7   3   5  11   0   0  17   1   0   8  15   8   1   2   3   4   7   0   1   6  0.16 0.20
  339 I   -1 -2 -5 -3 -4 -4 -2 -2 -1  2  4 -2  1  0 -5 -1 -1 -4  1  1    5   2   0   1   0   0   3   4   2  10  41   3   4   3   0   4   3   0   5  10  0.46 0.35
  340 F   -2  2 -3 -1  0 -2 -1 -2 -3  1  3 -1  2  0 -3  0 -2 -3  2 -1    3  13   1   3   2   1   3   3   0   7  31   3   4   4   1   6   2   0   8   4  0.26 0.26
  341 N   -1  1  3  3 -5  2  3 -1 -3 -5 -2  0 -2 -3 -2  0  0 -5 -1 -3    6   6  13  14   0  10  20   3   0   0   4   4   1   1   1   6   6   0   2   2  0.37 0.33
  342 I    3 -1 -4 -3  1 -2 -2 -2 -2  2  2 -1 -1 -2 -1 -1 -1 -4  0  2   25   4   0   1   3   1   2   2   1  12  19   3   1   1   3   3   3   0   3  12  0.26 0.26
  343 I    0 -3 -3 -3 -4 -1 -2 -2 -2  3  2 -3  2  2 -2 -2 -1  0 -3  3    7   1   1   1   0   2   3   3   1  19  16   1   5  10   2   3   3   1   0  20  0.33 0.27
  344 M    0  1 -1 -1 -1  1 -1 -1 -2  0  1  2  2  1  0  0  0 -3 -1 -1    8   9   3   2   1   5   3   4   0   4  13  12   7   7   4   6   6   0   1   4  0.08 0.12
  345 D    0  1  0  2 -4  2  2 -3  1 -3  0  2  2 -4 -3 -2 -1 -4 -1 -2    7   8   4  13   0   9  12   1   3   0  10  13   7   0   0   2   3   0   3   3  0.27 0.26
  346 T    1 -2 -3 -1  3  0 -1 -1 -3  1  1 -1  0  0 -1  0  2  2 -1  0   13   2   0   3   7   4   4   4   0   9  14   4   1   3   2   5  13   3   2   7  0.11 0.15
  347 Y    0  0 -2 -2 -1 -1  0 -4 -1  0  1 -3 -3 -1 -4 -2  0  2  6  1    8   5   2   3   1   2   6   1   1   5  16   1   0   2   1   2   5   2  28   8  0.47 0.35
  348 A    0 -1 -2  1 -2  1  3 -1  2  0 -1 -2 -2  1 -2 -1  0 -3  1  0    9   3   0   8   1   6  22   4   5   5   7   2   1   5   1   4   6   0   5   6  0.17 0.20
  349 E   -1  3 -1  2 -4  2  3 -1 -1 -1 -1  2 -3 -4 -1 -2 -2 -4  0 -2    4  14   3  11   0   9  17   4   1   4   6  14   0   0   2   2   2   0   3   2  0.30 0.26
  350 K    1  3  0 -3 -1  0  0  0  0 -1  0  2 -1 -1 -1 -1 -2 -4  0 -2   11  19   5   0   2   3   5   6   2   4  10  14   1   2   3   5   2   0   3   3  0.17 0.19
  351 G    0 -1 -1 -3  2  0 -1  5  0 -1 -2 -2 -3 -2  0  1 -1  0 -1 -2    6   4   3   1   4   4   3  37   2   4   4   2   0   2   4   9   4   1   2   4  0.41 0.30
  352 I    0 -2 -2 -3  0 -1 -3 -2 -1  4  1 -2  2  0 -1  0 -2  0 -1  2    7   2   1   2   2   2   1   4   1  25  15   2   4   3   3   7   1   2   2  14  0.27 0.22
  353 D   -1  0 -1  4 -1  0 -1 -2 -1 -1  1  0 -2  0  1 -1  0 -4 -2  0    5   4   3  23   1   4   3   3   1   4  14   7   0   4   8   2   6   0   1   5  0.20 0.20
  354 E   -1  2  0  0 -3  2  1 -2 -1  0  1  1  0 -3  1 -1 -1 -3  0 -1    6  11   5   5   0  11   8   3   1   4  14   7   2   1   8   3   3   0   4   4  0.12 0.14
  355 N   -1  0  1  3 -3 -2 -1 -1  0  0  2 -1 -2 -1 -1  0  0 -3  0  0    5   5   8  17   0   1   2   4   3   5  20   2   0   3   4   6   4   0   3   7  0.12 0.16
  356 D   -2 -2  1  6 -4 -1  0 -2 -3 -1 -3 -1 -4 -4 -2  1  0 -4  1  0    3   2   6  40   0   3   4   3   0   4   3   4   0   1   2   9   5   0   5   6  0.63 0.40
  357 E   -1  2  0  1 -3  3  1 -2 -1 -1  0  0  0 -3  2 -1 -2 -3 -1 -2    5  11   5   9   0  12  10   2   1   5  10   5   3   1  10   5   2   0   2   3  0.18 0.18
  358 S    1  0 -1  2 -3  1  0  0  1 -1 -1  1 -2 -3  1  1 -1  0 -2 -1   11   4   1  11   0   6   5   7   4   5   8  10   0   1   7  10   3   2   1   4  0.10 0.12
  359 S    0 -1  0  0 -1  0 -1  1 -2 -1  0 -1 -2 -1 -1  2  2 -3  1 -1    7   3   5   5   1   5   3  12   0   3   9   3   0   2   3  15  14   0   5   4  0.10 0.14
  360 W    0 -1 -1 -1 -1 -1  0 -3 -1 -1  1 -3 -1  2 -1 -1 -1  7  1 -1    8   4   4   3   1   3   6   2   2   4  14   1   1   8   4   4   4  17   4   4  0.38 0.26
  361 N    0  0  2  1 -1  1 -1 -1  0  0  0  0  1 -1 -1  0  0 -2  0  0    5   6  11   7   1   7   3   4   2   4  11   6   5   3   2   9   5   0   3   7  0.05 0.08
  362 L   -1  1  2  0 -3  1  0  0 -2 -2  0  2 -2 -1  0  0  0 -1 -3 -1    5   9  11   3   0   7   5   6   0   2  12  13   0   2   4   8   6   1   0   5  0.12 0.15
  363 T   -1  0  1  0 -3  0  0 -2 -2  1  0  0  0  0  1  0  1  0 -1  1    4   4   6   6   0   5   5   1   0  11   9   8   2   5   7   7   8   1   1  10  0.06 0.09
  364 P    0 -1  0  0  1  0  1 -2  1  0  0 -1 -1 -1  3  0 -1  0  1 -1   10   4   3   5   3   5   8   2   3   6  11   3   1   1  14   6   4   1   7   4  0.11 0.12
  365 P    0 -1 -1  1 -4  0  0 -1 -3 -1 -1  0 -1  2  4 -3 -1 -3  2 -2    7   3   3   7   0   5   6   6   0   4   6   6   1   8  23   1   4   0   7   3  0.31 0.26
  366 T    0  0  2  0 -1 -1  1  0  2 -1 -1 -2 -1  0 -1  1  2  1  1 -2    6   6  10   4   1   2   9   6   7   3   6   1   1   5   3  10  13   2   4   2  0.11 0.15
  367 F   -2 -1 -1 -3 -2 -3 -1 -3 -4  4  2 -4  1  4 -3 -4 -1  0  1  1    4   3   3   1   1   1   4   2   0  22  16   0   3  16   2   0   3   1   5  11  0.42 0.31
  368 R    0  4 -2 -1 -1  1  2 -1  0 -1 -1  0  1 -2 -4  0  0  0 -2 -2    9  25   1   3   1   6  15   4   2   3   5   4   3   2   0   6   6   1   1   2  0.31 0.29
  369 D   -3  0  0  6 -6  0  4 -3 -1 -6 -4 -1 -2 -6 -1  1 -4  0 -5 -4    2   5   4  37   0   4  21   2   2   0   2   4   1   0   3   9   0   1   0   1  0.85 0.55
  370 V    0  0 -1  0 -1 -1 -1 -2  0  1  1 -2  0  0 -1 -1  1  0  1  2    8   5   2   5   1   3   4   2   2   9  11   1   2   4   3   5   9   1   5  18  0.08 0.12
  371 L   -2  3  0  0 -4  0  0 -3 -2  1  2 -1  2 -2 -4 -2 -3  2  2  0    3  14   5   6   0   4   7   1   1  10  21   4   5   1   0   3   0   3   7   5  0.23 0.24
  372 L    0  1 -1 -1 -3  2  1  0 -1  0  1  0 -2  1 -2  0 -1 -3 -1  0   10   9   3   3   0   9   9   6   1   5  15   6   0   7   1   8   2   0   1   5  0.08 0.13
  373 M   -1  2 -1  0 -3  0  1 -2 -1  1  0  0  0 -1  1  0  0  0 -1  0    5  13   3   7   0   2   9   2   1   9  10   5   2   2   8   5   6   1   2   7  0.08 0.11
  374 I    0 -2 -2 -3 -2 -2 -1 -3 -4  3  3 -2  1  2 -3 -2 -3 -4  1  1    9   2   2   1   1   2   5   2   0  17  32   2   4   8   1   3   0   0   4   7  0.38 0.29
  375 E   -1  1  0  0 -4  0  2 -1  1  0  1  1  0 -2 -3  0 -1 -4 -1 -1    4   6   5   6   0   4  17   4   3   6  17   7   2   2   0   8   3   0   2   4  0.13 0.17
  376 R    0  2  0  2 -4  2  2 -2  0  0 -1  0 -3 -4 -2  0 -1  0 -2 -2   10  13   5  12   0   9  14   3   3   5   8   4   0   0   2   5   4   1   1   2  0.20 0.22
  377 R   -1  3 -2  1  0  2 -1 -3 -1 -1  0  1  3  0 -1 -1 -1  1  0 -2    6  19   1   9   2   9   2   1   1   4   8  10   7   4   3   4   2   2   3   2  0.22 0.24
  378 K    0  2 -1  1  0  1  1 -1 -2  0  0  1 -2 -1 -1 -1 -1 -3  1 -1    9  11   3   9   2   6   9   5   0   5  12  10   0   3   3   3   2   0   5   3  0.08 0.12
  379 K    0  2  0  0 -4  1  2  0 -2 -1  0  2 -1 -1 -3  0 -2  0  0  0    8  11   4   4   0   5  13   9   0   3   9  13   2   2   0   5   2   1   4   6  0.12 0.16
  380 L    1  0 -1 -1 -1 -1  0 -1 -1  1  0 -1 -2 -1 -1  0  0 -1  0  1   13   6   3   4   1   2   8   3   1  12   7   3   0   2   3   8   7   1   3  13  0.06 0.11
  381 V    0 -1 -2  1 -4  0  2 -1 -1  1  0  1 -2 -3 -2  0 -1 -4  0  1   10   3   1   8   0   3  14   4   1   8  12  10   0   0   2   7   3   0   4  11  0.12 0.17
  382 D    0  0 -1  2 -4  0  2 -1 -1 -3 -1  1 -3 -1  0  1  0 -1 -2 -1    9   4   3  12   0   3  16   5   1   1   7   9   0   3   5  10   6   1   1   4  0.16 0.19
  383 N   -1  0  1  2 -4 -1  1  1 -1 -1 -1  1 -1 -1 -2  2  1 -1 -1 -2    4   5   6  11   0   2   8  12   1   3   7   7   1   3   1  16  10   1   2   1  0.15 0.18
  384 S    2 -1 -1  0  2  0  0 -1 -1 -2  0  0 -2 -1  0  1  0  1 -1 -1   24   3   3   5   6   5   6   4   1   1  10   5   0   3   5   8   4   2   2   5  0.12 0.18
  385 Q    1  2  1  0 -5  2  2  0  1 -4 -2  2  0 -2 -4  0 -2 -5 -4 -1   13  11   6   4   0  10  14   6   3   0   5  10   2   2   0   8   2   0   0   4  0.25 0.26
  386 D    1  2 -1  2 -2  0  2  0 -2 -1  0 -1 -1 -1 -1 -1  0  0 -2 -2   12  11   2  12   1   4  15   8   1   3  10   1   1   3   3   4   5   1   1   3  0.14 0.19
  387 L    1 -1 -2 -1 -3  0 -1 -2 -1  0  2  1  0  0  0  0 -1  0  2  1   10   2   2   4   0   4   3   2   1   4  23   9   1   5   4   6   3   1   7   9  0.09 0.15
  388 S    1  2  0  0 -3  1  1 -1  0 -1 -1  0 -2  0 -1  1  0  0  1 -1   12  11   5   5   0   6   8   4   2   3   6   4   0   4   3  13   4   1   5   5  0.09 0.14
  389 R    0  2  1 -2 -4  0 -1 -2 -1  1  0  3  1 -1 -2  0  1 -4  0 -1    7  10   7   2   0   3   2   2   1   7  10  19   4   2   2   6   9   0   3   3  0.16 0.19
  390 L    0  1 -4 -2 -4  0 -2 -2 -2  0  3 -1  1  1 -1 -2 -1  5  0 -1    7   8   0   2   0   4   2   3   1   3  34   4   3   5   3   3   4   8   4   3  0.34 0.30
  391 S    1  1  1  0 -1  1  1  0 -1  0  0  0 -2 -1 -1  1  0 -3  0 -1   11   9   8   3   1   5   8   6   1   6  10   4   0   3   3   9   6   0   3   2  0.06 0.10
  392 S    2  1  1  0 -3  0 -1  0 -1 -1 -1  0  0 -2 -1  1  0 -4 -1  1   17   9   6   5   0   3   3   6   1   2   5   6   3   2   2  11   7   0   2  10  0.09 0.14
  393 I    0  0 -1 -1  0  0 -1 -2 -3  2  2 -2  1  2 -4 -1  0  0  0  1    7   6   4   3   2   4   5   3   0  12  20   1   4   9   0   3   4   1   3   8  0.11 0.14
  394 E    0  0  1  0 -2  0  3 -2  1 -1  0  1 -1  1 -1  1 -2 -5 -3 -2    7   5   8   4   1   3  23   2   3   3   9   7   1   7   2  10   2   0   0   2  0.22 0.25
  395 P   -1  1  1  0 -4  0  1 -1  0 -1 -1  1  0 -1  2  0  0 -1 -1  0    4   8   7   5   0   4  11   4   2   4   5  10   2   2  11   6   5   1   2   6  0.11 0.12
  396 Y    0  2 -1 -1 -4  0 -2 -2  0 -1  1 -1  2  2 -2 -1 -2  2  3 -2    7  14   3   4   0   4   2   3   3   2  15   3   5   9   2   5   2   2  11   2  0.19 0.22
  397 I   -2 -1 -1 -3 -1  0  0  1 -1  0  3 -1  0  0 -2 -1 -1  2  1  0    3   3   2   1   1   4   7  12   2   6  27   3   2   4   2   3   4   3   5   5  0.14 0.18
  398 Q    0  2 -1  1 -4  2  1 -1 -1  1 -1  1 -3 -1 -2  0 -1  0 -3 -1    7  13   2  10   0   9   8   5   1  10   7   7   0   3   2   9   4   1   0   3  0.14 0.18
  399 F   -2  0 -2  0 -4  0  0  0  0  0  1 -2  1  3 -1 -2 -1  2  1  0    3   5   1   5   0   6   6   7   2   5  18   2   3  16   3   3   3   2   4   6  0.14 0.16
  400 L    0 -1 -1  0 -1 -3 -1  2  1  1  2 -1  0  1 -1  0 -1  2 -2 -1    8   3   2   5   1   0   3  14   3   7  20   3   1   8   2   7   4   3   0   4  0.09 0.14
  401 A    1 -1  0  1 -3  0  1 -1  0 -1  0  0 -1  1 -3  1 -1  1  0 -2   14   4   4   9   0   4   9   5   2   3  10   6   1   7   0  13   3   2   2   2  0.10 0.15
  402 N   -2  1  2  3 -4  0 -1 -1  0 -2 -2 -2  1  0 -1  1  1  3  0 -2    3   8  10  15   0   3   3   5   2   2   5   2   4   4   4  12   9   4   3   3  0.19 0.21
  403 Q   -1 -1 -1  0 -4  2  0  0  1 -2  0 -1 -1  1  0  0 -1  4  2 -1    4   3   3   6   0  12   4   9   4   2  11   3   2   7   4   7   4   5   7   3  0.13 0.17
  404 I   -1 -1 -1 -2 -1 -1  0 -1 -1  2  0 -1  0  1  0  0  0  1  1  0    3   4   3   2   1   2   6   6   2  14  10   3   3   7   5   8   6   2   4   7  0.04 0.08
  405 L   -1  0 -1 -4  0 -1 -1 -2 -1 -1  2 -1  2  5 -2 -2 -1 -3  2  0    5   5   3   0   2   3   4   3   1   3  19   5   5  22   2   3   3   0   6   6  0.28 0.24
  406 S   -1  2  0  2 -3  0  1  1  0 -1 -1 -1 -2  1  0  0 -1 -1 -1 -1    5  14   3  12   0   4   9  10   3   3   6   3   0   7   4   8   4   1   1   4  0.12 0.14
  407 G   -1  0  0 -1 -3  1 -1  2 -1  1  0  0 -1 -2  1 -1  1 -1 -3  0    4   4   5   4   0   6   4  17   1  10   7   7   1   2   8   4   9   1   0   5  0.10 0.13
  408 N   -1 -1  1  2 -3  0  0  0  0 -1 -1 -1  0  0  1  1  1  2  0 -1    4   4   8  11   0   3   6   7   3   5   4   3   3   4   7   9   8   3   4   4  0.09 0.11
  409 S    0  0  2  0  1  0  1  0  1 -3 -1  0  0 -3  1  2  0  2  0 -1    7   4   9   4   3   3   8   8   4   0   5   5   3   0   8  14   5   3   3   4  0.12 0.17
  410 L    0  1  0 -1 -3  0  1 -3 -1  1  1  0 -1 -1 -1  0  1 -3 -1  1    9   7   4   3   0   4  11   0   1   9  14   3   1   2   2   8  10   0   2   9  0.08 0.11
  411 N    0 -1  2  3 -4  0  1  0  0 -2 -2 -1 -3 -2  0  1  0 -4 -2 -2    8   3  12  20   0   4  11   7   2   2   4   3   0   2   4   9   5   0   1   3  0.23 0.19
  412 M   -1 -2  0 -2 -3  1 -1 -1  0  2  1 -2  0  1  0 -1  0 -3  0  1    3   1   6   2   0  10   3   6   2  12  15   1   2   7   4   4   7   0   3  12  0.09 0.13
  413 K    0 -1  0  1 -3 -1  0  1  0  0  1  0 -1 -2  1  0 -1 -3 -2  0    9   3   4  10   0   2   7  10   3   8  14   6   1   0   6   8   2   0   0   6  0.07 0.09
  414 K   -1  0  2  3 -3  0  1  0 -2 -1 -1  0 -2 -3  1  1  0  0 -1 -2    5   5  13  15   0   4  10   6   0   3   8   5   0   1   6  10   4   1   2   3  0.17 0.16
  415 I   -1 -2 -3 -2 -3 -1 -1 -4 -4  3  3 -3  1  1 -2 -2 -1 -3 -3  0    5   3   1   3   0   3   4   1   0  21  35   1   3   7   2   2   4   0   0   5  0.39 0.26
  416 F   -1  0  1 -1  1 -2 -1 -1 -1  0  1 -2  1  3 -2  1  0 -2  1  0    4   6   7   4   3   0   4   4   1   3  14   1   4  17   1  10   7   0   4   5  0.11 0.14
  417 E    1  2  0  2 -4  1  3  0  0 -4 -3  1 -3 -2  0  0 -2 -4 -3 -2   12  12   3  13   0   4  21   6   2   0   2   7   0   2   4   7   1   0   0   2  0.30 0.22
  418 S   -1  4  1 -1 -4  1 -1  2 -1 -2 -2  3 -2 -2 -1  1 -2 -4 -2 -2    3  22   5   2   0   5   2  14   1   3   5  18   1   2   3  10   2   0   1   2  0.31 0.24
  419 N    0  1  1 -1 -3 -1 -1 -1 -1  1  0 -1  0  1  2  0  0 -3 -2  0    6   8   8   3   0   1   3   4   1  12   8   2   3   8  12   7   7   0   0   6  0.11 0.12
  420 I   -1 -2 -2 -2  2 -3 -3 -2  0  2  1 -1 -1  0 -2  0  2  0 -1  2    3   2   2   2   5   0   0   4   2  15  14   4   0   5   1   5  18   1   1  15  0.21 0.20
  421 I   -3 -1 -1 -6  1 -5 -5 -3 -5  4 -1 -5 -3 -4 -5 -2  0 -5  0  5    1   4   3   0   3   0   0   2   0  23   4   0   0   0   0   3   6   0   4  46  0.90 0.49
  422 L   -3 -4 -6 -6 -4 -5 -6 -4 -5  5  2 -4  1  4 -6 -4 -4 -1  1  3    1   1   0   0   0   0   0   1   0  30  21   1   3  16   0   1   0   1   5  19  0.85 0.43
  423 D   -5 -5  2  7 -3  1  2 -3 -5 -2 -7 -2 -6 -7 -6 -2 -2 -8 -3 -5    0   0  10  60   1   5  12   2   0   2   0   2   0   0   0   2   2   0   1   1  1.48 0.70
  424 F   -4 -5 -4 -3 -1 -3 -4 -6 -6  3  5 -5  3  1 -6 -5 -4 -5 -2  2    1   0   1   2   1   1   1   0   0  15  55   0   6   5   0   0   0   0   1  10  0.99 0.49
  425 S    0 -2 -1  0 -4 -3 -3  0 -1 -4 -1  1 -2 -2 -1  5 -1 -6 -5 -4    7   2   2   6   0   0   1   7   1   1   7   7   1   2   2  50   3   0   0   0  0.66 0.47
  426 K    0  1  1  1 -1  0  0  2 -1 -3 -1  1 -1 -2 -1  0  0  0  0 -2    8   7   6   6   1   3   7  20   1   0   6   9   2   1   3   7   4   1   3   3  0.13 0.12
  427 V   -1 -3 -4 -1  0 -3 -3 -5 -2  3  3 -4  0  2 -5 -3 -2 -3  2  1    6   1   0   4   2   1   2   0   1  18  35   0   1   9   0   1   1   0   7   9  0.49 0.30
  428 T    0  0 -1  0 -4  0  1  2 -3 -3 -3  1  0 -2  4  0  0 -4 -3 -1    7   6   2   4   0   4   8  15   0   0   2  10   3   2  19   6   6   0   0   5  0.29 0.20
  429 T    0 -1  2  2 -1  0  1 -3  0 -2 -2 -2  0 -4  1  2  0 -4 -2 -1    8   3  10  14   1   4   8   0   2   3   4   1   2   0   8  19   6   0   1   4  0.24 0.21
  430 D    0  0  0  1 -3  0  1  0  1 -1  0  0 -1 -1  2 -1 -1 -3  0 -1    6   4   4   8   0   5  13   9   4   3  12   5   1   3  11   4   1   0   4   4  0.10 0.10
  431 E   -1  1  1  1 -4  2  4 -1 -1 -3 -3  0 -1 -3 -1  1 -1 -1  0  0    5   7   6   7   0   8  27   3   1   1   1   4   1   1   3   9   4   1   4   6  0.28 0.23
  432 L    0 -2 -4 -1 -3 -2  0 -3 -2  3  2 -2  2 -2 -3 -1 -1 -1 -3  2    9   3   0   3   0   1   6   1   1  17  25   1   5   1   1   4   3   1   0  17  0.28 0.22
  433 K    0  4  0 -3 -1  3 -1 -1 -1 -4 -1  3 -1 -2 -1 -1 -2 -5 -2 -2    8  24   4   0   1  12   2   5   1   0   7  20   2   2   3   4   1   0   1   2  0.41 0.31
  434 Y    1  1  0 -1 -1  2  0 -1 -1 -1 -1  1  0 -1  1  0  0  0  0  0   11   7   4   2   1  14   3   3   1   4   4  10   2   3   6   8   6   1   3   7  0.10 0.13
  435 V    0 -1 -5 -5 -1 -4 -3 -5 -5  4  3 -2 -1  0 -2 -3  0 -4 -2  3    9   3   0   0   1   0   1   0   0  24  26   3   0   3   2   1   7   0   1  18  0.48 0.31
  436 L    2 -3 -4 -5 -3 -2 -3 -1 -4  4  1 -4  0  0 -4 -2 -2 -4  2  3   16   2   0   0   0   1   2   5   0  21  13   0   1   3   0   2   2   0   7  23  0.42 0.28
  437 I    2 -2 -1 -4 -1 -3 -3  0 -4  1  0 -2  3  0 -2  0  1 -4 -3  3   16   2   2   0   1   0   0   7   0   8   7   1   9   4   2   8   8   0   0  23  0.25 0.23
  438 E    1 -1  0  0 -1  0  1 -1  0 -1  1 -1  1 -2 -3  1  0 -1  0 -1   15   3   3   5   1   4  12   5   2   3  16   1   5   1   0  12   4   1   4   3  0.09 0.13
  439 T    0 -3 -4 -5 -4 -3 -4 -5 -2  3  2 -3  2  0 -5  2  0  1  0  1    7   1   0   0   0   1   0   0   1  20  24   1   5   4   0  19   5   2   3   8  0.44 0.32
  440 I   -2 -5 -4 -6 -1 -2 -3 -6 -5  3  4 -5  2  1 -6 -3 -2 -5 -4  2    3   0   1   0   1   2   2   0   0  19  42   0   4   7   0   2   3   0   0  13  0.73 0.40
  441 L    2 -2 -3 -5 -1 -1 -3 -2 -5  1  4 -2  2 -2 -5 -1 -1 -5 -4  0   16   2   1   0   1   3   1   3   0   9  42   2   6   1   0   4   3   0   0   6  0.48 0.33
  442 R    0  2  1  1  0  0  1 -1  0 -1 -1  1 -1 -3 -3  0  0  2 -1 -1    7  15   7   9   2   2   8   3   2   4   6  11   2   0   0   6   7   3   3   4  0.14 0.14
  443 D    1  2 -1  0 -4  3  1 -2  0 -1  0  1  1 -1 -3 -1 -1 -4  0  0   13  10   2   4   0  16   8   3   2   2  11   7   4   2   0   3   4   0   3   6  0.15 0.17
  444 F   -1 -1 -5 -5 -2 -4 -3 -5 -2  3  4 -3  1  3 -5 -2 -2  2  0  0    6   4   0   0   1   0   1   0   1  15  38   1   3  14   0   3   2   3   3   5  0.55 0.33
  445 R   -2 -2 -2 -2 -4 -1 -2 -4 -3  1  1 -1  2  4 -5 -2 -1  7  4 -3    4   2   2   2   0   3   3   1   0   7  14   4   5  16   0   4   3  14  15   0  0.60 0.35
  446 N    1  0  4  1 -4  1  2  0 -3 -2 -2 -2 -3 -1 -4  1 -1 -5 -2 -4   14   5  19   8   0   8  16   6   0   3   4   0   0   3   0  10   3   0   1   0  0.34 0.28
  447 Y    0  2  0 -1 -4  2  1 -3  2 -2  0  1  0  0 -3 -1 -2  0  3 -1    8  12   5   3   0  11   9   1   5   2   9   9   2   3   0   4   1   1  11   3  0.19 0.18
  448 I    1  1 -1 -2 -3  0 -1 -1  2  0  0 -1  4  1 -3 -2 -1 -3 -1  1   13  11   3   1   0   4   3   4   7   5  10   2  14   6   0   2   4   0   1  11  0.17 0.19
  449 Y   -1  4 -3 -1 -2  1 -2 -3  0 -1 -1  2 -1 -2  0 -2 -1  3  3 -1    5  25   0   3   1   5   2   2   2   3   6  15   1   1   5   1   4   4  10   4  0.35 0.27
  450 R    0  3 -1 -3 -1  1  1 -2 -2 -1  1  1  1 -1 -1  0  0 -4 -1 -1   10  20   3   0   1   5   9   2   0   4  14   7   5   3   2   5   5   0   2   3  0.15 0.17
  451 R   -1  3  1 -1 -1  1  2 -1 -2 -2  0  1  0 -2 -1 -1  0  1 -2 -1    3  19   9   3   1   5  12   5   0   1   9   9   2   1   2   3   6   2   1   4  0.18 0.17
  452 G   -1  2 -1  0 -4  0  1  3 -1 -4 -4  2 -4 -3  0  2 -1 -5 -4 -2    4  12   2   5   0   4   9  20   2   0   1  15   0   1   4  15   2   0   0   4  0.33 0.26
  453 I    0  1  0  2 -3  0  1 -1  0  1 -2  1 -2  1  0  0  0 -1  0 -1    6   7   4  14   0   2  10   4   3  13   2   8   0   6   4   8   4   1   2   4  0.09 0.11
  454 S    1  1  1  0 -1  1  1  0 -1 -2 -1  1 -1 -2  2  1 -1 -3 -1 -1   12   8   7   3   1   5   9   7   1   0   8   7   1   2  12   9   3   0   2   3  0.13 0.11
  455 G    0  3 -1  2 -4  0  0  3 -1 -2 -2  0 -1 -2 -2  0  0 -4 -2 -2    6  16   2  10   0   4   5  27   1   2   4   5   2   2   1   5   5   0   1   3  0.30 0.21
  456 L   -1  2 -1 -3 -3 -2  0 -3 -1  1  1  2  0  1  2 -1 -1 -3 -1  1    5  12   2   0   0   0   6   1   2  10  15  14   2   6   9   3   2   0   1   9  0.16 0.15
  457 W   -1  3  1 -2 -5 -1 -2 -3  1 -4 -3  2 -2 -3  5 -1  0  2 -3 -4    4  14   6   1   0   2   2   1   3   1   2  14   1   1  33   4   5   3   1   1  0.70 0.39
  458 K   -2  0 -1 -3 -3 -1 -1 -3  1  1  1  2  0  1 -1 -1  3 -3 -1  1    0   4   2   0   0   1   4   1   3  10  13  18   2   7   2   2  21   0   1   8  0.18 0.16
  459 F   -2 -1 -2 -4 -3 -2 -3 -4  0  0  2 -2  3  1 -4 -3  0  6  2  3    2   4   2   0   0   2   1   0   2   4  22   1  10   7   0   0   6  11   7  21  0.45 0.23
  460 L   -2 -4 -2 -5  1 -4 -4 -5 -4  4  3 -4  2  1 -4 -4 -2 -3  0  2    2   0   2   0   3   0   0   0   0  23  37   0   5   5   0   0   2   0   4  17  0.60 0.25
  461 V   -1 -5 -5 -5 -3 -4 -5 -5 -3  2  2 -4  0  4 -5 -4 -3 -2  4  4    4   0   0   0   0   0   0   0   0  11  16   0   2  19   0   0   0   0  14  35  0.75 0.31
  462 I   -2 -5 -5 -6  2 -5 -5 -6 -5  5  3 -5  2  1 -5 -4 -3 -4 -1  3    2   0   0   0   5   0   0   0   0  42  23   0   4   7   0   0   0   0   1  18  0.83 0.32
  463 D   -5 -4 -2  8 -7 -3  4 -5 -4 -7 -7 -3 -6 -7 -5 -3 -4 -7 -6 -6    0   0   0  76   0   0  24   0   0   0   0   0   0   0   0   0   0   0   0   0  2.05 0.62
  464 E   -5 -4 -4 -2 -8 -2  8 -6 -4 -7 -7 -3 -6 -7 -5 -4 -5 -7 -6 -6    0   0   0   0   0   0 100   0   0   0   0   0   0   0   0   0   0   0   0   0  2.45 0.75
  465 A    6 -4 -4 -5  1 -4 -4 -1 -4 -1 -4 -4  0  1 -4 -1 -3 -5 -2 -1   74   0   0   0   2   0   0   3   0   3   0   0   3   7   0   3   0   0   1   4  1.09 0.46
  466 P   -4 -1 -3 -2 -6  3 -3 -5  9 -6 -5 -1 -4 -4 -2 -4 -4  7  0 -6    0   2   0   2   0  14   0   0  55   0   0   4   0   0   3   0   0  17   2   0  1.93 0.58
  467 F   -2  3  4 -2 -4  1  1 -3  0 -1  1  1  0 -2 -3 -1 -1 -4 -3 -2    2  17  24   0   0   6   8   0   2   3  14   9   2   2   0   2   3   0   0   1  0.30 0.19
  468 I   -1 -4 -4 -5 -3 -4 -4 -5 -3  1  3 -4  0  5 -4 -4 -3 -2  5  0    5   0   0   0   0   0   0   0   0   8  29   0   2  27   0   0   0   0  20   5  0.77 0.30
  469 L    0 -3 -2 -4  2 -3 -4 -4 -4  2  4 -2  3  1 -4 -2  0 -3 -2  1    7   0   2   0   4   0   0   0   0  12  42   2   8   7   0   2   6   0   0   8  0.43 0.21
  470 S   -1 -1  0  1 -4  0 -2  0 -1 -3 -3  1  0  0  5  1  0  2 -1 -3    2   3   3   9   0   4   0   9   2   0   2   8   3   4  28  13   4   3   2   1  0.43 0.20
  471 K    0  2  1  0 -3  1  1 -1  0 -3 -3  3 -1 -1  0  1  0 -3 -1 -2    6  12   5   4   0   6  10   2   2   0   1  21   2   3   4  11   7   0   1   2  0.22 0.13
  472 E    0 -1  1  3 -3  0  2  1  0 -2 -2  0 -2 -3  0  0  0  0 -2 -2    7   2   7  17   0   3  16  10   2   3   3   7   0   0   5   4   8   2   1   2  0.19 0.10
  473 T    1 -1  2  0  1  1  0  0 -1 -2 -1  0 -2 -1 -1  1  1  2  1 -1   14   1  13   3   3   7   5   7   1   1   6   4   0   2   3  10   9   3   6   3  0.11 0.09
  474 G    1  0  0  0 -2 -1  1  1  1 -2 -2 -1  1 -3  2  1  1 -1 -2 -1   12   4   4   4   0   2   9  12   5   1   3   2   5   0  10  14   8   1   1   3  0.16 0.10
  475 L    1  1 -1 -1 -1  0  0 -1  0  0  0  1 -1  0  0  0  0 -2 -1  0   16   8   1   2   1   3   4   2   2   5  12   9   0   4   4   8   7   0   2   8  0.04 0.05
  476 E    1 -1  2  2 -3  1  2  0 -2 -3 -2 -1 -1 -3 -1  2  0 -4 -3 -1   13   2  11  13   0   5  13   6   0   0   5   2   1   0   2  17   3   0   0   5  0.21 0.14
  477 I    1 -2 -3 -3 -2 -1 -2  0 -2  1  1 -2  0  3 -2  0 -1 -2  2  1   16   2   0   0   0   2   1   7   0  11  16   1   2  13   1   8   3   0  10   8  0.16 0.13
  478 V   -1 -4 -4 -5  1 -4 -4 -5 -4  4  3 -3  1  3 -4 -2 -1 -3 -2  2    5   0   0   0   3   0   1   0   0  28  29   1   2  12   0   3   3   0   0  12  0.53 0.25
  479 E    0  1  2  1 -2  1  2 -2 -2 -2 -2  0 -2  2 -3 -1  0 -3 -2  0   10  10  11   8   1   4  20   1   0   2   2   6   0  11   0   2   4   0   0   7  0.20 0.16
  480 R   -2  4  0  0 -4  1  1 -1  1 -3 -2  2 -1 -3 -2  0  1 -4  0 -3    0  25   5   4   0   6  10   3   4   1   3  15   1   0   1   5  11   0   5   1  0.33 0.20
  481 L   -1 -4 -5 -5 -1 -4 -5 -2 -1  5  3 -4  3 -2 -5 -2  0  1 -3  1    4   0   0   0   1   0   0   3   2  40  26   0   9   0   0   2   4   2   0   7  0.63 0.30
  482 F    2 -3 -4 -4 -3 -3 -4 -4 -3  3  2 -3  1  2 -4 -2 -2  5  1  1   19   1   0   0   0   0   0   0   0  17  23   1   3  10   0   2   1   8   5  11  0.41 0.22
  483 A    0  5 -1 -3 -5 -1 -1 -3 -3 -5 -3  4 -2 -2 -4  0  0 -5 -4 -4    8  37   2   1   0   0   1   1   0   0   2  33   1   2   0   8   6   0   0   0  0.81 0.37
  484 E   -3  2 -2  0 -5  1  6 -4 -3 -4 -1 -2 -3 -2 -4 -3  1 -5 -4 -2    0  13   1   2   0   5  54   1   0   0   8   0   0   2   0   0  11   0   0   4  0.83 0.41
  485 V    1 -4 -3 -4 -4 -3 -4  5 -2  2 -1 -4  0  0 -4 -1 -3 -4 -4  0   10   0   0   0   0   1   0  53   1  12   4   0   3   4   0   4   0   0   0   8  0.75 0.33
  486 R   -3  8 -4 -5 -7 -2 -4 -3 -4 -7 -6 -1 -5 -7 -6 -4 -5 -6 -5 -6    2  96   0   0   0   0   0   2   0   0   0   0   0   0   0   0   0   0   0   0  2.50 0.77
  487 K   -1  1 -1 -3 -5  1 -1 -4  0 -5 -5  7 -4 -6 -4  1 -2 -6 -4 -5    4   5   2   0   0   6   2   1   2   0   0  68   0   0   0   9   1   0   0   0  1.23 0.50
  488 F   -4 -1 -3 -5 -5 -4 -4 -5  2 -3 -1  0 -3  5  1 -3 -4  4  6 -2    1   3   1   0   0   0   0   0   4   1   5   7   0  25   8   2   0   6  34   3  0.98 0.40
  489 G   -3 -2  1 -4 -5 -4 -5  7 -1 -6 -6 -3 -5  0 -5 -2 -2 -1 -1 -6    0   3   7   0   0   0   0  78   1   0   0   1   0   4   0   2   2   1   2   0  1.54 0.52
  490 V   -1 -1 -2 -4 -3 -3 -2  1 -4  2  3 -3 -1  0 -4 -3 -2  1 -2  3    3   3   2   0   0   0   3  13   0  13  37   0   0   3   0   0   0   2   1  20  0.39 0.24
  491 G    0  0 -1 -2 -1 -2 -1  4 -1 -2 -3 -2 -2  0 -3  3 -1  1  1 -2    5   7   2   1   1   1   5  31   1   2   1   0   1   6   0  24   3   2   5   3  0.35 0.22
  492 M    0 -3 -4 -5  0 -3 -4 -4 -4  1  3 -4  2  2  0 -2 -1 -3  0  3    7   1   0   0   2   1   0   0   0   5  38   0   5   9   5   2   2   0   2  20  0.43 0.23
  493 I   -2 -4 -4 -5  3 -4 -4 -2 -4  3  1 -4  1  0 -4 -3  1  2 -1  4    2   0   0   0   7   0   0   4   0  20   8   0   3   3   0   0  10   3   2  39  0.58 0.29
  494 L    0 -4 -4 -5 -3 -4 -4  0 -4  2  4 -4  0  2 -4 -3 -1 -3 -1  2    8   0   0   0   0   0   0   8   0  14  41   0   1  11   0   0   4   0   1  12  0.49 0.25
  495 I    3 -4 -4 -4  0 -3 -4 -3 -4  3 -1 -3 -2 -3 -4  1  0 -5 -4  3   30   0   0   0   2   0   0   0   0  21   3   0   0   0   0  13   5   0   0  26  0.56 0.31
  496 S   -2 -4 -2 -2 -4 -3 -3 -4  1 -4 -4 -3 -4 -5 -4  4  6 -5 -4 -3    2   0   1   2   0   0   0   0   3   0   0   0   0   0   0  31  60   0   0   0  1.32 0.54
  497 Q   -4 -3  0 -2 -6  9 -2 -5  1 -6 -6 -2 -4 -7 -5 -4 -4 -5 -5 -6    0   0   4   1   0  91   0   0   2   0   0   0   0   0   0   0   0   0   0   0  2.41 0.80
  498 L   -2  4  2  0 -4  1  1 -3  1 -1 -2 -1 -3 -2 -3  3 -1 -4 -2 -3    1  25  10   4   0   5   9   0   3   3   5   0   0   2   0  31   1   0   1   0  0.45 0.28
  499 T   -3 -5 -5 -4 -4 -4 -2 -5 -5  1  1 -4  0 -2  7 -1 -2 -5 -4  2    0   0   0   0   0   0   2   0   0  10  12   0   3   2  52   5   1   0   0  14  1.21 0.43
  500 E    0  2 -1  2 -3  0  1  0  1 -3 -1  1 -2 -2  0  2  1 -4 -3 -2    6  13   0  13   0   2   7   5   3   0   8   6   0   2   5  18   7   0   0   2  0.17 0.14
  501 N    0 -2 -1  5 -4  0  2 -2  3 -1 -2  0 -3 -2 -1 -1 -1 -4 -1 -2    8   1   1  33   0   4  15   1   9   6   4   6   0   1   2   4   2   0   2   2  0.40 0.22
  502 I   -2 -4 -2 -2 -3 -4 -4 -3 -4  4  3 -4  1  2 -4 -2 -1 -3 -2  2    1   0   2   3   0   0   0   1   0  27  35   0   3  11   0   2   2   0   0  11  0.52 0.24
  503 E   -1  0 -2  3 -5  0  3 -3 -3 -5 -5  1 -4 -5  5  1 -2 -6 -5 -4    5   4   0  17   0   3  18   1   0   0   0   7   0   0  34  10   1   0   0   0  0.84 0.34
  504 N    1  1  2  3 -4  0  1 -2  0 -4 -4  0 -3 -4 -1  1  2 -5 -3 -3   11   9  13  18   0   3   8   1   2   0   0   4   0   0   2  13  16   0   0   0  0.37 0.22
  505 I   -1 -2 -2  1 -1 -1  1 -2 -1  3  1 -2  0 -2 -4 -2 -1 -4 -3  3    5   1   1   8   1   2   9   3   2  23  11   1   1   0   0   1   1   0   0  29  0.28 0.20
  506 V   -3 -1 -4 -2 -3 -3 -2 -5 -4  3  3 -3  3  2 -4 -3 -2  1  0  2    0   4   0   2   0   0   2   0   0  20  37   0   8   7   0   1   1   2   4  11  0.50 0.25
  507 Q    1  0  1  1 -3  0  0  2 -1 -1  0 -1 -2 -3 -3  2 -1 -4 -3 -1   12   6   6   7   0   4   4  20   1   4  12   2   0   0   0  19   1   0   0   3  0.19 0.15
  508 N   -3 -3  6 -1 -5  5 -2 -2  0 -5 -2 -2 -4 -5 -4  1  1 -5 -1 -2    1   0  41   2   0  27   0   2   2   0   4   0   0   0   0   9   7   0   2   2  0.92 0.45
  509 S    2 -3  0 -3  5  1 -2 -2  0 -2 -1 -2  0  1 -2  2  1 -4 -1 -1   19   0   3   0  14   8   0   1   2   1   6   0   3   6   1  21   8   0   1   5  0.30 0.22
  510 S    0 -1  3  3 -2 -1 -1  3  0 -3 -4 -1 -2 -1 -3  2 -1 -4 -1 -4    5   2  13  20   1   1   2  21   2   1   0   2   1   3   0  21   2   0   2   0  0.42 0.24
  511 Y   -1 -3  2 -1  1 -2 -3 -2  0  0  0 -2  0  2 -3  1  3  0  1 -1    3   0  12   2   4   0   0   2   2   6   9   2   2  11   0   8  26   1   6   3  0.24 0.20
  512 I   -2  0 -2 -3 -3  0 -2 -2 -1  2  2  2  0  1 -3 -2  0 -1  0  1    0   6   1   0   0   6   0   3   1  17  21  19   1   6   0   2   5   1   3   8  0.19 0.17
  513 F   -2 -3 -3 -5  0 -4 -5 -5 -1  5  2 -3  0  3 -5 -4 -2 -3 -1  2    3   2   1   0   2   0   0   0   2  36  20   1   1  16   0   0   2   0   1  14  0.62 0.29
  514 I    0 -2 -4 -5  2 -2 -4 -4 -4  3  2 -3  2  0 -4 -1 -1 -1 -1  3    8   2   0   0   5   1   0   0   0  23  21   0   4   4   0   4   1   1   1  24  0.42 0.23
  515 F   -4 -3 -3 -5 -5 -1 -4 -3  8 -1  3 -2  3  3 -5 -2 -2 -4  0 -3    0   0   0   0   0   2   0   1  37   2  28   2   7  14   0   3   2   0   1   0  0.98 0.43
  516 N   -1  5  2  0 -5  1 -2 -1  1 -5 -2  1 -3 -5  1 -1 -2 -5 -4 -4    6  44  10   6   0   5   0   5   3   0   4   7   0   0   6   3   1   0   0   0  0.64 0.32
  517 V   -1 -3 -1 -2 -3  2 -3 -3 -3  1  3 -2  0  0  1 -3 -2 -3  0  2    4   0   3   3   0  13   0   1   0   9  36   2   2   4   7   0   1   0   2  14  0.30 0.21
  518 V    0  1  1 -1 -3  1 -1 -1  1 -2 -2  1 -1 -1  0  1  3  1 -2  0    8   7   7   2   0   8   0   5   3   1   1   7   1   2   4   9  23   2   0   7  0.17 0.15
  519 E    1  0  3  2 -3 -1  1  0  0 -4 -2  0 -3 -4 -3  2  1 -1 -3 -3   13   5  17  12   0   0  10   7   1   0   3   6   0   0   0  17   7   1   0   0  0.31 0.20
  520 P    1 -1  0  1 -3  1 -1 -1 -2 -2 -1  0 -2 -2  4  1 -1 -4 -1 -1   10   3   5   7   0   6   3   5   0   2   5   6   1   1  24  10   2   0   3   6  0.30 0.16
  521 K   -1  1  1  3 -3  0  1 -1  0 -2 -2  1  0 -1 -2  0  1 -4  0 -2    5   8   8  22   0   3   9   4   2   1   4  10   3   3   1   5   8   0   3   2  0.20 0.13
  522 E   -3 -1  2  6 -6 -1  3 -4 -3 -3 -4 -2 -5 -6 -4 -3 -2  1 -5 -4    2   4  10  53   0   1  21   0   0   1   2   1   0   0   0   0   2   2   0   1  1.14 0.46
  523 L    1  0 -2 -3 -3  2 -1 -3 -3  1  2  0  1 -1 -3 -1 -1 -3 -2  1   13   6   2   0   0  12   1   0   0   8  27   7   3   2   0   4   3   0   1  10  0.18 0.16
  524 D    0  1  0  2 -4  1  3 -1 -2 -3 -3  2 -3 -3  0  0  0 -4 -3 -3    8   5   3  14   0   5  25   3   0   1   2  16   0   1   4   6   5   0   0   1  0.37 0.21
  525 Y    2 -1 -1 -1 -1 -1  0 -2  1  1  0  0 -1 -1 -2  0  0 -2  2  1   19   2   2   3   1   2   8   1   3   9   9   5   0   1   0   6   7   0   9  12  0.08 0.10
  526 L   -2 -1 -3 -5 -3 -4 -4 -5 -4  4  3 -4  0 -1 -4 -3 -1 -4 -3  3    1   3   2   0   0   0   0   0   0  30  34   0   1   1   0   2   4   0   0  21  0.66 0.30
  527 S    2  1  1 -1 -3  2  1  0  0 -3 -2  1 -2 -3 -1  2  0 -4 -3 -2   22   7   6   2   0   9   8   6   2   0   4   7   0   0   2  18   4   0   0   1  0.22 0.15
  528 R    0  4 -1  0 -3  1  1 -3 -1 -2 -2  2 -2 -3 -2  1  0 -4 -2 -2   10  28   2   4   0   3   8   1   1   2   3  15   0   1   1  12   5   0   1   1  0.34 0.20
  529 V    1 -1  0 -2 -2  0 -1 -2  1  0  1 -1  0 -1 -2  0  0 -2  1  1   15   2   4   0   0   4   4   1   5   5  19   4   2   2   0   7   7   0   7  10  0.07 0.09
  530 L   -2 -3 -2 -3  0 -2 -3 -3 -3  1  3 -2  1  4 -2 -3 -1 -2 -1  1    2   1   3   1   2   1   1   2   0   6  37   2   3  20   2   1   3   0   0  10  0.36 0.20
  531 S    0  0  2  2 -1  1  0  2  0 -3 -1  0 -2 -2  0  1 -1 -3 -2 -2    5   6  11  12   1   6   3  21   2   1   7   5   0   2   4  10   3   0   1   1  0.18 0.10
  532 G    0 -1 -2 -1  0 -1 -1  0 -1  1  1 -2  0  0 -2  0  1  1  0  0    5   4   1   3   2   3   2   8   1  11  19   1   2   5   1  10  11   2   3   6  0.05 0.07
  533 S    1  0  0  1 -2  0  1 -1  0 -1 -1  0 -1 -1  0  1  1 -2  0 -1   12   6   2  10   0   2  10   4   2   4   4   5   2   3   5  12  11   0   5   3  0.09 0.07
  534 D   -2  0  1  4 -3  0  1  0 -2 -2 -3 -1  0 -3  3  0 -1 -3  0 -3    1   5   7  32   0   3   8   6   0   3   2   2   3   1  13   7   2   0   3   1  0.42 0.19
  535 R    0  1  0  0 -2  1  0 -2 -1  0  0  2  0 -2  1  0  0 -2 -2  0    8   8   5   6   0   5   3   1   0   4  12  15   2   1   8   8   6   0   1   5  0.10 0.07
  536 D   -1 -1  1  2 -2  1  1  1  0 -1 -2 -1 -2 -1 -1  1  0 -2  2  0    4   1  10  13   0   6   9  11   2   3   3   2   0   2   2  10   5   0   9   9  0.11 0.08
  537 K    0  0  1  1 -2  0  2 -1 -1 -1  0  1  1 -1 -1  0 -1 -2 -2  0    7   4   7   7   0   1  19   4   1   1  11  10   7   2   3   6   2   0   1   8  0.09 0.08
  538 Y    0  0  0  0 -2  2  1 -1  0  0  0  0  0 -1 -1  0  0  1  1  0    5   4   3   5   1  13  13   3   2   5  10   7   1   1   3   6   5   2   7   6  0.08 0.06
  539 E   -1  0  0  1 -2  1  3 -2  0  0  0  0 -1 -1  0 -1  0 -2  0  0    3   5   4   7   0   7  23   3   2   7  10   4   0   2   5   3   4   0   3   7  0.11 0.08
  540 A    1  0  2  1 -2  1  1  1  0 -1 -2  1 -1 -2  0  1  0 -2 -2 -1   11   5  10   9   0   5   8   9   2   5   4   8   0   1   3  13   2   0   1   5  0.11 0.06
  541 I    0 -2 -1 -2 -2 -1 -1 -3  0  1  3 -2  1  0 -2 -1 -1  1  1  2    6   1   3   1   0   3   4   1   2   9  34   1   2   2   1   5   3   2   5  14  0.17 0.12
  542 Y   -1  2 -2 -1 -2  0  0 -2  0  1  1  0  1  1  0 -1  0  2  2  0    5  17   1   2   0   2   5   3   3   9  12   3   3   6   4   2   5   3  10   5  0.08 0.08
  543 Q    1 -1  0  2 -3  2  3  0  0 -2 -3  1 -1 -3 -2  1  0 -3 -2 -3   14   0   4  12   0  11  20   7   2   2   1   7   2   0   0  12   3   0   1   0  0.28 0.17
  544 A    1  2  0  0 -2  1  0 -2  0 -1 -1  1  0  1 -2  0 -1  2  0  0   15  12   3   3   0   5   7   1   3   3   5  10   4   6   1   6   3   4   3   7  0.08 0.07
  545 I   -1 -4 -5 -5 -3 -4 -5 -3 -5  5  4 -4  1 -2 -5 -3 -3 -4 -3  1    4   0   0   0   0   0   0   3   0  35  46   0   2   0   0   2   0   0   0   6  0.83 0.35
  546 R    2  0 -3 -2 -4  1 -1 -2 -3 -2 -3  1 -1 -4  6 -1  1 -5 -4 -1   17   4   0   1   0   9   2   1   0   1   2  10   1   0  38   2   8   0   0   3  0.74 0.31
  547 S   -1  1  3 -1 -3  2  0  1  0 -2 -2  1 -1 -2 -3  1  0 -3  1 -1    4   9  16   2   0  11   6  11   1   2   3  11   1   1   0   9   3   0   6   4  0.18 0.14
  548 L   -1 -4 -4 -5 -3 -1 -4 -5 -4  0  5 -4  3  2 -2 -2 -3 -3 -2 -1    4   0   0   0   0   3   0   0   0   2  66   0   7   8   2   4   0   0   0   1  0.81 0.36
  549 E    0  1  0  1 -4  1  1  2 -2 -1 -3  1 -3 -4  3  1 -1 -4 -3 -2    8  10   3   7   0   7   9  15   0   5   0   6   0   0  17   9   3   0   0   2  0.31 0.17
  550 R   -1  3 -1 -2 -3  2 -1 -3  0 -2 -1  3  0 -4  2 -1  1 -4 -3  1    5  23   2   0   0  10   3   0   2   0   5  18   2   0   9   2   9   0   0  11  0.32 0.21
  551 G   -1  0 -3 -3 -5 -4 -4  7  1 -6 -4 -4 -5 -5 -2 -3 -4 -5 -1 -5    3   6   0   1   0   0   0  78   4   0   2   0   0   0   2   0   0   0   2   0  1.50 0.51
  552 Y    0 -2  0  0  0  2  5 -2  2 -2 -4 -2 -3  1 -3 -1 -1 -4  1 -1    8   0   3   2   2  10  44   3   5   2   0   0   0   6   0   2   3   0   5   5  0.52 0.31
  553 V    4 -1 -3 -4  5 -3 -3  1 -4 -2 -2 -3 -3  1 -4  1 -2 -4 -3  0   46   4   0   0  13   0   0   8   0   1   2   0   0   8   0  10   0   0   0   6  0.61 0.34
  554 V   -2 -5 -5 -6 -3 -4 -5 -6 -5  4  4 -5  1  1 -5 -4 -3 -4 -3  3    2   0   0   0   0   0   0   0   0  26  47   0   2   6   0   0   0   0   0  18  0.86 0.35
  555 T   -2 -2 -5 -5 -3 -4 -4 -5 -4  3  3 -4  0  2 -4 -3 -1  1  1  4    2   2   0   0   0   0   0   0   0  14  29   0   1   8   0   0   4   2   5  33  0.55 0.26
  556 V    0 -1 -3 -4 -3 -2 -3 -3 -3  1  1  0  1  2 -3  0  0 -3  1  3    9   4   0   0   0   0   0   0   0   3  14   7   3  11   0   7   5   0   5  31  0.24 0.18
  557 S    0 -3  1  4 -4  0 -2  3 -3 -4 -2 -2 -1 -1 -1  1  1 -4 -3 -2    7   0   6  25   0   4   0  28   0   0   4   0   2   4   3   9   8   0   0   2  0.43 0.24
  558 G   -1 -2  0  3 -3 -1 -1  3 -3 -2  0 -2 -1 -1  1  0  1  2 -1 -2    2   1   3  18   0   2   3  26   0   2  12   0   1   3   8   5   9   3   1   2  0.25 0.17
  559 D    1 -1  1  2 -3  0  0 -1  0 -2 -1  0  1  1 -2  1  1 -3  0 -1   13   3   7  17   0   2   5   3   3   0   6   5   5   8   0  10   7   0   2   3  0.11 0.11
  560 N    0 -1  2  0 -2  0  0  1 -1 -1 -1  0 -1  1 -1  1  0  1  0 -1    9   3  14   3   0   2   5  11   0   5   6   4   2   8   2  13   5   2   3   3  0.07 0.07
  561 R   -1  4 -1  0 -5  1  3 -4 -2 -4 -2  3 -3 -5  1 -1 -1 -5 -4 -4    3  31   2   3   0   3  22   0   0   0   4  18   0   0   8   3   2   0   0   0  0.60 0.29
  562 A    0  1 -2 -1 -3 -1  1 -3  0  1  0  2  1  1 -1  1  1 -3 -2 -1    8   6   0   2   0   0  10   0   2  10  11  16   4   7   1  11   8   0   0   2  0.09 0.11
  563 I   -1 -4 -4 -4 -1 -3 -3 -4  0  1 -2 -1 -3 -4  7 -3 -1 -5 -1  1    4   0   0   0   1   0   0   0   2   9   4   4   0   0  58   0   4   0   3  10  1.27 0.39
  564 L   -1 -2 -3 -3 -3 -1 -3 -4  3  2  1  0  1  1 -3 -1  1 -2  2  1    6   0   0   0   0   2   0   0  11  19  17   6   4   4   0   2   9   0   8  12  0.22 0.15
  565 L   -2 -1 -3 -1 -3 -2 -2 -4 -3  2  3  0  1  1  1 -2 -1 -3  0  1    0   4   0   4   0   0   2   0   0  12  38   9   2   5   7   0   4   0   4   8  0.25 0.16
  566 V    0 -4 -5 -5  2 -4 -4 -5 -5  5  1 -4 -1 -2 -4 -3 -1 -4 -3  5    6   0   0   0   5   0   0   0   0  33   8   0   0   0   0   0   3   0   0  45  0.79 0.30
  567 K   -3  4  1 -1 -5  4  0 -4  0 -5 -4  4 -3 -4 -3 -2 -3 -4  1 -4    0  28   6   2   0  25   4   0   2   0   0  28   0   0   0   0   0   0   5   0  0.81 0.32
  568 L   -1 -4 -5 -5 -3 -4 -4 -5 -5  4  1 -4  4  1 -4 -4 -2 -4 -2  4    3   0   0   0   0   0   0   0   0  33  10   0  11   5   0   0   0   0   0  37  0.76 0.28
  569 N   -1  3  3  3 -4  0  1  0 -1 -4 -4  2 -3 -4 -2  0  0 -4 -3 -3    3  18  20  22   0   0   8   8   0   0   0  13   0   0   0   4   4   0   0   0  0.43 0.14
  570 S    1  0 -1  2 -3  1  3 -2 -1 -3 -3  1 -2 -4  2  1  0 -4 -3 -2   16   5   0  10   0   6  29   0   0   0   0   5   0   0  12  12   6   0   0   0  0.38 0.10
  571 L   -2  3 -3 -3 -3 -2 -3 -4 -3  3  3 -1  0 -1  2 -2 -2 -3 -2  0    0  22   0   0   0   0   0   0   0  28  36   0   0   0  13   0   0   0   0   0  0.36 0.11
  572 K   -1  1 -1  0 -4  1  3 -2 -1 -4 -3  5 -2 -4 -2 -1 -1 -4 -3 -3    0   0   0   0   0   0  29   0   0   0   0  71   0   0   0   0   0   0   0   0  0.68 0.11

                      K         Lambda
Standard Ungapped    0.1408     0.3236
Standard Gapped      0.0410     0.2670
PSI Ungapped         0.1319     0.3175
PSI Gapped           0.0404     0.2670
