
Last position-specific scoring matrix computed, weighted observed percentages rounded down, information per position, and relative weight of gapless real matches to pseudocounts
           A  R  N  D  C  Q  E  G  H  I  L  K  M  F  P  S  T  W  Y  V   A   R   N   D   C   Q   E   G   H   I   L   K   M   F   P   S   T   W   Y   V
    1 M   -4 -4 -5 -6 -4 -3 -5 -5 -4 -1  1 -4 10 -2 -5 -4 -3 -4 -4 -2    0   0   0   0   0   0   0   0   0   0   8   0  92   0   0   0   0   0   0   0  2.30 0.58
    2 R   -3  6 -2 -3 -5 -1 -2 -4  5 -3 -3  2 -1 -3 -2  1 -3 -5 -3 -4    0  57   0   0   0   0   0   0  14   1   1  10   1   1   1  13   0   0   0   0  1.04 0.36
    3 I   -3 -5 -5 -5 -4 -1 -5 -6 -5  7  0 -5  2  1 -3 -4 -3 -5 -3  2    0   0   0   0   0   4   0   0   0  74   2   0   5   5   2   0   0   0   0   8  1.26 0.45
    4 E   -2 -2  2  2 -4 -1  5 -1  0 -1 -2  0 -1 -4 -2 -1 -2 -4 -2 -3    2   0  12  13   0   0  44   5   2   5   5   4   1   0   1   4   0   0   1   0  0.53 0.26
    5 E    0  1  4  0 -3  2  3 -2  1 -1 -2 -1 -1 -2 -3  0  0 -1  0 -2    7   6  23   2   0   9  21   0   3   6   4   2   2   2   0   5   4   1   4   0  0.28 0.18
    6 D   -3  0  2  5 -5 -1  4 -2  1 -4 -4 -1 -3 -4 -2 -1 -1 -5 -4 -4    1   4   8  42   0   0  29   2   3   0   1   1   1   1   1   2   3   0   0   0  0.88 0.34
    7 L   -1 -2 -1 -3 -2 -1 -2 -3 -2  3  2 -1  3 -2  1 -1  0 -3 -2  2    3   0   2   0   0   3   2   1   1  20  20   4  10   0   8   4   5   0   1  14  0.24 0.16
    8 K    0  0 -2 -3  0 -1 -1  4 -3 -3 -2  4 -3 -4 -3  0 -2 -4 -3 -1    7   5   0   1   2   1   3  35   0   1   3  31   0   0   0   6   0   0   1   4  0.56 0.30
    9 L   -3 -2 -6 -7 -5 -5 -6 -6 -2 -1  5 -5 -1  5 -5 -5 -3 -4  0 -2    2   2   0   0   0   0   0   0   1   2  65   0   0  24   0   0   1   0   3   0  1.29 0.54
   10 G   -3 -5 -2  5 -5 -4 -3  4 -5 -5 -6 -4 -5 -6 -5  1  4 -6 -6 -5    1   0   1  29   0   0   0  29   0   0   0   0   0   0   0  11  30   0   0   0  1.11 0.55
   11 F   -6 -6 -7 -7 -6 -6 -7 -7 -4  1  0 -7 -4  8 -7 -6 -6 -3  6 -4    0   0   0   0   0   0   0   0   0   8   7   0   0  56   0   0   0   0  30   0  2.10 0.77
   12 K   -2 -2 -1  7 -2 -1  2 -2 -4 -6 -7  3 -6 -7 -5 -2 -4 -7 -6 -5    3   1   2  57   1   2  12   3   0   0   0  16   0   0   0   2   0   0   0   0  1.35 0.61
   13 D   -5 -5  0  8 -8  0  2 -6 -5 -7 -8 -4 -7 -8 -6 -4 -4 -8 -7 -7    1   0   3  78   0   4  14   0   0   0   0   0   0   0   0   0   0   0   0   0  2.19 0.85
   14 V   -3 -6 -7 -7 -5 -6 -6 -7 -6  5 -1 -3 -1 -2 -6 -5 -3 -6 -2  6    1   0   0   0   0   0   0   0   0  32   2   2   1   2   0   0   0   0   2  58  1.52 0.66
   15 L    2 -3 -3 -3 -1  2 -3 -3 -2  0  4 -1  2 -1 -3  0 -1 -4 -3 -2   19   0   1   1   1  10   1   1   1   4  42   3   4   2   0   6   3   0   0   0  0.44 0.34
   16 I   -5 -6 -7 -7 -2 -6 -6 -7 -6  5  5 -6  1  1 -6 -6 -4 -5 -4  0    0   0   0   0   1   0   0   0   0  28  58   0   3   6   0   0   0   0   0   5  1.32 0.58
   17 R   -3  4 -5 -6 -4 -3 -5 -6 -5  3  0 -1 -1 -4 -3 -4 -3 -6 -2  5    1  20   0   0   0   1   0   0   0  17   9   3   1   0   1   0   0   0   1  46  0.97 0.51
   18 P   -4 -6 -5 -5 -7 -6 -6 -7  2 -7 -7 -5 -7 -8  9 -4 -3 -8 -3 -7    1   0   0   0   0   0   0   0   4   0   0   0   0   0  91   1   1   0   1   0  3.01 1.07
   19 K    1  1  2 -1 -4  1 -1  2 -1 -5 -5  3 -3 -5 -3  2  0 -5 -4 -4   12   7   9   2   0   5   2  17   1   0   0  24   1   0   0  16   4   0   0   0  0.47 0.32
   20 R    0  6 -1 -3 -5  0  0 -2  1 -5 -3  2 -2  0 -4 -3 -2 -4  2 -4    9  44   2   1   0   3   5   2   3   0   1  14   1   4   1   0   1   0   8   1  0.80 0.44
   21 S   -2  4  0 -4  5 -3 -4 -3 -4 -1 -1 -2 -4 -5 -4  5 -1 -5 -5 -2    2  23   3   0  11   0   0   1   0   4   6   1   0   0   0  44   3   0   0   2  0.87 0.53
   22 T   -2 -1  0  1 -4 -2  0 -4  1  1 -3 -3 -3 -5  1  0  5 -5 -3  0    1   4   5   7   0   1   7   0   4   9   2   0   0   0   6   4  44   0   0   5  0.63 0.44
   23 L   -2  0 -3 -3 -2 -1 -2 -3 -1  2  3 -2 -1  0 -3 -3 -2 -3 -2  4    3   7   1   1   1   4   2   2   2   9  30   2   0   3   1   1   1   0   1  30  0.41 0.25
   24 K   -1  3  1  1 -3  0  0 -2 -2 -1  0  2  0 -2  0 -1  0 -4 -3 -1    2  20   6  10   0   2   6   2   0   3  13  13   3   1   4   4   6   0   0   3  0.20 0.18
   25 S   -2 -4 -2  1 -1 -2 -2 -3  0 -4 -4 -3 -4 -5  4  6 -1 -5 -5 -4    1   0   1   7   1   1   1   1   2   1   2   1   0   0  22  55   2   0   0   1  1.11 0.60
   26 R   -2  6 -1 -2 -4  0  0 -3  1 -2 -3 -1  0 -4  1  0 -2 -4 -3 -1    2  50   3   2   0   3   5   1   4   2   2   2   2   1   6   8   1   0   1   4  0.81 0.39
   27 S    1  0  1  2 -2 -1 -1 -1 -1 -3 -2  2 -2 -1 -2  4  0 -3 -2 -3   14   5   6  11   1   1   2   3   1   1   3  11   1   3   1  31   4   0   1   1  0.34 0.24
   28 D   -3 -2 -1  5 -5  3  4 -4 -1 -3 -3 -2 -4 -4 -3 -3 -2 -4 -4 -3    1   2   3  36   0  11  32   1   1   2   2   1   0   1   1   1   2   0   0   2  1.00 0.47
   29 V    0 -3 -4 -4  5 -3 -4 -4 -4  2 -2 -4 -2 -3 -1 -3 -2 -4 -3  6    7   1   1   1  11   1   1   1   0  10   2   1   0   0   4   1   2   0   1  56  1.02 0.47
   30 E   -2 -2  2  6 -2 -2  1 -4 -2 -5 -5 -2 -4 -5 -4  2 -1 -5 -4 -4    3   1   9  51   1   1   6   1   1   1   1   1   0   0   1  18   2   0   0   1  1.12 0.52
   31 L   -2 -3 -4 -3 -3 -4 -4 -4 -4  1  4 -4 -1 -1  1 -3  4 -4 -1  1    3   1   0   1   0   0   1   1   0   9  36   0   1   2   8   1  25   0   2   7  0.56 0.36
   32 E    1  0 -1 -1 -4  0  3 -1 -2 -3 -4 -1  0 -2 -3  4  2 -4 -2 -3    9   4   1   2   0   4  19   3   1   1   1   2   3   1   0  29  15   0   1   1  0.45 0.35
   33 R   -3  3 -3 -2 -4 -1 -2 -5 -4  0 -1 -1 -2 -2 -4 -1  3  7 -2  3    1  19   0   2   0   2   2   0   0   5   5   2   1   1   0   4  17  16   0  20  0.70 0.42
   34 Q   -1  0  1  1 -2  3  2 -3 -1 -3 -3  2 -2 -4 -2  0  2 -1 -3 -2    5   5   6   8   1  17  16   1   1   1   2  12   0   1   2   7  12   1   0   3  0.32 0.25
   35 F   -3 -2 -3 -1 -4 -4 -4 -5  0  2  3 -4  0  5 -5 -4 -4  0  1 -1    1   2   1   4   0   0   1   1   2  14  34   1   1  28   0   1   0   1   4   3  0.79 0.39
   36 T   -1  0  0  3 -2 -1 -1  0 -1 -2 -1  1 -1 -1 -1  0  3 -3 -1 -1    5   4   4  16   0   1   2   6   2   2   5   8   1   3   3   6  25   0   2   3  0.23 0.17
   37 F   -1  0 -1 -1 -1 -1 -1  0 -1 -1 -1  0 -1  4  1  0  2 -1 -1 -1    5   6   3   2   1   2   3   7   2   4   4   7   1  20   6   6  16   0   1   3  0.17 0.12
   38 K   -1  3  0 -1 -2  0 -1 -1  0 -2  0  3 -1 -1 -1  0  0  2  0 -1    4  15   5   4   1   3   3   3   2   2  10  21   1   2   3   5   5   3   4   3  0.17 0.11
   39 H   -2  0  1 -2 -2 -1 -1 -2  4  1  2 -1  0 -1 -2 -1 -1  1  0  0    3   5   7   2   1   2   3   2  15  10  21   4   2   3   2   5   4   2   2   6  0.17 0.12
   40 S    1 -1 -1 -1  2 -1  0 -1 -1  0  0  0  0 -2 -1  3  1 -2 -1 -1   10   2   2   4   4   1   5   4   2   6   8   5   2   2   3  24  10   0   1   4  0.12 0.10
   41 G   -1  0  0  1 -3  0  1  3 -1 -2 -2  2 -2 -1  1 -1 -2 -3 -2 -2    4   4   3   9   0   4   9  27   1   2   5  13   0   2   7   3   2   0   1   2  0.26 0.16
   42 Q    2  0  2  0 -1  0 -1  1  0 -2  0  0 -1 -2  0  0 -1 -2 -1 -1   22   5  12   4   1   5   3  11   2   2   9   6   1   1   4   5   2   1   1   4  0.11 0.12
   43 S   -1  1 -1 -2 -3 -1 -1 -3  2  1  1  0  1  1  0  0  1 -2  3  0    2  10   1   1   0   2   3   1   5   8  13   5   3   7   5   6   9   0  13   5  0.13 0.14
   44 W   -2  2 -1 -2 -3  0  0 -1 -1  0 -2  1 -1  0  0  0  1  4  1 -1    1  16   3   2   0   3   5   5   1   6   3  10   2   5   4   5  13   7   5   3  0.18 0.15
   45 S   -2 -1 -3 -3 -3 -3 -2 -2 -2  1  2  0  1  5 -1 -1  0 -2 -1 -1    2   4   1   1   0   1   2   4   1   7  24   6   3  30   3   3   7   0   0   3  0.39 0.26
   46 G   -1  1  2  2 -3  0  1  2 -1 -1 -2  2 -3 -2 -3  0 -1 -2 -3 -3    4   8  11  12   0   2  10  16   1   5   3  17   0   2   0   5   3   0   0   0  0.24 0.18
   47 V    0 -3 -3 -4 -1 -3 -4 -4 -3  4  2 -2  2  0 -4 -2 -1 -3  1  2    9   1   1   0   1   1   0   1   0  31  21   2   6   3   0   2   4   0   6  11  0.43 0.25
   48 P   -4 -5 -5 -5 -6 -5 -2 -3 -5 -6 -6 -5 -6 -7  9 -2 -5 -7 -6 -6    0   0   0   0   0   0   3   2   0   0   0   0   0   0  89   4   0   0   0   0  2.77 0.93
   49 I   -1 -4 -5 -5  0 -4 -5 -5 -5  5  2 -4  0  1 -4 -4 -3 -1 -3  4    4   0   0   0   2   0   0   0   0  30  22   0   1   7   0   0   0   1   0  30  0.80 0.38
   50 I   -3 -4 -5 -5 -3 -4 -5 -5 -5  5  1 -4  3  1 -4 -4 -1 -2 -2  4    1   0   0   0   0   0   0   0   0  30  12   0   8   6   0   0   4   1   1  33  0.80 0.39
   51 A    3 -3 -1 -2 -1  2 -2  1 -3 -2 -2 -2 -2 -4  2  3  0 -4 -4 -1   26   0   3   1   1  10   1   8   0   1   3   0   1   0  11  23   4   0   0   5  0.39 0.29
   52 A    5 -4 -3 -2 -3 -2 -1  2  3 -4 -4 -3 -4 -5 -2  2 -3 -5 -4 -3   50   0   0   2   0   1   4  14   8   0   0   0   0   0   1  17   0   0   0   0  0.82 0.46
   53 N    2 -3  5 -3 -4 -3 -3  2  1 -4 -5 -2 -4 -5  4  0 -3 -5 -4 -4   19   0  29   0   0   0   0  13   3   1   1   2   0   0  23   6   0   0   0   0  0.82 0.43
   54 M   -2 -5 -3 -6 -5 -4 -5 -1 -5 -3 -2 -5 10 -2 -2 -2  1 -5 -1 -2    3   0   2   0   0   0   0   6   0   0   2   0  67   2   2   3   7   0   2   3  1.98 0.89
   55 D    0 -2 -2  6 -5  2 -1  0 -4 -5 -5 -1 -2 -5 -2  0 -2 -5 -5 -1    9   2   0  48   0  10   2   8   0   0   1   3   1   0   2   7   2   0   0   4  0.89 0.51
   56 T    1 -3 -2 -4 -4 -2 -4 -1  0 -2 -3 -4  1 -2 -2  2  5  5 -1 -2   10   1   1   0   0   1   0   5   2   2   2   0   4   2   2  13  42   8   2   2  0.75 0.49
   57 V   -2 -2 -3 -5  1 -4 -2 -4 -2  3  0 -4  1 -1 -5 -3  0 -5 -2  5    3   2   1   0   3   0   3   1   1  16   8   0   3   2   0   1   6   0   1  49  0.78 0.44
   58 G    1 -1 -3 -4 -3 -3 -3  2 -4  2 -2 -2  2 -2 -1  0  3 -4 -4  2   10   3   0   0   0   0   0  19   0  15   2   2   5   1   3   7  19   0   0  13  0.34 0.29
   59 T   -1 -2  1  4 -4 -2  2  0 -3 -2 -4 -2 -4 -5 -4  2  3 -5 -3 -3    3   2   7  24   0   1  14   6   0   3   0   2   0   0   0  17  18   0   1   2  0.54 0.38
   60 F    1 -3 -1 -1 -4 -1  2 -1  0 -2 -1 -2 -1  3  3  0 -1  0  0 -1   14   1   3   3   0   2  16   3   3   2   6   0   1  14  15   7   2   1   3   4  0.25 0.23
   61 S    1  2  1  1 -4  1  3 -1  0 -3 -4  1 -3 -4 -1  0 -1 -5 -3 -3   13  10   6   7   0   5  25   4   2   1   1  10   0   1   3   6   4   0   1   1  0.35 0.27
   62 M   -2  0 -2 -5 -4 -3 -2 -4 -4  2  3 -3  6  1 -5 -3  1 -4 -3  1    2   6   1   0   0   1   2   1   0   9  25   1  27   7   0   2   9   0   0   7  0.65 0.42
   63 A    6 -5 -5 -2  2 -4 -4 -1 -5 -1 -2 -4 -4 -5 -4 -2 -2 -5  0  0   71   0   0   3   4   0   0   3   0   3   3   0   0   0   0   1   2   0   3   5  1.22 0.66
   64 S    2  0 -2 -2 -2  0  1  0 -2  3  0  0 -1 -2 -2  0 -1 -4 -3  2   17   4   2   1   0   4   9   7   1  20   6   6   1   1   1   5   3   0   0  13  0.15 0.18
   65 A    4 -1 -3 -3 -4  0  1 -1 -2 -1 -2 -1 -1 -1 -2  0 -1  5 -1 -1   39   3   1   1   0   4  11   4   1   3   3   3   1   3   1   4   3   8   2   3  0.43 0.34
   66 L   -2 -2 -4 -2  1 -3 -4 -4 -3  1  3 -3  4  3 -4 -2 -1 -3  0  1    3   3   0   3   3   0   0   0   0   8  33   0  13  12   0   3   3   0   3   8  0.44 0.32
   67 A    4 -1 -1 -1  0 -1 -1  2  0 -2 -2 -1  0 -4 -3  2 -1 -4 -3 -2   36   3   2   2   2   2   4  15   2   2   2   3   2   0   0  15   3   0   0   2  0.36 0.31
   68 S    0  0  1  0  2  1  0  0  1  0 -1  0  1 -2  1  0  0 -3 -2  0    6   6   6   6   6   6   6   6   6   6   6   6   6   0   6   6   6   0   0   6  0.06 0.09
   69 F    2 -2  2 -2 -1  0  0 -1  3 -2  2  0  0  1 -3 -1 -2 -4 -1 -2   19   2  13   1   1   4   7   4   8   1  20   4   2   7   0   2   2   0   2   1  0.23 0.25
   70 D   -2 -4  1  1 -3 -2 -3  7 -2 -7 -5 -2 -6 -7 -6 -3 -4 -6 -6 -7    2   1   5   7   1   2   2  73   1   0   1   3   0   0   0   2   1   0   0   0  1.64 0.78
   71 I    0 -2 -3 -5 -1 -4 -4  5 -3 -1  1 -3  1 -2 -5 -2 -3 -2  3 -2    9   2   1   0   1   0   1  45   0   4  13   1   4   1   0   2   1   0  12   3  0.74 0.46
   72 L   -4 -5 -3 -6 -1 -5 -3 -2 -5  2  4 -5  2  4 -6 -3 -4 -4 -1 -1    1   0   1   0   1   0   2   3   0  12  47   0   5  20   0   2   0   0   1   4  0.93 0.51
   73 T   -1 -5 -4 -5 -5 -3 -3  5 -2 -3 -4 -3 -5 -4 -1 -2  3 -4  4 -1    4   0   0   0   0   1   1  47   1   2   2   1   0   0   4   3  16   0  13   5  0.93 0.55
   74 A    2 -5 -5 -5  1 -3 -5 -2 -5  4  0 -5 -1  0 -3 -2 -1 -5 -4  5   16   0   0   0   3   1   0   3   0  22   6   0   1   3   2   3   4   0   0  37  0.73 0.45
   75 V   -3 -4 -5 -6 -4 -5 -5 -2 -5  5  3 -5  5 -1 -5 -3 -4  2 -2  2    2   1   0   0   0   0   0   3   0  36  22   0  15   2   0   2   0   2   1  12  0.95 0.50
   76 H   -1 -4  1  0 -2  1 -3  2  9 -1 -5 -3 -5 -3 -1 -2 -1 -5 -2 -3    6   0   7   5   1   5   1  13  43   4   0   1   0   1   4   2   3   0   1   2  1.17 0.61
   77 K    0  6 -3 -5 -2 -2 -1  0 -1 -4 -6  4 -1 -6 -4 -1  0 -6 -3 -5    7  40   1   0   1   1   3   7   2   1   0  23   2   0   1   4   6   0   1   0  0.97 0.60
   78 H   -1  0  4 -1 -4 -1 -2  0  6 -1 -2 -2 -1  1 -3  0 -2 -3  3 -2    4   4  17   4   0   3   2   6  17   4   5   2   2   7   1   6   2   0  12   2  0.45 0.31
   79 Y    0 -3 -1 -1  0 -1  1 -2 -1 -2 -1 -2  4  3 -3 -1 -1 -3  5 -1    9   1   3   3   2   2  11   3   2   2   6   2  11  11   1   5   3   0  19   4  0.36 0.32
   80 S   -1 -3  1  4 -2  0  0 -2 -2 -5 -4 -2 -5 -3  1  3  1 -6 -3 -4    4   1   7  27   1   4   5   2   1   0   2   1   0   1   8  23   9   0   1   1  0.59 0.46
   81 V    0 -3 -3 -2 -2 -1  0 -2 -2  1  0 -2 -1 -2  5 -2 -2 -5 -2  2    6   1   1   2   1   3   5   3   1   9  10   2   1   2  30   2   1   0   2  17  0.55 0.40
   82 E    0 -2 -1  3 -6  1  5 -3 -1 -3 -3 -1 -5 -6  0 -1 -1 -6 -5 -3    9   2   3  18   0   5  38   2   2   1   2   2   0   0   6   4   4   0   0   2  0.73 0.52
   83 E    0 -1  0  2 -4  2  3 -1  0 -2 -2  1 -1 -2  1 -1 -1  1 -2 -1    8   3   4  11   0   9  21   5   2   2   4   8   1   1   6   3   2   2   2   5  0.23 0.24
   84 W   -1  3  0 -2 -5  3 -1 -5  0  0  1  0  0  0 -2 -4 -2  7 -1  0    6  15   4   2   0  12   3   0   2   5  11   4   2   4   2   0   2  15   2   8  0.49 0.38
   85 Q    0  0 -1 -1 -3  1  0 -1  0  1  0  1  1  0 -1 -1  0  1  0  1    9   5   3   3   0   6   5   3   3  10  11  11   3   3   3   3   4   3   3   9  0.03 0.07
   86 A    0  0  0  0  2  0  0  0  1  0 -1  0 -1  0  1  0  0 -2  1  0    6   6   5   6   5   5   6   6   5   6   6   6   0   5   6   6   6   0   5   6  0.03 0.06
   87 F   -3  0 -2 -3 -1  1  3 -4  1 -2  0 -2  0  6 -2 -3 -3  2  1 -3    1   5   2   1   1   8  19   1   3   2   9   2   2  31   2   1   1   3   4   2  0.65 0.49
   88 I    0 -2 -1 -2 -1 -2 -2 -3 -4  4  0 -3  1  0 -2 -2 -1 -4 -1  3    7   2   3   2   2   2   3   2   0  28   9   1   4   4   2   2   3   0   1  24  0.41 0.33
   89 N    2  2 -1 -1  0  2  0 -2  0 -2 -2  2 -3 -2 -1  0 -1 -4 -1 -1   19  13   3   4   2  11   6   2   2   2   3  15   0   2   2   5   4   0   2   4  0.22 0.25
   90 N   -1  1  1  1 -1  1  2 -1  0 -2 -2  2  0 -2 -1  1  0 -4 -1 -2    5   8   6   8   2   7  14   3   2   2   2  15   3   2   2   9   5   0   2   3  0.19 0.21
   91 S    1  0  0 -3  1  0  0 -3  1  0  1  0  3  0 -1 -1  0  2  0  0   13   7   5   0   3   3   5   0   3   5  13   5   9   3   3   4   4   3   3   8  0.08 0.14
   92 S    0  0  1  1 -3  0  0 -1  3 -1 -1  1  0  0  2  0  0 -3  1 -1    7   6   6   9   0   4   5   3   8   4   4  11   3   4   9   7   4   0   4   3  0.11 0.13
   93 A    0  0  0  0  2  0  0  0  1  0 -1  0  1  0  1  0  0 -3 -1  0    6   6   5   6   5   5   6   6   5   6   6   6   5   5   6   6   6   0   0   6  0.03 0.07
   94 D    0  0 -1  3 -3  1  3 -2 -2 -2  1  1 -2 -2 -2 -1 -2 -3 -3 -2   10   4   2  18   0   7  18   2   0   2  13   9   1   1   2   4   2   0   1   3  0.28 0.26
   95 V    0 -2  0 -1  0 -2 -1  2 -2  0 -1 -2 -2 -2  3 -1  3 -4 -2  1    7   2   4   3   2   2   4  15   1   5   4   2   0   2  13   4  21   0   1  10  0.24 0.24
   96 L   -1  0  1  2 -2 -1 -1 -2 -2  1  2  1  1 -2 -2 -1 -1 -4 -1  0    3   5   6  12   1   3   2   3   1  10  28   8   3   1   2   5   2   0   2   5  0.16 0.19
   97 K   -1  1  1  0 -4  3  0  0 -1 -1 -1  4 -2 -3 -1 -1 -2 -1 -4 -2    5   6   6   5   0  17   4   7   1   3   6  24   1   1   3   4   2   1   0   2  0.31 0.27
   98 H   -1  2  0 -3 -5  1  1 -4  2 -2 -2 -1 -2  1  5 -1 -2 -4  1 -3    5  10   5   1   0   7   8   1   6   3   4   3   1   5  28   4   2   0   5   1  0.52 0.36
   99 V    1 -4 -5 -4  1 -4 -1 -3 -3  3  1 -4 -1  4 -4 -3 -2  2 -1  3   12   1   0   1   3   0   5   2   1  15  10   0   1  19   0   1   2   3   1  25  0.53 0.37
  100 M    3 -3 -2 -4 -2 -3 -4  3  0 -2  0 -4  1  1 -4  1 -1 -3  3 -3   22   1   1   0   1   1   0  24   2   2  10   0   4   6   0  11   4   0  10   1  0.41 0.34
  101 V    3 -4 -5 -4 -1 -2 -4 -3 -5  4 -2 -4 -2 -3 -4 -1 -2 -5 -2  5   24   1   0   1   1   2   1   2   0  21   3   0   1   1   1   3   2   0   2  35  0.74 0.47
  102 S    3 -3  4 -3 -4 -2  1  0 -4 -5 -4 -2 -4 -4 -3  3 -1 -6 -3 -1   26   1  20   0   0   1   9   7   0   0   1   2   0   1   1  25   3   0   1   4  0.65 0.49
  103 T    0 -4 -5 -5 -1 -2 -3 -3 -5  3  0 -3  0 -3  2  0  0 -5 -3  4    7   0   0   0   2   2   1   2   0  16   7   1   2   0  11   9   6   0   0  34  0.54 0.39
  104 G    0  2 -2 -4 -5 -4 -3  5 -4  0 -3 -4  4 -3 -3 -2 -3  3 -2 -1    7  11   1   1   0   0   1  46   0   7   1   0   9   1   1   2   2   3   2   4  0.80 0.49
  105 T   -2 -2 -3 -3 -2 -1 -4 -4 -4  3  1  0  0 -2 -3 -2  3 -5 -3  4    3   2   1   1   1   3   0   1   0  16  15   5   2   1   1   2  17   0   0  28  0.47 0.35
  106 S    0 -1  0 -2 -3 -1 -1  1 -2 -2 -1  1  1 -2  2  2  1 -3 -3 -2    8   3   5   2   0   3   3  11   1   2   6  11   5   2  11  17   9   0   0   2  0.19 0.20
  107 D    0 -2  0  3 -5  1  4 -2 -3 -4 -3 -1  0 -3  3  1  0 -5 -3 -2    6   2   3  15   0   5  25   2   0   1   2   3   2   1  13   9   7   0   1   4  0.44 0.35
  108 A    1 -1  0  2 -3  1  1 -1  0 -1  1 -1 -1 -1  2 -1 -1 -4 -1 -1   14   3   6  13   0   6   9   5   2   4  14   1   1   2   9   4   2   0   2   4  0.12 0.15
  109 D    1 -2  1  3 -3 -1  2 -2  1  1 -1  0  0 -2 -2 -1  0 -3  0 -1   12   2   5  20   0   2  13   3   3  10   4   4   3   1   2   2   6   0   4   2  0.20 0.21
  110 F    1  0 -2 -1 -3 -1 -1 -2 -1  1  0 -1  1  3 -2 -1 -1  1  4  0   14   5   2   3   0   3   4   2   1   8   7   3   4  14   2   3   4   2  14   5  0.18 0.19
  111 E    1  0 -2  3 -5  2  4 -2 -2 -4 -3  1 -4 -5 -1 -2 -1 -5 -3 -2   10   6   1  15   0   8  32   2   1   1   3   9   0   0   2   2   4   0   1   3  0.54 0.39
  112 K   -2  5 -1 -2 -5  0  0 -1 -2 -1 -2  2 -3  3 -4 -1 -1 -3  0 -1    2  30   3   2   0   3   7   5   0   3   3  14   0  16   0   3   3   0   3   4  0.50 0.36
  113 T    1 -3 -4 -5 -3 -4 -3  0 -4  3  2 -3  0 -1 -2 -2  0 -2 -2  3   14   1   0   0   0   0   1   6   0  20  21   2   1   2   2   3   5   0   1  19  0.39 0.30
  114 K    1  1  0  2 -2  2  2 -3  0 -1 -3  2 -2 -3 -1 -1  0 -5 -3 -1   11   9   4  11   1   8  17   1   2   3   2  15   1   1   2   4   7   0   0   4  0.27 0.24
  115 Q    2  0 -1  0 -3  3  3 -3  0 -2 -1  1 -2 -2  0 -1  0 -5 -3 -2   19   4   2   4   0  13  21   1   2   1   6  10   1   2   4   2   5   0   1   2  0.31 0.30
  116 I    0 -4 -3 -3 -1 -3 -4 -5 -1  4  4 -4  1 -1 -5 -4 -3 -5 -2  2    9   0   1   2   1   1   1   1   2  25  34   1   3   2   0   1   1   0   1  16  0.68 0.42
  117 L    1  1 -3 -5  0 -3 -2 -4 -2  2  2  1  1 -1 -3 -3 -2 -2 -2  3   10   9   1   0   2   0   2   0   1   9  22   9   4   2   1   0   1   0   1  23  0.35 0.29
  118 D    2 -1  0  3 -3  0  3 -3 -3 -3 -2  2 -2 -5 -2  0 -2 -5 -4 -2   21   2   4  16   0   3  22   1   0   1   4  11   1   0   1   7   2   0   0   2  0.43 0.33
  119 L    2 -1 -1 -1 -1  0  1 -2 -2  0  1  0  0 -2 -2  0  0 -3 -2  1   23   2   2   3   1   4  11   2   1   5  18   4   2   1   1   6   4   0   1  10  0.14 0.16
  120 N    0 -2  1  0 -2  0  0  3  0  0 -2  0 -2 -2 -2  0  0 -3 -3  0    8   2   8   4   0   5   7  24   2   6   3   6   1   1   2   7   7   0   0   7  0.18 0.16
  121 P    4 -2 -3 -1 -1 -3 -1 -2 -4  0  1 -2 -3 -2  3 -1 -3 -5 -2  0   39   2   1   3   1   0   4   2   0   6  13   3   0   2  15   3   1   0   2   5  0.49 0.38
  122 A    0 -3 -1  2 -3  0  1  4 -3 -1 -3  0 -2 -4 -2 -1 -1 -5 -4 -1    8   1   2  12   1   3  11  34   0   4   2   6   1   0   2   3   4   0   0   6  0.44 0.32
  123 L    1 -4 -4 -2 -1 -3  0 -4 -2  1  2 -3 -1 -2  3 -2 -3 -3 -2  3   15   0   0   2   1   1   6   1   1   8  20   1   1   2  13   2   1   0   1  24  0.40 0.31
  124 N   -3  0  1  5 -5  1  2 -2 -2 -1 -3  1 -4  2 -2 -2 -3 -5 -3 -2    2   4   6  33   0   5  13   4   1   4   2   9   0   9   2   1   1   0   0   3  0.54 0.37
  125 F    1 -3 -2 -5 -1 -4 -4 -2 -3  1  1 -4  0  4 -3 -3 -3 -1  4  3   11   1   2   0   1   0   0   3   0   8  12   0   1  19   1   1   1   0  16  20  0.56 0.36
  126 V   -2 -2 -4 -3 -4 -3 -4 -3 -4  4  3  0  0  2 -1 -2 -2 -4 -2  2    2   2   0   1   0   1   0   2   0  29  24   6   2   9   4   2   2   0   0  13  0.50 0.33
  127 C   -2 -4 -2 -2  5  1 -3 -4 -3  1 -1 -3 -1  0 -3 -3  1 -5 -1  5    3   0   2   2  12   6   1   1   1   5   5   1   1   4   1   1  11   0   2  41  0.61 0.42
  128 I   -1 -5 -5 -4 -4 -5 -4 -5 -6  6  1 -5 -1 -3 -3 -3 -2  0 -4  4    6   0   0   1   0   0   1   1   0  45  13   0   1   0   2   1   2   1   0  25  1.04 0.53
  129 D   -3  1 -2  6 -5  1 -1 -4 -2 -3 -4 -3 -2 -1 -4 -1  2 -5 -4 -1    1   6   1  48   0   7   2   1   1   1   2   0   1   3   1   4  15   0   0   4  0.95 0.53
  130 V   -1 -3 -3 -3 -2 -3 -3  1 -3  2 -1 -2 -2 -2 -3  1  3 -5 -4  3    4   1   0   1   0   0   1  12   0  14   4   1   1   1   1  12  23   0   0  24  0.45 0.35
  131 A    5 -4 -3 -2 -4 -2 -2  1 -4 -3 -3 -3 -4 -4 -4  2  1 -2 -2  0   47   0   1   2   0   1   1  11   0   1   2   1   0   0   0  14  10   1   1   6  0.70 0.46
  132 N    2 -3  3 -2 -3  1 -1 -1  7 -2 -3 -2 -4 -2 -4  0  0 -5 -2 -2   17   0  12   2   0   5   3   4  31   3   2   2   0   2   0   8   6   0   0   2  0.74 0.45
  133 G   -1 -4 -3 -4 -5 -5 -4  6 -5 -2 -2 -4 -5 -5 -1 -2 -3 -5 -5  1    4   1   1   1   0   0   1  67   0   2   5   1   0   0   3   2   1   0   0  10  1.32 0.64
  134 Y   -1 -2  2 -2 -4 -3 -1 -1  7 -2 -4 -3 -4 -1 -2  2 -2 -1  4 -3    4   2  10   2   0   0   3   4  29   2   1   1   0   2   2  18   2   1  15   1  0.85 0.47
  135 S    3 -4 -1 -1 -3 -2 -2 -1 -2 -4 -3 -3  0 -3  3  4  1 -5 -4 -3   21   0   2   3   0   2   1   4   1   1   2   0   2   1  14  36   6   0   0   1  0.64 0.45
  136 E   -1  1 -1  2 -5  1  4 -1 -2 -1 -2  1 -2 -3 -1 -1 -2 -5 -4 -2    4   7   3  11   0   7  35   5   0   3   5   9   1   1   3   3   1   0   0   2  0.46 0.33
  137 H   -1  0  2 -2 -3  0 -1  1  6 -3 -2  1 -2 -1 -2  1 -1  0  2 -3    5   5   8   1   0   3   4  11  21   1   4  10   1   3   2   9   2   1   7   1  0.38 0.28
  138 F   -2 -4 -2 -4 -2  1 -3 -4 -4  0  1 -3  1  3  0 -2 -1 -1  1  4    3   0   2   0   1   6   1   1   0   5  10   1   3  13   5   2   3   1   5  36  0.49 0.34
  139 V   -1 -1 -2 -3 -1 -1 -2 -1 -3  3  2  0  1 -1 -3 -1 -1 -3 -2  2    4   2   1   1   1   2   2   6   0  19  21   8   4   2   1   4   4   0   1  18  0.24 0.19
  140 Q   -2  1  2  4 -5  2  3 -3 -2 -4 -4  1 -3 -5  1 -1  0 -5 -4 -4    2   8   9  23   0   7  21   2   1   1   2  10   1   0   6   3   5   0   0   1  0.56 0.37
  141 F    0  0 -3 -1 -3 -2 -1 -3 -2 -1  1  0  4  3 -3 -2  1 -1  2  0    8   5   1   4   0   1   4   1   1   2  13   5  15  16   1   1   8   1   7   4  0.27 0.25
  142 V   -1 -4 -5 -3 -1 -4 -3 -3 -5  5  2 -1  0 -2 -4 -4 -2  2 -2  3    4   0   0   1   1   0   2   2   0  32  20   4   2   1   1   0   2   3   1  23  0.70 0.40
  143 A    1  3 -2 -1 -4  2  1 -1  0 -4 -3  4 -3 -4  0  0 -1 -5 -2 -4   11  16   1   3   0   9  10   4   2   1   2  26   0   0   4   7   2   0   1   1  0.46 0.33
  144 K   -1  1  0  0 -4  1  3 -3  2 -3 -2  1 -1  1 -2 -1 -1  5  2 -3    5   9   3   4   0   5  18   1   5   1   3  10   1   5   2   4   3  10   9   1  0.35 0.27
  145 A    0 -4 -4 -5  0 -4 -5 -2 -5  5  3 -4  0  1 -4 -3 -2  0 -2  2    8   0   1   0   2   0   0   4   0  33  26   1   1   5   0   1   2   1   1  13  0.64 0.36
  146 R   -3  5 -2 -3  2 -1 -2 -1  0 -3 -3  5 -3 -4 -4 -1 -1 -4  0 -3    2  28   1   1   5   2   1   4   2   2   2  36   1   0   1   5   3   0   4   1  0.80 0.44
  147 E    0  0  0  2 -2  3  4 -2 -1 -3 -3  2 -3 -4 -3  0 -1  0 -3 -2    8   4   3  10   1  12  26   2   1   1   2  14   0   0   1   7   2   1   1   3  0.43 0.29
  148 A    1  0  0 -1 -2  1  1 -2  2 -1  0  2  0  0 -1  0 -1  2 -1 -1   13   4   4   2   1   6   8   2   7   3  11  14   2   4   2   4   3   3   2   4  0.08 0.10
  149 W   -2 -3 -1 -2 -1 -2 -1  2  1  0  1 -2  1  3 -3 -2 -1  4  3  0    3   1   2   1   1   1   3  15   3   6  11   2   4  15   1   2   3   6  11   8  0.26 0.17
  150 P   -2 -2  0 -1 -2 -2 -2  0 -3  1 -2  0 -2 -4  6 -1  0 -4 -3 -1    3   2   4   4   1   1   2   6   0   8   3   7   1   1  41   4   6   0   1   4  0.74 0.35
  151 T   -2 -1  2  4 -4  1  1  0  1 -1 -2  1 -2 -4  1  0  0 -4 -3 -1    1   2  10  24   0   5   8   7   3   4   4  10   1   0   7   6   4   0   0   4  0.28 0.21
  152 K   -1 -1 -3 -3 -2 -2 -3 -2  1  2  1  1  0 -1  0 -1  0 -4 -3  3    5   3   1   1   0   1   1   3   3  13  11  11   2   2   4   4   5   0   0  29  0.24 0.22
  153 T   -2 -3 -2 -1 -1  0 -1 -2 -3  2 -1 -1  0  2  4 -3  1 -4  0  0    1   1   2   4   1   4   4   3   0  17   4   4   2  10  24   0  10   0   2   6  0.39 0.27
  154 I   -3 -5 -5 -5 -4 -4 -5 -5  0  4  1 -3 -2  0  0 -3 -2 -2 -1  5    1   0   0   0   0   0   0   0   2  26  13   2   0   4   5   2   1   1   2  41  0.81 0.42
  155 C   -2 -4 -5 -5  0 -1 -4 -2 -5  6  0 -2  2 -2 -3 -3 -2 -2 -4  4    3   0   0   0   2   3   0   4   0  43   4   3   6   1   1   1   1   1   0  25  0.81 0.42
  156 A    4 -3 -4 -4  1 -3 -3 -1 -4  0 -1  0 -1 -2 -3 -2 -2 -4 -1  4   37   1   0   1   3   0   1   5   0   3   5   8   1   1   1   1   1   0   2  30  0.56 0.36
  157 G   -3 -2 -3 -3 -4 -3 -2  6  1 -5 -5  0 -4 -4  0 -2 -4 -4 -4 -4    1   3   1   1   0   1   2  69   4   1   1   6   0   1   5   2   1   0   0   1  1.36 0.54
  158 N    0 -3  6  0 -3 -1 -2  2 -2 -2 -4 -2 -3 -4 -3 -1 -1 -4 -3  0    7   1  44   4   0   2   2  18   0   2   2   2   0   1   1   4   3   0   1   7  0.76 0.37
  159 V   -1 -3 -5 -5  4 -2 -5 -4 -5  3  0 -5 -1 -4 -3 -3 -1 -5 -4  6    5   2   0   0   9   2   0   1   0  17   6   0   1   0   2   1   3   0   0  52  0.96 0.49
  160 V    3 -1 -2 -2  0 -2 -1  0  0 -1 -1 -2  0 -3  0  0  0 -4 -2  3   28   4   1   1   2   1   3   7   2   2   6   2   2   0   4   8   4   0   1  23  0.24 0.24
  161 T   -2 -2 -1  3 -2 -3 -2 -2 -1 -4 -4 -2 -4 -5 -4  3  6 -5  0 -4    2   2   3  15   1   0   1   2   1   0   0   2   0   0   0  19  48   0   3   0  0.94 0.53
  162 G    1  0 -3 -2 -2 -1 -2  1  0 -1 -3 -2 -1 -1  4 -1 -1 -3  4  0   11   6   1   1   1   3   2  13   2   3   2   2   1   2  18   4   3   0  17   7  0.35 0.29
  163 E    1  0  0  2 -5  0  4 -2  1 -3 -3  0 -1 -5 -4 -1  0 -5 -2 -3   11   5   4  13   0   2  32   3   4   1   2   6   2   0   0   4   6   0   2   1  0.45 0.34
  164 M    2 -2 -2  1 -3  1 -1  2  0 -1  0 -1  3 -2 -2  0  1 -4 -2  0   18   1   0   7   0   7   3  15   2   3   9   2   9   1   1   5  12   0   1   5  0.17 0.21
  165 C    6 -5 -5 -6  0 -5 -5 -3 -6 -1 -3 -5 -1  0 -5 -2  1 -6 -1  2   62   0   0   0   2   0   0   1   0   2   2   0   1   3   0   1   8   0   2  13  1.13 0.67
  166 E   -1  3 -2 -2 -4  2  2 -3 -1 -1  2  2  0 -2 -2 -2 -2 -5 -2 -2    5  15   1   1   0   9  12   2   2   3  26  15   2   1   1   1   1   0   1   2  0.32 0.30
  167 E    1  1  1  2 -1  0  2 -3  5 -2 -2  0  1 -2 -4 -2 -2 -4  1 -4   14   8   6  11   2   3  14   1  15   2   4   5   3   2   0   2   2   0   6   0  0.34 0.29
  168 L    1 -5 -6 -6  1 -2 -5 -6 -5 -1  5 -5  3 -3 -5 -2 -4  0 -4 -1   14   0   0   0   3   2   0   0   0   2  62   0   8   0   0   2   0   1   0   2  1.08 0.60
  169 I    0  0 -2 -2  2  0  0  0 -2  0  0  0  1  1 -3  0  0  3  1  0    6   6   0   0   6   6   6   6   0   6   6   6   6   6   0   6   6   6   6   6  0.04 0.14
  170 L   -1  3  1  3 -4  1  2 -2  0 -3  0  1 -2 -3 -3  0 -1 -4  0 -3    5  17   6  16   0   4  16   2   1   1  12  10   0   0   0   5   2   0   4   0  0.30 0.21
  171 S    4 -2 -2 -3  3 -1 -2 -2  0 -2 -2 -2 -3  0  0  2  1  1 -1  0   39   1   1   1   7   3   1   1   2   2   3   1   0   4   4  13   7   2   2   5  0.37 0.27
  172 G   -2 -6 -4 -5 -6 -5 -6  7  0 -7 -7 -2 -6 -7 -6 -4 -5 -6 -6 -7    3   0   0   0   0   0   0  88   2   0   0   2   0   0   0   0   0   0   0   0  2.12 0.74
  173 A    5 -5 -5 -5  1 -4 -4 -4 -5 -1 -3 -4 -1 -1 -4 -1 -2 -6 -4  4   62   0   0   0   3   0   0   0   0   2   0   0   1   3   0   2   1   0   0  26  1.13 0.53
  174 D    1 -2 -1  7 -2 -2  0 -3 -1 -6 -6  0 -5 -6 -4 -1 -3 -7 -3 -3   11   2   2  64   1   1   5   2   2   0   0   5   0   0   0   4   1   0   1   2  1.29 0.53
  175 I    4 -3 -4 -4  1 -4 -4  3 -4  2 -2 -3 -1  0 -4 -1  0  0 -2  1   34   1   0   0   4   0   0  24   0  14   1   0   1   4   0   2   5   1   1   8  0.50 0.31
  176 V   -2 -5 -6 -6 -4 -5 -5 -6 -6  4  2 -5 -2 -3 -5 -4  0 -5 -4  5    2   0   0   0   0   0   0   0   0  28  16   0   0   0   0   0   6   0   0  48  1.10 0.46
  177 K   -2  2 -3 -2 -2 -1 -2 -1 -3  1  0  5  0 -2 -2 -2 -2 -1 -1  0    1  11   0   2   1   1   1   5   0  10   9  41   2   1   1   2   1   1   3   8  0.43 0.27
  178 V    0 -5 -5 -5 -1 -4 -5 -5 -5  2 -1 -4  0 -3 -4 -1 -3 -5 -4  6    8   0   0   0   1   0   0   0   0   9   3   0   1   0   0   4   0   0   0  72  1.21 0.48
  179 G    0 -2 -2 -1 -3 -2 -2  6 -3 -1 -4 -3 -3 -4 -3 -1 -3 -4 -4 -3    5   2   1   4   0   2   2  67   0   4   1   1   0   1   1   5   1   0   0   2  1.09 0.37
  180 I   -1 -2 -1 -3 -3 -2 -1 -1 -1  4  0 -2  3  1 -3 -2 -2 -3  1  2    4   2   4   1   0   1   6   6   1  34   3   1  11   6   1   2   1   0   4  12  0.29 0.19
  181 G    1 -3 -2 -3 -4 -1 -1  6  1 -4 -4 -2 -4 -2 -3  0 -3 -4 -4 -3    9   1   0   1   0   3   5  65   4   1   1   2   0   2   1   5   1   0   0   2  1.07 0.38
  182 P    0 -3  0 -2  1 -1  1  2 -1 -3 -3 -1 -3 -4  5  1 -1 -4 -3 -2    6   1   4   1   3   1  10  18   1   1   1   2   0   1  32  12   2   0   0   3  0.61 0.25
  183 G   -1 -3 -1 -1 -2 -3 -2  6 -3 -4 -4 -3 -4 -4 -3  0 -1 -4 -4 -3    3   1   2   3   1   1   2  71   0   1   1   1   0   1   1   7   3   0   0   2  1.23 0.40
  184 S    1  1 -2 -2 -1 -2 -1  1  2 -3 -3  0 -2 -3 -3  4  0 -4 -3 -3   12   6   0   1   1   1   2  10   5   1   1   6   1   1   0  44   5   0   1   1  0.51 0.31
  185 V    1 -2  1 -2  0 -1  0  1  2  2 -2 -2 -1 -2 -1  0  0  0 -2  2   15   1  10   1   2   2   5  10   6  14   1   1   1   1   3   4   4   2   1  18  0.12 0.14
  186 C   -1 -4 -1 -2  8 -3 -4 -1  4 -2 -1 -4 -2 -4 -4  1  0 -4 -3 -1    3   0   3   3  40   1   1   5  11   2   7   1   1   0   0  12   5   0   0   5  1.02 0.42
  187 T    0 -2 -1  0 -3 -2 -2  0 -3  2 -1 -2 -2 -3  0  0  5 -4 -3 -2    6   2   2   5   0   1   2   8   0  12   4   1   0   1   5   6  42   0   0   1  0.45 0.28
  188 T    0 -2  1 -1 -3 -1 -1  1 -1 -2 -2 -2 -3 -2 -3  1  5 -3 -2 -2    6   2   8   3   0   2   3  10   1   2   2   1   0   2   1   9  45   0   1   2  0.53 0.30
  189 R   -1  6 -1 -1 -1  2  1 -1 -1 -4 -2  1 -2 -4 -2  0 -1 -1 -2 -3    4  43   2   4   1   7   7   6   1   1   3   5   1   0   2   6   2   1   1   1  0.59 0.32
  190 V    0 -1 -1  0 -2  2  2 -1 -1  1  0  0  0 -2  0  0  0 -3 -2  1    5   2   2   4   1  10  15   5   1  10   9   6   2   1   3   6   7   0   1   9  0.08 0.10
  191 K    0 -1  0 -1 -2 -1  0 -2  0  0  0  1  0 -1 -1 -1  1 -3 -2  3    7   1   4   4   0   2   6   1   2   4   9  11   1   3   3   4  10   0   0  27  0.13 0.15
  192 T    1 -3 -1  0 -1 -2 -1 -2 -3  0  3 -2  1 -3 -3  0  3 -3 -3 -1   13   1   3   5   1   0   3   2   0   4  27   1   4   0   1   4  25   0   0   3  0.32 0.25
  193 G    0 -4 -1 -1 -4 -4 -2  6 -2 -5 -3 -4 -1 -3 -4 -2 -3 -5 -3 -5    8   0   2   4   0   0   2  70   1   0   3   1   2   1   0   1   1   0   1   1  1.35 0.54
  194 V    0 -2 -2 -2  3 -3 -3 -1  0  3  0 -3  1  2 -4 -1  0 -3  0  3    7   2   2   3   7   0   0   4   2  21   5   0   3   8   0   3   4   0   3  21  0.24 0.25
  195 G    0 -1 -1  0 -4  0  0  4  4 -2 -2 -1 -3 -1  0 -1 -1 -4 -3 -1    8   3   2   6   0   3   5  34  11   3   4   3   0   2   4   4   3   0   0   5  0.35 0.28
  196 Y    0  0 -1 -2  0 -1 -2 -2 -3  1  0 -2  1 -1  0 -1  0  1  2  3    8   6   3   2   2   2   2   2   0   6   7   0   3   2   5   5   7   2   8  27  0.15 0.21
  197 P   -1 -3 -2 -2 -5 -4 -2  3 -1 -5 -4 -4 -5 -6  7  1 -4 -6 -5 -5    5   2   1   2   0   0   2  20   2   0   2   0   0   0  52  11   0   0   0   0  1.35 0.68
  198 Q   -2 -2 -3 -1 -4  5  1 -2 -1 -2  0 -2  5 -1 -2  0  0 -4 -3 -2    3   0   0   4   0  30   8   4   1   1   8   2  18   2   1   6   6   0   0   3  0.53 0.43
  199 L    3 -2 -2 -4 -1 -2 -2 -1 -4  2  3 -2  1  0 -1 -1 -1 -4 -3  1   25   1   1   0   1   1   1   4   0  14  27   1   2   3   2   2   3   0   0   9  0.31 0.27
  200 S    1 -1 -2  1  0 -1 -1 -3  1 -2 -3 -2 -2 -4  1  2  5 -1 -4 -2   13   3   0   7   2   2   4   1   3   1   1   1   1   0   6  13  39   1   0   1  0.54 0.42
  201 A    5 -3 -2 -3  0 -1 -2 -2 -4 -1 -1 -2 -3 -4 -2  0  1 -5 -4  0   54   1   2   1   2   3   2   2   0   4   5   1   0   0   2   5  10   0   0   6  0.66 0.48
  202 V   -2 -2 -3 -4 -3 -3 -3 -5 -4  4  3 -4  3 -1 -3 -3  0 -4 -3  3    3   2   1   0   0   1   2   0   0  24  25   0   9   2   1   1   6   0   0  21  0.56 0.36
  203 I    1  3 -1 -2 -1 -1 -1 -2 -2  0  0  0  1 -2  2  0 -1 -3  1  0   15  20   2   2   1   2   3   1   1   6   8   4   4   1   9   5   2   0   6   8  0.16 0.19
  204 E   -1 -1  0  4 -4  0  3 -3 -2 -2  1 -1  0 -4  0 -1 -3  3 -2 -3    5   2   3  30   0   3  18   2   1   2  14   3   2   0   4   4   0   5   1   1  0.46 0.36
  205 C    1 -3 -4 -2  7 -3 -4 -3 -3  2 -1 -4 -2 -2 -4 -3 -2 -2  3  4   11   2   0   3  22   1   0   2   1   9   4   0   1   1   0   1   1   0  10  29  0.73 0.45
  206 A    4  0 -2 -3  0 -3 -3 -2 -2 -1  0 -1  0 -2  2  1 -1 -4  1  1   36   5   1   0   2   0   0   1   1   3  10   2   2   1   9   9   2   0   5  10  0.33 0.31
  207 D    0  1  0  4 -4  2  2 -3  0 -3 -3  2 -2 -4 -2 -1 -1 -4 -1 -3    9   6   2  24   0  11  12   1   2   1   2  15   1   0   2   3   3   0   2   2  0.42 0.31
  208 A    4 -1 -3 -3 -1 -1  2 -1 -1  0 -2 -2 -2  0 -3 -1 -2 -2 -1  2   36   3   0   0   1   3  15   4   1   6   3   1   0   3   0   2   1   1   2  17  0.38 0.35
  209 A    3  1 -3 -1  1  0 -1 -1 -3 -1 -1 -1 -2 -3  0  0  1 -4  0  0   29   8   0   4   4   5   4   4   0   4   6   3   0   0   3   6   8   0   3   8  0.19 0.23
  210 H    0  1  0  1  0  0  1  0  2 -1 -2  1  0 -3 -1  0  0 -3  0 -1    5  10   4  10   3   4   7   9   6   3   3   9   4   0   3   7   6   0   3   4  0.10 0.12
  211 G    0  0  0  1 -4  0  1  4  0 -3 -4  1 -3 -2 -2 -1 -1 -4 -3 -2    6   4   5   8   0   4   8  37   2   1   1  10   0   2   2   4   4   0   0   3  0.43 0.25
  212 L   -1  3 -1 -1 -1  0 -1 -2  0 -1  1  0  0  0 -1 -1  0 -1  2  0    4  18   3   3   1   5   2   3   2   2  20   6   1   4   3   4   4   1   8   7  0.11 0.12
  213 G   -1 -1  2  1 -2 -1 -1  4  0 -3 -3  0 -3 -2 -2  0 -2 -2  3 -3    3   3  10   9   1   2   3  34   2   1   2   5   0   1   2   6   2   0  12   1  0.44 0.25
  214 G   -1 -2 -4 -3 -2 -3 -3  1 -4  3 -1  2  0 -3 -2 -2 -1 -4 -3  4    4   1   0   1   1   0   0  10   0  19   4  13   2   0   2   2   4   0   0  35  0.47 0.33
  215 M   -2 -2 -3 -4 -1  0 -1 -2  4 -2 -3 -1 -1 -5  6 -2  0 -5 -2 -1    3   2   1   0   1   5   3   4  11   2   3   4   2   0  45   2   6   0   1   4  0.96 0.47
  216 I   -3 -5 -6 -6  0 -5 -5 -6 -6  6  1 -2 -1 -2 -5 -3 -2 -5 -4  5    1   0   0   0   2   0   0   0   0  41  11   2   1   1   0   1   2   0   0  36  1.11 0.53
  217 I   -3 -6 -6 -6  1 -5 -6 -6 -2  7  1 -6  1  1 -6 -5 -4  0  0  1    1   0   0   0   3   0   0   0   1  66   8   0   3   5   0   0   0   1   3   7  1.42 0.63
  218 S    5 -4 -4 -5 -1 -4 -4 -1 -4 -2 -2 -4  1 -2 -1  1 -2 -5  0  1   58   0   0   0   1   0   0   5   0   2   4   0   3   1   2   9   1   0   4   8  0.82 0.51
  219 D    0 -4 -1  7 -5  0 -2 -4 -1 -5 -5 -4 -5 -6 -4 -1 -2 -6 -5 -3    9   0   2  73   0   3   0   0   1   0   1   0   0   0   0   4   2   0   0   2  1.63 0.63
  220 G   -2 -5 -3 -2 -5 -4 -5  7 -5 -6 -6 -4 -5 -6 -5  1 -3 -5 -5 -5    2   0   0   2   0   0   0  82   0   0   0   0   0   0   0   9   2   0   0   0  1.85 0.65
  221 G   -2 -3 -2 -1 -5 -3 -1  7 -5 -6 -6 -4 -5 -6 -5 -2 -4 -5 -6 -4    1   2   1   4   0   1   4  82   0   0   0   0   0   0   0   2   0   0   0   1  1.78 0.64
  222 C   -2 -5 -5 -5  4 -4 -5 -5 -5  6  1 -5  2  1 -1 -4 -2 -4 -3  3    2   0   0   0   8   0   0   0   0  46  10   0   5   7   3   0   1   0   0  17  0.88 0.40
  223 T    0  5  0 -2 -2  0 -1  0  1 -2 -3  2 -1 -3 -1  0  1 -4 -3 -2    7  34   3   2   1   4   3   6   3   2   1  10   1   1   3   7   8   0   1   3  0.39 0.26
  224 T   -3  1  3  1  3 -2 -3 -4  0 -3 -4 -2 -2 -1 -4  2  4  0  3 -2    1   7  12  10   5   0   1   0   2   1   1   2   1   2   0  14  28   1  10   3  0.51 0.36
  225 P   -1 -4 -1 -3 -5 -4 -3  4  1 -3 -5 -4 -5 -5  3  4 -2 -5 -2 -1    3   0   2   1   0   0   1  33   4   1   1   0   0   0  12  34   1   0   1   5  0.82 0.47
  226 G    0  1 -2 -1 -5 -2  0  6 -3 -4 -2 -2 -4 -5 -4 -1 -1 -5 -2 -4    6   8   1   3   0   1   7  59   0   1   4   1   0   0   1   3   4   0   1   1  0.96 0.46
  227 D   -3 -5  1  7 -6 -2  0  0  3 -6 -6 -4 -4 -6 -5 -2 -3 -7 -2 -5    2   0   5  65   0   2   4   8   8   0   0   0   1   0   0   2   2   0   1   1  1.52 0.65
  228 V   -1 -5 -6 -6 -4 -5 -5 -6 -5  5  1 -5  3  0 -1 -4 -3 -5 -2  4    5   0   0   0   0   0   0   0   0  39   9   0   8   3   3   0   0   0   1  31  0.98 0.45
  229 A    4 -3 -4 -4  2 -3 -3 -3 -4  0  0 -3  0 -1 -2 -1 -1 -4 -3  3   39   1   0   0   5   0   0   1   0   4   6   1   2   3   1   3   4   0   0  28  0.56 0.34
  230 K    1  1 -2 -4 -5 -2 -1 -4 -3 -5 -3  7 -1 -5 -4 -3 -3 -5 -4 -4   11   5   1   0   0   0   2   1   1   0   2  71   1   0   0   0   1   0   0   1  1.40 0.61
  231 A    6 -4 -4 -4  2 -4 -4 -2 -4 -3 -3 -4  1 -3 -4  1 -2 -5 -4 -2   72   0   0   0   4   0   0   1   0   1   1   0   3   1   0  11   2   0   0   2  1.20 0.57
  232 F   -4 -4 -5 -5 -4 -4 -5 -5 -4  4  4 -4  1  4 -5 -4 -2 -1 -1  1    0   0   0   0   0   0   0   0   0  28  41   0   2  16   0   0   2   1   1   6  0.89 0.39
  233 G    5  1 -3 -3  1 -3 -1  2 -3 -3 -3 -3  1 -3 -4  0 -2 -5 -3 -2   55   7   1   1   3   1   3  13   1   1   1   0   5   1   0   5   1   0   1   2  0.71 0.42
  234 G    2 -3 -4 -5  6 -3 -4 -1 -4 -1  3 -4  3  1 -4 -2 -3 -4 -3 -2   20   1   0   0  20   1   0   5   0   2  32   0   8   7   0   2   0   0   0   1  0.70 0.38
  235 G   -3 -5 -3 -5 -6 -5 -5  7 -5 -7 -7 -5 -6 -6 -5 -3 -5 -6 -3 -6    1   0   1   0   0   0   0  93   0   0   0   0   0   0   0   1   0   0   1   0  2.29 0.76
  236 A    7 -5 -4 -5 -4 -4 -4  0 -5 -4 -5 -4 -1 -5 -4  0 -3 -6 -5 -3   86   0   0   0   0   0   0   5   0   0   0   0   1   0   0   4   1   0   0   1  1.64 0.67
  237 D   -3 -1  1  7 -4 -1  0 -3 -1 -5 -5 -2 -5 -5 -4  2 -1 -4 -4 -4    1   3   4  58   0   2   5   1   2   0   0   1   0   0   0  18   3   0   0   1  1.20 0.51
  238 F    4 -4 -2 -4  0 -3 -3  2 -3 -3 -1 -3  2  3 -3 -1  1  1 -1 -2   37   0   1   0   2   0   0  16   0   0   3   0   7  16   0   3   8   2   2   2  0.48 0.31
  239 V   -1 -5 -5 -6  0 -5 -5 -4 -6  1 -2 -5 -2 -4 -5 -4 -1 -5 -4  7    3   0   0   0   2   0   0   1   0   6   1   0   0   0   0   0   2   0   0  83  1.58 0.61
  240 M   -1 -4 -3 -5 -4  3 -4 -4 -4 -2  0 -4  9  0 -5 -3 -3 -1 -3 -1    4   0   1   0   0  12   1   1   0   1   4   0  64   3   0   1   1   1   1   4  1.67 0.67
  241 L   -2 -4 -5 -5 -1 -4 -4 -4 -4  4  4 -4  5 -2 -4 -3 -2 -4 -3  2    2   0   0   0   1   0   0   1   0  22  39   0  20   1   0   2   1   0   0  10  0.83 0.37
  242 G   -2 -5 -3 -3 -5 -5 -5  7 -5 -6 -6 -4 -5 -6 -5 -2 -3 -5 -6 -6    1   0   0   1   0   0   0  92   0   0   0   0   0   0   0   1   1   0   0   0  2.15 0.68
  243 G    0  2 -1 -1  0 -2 -1  2 -3 -4 -3 -1 -3 -3 -1  3  2 -4 -1 -3    5  15   1   3   2   0   2  17   0   0   1   3   0   1   3  27  16   0   3   1  0.37 0.26
  244 M    0  2 -4 -4 -3 -3 -3 -4 -2  0  2 -3  5 -1  4 -3 -3 -1 -2 -1    8  12   0   0   0   0   0   1   1   4  26   0  18   2  21   1   1   1   1   2  0.56 0.32
  245 L   -4 -5 -5 -5 -4 -5 -5 -5 -4  1  4 -5  0  6 -5 -4 -4  0  0 -2    0   0   0   0   0   0   0   0   0   6  45   0   1  41   0   0   0   1   1   1  1.20 0.46
  246 A    5 -2 -3 -4 -2 -2 -3 -2 -4 -1 -1 -2 -1 -4 -3  1 -2 -4 -4  1   65   1   1   0   1   2   0   1   0   3   5   1   1   0   0   9   1   0   0   8  0.82 0.41
  247 G    2  2 -3 -3  1  0 -2  4 -3 -3 -2 -1 -3 -3 -3 -1 -2 -1  0 -1   18  12   0   0   3   5   2  40   0   0   3   2   0   1   0   4   2   1   3   4  0.52 0.29
  248 H    3 -2 -3 -3  1 -3 -3 -1  5 -2 -3 -3 -3 -2 -3  1  4 -4 -2 -2   30   2   0   0   4   0   0   4  17   2   1   0   0   2   0   9  27   0   0   1  0.67 0.39
  249 E    0 -1 -1  2 -3  0  2 -1 -1 -1 -1  0 -1 -2 -2  0  2  0 -1 -1    8   3   1  13   0   3  17   3   1   4   7   6   1   1   1   6  16   1   3   3  0.16 0.14
  250 E   -1 -3 -2  0 -6  0  7 -3 -3 -6 -5 -2 -5 -3 -3 -2 -3 -5 -5 -4    4   0   1   3   0   3  80   1   0   0   0   1   0   1   1   1   1   0   0   1  1.64 0.65
  251 S    4 -4 -2 -3  4 -3 -2 -2 -4 -4 -4 -3 -3 -4 -3  4  0 -5 -4 -3   41   0   2   1  10   0   2   2   0   0   0   0   0   1   0  35   5   0   0   1  0.86 0.44
  252 G    0 -3 -3 -2 -5 -3 -2  2 -4 -1 -3 -1 -4 -5  7 -2 -3 -5 -5 -3    7   1   1   2   0   0   2  17   0   4   2   3   0   0  56   1   1   0   0   1  1.33 0.48
  253 G    0 -3 -3 -3  0 -4 -1  7 -4 -5 -5 -2 -4 -5 -4 -1 -2 -5 -5 -5    5   1   0   1   2   0   4  77   0   0   1   2   0   0   0   4   2   0   0   0  1.44 0.49
  254 R   -1  2  0  2 -4  1  4 -1  0 -3 -3  2 -3 -4 -2 -1 -1 -1 -3 -2    4  10   3  10   0   6  37   3   2   1   2  12   0   0   1   2   3   1   0   3  0.48 0.25
  255 I   -1 -1 -2 -2 -2 -2 -1  2 -1  1  1 -1 -1  0 -2 -1  1 -2  2  2    4   3   1   1   0   1   3  16   2  10  12   4   1   3   1   2   9   0  11  17  0.11 0.11
  256 V   -1 -2 -3 -2 -2 -2 -1 -3 -2  3  0 -1  0  3 -3 -2 -1  5  1  2    3   1   1   2   0   1   4   2   1  20   6   4   1  17   1   1   3   9   3  21  0.36 0.19
  257 E   -1 -1 -1  0 -3  0  3 -2  3  0 -1  1 -1  1 -2 -1  0  0  2 -1    3   2   2   3   0   2  28   2   8   7   5   9   1   6   1   4   5   1   7   5  0.21 0.15
  258 E    0  1 -1  0 -3  1  1 -2  0  0 -1  1 -1  1 -1 -1 -1  5  1  0    7   6   3   7   0   5  12   2   2   8   3  12   1   6   2   2   1  10   4   7  0.15 0.11
  259 N   -1 -1  4  4 -3  0  1  1 -1 -2 -3 -1 -3 -3  0  0 -1 -3 -3 -3    4   2  20  30   0   3   6  11   1   2   2   2   0   1   5   6   3   0   1   1  0.46 0.21
  260 G    0 -2 -1 -1 -3  0 -2  5 -2 -3 -2 -1 -1 -3 -1  0 -2  0 -1 -3    6   1   3   2   0   5   2  53   1   1   3   4   2   1   3   5   1   1   3   2  0.66 0.25
  261 E   -1  2  0  0 -2  1  2 -2  1  0 -2  3 -2 -2 -1  0  0 -3 -2  0    3  10   3   3   1   6  13   3   5   6   3  24   1   1   2   4   5   0   1   7  0.19 0.12
  262 K    0  2 -1 -1  1  2  0 -1 -1 -1 -1  3 -1 -2  0  0 -1 -1  0 -1    9  10   1   2   4  11   5   4   1   2   8  21   1   1   4   5   3   1   3   4  0.14 0.10
  263 F   -1 -2 -2 -2 -1 -2 -2  0  0 -1  1 -2  1  3 -2 -2 -1  0  5  0    5   1   1   2   2   1   2   8   1   2  11   2   4  16   1   3   2   1  27   7  0.38 0.18
  264 M   -1  0 -2 -2 -3 -1 -1  1  1 -2 -3  5  2 -3 -2 -1 -2  0 -3 -1    4   2   1   2   0   1   2  10   4   1   2  50   6   1   1   2   2   1   1   6  0.62 0.30
  265 L    0  0 -1 -1 -1  1  1 -2 -1 -1  1  1  0  0  1  0  0 -1  1  0    7   4   1   1   1   5  14   2   1   3  16   9   1   5   5   8   4   1   5   6  0.07 0.07
  266 F   -3 -2 -3 -4 -4 -3 -3 -3  4 -2 -1 -3 -3  5 -3 -1 -2  3  7 -3    1   2   1   1   0   1   1   2   9   2   5   1   0  20   2   5   2   4  41   1  1.09 0.41
  267 Y   -2  4 -3 -4 -4 -2 -3 -4 -1 -3 -3 -1 -1  2 -1 -3 -1  8  5 -2    2  23   1   1   0   1   1   1   1   1   2   2   1   8   3   1   4  22  22   2  1.01 0.40
  268 G    0 -4 -3 -4 -4 -3 -4  6  0 -3 -5 -4 -4 -5  1 -2 -2 -4 -4 -4    6   0   0   1   0   1   1  74   2   2   1   1   0   0   7   1   2   0   0   1  1.44 0.51
  269 M    0 -1 -2 -3 -4 -1 -1 -4 -4 -2 -1 -3  8 -1 -3  2 -3 -4 -3 -1    8   4   1   1   0   2   3   1   0   1   4   1  51   2   1  16   1   0   0   3  1.13 0.51
  270 S    4 -3 -3 -1 -3 -3 -2  3 -2 -4 -4 -3 -3 -4 -3  2 -1  0 -4 -2   40   1   0   3   0   0   2  26   1   0   1   0   0   0   0  18   3   1   0   1  0.71 0.36
  271 S    1 -3 -2 -2 -3 -3 -2 -3  1 -4 -2 -2 -2 -4 -3  6  2 -5 -4 -3   11   0   0   1   0   0   1   1   3   0   4   1   1   0   1  62  12   0   0   1  1.00 0.50
  272 E    0 -1 -1  1 -2  0  1 -2  3  0  0  0  0 -2  2 -1 -1 -3 -2  0    8   3   1   9   0   4  11   2  10   7  13   4   2   1   9   4   3   0   0   7  0.12 0.11
  273 S    1  0  0  0 -3 -1  0  0  2 -2 -1 -1 -1  0  1  1  1 -2  1 -1   13   7   3   7   0   0   5   8   7   0   7   2   1   5   8  10   9   0   4   3  0.09 0.10
  274 A    5 -3 -3 -2 -1  2 -2 -1 -2 -3 -3 -2 -3 -2  2  0  0 -4 -3  0   49   1   0   2   1   9   2   5   1   0   1   1   0   2  10   5   5   0   1   5  0.57 0.34
  275 M   -1 -1 -2 -3 -3  1 -2 -3  1 -1  1  2  7 -2 -3 -2 -1 -4 -3  1    3   3   2   1   0   5   1   1   4   2  10  13  35   1   1   2   4   0   0  10  0.58 0.34
  276 K   -1  1  0  2 -3  1  2 -2  0 -2 -1  2 -2 -2  3 -1  0 -3 -2 -2    4   8   3  11   0   6  14   3   3   1   8  12   0   2  13   3   5   0   1   2  0.22 0.13
  277 R   -2  4 -1  0 -3  0  0 -1 -2 -2 -3  3 -2 -2  2  0 -1 -3 -1 -1    2  26   3   5   0   3   4   3   0   2   2  22   0   2   9   6   3   0   2   4  0.38 0.21
  278 H   -1  3  0 -1 -3  0 -1  0  4 -1 -1 -1 -1  1 -2 -1 -1  0  3 -2    4  17   5   3   0   3   3   9  11   5   7   1   1   7   2   4   3   1  12   2  0.19 0.15
  279 V    1 -1 -1 -1 -2  0  0  0  1 -1  0 -1 -1  1  1  1  0 -1  0  1   11   3   2   4   0   4   4   7   5   1   8   3   0   9   6  10   6   1   4  12  0.04 0.06
  280 G    0  1 -1  0 -3  1 -1  4  1 -2 -3 -1 -1 -2  0  0 -1 -3 -2 -2    5  10   2   6   0   6   3  36   3   2   2   2   1   2   4   7   3   0   1   2  0.37 0.19
  281 G    0  0  1  0 -1 -1  0  3 -2 -2 -1  0 -2 -3 -2  1  0 -3 -3 -1    8   5   8   5   1   3   6  27   0   1   5   5   1   1   1  11   7   0   1   4  0.22 0.13
  282 V    0  0  0  0 -2  1  1  0 -1  0  0  0  0 -1  0 -1  0 -1 -1  2    7   3   3   5   0   7   8   6   1   2  11   6   3   2   4   4   4   1   2  21  0.05 0.08
  283 A    2  0  0  1 -2  0 -1  2 -1 -1 -1  1 -1 -3  0  0  1 -2 -2 -1   23   6   5   8   0   3   2  14   1   2   5   7   2   0   3   5   8   0   1   4  0.14 0.13
  284 E    0  3  1  1 -4  2  3  0 -1 -3 -3  1 -2 -4  0 -1 -1 -1 -3 -2    6  17   8   7   0   9  18   8   1   2   2   8   0   0   4   3   3   1   1   4  0.28 0.19
  285 Y   -1 -1 -1 -1 -3 -1 -2 -2  1  1 -1  1 -1  0 -1 -2 -1  0  6  1    5   3   3   3   0   3   2   4   3   9   4  11   1   2   3   2   2   1  29  10  0.35 0.24
  286 R   -1  4  0  0 -3 -1  0 -2 -1 -2 -1  3  1  1 -1 -1 -1 -3 -1 -1    5  23   4   6   0   1   4   2   1   2   6  18   3   8   3   4   3   0   2   5  0.23 0.18
  287 A    2 -2  1 -1 -3 -2 -1 -1 -1  0 -1 -2 -1 -1 -1 -1  0  0 -1  3   19   2   8   3   0   1   4   4   1   4   4   1   1   3   3   4   6   1   1  29  0.19 0.19
  288 A    1 -3 -2 -1 -3 -2  0  2 -3 -1 -3 -2 -3 -4  4  2  0 -4 -3  2   13   0   1   4   0   1   5  16   0   3   1   1   0   0  21  15   4   0   1  15  0.42 0.27
  289 E   -2 -2 -3  0 -4  2  6 -3 -3 -4 -3 -2 -3 -4 -1 -1  0 -4 -3 -1    4   1   1   3   0   9  57   2   0   1   2   1   0   0   2   4   7   0   1   4  1.01 0.48
  290 G   -1  0 -3 -2 -4 -2 -3  6 -4 -3 -3 -3 -4 -4 -2 -2  0 -4 -4 -2    4   6   1   2   0   2   1  65   0   1   3   1   0   0   2   3   5   0   0   3  1.14 0.46
  291 K   -2  0 -2 -3 -2 -1 -2  1 -2  2 -1  3 -2 -2  1 -2  0 -3 -1  3    2   4   1   1   1   2   2  10   0  13   3  22   0   1   8   2   4   0   2  22  0.27 0.22
  292 T   -1 -1 -2  0 -3 -1  3 -3 -3 -1 -3  1 -3 -4  0  3  4 -4 -4 -2    3   3   1   4   0   2  19   1   0   3   2   7   0   0   4  23  24   0   0   2  0.47 0.32
  293 V    0 -3 -4 -4  0 -2 -3  1 -4  1  3 -2  2 -1 -3 -1  0 -4 -3  2    8   0   0   0   2   1   1  12   0   7  34   2   6   1   0   4   5   0   0  13  0.31 0.24
  294 K   -1  2 -2 -1 -3  1  4 -3 -2 -3  1  0  0 -1 -3 -1  0  0  0 -2    5  10   1   1   0   5  33   1   1   0  13   6   2   3   1   5   7   1   3   2  0.34 0.26
  295 L   -1 -1 -2 -2 -3  2  1 -3 -2  2  0 -1  1 -2 -4 -2  1 -2 -3  4    3   3   1   2   0  12  11   1   1   9   8   2   3   1   0   1   9   1   0  31  0.33 0.26
  296 P   -1 -3 -4 -3 -4  0  0 -4 -3  3  0  0 -3 -3  5 -3 -2 -5 -4  2    6   1   0   1   0   5   7   1   0  17   7   5   0   1  32   1   1   0   0  14  0.67 0.36
  297 L   -2 -4 -4  0  1 -2 -4 -5  1  0  3 -4 -1  2 -3 -3 -3 -2  6 -1    3   1   0   6   3   2   0   0   3   4  35   0   1   7   2   1   1   0  26   4  0.68 0.37
  298 R   -2  3  0 -3 -3 -1 -1 -3  3 -3 -2  5 -3  2 -3 -1 -1 -2  1 -2    3  17   4   1   0   1   2   1   8   1   3  34   0   9   1   3   4   0   4   2  0.54 0.33
  299 G   -3 -5 -3 -4 -5 -5 -4  7  0 -5 -6 -5 -5 -6 -4 -4 -4 -5 -3 -6    1   0   1   1   0   0   1  87   2   1   1   0   0   0   1   1   1   0   1   0  2.11 0.75
  300 P   -1 -2 -2  1 -3 -2 -2 -2  1 -5 -4 -1 -4 -5  6  2 -1 -6 -4 -5    5   2   1   7   0   1   2   3   3   0   1   3   0   0  47  19   4   0   1   0  1.13 0.52
  301 V    0 -4 -4 -4 -3 -3 -4 -3 -5  3  2 -4  0 -3 -2  2 -1 -5 -4  3    9   0   0   0   0   1   0   1   0  14  23   0   1   0   2  19   3   0   0  25  0.49 0.33
  302 E    1  0  0  3 -3  0  2 -2  2 -3 -2  1 -2 -2  0  1  0 -4 -2 -2   15   4   3  18   0   3  12   1   7   1   3   8   1   2   5  11   4   0   1   1  0.28 0.22
  303 N   -2 -1  2  6 -4 -2  2 -1  0 -5 -6  0 -5 -6 -3 -1 -1 -4 -4 -5    3   2   9  51   0   1  11   4   2   0   0   7   0   0   1   4   3   0   0   1  1.06 0.51
  304 T   -1 -2 -3 -4 -4 -4 -3  4 -5  0 -2 -3 -3  1 -2 -2  4  0 -3  1    4   2   1   0   0   0   1  34   0   6   3   1   0   5   2   0  26   1   1  12  0.61 0.39
  305 A   -2 -2 -4 -4 -3 -1 -2 -3 -4  3  3 -3  0 -2 -4  0  2 -5 -3  3    2   2   0   0   0   2   2   1   0  17  27   0   1   1   0   7  16   0   1  20  0.47 0.31
  306 R    0  1 -1 -1 -3  1  0 -2  2 -1  1  0  1  1  0 -1  1 -3  0 -1    6   9   3   4   0   6   7   1   6   2  15   4   4   7   6   4   9   0   4   5  0.08 0.11
  307 D   -3 -1  6  2 -6  3  2 -3 -2 -4 -6 -2 -4 -5 -3 -2 -2 -6  2 -5    1   3  40  12   0  13  15   2   1   1   0   2   0   0   1   1   1   0   6   0  0.98 0.52
  308 I   -3 -5 -6 -6 -5 -4 -6 -7 -5  4  4 -5  5  3 -6 -4 -2 -4 -1 -1    1   0   0   0   0   1   0   0   0  23  44   0  13  11   0   1   2   0   1   2  1.05 0.49
  309 L    0 -1 -3 -1  0  0  0 -3 -2  2  2 -1  2  1 -4 -2 -1 -4 -2  2    8   3   1   3   2   4   9   1   1  10  21   2   6   6   0   1   3   0   1  19  0.21 0.19
  310 G    0 -4 -2 -3 -4  1  1  6 -4 -7 -7 -4 -6 -7 -5 -1 -2 -1 -4 -5    6   0   1   1   0   8   9  67   0   0   0   0   0   0   0   4   2   1   0   1  1.42 0.63
  311 G    3 -5 -3  2 -3 -4 -3  6 -5 -6 -6 -3 -6 -6 -5 -1 -4 -6 -1 -6   25   0   0  13   1   0   1  54   0   0   0   1   0   0   0   3   0   0   2   0  1.27 0.59
  312 L   -5 -4 -7 -7 -5 -6 -7 -7 -7  3  6 -6 -1 -3 -7 -6 -5 -6 -5  2    0   1   0   0   0   0   0   0   0  13  73   0   1   0   0   0   0   0   0  12  1.53 0.65
  313 R   -4  7 -4 -5 -7  4 -4 -6 -2 -7 -6  2 -3 -7 -6 -4 -3 -7 -6 -6    1  63   0   0   0  19   0   0   1   0   0  11   1   0   0   1   2   0   0   0  1.83 0.79
  314 S    0  5 -3 -3 -5 -1 -3 -5  3 -4 -5 -2 -5 -6 -5  5  1 -6 -4 -4    5  30   0   1   0   2   1   0   6   1   0   1   0   0   0  45   7   0   0   1  1.10 0.60
  315 A    4 -4 -3 -3  1 -4 -3  2 -5 -4 -5 -3 -3 -6 -4  4  2 -6 -5 -3   32   0   0   1   3   0   1  17   0   0   0   0   0   0   0  31  12   0   0   1  0.87 0.50
  316 C   -5 -6 -7 -8  6 -5 -7 -7 -6  2  1 -5  9 -1 -7 -6 -5 -6 -5 -1    0   0   0   0  16   0   0   0   0  11  10   0  57   3   0   0   0   0   0   3  2.12 0.83
  317 T    4 -4 -3 -4 -1  1 -4  2 -4 -4 -5 -4 -4 -4 -4  3  3 -6 -5 -3   35   0   0   0   1   7   0  17   0   1   0   0   0   0   0  20  18   0   0   1  0.80 0.48
  318 Y   -4 -4 -1  0 -6 -3 -4 -6 -3 -5 -3  3 -4  0 -6 -2  2 -3  8 -4    1   0   3   6   0   1   0   0   0   0   3  19   0   2   0   3  15   0  48   0  1.31 0.63
  319 V    3 -5 -4 -5  6 -4 -4 -3 -5  1  0 -4 -1 -3 -4 -1  3 -5 -4  2   22   0   0   0  16   0   0   2   0   8   9   0   1   0   0   3  24   0   0  14  0.68 0.39
  320 G   -4 -7 -1 -2 -7 -6 -6  8 -6 -8 -8 -6 -7 -8 -7 -5 -6 -7 -7 -8    0   0   3   2   0   0   0  95   0   0   0   0   0   0   0   0   0   0   0   0  2.57 0.90
  321 A    4 -5 -4 -5  2 -4 -3  2 -3 -3 -5 -3 -4  0 -5  0 -3 -3  6 -2   35   0   0   0   4   0   1  14   0   1   0   1   0   2   0   6   1   0  31   3  0.99 0.52
  322 S    1  2  0 -1  1  0 -1 -2  2 -3 -2  2 -2 -3 -3  2  2 -1 -3 -1   12  12   3   2   3   4   2   2   5   1   4  12   0   1   0  17  14   1   0   3  0.22 0.22
  323 R   -3  0  3  5 -2 -2  0 -4 -1 -5 -6  1 -5 -6 -4  0  3 -6 -5 -5    1   5  12  39   1   1   4   0   1   0   0   9   0   0   0   8  18   0   0   0  0.88 0.46
  324 L   -5 -6 -7 -7 -5 -6 -6 -7 -6  5  5 -6  0 -3 -5 -6 -4 -5 -4  1    0   0   0   0   0   0   0   0   0  30  60   0   1   0   0   0   0   0   0   9  1.44 0.59
  325 K   -1  1 -1 -1 -5  1  1 -3 -3 -5 -3  6 -2 -5  0 -1  0 -6 -5 -4    5   5   3   3   0   5   7   1   0   0   3  53   1   0   4   5   5   0   0   1  0.83 0.44
  326 E   -1 -3 -1  3 -6  0  6 -4 -3 -5 -5 -2 -4 -6 -5  2 -2 -6 -5 -5    6   0   2  16   0   3  55   1   0   0   0   1   0   0   0  13   2   0   0   0  1.19 0.57
  327 L   -1 -6 -6 -7 -5 -5 -6 -6 -4  1  4 -6  3  6 -6 -5 -4 -4 -2 -1    7   0   0   0   0   0   0   0   0   7  38   0   7  37   0   0   0   0   0   3  1.20 0.52
  328 T   -2  3 -2 -3 -5  6 -2 -4  2  0 -4  1 -3 -4 -1  0  1 -1 -4 -3    2  13   1   0   0  44   1   1   4   6   1   8   0   1   3   6   7   1   0   1  0.84 0.45
  329 K   -4  5  1 -1 -6  1  2 -2 -3 -4 -3  5 -4 -6 -4 -2 -2 -6 -4 -5    0  27   5   3   0   4  11   2   0   1   3  39   0   0   0   1   2   0   0   0  0.95 0.47
  330 R   -1  3  2 -3  1 -1 -2 -3  0 -1 -3  2 -3 -2 -4 -3  0 -5 -3  4    6  16  11   0   3   2   1   1   2   1   1  15   0   2   0   0   4   0   0  33  0.48 0.34
  331 T    2 -3  0  1 -1 -2  3  1 -2 -3 -3 -2 -3 -4 -1 -1  2 -5 -4  1   21   0   4   7   2   0  20  13   1   0   1   1   0   0   2   3  12   0   0  13  0.32 0.26
  332 T   -2  0 -1  2 -2  1  1 -4 -1  0  1  0  0 -3 -4 -2  2 -4  0  2    0   5   3  11   1   7   9   0   1   4  18   5   2   0   0   1  14   0   3  17  0.21 0.21
  333 F   -2 -5 -5 -6 -4 -3 -5 -5 -3  1 -1 -5  1  6 -5 -2  1 -3  4  3    4   0   0   0   0   1   0   0   0   6   4   0   3  37   0   3   9   0  13  19  0.91 0.43
  334 I   -2 -3 -6 -6 -4 -5 -6 -6 -6  5 -2 -5  1 -4 -6 -4 -1 -6 -3  6    3   2   0   0   0   0   0   0   0  28   1   0   3   0   0   0   3   0   1  59  1.37 0.57
  335 R    1  6 -3 -4 -3  1 -1 -4 -3  2 -1  0 -2 -4 -2 -3 -2 -5 -4 -1   11  48   1   0   1   7   3   0   0  12   6   4   1   0   1   0   2   0   0   3  0.76 0.39
  336 V   -3 -5 -4 -2  0 -4 -5 -5 -5  4 -1 -4  2 -3  3 -4 -2 -5 -4  5    1   0   1   2   2   0   0   0   0  23   2   0   4   0  15   0   1   0   0  49  0.95 0.41
  337 Q    0  0  0 -3 -3  0 -2 -2 -3 -4 -4  2 -2 -4 -2  3  5 -5 -2 -3    6   4   3   0   0   4   0   1   0   0   1  13   1   0   1  29  36   0   1   0  0.66 0.36
  338 E   -1  0  2  1 -3  3  2 -2  2 -1  0  0 -1 -2  0  0 -1 -3 -1 -2    4   4  10  10   0  15  12   1   6   3  12   5   1   1   4   6   3   0   2   2  0.17 0.11
  339 Q    0 -1 -1 -2 -3  5 -1 -2 -2 -3 -3 -1 -2 -3 -1  3  3 -3 -3 -2    5   2   2   1   0  36   1   2   0   1   1   1   0   1   2  21  20   0   1   2  0.61 0.27
  340 E    0  0 -1 -1 -2  0  4 -2  1 -1  0 -1 -1 -1 -2  0  1 -2  0 -1    8   5   1   1   0   2  33   2   4   2  10   2   0   3   1   4  13   1   3   4  0.21 0.13
  341 N   -3 -3  6 -1 -4  1 -2  3 -1 -5 -5 -2 -4 -5 -4  1 -2 -5 -4 -3    0   0  53   0   0   6   0  25   1   0   0   0   0   0   0  12   0   0   0   2  1.08 0.36
  342 R   -1  2  1 -1 -2  1  1 -2  2 -3 -4  3 -3 -4  2  2  1 -4 -3 -3    2  12   6   2   1   4   8   0   5   0   0  22   0   0   8  23   7   0   0   0  0.38 0.18
  343 I   -2 -4 -4 -4 -3 -3 -4 -5  1  5  0 -4  1 -2 -4 -1 -2 -4 -3  4    0   0   0   0   0   1   0   0   5  42   3   0   3   0   0   5   1   0   0  41  0.79 0.28
  344 F   -4 -4 -4 -5 -4 -4 -4 -5  3 -3 -1 -4  2  7 -5 -4 -4  3  6 -3    0   0   0   0   0   0   0   0   6   0   2   0   6  48   0   0   0   3  35   1  1.44 0.37
  345 N   -1 -2  5  2 -4  4  0  2 -2 -5 -5 -1 -3 -5 -3  1 -1 -5 -4 -4    3   0  38   9   0  24   2  15   0   0   0   0   0   0   0   8   2   0   0   0  0.73 0.26
  346 N   -1  2  2 -1 -4  1  0 -2  2 -4 -3  4  0 -4 -2  1  0 -4 -3 -3    2  11  14   2   0   3   2   0   5   0   0  43   3   0   0   9   5   0   0   0  0.50 0.17
  347 L   -1 -3 -4 -4 -2 -3 -3 -4 -3  3  2 -3  1  3 -3 -3 -1 -2  0  3    0   0   0   0   0   0   0   0   0  20  31   0   0  20   0   0   0   0   0  29  0.35 0.04

                      K         Lambda
Standard Ungapped    0.1342     0.3182
Standard Gapped      0.0410     0.2670
PSI Ungapped         0.1618     0.3176
PSI Gapped           0.0495     0.2670
