
Last position-specific scoring matrix computed, weighted observed percentages rounded down, information per position, and relative weight of gapless real matches to pseudocounts
           A  R  N  D  C  Q  E  G  H  I  L  K  M  F  P  S  T  W  Y  V   A   R   N   D   C   Q   E   G   H   I   L   K   M   F   P   S   T   W   Y   V
    1 M   -6 -6 -7 -8 -7 -5 -7 -8 -7 -4 -3 -6 11 -5 -8 -7 -6 -7 -6 -4    0   0   0   0   0   0   0   0   0   0   0   0 100   0   0   0   0   0   0   0  3.90 1.17
    2 I   -3  1  3  3 -5  1  0 -4 -3  0 -2  4  1 -4 -4 -2 -2 -6 -4 -4    1   8  17  15   0   5   5   0   0   7   4  29   3   1   0   1   2   0   0   0  0.55 0.33
    3 V    0 -4 -5 -4 -1 -3 -4 -5 -5  4  3 -2  0 -1 -5 -4 -2 -4  2  3    8   1   0   1   1   1   0   0   0  21  32   3   1   2   0   0   1   0   7  22  0.66 0.34
    4 K   -3  2 -3 -3 -5  0  1 -4  2  0 -3  3 -2 -4 -2  0  4 -4 -4 -1    1  12   0   0   0   4   7   0   5   7   2  22   0   0   2   5  29   0   0   5  0.53 0.35
    5 I   -3 -4 -6 -6 -4 -4 -5 -5 -5  6  3 -2 -2 -3 -3 -4  0 -5 -4  3    1   1   0   0   0   0   0   0   0  42  25   3   0   0   1   1   5   0   0  20  1.02 0.45
    6 Y    0  0  1 -1 -3  2  1 -3  1 -2 -2  2 -2 -3  0  1  2 -2  0 -3    6   5   8   2   0   9   9   1   4   2   3  16   0   1   4  11  15   0   3   1  0.23 0.20
    7 P    0 -2 -2 -5 -4 -2 -4 -5 -3 -4 -6  2 -6 -7  7 -1 -1 -7 -6 -3    8   3   2   0   0   2   0   0   1   1   0  12   0   0  61   4   3   0   0   2  1.66 0.67
    8 S    1 -1  0 -2 -4  0 -1  2  0 -4 -5  1 -4 -5 -2  4  1 -5 -4 -3   10   4   4   2   0   3   2  17   2   1   0   9   0   0   1  33   9   0   0   1  0.50 0.33
    9 K   -1  3 -1 -3 -3  0  0 -1  2 -3 -3  3 -3 -4  4 -1  0 -5 -1 -4    5  15   3   1   1   3   6   4   5   1   2  19   0   0  23   5   5   0   2   1  0.51 0.30
   10 I   -2 -6 -7 -7 -1 -5 -6 -6 -5  4  4 -5 -2 -2 -4 -5 -4 -4 -5  4    3   0   0   0   1   0   0   0   0  25  39   0   0   1   1   0   0   0   0  28  1.10 0.48
   11 S   -1  2  2  2 -2  1  1 -2  2 -4 -4  2 -4 -3 -4  2  0 -3 -2 -3    4  10  12  12   1   7   8   2   5   0   0  14   0   1   0  16   5   0   1   2  0.38 0.26
   12 G    2 -6 -4 -5 -3 -3 -5  7 -3 -7 -6 -5 -6 -7 -6 -2 -2 -1 -7 -4   18   0   1   0   1   1   0  71   1   0   0   0   0   0   0   2   3   1   0   1  1.69 0.67
   13 I   -2  1  0 -1 -2  0  2 -4  1 -2 -4  0 -4 -5 -4  1  5 -6 -5  0    3   6   3   2   1   3  16   1   3   2   0   6   0   0   0  12  35   0   0   7  0.57 0.38
   14 I   -2 -7 -7 -7 -4 -5 -7 -7 -6  6  1 -6 -2 -2 -7 -6 -3 -7 -5  6    3   0   0   0   0   0   0   0   0  37  11   0   0   1   0   0   1   0   0  47  1.48 0.60
   15 K    0  3  2 -1 -2  2  0 -3  1 -3 -4  1 -1 -3 -2  0  2 -4 -1 -2    8  15  11   2   1   9   6   1   3   1   1  10   1   1   2   6  17   0   3   3  0.30 0.23
   16 A    2 -6 -6 -6 -1 -5 -6 -6 -6  4  3 -5 -2 -4  1 -4 -4 -6 -5  4   17   0   0   0   1   0   0   0   0  20  27   0   0   0   6   0   0   0   0  29  0.87 0.44
   17 P   -5 -7 -6 -5 -8 -4 -6 -7 -7 -4 -4 -6 -6 -9  9 -5 -1 -9 -8 -5    1   0   0   1   0   1   0   0   0   1   2   0   0   0  89   0   4   0   0   1  2.96 1.06
   18 Q    0 -6 -5 -5 -4 -3 -6  6 -6 -6 -7 -5 -3 -7  4  1 -4 -7 -7 -7    9   0   0   0   0   1   0  59   0   0   0   0   1   0  21   9   1   0   0   0  1.56 0.66
   19 S   -4 -6 -3  3 -6 -5 -5 -5 -6 -8 -8 -5 -7 -8 -6  7 -4 -8 -7 -7    0   0   1  14   0   0   0   0   0   0   0   0   0   0   0  85   0   0   0   0  2.22 0.95
   20 K   -6 -3 -5 -6 -9 -4 -4 -7 -6 -8 -8  8 -7 -9 -6 -5 -6 -8 -7 -8    0   0   0   0   0   0   0   0   0   0   0 100   0   0   0   0   0   0   0   0  3.01 1.09
   21 S   -4 -6 -1 -5 -6 -5 -5 -6 -6 -8 -8 -5 -7 -8 -6  8 -4 -8 -7 -7    0   0   2   0   0   0   0   0   0   0   0   0   0   0   0  98   0   0   0   0  2.63 1.06
   22 L   -2 -5 -5 -3 -4 -1 -1 -5  1  5  1 -5  3 -2 -6 -5 -4 -4  4  2    2   0   0   1   0   2   5   0   4  38  13   0   8   1   0   0   0   0  15  10  0.85 0.43
   23 A    1 -5 -4 -5 -1 -5 -5 -2 -6 -6 -5 -5 -3 -7 -5  5  6 -7 -6 -5   10   0   0   0   1   0   0   2   0   0   0   0   0   0   0  45  40   0   0   0  1.47 0.71
   24 I   -3 -5  7 -4 -7 -1 -5 -6  9  0 -6 -5 -6 -7 -7 -4 -2 -8 -4 -7    2   0  46   0   0   2   0   0  40   5   1   0   0   0   0   0   2   0   0   0  2.22 0.85
   25 R   -7  9 -6 -7 -9 -4 -5 -8 -5 -8 -7 -3 -7 -8 -7 -6 -6 -8 -7 -8    0  99   0   0   0   0   0   0   0   0   0   0   0   0   0   0   0   0   0   0  3.22 1.11
   26 L    6 -5 -5 -5 -3 -4 -4 -3 -3 -1 -1 -5  0 -4 -5  1 -2 -5  0  0   64   0   0   0   0   0   1   1   0   3   6   0   2   1   0   9   2   0   4   5  1.09 0.56
   27 I   -4 -6 -7 -7 -5 -6 -7 -7 -6  3  5 -6 -2  0 -7 -6 -5 -5 -2  2    1   0   0   0   0   0   0   0   0  18  63   0   0   3   0   0   0   0   1  14  1.38 0.57
   28 F   -3 -6 -6 -7 -5 -5 -6 -7 -6  5  4 -6  4  1 -6 -5 -3 -5 -4  2    2   0   0   0   0   0   0   0   0  34  34   0  12   6   0   0   1   0   0  11  1.13 0.48
   29 L    1 -6 -6 -6  5 -5 -6 -4 -6  2  5 -6  0  3 -6 -4 -3 -5 -3 -1   12   0   0   0  11   0   0   1   0  12  48   0   1  10   0   1   1   0   0   2  0.95 0.45
   30 S    6 -5 -1 -4 -5  0 -5  2  0 -6 -5 -5 -5 -6 -4  1 -3 -6 -4 -5   64   0   3   1   0   4   0  15   2   0   0   0   0   0   0   9   1   0   0   0  1.26 0.61
   31 L    6 -5 -5 -6 -4 -4 -5  0 -6 -5 -2 -5 -3 -5 -5  3 -2 -7 -6 -4   68   0   0   0   0   0   0   6   0   0   5   0   1   0   0  18   2   0   0   0  1.42 0.66
   32 F   -3 -6 -7 -7 -5 -2 -7 -7 -6  1  6 -6  2 -1 -7 -6 -5 -5 -1 -2    2   0   0   0   0   2   0   0   0   8  78   0   3   2   0   0   0   0   2   1  1.59 0.65
   33 T    6 -5 -5 -6  0 -5 -5  0 -6 -6 -6 -4 -5 -5 -1  3 -1 -7 -5 -5   67   0   0   0   2   0   0   6   0   0   0   0   0   0   3  18   3   0   0   0  1.43 0.67
   34 R   -3  1  1  3 -6  1  4 -2 -1 -6 -6  4 -5 -6 -2 -1  0 -6 -3 -5    2   6   6  16   0   6  24   4   1   0   0  22   0   0   2   3   6   0   1   0  0.67 0.37
   35 V   -2 -5 -4 -5  1 -4 -5  0 -6 -1 -5 -5 -5 -6 -5  5  5 -7 -6 -2    2   0   0   0   3   0   0   6   0   3   1   0   0   0   0  46  36   0   0   2  1.30 0.67
   36 Y   -2  3 -1 -2 -1  0  1 -4  1  0 -1  1 -2 -4 -3 -1  3  1 -2  1    1  16   3   1   1   4  10   0   4   7   4   8   0   0   0   3  22   2   1  12  0.32 0.26
   37 L   -5 -7 -7 -7 -4 -6 -7 -8 -7  6  4 -6 -2 -3 -3 -6 -5 -6 -5  3    0   0   0   0   0   0   0   0   0  43  33   0   0   1   1   0   0   0   0  21  1.44 0.59
   38 H   -2  3 -1  1 -2  0  2 -3  3 -2 -3  1 -3 -3 -4  1  3 -3  1 -2    2  16   1   7   1   3  13   1   7   2   2   9   0   1   0   8  18   0   4   2  0.34 0.26
   39 N   -3  1  7  1 -2 -4 -3  3  1 -5 -6 -4 -6 -5 -4 -1 -4 -7 -1 -7    2   6  52   7   1   0   1  20   4   0   0   0   0   0   1   3   0   0   2   0  1.35 0.62
   40 L    1 -5 -5 -5 -2 -4 -5 -5 -4  2  3 -5 -2  3  4 -4 -2 -3 -2  1   10   0   0   0   1   0   0   1   0   9  30   0   0  12  24   0   2   0   1   9  0.75 0.40
   41 V   -1 -6 -5 -3 -5 -5 -3 -4 -6 -2  6 -4 -1 -4 -3  1 -3 -6 -4 -3    4   0   0   2   0   0   2   1   0   1  70   1   0   0   1  13   1   0   0   1  1.19 0.58
   42 L   -1  2  1  3 -4 -1 -1 -4  0  0 -1  0 -1  1  0 -1 -1 -1  1 -1    4  14   6  21   0   2   3   0   3   5   7   6   2   7   4   2   3   1   5   5  0.21 0.18
   43 S    1 -6 -4 -5  4 -5 -5  1 -6 -7 -7 -5 -6 -7 -6  7 -3 -7 -7 -6   10   0   0   0   7   0   0  12   0   0   0   0   0   0   0  71   0   0   0   0  1.73 0.80
   44 E    1  3 -1  6 -7  0  3 -4 -3 -6 -6 -1 -5 -7 -4 -3 -4 -7 -5 -4   11  15   2  42   0   3  19   1   0   0   0   3   0   0   0   1   0   0   0   1  1.09 0.53
   45 D   -7 -7 -4  9 -9 -6 -4 -6 -7 -9 -9 -6 -9 -9 -7 -6 -7 -10 -9 -9    0   0   0 100   0   0   0   0   0   0   0   0   0   0   0   0   0   0   0   0  3.30 1.15
   46 V   -1 -6 -4 -6  5 -5 -5 -5 -6  3 -3 -5 -2 -5 -4  0  6 -6 -6  1    4   0   0   0  13   0   0   1   0  18   2   0   1   0   1   7  45   0   0   9  1.16 0.58
   47 I   -2  4 -1  1 -3  1  2 -4 -1  0  2  1 -1 -3 -4 -2 -1 -3 -2 -2    2  21   2   8   0   7  13   0   2   4  23   6   1   1   0   2   3   0   2   2  0.34 0.26
   48 D    3  0 -3 -4 -2 -4 -4 -3  4 -2  1 -4 -2 -3 -4  2 -1  0  2  2   27   5   1   0   1   0   0   1   9   1  14   0   1   0   0  15   3   1   7  14  0.43 0.33
   49 A   -1 -6 -6 -7  1 -5 -6 -6 -6 -2 -3 -6  9 -1 -6 -2  6 -6 -6 -4    4   0   0   0   2   0   0   0   0   2   1   0  43   3   0   2  40   0   0   0  1.89 0.82
   50 I    1  0 -5 -5  0 -1 -4 -5 -5  4  3 -2  3 -3 -5 -3 -2 -5 -4  2   13   5   0   0   2   2   1   0   0  26  28   2   6   0   0   2   2   0   0  11  0.59 0.33
   51 K    1  2  3  2 -5  1  2  0  0 -5 -5  1 -3 -5 -4  0 -2 -5 -4 -4   10  13  14  13   0   6  14   8   2   0   0   8   0   0   0   7   1   0   0   0  0.44 0.28
   52 S    6 -6 -6 -6  6 -4 -5  0 -6 -2 -3 -5 -4 -6 -5 -1 -3 -6 -6  0   63   0   0   0  15   0   0   7   0   2   2   0   0   0   0   3   1   0   0   6  1.41 0.64
   53 V   -2 -6 -7 -7  3 -6 -6 -6 -6  0  5 -6  4  3 -6 -5 -5 -5 -3  1    3   0   0   0   6   0   0   0   0   5  57   0   8  12   0   1   0   0   0   7  1.18 0.52
   54 R   -1  5 -2 -1 -5  2  2 -2 -3 -4 -4  3 -3 -5 -4 -1  0 -5 -4 -3    5  33   1   2   0   8  11   3   0   1   1  19   1   0   1   5   6   0   0   2  0.70 0.38
   55 A    3  0  0  0 -2  2 -1 -2 -1 -3 -2  2  0 -4 -3  1  0 -4 -3 -3   30   4   4   6   1  11   4   2   1   1   4  12   3   0   0   9   7   0   0   1  0.34 0.26
   56 L   -4 -5 -5 -5 -2 -4 -5 -5 -5 -1  5 -5  6  3 -5 -4 -4 -2 -2 -2    1   0   0   1   1   0   1   1   0   3  60   1  16  10   0   1   1   0   1   1  1.29 0.52
   57 G   -3 -4 -3 -3 -2 -5 -4  7 -5 -5 -5 -4 -5 -5 -5 -4 -4 -5 -5 -5    1   1   1   1   1   1   1  86   0   1   1   1   0   0   1   1   1   0   0   1  2.13 0.72
   58 V    3 -4 -4 -4 -1 -4 -4 -2 -4  2 -1 -4 -2 -3 -4 -2 -1 -4 -2  5   29   1   1   1   1   0   1   3   0  10   4   1   1   1   1   2   2   0   2  41  0.79 0.39
   59 K    0  1  1  1 -3  1  2  0  0 -2 -2  2 -2 -3  0  1  0 -3 -3 -1    6   9   5   9   0   7  13   6   3   2   2  11   1   1   4  10   6   0   0   5  0.18 0.13
   60 V   -3 -4 -5 -5 -1 -4 -4 -5 -4  6  0 -4 -1  0 -4 -3 -3  0  3  4    2   1   1   1   1   0   1   1   0  41   7   1   1   4   1   2   1   1   9  26  0.95 0.40
   61 K   -2  1 -1  3 -3  1  5 -3 -1 -2 -4  1 -3 -3 -3  0  1 -4 -3 -3    2   7   2  13   1   5  35   1   1   2   1   8   1   1   1   5  10   0   1   2  0.57 0.31
   62 N   -1  1  0  2 -3  1  2 -1  0 -1  0  1 -1 -2 -1 -1 -1  0 -1 -1    4  10   4  10   0   7  18   5   3   4  11   7   1   1   2   2   3   1   1   5  0.13 0.11
   63 N   -1 -1  2  3 -3  0  2  0  0 -2 -2  0 -2 -2  0  1  0 -2 -2 -2    3   3  10  18   0   3  13   7   2   2   3   6   1   1   4  13   6   1   1   3  0.23 0.16
   64 S    0  0  0  3 -4 -1  2  3 -2 -4 -4  0 -3 -4  0  0 -1 -4 -3 -3    9   4   5  17   0   3  12  26   0   1   1   5   0   0   5   6   3   0   1   2  0.40 0.23
   65 E   -1 -1  1  5 -1  0  2 -1 -1 -3 -2 -1 -3 -4 -2  0  1  4 -2 -3    4   3   6  31   1   3  13   5   2   1   4   2   0   0   1   6   8   5   1   2  0.45 0.25
   66 F   -1  2  0  0 -1  0  0  0  1 -1 -1  1 -1 -1 -2  0  2  1  1  0    4  11   4   4   1   3   5   6   3   4   5  10   1   3   1   7  14   2   4   8  0.07 0.08
   67 I   -1 -2 -3 -3  1 -3 -3 -2 -3  3  1 -2  0 -1 -3 -2  2  2 -1  3    4   2   1   1   3   1   1   4   0  17  15   2   2   2   1   2  12   3   2  26  0.36 0.22
   68 P   -1  1 -2 -1 -1 -1  1  0 -1  1 -1  0 -1 -1  0 -1  3 -3 -1  2    3   9   1   2   1   2   9   6   1   9   3   5   1   2   4   4  22   0   2  14  0.16 0.16
   69 P   -2 -2 -3 -3  4 -2 -3  2 -3  3 -1 -3 -2 -3  2 -1 -2 -3 -3  3    3   3   1   1   8   1   1  16   1  20   4   1   0   1   9   4   2   0   1  23  0.42 0.25
   70 E   -1  1  0  1 -3  1  2  3  2 -2 -3  0 -3 -3 -1  0  1 -3 -2 -2    3   6   4   7   0   5  16  21   6   2   1   6   0   1   2   5  10   0   1   2  0.28 0.19
   71 K   -1  1 -1 -2 -3 -2 -2  5 -1 -2 -4  0 -3 -4  1 -1 -1 -3 -3 -1    3   8   2   1   1   1   3  46   1   3   2   6   1   0   8   3   4   0   1   6  0.63 0.32
   72 L   -1 -1 -3 -2 -1 -2 -1 -1 -2  1  3 -3  0  3  1 -2 -1  1 -1  0    4   3   1   2   1   2   4   5   1  10  32   1   1  15   6   1   4   2   1   4  0.28 0.19
   73 E    0  0  0 -1 -2  1  0  2  1 -3 -2  2 -2 -3  3  0 -1 -4 -2 -2    8   5   4   4   1   7   4  14   3   1   4  14   1   1  15   8   4   0   1   2  0.24 0.16
   74 I    1  0  0 -1 -2  0  1  0 -2  0  0  0  0 -2  1  0  1 -2 -2  1   12   5   4   2   0   3  10   7   1   5  10   8   1   1   7   4   8   0   1  11  0.07 0.08
   75 K   -1 -1  0 -1 -3 -1 -1  2  1 -4 -4  1 -4 -3  6 -1 -1 -3 -4 -3    5   4   5   3   1   2   4  13   4   1   1  11   0   1  35   4   3   0   0   2  0.68 0.36
   76 E    0 -1  1  2 -4  1  2  1 -1 -4 -4  1 -3 -4  3  1 -1 -4 -4 -3    8   3   5  12   0   6  16  12   2   0   1   7   0   0  13   9   4   0   0   1  0.35 0.23
   77 R    3  0  1  2 -2  0  1  1 -2 -3 -2  0 -3 -4 -1  0  0 -5 -3 -1   27   5   7  12   1   3   9   9   1   1   4   6   0   0   3   4   4   0   1   4  0.23 0.20
   78 F   -1 -1 -1  1 -4 -1  2 -4  0  1 -1 -1 -2  0  1 -1  2 -3 -1  2    3   4   2  10   0   1  13   0   2   9   3   2   0   5   8   3  13   0   2  18  0.20 0.20
   79 I   -4 -6 -7 -7 -2 -6 -6 -7 -6  5  4 -6 -1 -1 -6 -6 -4 -4 -4  3    1   0   0   0   1   0   0   0   0  34  42   0   1   2   0   0   0   0   0  19  1.25 0.52
   80 K   -5 -5  2  7 -7 -4 -3 -6 -2 -6 -5 -4 -4  5 -5 -4 -5 -1  2 -6    0   0  11  55   0   0   1   0   1   0   0   1   0  22   0   0   0   1   7   0  1.63 0.67
   81 L   -1 -6 -6 -7  8 -6 -6 -6 -6  2  3 -6  2 -2 -5 -5 -2 -6 -5  3    6   0   0   0  30   0   0   0   0  11  23   0   5   1   0   0   3   0   0  21  1.20 0.50
   82 K   -2 -1  0 -4 -1 -3 -2  6  2 -6 -4  0 -1 -3 -6 -3 -5 -6 -5 -6    3   4   5   0   1   1   3  65   4   0   2   6   2   1   0   1   0   0   0   0  1.31 0.56
   83 G   -1 -4  7  0 -6 -3  3 -3  2 -6  0 -4 -5 -6 -5 -3 -4 -7 -6 -6    7   0  55   3   0   1  18   2   4   0  10   0   0   0   0   1   0   0   0   0  1.37 0.63
   84 S    5 -5 -2 -5 -5 -5 -5 -3 -5 -6 -6 -5 -6 -7 -5  6 -3 -7 -6 -5   46   0   1   0   0   0   0   2   0   0   0   0   0   0   0  51   0   0   0   0  1.64 0.75
   85 A   -2 -7 -5 -6 -7 -7 -7  8 -7 -9 -8 -6 -7 -8 -7 -5 -6 -7 -8 -8    3   0   0   0   0   0   0  96   0   0   0   0   0   0   0   0   0   0   0   0  2.74 0.94
   86 T   -2 -6 -4 -6 -6 -5 -5 -6 -6 -4 -4 -5 -5 -5 -6  2  8 -7 -6 -5    3   0   0   0   0   0   0   0   0   1   1   0   0   0   0  13  82   0   0   0  2.18 0.90
   87 T    4 -5 -4 -5 -3 -5 -5 -3 -6 -3 -3 -5 -4 -6 -5  1  5 -6 -5  2   31   0   0   0   0   0   0   1   0   1   1   0   0   0   0   9  41   0   0  15  1.10 0.57
   88 L    0 -6 -6 -7 -1 -5 -6 -6 -6  2  3 -5  8  0 -6 -5  1 -5 -3 -1    8   0   0   0   1   0   0   0   0  11  28   0  36   4   0   0  10   0   1   2  1.21 0.56
   89 R   -7  9 -6 -7 -5 -4 -5 -8 -5 -8 -7 -3 -7 -6 -8 -6 -6 -8 -2 -8    0  98   0   0   0   0   0   0   0   0   0   0   0   0   0   0   0   0   1   0  3.13 1.10
   90 M   -6 -7 -7 -7 -6 -7 -7 -7 -6  0  3 -7  0  8  3 -5 -5 -4 -2 -4    0   0   0   0   0   0   0   0   0   4  25   0   2  52  15   1   0   0   0   0  1.68 0.68
   91 L   -2 -6 -7 -7 -2 -6 -6 -4 -6  1  5 -6  5  0 -6 -4 -2 -5 -4  1    3   0   0   0   1   0   0   2   0   6  63   0  12   4   0   1   2   0   0   7  1.22 0.54
   92 I    0 -5 -4 -5  1 -4 -5 -5 -5  2  0 -4  2 -4  3  1  5 -6 -5 -1    8   0   0   0   3   0   0   0   0  12  10   0   4   0  14   9  36   0   0   4  0.72 0.44
   93 P    5 -6 -5 -5 -5 -5 -5  3 -6 -6 -6 -5 -3 -6  5  0 -2 -7 -5 -5   43   0   0   0   0   0   0  22   0   0   0   0   1   0  27   5   2   0   0   0  1.30 0.62
   94 I    2 -5 -6 -6 -2 -5 -5 -5 -5  4  2 -5  1  0 -5 -4 -2 -4  3  4   18   0   0   0   1   0   0   0   0  24  15   0   4   3   0   0   2   0   9  24  0.74 0.39
   95 L    4 -5 -6 -6  0 -5 -5 -3 -6 -2  4 -5 -1  1 -5 -1 -3 -5 -4 -1   38   0   0   0   2   0   0   2   0   0  42   0   1   6   0   4   0   0   0   4  0.94 0.50
   96 A    6 -5 -4 -5  4 -5 -5 -2 -6 -3 -2 -5 -2 -6 -4  3  0 -6 -6 -4   57   0   0   0   7   0   0   3   0   1   4   0   1   0   0  21   4   0   0   0  1.19 0.60
   97 A    1 -2 -3 -5 -2 -3 -5  1 -3  0  4 -4  0 -1 -4 -2  0 -4 -3  1   14   2   1   0   0   1   0  11   1   5  44   0   2   2   0   2   5   0   0   9  0.51 0.32
   98 I    2 -1 -1 -3  2  3 -2  2 -2 -1  0 -1  0 -1 -4  1  1 -4 -2  0   16   2   2   0   4  14   0  16   0   4   9   3   2   3   0  10  10   0   1   5  0.21 0.21
   99 G   -1 -1  1  3 -4  0  2  2  0 -5 -4  0 -4 -5  3  0 -1 -4 -4 -3    4   3   7  18   0   4  12  16   3   0   1   5   0   0  14   7   4   0   0   1  0.41 0.26
  100 G   -2 -2  0 -2 -3 -1 -2  6 -2 -3 -4 -1 -3  4 -5 -2 -3 -5 -3 -3    3   2   5   2   0   3   2  53   1   2   1   4   1  15   0   3   1   0   1   2  0.94 0.45
  101 E   -1  1  1  2 -2  0  3 -3  1 -2 -3  0 -3 -1  1  0  1 -3  0 -2    4   8   5   9   1   3  22   1   4   3   1   5   0   3   8   4  11   0   4   3  0.25 0.20
  102 V    0 -3 -3 -5  1 -4 -4 -4  1  2 -2 -3 -2  2 -5  1  2  1  4  4    6   2   0   0   3   0   0   1   4  10   1   1   0   8   0   9  12   2  12  29  0.51 0.34
  103 T   -2  2 -3 -3 -2 -3  0 -5  2  2 -2 -2 -2 -4 -5 -2  4 -5 -3  4    1  12   1   1   1   1   6   0   5  10   3   2   0   0   0   2  25   0   1  29  0.58 0.38
  104 I   -5 -6 -7 -7 -5 -6 -7 -7 -6  3  4 -6  2  6 -7 -6 -5 -4 -2  0    0   0   0   0   0   0   0   0   0  16  43   0   4  29   0   0   0   0   1   6  1.32 0.55
  105 D   -3 -3 -1  4 -4 -2 -2 -5  1  0 -3 -3 -3 -2 -5 -1  6 -6 -2 -1    1   1   2  24   0   1   2   0   4   7   2   1   1   2   0   3  44   0   2   4  0.91 0.51
  106 A   -2 -7 -5 -6 -5 -7 -6  8 -7 -9 -8 -6 -6 -6 -7 -5 -6 -7 -2 -8    4   0   0   0   0   0   0  93   0   0   0   0   0   0   0   0   0   0   2   0  2.57 0.92
  107 D   -3  0 -1  6 -6 -1  1 -4  0 -3 -6 -1 -5 -6 -2  1  1 -7 -5  0    1   5   2  45   0   2  10   1   2   1   0   4   0   0   2  12   8   0   0   7  0.87 0.46
  108 E    1 -2 -2  1 -6  0  4  2 -1 -6 -5 -1 -4 -6  4 -1 -3 -6 -3 -4   10   2   1   9   0   4  25  14   1   0   0   4   0   0  22   5   0   0   1   1  0.67 0.38
  109 S   -3  6 -2 -5 -6  3 -3 -5  1 -7 -6  0 -5 -6 -6  4 -3 -7 -1 -6    2  47   2   0   0  10   1   0   4   0   0   4   0   0   0  28   1   0   2   0  1.33 0.64
  110 L    0 -6 -7 -7 -5 -5 -7 -7 -6  2  4 -6  8 -4 -7 -4 -5 -6 -5 -3    9   0   0   0   0   0   0   0   0  12  37   0  41   0   0   1   0   0   0   1  1.66 0.70
  111 R   -1  5 -1 -4  1  2 -2  0  3 -4 -3  2  0 -2 -1 -1 -2 -5 -1 -3    4  34   2   0   3   9   2   7   8   1   3  13   3   2   3   5   2   0   2   2  0.56 0.34
  112 R   -2  2 -1 -1 -6  3  5 -5  0 -5 -6  4 -5 -5 -5  0 -1 -6 -4 -3    3  11   2   2   0  10  34   0   2   0   0  24   0   0   0   7   4   0   0   2  0.84 0.46
  113 R   -7  9 -6 -7 -9 -4 -5 -8 -6 -9 -8 -3 -7 -8 -8 -6 -7 -8 -7 -8    0 100   0   0   0   0   0   0   0   0   0   0   0   0   0   0   0   0   0   0  3.27 1.14
  114 P   -6 -8 -7 -7 -8 -5 -7 -8 -8 -8 -7 -6 -8 -9  9 -6 -6 -9 -8 -8    0   0   0   0   0   0   0   0   0   0   0   0   0   0  98   0   0   0   0   0  3.54 1.21
  115 L   -4 -6 -2 -7 -5  0 -6 -7  0  6  2 -6  7 -2 -6 -6 -4 -6 -5  0    1   0   2   0   0   5   0   0   2  39  15   0  28   1   0   0   0   0   0   6  1.36 0.59
  116 N    1  0  0  2 -5  1 -1  4  0 -5 -4  2 -3 -5 -4 -1 -1 -5 -5 -4   11   4   4  11   0   7   3  33   2   0   2  16   0   0   0   4   3   0   0   0  0.55 0.33
  117 R   -2  3 -4  2 -5 -2 -1 -2  3  1 -4 -3 -2 -4  5 -3  0 -6 -5  0    3  16   0  14   0   1   4   3   8   8   1   0   1   0  29   1   5   0   0   7  0.68 0.39
  118 I   -5 -6 -7 -7 -5 -5 -7 -7 -6  2  5 -6  0 -1 -7 -6 -4 -5  3  2    0   0   0   0   0   0   0   0   0   9  63   0   1   2   0   0   1   0   9  14  1.31 0.57
  119 V   -2 -4 -5 -6 -3 -3 -3 -5 -5  3  2 -4  1  0 -5 -3  1 -4  1  4    3   0   0   0   0   1   2   0   0  13  22   1   3   3   0   1   8   0   5  36  0.67 0.36
  120 Q   -2 -1  0  6 -5  0  3 -2 -2 -2 -3  0 -3 -6 -5 -1 -1 -7 -5 -3    3   4   4  43   0   4  18   3   1   2   2   6   0   0   0   3   5   0   0   1  0.84 0.43
  121 A    5 -5 -3 -5 -3 -4 -3 -1 -5  1 -3 -5 -4 -6  3 -1 -2 -6 -6 -2   57   0   1   0   0   1   2   5   0   7   2   0   0   0  17   4   2   0   0   2  1.05 0.55
  122 L   -6 -7 -8 -8 -6 -7 -7 -8 -7 -1  6 -7  0  2 -7 -7 -6 -1 -3 -3    0   0   0   0   0   0   0   0   0   3  85   0   2   9   0   0   0   1   0   1  1.91 0.75
  123 S   -1  6  1  0 -4  1  0 -2  0 -4 -4  2 -4 -4 -3  0  0 -6 -5 -4    4  42   7   5   0   6   5   2   2   1   1  10   0   1   1   7   6   0   0   1  0.75 0.41
  124 N    1  0  0  1 -3  5  2 -1 -1 -4 -3  1  1 -4 -2  1  0 -5 -2 -3   11   4   3   7   0  26  11   5   1   1   3   8   4   0   1  10   4   0   2   1  0.39 0.29
  125 Y   -1 -4 -3 -6 -5  1 -4 -1 -1  0  5 -2  6 -2 -6 -4 -4  0 -2 -1    5   1   1   0   0   7   1   5   2   3  49   2  18   1   0   1   0   1   1   2  0.84 0.45
  126 G   -4 -6 -1 -3 -6 -4 -5  7 -5 -8 -8 -3 -7 -7 -7 -4 -5 -7 -8 -8    0   0   3   1   0   1   0  90   0   0   0   2   0   0   0   1   0   0   0   0  2.39 0.86
  127 I    5 -6 -6 -6 -1 -5 -5 -1 -6  2 -2 -5 -2 -5 -5 -3 -3 -6 -4  4   54   0   0   0   1   0   0   4   0  10   4   0   0   0   0   1   1   0   0  24  1.12 0.56
  128 S   -1  3  0  3 -4  2  3 -3  1 -4 -4  2 -4 -3 -3  0  0 -5 -4 -3    3  14   4  18   0   9  16   1   4   0   1  12   0   1   1   7   6   0   0   2  0.46 0.29
  129 F    0 -5 -6 -7  1 -5 -6 -6 -6  6 -1 -6 -2  2 -6 -4 -4 -2  2  3    8   0   0   0   2   0   0   0   0  48   4   0   0   9   0   1   0   1   6  20  1.15 0.51
  130 S   -2  1  0  4 -3  0  4 -3 -2 -4 -4 -1 -4 -5 -4  2  1 -1 -2 -4    3   6   5  22   0   4  25   2   1   1   1   3   0   0   0  15  10   1   2   1  0.58 0.36
  131 S   -3 -3  0  0 -2 -1 -2  3  2 -5 -5 -3 -4 -2 -3  2  0 -2  6 -5    1   1   5   6   1   3   2  21   4   0   0   1   0   1   1  15   6   0  31   0  0.78 0.44
  132 Y   -2  2  1  2 -4  0  1  3 -2 -2  1 -1 -1 -3 -3 -1 -1 -5 -2 -2    2  11   5  11   0   3  10  23   1   1  17   3   1   0   1   3   4   0   1   2  0.26 0.21
  133 S   -1  0  0 -1  5  0  3  2  0 -5 -4  2 -3 -2 -2  0  0 -5 -1 -4    4   5   4   3  12   4  20  18   2   0   0  11   0   2   1   5   6   0   3   0  0.41 0.28
  134 L    2 -6 -1 -3 -4 -5 -4 -5 -4 -4  3 -4  0 -3  6 -4 -2 -6 -4 -3   16   0   3   1   0   0   1   0   0   0  28   0   2   1  43   1   2   0   0   1  1.19 0.57
  135 P   -6 -6 -4 -3 -6 -5 -5 -5 -7 -7 -8 -4 -8 -9  9 -4 -4 -9 -5 -7    0   0   1   1   0   0   0   1   0   0   0   1   0   0  92   1   1   0   0   0  3.10 1.10
  136 L   -4 -6 -7 -7 -3 -6 -6 -7 -6  3  5 -5  0  3 -6 -6 -4 -5 -2  2    0   0   0   0   0   0   0   0   0  16  54   0   2  12   0   0   1   0   1  14  1.20 0.52
  137 T    0  3 -2 -3 -2 -1 -1 -4  1  0 -2  2 -3 -3 -4  0  4 -5 -2  1    7  17   1   0   1   2   4   0   4   5   4  12   0   1   0   6  26   0   1   9  0.39 0.29
  138 I   -5 -7 -7 -7 -4 -7 -7 -7 -7  7  0 -6  0 -3 -7 -6 -2 -7 -5  5    0   0   0   0   0   0   0   0   0  54   7   0   2   1   0   0   2   0   0  35  1.68 0.66
  139 T   -2  3  0 -1 -1  1  0 -2  4 -3 -4  3 -3 -2 -4  0  1 -5 -1 -3    2  18   5   3   2   7   6   2  10   2   1  19   0   2   0   8  10   0   2   1  0.42 0.28
  140 G    0 -6 -2 -3 -7 -5 -4  7 -6 -8 -8 -5 -7 -8 -3 -2 -4 -7 -7 -7    8   0   2   1   0   0   1  82   0   0   0   1   0   0   1   2   1   0   0   0  2.05 0.78
  141 K   -1  3 -2 -3 -4  0 -2  4 -1 -4 -5  3 -4 -4  1  1  0 -5 -4 -3    4  14   2   0   0   4   2  29   1   1   0  20   0   1   8   8   5   0   0   1  0.56 0.34
  142 L   -2 -1 -3 -5 -4 -1 -4 -5 -3  2  4 -1  1  2 -1 -4 -2 -3 -2  1    2   3   1   0   0   3   0   1   1  12  49   3   2   8   3   1   2   0   1   8  0.63 0.34
  143 S    0  2  0  0 -3  1  1 -3  0 -2 -1  3 -2 -4  0  0  1 -3 -2 -2    7  12   4   5   0   7   7   1   3   2   6  19   0   0   5   7  11   0   1   2  0.23 0.19
  144 S    0 -2 -1 -3 -5 -3 -3  6 -1 -5 -1  0 -5 -4  0  0 -2 -6 -4 -5    8   2   2   1   0   1   1  54   1   0   6   5   0   1   6   8   2   0   0   0  0.91 0.45
  145 N   -3 -3  0  0 -5 -1 -3  6  0 -1 -6  0 -6 -7 -5 -1 -3 -6 -5 -5    1   1   5   5   0   3   1  67   2   4   0   5   0   0   0   4   1   0   0   0  1.35 0.58
  146 E    0  2  0  1 -3  0  3 -3  1 -2 -3  1 -2 -3  1  0  2 -4 -1 -1    6  10   3   7   0   3  21   1   3   3   1  10   1   1   6   5  13   0   2   3  0.26 0.20
  147 I   -2 -6 -5 -5 -4 -5 -6 -6 -3  4  0 -5 -1  2 -6 -4  0 -4  3  5    3   0   0   1   0   0   0   0   1  24   7   0   1   7   0   0   6   0  11  38  0.93 0.45
  148 K   -1  1 -1  0 -3  0  3 -4  2 -3 -4  1 -3 -2 -2  2  3 -5 -1  0    4   7   2   4   0   4  20   0   6   1   1   7   0   2   1  15  17   0   2   6  0.35 0.27
  149 I   -5 -6 -6 -7 -5 -6 -6 -6 -3  6  3 -6  2 -2 -6 -5 -3 -5  3  3    0   0   0   0   0   0   0   0   1  41  23   0   4   1   0   0   1   0   8  20  1.17 0.50
  150 S   -1  2  0  5 -6 -1  0 -3 -2 -5 -4  1 -5 -6  4  1 -2 -7 -5 -5    6  10   4  34   0   3   4   1   1   0   1   8   0   0  17   9   2   0   0   0  0.77 0.41
  151 G    3 -5 -4 -4  0 -4 -5  6 -5 -3 -2 -4 -2 -6 -2  0 -3 -6 -6 -4   21   0   0   0   2   0   0  56   0   2   5   1   1   0   2   6   1   0   0   1  1.15 0.51
  152 D   -2 -3  4  3 -5 -3 -1  0 -2 -5 -4 -2 -5 -5  1  4 -2 -3 -5 -1    2   1  22  18   0   0   3   7   1   0   1   2   0   0   8  29   1   0   0   5  0.70 0.41
  153 E    1 -3 -5 -4 -4 -2 -1 -2 -5  4  0 -2  0 -3 -5 -2 -1 -5 -4  5   13   1   0   1   0   2   4   3   0  20   7   3   2   1   0   2   2   0   0  40  0.65 0.37
  154 S   -3 -6 -4 -5 -6 -5 -5 -5 -6 -7 -7 -5 -6 -7 -6  8 -1 -8 -7 -7    1   0   0   0   0   0   0   0   0   0   0   0   0   0   0  96   2   0   0   0  2.53 1.03
  155 S    2 -5 -4 -5 -5 -5 -5 -4 -5 -6 -7 -5 -6 -7 -5  7 -2 -7 -6 -6   14   0   0   0   0   0   0   0   0   0   0   0   0   0   0  83   1   0   0   0  2.04 0.88
  156 Q   -4 -4 -5 -6 -8  9 -3 -7 -5 -8 -7 -4 -6 -8 -7 -5 -6 -7 -7 -7    1   0   0   0   0  98   0   0   0   0   0   0   0   0   0   0   0   0   0   0  3.32 1.23
  157 Y   -6 -7 -7 -8 -6 -3 -7 -7 -5 -3 -3 -7 -4  8 -6 -6 -6 -3  6  2    0   0   0   0   0   1   0   0   0   1   1   0   0  54   0   0   0   0  28  14  2.10 0.78
  158 I   -3 -4 -6 -6 -5 -5 -5 -6 -6  5  3  2 -2 -2 -6 -5 -3 -6 -4  3    1   0   0   0   0   0   0   0   0  33  28  15   0   1   0   0   1   0   0  20  0.98 0.47
  159 S   -4 -5 -4 -5 -5 -5 -5 -5 -6 -6 -7 -3 -6 -7 -5  7  5 -7 -6 -6    0   0   0   0   0   0   0   0   0   0   0   1   0   0   0  70  28   0   0   0  1.95 0.87
  160 G    5 -5 -5 -5 -1 -5 -5  4 -5 -6 -6 -5 -5 -6 -5  2 -4 -6 -6 -5   55   0   0   0   1   0   0  30   0   0   0   0   0   0   0  12   0   0   0   0  1.42 0.64
  161 L   -5 -6 -7 -7 -2 -6 -7 -7 -6  2  6 -6  0 -1 -6 -6 -5 -5 -5  0    0   0   0   0   1   0   0   0   0  10  78   0   2   2   0   0   0   0   0   5  1.62 0.64
  162 I   -5 -6 -7 -7 -5 -5 -7 -7 -7  1  6 -6  3 -3 -7 -6 -5 -6 -5 -3    0   0   0   0   0   0   0   0   0   6  85   0   6   0   0   0   0   0   0   0  1.92 0.74
  163 Y   -5 -6 -6 -7 -5 -4 -6 -7 -5  1  4 -6  8  4 -6 -6 -5 -5  0 -3    0   0   0   0   0   0   0   0   0   8  37   0  34  16   0   0   0   0   3   0  1.53 0.63
  164 A    5 -5 -3 -5 -1 -4 -5 -4 -5  2 -1 -4  0 -5 -4  1  1 -6 -5 -1   56   0   1   0   1   0   0   0   0  11   5   0   2   0   0  11   7   0   0   4  0.95 0.51
  165 L    5 -5 -5 -5  0 -4 -5  3 -5 -4  2 -4 -3 -3 -2 -1 -1 -5 -3 -3   44   0   0   0   2   0   0  23   0   0  19   0   0   1   1   4   3   0   1   1  0.84 0.46
  166 H    1 -4 -4 -4 -5 -4 -4 -2 -2 -5 -2 -3 -3 -5  8  0 -3 -5 -2 -4   12   1   1   1   0   0   1   3   1   1   5   1   1   0  63   6   1   0   1   1  1.65 0.62
  167 I   -2  1 -5 -6  0 -1 -5 -4 -4 -1  5 -3  2  1 -5 -4 -3 -4  1 -1    4  10   0   0   2   3   0   1   0   2  57   1   4   6   0   0   1   0   5   3  0.86 0.44
  168 L    3 -2 -3 -3 -2 -1 -1 -2 -2 -1  2 -1  0  2 -1 -1  1 -3  2 -1   26   1   1   1   0   3   4   2   0   2  20   3   2  10   3   4   9   0   6   3  0.23 0.22
  169 N    1 -1  2  3 -4  1  3  0 -1 -5 -4  1 -4 -5 -1  0 -1 -5 -4 -4   15   3  11  14   0   7  21   6   1   0   1  10   0   0   3   5   3   0   0   1  0.45 0.29
  170 G   -2  0 -1  1 -6  1  2  5 -3 -6 -6  0 -5 -6 -1 -1 -3 -6 -5 -5    3   4   3   9   0   7  15  45   1   0   0   6   0   0   4   3   1   0   0   0  0.83 0.42
  171 G   -2 -4 -1  4 -5 -3 -1  3 -4 -2  2 -3 -3 -4  0 -1 -1 -5 -5  0    3   0   3  26   0   0   4  22   0   2  20   1   0   0   5   4   5   0   0   6  0.46 0.31
  172 S   -2  0 -1  0 -3 -1  3 -4  0 -2 -3 -1 -3 -5 -2  3  4 -6 -5  0    1   5   2   5   0   2  17   0   2   2   2   2   0   0   1  21  28   0   0   8  0.55 0.38
  173 I   -4 -4 -6 -5 -5 -5 -2 -7 -4  6  2 -5 -1 -4 -6 -4  3 -6 -5  3    0   1   0   0   0   0   3   0   0  46  17   0   1   0   0   1  16   0   0  16  1.13 0.52
  174 E   -1  2  0 -1 -4  0  2 -4  4  1 -2  1 -2 -3 -4  0  1 -5 -2  1    3  11   4   3   0   3  18   0  12  10   2   7   1   1   0   6  10   0   0   9  0.31 0.24
  175 I   -4 -4 -4 -5 -5 -5 -3 -7  2  5  3 -4 -1 -3 -5 -3 -3 -3 -4  4    0   1   1   0   0   0   2   0   6  29  25   1   1   0   0   1   1   0   0  31  0.96 0.45
  176 L   -1 -1 -2 -1 -4 -1  2 -1 -1  1 -1  1 -2 -4 -3 -1  4 -5 -4  1    4   2   1   3   0   2  13   5   1   9   6   9   0   0   0   2  30   0   0  12  0.35 0.29
  177 P   -3 -3 -2 -1 -6 -3  3  5 -1 -6 -6 -1 -5 -6  0 -1  1 -6 -6 -5    1   1   1   4   0   0  17  48   2   0   0   4   0   0   6   5  10   0   0   1  0.94 0.47
  178 P   -2  0  0  2 -5 -2  4 -3 -1 -6 -4  1 -4 -5  5 -1 -1 -6 -5 -5    2   4   5  11   0   1  28   2   2   0   1  10   0   0  25   3   4   0   0   0  0.78 0.42
  179 I   -1 -5 -5 -5 -3 -4 -3 -5  0  3  4 -3  0  0 -1 -4 -3 -4 -1  2    5   0   0   0   0   1   2   0   2  17  46   1   2   3   3   1   1   0   2  13  0.69 0.35
  180 S   -2 -2 -2 -3 -3 -2  2 -1 -3  2 -1  2 -2 -4  3 -2  0 -5 -4  3    3   2   1   0   0   1  14   4   0  11   4  12   0   0  14   2   7   0   0  24  0.37 0.28
  181 S   -2 -5 -4 -4 -6 -3 -1 -5 -6 -7 -7 -5 -6 -7 -5  7  0 -7 -6 -6    3   0   0   0   0   1   3   0   0   0   0   0   0   0   0  86   5   0   0   0  2.08 0.90
  182 K    0  5 -4 -4 -6  0 -1 -3 -2 -1 -2  4  0 -5 -4 -2 -2  0 -4 -1    8  34   0   0   0   4   3   1   1   3   4  30   3   0   0   1   2   1   0   5  0.81 0.44
  183 S   -3 -5  1  2 -7 -5 -4  0 -6 -6 -7 -5 -7 -8  8  1 -5 -8 -7 -4    2   0   6  10   0   0   0   8   0   0   0   0   0   0  63   9   0   0   0   1  1.83 0.75
  184 Y   -7 -7 -6 -8 -8 -6 -7 -8  7 -5 -7 -7 -6 -2 -7 -7 -7 -2  9 -4    0   0   0   0   0   0   0   0  27   0   0   0   0   0   0   0   0   0  71   1  3.09 1.08
  185 I   -3 -5 -5 -5 -4 -5 -5 -5 -5  6  0 -5 -2 -3 -5 -2 -1 -5 -4  4    1   0   0   1   0   0   1   1   0  49   9   1   0   0   1   3   4   0   0  29  1.19 0.47
  186 L   -1  0  1  6 -5 -1  3 -2 -1 -5 -4  0 -2 -4 -4 -3 -2 -5 -3 -4    6   5   5  42   0   2  21   3   1   1   2   5   1   1   1   1   2   0   1   1  0.86 0.40
  187 L   -3 -4 -5 -5 -4 -1 -4 -5 -5  4  3 -4  8 -3 -5 -4 -4 -4 -4 -1    2   1   0   1   0   2   1   1   0  26  24   1  35   0   1   1   1   0   0   3  1.28 0.51
  188 T   -4 -5 -4 -5 -5 -5 -5 -6 -6 -5 -5 -5 -5 -6 -5 -3  8 -6 -6 -4    0   0   0   0   0   0   0   0   0   0   1   0   0   0   0   1  94   0   0   0  2.64 0.98
  189 I   -3 -3 -5 -5 -2 -4  1 -5 -5  2  5 -3  0 -3 -5 -4 -2 -5 -4  2    2   2   0   0   1   0  10   1   0  11  52   1   2   0   0   1   3   0   0  14  0.82 0.40
  190 D    2  2  1  3 -2  2  2 -2  2 -4 -4  1 -3 -5 -4  0 -2  1 -3 -4   16  10   7  19   1   8  12   2   6   1   0   7   0   0   0   7   1   2   0   1  0.42 0.27
  191 L   -1 -6 -6 -6  0 -3 -6 -6 -6  0  3 -5  8 -4 -6 -4  0  3 -5  2    6   0   0   0   2   1   0   0   0   5  22   0  38   0   0   1   6   4   0  16  1.21 0.56
  192 F   -5 -6 -7 -8 -6 -4 -7 -8 -7  1  5 -6  8 -2 -7 -6 -5 -6 -5 -3    1   0   0   0   0   1   0   0   0   6  49   0  41   1   0   0   0   0   0   1  1.98 0.78
  193 K    1  5  1  0 -6  1  2 -3  1 -5 -5  3 -4 -6 -4 -1 -2 -6 -5 -4   14  28   6   4   0   5  14   1   3   0   1  18   0   0   0   4   1   0   0   1  0.68 0.39
  194 R    2  2 -1  2 -2  3  1 -3  1 -3 -3  1 -2 -3 -4  0 -1 -2 -1 -3   17  13   1  10   1  16  10   1   3   1   2   9   1   1   0   6   4   0   2   1  0.35 0.26
  195 F    1 -4 -6 -7 -5 -4 -7 -7 -1 -1 -2 -7 -2  8 -7 -4 -5 -2  2 -3   14   1   0   0   0   1   0   0   2   3   4   0   1  67   0   1   0   0   4   2  1.88 0.73
  196 G   -4 -6 -2 -3 -8 -5 -6  8 -7 -9 -9 -5 -8 -8 -7 -4 -6 -8 -8 -8    0   0   2   1   0   0   0  95   0   0   0   0   0   0   0   1   0   0   0   0  2.64 0.94
  197 S    3 -6 -6 -6 -2 -5 -6  0 -6  4 -3 -6 -3 -4 -6 -4 -4 -6 -5  5   21   0   0   0   1   0   0   7   0  25   0   0   0   0   0   1   0   0   0  45  1.17 0.55
  198 D   -1  1  1  2 -3  2  4 -4  1 -3 -4  2 -3 -5 -2  0  1 -4 -3 -1    4   6   6  11   1   8  24   0   3   1   0  15   0   0   2   6   9   0   0   4  0.43 0.29
  199 V    1 -6 -5 -6 -3 -6 -6 -5 -4  4 -1 -6 -3 -1 -3 -3 -1 -6  0  6   10   0   0   0   0   0   0   1   0  21   4   0   0   2   1   1   4   0   3  52  1.10 0.52
  200 K   -1  0 -2  3 -4  1  5 -4  0 -1 -4  0 -4 -4 -4  1  0 -6 -2 -2    3   6   1  14   0   6  37   1   2   4   1   6   0   1   0   9   5   0   1   3  0.60 0.36
  201 F   -1  3  2 -1 -2  0  0 -4  3 -1 -3  0 -2  1 -3  0  1  5 -1  0    6  15  13   2   1   4   5   0   7   4   0   3   1   7   1   5   8   8   2   8  0.27 0.22
  202 Y   -2  0  2  3 -4  1  3 -2  1 -3 -4  0 -4 -3 -1  1  1 -4 -1 -3    2   5   9  18   0   5  20   3   3   1   1   5   0   1   2  10  11   0   2   2  0.40 0.27
  203 G    0 -3  2  3 -5 -1  2  4 -1 -6 -5 -2 -5 -3  1 -1 -3 -3 -3 -4    6   1   9  18   0   2  13  32   2   0   0   2   0   1   7   4   1   0   1   1  0.63 0.35
  204 S   -2 -2  4  3 -5  0  0 -1 -1 -5 -2  1 -3 -2 -2 -1  0  2  5 -4    2   2  21  16   0   4   4   4   1   0   3   8   1   1   1   4   5   3  19   0  0.54 0.34
  205 K   -2  3 -1 -2 -3  2  1  0  0 -1 -3  2 -3 -2 -4  0  3 -3 -3  0    2  15   2   1   0  10   8   7   2   3   2  11   0   2   0   7  21   0   1   6  0.31 0.26
  206 I   -3 -1 -5 -5 -3 -4 -1 -6 -2  4 -2 -4 -1  5 -6 -3 -2  7  2  1    2   4   0   0   0   1   4   0   1  24   2   1   1  24   0   2   3  15   7   8  0.93 0.44
  207 H   -2  3 -2 -3 -3 -1  0 -4  3 -1 -2  1 -2  4 -4  0  2 -2  2 -1    2  17   1   1   0   3   5   0   7   3   4   8   0  17   0   8  14   0   6   4  0.36 0.27
  208 V   -4 -2 -7 -7 -1 -6 -5 -6 -5  5  0 -4 -2 -3 -6 -5 -3 -6  0  6    1   2   0   0   1   0   1   0   0  33   6   1   0   1   0   0   1   0   3  50  1.33 0.57
  209 N    0  1  0 -1 -3  1  1 -1  1  0 -2  2 -1 -3  2  0 -1 -4  0  0    9   8   4   2   0   5   9   3   4   9   3  13   1   0  12   6   3   0   3   6  0.15 0.13
  210 P   -1 -1 -3 -4 -3 -3 -4  4 -2 -7 -7  0 -6 -5  7 -2 -5 -7 -7 -6    4   3   1   0   1   1   1  27   1   0   0   7   0   0  51   2   0   0   0   0  1.54 0.66
  211 N    0 -1  2 -3 -3  4 -2  5 -3 -6 -6  0 -4 -6 -4 -1  0 -6 -6 -5    6   2   8   1   1  19   2  45   0   0   0   5   0   0   1   4   5   0   0   1  0.92 0.47
  212 N   -1  1  2 -1 -4  5  0  1 -1 -4 -4  1 -3 -4  3 -1 -1 -5 -2 -3    5   6   9   3   0  27   6  10   1   1   1   8   0   1  13   4   3   0   1   2  0.48 0.32
  213 L   -3 -1 -4 -6 -5  1 -4 -6 -1  1  2 -2 -2  1 -5 -3 -2 -3  7  0    2   3   1   0   0   6   0   0   1   7  18   3   0   4   1   2   3   0  43   6  1.03 0.51
  214 V    0  3 -1 -3 -3  2 -1 -4  1 -1 -2  2 -3 -2 -4  1  1 -4  3 -1    7  14   2   1   0  10   2   0   4   4   4  15   0   1   0   9  11   0  10   5  0.30 0.25
  215 E    3 -1 -3 -2 -2 -2 -2  3 -3 -5 -3 -2 -5 -6  5  0 -3 -6 -3 -3   26   3   0   2   1   1   3  21   1   0   2   3   0   0  28   6   1   0   1   2  0.76 0.41
  216 F    0  3 -1 -2  1  2 -2  2  0 -1 -2  0 -1  0 -2  0  1 -3 -1 -1    7  19   2   1   4   9   1  14   2   3   3   5   1   4   1   8  10   0   1   4  0.18 0.18
  217 Q   -2  0  1  5 -4  0  2 -3  2 -4 -5  0 -5 -6  1  0  1 -6 -3 -4    3   4   6  30   0   4  15   1   6   1   0   6   0   0   8   5   9   0   0   1  0.61 0.35
  218 G   -3 -3 -5 -6 -1 -5 -5  0 -3  2 -1 -4 -1  3 -6 -4 -3  4  7  2    1   1   0   0   2   0   0   7   0  11   6   1   2  12   0   1   1   6  37  12  1.05 0.49
  219 E    0  1 -1 -1 -2  0  0 -3  1 -1  0  0  0 -2 -2  0  3 -2  0  1    9   8   3   3   1   3   6   0   4   3   7   4   2   1   1   4  24   1   4  10  0.17 0.18
  220 V   -5 -7 -8 -8 -5 -7 -7 -8 -8  5 -3 -7 -4 -5 -7 -6 -4 -7 -6  7    0   0   0   0   0   0   0   0   0  26   1   0   0   0   0   0   0   0   0  73  2.12 0.81
  221 A   -4 -5 -5 -3 -8 -1  7 -6 -5 -8 -8 -4 -7 -8  5 -4 -6 -8 -7 -7    1   0   0   0   0   2  70   0   0   0   0   0   0   0  26   0   0   0   0   0  2.18 0.90
  222 G    0 -6 -2 -5 -6 -5 -6  6 -6 -6 -7 -5 -5 -7  4  1 -5 -7 -7 -7    6   0   2   0   0   0   0  58   0   1   0   0   0   0  21  11   0   0   0   0  1.55 0.66
  223 D   -7 -7 -4  9 -9 -6 -4 -7 -6 -9 -9 -6 -9 -9 -7 -6 -6 -10 -9 -9    0   0   0 100   0   0   0   0   0   0   0   0   0   0   0   0   0   0   0   0  3.28 1.13
  224 Y    3 -6 -6 -7 -2 -5 -6 -5 -4  2  1 -6 -2  3 -4 -4 -4  8  4 -2   25   0   0   0   1   0   0   0   0  14  12   0   1  12   1   0   0  19  13   2  1.11 0.51
  225 G   -3 -6 -4 -5 -6 -5 -4 -4 -6 -7 -7 -5 -5 -7 -2  7 -1 -8 -7 -7    1   0   0   0   0   0   1   1   0   0   0   0   0   0   2  92   3   0   0   0  2.32 0.98
  226 L    1 -4  3 -4 -5  2 -4  0 -2 -6 -4 -4 -5 -6 -5  5  0 -6 -5 -5   13   0  14   0   0  10   0   7   1   0   1   0   0   0   0  49   5   0   0   0  1.02 0.57
  227 A    7 -6 -6 -6 -3 -5 -5 -3 -6 -3 -3 -5 -3 -6 -5 -1 -4 -7 -6 -2   86   0   0   0   0   0   0   2   0   1   3   0   1   0   0   5   0   0   0   2  1.91 0.81
  228 S    4 -5 -4 -5  0 -3 -4 -2 -5 -5 -5 -4 -5 -6 -5  5  1 -7 -5 -2   38   0   0   0   2   1   0   2   0   0   0   0   0   0   0  46   8   0   0   2  1.24 0.63
  229 F   -2 -6 -6 -7 -4 -5 -6 -7 -4 -5 -4 -6 -3  6  2 -5 -6 -3  8 -4    4   0   0   0   0   0   0   0   0   0   1   0   0  32  10   1   0   0  50   1  2.07 0.78
  230 Y   -6 -7 -8 -8 -6 -7 -7 -7 -6 -2  1 -7 -2  8 -1 -7 -6  7  1 -4    0   0   0   0   0   0   0   0   0   2  10   0   1  63   3   0   0  16   3   1  2.22 0.80
  231 A   -1 -5 -6 -6 -3 -5 -5 -6 -5  1  5 -5  2  2 -5 -2 -4  5  2 -1    4   0   0   0   0   0   0   0   0   8  52   0   4   9   0   4   0   7   7   3  0.95 0.45
  232 L    6 -5 -5 -6  0 -4 -4 -2 -6  0 -2 -5 -1 -5 -5 -1 -2 -6 -5  3   57   0   0   0   2   1   1   2   0   5   3   0   1   0   0   4   2   0   0  22  1.08 0.55
  233 S    6 -6 -6 -6 -4 -3 -5 -1 -6 -2  0 -5 -1 -4 -5 -2 -4 -7 -5 -1   75   0   0   0   0   1   0   3   0   2   9   0   2   0   0   1   0   0   0   5  1.48 0.68
  234 A    6 -5 -2 -3 -5 -4 -2  4 -6 -6 -4 -4 -5 -6 -4 -2 -3 -6 -6 -3   57   0   2   1   0   0   2  31   0   0   1   0   0   0   1   2   1   0   0   1  1.31 0.61
  235 L    5 -5 -5 -6 -2 -5 -5 -3 -4  0  3 -5 -1 -3 -4 -2 -2 -6 -4  0   55   0   0   0   1   0   0   2   0   5  25   0   1   1   0   1   1   0   0   7  0.99 0.52
  236 V    0 -6 -5 -6 -3 -5 -5 -6 -5  5  3 -5  0 -3 -6 -1 -3 -6 -3  4    7   0   0   0   0   0   0   0   0  36  24   0   1   0   0   4   1   0   1  25  0.96 0.45
  237 S    0 -2 -1 -2  1 -2 -1  0 -3 -2 -1  1 -2 -3  3  1  4 -4 -2 -2    9   1   2   2   3   1   3   6   0   1   5  10   0   1  13   9  29   0   1   2  0.37 0.27
  238 G   -2 -3  2  1 -6 -2 -1  6 -2 -5 -6 -2 -6 -7 -3 -3 -4 -7 -6 -5    3   1  11   7   0   2   4  66   1   1   0   2   0   0   1   1   0   0   0   1  1.43 0.60
  239 G    1 -2  0 -1 -4 -3 -2  5 -2 -5 -5 -2 -4 -5 -4  3 -2 -5 -5 -4    9   2   4   3   0   1   2  45   1   0   1   2   0   0   0  27   2   0   0   1  0.92 0.44
  240 G   -2  2  0  1 -2  0  3 -2 -1 -5 -5  2 -4 -5  2  0  2 -5 -4 -4    3  12   3   9   1   3  24   2   1   0   0  13   0   0   9   6  13   0   0   1  0.48 0.31
  241 I   -3 -6 -7 -6 -4 -5 -5 -7 -7  5  1 -6 -2 -3 -6 -5 -3 -6 -5  6    1   0   0   0   0   0   0   0   0  31  12   0   1   1   0   0   1   0   0  51  1.41 0.59
  242 T   -2  3 -2  0 -3 -2  0 -4 -1  0 -1  1 -2 -2 -4 -1  4 -5 -4  1    1  19   1   5   0   1   7   0   1   4   6  10   0   1   0   3  29   0   0  10  0.46 0.33
  243 I   -4 -6 -7 -7  1 -5 -6 -7 -7  4  3 -6 -2 -3 -6 -5 -3 -6 -5  5    0   0   0   0   3   0   0   0   0  25  27   0   0   1   0   0   1   0   0  41  1.25 0.54
  244 T   -1  1  0 -2 -2  0  2 -3  1 -3 -1  2 -1 -3  2  0  3 -4 -2 -3    3   9   4   1   1   2  16   1   3   1   7  14   1   1   9   5  19   0   1   1  0.31 0.24
  245 N   -4 -2  5  1 -6 -4 -4  6  1 -7 -7 -4 -6 -6 -6 -1 -5 -7 -5 -6    0   2  26   8   0   1   0  54   3   0   0   1   0   0   0   4   0   0   0   0  1.44 0.61
  246 L   -3 -4 -5 -5  0 -4 -5 -4 -5  2  4 -4  0 -2 -4 -3 -2  5 -3  4    2   0   0   1   2   0   1   1   0  11  38   1   2   1   1   2   1   7   0  29  0.83 0.38
  247 W   -1 -2  0 -1 -2 -2 -2  4 -1 -2 -2 -2 -1  1  2 -1 -1  4  2 -2    4   2   4   3   1   1   1  33   1   2   5   2   2   7  10   5   4   5   7   2  0.40 0.20
  248 E    0  2  1  1 -3  0  0 -2  0  0 -1  2  0 -3  1 -1 -1 -4 -3 -1    8  10   9   9   0   3   6   1   2   8   7  17   2   1   6   3   2   0   0   4  0.16 0.13
  249 P    0  0  4  0 -3  0  0  0  1 -2 -1  0  0 -2  2  0  0 -3 -1 -2    9   4  25   4   0   3   6   5   3   2   5   5   3   1   9   6   5   0   2   3  0.23 0.17
  250 K    0 -1  2  3 -4  0  0 -1  1 -4 -4  0 -3 -4  3  1  1 -4 -3 -3    7   2  10  17   0   4   6   3   4   1   1   5   0   1  17   9  11   0   0   1  0.40 0.23
  251 E   -3 -5 -3  0 -5 -4 -4 -4 -5 -6 -5 -4 -4 -1 -5  6  4 -6 -5 -5    1   0   1   4   0   0   1   0   0   0   1   0   0   3   0  62  25   0   0   0  1.51 0.72
  252 Y   -1  3 -3 -4 -1  1 -3 -4 -2  2  2  0  0 -2 -1 -2  0 -3  0  1    5  21   1   0   1   7   0   0   1  11  21   6   2   1   4   1   5   0   3   9  0.29 0.22
  253 F   -2 -4 -5 -1 -6  8 -3 -6 -4 -5 -6 -4 -5 -4  0 -4  2 -7 -6 -7    3   0   0   3   0  76   0   0   0   1   0   0   0   1   5   0  10   0   0   0  2.19 0.94
  254 G   -1 -7 -5 -6 -7 -6 -7  7 -7 -8 -8 -6 -7 -8  2 -4 -6 -7 -8 -8    4   0   0   0   0   0   0  87   0   0   0   0   0   0   9   1   0   0   0   0  2.36 0.87
  255 D   -3 -4 -2  8 -5 -3 -1 -2 -4 -5 -4 -4 -5 -5 -4 -3 -4 -5 -5 -4    3   1   1  78   0   1   3   3   0   1   2   1   0   1   1   1   1   0   1   2  1.94 0.65
  256 H    1  2 -2 -1 -2 -1 -1 -2  0  1 -1  2  0 -3 -2  1  0 -3 -2  1   12  14   1   3   1   1   3   2   2   9   4  15   2   1   1  12   4   0   1  11  0.17 0.14
  257 S    2  2 -1 -2 -2  1  0 -1  1 -2 -1  2 -1 -2 -2 -1 -1 -1 -2  0   24  13   2   1   1   6   7   4   3   2   5  14   2   1   1   3   2   1   1   7  0.21 0.16
  258 I   -2 -6 -6 -6 -3 -5 -6 -4 -6  6  1 -6  0  5 -6 -5 -4 -2 -2  2    3   0   0   0   0   1   0   2   0  42  12   0   2  27   0   0   1   0   0  10  1.20 0.51
  259 V    2  1 -5 -5 -1 -3 -4 -4 -4  3  2 -2 -1 -1 -3 -3 -2 -5 -2  3   21   9   0   0   1   1   0   1   0  17  24   2   1   2   1   1   1   0   1  18  0.48 0.31
  260 K   -2  0  1  6 -6 -1  4 -2  0 -6 -6 -1 -5 -6 -3  0 -2 -6  0 -5    3   4   5  40   0   1  24   4   2   0   0   4   0   0   1   6   2   0   3   0  0.93 0.47
  261 I    0 -6 -6 -6 -2 -5 -4 -6 -4  6  1 -5 -1 -2 -6 -5 -3 -4 -3  5    7   0   0   0   1   0   1   0   0  39  11   0   1   1   0   0   1   0   1  36  1.14 0.50
  262 F   -3 -6 -7 -7  0 -6 -6 -7 -6  2  5 -6  2  2 -6 -6 -4 -3  1  0    1   0   0   0   2   0   0   0   0   9  63   0   4   9   0   0   0   0   5   6  1.21 0.53
  263 S    1  2 -2 -1 -5  2  4 -2 -2 -5 -4  3 -3 -5 -3  1  0 -4 -4 -3   11  12   1   2   0   8  29   2   1   0   1  16   1   0   0   8   5   0   0   2  0.56 0.35
  264 E    1  3  0  1 -4  3  2 -3 -1 -4 -2  3  0 -4 -3  0 -2 -5 -4 -4   12  17   4   7   0  15  11   1   1   0   5  17   2   1   0   6   1   0   0   0  0.45 0.30
  265 M   -3 -6 -7 -8 -2 -5 -7 -7 -6 -1  1 -6 10  3 -7 -6 -5 -6 -4 -2    2   0   0   0   1   0   0   0   0   3  12   0  68  11   0   0   0   0   0   2  2.43 0.90
  266 G   -4 -5 -1 -4 -5 -5 -4  7 -6 -7 -7 -5 -6 -7 -6 -4 -5 -6 -6 -7    1   1   2   1   0   0   1  90   0   0   0   0   0   0   0   1   0   0   0   0  2.36 0.82
  267 A    5 -5 -5 -5  5 -4 -5  2 -5 -2 -4 -4 -3 -5 -4 -2 -3 -5 -5  2   52   0   0   0  12   0   0  14   0   2   1   0   0   0   0   2   0   0   0  15  1.08 0.51
  268 S   -1  2  2  3 -3  1  2 -2  1 -2 -4  2 -3 -4 -2  0  1 -4 -3 -2    3   9  10  15   0   5  13   2   3   2   1  15   0   0   2   7   9   0   1   3  0.32 0.21
  269 S   -2 -4 -5 -5  0 -5 -5 -5 -4  5  0 -5 -1 -1 -4 -1  1 -5 -4  5    3   0   0   0   2   0   0   1   0  29   9   0   1   2   1   4  10   0   0  36  0.86 0.40
  270 E   -1  1 -1  0 -3 -1  3 -3  0 -2 -3  0 -2 -3 -3  1  4 -5 -2 -1    3   7   3   5   0   2  24   1   2   3   1   5   1   1   0  11  24   0   1   5  0.41 0.29
  271 Y   -3  1 -3 -4 -3  0 -2 -5  1  1  1 -3  0  3 -3 -3 -2  8  3  0    2   7   1   1   0   4   3   0   3  10  13   1   3  11   1   2   2  18  10   8  0.60 0.30
  272 K   -1 -1  1  1 -4 -1  2  3 -1 -2 -1  0 -2 -2 -2  0  2 -4 -2 -2    4   2   5   9   0   2  13  22   2   3   5   7   0   1   1   7  13   0   1   2  0.23 0.18
  273 D   -1 -1  3  4 -5 -1  3  0 -1 -4 -5  0 -4 -5  1 -1 -1 -5 -4 -4    5   3  15  27   0   2  18   7   1   1   1   5   0   0   7   4   3   0   0   1  0.57 0.31
  274 G    0 -1  3  4 -2 -1  1  2 -1 -3 -4  0 -3 -4 -3  0 -1 -3 -3 -2    6   3  14  28   1   3   9  14   1   1   1   5   1   1   1   5   3   0   1   3  0.46 0.27
  275 R    0  1  0  0 -2 -1  0  3  0 -2 -3  0 -2  0 -3  1  0  3  2 -1    6   7   4   6   0   2   5  23   2   2   2   5   1   5   0  11   4   5   7   4  0.21 0.16
  276 W   -2 -3 -2 -1 -2 -3 -1 -3 -3  4  2 -3  0 -1 -3 -2  0  1  1  3    1   1   2   5   1   0   4   2   0  25  18   1   1   2   1   1   6   2   5  21  0.38 0.24
  277 F   -2  0 -3 -3 -2 -1  2 -4 -1  3  0  0 -2 -2 -4 -1  3 -2 -2  1    2   6   0   1   1   3  14   0   1  19  10   5   0   1   0   2  23   0   1  10  0.35 0.27
  278 V    1 -3 -4 -5  0 -3 -2 -3 -4  2  1 -3 -2 -1 -5 -2  1 -5 -3  5   10   1   0   0   2   1   3   2   0  12  12   1   0   2   0   2   9   0   0  43  0.63 0.35
  279 K   -1  2 -1 -2  2  1  1 -3  0  0 -2  2 -2 -3 -3  1  2 -3 -3  1    4  14   2   1   5   5  10   1   2   5   1  13   1   1   1   9  12   0   0  12  0.22 0.19
  280 A    0  1 -2 -3 -2 -2  0  4  0 -3 -3  2 -3 -3 -1  1  0 -4 -1 -3    6   9   1   1   1   1   5  30   3   1   2  15   0   1   2  13   4   0   2   2  0.39 0.24
  281 K   -1  1  1 -1 -3  0 -1  0  0 -3 -4  1 -2 -4  3  2  2 -3 -2 -2    5   8   5   2   0   3   2   8   2   1   1  11   1   0  17  13  15   0   2   2  0.35 0.24
  282 D    0 -1  1  1 -2 -1  0  4 -1 -4 -4 -1 -4 -4 -1  2 -1 -5 -2 -3    8   3   5   8   1   3   5  32   1   1   1   3   0   1   4  19   4   0   1   1  0.46 0.27
  283 K   -1  2  0 -1 -2  1  2 -2  0 -3 -3  2 -1 -4  3  0  1 -4 -4 -2    5  13   4   3   1   5  14   2   2   1   2  15   2   0  13   7   8   0   0   2  0.32 0.22
  284 Y   -4 -4 -5 -5 -5 -4 -4 -5  0  0  6 -4 -1 -2 -2 -4 -2 -5  0  0    1   1   0   1   0   1   1   1   3   4  72   1   1   1   2   1   2   0   3   5  1.18 0.53
  285 S   -1  3  1 -1 -2  1  0 -2  4 -4 -3  4 -2 -4 -2  0  0 -5 -3 -3    4  15   7   3   1   5   5   2  13   1   3  25   1   0   2   8   5   0   0   1  0.46 0.29
  286 P    2 -1 -3 -4 -5 -4 -4  6 -3 -5 -6 -3 -6 -6  2 -1 -3 -6 -6 -5   17   4   1   1   0   0   0  59   1   0   1   2   0   0  10   3   1   0   0   1  1.25 0.55
  287 I   -1 -3 -5 -5 -1 -3 -5 -2 -5  5  1 -4  0  2 -5 -4  2 -5 -3  3    5   2   0   0   1   1   0   3   0  34  12   1   2   8   0   0  12   0   0  18  0.66 0.35
  288 K   -3 -1  0  5 -4 -1  4 -5 -2 -2 -5 -1 -4 -6 -4 -1  2 -6 -5  0    2   3   3  32   0   1  28   0   1   2   0   3   0   0   0   4  14   0   0   7  0.85 0.45
  289 I   -1 -4 -5 -6 -3 -5 -4 -6 -4  5  1 -5  3  2 -6 -5 -3  0  1  4    5   1   0   0   0   0   1   0   0  35  10   0   8   9   0   0   1   1   4  24  0.88 0.42
  290 D   -4 -6  1  8 -8 -3 -1  0 -5 -8 -8 -4 -7 -8 -4 -1 -4 -8 -6 -6    1   0   7  74   0   1   3   7   0   0   0   1   0   0   1   4   1   0   0   1  1.99 0.78
  291 I    0 -5 -5 -6  2 -4 -5  3 -5 -1  3 -4  6  2 -5 -4 -4 -5 -3  1   10   0   0   0   4   0   0  20   0   2  23   1  22   9   0   0   0   0   0   8  0.75 0.42
  292 D    0  0  4  1 -4 -2  0  0  2 -3 -5 -1 -4 -5 -4  3  0 -6 -4 -2    9   6  24   8   0   0   6   8   5   1   0   3   0   0   0  21   5   0   0   3  0.48 0.32
  293 D    0 -2  3  4 -5  2  1 -3  4  0 -1 -2 -2 -5 -2 -2 -2 -6 -4 -3    7   1  13  28   0   9   8   1  11   7   6   1   1   0   1   2   1   0   0   1  0.56 0.34
  294 A    0 -6 -5 -6  5 -2 -5 -6 -5  6 -2 -5  3  0 -6 -1  0 -6 -3  2    7   0   0   0  13   2   1   0   0  42   1   0   9   4   0   4   5   0   1  11  0.99 0.47
  295 P   -5 -7 -6 -6 -7 -1 -6  1 -7 -4 -8 -6 -7 -8  8  0 -2 -8 -8 -7    0   0   0   0   0   3   0  10   0   1   0   0   0   0  76   7   2   0   0   0  2.39 0.91
  296 D   -7 -6 -4  8 -9 -5  2 -7 -6 -8 -9 -6 -8 -9 -7 -5 -6 -9 -8 -8    0   0   0  88   0   0  12   0   0   0   0   0   0   0   0   0   0   0   0   0  2.80 1.01
  297 L    3 -5 -5 -5 -4 -1  2 -5 -5  1  4 -4  0 -4 -4 -3  0 -5 -5 -1   23   0   0   0   0   2  15   0   0   8  41   0   1   0   0   1   5   0   0   3  0.68 0.42
  298 A    4 -5 -5 -5 -4 -5 -5 -2 -5  3  1 -5 -1  0 -5 -3  1 -5 -4  3   33   0   0   0   0   0   0   3   0  15  13   0   1   5   0   0  11   0   0  18  0.64 0.39
  299 M   -6 -6 -7 -6 -4  3 -5 -7 -6 -4 -2 -5  6 -7  8 -6 -5 -8 -7 -5    0   0   0   0   0  14   0   0   0   1   3   0  18   0  62   0   0   0   0   0  2.24 0.90
  300 T    0 -6 -5 -6 -5 -5 -5 -4 -6  3 -4 -5 -1 -5 -2 -2  6 -7 -5  2    9   0   0   0   0   0   0   1   0  16   1   0   1   0   2   2  53   0   0  15  1.22 0.61
  301 I   -3 -6 -6 -7 -5 -6 -7 -7 -7  5  4 -6  2  0 -6 -6 -4 -6 -4  2    2   0   0   0   0   0   0   0   0  35  43   0   3   4   0   0   0   0   0  13  1.25 0.53
  302 A    6 -6 -5 -6  0 -5 -5 -3 -6 -2 -5 -5 -2 -5 -5  0  0 -7 -6  0   76   0   0   0   2   0   0   1   0   2   0   0   1   0   0   5   5   0   0   7  1.55 0.71
  303 G    3 -6 -6 -6 -3 -5 -5 -4 -6  1  0 -5 -1 -4 -4 -3  1 -6 -5  5   29   0   0   0   0   0   0   1   0   5   9   0   1   0   1   1  10   0   0  44  0.98 0.51
  304 L    2 -5 -5 -6  1 -5 -5 -5 -6  1  4 -4  3 -4 -5 -3  2 -5 -4  2   16   0   0   0   2   0   0   0   0   6  40   0   6   0   0   1  14   0   0  14  0.75 0.41
  305 S    6 -6 -6 -6  5 -5 -6  1 -6 -6 -4 -5 -3 -7 -6 -2 -4 -7 -6 -4   75   0   0   0  12   0   0   9   0   0   2   0   1   0   0   2   0   0   0   0  1.78 0.77
  306 A    4 -5 -5 -5  5 -4 -5 -4 -5 -3  2 -4  0 -2  0  0  1 -5 -4 -1   38   0   0   0  11   0   0   0   0   0  20   0   2   1   6   6  10   0   0   5  0.73 0.43
  307 I   -1 -5 -4 -6  1  2 -5 -2 -3 -1  2 -3  0  6 -5 -4 -3 -2  2  0    4   0   1   0   3  10   0   3   1   2  21   1   2  36   0   1   1   0   6   7  0.79 0.41
  308 A    6 -4 -1 -6  2 -5 -5 -3 -6 -4 -1 -3  0 -6 -5  0 -2 -4 -6 -3   69   1   4   0   4   0   0   1   0   1   7   1   2   0   0   7   2   0   0   1  1.28 0.63
  309 E   -3 -1  1  4 -6  1  4  1 -1 -5 -5  2 -5 -6 -3 -1 -1 -6 -5 -5    2   3   6  23   0   5  27  10   1   0   1  14   0   0   1   4   3   0   0   0  0.69 0.38
  310 G   -2 -5 -3 -5 -6 -3 -5  7 -5  1 -6 -3 -3 -7 -6  0 -1 -7 -6 -3    3   0   1   0   0   1   0  69   0   7   0   2   1   0   0   8   5   0   0   2  1.48 0.63
  311 T   -3  0 -3 -1 -4 -1  2 -3 -3 -2 -5  1 -3 -6  5 -2  4 -6 -5 -1    1   6   1   3   0   3  13   2   1   3   0   8   0   0  30   1  24   0   0   5  0.80 0.45
  312 S   -3 -5 -4 -5  3 -5 -5 -5 -6 -1 -4 -5 -3  1 -5  3  6 -6 -5  0    0   0   0   0   6   0   0   0   0   3   0   0   1   7   0  21  55   0   0   7  1.36 0.67
  313 E   -2  4 -3 -3 -4 -2  1 -5  3  1 -3  0 -3 -4 -5 -2  2 -4 -2  3    3  27   1   1   0   1   8   0   8   8   1   4   0   0   0   2  14   0   1  21  0.55 0.36
  314 I   -5 -7 -7 -7 -5 -7 -7 -8 -7  7  3 -7 -1  4 -7 -6 -5 -6 -4  0    0   0   0   0   0   0   0   0   0  55  26   0   1  14   0   0   0   0   0   4  1.61 0.64
  315 I   -3  5 -2 -4 -5 -2 -1 -5 -1  0 -3  2 -3 -3 -4  0  3 -5  2  0    1  32   1   0   0   1   3   0   1   6   1  10   0   1   0   6  21   0   8   6  0.65 0.40
  316 G   -5 -5  7  3 -7 -5 -4  5 -2 -8 -8 -5 -7 -7 -6 -4 -5 -8 -7 -7    0   0  43  16   0   0   1  38   1   0   0   0   0   0   0   0   0   0   0   0  1.73 0.71
  317 I    4 -6 -6 -6  0 -5 -5 -3 -6  5  1 -5 -2 -4 -5 -4 -3 -6 -5  3   30   0   0   0   2   0   0   2   0  29  12   0   0   0   0   0   1   0   0  23  0.94 0.47
  318 E    4 -1 -2 -3 -5  1  3  2  2 -5 -5 -1 -5 -4 -1  0 -3 -3  3 -5   31   3   1   0   0   5  22  13   5   0   0   3   0   0   2   5   0   0   9   0  0.62 0.40
  319 R   -5  3  4 -4 -6  0  2 -5  7 -5 -6 -3 -5 -6 -6  1  0 -7 -4 -6    0  16  17   0   0   3  15   0  30   1   0   0   0   0   0  12   5   0   0   0  1.21 0.58
  320 L   -1 -6 -7 -8 -3 -6 -7 -7 -7  0  6 -6 -1 -4 -7 -6 -3  7 -4  0    6   0   0   0   0   0   0   0   0   5  65   0   1   0   0   0   2  16   0   6  1.56 0.65
  321 R   -5  8 -5 -6 -8 -2 -4 -7 -4 -7 -6  4 -6 -8 -6 -5 -5 -8 -7 -7    0  77   0   0   0   1   0   0   0   0   0  20   0   0   0   0   0   0   0   0  2.43 0.91
  322 I   -3 -4 -5 -6 -5 -5 -5  1  0  4  1 -5 -2 -1 -6 -5 -3 -5  3  4    1   1   0   0   0   0   0  11   3  25  12   0   0   2   0   0   0   0  10  34  0.85 0.43
  323 K   -6 -3 -5 -6 -8 -1 -4 -7  5 -8 -8  8 -6 -8 -6 -5 -6 -8 -6 -7    0   0   0   0   0   2   0   0  13   0   0  86   0   0   0   0   0   0   0   0  2.58 0.98
  324 E   -6 -5 -6 -4 -9 -3  8 -8 -5 -9 -8 -4 -7 -9 -6 -5 -6 -8 -7 -8    0   0   0   0   0   0 100   0   0   0   0   0   0   0   0   0   0   0   0   0  3.00 1.12
  325 S   -4 -6 -5 -6  6 -5 -6 -6 -6 -5 -6 -5 -6 -7 -6  4  7 -7 -6 -5    0   0   0   0  14   0   0   0   0   0   0   0   0   0   0  26  60   0   0   0  1.92 0.84
  326 D   -7 -7  2  8 -9 -5 -2 -6 -6 -8 -9 -6 -8 -9 -7 -5 -6 -9 -8 -8    0   0  10  89   0   0   2   0   0   0   0   0   0   0   0   0   0   0   0   0  2.80 1.00
  327 R   -7  9 -6 -7 -9 -4 -5 -8 -6 -9 -8 -3 -7 -8 -8 -6 -7 -8 -7 -8    0 100   0   0   0   0   0   0   0   0   0   0   0   0   0   0   0   0   0   0  3.27 1.14
  328 I   -5 -7 -7 -7 -5 -6 -7 -7 -7  6  4 -7  1 -4 -6 -6 -5 -6 -5  1    0   0   0   0   0   0   0   0   0  47  43   0   2   0   0   0   0   0   0   7  1.57 0.63
  329 E    3  0  0  1 -4  1  2 -2  2 -3 -3  0 -2 -3 -4  1  0 -5 -2 -2   32   4   3   7   0   5  13   2   6   1   1   6   1   1   0   9   7   0   1   2  0.37 0.28
  330 S    6 -6 -5 -2 -5 -5 -4 -3 -6 -3 -5 -5 -4 -6 -5 -1  1 -7 -6  1   73   0   0   3   0   0   0   1   0   1   1   0   0   0   0   4   8   0   0   9  1.46 0.69
  331 I   -5 -6 -6 -7  1 -5 -6 -7 -6  2  3 -6  8 -2 -5 -4  0 -6 -2  3    0   0   0   0   3   0   0   0   0  11  27   0  34   1   1   1   6   0   1  16  1.24 0.56
  332 R    4 -1 -2 -3  2 -1 -1 -3 -1 -1 -3  1 -3 -5 -4  1  1 -5 -2  1   40   3   1   0   4   3   3   0   1   3   2   7   0   0   0   9   9   0   1  12  0.48 0.34
  333 K    1  1  1  1 -2  0  2 -3 -2 -2 -3  0 -3 -5 -4  0  4 -4 -4 -1   11   6   6   7   1   4  12   1   1   2   1   6   0   0   0   6  31   0   0   4  0.43 0.31
  334 I   -2 -4  2 -3 -6 -1  7 -1 -5 -5 -5 -3 -1 -6 -6 -3 -2 -7 -6 -3    3   0   8   0   0   2  72   4   0   1   1   0   2   0   0   2   2   0   0   2  1.60 0.73
  335 L   -5 -7 -8 -8 -5 -6 -7 -8 -7  2  6 -7  1  0 -7 -7 -5 -4 -4 -2    0   0   0   0   0   0   0   0   0  10  82   0   3   3   0   0   0   0   0   1  1.82 0.72
  336 G   -1  5  4 -3 -3 -1 -1  0 -2 -4 -4  2 -3 -6 -3  1  2 -6 -4 -4    6  28  17   0   0   1   3   7   0   0   1  11   0   0   1  11  12   0   0   1  0.62 0.37
  337 L    1  3 -1 -4 -6 -2 -2 -2 -4 -5 -5  7 -4 -7 -5 -1 -3 -7 -6 -6   14  14   2   1   0   1   2   3   0   0   1  58   0   0   0   4   2   0   0   0  1.29 0.61
  338 Y   -1 -5 -7 -7  0 -5 -6 -7 -6  2  5 -6  5  1 -6 -5 -4 -3 -3  1    4   0   0   0   2   0   0   0   0   9  51   0  17   5   0   0   0   0   1  10  1.13 0.51
  339 G   -4 -3 -4 -6 -8 -7 -6  8 -5 -9 -9 -6 -8 -8 -7 -5 -6 -8 -8 -7    0   2   0   0   0   0   0  96   0   0   0   0   0   0   0   0   0   0   0   0  2.70 0.96
  340 V    5 -5 -5 -5  0 -4 -4  2 -5  1 -3 -5 -3 -2 -3 -3 -3 -5  1  2   52   0   0   0   2   0   1  14   0   8   1   0   0   1   1   0   0   0   5  13  0.91 0.50
  341 G   -1  1  2  4 -3  1  2  0  0 -1 -3  1 -3 -4 -2  0  0 -5 -2 -1    3   7   8  21   0   6  13   6   2   4   2   9   0   0   1   5   7   0   1   5  0.30 0.21
  342 S   -1 -6 -5 -7  2 -6 -6 -7 -7  5  1 -6 -2 -3 -6 -4 -2 -6 -4  6    6   0   0   0   4   0   0   0   0  26  11   0   0   0   0   1   2   0   0  50  1.25 0.55
  343 E   -1  1 -2  0 -5  0  5 -4  1 -1 -4  1 -3 -4 -4  0  3 -6 -3 -1    4   7   1   4   0   4  39   0   3   3   1   6   0   1   0   5  17   0   1   5  0.63 0.40
  344 V    0 -3 -4 -1 -4 -1  6 -5 -3 -1 -5 -3 -4 -6  0  0 -1 -7 -2  0    7   1   0   3   0   2  58   0   0   4   1   0   0   0   4   6   4   0   1   8  1.07 0.57
  345 K   -3  1 -2 -2 -5 -1  2  2  0 -3  0  0 -2 -2 -4 -1  4 -5 -3 -3    1   7   1   2   0   1  13  18   2   1  12   6   1   1   0   2  29   0   1   1  0.43 0.33
  346 Y    0  0  1  2 -5  1  4 -1  1 -5 -5 -1 -4 -4  3 -2 -3 -6 -2 -5   10   4   7  12   0   6  28   5   3   0   1   3   0   1  16   2   1   0   1   0  0.57 0.35
  347 N   -4 -6  1  8 -8 -4  0  0 -4 -8 -8 -4 -8 -8 -5 -3 -4 -9 -8 -8    1   0   5  80   0   0   4   6   0   0   0   1   0   0   0   2   1   0   0   0  2.24 0.86
  348 S   -2 -2 -1  0 -2 -3  0  5 -1 -4 -4 -3 -5  0 -5  1 -1  2  2 -4    3   2   2   5   1   0   6  44   1   1   1   1   0   4   0  13   4   3   8   1  0.70 0.38
  349 I   -4 -5 -6 -2 -1 -5 -3 -6 -4  4  5 -5  5 -1 -6 -5 -3 -4 -3 -1    0   0   0   3   1   0   2   0   0  20  51   0  15   2   0   0   1   0   1   2  1.13 0.51
  350 L   -2  1 -4 -3 -3 -2  1 -5  1  4  1 -1 -1 -1 -4 -2  2 -3  0  2    1   9   0   0   0   1  10   0   4  25  13   3   1   2   0   2  12   0   3  13  0.35 0.26
  351 I   -5 -6 -7 -7 -5 -6 -5 -8 -7  8  0 -6 -2 -4 -7 -5 -4  0 -5  3    0   0   0   0   0   0   1   0   0  74   6   0   1   0   0   1   0   2   0  14  1.97 0.74
  352 F   -3  1  0 -1 -4  0  2 -3  5 -2 -3  0 -3 -2 -3 -1  3  4  1  0    1   9   4   3   0   4  13   1  14   3   2   7   0   2   1   2  19   5   4   6  0.38 0.25
  353 G    0 -3 -1 -1 -3 -2 -2  5 -1 -3 -3 -2 -3 -3  3 -1 -2 -3 -3 -2    7   1   3   3   0   2   2  50   2   2   2   2   1   1  13   3   2   0   1   4  0.80 0.31
  354 I    0  0 -1 -1 -1 -1  0  2 -1  0 -1  0 -1 -2  2  0  0 -2 -2  1    6   6   3   2   1   2   5  15   2   4   6   5   1   2  12   7   8   1   1  11  0.11 0.06
  355 N    0  2  1  1 -3  0  1 -1 -1 -2 -2  0 -2 -3  3  0  0 -3 -2 -2    7  12   6   8   1   3  11   4   1   2   3   6   1   1  15   7   7   0   1   3  0.24 0.13
  356 K   -1  1 -1 -2  1 -1  0 -1 -1 -3 -2  3 -3 -3  6 -1 -2 -4 -4 -3    4   8   2   2   3   2   5   5   2   1   4  17   0   1  35   4   2   0   0   1  0.70 0.32
  357 G    1  0 -1 -1  2 -1  0  2 -2 -1 -1  0 -2 -1 -1  1  1 -1 -1 -1   12   7   1   3   4   2   7  19   1   3   7   4   0   3   2  10   9   1   2   2  0.12 0.10
  358 M    0  0  0 -1 -3  1  0 -2  0  0  0  1  0 -2  3  0  1 -3 -1 -1    6   5   4   3   0   7   6   3   2   6   8  11   2   1  14   5   9   0   2   5  0.14 0.10
  359 L   -1 -3 -3 -3 -2 -3 -1 -4 -2  1  4 -2  0  1  2 -3 -2  0 -2  0    6   1   1   1   1   1   4   1   1   6  48   3   2   5  11   1   2   1   1   4  0.53 0.31
  360 N   -2  2  1 -1 -3  1  0  1  6 -4 -4  3 -3 -4 -2  0  1 -5 -3 -3    3  10   7   2   0   6   4  10  19   1   1  18   0   0   2   7   9   0   0   1  0.48 0.30
  361 S    0 -4  0 -1 -3 -2 -3  6  2 -5 -5 -2 -4 -2  2  0 -2 -6 -4 -4    8   1   4   4   1   1   1  51   6   0   1   2   0   2  10   5   2   0   0   1  0.91 0.44
  362 P    5 -4 -3 -4  1 -3 -3  3 -5 -1 -4 -4 -4 -4  0 -2 -1 -6 -5  1   43   0   1   0   2   1   2  25   0   3   0   0   0   1   5   2   4   0   0   9  0.78 0.44
  363 V    0  0  0 -1 -3  0  2 -3  0  0 -1  0 -2 -3 -1  0  2 -4 -3  2    8   6   3   3   0   3  19   1   2   4   4   6   1   1   2   7  14   0   0  17  0.19 0.19
  364 T   -3 -6 -7 -7 -1 -6 -7 -7 -7  6  0 -6 -2  1 -6 -6 -2  4 -4  4    2   0   0   0   1   0   0   0   0  43   8   0   0   6   0   0   2   6   0  31  1.32 0.56
  365 D   -1  0  2  5 -4  0  2 -2  4 -4 -6 -1 -5 -4 -4  1 -1  0 -3 -5    6   4   8  35   0   3  12   3   9   1   0   3   0   1   0   9   3   1   1   0  0.70 0.38
  366 C   -1 -5 -4 -5  1 -5 -5  0 -6 -6 -6 -5 -5 -7 -1  4  6 -7 -6 -5    5   0   0   0   3   0   0   8   0   0   0   0   0   0   3  32  49   0   0   0  1.36 0.68
  367 L   -5 -1 -5 -6 -1 -4 -3 -7  6 -6 -4 -5 -6  3 -4 -5 -6  4  8 -5    1   3   0   0   2   0   1   0  20   0   1   0   0   9   1   1   0   4  55   0  2.11 0.81
  368 N    1 -2  5  4 -6 -2  1  2  2 -5 -5  0 -3 -5 -5 -2 -3 -6 -2 -5   10   1  27  20   0   1   8  16   4   0   1   6   1   0   0   2   0   0   2   0  0.71 0.40
  369 D   -7 -7 -4  9 -9 -6 -4 -7 -4 -9 -9 -6 -9 -9 -7 -6 -6 -10 -9 -9    0   0   0 100   0   0   0   0   0   0   0   0   0   0   0   0   0   0   0   0  3.25 1.12
  370 H   -8 -6 -5 -7 -9 -5 -6 -8 12 -9 -9 -7 -7 -7 -8 -7 -8 -8 -4 -9    0   0   0   0   0   0   0   0 100   0   0   0   0   0   0   0   0   0   0   0  4.43 1.37
  371 R   -7  9 -6 -7 -9 -4 -5 -8 -6 -8 -8 -3 -7 -8 -7 -6 -6 -8 -7 -8    0 100   0   0   0   0   0   0   0   0   0   0   0   0   0   0   0   0   0   0  3.25 1.13
  372 V   -5 -7 -7 -8 -6 -5 -7 -8 -7  6  0 -6  8 -4 -7 -6 -3 -6 -6  1    0   0   0   0   0   0   0   0   0  45   5   0  40   0   0   0   1   0   0   8  2.05 0.79
  373 A    6 -6 -6 -6 -3 -5 -5  0 -6 -1 -5 -5 -2 -3 -5 -3 -4 -7 -6  1   75   0   0   0   0   0   0   7   0   3   0   0   1   1   0   0   0   0   0  11  1.58 0.71
  374 M   -4 -7 -7 -8 -7 -5 -7 -8 -1 -4 -2 -7 11 -5 -8 -6  0 -7 -6 -5    1   0   0   0   0   0   0   0   2   0   2   0  88   0   0   0   7   0   0   0  3.46 1.20
  375 M    5 -5 -5 -6  6 -5 -5 -4 -6 -5 -4 -5  4 -5 -5  3 -1 -6 -6 -4   48   0   0   0  16   0   0   1   0   0   1   0   9   0   0  21   4   0   0   0  1.34 0.64
  376 S    0 -5 -6 -7 -3 -6 -5  1 -5 -3  3 -6  3  7 -6 -4 -3 -4 -2 -2    8   0   0   0   0   0   1  10   0   1  23   0   6  46   0   1   1   0   0   2  1.20 0.54
  377 S    6 -5 -5 -5 -1 -3 -5 -2 -6 -4 -5 -5 -4 -6 -5  3  0 -4 -4 -3   64   0   0   0   1   1   0   2   0   1   1   0   0   0   0  23   6   0   0   1  1.39 0.67
  378 A   -2 -6 -6 -6 -3 -6 -6 -7 -6  5  3 -6  0 -4  2 -5 -4 -6 -5  4    2   0   0   0   0   0   0   0   0  28  25   0   1   0  12   0   0   0   0  30  1.06 0.49
  379 L    5 -5 -6 -6 -2 -5 -5 -4 -6  1  2 -5 -1 -2 -5 -3 -1 -6 -4  2   47   0   0   0   0   0   0   0   0   8  22   0   1   1   0   0   3   0   0  16  0.91 0.49
  380 A    5 -5 -3 -5 -1 -5 -4  5 -6 -5 -5 -5 -4 -6 -5  2 -3 -6 -6 -4   40   0   1   0   2   0   0  41   0   0   1   0   0   0   0  13   1   0   0   1  1.27 0.60
  381 L   -2 -5 -7 -7  4 -5 -6 -6 -6  1  6 -6  2  0 -6 -4  0 -5 -4 -2    3   0   0   0   7   0   0   0   0   5  68   0   4   4   0   1   5   0   0   2  1.27 0.56
  382 V    1  3 -1 -3  1 -2 -2  0 -2  1  0  2  0 -3 -4  1 -1 -4 -3  1   12  17   2   1   3   0   1   8   1   8   7  12   2   0   0  10   1   0   1  14  0.21 0.20
  383 N    2 -3  0  1  3 -2 -2 -1 -1  0 -2 -2 -2 -2 -2  0  1 -5 -2  3   20   0   5  10   6   1   2   3   1   4   3   1   0   1   2   7   7   0   1  23  0.24 0.22
  384 G   -2 -2 -1  3 -3 -2  2  2 -4 -4 -5 -1 -5 -6  5 -1  0 -6 -6 -4    3   2   2  14   1   2  14  16   0   1   0   3   0   0  32   4   7   0   0   1  0.80 0.42
  385 G   -2 -5 -3 -2 -1 -3 -2  5 -4  2 -1 -4 -2 -3  0 -3 -3 -6 -5  3    1   0   1   2   1   1   3  41   0  14   6   0   1   1   5   1   1   0   0  19  0.67 0.38
  386 V   -3 -1 -3 -4 -3 -2  1 -6 -5  4 -1 -2 -2 -4 -3 -3  3 -6 -3  4    1   4   1   0   0   1   8   0   0  22   5   2   0   0   1   1  20   0   1  33  0.71 0.41
  387 I   -5 -7 -8 -8 -4 -7 -7 -8 -8  8  1 -7 -2 -4 -7 -7 -4 -7 -5  3    0   0   0   0   0   0   0   0   0  73   9   0   0   0   0   0   1   0   0  16  2.01 0.75
  388 T   -2  0  3  3 -3  0  3 -4 -1 -4  0  1 -3 -5 -4 -1  0 -6 -5 -4    4   5  15  18   0   3  24   0   1   1  11   8   0   0   0   3   5   0   0   1  0.51 0.33
  389 S   -4 -1  4  6 -4 -3  0  2  0 -7 -7 -2 -6 -7 -6 -3 -2 -8 -6 -7    0   4  19  50   0   1   5  13   2   0   0   1   0   0   0   1   2   0   0   0  1.36 0.60
  390 A    4 -5 -5 -4 -4 -5 -1 -4 -2  0 -5 -3 -4 -5  6 -1 -2 -4 -2 -1   33   0   0   1   0   0   3   1   1   7   0   1   0   0  40   4   2   0   2   5  1.15 0.56
  391 E    0 -3 -1  2 -6  2  5  2  1 -6 -5  0 -2 -6 -5 -1 -3 -6 -5 -5    9   1   2  12   0   8  37  17   3   0   1   6   1   0   0   3   1   0   0   0  0.75 0.43
  392 C    2 -6 -6 -6  9 -6 -6 -6  1 -5 -5 -6 -5 -6 -6  0  1 -4 -5  2   17   0   0   0  48   0   0   0   4   0   0   0   0   0   0   6   9   0   0  15  1.82 0.72
  393 V   -2 -6 -6 -7  0 -6 -6 -7 -7  2 -3 -6 -2 -4 -6 -5  3 -7 -4  6    3   0   0   0   2   0   0   0   0  11   0   0   0   0   0   0  20   0   0  63  1.56 0.68
  394 G    3  0  3  0 -2 -2 -1  0 -1 -5 -5  0 -3 -4 -3  3  0 -6 -3 -4   24   5  13   6   1   1   3   7   1   0   0   6   0   0   0  27   4   0   1   1  0.51 0.34
  395 K   -5 -3 -5 -5 -7 -4 -4 -6 -6  2 -6  7 -5 -7 -6 -5 -1 -8 -6  2    0   0   0   0   0   0   0   0   0   9   0  74   0   0   0   0   4   0   0  13  1.88 0.80
  396 S   -4 -6 -4 -5 -6 -5 -5 -5 -6 -6 -7 -5 -6 -7 -6  6  6 -8 -6 -6    0   0   0   0   0   0   0   0   0   0   0   0   0   0   0  60  40   0   0   0  1.98 0.88
  397 N   -6 -7 -3 -8 -1 -7 -7 -8 -3 -4  0 -7 -1  7 -8 -5 -6  0  8 -5    0   0   1   0   1   0   0   0   0   0   8   0   1  37   0   1   0   1  49   0  2.20 0.82
  398 P   -6 -8 -8 -7 -8 -6 -5 -8 -8 -8 -8 -6 -8 -5  9 -6 -6 -9 -8 -7    0   0   0   0   0   0   1   0   0   0   0   0   0   1  98   0   0   0   0   0  3.47 1.19
  399 N   -1 -1  3  4 -5  0  1  2  2 -5 -5 -2 -4 -6 -4  0  1 -6 -4 -5    4   4  13  27   0   4   7  18   4   0   1   2   0   0   0   6   9   0   0   0  0.61 0.35
  400 Y   -7 -8 -8 -9 -8 -8 -8 -8 -5 -5 -5 -8 -4  9 -9 -7 -7 -4  6 -6    0   0   0   0   0   0   0   0   0   0   0   0   0  74   0   0   0   0  25   0  2.96 1.00
  401 W   -6 -7 -7 -8 -7 -6 -8 -7 -1 -3 -4 -8 -5  7 -5 -7 -6 10  2 -1    0   0   0   0   0   0   0   0   2   1   1   0   0  45   1   0   0  39   5   5  2.65 0.90
  402 Q    0 -1  1  4 -6  2  5 -4 -2 -5 -5  1 -5 -6 -4  0 -1 -6 -5 -5    8   3   6  21   0   8  35   1   1   0   1   7   0   0   0   6   4   0   0   0  0.80 0.43
  403 D   -1  0 -1  5 -5  2  1 -4  3 -2 -2 -1 -3 -5 -5 -2  0 -6 -3  1    5   5   1  39   0   8   8   0   7   1   4   3   0   0   0   1   5   0   1  10  0.67 0.38
  404 L   -5 -6 -7 -7 -4 -6 -7 -7 -6  0  5 -6  5  5 -7 -6 -5  2  1 -2    0   0   0   0   0   0   0   0   0   4  52   0  15  21   0   0   0   2   5   1  1.40 0.59
  405 L    2  2  0 -1 -4  1  3 -2 -1 -3  0  2 -3 -3 -4  0 -2 -3 -2 -3   19  11   5   2   0   7  18   2   1   1   9  16   0   1   0   5   2   0   1   1  0.32 0.25
  406 S    1  2 -1 -2 -4  1  0  0 -1 -4 -3  3 -1 -5 -3  3  0 -5 -3 -3   12  13   2   2   0   6   4   6   2   0   2  19   1   0   1  22   6   0   1   1  0.39 0.28
  407 L   -1 -5 -6 -7  0 -4 -6 -5 -5  3  5 -6  0 -3 -5 -4 -4 -5 -5  2    6   0   0   0   2   1   0   1   0  15  60   0   2   0   0   1   0   0   0  12  1.12 0.50
  408 N   -2 -2  0 -5 -1 -3 -5  6 -4 -6 -7 -4 -6 -5 -5  2  1 -6 -6 -5    2   2   4   0   1   1   0  65   0   0   0   0   0   0   0  16   8   0   0   0  1.42 0.58
  409 A    3 -4 -3 -4  1 -2 -3  4 -3 -1 -3 -2 -3  4 -4 -2 -3 -4 -2  1   25   0   0   0   3   2   1  30   0   4   1   2   0  16   0   1   0   0   1  11  0.59 0.34
  410 K   -2  2  2  1 -2  2  1 -2  0 -2 -3  4 -2 -4 -1  0 -1 -5 -3 -3    1  12   9   8   1  11  10   2   2   3   1  26   1   0   2   5   3   0   0   1  0.40 0.24
  411 I   -3 -6 -6 -6 -3 -5 -6 -7 -6  6  1 -6  1 -1 -6 -5 -3 -5 -3  5    1   0   0   0   0   0   0   0   0  47   8   0   3   2   0   0   0   0   1  38  1.32 0.50
  412 S   -3  0  1  2 -5  2  5 -4  2 -3 -5 -1 -3 -5 -4  1  1 -5 -4 -3    1   5   6  10   0   7  40   0   5   1   0   1   1   0   0  11  11   0   0   1  0.68 0.34
  413 I   -2  0 -3 -4 -2 -2  0 -4 -3  3  2 -2  0 -1 -3 -3 -2 -4 -1  4    1   6   1   0   1   1   9   0   0  19  24   1   1   1   1   0   1   0   1  32  0.39 0.20
  414 E   -3 -1 -1  3 -5  4  6 -4  0 -5 -4  1 -3 -5 -3 -2 -2 -4 -3 -4    0   0   0  13   0  22  57   0   2   0   0   5   0   0   0   0   0   0   0   0  1.03 0.28

                      K         Lambda
Standard Ungapped    0.1371     0.3179
Standard Gapped      0.0410     0.2670
PSI Ungapped         0.2159     0.3175
PSI Gapped           0.0661     0.2670
