
Last position-specific scoring matrix computed, weighted observed percentages rounded down, information per position, and relative weight of gapless real matches to pseudocounts
           A  R  N  D  C  Q  E  G  H  I  L  K  M  F  P  S  T  W  Y  V   A   R   N   D   C   Q   E   G   H   I   L   K   M   F   P   S   T   W   Y   V
    1 M   -1 -1 -2 -3 -1  0 -2 -3 -1  1  2 -1  5  0 -2 -1 -1 -1 -1  1    0   0   0   0   0   0   0   0   0   0   0   0   0   0   0   0   0   0   0   0  0.00    0.00
    2 S    1 -1  1  0 -1  0  0  0 -1 -2 -2  0 -1 -2 -1  4  1 -3 -2 -2    0   0   0   0   0   0   0   0   0   0   0   0   0   0   0   0   0   0   0   0  0.00    0.00
    3 Q   -1  0  0  1 -4  4  4 -2  0 -3 -3  1 -1 -3 -1  0 -1 -3 -2 -2    0   0   0   0   0  38  62   0   0   0   0   0   0   0   0   0   0   0   0   0  0.63 0.01
    4 K    1  1  0 -1 -2  4  1 -1  0 -3 -2  3 -1 -3 -1  1  0 -3 -2 -2   14   0   0   0   0  43   0   0   0   0   0  28   0   0   0  14   0   0   0   0  0.37 0.02
    5 V   -1 -3 -3 -3 -1 -3 -3 -4 -3  4  1 -3  1 -1 -3 -2 -1 -3 -1  4    0   0   0   0   0   0   0   0   0  46   0   0   0   0   0   0   0   0   0  54  0.43 0.04
    6 L   -2 -3 -3 -4 -2 -3 -3 -4 -2  0  2 -3  0  6 -4 -3 -2  0  2 -1    0   0   0   0   0   0   0   0   0   0  22   0   0  78   0   0   0   0   0   0  0.70 0.05
    7 P   -1 -3 -2 -2 -3 -2 -1 -3 -3 -3 -3 -1 -3 -4  8 -1 -1 -4 -3 -3    0   0   0   0   0   0   0   0   0   0   0   0   0   0 100   0   0   0   0   0  2.18 0.07
    8 T    0 -1  0 -1 -1 -1 -1 -1 -2 -1 -2 -1 -1 -3 -1  3  4 -3 -2 -1    0   0   0   0   0   0   0   0   0   0   0   0   0   0   0  32  68   0   0   0  0.49 0.05
    9 K   -2  6 -1 -2 -4  1  0 -2 -1 -3 -3  3 -2 -3 -2 -1 -1 -3 -2 -3    0  78   0   0   0   0   0   0   0   0   0  22   0   0   0   0   0   0   0   0  0.76 0.05
   10 I    2 -1 -2 -2 -1  2 -1 -2 -2  2  0 -1  3 -1 -2  0 -1 -2 -2  1   32   0   0   0   0  19   0   0   0  22   0   0  26   0   0   0   0   0   0   0  0.16 0.03
   11 N    1 -1  5  0 -2 -1 -1 -1  0 -1 -2 -1 -1 -3 -2  1  1 -3 -2  0   23   0  54   0   0   0   0   0   0   0   0   0   0   0   0   0  12   0   0  10  0.35 0.03
   12 L    1 -2 -2 -3 -1 -2 -2 -2 -2  1  3 -2  1  0 -2  1 -1 -2 -1  0   16   0   0   0   0   0   0   0   0   0  68   0   0   0   0  16   0   0   0   0  0.25 0.03
   13 I    0 -2 -1 -2 -1 -2 -2  2 -3  2  0 -2  0 -1 -2  0  1 -3 -2  2    0   0   0   0   0   0   0  19   0  22   0   0   0   0   0  12  14   0   0  32  0.16 0.02
   14 Q   -1 -1 -1 -2 -2  2 -1 -2 -1  0  2 -1  1 -1 -2  1  1 -2 -2  0    0   0   0   0   0  22   0   0   0   0  45   0   0   0   0  19  14   0   0   0  0.17 0.02
   15 F    0 -2 -2 -3 -2 -1 -2 -3 -2  0  1 -2  5  3 -3 -1  0 -1  0  0   10   0   0   0   0   0   0   0   0   0   0   0  58  22   0   0  10   0   0   0  0.31 0.05
   16 R   -1  3  0 -1 -3  1  0 -2 -1 -3 -3  4 -2 -3 -1  1 -1 -3 -2 -2    0  22   0   0   0   0   0   0   0   0   0  62   0   0   0  16   0   0   0   0  0.49 0.04
   17 R   -1  2  2 -1 -3  2  0  1  3 -3 -3  0 -1 -3 -2  0  1 -3 -1 -2    0  22  14   0   0  16   0  12  16   0   0   0   0   0   0   0  19   0   0   0  0.28 0.02
   18 Q   -1  5  0 -1 -3  3  1 -2  0 -3 -3  3 -1 -3 -2 -1 -1 -3 -2 -3    0  49   0   0   0  22   0   0   0   0   0  28   0   0   0   0   0   0   0   0  0.59 0.04
   19 L   -1 -3 -4 -4 -1 -2 -3 -4 -3  2  4 -3  2  0 -3 -3 -1 -2 -1  2    0   0   0   0   0   0   0   0   0  16  68   0   0   0   0   0   0   0   0  16  0.42 0.03
   20 R   -1  3 -1 -2 -3  0  0 -2 -1 -1  1  3  0 -2 -2 -1 -1 -3 -2 -1    0  22   0   0   0   0   0   0   0   0  32  46   0   0   0   0   0   0   0   0  0.29 0.03
   21 L    2 -2 -1 -2 -2 -2 -2  4 -2 -1  1 -2 -1 -2 -2  0 -1 -3 -2 -1   32   0   0   0   0   0   0  46   0   0  22   0   0   0   0   0   0   0   0   0  0.37 0.03
   22 I    3 -2 -2 -2 -1 -1 -2  2 -2  1 -1 -1 -1 -2 -2  0 -1 -3 -2  0   61   0   0   0   0   0   0  16   0  22   0   0   0   0   0   0   0   0   0   0  0.27 0.03
   23 T   -1  1  0 -1 -3  4  1 -2  0 -2 -2  3 -1 -3 -1  0  2 -3 -2 -2    0   0   0   0   0  46   0   0   0   0   0  32   0   0   0   0  22   0   0   0  0.44 0.04
   24 V   -1  3 -1 -2 -2  2  0 -2 -1  0 -1  2 -1 -2 -2  0  2 -3 -2  1    0  32   0   0   0  12   0   0   0   0   0  14   0   0   0   0  19   0   0  22  0.24 0.02
   25 I    0 -3 -1 -2 -2 -2 -3  5 -3  1 -2 -2 -2 -2 -3 -1 -2 -3 -3 -1    0   0   0   0   0   0   0  78   0  22   0   0   0   0   0   0   0   0   0   0  0.71 0.04
   26 K   -1  2 -1 -2 -3  0 -1 -3  6  1 -1  2 -1 -2 -2 -1 -1 -3  0  1    0  12   0   0   0   0   0   0  39  14   0  20   0   0   0   0   0   0   0  14  0.30 0.04
   27 R    0  3  3  0 -2  0  0 -1  0 -3 -3  1 -2 -3 -2  3  0 -3 -2 -3    0  35  27   0   0   0   0   0   0   0   0   0   0   0   0  39   0   0   0   0  0.43 0.04
   28 L   -2 -3 -4 -4 -2 -3 -3 -4 -3  1  5 -3  2  0 -3 -3 -2 -2 -1  1    0   0   0   0   0   0   0   0   0   0 100   0   0   0   0   0   0   0   0   0  0.61 0.06
   29 L   -2 -3 -4 -4 -2 -3 -3 -4 -3  1  5 -3  2  0 -3 -3 -2 -2 -1  1    0   0   0   0   0   0   0   0   0   0 100   0   0   0   0   0   0   0   0   0  0.61 0.06
   30 E   -1  1 -1 -1 -3  1  2 -2 -1 -2 -2  4  2 -3 -2 -1 -1 -3 -2 -2    0   0   0   0   0   0  20   0   0   0   0  65  14   0   0   0   0   0   0   0  0.43 0.05
   31 N   -1  4  3 -1 -3  1  0 -2  0 -3 -3  4 -2 -3 -2  0 -1 -3 -2 -3    0  40  20   0   0   0   0   0   0   0   0  40   0   0   0   0   0   0   0   0  0.54 0.04
   32 K   -1  2 -1 -1 -4  1  0 -2 -1 -3 -3  5 -2 -4 -1 -1 -1 -3 -2 -3    0   0   0   0   0   0   0   0   0   0   0 100   0   0   0   0   0   0   0   0  0.73 0.08
   33 R    2  4 -1 -2 -2  0 -1 -1 -1 -3 -2  1 -2 -3 -2  2  0 -3 -2 -2   28  49   0   0   0   0   0   0   0   0   0   0   0   0   0  23   0   0   0   0  0.41 0.04
   34 E   -2 -1  1  6 -4  0  3 -2 -1 -4 -4  0 -3 -4 -2 -1 -1 -4 -3 -3    0   0   0  69   0   0  31   0   0   0   0   0   0   0   0   0   0   0   0   0  0.88 0.06
   35 V    4 -2 -2 -2 -1 -1 -1 -1 -2  0 -1 -1 -1 -2 -1  1  0 -3 -2  1   80   0   0   0   0   0   0   0   0   0   0   0   0   0   0   0   0   0   0  20  0.39 0.05
   36 L   -2 -3 -4 -4 -2 -3 -3 -4 -3  3  4 -3  2  0 -3 -3 -1 -2 -1  1    0   0   0   0   0   0   0   0   0  29  71   0   0   0   0   0   0   0   0   0  0.48 0.04
   37 L   -1 -2  0  3 -2 -1  0 -2 -2 -1  1 -1 -1 -2 -2  1  3 -3 -2 -1    0   0   0  29   0   0   0   0   0   0  20   0   0   0   0  11  39   0   0   0  0.27 0.04
   38 L   -1  0 -2 -3 -2 -1 -1 -3 -2  1  3  2  4 -1 -2 -2 -1 -2 -1  0    0   0   0   0   0   0   0   0   0   0  44  27  29   0   0   0   0   0   0   0  0.27 0.04
   39 Y   -2  5 -1 -2 -3  1  0 -3  0 -3 -2  3 -2 -1 -2 -1 -1 -1  3 -2    0  51   0   0   0   0   0   0   0   0   0  29   0   0   0   0   0   0  20   0  0.54 0.05
   40 L   -2 -3 -4 -4 -2 -3 -3 -4 -2  1  3 -3  1  5 -4 -3 -2  0  1  0    0   0   0   0   0   0   0   0   0   0  49   0   0  51   0   0   0   0   0   0  0.55 0.05
   41 R   -2  6 -1 -2 -4  1 -1 -3 -1 -4 -3  2 -2 -3 -3 -1 -2 -3 -2 -3    0 100   0   0   0   0   0   0   0   0   0   0   0   0   0   0   0   0   0   0  1.00 0.08
   42 T   -1 -1  0  2 -2  2  3 -2 -1 -2 -2  0 -2 -3 -1  1  3 -3 -2 -2    0   0   0  14   0  12  25   0   0   0   0   0   0   0   0  11  37   0   0   0  0.37 0.03
   43 Y   -2 -3 -3 -4 -2 -3 -3 -4 -2  3  2 -3  1  1 -3 -3 -1 -1  3  1    0   0   0   0   0   0   0   0   0  51  29   0   0   0   0   0   0   0  20   0  0.37 0.04
   44 A    1  0 -1 -2 -2  0 -1 -2 -2 -1  1  2  0 -2 -2  0  2 -3 -2  0   20   0   0   0   0   0   0   0   0   0  24  29   0   0   0   0  27   0   0   0  0.16 0.03
   45 S    1  0  0 -1 -2  2  0  1  3 -3 -3  2 -2 -3 -1  1  0 -3 -1 -2   14   0   0   0   0  11   0  11  17   0   0  27   0   0   0  20   0   0   0   0  0.26 0.03
   46 Q    0  2  2 -1 -3  4  1 -1  0 -3 -3  3 -1 -3 -2  0 -1 -3 -2 -2   11  11  14   0   0  35   0   0   0   0   0  29   0   0   0   0   0   0   0   0  0.40 0.04
   47 Y   -2 -3 -3 -3 -2 -2 -3 -4 -1  3  1 -3  2  3 -3 -2 -1  0  3  1    0   0   0   0   0   0   0   0   0  51   0   0  14  14   0   0   0   0  20   0  0.36 0.04
   48 E    0 -2 -1  3 -2  0  2 -2 -2  2 -1 -1 -1 -2 -2 -1 -1 -3 -2  1   14   0   0  27   0   0  20   0   0  24   0   0   0   0   0   0   0   0   0  14  0.19 0.03
   49 K    0  2  0  3 -3  1  3 -2 -1 -3 -3  2 -2 -3 -1  0 -1 -3 -2 -2   14  11   0  25   0   0  29   0   0   0   0  20   0   0   0   0   0   0   0   0  0.39 0.03
   50 I    2 -1 -1 -2 -1 -1 -1 -1 -2  1  0  1  2 -2 -2  1  1 -3 -2  0   27   0   0   0   0   0   0   0   0  20   0  14  14   0   0  11  12   0   0   0  0.12 0.02
   51 Y   -1  1  0  2 -3  0  0  1  0 -3 -3  3 -2 -1 -2 -1 -1 -1  3 -3    0   0   0  14   0   0   0  14   0   0   0  51   0   0   0   0   0   0  20   0  0.32 0.04
   52 N   -1  3  3  2 -3  1  2 -2  0 -2 -2  1  1 -3 -2  0 -1 -3 -2 -2    0  27  20  14   0   0  26   0   0   0   0   0  12   0   0   0   0   0   0   0  0.35 0.03
   53 E   -1  1 -1 -1 -3  1  2 -2 -1 -1  0  3  2 -2 -2  1 -1 -3 -2 -1    0   0   0   0   0   0  20   0   0   0  12  42  14   0   0  11   0   0   0   0  0.23 0.03
   54 V    1 -2 -3 -3 -1 -1 -2 -3 -2  1  2 -2  5 -1 -3 -1 -1 -2 -1  2   14   0   0   0   0   0   0   0   0   0  14   0  51   0   0   0   0   0   0  20  0.32 0.05
   55 N   -1 -2  3  3 -3 -1  0  4 -1 -4 -4 -1 -3 -4 -2  0 -1 -3 -3 -3    0   0  20  29   0   0   0  51   0   0   0   0   0   0   0   0   0   0   0   0  0.66 0.04
   56 E   -1  2  0  4 -4  1  4 -2 -1 -3 -3  1 -2 -4 -2 -1 -1 -3 -2 -3    0  19   0  29   0   0  44   0   0   0   0   8   0   0   0   0   0   0   0   0  0.57 0.04
   57 E    0 -2 -2 -1 -1 -1  1 -3 -2  1  0 -1  0 -2 -2  1  0 -3 -2  3    0   0   0   0   0   0  20   0   0   0   0   0   0   0   0  14   0   0   0  65  0.23 0.04
   58 M   -1 -2 -3 -4 -2 -1 -3 -3 -2  1  2 -2  7  0 -3 -2 -1 -2 -1  0    0   0   0   0   0   0   0   0   0   0  14   0  86   0   0   0   0   0   0   0  0.65 0.09
   59 K   -1  5 -1 -1 -4  3  1 -2  0 -3 -3  3 -1 -3 -2 -1 -1 -3 -2 -3    0  53   0   0   0  27   0   0   0   0   0  20   0   0   0   0   0   0   0   0  0.64 0.05
   60 K   -1  0  2  0 -3  2  3 -2 -1 -1  0  2 -1 -2 -2  0 -1 -3 -2  0    0   0  14   0   0  17  27   0   0   0  11  20   0   0   0   0   0   0   0  11  0.23 0.03
   61 V    4 -2 -2 -2 -1 -1 -1 -1 -2  0 -1 -1 -1 -2 -1  1  0 -3 -2  1   80   0   0   0   0   0   0   0   0   0   0   0   0   0   0   0   0   0   0  20  0.39 0.05
   62 Y    2 -2 -1 -2 -1 -1 -2 -1 -1  2 -1 -1  0  0 -2  2  0 -1  3  0   23   0   0   0   0   0   0   0   0  29   0   0   0   0   0  28   0   0  20   0  0.17 0.03
   63 E   -2 -2 -3 -2 -3 -2  1 -3 -1 -1  0 -2 -1  6 -3 -2 -2  0  2 -1    0   0   0   0   0   0  20   0   0   0   0   0   0  80   0   0   0   0   0   0  0.68 0.07
   64 S    1 -1  0 -1 -1  0 -1 -1 -1 -3 -3 -1 -2 -3 -1  5  1 -3 -2 -2    0   0   0   0   0   0   0   0   0   0   0   0   0   0   0 100   0   0   0   0  0.64 0.08
   65 Y   -1 -2 -3 -4 -2 -2 -3 -4 -1  1  3 -2  3  1 -3 -2 -1 -1  3  1    0   0   0   0   0   0   0   0   0   0  51   0  14   0   0   0   0   0  20  14  0.35 0.04
   66 L    3 -2 -2 -2 -1 -1 -1 -1 -2 -1  1 -1  0 -2 -1  1  1 -3 -2  0   65   0   0   0   0   0   0   0   0   0  20   0   0   0   0   0  14   0   0   0  0.28 0.04
   67 Q   -1  1  0  0 -4  3  4 -2  0 -3 -3  3 -2 -4 -1  0 -1 -3 -2 -3    0   0   0   0   0  20  51   0   0   0   0  29   0   0   0   0   0   0   0   0  0.59 0.05
   68 A    4 -2 -2 -2 -1 -1 -2 -1 -2  0 -1 -1 -1 -2 -1  0  0 -3 -2  2   73   0   0   0   0   0   0   0   0   0   0   0   0   0   0   0   0   0   0  27  0.36 0.05
   69 V   -1  0  3 -1 -2  3  0 -2 -1  0 -1  1 -1 -2 -2  0  0 -3 -2  2    0   0  29   0   0  27   0   0   0   0   0  12   0   0   0   0   0   0   0  32  0.23 0.04
   70 A    2 -2 -3 -3 -2 -2 -2 -2 -1  0  2 -2  0  2 -2 -1 -1  0  4  0   32   0   0   0   0   0   0   0   0   0  29   0   0  12   0   0   0   0  27   0  0.26 0.03
   71 S    2 -2 -1 -2 -1 -1 -1  1 -2 -1  1 -1  0 -1 -2  1  1 -2 -2  0   27   0   0   0   0   0   0  11   0   0  29   0   0   0   0  20  12   0   0   0  0.16 0.02
   72 E    1 -1  0  2 -2  0  2  3 -2 -2 -3 -1 -2 -3 -2  0  2 -3 -2 -2   12   0   0  11   0   0  20  29   0   0   0   0   0   0   0   0  27   0   0   0  0.32 0.03
   73 G    1 -2 -1 -2 -2 -2 -2  5 -2 -2 -2 -2 -2  1 -2  0  1 -2 -1 -2   14   0   0   0   0   0   0  60   0   0   0   0   0  11   0   0  14   0   0   0  0.53 0.04
   74 I   -1 -2  0  5 -2 -1  0 -2 -2  2 -1 -1 -1 -2 -2  0 -1 -4 -2  0    0   0   0  52   0   0   0   0   0  37   0   0   0   0   0  11   0   0   0   0  0.37 0.05
   75 S   -1 -2  1 -1 -2 -1 -2  1  3 -2 -1 -2 -1  4 -3  1 -1 -1  1 -2    0   0  11   0   0   0   0  17  11   0   0   0   0  41   0  20   0   0   0   0  0.27 0.04
   76 N   -1  0  2 -1 -2  0 -1  1  0  0 -2  2 -1 -1 -2  1 -1 -1  2 -1    0   0  20   0   0   0   0  11   0  11   0  29   0   0   0  12   0   0  17   0  0.17 0.03
   77 I    0 -2 -2 -2 -2 -2 -2 -2 -3  2  0 -2  0 -2  4 -1  1 -3 -2  2   11   0   0   0   0   0   0   0   0  37   0   0   0   0  29   0  12   0   0  11  0.43 0.03
   78 E   -1 -1 -1 -1 -2  2  2 -3 -1  1  1 -1  0 -1 -2 -1  1 -2  1  1    0   0   0   0   0  14  20   0   0  11  14   0   0   0   0   0  12   0  11  17  0.12 0.02
   79 E   -1  0 -1  0 -2  3  3 -2 -1 -1 -1  0  2 -2 -2  0  1 -3 -2  0    0   0   0   0   0  27  32   0   0   0   0   0  14   0   0   0  14   0   0  12  0.28 0.04
   80 M   -1 -2 -2 -2 -2 -1  1 -3 -2  2  0 -1  3 -1 -2  0  0 -3 -2  3    0   0   0   0   0   0  17   0   0  12   0   0  20   0   0  11   0   0   0  40  0.17 0.03
   81 A    2 -1 -1 -1 -1  2  0  2 -1 -2 -2  0 -1 -3 -1  2  1 -3 -2 -1   32   0   0   0   0  23   0  14   0   0   0   0   0   0   0  17  14   0   0   0  0.28 0.03
   82 L   -1 -1  1  2 -2  0  1 -2 -1  0  1  1  0 -2 -2  1  0 -3 -2  1    0   0  12  14   0   0  11   0   0   0  20  11   0   0   0  14   0   0   0  17  0.10 0.02
   83 S    0 -1  0 -1 -1  2  0 -1 -1  0 -1  0 -1 -2 -1  3  1 -2 -1  1    1   1   1   1   0  15   1   1   0   1   1   1   0   1   1  46   1   0   1  25  0.18 0.03
   84 Q    0  2  1 -1 -3  4  1 -2  0 -3 -3  3 -1 -3 -2  0 -1 -3 -2 -2   10  13  10   0   0  40   0   0   0   0   0  27   0   0   0   0   0   0   0   0  0.43 0.04
   85 K   -1  1  2 -1 -3  1  0 -1 -1 -3 -3  4 -2 -3 -1  1  1 -3 -2 -2    0   0  12   0   0   0   0   0   0   0   0  61   0   0   0  14  13   0   0   0  0.40 0.05
   86 P    4 -2 -2 -2 -1 -1 -1  0 -2 -2 -2 -1 -1 -2  3  1  0 -3 -2 -1   73   1   0   1   0   0   1   1   0   1   1   1   0   0  18   1   1   0   0   1  0.49 0.05
   87 S    0  1  0 -1 -1  1  0 -1 -1 -2 -2  0 -1 -2 -1  3  3 -2 -2 -1    1  10   0   1   0  11   1   1   0   1   1   1   0   0   1  45  26   0   0   1  0.31 0.04
   88 L   -1 -2 -2 -3 -2 -2 -2 -3 -2  1  2 -2  1  3 -3 -1  2 -1  0  2    0   0   0   0   0   0   0   0   0   0  30   0   0  24   0   0  26   0   0  20  0.24 0.03
   89 E   -1  2 -1 -1 -3  2  2 -2  0 -2 -2  3 -1  2 -2 -1 -1 -1  2 -2    0  17   0   0   0  10  18   0   0   0   0  30   0  13   0   0   0   0  13   0  0.31 0.03
   90 V   -1 -3 -3 -4 -1 -3 -3 -4 -3  3  2 -3  1 -1 -3 -2 -1 -3 -1  4    0   0   0   0   0   0   0   0   0  10  26   0   0   0   0   0   0   0   0  64  0.40 0.04
   91 N   -2  5  2 -1 -3  0 -1 -2 -1 -2  0  2 -1 -3 -2 -1 -1 -3 -2 -2    0  59  18   0   0   0   0   0   0   0  13  10   0   0   0   0   0   0   0   0  0.48 0.05
   92 S    2  2  0 -1 -1  0  0 -1 -1 -2 -2  1 -1 -3 -1  2  1 -3 -2 -1   35  13   0   0   0   0   0   0   0   0   0  13   0   0   0  30  10   0   0   0  0.28 0.03
   93 A    1  3 -1 -1 -2  1  0 -2 -1 -2 -2  3 -1 -3 -1  0  1 -3 -2 -2   18  25   0   0   0   0   0   0   0   0   0  44   0   0   0   0  13   0   0   0  0.38 0.04
   94 I   -1  0 -1 -1 -3  5  1 -2 -1  1 -1  1  0 -3 -2 -1  1 -3 -2 -1    0   0   0   0   0  62   0   0   0  18   0  10   0   0   0   0  10   0   0   0  0.42 0.06
   95 K   -1  0  0  3 -3  2  3 -2 -1 -2 -2  2  1 -3 -2 -1 -1 -3 -2 -2    0   0   0  20   0  13  36   0   0   0   0  18  13   0   0   0   0   0   0   0  0.41 0.04
   96 V   -1  0  5  0 -3  0 -1 -1  0 -1 -2  2 -2 -3 -2  0  0 -4 -2  0    0   0  57   0   0   0   0   0   0   0   0  26   0   0   0   0   0   0   0  18  0.41 0.05
   97 I   -1 -3 -3 -4 -1 -3 -3 -4 -4  4  1 -3  1 -1 -3 -2 -1 -3 -2  4    0   0   0   0   0   0   0   0   0  43   0   0   0   0   0   0   0   0   0  57  0.47 0.05
   98 F    2 -2 -1 -2 -1 -1 -2 -1 -2  0 -1 -1 -1  2 -2  2  0 -2  0  2   32   0   0   0   0   0   0   0   0   0   0   0   0  18   0  24   0   0   0  26  0.18 0.03
   99 G    0 -3 -1 -2 -3 -2 -3  6 -2 -4 -4 -2 -3 -4 -3 -1 -2 -3 -4 -4    0   0   0   0   0   0   0 100   0   0   0   0   0   0   0   0   0   0   0   0  1.24 0.07
  100 V   -1 -3 -3 -4 -1 -3 -3 -4 -4  2  0 -3  0 -1 -3 -2  0 -3 -2  5    0   0   0   0   0   0   0   0   0   0   0   0   0   0   0   0   0   0   0 100  0.56 0.07
  101 K   -1  0 -1 -2 -2  0 -1 -2 -1  1 -1  3 -1 -1 -2  0  3 -2  1  0    0   0   0   0   0   0   0   0   0  14   0  40   0   0   0   0  36   0  10   0  0.23 0.04
  102 V   -1 -3 -4 -4 -1 -3 -3 -4 -3  2  3 -3  1  0 -3 -2 -1 -2 -1  3    0   0   0   0   0   0   0   0   0  13  57   0   0   0   0   0   0   0   0  30  0.41 0.04
  103 P   -1 -2  3 -1 -3 -1 -1 -2 -2 -3 -3 -1 -3 -4  7 -1 -1 -4 -3 -3    0   0  26   0   0   0   0   0   0   0   0   0   0   0  74   0   0   0   0   0  1.54 0.08
  104 T    1 -2 -1 -2 -1 -1 -2 -2 -1  0 -1 -1  0 -1 -2  1  2 -2  2  2   14   0   0   0   0   0   0   0   0   0   0   0   0   0   0  12  28   0  13  33  0.19 0.03
  105 I   -2 -3 -3 -3 -2 -3 -3 -3 -2  2  1 -3  0  5 -3  0 -1  0  2  0    0   0   0   0   0   0   0   0   0  18  13   0   0  57   0  12   0   0   0   0  0.43 0.05
  106 R   -1  2  2  2 -4  1  4 -2  0 -4 -3  1 -2 -4 -2  0 -1 -3 -2 -3    0  18  12  13   0   0  57   0   0   0   0   0   0   0   0   0   0   0   0   0  0.58 0.05
  107 L    0 -2 -2 -3 -1 -2 -2 -3  2  2  3 -2  2  0 -3 -2 -1 -2 -1  1   14   0   0   0   0   0   0   0  10  12  53   0  10   0   0   0   0   0   0   0  0.25 0.03
  108 D   -1 -1  2  4 -3  0  3 -2  0 -3 -3  0 -3 -2 -2  1 -1 -2  1 -3    0   0  10  42   0   0  26   0   0   0   0   0   0   0   0  12   0   0  10   0  0.50 0.04
  109 K   -1  1  0 -1 -2  3  1 -2 -1  0 -2  3 -1 -3 -1  1  1 -3 -2 -1    0   0   0   0   0  22  10   0   0  13   0  32   0   0   0  10  13   0   0   0  0.25 0.03
  110 S    0  0  0  2 -2  1  2 -1 -1 -3 -3  2 -2 -3 -1  3  0 -3 -2 -2    0   0   0  14   0   0  20   0   0   0   0  25   0   0   0  41   0   0   0   0  0.38 0.04
  111 T   -1 -1 -1  1 -2 -1 -1  2 -2  0 -1  1 -1 -2 -2  0  2 -3 -2  0    0   0   0  13   0   0   0  23   0  10   0  14   0   0   0   0  28   0   0  12  0.16 0.03
  112 I   -1 -2  1 -2 -2 -1 -2  1 -2  1  0 -2  2  1 -2  1  1 -2 -1  1    0   0  10   0   0   0   0  10   0  18   0   0  13  10   0  14  12   0   0  13  0.08 0.02
  113 P   -1 -2  3  3 -3  0  1  1 -1 -3 -3 -1 -3 -4  4  0 -1 -4 -3 -3    0   0  20  20   0   0  10  13   0   0   0   0   0   0  30   7   0   0   0   0  0.60 0.03
  114 A    3  1 -1 -2 -1 -1 -1  2 -2 -1  0 -1 -1  1 -2  1 -1 -2 -1 -1   43  12   0   0   0   0   0  14   0   0  10   0   0  10   0  10   0   0   0   0  0.17 0.03
  115 K    1  0 -1 -2 -2  2  0 -2 -1 -1 -1  2  1  2 -2  0  0 -1  2 -1   17   0   0   0   0  13   0   0   0   0   0  28  12  13   0   0   7   0  10   0  0.15 0.03
  116 P   -1 -1 -2 -1 -3  2  1  0 -2 -3 -2 -1  1 -3  6 -1 -1 -3 -3 -2    0   0   0   0   0  14  10  10   0   0   0   0  10   0  56   0   0   0   0   0  0.98 0.05
  117 F   -1 -2 -2 -3 -2 -2 -2  1 -2  0  2 -2  1  2 -3  0  0 -1  0  0    0   0   0   0   0   0   0  14   0   0  46   0   0  18   0  12  10   0   0   0  0.17 0.03
  118 S    1  1  0 -1 -1 -1 -1  1 -1 -1 -2  0 -1 -2 -1  3  1 -3 -2  0   13  12   0   0   0   0   0  10   0   0   0   0   0   0   0  42  10   0   0  13  0.22 0.03
  119 D   -1 -2  0  3 -3 -1 -1  4 -2 -2 -1 -1 -2 -2 -2 -1 -1 -3 -3 -2    1   1   0  31   0   0   1  51   0   1  11   1   0   0   1   1   1   0   0   1  0.49 0.04
  120 V    0 -2 -2 -3 -1 -2 -2  1 -2  1  2 -2  0  0 -2 -1 -1  5 -1  1    8   1   0   1   0   0   1  18   0   1  37   1   0   0   1   1   1  12   0  19  0.22 0.02
  121 E   -1  1  2  0 -3  1  3 -2 -1 -3 -3  1 -2 -3  2  1 -1 -3 -2 -3    0  10  13   0   0   0  43   0   0   0   0  10   0   0  12  13   0   0   0   0  0.44 0.04
  122 T   -1 -2 -1 -1  5  1  1  2 -2 -2 -2 -1 -1  2 -2  0  1 -2 -1 -2    0   0   0   0  26  10  12  20   0   0   0   0   0  14   0   0  18   0   0   0  0.27 0.04
  123 S    1 -2 -1 -2 -2 -2 -2  4 -2 -1  0 -1 -1 -2 -2  1 -1 -3 -2  0   14   0   0   0   0   0   0  45   0   0  10   0   0   0   0  18   0   0   0  12  0.34 0.03
  124 P    1  0 -1 -1 -2  4  0  1 -1 -3 -3  0 -1 -3  3  0 -1 -3 -2 -2   22   0   0   0   0  47   0  13   0   0   0   0   0   0  18   0   0   0   0   0  0.47 0.05
  125 Y   -1  0  2 -1 -3  4  0 -2  3  0 -2  1 -1 -1 -2 -1 -1 -1  3 -1    0   0  12   0   0  37   0   0  10  13   0  10   0   0   0   0   0   0  18   0  0.28 0.04
  126 L   -1  0 -3 -3 -1 -2 -2 -3 -3  2  2 -2  1 -1 -3 -2 -1 -3 -1  3    0  11   0   0   0   0   0   0   0   8  35   0   0   0   0   0   0   0   0  45  0.26 0.02
  127 S    2  0  2 -1 -1  1  0  0 -1 -2 -2  1 -1 -3 -1  3  0 -3 -2 -2   29   0  12   0   0   8   0   0   0   0   0   8   0   0   0  44   0   0   0   0  0.31 0.02
  128 E   -1  3  0  0 -3  1  2 -2 -1 -3 -2  3 -1 -3 -1  0 -1 -3 -2 -2    1  28   1   1   0   0  20   1   0   1   1  42   0   0   1   1   1   0   0   1  0.43 0.02
  129 S    2 -2  1 -1 -1 -1 -1 -1 -2  1  0 -1  0 -2 -2  2  1 -3 -2  1   21   0   8   0   0   0   0   0   0  12   8   0   0   0   0  31   8   0   0  13  0.14 0.01
  130 Y   -2  4 -1 -2 -3  0 -1 -3  0 -2 -2  2 -1  1 -2 -1 -1  0  5 -2    0  46   0   0   0   0   0   0   0   0   0  15   0   0   0   0   0   0  39   0  0.52 0.04
  131 E    0  1 -1  0 -2  1  3 -2 -1 -1  0  0  1 -2 -2  0  1 -3 -2  0    8   8   0   0   0   0  44   0   0   0   8   0   8   0   0   0  13   0   0  11  0.21 0.02
  132 E    0  0  3  0 -2  0  2 -1 -1 -1 -2  2 -1 -3 -2  0  0 -3 -2  1   12   0  29   0   0   0  20   0   0   0   0  19   0   0   0   0   0   0   0  21  0.19 0.02
  133 M    1 -2 -2 -3 -2 -1 -2 -2  0 -1  0 -2  3  3 -3 -1 -1  1  5 -1   19   0   0   0   0   0   0   0   0   0   0   0  20  13   0   0   0   0  48   0  0.43 0.04
  134 T    0 -1 -1 -2 -1  1 -1 -2 -2  2  1 -1  0 -1 -2  0  3 -3 -2  1    8   0   0   0   0  13   0   0   0  19  12   0   0   0   0   0  40   0   0   8  0.18 0.02
  135 E   -1  1  0  2 -4  3  4 -2  0 -3 -3  1 -2 -3 -1  0 -1 -3 -2 -3    0   8   0  13   0  13  59   0   0   0   0   8   0   0   0   0   0   0   0   0  0.59 0.03
  136 A    4 -2 -2 -2 -1 -1 -1  0 -2  0  0 -1 -1 -2 -1  1  0 -3 -2  1   81   0   0   0   0   0   0   0   0   0   8   0   0   0   0   0   0   0   0  11  0.35 0.04
  137 L   -1 -3 -4 -4 -1 -2 -3 -4 -3  2  4 -3  2  0 -3 -3 -1 -2 -1  2    0   0   0   0   0   0   0   0   0   8  77   0   0   0   0   0   0   0   0  15  0.44 0.03
  138 N   -1  1  3  1 -2  1  2 -1  0 -2 -2  3 -2 -2 -1  0  0 -2 -2 -2    2   1  34   1   0   1  17   1   0   1   2  34   0   1   1   1   1   0   1   1  0.32 0.02
  139 K    0  0 -1 -1 -1  0 -1 -2 -1  0  2  1  0 -1 -1  0  1 -2 -1  1    2   1   1   1   0   1   1   1   0   1  30  21   0   1   1  13   9   0   1  14  0.07 0.01
  140 I   -1 -2 -2 -2 -1 -2 -2 -3 -2  3  3 -2  1  0 -2 -2 -1 -2 -1  1    2   1   1   1   0   1   1   1   0  34  50   1   0   1   1   1   1   0   1   1  0.25 0.02
  141 I   -1 -3 -3 -3 -1 -2 -3 -3 -3  3  1 -2  1 -1 -3 -1  1 -3 -1  4    0   0   0   0   0   0   0   0   0  20   0   0   0   0   0   0  12   0   0  69  0.36 0.03
  142 E   -1  0 -1  1 -4  2  6 -2  0 -4 -3  1 -2 -4 -1  0 -1 -3 -2 -3    0   0   0   0   0   0 100   0   0   0   0   0   0   0   0   0   0   0   0   0  0.89 0.06
  143 L   -1 -2 -3 -4 -2 -2 -3 -4 -2  2  3 -3  1  1 -3 -2 -1 -1  2  1    0   0   0   0   0   0   0   0   0   8  67   0   0   0   0   0   0   0  13  12  0.37 0.03
  144 V    4 -2 -2 -2 -1 -1 -1  0 -2  0 -1 -1 -1 -2 -1  1  0 -3 -2  1   80   0   0   0   0   0   0   0   0   0   0   0   0   0   0   0   0   0   0  20  0.37 0.04
  145 E    1 -1  0  0 -2  0  2 -1 -1 -3 -3  0 -2 -3 -1  4  1 -3 -2 -2    0   0   0   0   0   0  20   0   0   0   0   0   0   0   0  80   0   0   0   0  0.48 0.05
  146 L   -2 -2 -4 -4 -2 -2 -3 -4 -3  1  4 -3  2  0 -3 -3 -1 -2 -1  1    0   0   0   0   0   0   0   0   0   0 100   0   0   0   0   0   0   0   0   0  0.57 0.04
  147 E   -1  0  0  0 -4  5  4 -2  0 -3 -3  1 -1 -4 -1  0 -1 -3 -2 -3    0   0   0   0   0  56  44   0   0   0   0   0   0   0   0   0   0   0   0   0  0.70 0.05
  148 S    0 -1  0 -1 -1 -1 -1 -2 -1 -1 -2 -1 -1  0 -2  2  4 -1  3 -1    0   0   0   0   0   0   0   0   0   0   0   0   0   0   0  20  56   0  25   0  0.38 0.04
  149 T    2 -1  0 -1 -1  1  0 -1 -1 -1 -1  0  2 -2 -1  2  2 -3 -2 -1   21   0   0   0   0  12   0   0   0   0   0   0  13   0   0  27  28   0   0   0  0.24 0.02
  150 I   -2 -3 -3 -4 -2 -3 -3 -4 -2  2  2 -3  1  5 -4 -3 -2  0  2  1    0   0   0   0   0   0   0   0   0  31  13   0   0  56   0   0   0   0   0   0  0.49 0.03
  151 R   -1  3 -2 -3 -2 -1 -1 -3  2  2  1  0  0 -1 -3 -2 -1 -3 -1  2    0  33   0   0   0   0   0   0  12  16  11   0   0   0   0   0   0   0   0  29  0.19 0.02
  152 S    0 -2 -1 -2 -1 -1 -2 -2 -2  2  1 -1  2 -1 -2  1  3 -2 -2  1    0   0   0   0   0   0   0   0   0  21  13   0  12   0   0  20  35   0   0   0  0.19 0.02
  153 L   -2 -2 -4 -4 -2 -2 -3 -4 -3  1  4 -3  2  0 -3 -3 -1 -2 -1  1    0   0   0   0   0   0   0   0   0   0 100   0   0   0   0   0   0   0   0   0  0.57 0.04
  154 V   -1 -2  0  5 -3  0  2 -2 -2  0 -1 -1  1 -2 -2 -1 -1 -4 -2  1    0   0   0  56   0   0  12   0   0   0   0   0  13   0   0   0   0   0   0  20  0.41 0.03
  155 S    1 -1 -1  0 -2  1  4 -2  0 -3 -3  0 -2 -1 -1  1  0 -2  2 -2   12   0   0   0   0   0  56   0   0   0   0   0   0   0   0  20   0   0  13   0  0.39 0.03
  156 E    3 -2 -2 -1 -1  0  2 -1 -2  0 -1 -1 -1 -2 -1  0  0 -3 -2  2   52   0   0   0   0   0  20   0   0   0   0   0   0   0   0   0   0   0   0  29  0.22 0.03
  157 L   -1 -2 -2 -2 -1 -2 -2 -3 -3  3  2 -2  1 -1 -2  1  0 -3 -2  2    0   0   0   0   0   0   0   0   0  56  20   0   0   0   0  25   0   0   0   0  0.23 0.03
  158 R   -1  4  0 -1 -3  1  0 -2  3 -3 -3  4 -2 -3 -2 -1 -1 -3 -1 -3    0  44   0   0   0   0   0   0  13   0   0  43   0   0   0   0   0   0   0   0  0.56 0.04
  159 K   -1  0 -1 -2 -2  3  0 -2 -1  2  0  2  2 -2 -2 -1  1 -3 -2  1    0   0   0   0   0  25   0   0   0  24   0  20  13   0   0   0  11   0   0   8  0.15 0.02
  160 T    0 -1  0 -1 -1 -1 -1 -2 -2 -1 -2 -1 -1 -2 -1  1  5 -3 -2  0    0   0   0   0   0   0   0   0   0   0   0   0   0   0   0   0 100   0   0   0  0.65 0.06
  161 Q   -2  0  6  1 -3  2  0 -1  0 -4 -3  0 -2 -3 -2  0  0 -4 -2 -3    0   0  80   0   0  20   0   0   0   0   0   0   0   0   0   0   0   0   0   0  0.74 0.05
  162 R   -2  5 -1 -2 -3  0 -1 -3 -1 -2 -1  1  3 -2 -3 -1 -1 -3 -2 -2    0  75   0   0   0   0   0   0   0   0   0   0  25   0   0   0   0   0   0   0  0.60 0.05
  163 L   -2  5 -1 -2 -3  0 -1 -3 -1 -2  1  1 -1 -2 -3 -1 -1 -3 -2 -2    0  80   0   0   0   0   0   0   0   0  20   0   0   0   0   0   0   0   0   0  0.61 0.05
  164 I   -1 -3 -3 -3 -1 -3 -3 -4 -3  3  1 -3  1 -1 -3 -2  0 -3 -1  4    0   0   0   0   0   0   0   0   0  20   0   0   0   0   0   0   0   0   0  80  0.44 0.04
  165 N   -2 -1  6  1 -3  0 -1 -1  0 -4 -4 -1 -3 -3 -2  0  0 -4 -2 -3    0   0 100   0   0   0   0   0   0   0   0   0   0   0   0   0   0   0   0   0  0.94 0.06
  166 S    4 -2 -1 -2 -1 -1 -1  0 -2 -2 -2 -1 -1 -3 -1  2  0 -3 -2 -1   80   0   0   0   0   0   0   0   0   0   0   0   0   0   0  20   0   0   0   0  0.44 0.04
  167 I   -2 -3 -4 -4 -1 -3 -3 -4 -3  4  3 -3  1  0 -3 -3 -1 -2 -1  2    0   0   0   0   0   0   0   0   0  64  36   0   0   0   0   0   0   0   0   0  0.44 0.03
  168 D   -1 -1  0  4 -4  1  5 -2 -1 -4 -3  0 -3 -4 -1  0 -1 -4 -3 -3    0   0   0  33   0   0  67   0   0   0   0   0   0   0   0   0   0   0   0   0  0.76 0.04
  169 N   -2 -1  4 -1 -3  0 -1 -2  7 -3 -3 -1 -2  2 -3 -1 -1 -2  1 -3    0   0  31   0   0   0   0   0  56   0   0   0   0  13   0   0   0   0   0   0  0.63 0.05
  170 Y   -1 -3 -3 -3 -1 -2 -3 -3 -2  2  0 -2  0  0 -3 -2 -1 -1  3  4    0   0   0   0   0   0   0   0   0   0   0   0   0   0   0   0   0   0  20  80  0.38 0.04
  171 I   -1 -3 -3 -3 -1 -3 -3 -4 -4  4  1 -3  1 -1 -3 -2 -1 -3 -2  3    0   0   0   0   0   0   0   0   0  64   0   0   0   0   0   0   0   0   0  36  0.44 0.04
  172 L   -1 -2 -3 -3 -2 -2 -3 -4 -3  4  3  0  1  0 -3 -2 -1 -3 -1  2    0   0   0   0   0   0   0   0   0  56  33  11   0   0   0   0   0   0   0   0  0.30 0.03
  173 P   -1 -3 -2 -2 -3 -2 -1 -3 -3 -3 -3 -1 -3 -4  8 -1 -1 -4 -3 -3    0   0   0   0   0   0   0   0   0   0   0   0   0   0 100   0   0   0   0   0  2.19 0.07
  174 F   -2  4 -1 -2 -3  2 -1 -3 -1  0 -1  1 -1  2 -3 -1 -1 -2  0 -1    0  56   0   0   0  13   0   0   0  12   0   0   0  20   0   0   0   0   0   0  0.37 0.03
  175 Y   -2 -2 -3 -3 -2 -2 -3 -4 -1  2  3 -2  1  1 -3 -2  0 -1  3  1    0   0   0   0   0   0   0   0   0  24  49   0   0   0   0   0   8   0  20   0  0.30 0.02
  176 R   -1  2  0  1 -3  2  4 -2  0 -3 -3  1 -2 -3 -1  1 -1 -3 -2 -3    0  20   0   0   0  12  56   0   0   0   0   0   0   0   0  13   0   0   0   0  0.52 0.03
  177 G    0  2  4  0 -3  0 -1  2  0 -3 -3  0 -2 -3 -2  0 -1 -3 -2 -3   13  16  51   0   0   0   0  20   0   0   0   0   0   0   0   0   0   0   0   0  0.43 0.03
  178 S    0 -1  0 -1 -1 -1 -1 -2 -2 -1 -2 -1 -1 -2 -1  2  5 -3 -2 -1    0   0   0   0   0   0   0   0   0   0   0   0   0   0   0  20  80   0   0   0  0.53 0.05
  179 I    0 -3 -3 -3 -1 -2 -3 -3 -2  4  2 -2  1  0 -3 -2 -1 -2  2  2   13   0   0   0   0   0   0   0   0  60  16   0   0   0   0   0   0   0  12   0  0.27 0.03
  180 K    0  0  3  0 -2  0  0 -1 -1 -3 -3  3 -2 -3 -1  3  0 -3 -2 -2    0   0  23   0   0   0   0   0   0   0   0  33   0   0   0  44   0   0   0   0  0.37 0.03
  181 F   -2 -2 -3 -4  3 -2 -3 -3  1 -1 -1 -2 -1  4 -3 -2 -2  1  6 -1    0   0   0   0  11   0   0   0   0   0   0   0   0  20   0   0   0   0  69   0  0.81 0.05
  182 I   -2 -3 -4 -4 -2 -3 -4 -4 -4  5  1 -3  1  0 -3 -3 -1 -3 -2  2    0   0   0   0   0   0   0   0   0 100   0   0   0   0   0   0   0   0   0   0  0.55 0.05
  183 K   -1  0  2 -1 -2  2  0 -2 -1  1 -1  2 -1 -2 -2  1  0 -3 -2  1    0   0  16   0   0  12   0   0   0  16   0  31   0   0   0  13   0   0   0  13  0.14 0.02
  184 Q    0 -1  0 -1 -2  2  0  2 -1 -3 -3  0 -2 -3 -1  3  2 -3 -2 -2    0   0   0   0   0  20   0  23   0   0   0   0   0   0   0  42  16   0   0   0  0.35 0.03
  185 I   -1 -1 -1  1 -3  1  5 -3 -1  1 -2  0 -1 -3 -2 -1 -1 -3 -2 -1    0   0   0   0   0   0  80   0   0  20   0   0   0   0   0   0   0   0   0   0  0.55 0.05
  186 L   -2 -2 -4 -4 -2 -2 -3 -4 -3  1  4 -3  2  0 -3 -3 -1 -2 -1  1    0   0   0   0   0   0   0   0   0   0 100   0   0   0   0   0   0   0   0   0  0.57 0.04
  187 E   -2 -1  1  5 -4  1  4 -2 -1 -3 -4  0 -3 -4 -2  0 -1 -4 -3 -3    0   0   0  56   0   0  44   0   0   0   0   0   0   0   0   0   0   0   0   0  0.79 0.04
  188 D   -1 -1  0  3 -4  1  5 -2 -1 -4 -3  0 -3 -4 -1  0 -1 -3 -3 -3    0   0   0  20   0   0  80   0   0   0   0   0   0   0   0   0   0   0   0   0  0.78 0.05
  189 R    0  3 -2 -3 -2 -1 -2 -2 -1 -1  1  0  1  3 -3 -1 -1 -1  0 -1   13  35   0   0   0   0   0   0   0   0  19   0   8  25   0   0   0   0   0   0  0.20 0.02
  190 Q   -1  0  0  4 -4  3  4 -2  0 -3 -3  0 -2 -4 -1  0 -1 -3 -2 -3    0   0   0  29   0  20  52   0   0   0   0   0   0   0   0   0   0   0   0   0  0.65 0.04
  191 R   -2  6 -1 -2 -4  1  0 -3 -1 -3 -3  2 -2 -3 -2 -1 -1 -3 -2 -3    0 100   0   0   0   0   0   0   0   0   0   0   0   0   0   0   0   0   0   0  0.94 0.06
  192 E   -1  0 -1  1 -4  2  6 -2  0 -4 -3  1 -2 -4 -1  0 -1 -3 -2 -3    0   0   0   0   0   0 100   0   0   0   0   0   0   0   0   0   0   0   0   0  0.89 0.06
  193 E   -1 -1  0  4 -4  1  5 -2 -1 -4 -3  0 -3 -4 -2  0 -1 -4 -3 -3    0   0   0  36   0   0  64   0   0   0   0   0   0   0   0   0   0   0   0   0  0.76 0.04
  194 F   -3 -3 -3 -4 -3 -4 -4 -4 -2  0  0 -4  0  7 -4 -3 -3  1  3 -1    0   0   0   0   0   0   0   0   0   0   0   0   0 100   0   0   0   0   0   0  0.98 0.06
  195 S   -1 -2 -1 -2 -2 -1 -2 -2  0 -2 -1 -2 -1  4 -2  2 -1  1  5 -2    0   0   0   0   0   0   0   0   0   0   0   0   0  21   0  31   0   0  48   0  0.49 0.04
  196 R   -1  6 -1 -2 -3  1  0 -2 -1 -3 -3  2 -2 -3 -2  0 -1 -3 -2 -3    0  89   0   0   0   0   0   0   0   0   0   0   0   0   0  11   0   0   0   0  0.78 0.05
  197 L    0 -2 -3 -4 -1 -2 -3 -3 -3  1  4 -2  2  0 -3 -2 -1 -2 -1  1   11   0   0   0   0   0   0   0   0   0  89   0   0   0   0   0   0   0   0   0  0.44 0.04
  198 K   -1  2  0 -1 -3  1  0 -2 -1 -3 -3  5 -2 -3 -1  0  1 -3 -2 -2    0   0   0   0   0   0   0   0   0   0   0  87   0   0   0   0  13   0   0   0  0.53 0.04
  199 I   -1  1 -1 -1 -2  0  0 -2 -1  1 -1  3 -1 -2 -1  1  0 -3 -2  0    0   0   0   0   0   0   0   0   0  28   0  54   0   0   0  18   0   0   0   0  0.19 0.01
  200 I   -1 -3 -3 -3 -1 -3 -3 -4 -3  4  2 -3  1  0 -3 -2 -1 -3 -1  3    0   0   0   0   0   0   0   0   0  54  18   0   0   0   0   0   0   0   0  28  0.36 0.01
  201 R   -1  4  0 -1 -3  3  1 -2  0 -3 -2  4 -1 -3 -1  0 -1 -3 -2 -2    0  28   0   0   0  28   0   0   0   0   0  45   0   0   0   0   0   0   0   0  0.51 0.02
  202 R    0  4 -1 -1 -3  1  2 -2 -1 -3 -2  3 -1 -3 -2  0 -1 -3 -2 -2   14  46   0   0   0   0  14   0   0   0   0  26   0   0   0   0   0   0   0   0  0.43 0.01
  203 I   -1  0 -2 -2 -2 -1 -1 -3 -2  3  0  2  0 -1 -2 -1 -1 -3 -2  2    0   0   0   0   0   0   0   0   0  49   0  34   0   0   0   0   0   0   0  17  0.17 0.01
  204 L   -1  0 -2 -2 -2 -1 -1 -3 -2  1  3  2  1  0 -2 -2 -1 -2 -1  0    0   0   0   0   0   0   0   0   0   0  66  34   0   0   0   0   0   0   0   0  0.22 0.01
  205 Q   -1  2  0 -1 -3  4  1 -2  0 -3 -2  4 -1 -3 -1  0 -1 -3 -2 -2    0   0   0   0   0  49   0   0   0   0   0  51   0   0   0   0   0   0   0   0  0.52 0.02
  206 R   -1  3  0  1 -4  2  4 -2  0 -3 -3  1 -2 -3 -2  0 -1 -3 -2 -3    0  34   0   0   0   0  66   0   0   0   0   0   0   0   0   0   0   0   0   0  0.58 0.01
  207 R   -1  4  0 -1 -3  1  0 -2 -1 -3 -2  4 -1 -3 -1  0 -1 -3 -2 -2    0  34   0   0   0   0   0   0   0   0   0  66   0   0   0   0   0   0   0   0  0.54 0.01
  208 R    2  3  0 -1 -1  0  0 -1 -1 -2 -2  1 -1 -3 -1  2  2 -3 -2 -1   24  34   0   0   0   0   0   0   0   0   0   0   0   0   0  21  21   0   0   0  0.28 0.01
  209 E   -1  0  0  1 -4  2  5 -2  0 -3 -3  1 -2 -3 -1  0 -1 -3 -2 -3    0   0   0   0   0   0 100   0   0   0   0   0   0   0   0   0   0   0   0   0  0.77 0.02
  210 S    3 -1  0 -1 -1  0 -1  0 -1 -2 -2  0 -1 -2 -1  3  1 -3 -2 -1   50   0   0   0   0   0   0   0   0   0   0   0   0   0   0  50   0   0   0   0  0.35 0.00
  211 G    0 -2  0 -1 -3 -2 -2  6 -2 -4 -4 -2 -3 -3 -2  0 -2 -3 -3 -3    0   0   0   0   0   0   0 100   0   0   0   0   0   0   0   0   0   0   0   0  1.04 0.00
  212 S    0 -1  1  4 -2  0  1 -1 -1 -3 -3  0 -2 -3 -1  3  0 -4 -2 -2    0   0   0  50   0   0   0   0   0   0   0   0   0   0   0  50   0   0   0   0  0.49 0.00
  213 R   -1  6  0 -2 -4  1  0 -2  0 -3 -2  2 -1 -3 -2 -1 -1 -3 -2 -3    0 100   0   0   0   0   0   0   0   0   0   0   0   0   0   0   0   0   0   0  0.75 0.00

                      K         Lambda
Standard Ungapped    0.1340     0.3175
Standard Gapped      0.0410     0.2670
PSI Ungapped         0.1222     0.3175
PSI Gapped           0.0374     0.2670
