
Last position-specific scoring matrix computed, weighted observed percentages rounded down, information per position, and relative weight of gapless real matches to pseudocounts
           A  R  N  D  C  Q  E  G  H  I  L  K  M  F  P  S  T  W  Y  V   A   R   N   D   C   Q   E   G   H   I   L   K   M   F   P   S   T   W   Y   V
    1 M   -3 -3 -4 -5 -3 -2 -4 -5 -4  1  0 -3  9 -2 -5 -3 -3 -4 -3  1    0   0   0   0   0   0   0   0   0   4   0   0  90   0   0   0   0   0   0   6  1.78 0.46
    2 I   -3 -3 -3  1 -3  0  1 -4 -3  3  0 -1  7  0 -1 -1 -2 -4 -3 -1    0   0   0   9   0   3   9   0   0  21   6   3  39   4   3   3   0   0   0   0  0.59 0.32
    3 F   -2 -1 -3 -4 -3  0 -1 -4 -1  3  1 -3  6  2 -4  0 -1 -3 -1  1    0   3   0   0   0   4   4   0   2  21   7   0  28   8   0   8   3   0   2  11  0.47 0.29
    4 M   -3 -1 -4 -4 -6  0 -5 -7  2 -2 -2  0 10 -5 -7 -5 -2 -6 -2 -2    1   3   1   1   0   4   0   0   4   1   1   6  71   0   0   0   3   0   1   1  2.22 0.91
    5 N   -3  3  2 -1 -6  1  3 -3 -3 -2 -6  5 -3 -6 -2 -2 -2 -6 -5 -5    2  13  11   2   0   5  20   1   0   3   0  35   1   0   2   2   2   0   0   0  0.84 0.49
    6 M   -6 -4 -7 -8 -1 -7 -7 -8 -3  1  2 -7  7  7 -6 -7 -3 -5  0 -4    0   1   0   0   1   0   0   0   1   6  17   0  26  44   0   0   2   0   2   0  1.80 0.80
    7 V   -4 -7 -7 -8  2 -7 -7 -8 -3  5 -2 -5 -4  4 -7 -5 -5 -2  5  2    1   0   0   0   4   0   0   0   1  35   3   1   0  18   0   1   0   1  21  15  1.41 0.67
    8 N   -2 -2  4  5 -6  0  0  1 -1 -3 -4  1 -5 -6  0 -2 -1 -7 -4 -4    3   2  18  32   0   3   5  11   2   2   1   8   0   0   6   3   3   0   0   1  0.72 0.44
    9 R   -8  9 -7 -8 -9 -4 -6 -8 -2 -9 -8 -1 -4 -4 -6 -7 -7 -9 -4 -9    0  93   0   0   0   0   0   0   1   0   0   3   0   1   0   0   0   0   1   0  3.12 1.29
   10 E   -2  0  0  2 -3  0  5 -4  0 -1 -4  2 -3 -4  0 -2  0 -6 -4 -2    4   6   4  10   1   3  38   1   2   4   1  10   1   1   4   2   6   0   1   3  0.61 0.41
   11 R    0  3  1  0 -5  0  3 -3 -2 -2 -1  3 -3 -3 -3  0 -1 -3 -2 -2    7  14   8   5   0   3  18   1   1   2   7  18   0   1   1   6   4   0   1   3  0.34 0.27
   12 E   -6 -5 -3 -2 -7  1  7 -7 -2  0 -5 -3 -6 -6 -6 -4 -5 -6  4 -3    0   0   1   2   0   5  64   0   1   6   1   1   0   0   0   1   1   0  14   2  1.72 0.86
   13 L   -3 -3 -5 -4  0 -2 -4 -6 -5  3  5 -4  2 -1 -4 -2 -2 -1 -1  0    2   1   0   1   2   2   1   1   0  16  50   1   5   2   1   3   2   1   2   5  0.84 0.44
   14 Q    1  0  0  1 -4  2  5 -3 -2 -5 -5  3 -2 -6 -3  0 -2 -6 -6 -5   10   4   5   6   0   8  31   2   1   0   1  20   1   0   1   7   2   0   0   0  0.71 0.47
   15 A    0  1 -1 -1 -4  0  2 -4 -1  0 -1  2  0  1 -3 -1  1  1  2 -1    8   8   2   4   0   4  14   0   1   6   7  12   2   6   1   5   8   2   7   3  0.16 0.18
   16 L   -6 -7 -8 -8 -6 -7 -6 -8 -5  4  6 -7  0  1 -8 -6 -6 -7 -6 -1    0   0   0   0   0   0   0   0   0  22  66   0   1   5   0   0   0   0   0   4  1.72 0.79
   17 K   -3  3  1  0 -4  1  3 -4 -1  0 -1  2 -1 -4 -3  0 -1 -5 -4 -1    2  15   6   5   0   7  19   1   1   6   7  14   1   1   1   6   3   0   0   4  0.35 0.28
   18 K   -2  3  2  0 -6  1  3 -3 -2 -4 -4  4 -3 -6 -3  1 -2 -2 -4 -5    4  17  10   4   0   7  16   2   1   1   2  22   1   0   1   9   2   1   0   1  0.59 0.40
   19 R    0  2 -1 -2 -1  0  0 -2 -1  1  2  1 -1  0 -3 -1 -2 -1  0 -1   10  12   3   2   1   3   8   4   1   7  22   8   1   5   0   4   2   1   3   3  0.12 0.14
   20 L   -3 -1 -4 -3 -2 -2 -4 -4 -3  3  3 -1  2  1 -4 -3 -3  1  4  1    2   4   1   2   1   2   1   1   0  19  31   4   4   4   1   1   1   2  12   7  0.57 0.33
   21 S    0  1  2  0 -4  1  1  0 -1 -1 -2  1 -1 -2 -1  2  0  0 -2 -2    6   9  10   5   0   5   9   6   1   3   4  11   1   2   2  16   5   2   1   3  0.16 0.16
   22 S    0  1  1 -1 -4  0  2 -1  0 -1 -1  2  0 -2 -2  2  0 -2 -1 -1    7   8   5   2   0   3  13   3   2   4   6  13   2   2   2  15   6   1   2   4  0.15 0.16
   23 N   -3  1  2  1 -3  0  2  2 -3 -3 -3  1 -1 -5  3  0 -1 -3 -4 -3    2   7   8   8   1   4  12  18   0   1   3   9   2   0  14   6   3   0   1   2  0.35 0.26
   24 D   -1  2  3  1 -4  1  0  0  2 -2 -3  2 -3 -2  0  0 -2 -4 -2 -3    4  12  12   9   0   7   6   8   4   2   2  15   1   2   5   5   2   0   1   2  0.27 0.20
   25 L    1  0  3 -2 -4 -2 -2 -2  1  0 -2  0  1  2  1  1 -1 -4  1 -2   12   6  17   2   0   1   2   3   3   6   3   5   4   8   7  11   3   0   4   3  0.23 0.20
   26 E   -1  1  0 -1 -1  2  1  0 -1 -2 -1  2 -1  0  1  1 -1 -2 -1 -1    4   8   4   3   2   8   9   8   1   3   7  12   1   4   8  10   3   1   1   3  0.11 0.10
   27 L   -2 -4 -4 -4 -2 -3 -4 -4 -4  3  3 -4  4  3 -3 -4 -3  5 -2  1    3   1   1   1   1   1   1   2   0  18  29   1   9  11   2   1   2   7   1   9  0.71 0.33
   28 I   -3 -4 -1 -5 -1  0 -5 -4 -5  4  0 -2 -2  0 -3 -2  2 -5 -1  4    2   1   3   0   1   4   0   1   0  24   9   3   1   4   2   4  13   0   2  26  0.62 0.36
   29 I    1 -6 -6 -7 -3 -6 -6 -4 -7  3  2 -6  1  1 -6 -3 -2 -6 -4  5   12   0   0   0   1   0   0   1   0  17  16   0   3   5   0   2   3   0   0  39  0.98 0.51
   30 I   -6 -8 -8 -8 -7 -8 -8 -7 -8  6  4 -8  1 -6 -8 -6 -5 -8 -7  4    0   0   0   0   0   0   0   1   0  37  33   0   2   0   0   1   1   0   0  24  1.61 0.74
   31 Y   -4 -4 -6 -6 -6 -4 -5 -5 -2  1  1 -2  1  1 -6  0  5 -2  6 -1    1   1   0   0   0   1   1   1   1   9  13   2   3   5   0   6  29   0  22   5  0.87 0.53
   32 G   -5 -9 -7 -8 -9 -8 -9  8 -9 -10 -10 -8 -9 -9 -9 -2 -8 -9 -9 -9    1   0   0   0   0   0   0  95   0   0   0   0   0   0   0   3   0   0   0   0  3.01 1.28
   33 R    0  4 -7 -7 -7 -2 -6 -7 -7  3 -2 -2  1 -5  6 -5 -4 -8 -4  1    7  21   0   0   0   2   0   0   0  15   5   3   3   0  34   1   1   0   1   8  1.13 0.65
   34 R   -9  9 -4 -9 -11 -6 -7 -10 -2 -4 -5 -4 -9 -10 -7 -5 -4 -10 -5 -10    0  92   1   0   0   0   0   0   1   1   1   1   0   0   0   1   1   0   1   0  3.18 1.38
   35 R   -6  7 -2 -4 -10  5 -5  0 -7 -9 -9  0 -3 -10 -8 -5 -7 -9 -8 -5    0  58   2   1   0  25   0   6   0   0   0   5   1   0   0   1   0   0   0   1  2.07 1.02
   36 I   -2 -7 -7 -8  6 -5 -7 -7 -8  3 -3 -7  1 -3 -7  2  1 -8 -3  5    3   0   0   0  14   0   0   0   0  15   3   0   3   1   0  17   8   0   1  35  1.16 0.63
   37 G   -5 -9 -7 -8 -9 -5 -5  8 -8 -10 -10 -8 -9 -9 -9 -7 -8 -9 -9 -9    1   0   0   0   0   1   1  96   0   0   0   0   0   0   0   0   0   0   0   0  3.06 1.34
   38 K   -8 -5 -7 -8 -9 -6 -6 -8 -8 -9 -9  9 -8 -9 -8 -7 -8 -9 -9 -9    0   0   0   0   0   0   0   0   0   0   0  98   0   0   0   0   0   0   0   0  3.41 1.49
   39 T   -6 -7 -6 -4 -7 -7 -3 -7 -8 -8 -8 -7 -7 -8 -7  5  7 -9 -8 -7    0   0   0   1   0   0   2   0   0   0   0   0   0   0   0  37  58   0   0   0  2.24 1.17
   40 F   -1 -1 -4 -6 -4 -3 -2 -3 -6 -6 -5 -3 -1  2 -7  3  6  0  2 -3    4   3   1   0   0   1   3   2   0   0   1   2   1   7   0  22  43   1   6   2  1.09 0.70
   41 L   -5 -9 -10 -10 -8 -9 -9 -8 -9  1  7 -9 -2 -1 -9 -9 -5 -2 -2  0    1   0   0   0   0   0   0   0   0   6  80   0   1   3   0   0   1   1   1   6  2.04 1.01
   42 I    2 -8 -8 -8 -2 -6 -8 -8 -8  4  4 -7  2 -2 -8 -5 -4 -7 -6  3   14   0   0   0   1   0   0   0   0  21  39   0   5   2   0   1   1   0   0  16  1.16 0.65
   43 I   -4  4  1 -5 -7  2 -1 -5 -1 -4  0  5 -1  1 -6 -2 -2 -1 -2 -4    1  21   7   0   0   7   4   1   2   1  11  29   2   6   0   3   2   1   1   1  0.75 0.51
   44 N    0  0  1 -2 -4  4  3 -5  2 -3 -2  2 -1 -5 -5  0 -1 -6 -3  1    7   5   7   2   0  19  16   0   5   2   4  13   2   0   0   5   4   0   1   9  0.48 0.40
   45 A    2 -3 -4 -6  1 -4 -5 -3 -2  2  2 -5 -1  5 -6 -1 -1 -2  2  1   14   1   1   0   3   0   1   2   1   9  19   1   2  22   0   4   4   0   6  10  0.57 0.37
   46 V    0 -4 -5 -5 -1 -2 -4 -4 -5  2  3 -2  2  4 -5 -1 -1 -5  0  1    9   1   0   1   1   2   1   2   0  12  30   3   4  15   1   4   4   0   3   9  0.52 0.34
   47 N   -2  1  3  2 -6  1  3 -3 -2 -5 -4  4 -5 -6  1  0 -2 -2 -2 -5    3   8  13   9   0   6  15   2   1   1   2  22   0   0   6   7   2   1   1   0  0.57 0.41
   48 G   -2  0  2  3 -5  1  3  2 -1 -4 -4  0 -3 -4 -3 -1 -1 -2 -1 -5    3   5  11  16   0   6  17  17   2   1   2   5   1   1   1   5   4   1   2   1  0.47 0.33
   49 Y   -1  1  0 -1 -1 -1 -1 -3  2  0  1  3  0  1 -3 -1  0 -2  3 -1    4   7   4   4   1   3   4   1   4   5  12  19   3   5   1   4   5   1   9   4  0.19 0.16
   50 D   -2  1  0  2 -3 -1  1 -1  1 -2 -2  2 -3 -3  3  0 -1 -4 -1 -3    3   6   5  11   1   3   8   5   4   2   5  14   1   1  17   7   3   0   2   2  0.32 0.24
   51 F    0  0 -1 -1  0 -1 -1  1  3  1 -1 -1 -1  0 -2  1  1  0  2  0    9   5   3   3   2   1   4  10   8   7   6   3   2   5   1  10   7   1   6   6  0.08 0.09
   52 I   -2 -2 -2 -2 -2 -3 -1 -3 -1  3  2 -2 -1  2  2 -2 -1 -3  0  2    3   2   2   2   1   1   4   2   1  16  17   3   1   8   9   3   4   0   4  16  0.29 0.19
   53 Y   -3 -2 -2 -2 -2 -3 -4 -4  1 -2 -1 -3 -2  2 -4 -2 -3  1  8 -2    2   3   2   3   1   1   2   2   3   2   6   2   1   7   1   3   2   2  53   3  1.53 0.69
   54 Y   -3 -4 -4 -3 -2 -3 -4 -3  3  2  3 -4 -2  4 -4 -3 -3 -1  5  0    2   1   1   2   1   1   1   3   6  11  24   1   1  17   1   3   1   1  17   7  0.72 0.40
   55 L   -2 -2  0  2 -4 -1 -2 -5 -2  1  2 -2  0  4 -3 -2  0 -2  2  1    2   2   5  10   0   3   3   1   1   7  23   2   2  14   1   4   5   1   6   9  0.32 0.23
   56 A    2 -3  1 -2  1 -2 -2 -1 -2  1  0 -2 -2  1 -2  0 -2 -3 -1  2   16   1   8   2   3   2   3   5   1   9  10   2   1   7   2   7   2   0   2  16  0.16 0.16
   57 T   -1  1  1  3 -2 -2  1 -1 -4 -2  0 -1 -1 -1 -3  1  1 -4 -3 -1    5   8   6  16   1   1   7   5   0   2  12   3   1   3   1  13  10   0   1   5  0.20 0.20
   58 E    0  3  0  2 -3 -1  4 -2 -2 -3 -3  1 -3 -2 -2  0 -2 -5 -1 -2    8  15   4  11   0   3  23   4   1   1   3   7   1   2   2   8   3   0   2   2  0.38 0.30
   59 K    0  1  0  2 -1  1  1  1 -1 -2 -3  2 -2 -3 -1  0 -1 -5 -3 -2    6   8   5  13   2   6  10  12   1   3   3  14   1   1   3   7   3   0   1   3  0.22 0.20
   60 N    0 -2  2  2 -4 -2  0 -1 -2  1 -2 -1 -2 -2  2  2  0 -3 -1  0    7   1   9  12   0   1   7   5   1   7   5   4   1   1  10  14   5   0   2   6  0.17 0.18
   61 N   -1  0  2  2 -2  0  2 -2 -1  1 -1 -2  0 -2  1 -1 -1 -3 -2  0    5   4  11  12   1   3  15   3   2   7   7   1   3   1   6   5   3   0   2   7  0.17 0.17
   62 L    1  1  0 -2 -2 -1  0 -2 -1  1  2 -1  1 -1  1 -1  0 -4  0  0   11   7   5   2   1   2   8   3   1   9  19   2   3   3   6   4   4   0   3   6  0.09 0.11
   63 R    0  2  1  1 -4  0  1 -3  0  1  0  1 -1 -2 -2  0 -1 -4  0 -1    8  14   6   9   0   4   8   2   3   9  10   7   1   1   2   6   4   0   3   4  0.13 0.14
   64 K   -1  1  1  1 -3  2  1 -2  3 -1  1  1 -2 -2 -1 -1 -1 -1 -2 -2    5   8   6   8   0   8   9   3   7   4  16   8   1   2   3   5   4   1   1   3  0.13 0.15
   65 F   -2 -2 -2 -2  2 -1 -2 -3 -3  3  2 -3  0  5 -3 -2 -3 -2  2  0    4   2   2   3   5   3   3   2   1  15  20   2   2  21   1   3   1   0   6   5  0.46 0.29
   66 K    0  2  0  1 -3  0  2 -1 -1  0 -1  2 -2 -1 -2  0 -1 -3 -2 -2    8  13   5   9   0   4  12   5   1   6   5  12   1   2   1   8   3   0   1   3  0.17 0.16
   67 E   -1  2  1  3 -5  0  4 -1 -1 -1 -2 -1  0 -4 -2 -1 -1 -5  0 -3    5  10   7  15   0   4  23   4   1   3   4   4   2   1   3   5   3   0   4   2  0.37 0.29
   68 L    0 -3 -3 -2 -2 -3  0 -4 -3  3  3 -2  0  3 -2 -2 -2  4 -1  0   10   1   1   2   1   1   6   1   1  15  23   2   2  12   2   3   3   5   2   5  0.35 0.24
   69 T    0 -1  0  1 -3 -1 -1 -1 -2  2  1 -1  0 -1 -1  1  0 -2 -1  0    9   3   5   7   0   2   4   5   1  14  16   3   2   2   2   9   6   1   2   7  0.07 0.09
   70 E    0  0  0  1 -2  0  2 -1 -1 -1  0  0  0  0  0  1 -1 -3  0 -1    8   6   5   6   1   4  16   3   2   4   9   6   3   5   4  10   3   0   3   3  0.09 0.11
   71 S    1  2  0  1 -3  1  2 -1 -2 -1 -1  1 -2 -1 -1  1  0 -2 -2 -1   10  11   4   8   0   7  12   3   1   4   6   7   1   3   3   9   5   0   1   4  0.11 0.12
   72 K    0  0 -1  0 -1  0  0 -1 -1  1  1  0  0  0 -2 -1  0 -1  0  1    6   6   3   5   1   5   7   3   2  10  18   7   2   5   1   5   4   1   3   9  0.04 0.06
   73 Y   -2  0  0 -2 -4 -1  0 -1 -3 -1  2 -1 -1  4 -2  0 -2  4  3 -1    4   4   4   2   0   3   8   4   0   3  18   4   1  16   2   7   2   5   8   5  0.26 0.22
   74 E   -1  1  0  2 -3  0  3  1 -1 -2 -1  1 -2 -2  0  0 -1 -5 -2 -3    4   6   5  11   0   3  21  12   1   2   7   8   1   2   5   5   4   0   1   2  0.24 0.22
   75 D    0  0  1  2 -2 -1  1 -1 -1 -1  0  0 -1  0  0  0  0 -2  0 -1    7   6   8  13   1   2   9   3   1   3  10   6   1   5   4   7   6   0   4   4  0.08 0.10
   76 I    0 -1 -3 -1 -4 -2 -2 -3 -2  3  2  0  0  0  2 -2 -2 -1  1  1    7   3   1   3   0   2   3   2   1  17  20   6   2   4  10   2   1   1   5  10  0.24 0.19
   77 K   -1  4  1  0 -3 -1  1 -1 -1 -1 -2  2 -2 -1 -1  0 -1 -4 -1 -2    5  20   6   5   1   2  11   4   2   3   4  15   1   2   4   7   3   0   3   2  0.27 0.22
   78 Y    0  1 -1 -1 -3 -1  1  0  0  0  0  0  0  1 -2  1  0 -1  2 -1    6   8   2   3   0   2   9   8   2   5  12   7   2   6   1  10   4   1   8   5  0.05 0.08
   79 V    0  0 -1 -1 -1  0  0 -1 -1  0  2  0  0  1  0  0  0  0  0  0    6   6   2   3   1   3   8   3   2   4  21   4   1   8   4   6   5   1   4   7  0.05 0.07
   80 K   -1  2  1  0 -3  0  1 -1  0  0  0  1  0  0  0  0 -1 -1  1 -1    5  11   7   6   0   2   9   3   2   5   9  10   3   5   4   6   3   1   5   5  0.06 0.08
   81 E   -1  1  0  1 -2  1  3 -2 -1 -3 -2  1 -1 -2  1  0  0  0 -1 -1    6   6   5   8   1   7  19   3   1   1   5   9   1   2   7   6   5   1   2   4  0.19 0.17
   82 D    0  1  1  3 -3  0  0 -1 -1  0  0 -1 -1  0 -2  1  1 -1  0 -1    6   7   8  16   0   3   5   4   1   5   9   2   1   3   1  10   7   1   4   5  0.10 0.11
   83 W   -2 -1 -2 -2 -4 -3 -3 -2 -1  0  2 -2  1  4  0 -2 -2  5  3  0    3   3   2   2   0   1   2   3   1   5  17   2   4  18   6   4   2   8  12   7  0.44 0.25
   84 E   -1  2 -1  2 -5  1  4 -3 -2 -1 -4  2 -2 -4 -2  0 -2 -5  0 -3    4  10   3  13   0   5  26   2   1   4   2  11   1   1   2   7   3   0   3   2  0.45 0.31
   85 A    0 -1 -1  1 -2  0  2  0 -1 -1 -1  1 -1 -1 -2  0  0 -2  0 -1    9   2   2   9   1   4  17   7   1   3   6   8   1   3   1   7   6   1   4   5  0.12 0.12
   86 I   -1 -2 -3 -3 -2 -2 -3 -3 -2  3  3 -3 -1  3 -2 -2 -2 -4  2  1    6   3   1   1   1   2   2   2   1  15  29   2   1  12   2   3   2   0   6   7  0.42 0.24
   87 F   -2 -2 -2 -1 -4 -2 -2 -2  1  0  2 -1  3  5 -2 -3 -3 -1  3 -1    3   3   2   3   0   1   3   4   3   5  19   3   8  24   2   2   2   1   8   4  0.47 0.26
   88 H    0  1  1  1 -2  1  3 -2  1 -1 -1  2 -3 -2 -2  0 -1 -4 -2 -2    7   7   6   7   1   6  20   2   3   4   7  13   0   2   2   8   3   0   1   2  0.23 0.18
   89 Y    0  1 -1 -2 -2 -1 -1 -2  1  0  0 -1 -2  2 -2 -1 -1  1  5 -2   10   7   3   3   1   3   5   3   3   5  10   4   1   8   2   5   4   2  21   3  0.28 0.20
   90 L   -1 -1 -2 -1 -1 -1 -1  0  0  3  3 -2  0 -1 -2 -1 -2 -2  0  0    5   3   2   3   1   2   3   8   3  16  28   2   2   2   2   5   2   1   3   6  0.20 0.16
   91 R   -2  4  2  0 -2  1  0 -1  0 -2 -3  3 -1 -3 -2 -1 -1 -4 -2 -3    3  21  10   5   1   6   6   6   2   3   3  21   2   1   2   3   3   0   1   1  0.38 0.24
   92 D   -2  0  1  3 -5  1  2  0  1 -2 -3  2 -2 -3  1  0 -1 -5 -2 -3    1   5   7  19   0   6  12   8   3   2   2  11   1   1   8   8   3   0   1   2  0.31 0.21
   93 K   -1  2 -1 -2 -1  0  1  0  1 -1 -2  3 -1  0 -2 -1 -1 -1  1  0    3  12   3   1   1   3  12   8   3   4   3  20   1   5   2   4   2   1   6   6  0.18 0.16
   94 I   -1 -1 -1 -2  0 -1 -1 -1 -2  2  1 -1  0  0 -1 -1  1  0  0  2    3   2   3   1   2   2   3   6   0  19  14   3   2   3   2   3  13   1   4  15  0.08 0.09
   95 I   -1 -3 -3 -2  0 -1 -2 -4 -3  3  2 -3  1  1 -3 -2  0 -3  0  3    6   0   0   2   2   2   3   0   0  18  25   0   2   7   0   0   4   0   2  24  0.32 0.18
   96 I    0 -3 -3  0  0 -3 -3 -2 -3  3  0 -1  0  1 -3 -2 -2 -3 -1  4    7   0   0   6   2   0   0   2   0  22   6   4   2   8   0   2   0   0   2  34  0.34 0.21
   97 I   -2 -3 -2 -2 -3 -3 -3 -1 -3  4  2 -3  1  3  1 -3 -2 -3  0  1    1   0   2   3   0   0   1   5   0  32  21   0   2  12   6   1   0   0   2  10  0.37 0.21
   98 D   -4 -4  2  7 -5 -3  1 -4 -3 -5 -5 -3 -5 -5 -4 -3 -3 -6 -5 -5    0   0   9  79   0   0   7   0   0   0   1   0   0   0   0   0   0   0   0   0  1.80 0.58
   99 E   -4 -3 -1  0 -7  0  7 -3 -4 -6 -6  0 -5 -6 -5 -4 -4 -6 -5 -6    0   0   3   4   0   2  81   2   0   0   0   5   0   0   0   0   0   0   0   0  1.87 0.74
  100 F    1 -1 -4 -4 -1 -2 -4 -4 -4  3  0 -3  3  4 -4 -1 -3  4  0  2   11   4   0   0   1   2   0   0   0  17   4   0   9  23   0   4   0   5   2  15  0.50 0.29
  101 P   -4 -3 -1 -4 -5  7 -1 -3  4 -5 -5 -2 -4 -5  2  0 -2  1  1 -5    0   0   2   0   0  57   2   1  11   0   0   1   0   0   9   6   2   2   5   0  1.36 0.62
  102 Y   -2  3  2 -1 -4  0  1 -3  0 -3 -2  0 -2  1 -4 -1 -2  0  6 -2    2  17  11   2   0   3  12   1   2   1   4   4   1   4   0   3   1   1  30   2  0.57 0.32
  103 M   -1 -3 -4 -4  0 -3 -3 -4 -3  3  3 -3  1  2 -4 -3 -1  1  1  2    4   1   0   1   2   0   1   1   0  23  28   1   4   7   0   1   4   2   5  13  0.41 0.22
  104 I    0  0 -1 -1 -1 -1 -1 -2 -1  1  1  0  0  0  2 -1 -1 -2  0  1    6   6   2   4   1   3   2   2   1  11  18   5   2   4  12   4   2   0   4  12  0.09 0.08
  105 K   -1  1  0  0 -3  1  1  0 -1 -1  1  2  0 -1 -1  0 -1 -2  0 -2    3   8   5   5   0   5  12   7   1   2  19  15   2   2   2   5   2   0   4   2  0.10 0.10
  106 E    0  0 -1  0 -2 -1  0 -1 -1  1  0  0 -1  0 -2 -1 -1  6  0  0    8   5   2   7   0   2   8   6   1   9   8   7   1   3   2   5   4  11   3   7  0.16 0.12
  107 D   -1 -1  3  2 -3 -1  1  1 -1 -2 -2  0 -2  0 -1  0 -1 -1  0 -1    5   3  16  12   0   2  11  10   1   2   3   5   1   6   3   7   4   1   3   5  0.18 0.14
  108 E   -2  1 -2 -1 -4 -1  2 -2 -3 -2 -1  1 -4 -3  5 -1 -2  1 -2 -2    4   7   2   3   0   3  12   3   1   3   6   9   0   1  33   4   2   2   2   3  0.61 0.37
  109 S    1  0  1  2 -3  1  2  0 -1 -3 -2  0 -2 -2 -1  1 -1 -2 -1 -2   10   6   7  14   1   7  11   8   1   1   3   6   1   2   2  10   4   0   2   3  0.18 0.15
  110 I   -2 -3 -2 -4 -2 -3 -3 -2 -3  3  3 -4  1  3 -3 -2 -2  0  0  2    3   1   2   1   1   1   2   4   0  19  26   1   3  12   1   3   2   1   2  15  0.46 0.27
  111 L   -2 -1 -1 -1 -1 -2 -2 -1 -3  1  2 -1  1  4  1 -2 -1  1  1  0    3   3   4   3   1   1   2   4   0   6  22   4   4  17   7   2   3   2   4   7  0.22 0.17
  112 S    0 -1  1  2 -3 -1  1  0  0 -1 -2 -1 -2 -3  0  4 -1 -3  0 -3    7   4   6   9   0   2  10   7   2   3   4   3   1   1   4  29   3   0   4   2  0.28 0.25
  113 T    0 -1 -1  0 -1  0  0 -1 -1  1  1 -1 -1  0 -1  0  0 -1  0  1   10   2   2   7   1   3   8   3   1  12  16   3   1   3   2   6   5   1   4  10  0.05 0.08
  114 F   -4 -3 -4 -5 -4 -4 -5 -5 -1  3  4 -4  2  4 -5 -5 -3  0 -2  1    1   1   1   1   0   1   1   1   1  13  41   1   5  18   1   1   1   2   1  10  0.90 0.46
  115 Q    0  2 -1 -2 -5  5  1 -2  1 -4 -1  3 -2 -1 -2 -2 -3 -2 -1 -3    9  12   2   2   0  26   7   2   3   1   6  15   1   3   2   3   1   1   2   2  0.51 0.38
  116 K    0  3  1  1 -4 -1  0  0  1 -3 -1  2 -2 -1 -3  0 -1 -1  1 -1    8  15   8   6   0   2   5   9   3   1   5  12   0   2   1   6   4   1   6   3  0.17 0.17
  117 I    0 -3 -4 -3 -3 -3 -2 -3 -1  3  3 -3  2  1 -4 -2 -2  2  0  2    9   1   1   1   0   1   2   2   1  18  27   1   5   4   0   2   2   3   4  13  0.42 0.27
  118 V   -1  0 -4 -3 -2 -4 -4 -5 -2  3  1 -2 -1  1 -5 -3 -1  7  3  3    5   6   1   2   1   0   1   1   1  16  10   3   1   5   1   2   4  14  10  19  0.64 0.37
  119 D   -3 -2  2  7 -3 -2 -1 -4 -1 -2 -4 -2 -3 -5 -4 -1 -3 -5 -1 -2    3   3   9  56   1   1   4   1   2   2   2   3   1   0   1   4   2   0   3   3  1.26 0.62
  120 E   -1  2  1  0 -3  1  2  0  1 -1 -1  0  0 -1 -3  1  0 -2 -1 -1    5  10   6   5   0   6  12   6   4   5   7   6   2   3   1  13   6   0   2   3  0.11 0.12
  121 T   -2  0  1 -1 -1 -1 -1 -1  2  0  1 -1 -1  1 -2 -2  0  1  4 -1    2   5   7   4   1   2   4   5   4   7  14   4   1   6   1   3   5   2  18   4  0.19 0.16
  122 L   -1  2 -2  0 -2  1  0 -2  0  0  2  1  0  0 -1 -1 -1 -1  0 -1    4  13   1   5   1   7   6   3   2   4  20  10   2   4   3   3   3   1   3   4  0.11 0.11
  123 K    0  2  1  1 -3  0  1 -1  1 -2 -2  1 -2 -1 -1  1  0 -1  0 -1    6  12   6  10   0   4   8   5   3   3   4   9   0   2   3  10   6   1   3   3  0.12 0.11
  124 G    0  1  1  1 -1  1  0  1  2 -2 -1  1 -1 -2  1  0  0 -1 -1 -2    5   7   8   8   1   6   6   9   5   3   5  10   2   2   6   7   5   1   3   2  0.10 0.09
  125 S   -1  0  0 -1 -3 -1  0  2 -1 -2 -2  2 -2 -2  2  3  0 -4 -3 -3    4   5   3   3   1   2   6  15   1   2   3  12   1   1   9  21   7   0   1   2  0.26 0.22
  126 K   -3  2  6  1 -5  0 -1 -2  3 -4 -4  2 -1 -4  1 -2 -2 -4 -3 -5    1  12  34   7   0   3   4   3   6   1   2  14   1   1   6   2   2   0   1   1  0.78 0.47
  127 T    0 -3 -4 -4  0 -3 -4  1 -3  3  2 -3  0 -1 -3 -2  0 -1  0  3    7   1   1   1   2   1   0  11   0  17  16   2   2   3   1   3   4   1   4  21  0.34 0.25
  128 K   -1  2  1  1  1  2 -1 -2  2 -2 -1  2  2  1 -2  0  0 -4 -1 -1    3  11   6   8   3   8   2   2   5   1   5  15   6   6   2   7   5   0   2   4  0.18 0.18
  129 L   -4 -6 -6 -6 -5 -6 -6 -6  0  3  3 -6  0  5 -6 -5 -4 -2  2  2    1   0   0   0   0   0   0   0   2  17  27   0   2  27   0   0   1   0   5  15  1.04 0.52
  130 I   -4 -4 -6 -6 -2 -6 -6 -6 -4  6  1 -6 -1  0 -6 -5 -2 -5  2  4    1   1   0   0   1   0   0   0   0  40  13   0   1   4   0   0   2   0   6  28  1.17 0.57
  131 L    0 -5 -6 -6 -2 -5 -4 -4 -5  2  4 -5  0  4 -5 -4 -2 -4 -2  3    7   0   0   0   1   0   1   1   0  11  39   0   1  16   0   1   2   0   1  16  0.81 0.45
  132 L   -1 -5 -4 -5  5 -5 -5 -2 -6  0  1 -5  1 -3 -5  3  5 -6 -5 -1    4   0   0   0  11   0   0   3   0   4  11   0   4   1   0  19  37   0   0   4  0.91 0.58
  133 G   -2 -7 -5 -6 -2 -6 -5  7 -7 -7 -4 -6 -7 -7 -4  0 -1 -7 -7 -4    3   0   0   0   1   0   0  77   0   0   3   0   0   0   1   7   4   0   0   1  1.93 0.90
  134 S   -2 -6 -3 -4 -6 -6 -6 -6 -6 -8 -8 -6 -2 -8 -5  8 -3 -8 -7 -5    2   0   1   1   0   0   0   0   0   0   0   0   1   0   0  91   1   0   0   1  2.46 1.21
  135 S    0 -3  2 -1 -4  1  1 -3  1 -1 -1 -1  0 -3 -1  4  0 -5 -1 -1    6   1   9   3   0   5  10   2   3   4   6   4   2   1   2  33   4   0   2   3  0.34 0.32
  136 I    1  0 -1 -1 -2  0 -2 -2 -1  1  0 -1  1  0 -1  1 -1 -3  1  2   13   7   2   4   1   3   1   2   1   8   9   3   3   4   3  10   3   0   7  16  0.09 0.13
  137 S   -1  0 -2  0 -4 -2 -1  3  3 -2 -1 -1 -3  1 -1  3 -1  1 -1 -2    4   6   1   5   0   1   3  19   6   2   7   3   0   6   3  23   3   2   2   3  0.25 0.25
  138 M   -2 -3 -3 -4 -4 -1 -3 -4 -3  1  4 -1  5  1 -5 -1 -1  2 -1  0    2   1   1   1   0   4   2   1   1   6  39   4  16   4   0   4   4   2   2   5  0.61 0.39
  139 M   -1 -4 -4 -6 -5 -3 -5 -6 -5  0  4 -2  6  2 -5 -1 -2 -5 -1  1    5   1   1   0   0   1   0   0   0   5  38   2  23   7   0   4   3   0   2   7  0.88 0.52
  140 E   -2  2  0  0 -5  1  3 -1  3 -1 -3  2 -2 -3 -4  1 -1 -4 -1 -3    2  10   3   5   0   7  19   4   6   4   3  13   1   1   0  13   4   0   3   1  0.31 0.29
  141 D   -2  3  1  2 -5  2  2 -1 -1 -4 -2  3 -4 -4 -3  0 -3 -2 -3 -4    2  18   7  13   0   7  11   5   2   1   4  18   0   0   1   8   1   1   1   1  0.48 0.37
  142 A   -1 -1 -1 -1 -3 -2  0 -1 -1  3  1 -2  1  2 -3 -1 -1 -2  0  1    3   4   2   4   0   1   8   6   1  19  16   2   3   8   1   4   3   0   3  11  0.14 0.15
  143 I   -2 -3 -1 -4 -4 -2 -3 -4 -3  2  3 -3  2  4 -3 -3 -2 -3 -1  1    2   1   3   1   0   2   2   1   1  12  34   2   4  19   1   1   3   0   2  10  0.58 0.34
  144 S    0 -2  1  3 -3  1  0  1  0 -2 -3 -1 -3 -3  0  3  0 -4 -1 -1    8   2   6  15   0   5   4  12   2   2   3   3   0   1   4  23   4   0   3   4  0.26 0.24
  145 Y    0  0 -1  0 -2  0  1  0  1 -2 -3  0 -1 -1  1  1  1 -3  2 -2    6   4   2   5   1   5   8   7   3   2   2   7   1   3   7  14  11   0   9   2  0.15 0.17
  146 K    0  1  2 -1 -3  0  1  1  0 -3 -3  3 -3 -1 -2  2  0 -2 -2 -3    6   7   9   3   1   4   9   9   2   1   2  20   0   2   1  15   5   1   1   1  0.26 0.23
  147 S    1  1  0  0 -3  0  4 -2 -3 -3 -3 -1 -1 -2 -3  3 -1 -4 -3 -3   10   7   5   5   0   3  24   3   0   1   3   3   2   2   1  27   2   0   1   2  0.45 0.33
  148 P   -2 -3 -2 -1 -4 -2 -1  0 -2 -2 -2 -2  0 -3  6  1 -1 -4  0 -3    3   2   2   3   0   2   4   6   1   2   5   2   3   1  42  12   4   0   3   2  0.83 0.44
  149 L   -3 -5 -2 -4 -2 -5 -4 -4 -5  0  6 -4  0  2 -2 -4 -3 -5 -4 -2    2   0   2   1   1   0   1   1   0   3  68   1   2   8   3   1   2   0   0   3  1.19 0.63
  150 Y    2 -2 -4 -5 -5 -2 -4 -4  1 -1  1 -3 -1  4 -2 -3  0 -3  6 -2   18   2   1   0   0   1   1   1   3   3  14   1   1  16   2   1   7   0  23   2  0.67 0.45
  151 G   -1 -3 -2 -3 -6 -3 -4  7 -2 -7 -6 -4 -2 -5 -3 -1 -3 -6 -1 -7    5   1   2   2   0   1   1  72   1   0   1   1   1   1   2   4   2   0   2   0  1.63 0.83
  152 R   -4  8 -3 -3 -7 -1 -3  1 -1 -3 -4 -2 -3 -2 -5 -2 -4 -7 -4 -5    1  68   1   2   0   2   2   9   1   2   2   1   1   2   1   3   1   0   1   1  1.68 0.88
  153 R    1  3 -2 -3  0 -1 -2 -1  0 -1 -1  1 -1  2  0  0 -2 -1  2 -2   15  21   1   1   2   2   2   4   2   4   5   7   2  10   4   6   1   1   7   2  0.24 0.22
  154 T   -1 -2 -1  1  0 -2  0  0  0  1 -2 -1  0  0 -2  0  2 -3  1  2    5   1   2  10   2   1   7   6   2   8   3   4   2   3   2   6  15   0   6  15  0.11 0.16
  155 A    1  0 -1 -2 -1 -1  0  1  1  0  0  0  0 -1 -2  0  0  1  2  0   13   6   3   2   1   2   7   9   4   6   8   5   3   2   1   5   4   2  10   5  0.05 0.08
  156 S   -2  0 -2 -2 -4  1  2 -3  0  2  0  0  0  0 -1 -1  0  0  1  0    2   6   1   2   0   7  19   1   3  12  10   5   2   4   3   5   5   1   6   7  0.15 0.18
  157 I   -4 -4 -6 -6 -3 -5 -4 -5 -2  5  2 -3  3  3 -5 -4 -3  2  2  1    1   1   0   0   0   0   1   1   1  32  21   2   8  11   0   1   1   2   6  10  0.84 0.47
  158 E   -2  2  0 -1 -3  1  3 -4  4 -2 -3  3 -2 -3 -1 -2  0 -2  0 -1    2  12   5   3   0   5  20   0  10   2   2  17   1   1   2   2   6   0   4   4  0.41 0.32
  159 L   -2 -4 -4 -1  0 -3 -2 -5 -4  2  4 -4  3  0 -4 -2 -1 -4  0  2    2   0   0   5   2   0   3   1   0  13  41   0   7   3   0   2   2   0   3  14  0.54 0.33
  160 K    0  1  0  1 -3  0  1  0  1 -3 -1  1 -1 -1  0  0 -1  0  0 -2    6  10   5  11   0   4   7   8   4   0   7  11   2   3   4   7   4   1   4   2  0.10 0.11
  161 E   -1  1 -1 -1 -5  0  1 -2  2 -1 -1 -1 -4  0  6 -1 -1 -5 -4 -4    4   7   3   3   0   4   9   3   5   3   6   3   0   5  39   4   3   0   0   0  0.71 0.42
  162 L   -2 -4 -4 -1  0 -4 -2 -5 -4  2  2 -4  2  4 -2 -4 -1  4  0  0    3   0   0   5   3   0   3   0   0  15  24   0   6  22   3   0   3   6   3   6  0.52 0.35
  163 K    0  0  0  0  2  0  0 -1  1  0 -1  0  1  0  0  0  0 -2  1  0    5   5   5   5   5   5   5   5   5   5   5   5   5   5   5   5   5   0   5   5  0.03 0.05
  164 F   -2  0 -3 -3 -1 -1 -2 -1 -1  0  0 -1 -1  5  2 -1 -1  1  3 -1    3   6   2   2   2   3   3   4   2   6  10   4   2  19  10   5   3   2  10   4  0.36 0.25
  165 K    0  0 -1  0 -6  0  2  0  1 -1 -1  0 -1  3 -1  0  0  1 -1 -2    7   6   3   5   0   5  15   7   3   3   5   6   2  12   3   8   5   2   2   3  0.17 0.16
  166 D   -4 -2 -2  2 -1 -1  5 -4  2 -3 -2 -1  0 -3 -3 -3  0  1  0 -1    2   2   2  12   2   2  36   2   5   2   5   4   2   2   2   2   5   2   4   5  0.68 0.48
  167 L    0 -3 -3 -5 -1 -2 -3 -3 -1  2  2 -3  2  2 -2  1 -2  0  2  1    8   1   1   0   1   2   2   2   1  11  21   2   5   7   2  13   2   1   6   9  0.28 0.25
  168 K    0  2  0 -1  1  1  0  0  0 -1  0  1  0  0  0  0  0 -3  0 -1    5  12   4   3   3   6   4   6   3   4   8   9   3   5   4   6   6   0   4   5  0.04 0.07
  169 G    0  0  1  1 -4  1  2 -1  1 -1 -2  0  0  0 -1  0 -1  2  0 -1    8   4   7   9   0   5  18   5   3   3   4   6   3   4   3   4   4   3   3   4  0.13 0.16
  170 F    0 -2 -1 -2  0 -1 -2 -2  1  0  1 -2  0  5 -1 -1 -2  2  3 -1    7   2   3   2   2   3   2   4   4   6  12   2   3  24   4   4   3   2   8   5  0.31 0.25
  171 N    0  0  2  1 -4  0  1  2  1 -2 -2  0 -3  0  0  1 -1 -4 -1 -2    6   4   9   9   0   4   8  16   4   2   4   6   0   4   5   9   4   0   3   3  0.15 0.16
  172 F   -1  0 -1 -1 -1 -1 -1  1  0  1  0  0 -1  1  0 -1 -1  1  3  0    4   4   3   3   1   2   4  10   2   8  11   8   1   7   4   3   4   2  12   7  0.08 0.10
  173 S   -1 -1  1  2  0  0  1 -1  0 -2 -2  0  0 -2  1  2  2 -5 -1 -4    5   3   6  13   2   5   7   4   3   3   4   5   2   2   6  18  11   0   2   0  0.20 0.23
  174 L    0  0  0  0  0  0  0 -1  0  0  0  0  0  0  1 -1 -1  2  0  0    6   4   4   4   2   4   7   5   3   6  13   6   2   4   9   4   3   4   3   7  0.04 0.05
  175 I   -1  0  0  2 -5  1  4 -2  1  0 -2  0  0 -1 -1 -1 -1  1  0 -2    5   4   4  13   0   5  25   4   3   5   5   4   2   3   3   5   3   2   3   3  0.27 0.27
  176 D   -2 -1  0  4 -1  0  4 -2  1 -3 -4 -1 -1 -2 -2 -1 -1 -6 -2 -3    3   3   5  23   2   5  29   3   3   2   2   3   2   2   2   4   4   0   1   2  0.60 0.45
  177 A    1 -2 -1 -1  0 -1 -1  0 -1  1  2 -1  0  0 -1 -1 -1  3  1  0   14   2   2   3   2   3   3   8   2   8  22   3   2   4   3   4   3   4   5   5  0.11 0.13
  178 I   -1  0 -2 -2 -1 -1  0 -3 -4  2  2 -1  1  2 -2 -2 -2  3 -1  1    5   5   1   3   1   2   8   2   0  12  23   4   3   8   2   3   1   4   2  11  0.24 0.21
  179 H    0  3  0  0 -1  0  2 -3  0 -1 -1  2 -1 -2 -1 -1  0  1  0 -1    6  14   5   5   1   4  16   2   2   3   6  11   2   1   2   5   5   2   4   4  0.19 0.19
  180 V    1 -1 -1 -1 -1  0  1 -3 -1  2  1 -1  0  2 -4 -1 -1  1  1  0   11   4   3   4   1   3   9   2   1  12  15   3   2   8   0   4   4   2   4   7  0.11 0.12
  181 Y   -3 -1 -3 -3 -6 -3 -4 -1  1 -3  0 -4 -5  2 -6 -4 -4  5  8  0    2   3   1   2   0   1   1   6   3   1  10   1   0   7   0   2   1   8  42   7  1.27 0.72
  182 G    1  0 -1  0  0 -2 -1  2 -1  0  1 -2  3  0 -3  0 -1  2 -2 -1   11   5   2   5   2   2   5  16   2   4  14   2   9   3   1   7   4   3   1   3  0.15 0.16
  183 F   -3 -1 -2 -2 -1 -2  0 -3 -2  2  2 -2  1  2 -4 -2 -1 -2  2  2    2   4   2   3   1   2   8   2   1  12  18   3   3   9   1   3   5   1   7  15  0.27 0.21
  184 A   -2  1 -3 -4 -2 -2 -3 -3 -1 -1  1 -1 -2  3  1  0  2  0  3  0    3   9   1   1   1   2   2   2   1   4  13   4   1  12   7   6  12   1   9   8  0.28 0.25
  185 G   -4 -3 -3  3 -8 -3 -5  6 -7 -5 -6 -2 -2 -4 -3 -3 -5  2 -2 -5    1   2   2  14   0   1   1  62   0   1   1   3   1   1   2   2   1   3   1   1  1.57 0.86
  186 G   -2 -2 -3 -6 -1 -6 -4  7 -3 -3 -3 -2 -3 -2 -7 -2 -2 -1 -3 -5    4   2   1   0   1   0   1  67   1   2   3   3   1   2   0   4   3   1   1   1  1.54 0.82
  187 V   -2 -4 -2 -2 -5 -3 -4 -6  1  4  1 -3  3  4 -2 -3 -2  0  3  2    3   1   2   2   0   1   1   0   3  22  10   1   6  16   2   2   2   1  10  13  0.63 0.38
  188 P    0 -4 -6 -4 -7 -4 -3 -5 -3 -3 -2 -3 -2 -7  8 -4 -1 -7 -4 -2    7   1   0   1   0   1   2   1   1   2   5   2   1   0  65   2   4   0   1   4  1.84 1.00
  189 F    0  1 -2 -2 -4 -1  1  2 -1 -3  0  1 -1  1 -1 -1 -2  4  2 -2    8   7   1   2   0   2  10  15   2   1   9   9   1   6   4   5   2   6   7   2  0.20 0.20
  190 Y   -2 -4 -3 -4 -3 -5 -2 -5 -1 -1 -3 -4 -2  1 -4 -2 -2  6  8  1    4   1   1   1   1   0   4   1   2   4   3   1   1   6   1   3   3   9  46   9  1.41 0.73
  191 L   -2 -1 -7 -2  1 -2 -3 -7  0  2  4 -6  2  0 -1 -3 -1  2  1  1    3   3   0   3   3   2   3   0   2  12  32   0   4   4   4   3   4   2   5  11  0.53 0.31
  192 T    0  0  0  1  0  1  1  0  0 -1  0  0  0 -1 -1  0  0  1  0  0    8   6   5   7   2   6  12   7   2   4   8   4   3   2   3   5   5   2   3   7  0.04 0.05
  193 K   -1  0  1  2  0  0  0 -2  1  0  0  0  1  0 -1 -1 -1  1  1  0    6   6   6  10   2   5   7   3   3   5  10   5   4   4   2   5   4   2   5   5  0.05 0.05
  194 A    0 -1  0  0 -5 -1 -1 -1  0  0 -1  0  0  3 -1  0  0  1  1  1    7   4   4   6   0   3   3   5   3   5   6   5   2  14   3   7   5   2   4  11  0.12 0.10
  195 K   -2  2  2  2  1  0  1  1 -1 -2 -3  2 -1 -2 -3  1 -1 -7 -1 -3    3  10   8  10   3   4  10  12   1   3   3  13   1   2   2   9   3   0   2   2  0.26 0.22
  196 T    0  0  0  1 -1 -1  2 -2  0 -1 -1  1  0 -1  0  0  1 -1  1 -2    7   6   5   8   2   3  12   3   2   4   8   8   2   3   5   6   7   1   4   3  0.08 0.09
  197 P   -1  0  1  3 -3 -1  1 -2 -2 -1 -2 -1 -2 -2  2  1  0  2 -1 -2    5   5   6  15   1   2  10   4   1   4   4   3   1   2  11  11   6   3   2   3  0.23 0.22
  198 F   -1  1 -3 -1 -2 -2 -1 -2  1  1  0 -1  0  3 -1  0 -1  3  2  1    5   7   1   3   1   2   5   3   3   9  11   4   2  11   3   7   4   4   7   9  0.17 0.13
  199 L   -2  2 -2  1 -7  0  2 -1 -1 -2  1  3  0 -1 -3 -1 -1  3 -1 -1    4   9   2   8   0   4  13   4   1   3  12  14   2   2   2   6   3   4   2   5  0.22 0.19
  200 K    0  2  0  2 -7  0  4 -3 -2 -4 -2  2 -1 -3 -3  0 -2 -2 -1 -3    8  10   4  12   0   5  22   2   1   1   5  10   2   1   2   7   3   1   2   2  0.41 0.32
  201 W    1 -1  3  0 -3 -2  0 -1 -2  0 -1 -1  2  1 -4 -1 -1  6  3 -2   10   4  11   6   1   2   7   5   1   5   5   4   4   5   1   5   4   9   9   3  0.29 0.23
  202 I   -2  0 -5 -6 -3 -4 -3 -2 -2  5  3  0  2 -1 -4 -4 -2 -3  2  1    4   5   1   1   1   1   3   3   1  25  22   5   5   3   1   1   3   0   6  10  0.61 0.35
  203 N   -2  2  1  1  0  0  2 -2 -2  1  1  0 -2 -1 -1 -1 -1  0  0 -2    3  10   6   7   2   5  13   4   1   7  12   7   1   3   3   4   5   1   4   3  0.14 0.13
  204 A   -1  2  1  2 -3  0  2 -1 -1 -2 -1  1 -1 -1 -4 -1 -1 -2  2 -2    5  12   7  11   1   4  15   5   2   2   6   7   2   2   1   5   4   1   6   4  0.24 0.21
  205 E   -1 -1  1  0 -3  0  1 -3  0  0  1  1  0  0 -4  0  0 -1  3  0    5   4   6   5   0   4  10   2   2   5  12   8   3   4   1   6   7   1   9   6  0.11 0.11
  206 L   -2 -1 -3 -2 -7 -3 -1 -4 -3  4  3 -1 -1  3 -5 -3 -3 -1  1  1    3   4   1   2   0   2   5   2   1  22  22   4   1  11   1   2   2   1   4   9  0.56 0.32
  207 K   -1  1 -1 -2 -2  0  2 -2 -1  1  1  0 -1  3 -3 -1 -1 -5  2 -1    5   7   3   3   1   4  11   3   2   7  15   7   2  11   2   5   3   0   6   4  0.17 0.14
  208 E   -1  2  0  1 -2  0  3 -3 -3  1 -2  0  0 -2 -3  1  0 -6  0 -2    4  11   4   9   1   4  17   2   1   8   5   6   2   2   2  10   6   0   4   3  0.24 0.20
  209 V    1  1  0  0 -4 -1  0 -2 -2  0 -1  1 -2 -2  1  0  0 -5  1  1   13   6   5   6   0   3   6   4   1   5   5   8   1   2   8   5   7   0   4  10  0.10 0.11
  210 D   -2  0  2  3 -5 -1  0  0 -5  1 -1 -2 -1 -1 -3  2  1 -2  1  0    3   5  10  14   0   3   6   8   0   7   6   3   2   3   1  12   7   1   5   6  0.20 0.17
  211 S    0 -1 -1 -1 -2 -1  1  0 -2  0 -2  0  0 -2  1  3  2 -4  0 -2    7   4   3   3   1   2   9   7   1   6   4   6   3   1   6  19  10   0   3   3  0.17 0.19
  212 F   -1 -1 -3 -3 -3 -2 -2 -4 -2  2  1 -4  1  3  1 -3 -1 -1  6  1    6   3   1   2   1   2   2   2   1  10  11   1   3  10   7   2   4   1  22   8  0.53 0.35
  213 I   -1 -3 -4 -5 -6 -4 -3 -4 -6  3  5 -4  1  3 -6 -4  0 -3 -2  1    6   1   1   1   0   1   2   2   0  13  43   1   3   9   0   1   5   0   1   8  0.81 0.45
  214 K   -3  3 -2 -1 -3 -1  1 -3  0  0  0  2  0  1 -5 -2 -2 -5  4 -1    2  17   2   3   1   3   9   2   2   4  10  13   3   5   0   3   3   0  13   4  0.38 0.30
  215 D   -2  1  1  4 -5 -1  3  0 -1 -3 -3  0 -3 -5 -1  0 -1 -5 -2 -2    4   8   6  22   0   3  19   9   1   1   2   5   1   0   3   6   4   0   2   3  0.45 0.33
  216 E   -1 -2  0  2 -5 -2  5 -1 -3  1 -1 -2 -3 -3 -4 -1 -2 -5 -2 -2    5   3   4  11   0   1  38   4   1   9   7   3   1   1   1   5   2   0   2   3  0.64 0.44
  217 I    1 -2 -3 -3 -2 -3 -4  0 -3  2  0  1  0  0  0 -2 -1 -1 -2  3   13   2   1   1   1   1   1   8   0  13  10  11   2   4   5   3   3   1   2  17  0.26 0.21
  218 D   -2  2 -1  3 -2  0  2 -1 -1 -3 -3  3  1 -3  1 -1 -2 -3 -3 -3    3  11   3  15   1   4  14   5   2   2   3  15   4   1   7   4   3   0   1   2  0.36 0.29
  219 F   -1  2  2  0 -4  1  0 -2  1  0  0  0  0  1 -3 -1 -1 -2  0 -1    6  12  11   6   0   5   7   3   3   6   8   5   3   7   1   4   3   0   4   5  0.13 0.14
  220 M   -1 -1 -2 -3 -5 -4 -2 -4 -2  3  4 -3  2  1 -4 -4 -2 -5  1  1    5   4   3   2   0   1   3   2   1  14  37   2   4   5   1   1   3   0   5   7  0.55 0.34
  221 L   -2 -2 -3 -3 -5 -2 -2 -3 -5  3  4 -3  2  1 -3 -3 -1 -2 -2  0    4   2   2   2   0   2   3   2   0  15  40   2   4   6   1   2   4   1   2   6  0.58 0.37
  222 R    0  3  0 -1 -4  1  1 -1 -1  1  0  1  1 -1 -2  0  0 -1 -2 -1    7  17   4   3   0   6   8   4   1   8   7   7   4   3   2   7   4   1   1   4  0.14 0.16
  223 Y    0  2  0  1 -5  0  4 -1  0 -2 -3  0 -2 -2 -3  1 -1 -2  2 -3    7   9   4   7   0   5  27   5   2   3   3   5   1   2   1   9   3   1   6   1  0.37 0.32
  224 E   -4  0  2  1 -3 -1  5 -2 -2 -1 -1 -1 -2  1 -2 -1 -2 -5 -2 -2    1   5   8   7   1   3  37   3   1   4   6   4   1   5   2   4   3   0   1   4  0.55 0.41
  225 F   -2 -4 -5 -2 -5 -3 -1  0 -3  3  2 -2 -1  4 -2 -3 -2  0 -2  1    4   1   0   3   0   1   5   8   1  15  21   2   1  19   2   1   3   1   1  11  0.45 0.30
  226 S    0  5  1 -1 -4 -1 -1  0 -1 -4 -2  2 -2 -4 -2  2  0 -2 -1 -4    6  26   6   3   0   2   4   8   1   1   4  12   1   1   2  13   5   1   2   1  0.44 0.35
  227 E   -1  1  3  3 -6  0  4 -4 -2 -5 -4  2 -1 -5 -3 -2 -2 -6 -6 -4    5   6  14  17   0   4  26   1   1   1   2  13   1   1   1   3   3   0   0   1  0.71 0.49
  228 I   -3 -1 -3 -4 -5 -1 -2 -4 -1  1  3 -2  1  0  3  0 -1 -3  3  0    2   3   1   1   0   3   3   1   2   9  27   2   3   3  14   8   3   0  10   7  0.40 0.32
  229 G    0  3 -1 -1 -3  0  1  0  0 -2 -2  0 -1 -3  0  2  1 -1 -3 -2    9  14   2   3   1   3  10   8   3   2   4   6   1   1   4  17   8   1   1   3  0.21 0.23
  230 T   -1  4  1 -2 -2 -1 -2 -3 -2  0 -1  0 -1 -4 -3  0  2 -3 -2  1    6  21   7   2   1   3   3   2   1   6   7   6   1   1   1   6  15   0   1  10  0.32 0.27
  231 Y    0 -4 -6 -5 -6 -2 -4 -6  0 -2  2 -4  0  3 -2 -4 -4 -4  8 -3    8   1   0   1   0   2   2   1   2   3  17   1   2  11   2   1   1   0  42   2  1.31 0.72
  232 K   -2  2  0 -2 -3 -1  0 -3  1  0  1  1  1  3 -4 -1 -2  2  1  0    2  11   5   2   0   3   8   2   3   5  12   9   3  13   1   6   2   3   5   5  0.22 0.20
  233 E    1  2  1  0 -4  0  1 -2 -3 -2 -1  1 -1 -2 -4  2  1 -2 -1 -2   11  10   8   6   0   4   7   3   0   3   7  10   1   1   0  15   8   1   2   3  0.19 0.21
  234 I   -2 -5 -7 -7 -6 -4 -5 -7 -7  6  2 -6  3  1 -6 -4 -2 -6 -2  2    4   1   0   0   0   1   1   0   0  44  18   0   5   6   0   1   2   0   1  14  1.22 0.63
  235 L   -4 -5 -5 -7 -3 -5 -6 -6 -7  2  6 -6  3 -1 -6 -5 -4 -3 -4  0    2   1   1   0   1   1   1   1   0   8  65   1   7   3   1   1   1   0   1   6  1.43 0.76
  236 H    1  3 -1 -1 -1  0  1 -2  0 -2 -2  3 -2 -5 -5  2 -1 -6 -1 -3   12  15   3   3   2   4  11   3   2   2   4  15   1   0   0  15   4   0   2   2  0.33 0.31
  237 A    5 -3 -2 -4  0 -1 -3 -1  1 -2  1 -2  0 -1 -4  1 -2 -6  0 -1   40   1   2   1   2   3   2   4   3   2  13   3   2   2   1   9   3   0   3   4  0.52 0.41
  238 I   -3 -3 -3 -6  2 -3 -5 -5 -2  6  3 -5 -1 -4 -5 -4 -3 -6 -2  2    3   2   2   1   4   2   1   1   1  37  27   1   1   1   1   2   1   0   1  13  1.01 0.55
  239 S    5 -2 -3 -3 -4 -1 -3  0 -1 -1 -4 -3 -1 -3 -4  2 -2 -6 -4 -1   51   3   1   2   0   3   2   7   2   4   1   2   1   1   1  14   2   0   1   4  0.88 0.59
  240 S   -1  0  1  0 -4 -1  1  2 -1 -2  0  0  0  0 -2  2 -1 -4 -2 -1    4   5   8   4   0   2   8  19   1   2   9   5   2   4   2  16   4   0   1   4  0.18 0.19
  241 G   -1 -1  0 -2 -5 -1 -2  6 -3 -5 -1 -2 -2 -3 -4  1 -2 -4 -5 -4    4   4   5   2   0   3   2  50   1   1   6   2   1   1   1  11   2   0   0   1  0.92 0.54
  242 K    0  1  0 -1  1  1  1 -3  0  0  0  2  0 -1  0 -1 -1 -1  2 -1    6   6   6   3   3   6  10   1   2   7   9  16   3   2   4   3   3   1   7   4  0.12 0.14
  243 N   -1  1  2 -1 -3 -1  0  0  1 -1  0  0  0 -1  0  0  2  2 -1  0    4   7  11   3   0   2   5   6   5   2   9   5   2   2   4   7  15   3   2   7  0.10 0.14
  244 T   -1  2  2 -1  1 -1 -1 -2  0 -2 -2  1  0 -1 -2  2  2 -4  0 -1    4  11   9   3   4   3   2   3   2   2   3   9   2   3   2  18  14   0   3   4  0.22 0.26
  245 L   -1  0 -1 -2 -4  1 -1 -3  0  0  1 -1  1  1  0  0 -1  5  3 -1    5   6   2   2   0   6   3   2   2   5  14   3   3   5   5   8   4   9  11   5  0.21 0.22
  246 G    0 -1  2 -2 -4 -2  0  2  0 -3 -3  1 -2 -1 -2  3  0 -5 -1 -2    7   3  10   1   0   1   6  14   2   1   2   9   1   3   2  28   5   0   2   3  0.34 0.33
  247 E   -1  0  0  2 -5  1  4 -1 -2 -3 -3  2 -3 -3 -4  2 -1 -5 -3 -3    4   4   3  10   0   7  32   4   1   1   3  11   1   1   0  13   3   0   1   1  0.52 0.42
  248 I   -1 -2 -4 -6 -5 -3 -4 -6 -6  6  2 -4  0 -2 -4 -3 -4 -6 -3  1    5   3   1   0   0   1   1   0   0  51  21   1   2   1   1   2   1   0   1   8  1.15 0.63
  249 K    2  1 -1 -1 -1 -1  1  0 -1 -2 -1  2 -1 -1 -2  0 -2 -4 -1 -2   22   6   3   3   1   2  10   7   1   1   7  16   2   3   1   7   2   0   2   3  0.18 0.22
  250 D   -1  1  4  2 -5  1  0  0  0 -5 -3  1 -2 -3 -3  2 -1 -5 -2 -3    4   8  18  13   0   5   5   8   2   0   2   9   1   1   1  16   4   0   1   2  0.36 0.32
  251 F    0  1 -1  0 -2 -1  0 -2  1  0  0  0  0  1 -3  0  0  0  3  0    8   7   3   5   1   2   4   2   4   5   8   7   2   6   1   6   7   1  14   5  0.10 0.13
  252 V    1 -2 -1 -4  0 -2 -2 -2 -2  2  3 -2  0  0 -4  0  2 -4 -3  1   10   1   3   0   2   1   2   3   1  11  30   3   2   4   0   6  12   0   0   9  0.28 0.26
  253 R    0  1  0 -1 -4  0  1  3  0  0 -2  1 -1 -2 -2  0 -1 -1 -1 -2    7   7   3   3   0   5   9  28   2   5   3   8   1   1   1   5   3   1   2   3  0.25 0.23
  254 I    0 -2  1 -2 -3 -1 -2 -3 -1  2  1 -1  2  0 -1  2  0 -3  0  1    8   1   7   2   0   2   2   1   2  12  14   2   6   3   2  15   6   0   3  10  0.14 0.17
  255 S    0  0  1  2 -4 -1  1  0  1 -2 -3  0 -2 -3  1  2  0 -5 -4 -2    7   4   7  14   0   1   9   6   4   2   2   6   1   1   6  20   6   0   0   3  0.25 0.25
  256 G    1  0  0 -1 -2  0 -2  3 -1 -3 -5  3 -1 -5  0  2  1 -1 -2 -2    9   5   4   3   1   3   2  19   1   1   0  17   2   0   5  15   9   1   1   2  0.33 0.32
  257 D   -1 -2  3  1 -4  0  0 -1  1 -3 -3  0 -2 -3 -2  2  4 -5 -2 -2    4   2  12   7   0   4   7   4   3   1   2   6   1   1   2  13  25   0   2   3  0.36 0.35
  258 V   -3 -4 -6 -4 -2 -5 -3 -4 -3  4  2 -3  0  0 -2 -4  0 -5 -1  4    2   1   0   1   1   0   2   1   1  25  21   1   2   4   2   1   5   0   2  27  0.71 0.46
  259 S    1 -1  0 -1 -4  0  0  1 -1 -2 -2  0  0 -3 -1  3  1 -4  1 -1   11   3   5   3   0   5   5  12   1   2   3   6   2   1   2  23   9   0   5   3  0.22 0.25
  260 S   -1  3  2  0 -5 -1  0  0  1 -4 -3  3 -3 -3  0  2 -1 -5 -2 -2    5  15   9   4   0   1   6   7   4   0   2  18   0   1   5  14   3   0   1   4  0.32 0.29
  261 Y   -1 -2 -5 -5 -2 -4 -4 -4  0  0  0 -4 -1  0 -3 -3 -4  3  8 -2    6   2   1   1   1   1   1   2   2   5   9   1   2   3   1   2   1   4  55   3  1.54 0.82
  262 L   -4 -4 -8 -8 -6 -7 -7 -5 -7  3  6 -7  2 -2 -7 -7 -4 -6 -3  0    1   1   0   0   0   0   0   1   0  14  69   0   5   1   0   0   1   0   1   5  1.57 0.80
  263 N   -2  2  2  3  0  1  2 -2  1 -5 -4  3 -1 -4 -4  1 -1 -1 -2 -4    3   9  10  16   2   5  11   2   3   0   1  17   1   0   0  12   3   1   1   1  0.44 0.36
  264 K    0  0  3 -1 -2 -1 -1 -2 -1  1  0  1 -1 -1 -4 -1  0 -2  2  0    7   5  16   3   1   3   3   2   2   7  12  10   1   2   0   3   7   0   9   8  0.15 0.19
  265 L   -2 -7 -5 -8 -2 -7 -7 -8 -7 -2  6 -5  1 -1 -8 -3 -3 -7 -6 -3    3   0   1   0   1   0   0   0   0   1  82   1   2   2   0   2   2   0   0   1  1.81 0.92
  266 E   -2 -1 -2 -1  0  0  5 -3 -3  2 -1 -1  0 -1 -5 -1 -1 -5 -2  1    3   3   2   2   2   4  35   2   1  12   7   3   3   2   0   4   4   0   1  10  0.43 0.37
  267 K   -1  1  2  4 -3  1  2 -2 -2 -4 -4  3 -2 -4 -4  1  0 -2 -3 -3    6   8   8  22   1   5  13   3   1   0   1  16   1   0   0   9   5   1   1   2  0.46 0.36
  268 I    1 -2 -1 -3  0 -3 -3 -4 -2 -1  1  0  4  2 -3  1  0 -4  3 -1   14   1   3   1   2   1   1   1   1   2  15   6  12   7   1  12   6   0  11   4  0.30 0.30
  269 G   -3 -3  1  1 -2 -3  1  3  1 -4 -3 -2 -1  4 -4  0 -3 -4  3 -5    2   1   7   8   1   1   9  26   3   1   2   2   2  16   1   8   1   0  11   0  0.54 0.40
  270 I   -4 -6 -7 -7 -5 -4 -6 -6 -3  5  4 -2  1  3 -6 -6 -3  3  1  1    1   0   0   0   0   1   0   1   1  29  32   3   3  13   0   0   1   3   4   9  0.98 0.55
  271 I   -4 -6 -7 -5 -1 -6 -3 -5 -7  6  2 -4 -3  1 -6 -4 -4 -6 -5  4    1   0   0   1   1   0   2   1   0  39  19   1   0   5   0   1   1   0   0  28  1.19 0.62
  272 G   -2  2 -1  0 -3  0  3 -1 -1 -2 -2  1 -2  0 -2  0  0 -2  3 -1    3  14   2   4   0   3  18   4   1   2   3  10   1   5   1   6   6   0  10   5  0.24 0.24
  273 K   -2  5 -3 -3 -6  0  0 -2 -2 -4 -2  5 -3 -2 -1 -2 -3 -6 -1 -4    4  27   1   1   0   3   5   3   1   1   4  37   0   2   3   3   2   0   2   1  0.87 0.55
  274 E    0  0 -1 -2  0  0  3 -3 -1  2  1  0  0 -2 -2 -2 -1 -2  0  2    6   5   3   1   2   4  20   1   1  11  13   4   2   1   1   3   2   1   3  16  0.19 0.20
  275 F   -1  1 -1 -1 -3  0  0 -2  0  0  0  0 -1  1  1  0  0 -1  1  0    3   9   3   4   0   5   5   2   3   6  12   6   1   7   9   5   5   1   7   8  0.06 0.08
  276 P   -1  2 -2  1 -1 -2 -2 -3 -3 -2 -3  0 -4 -3  6  1 -2 -4 -3 -2    6  13   2   7   1   1   2   2   0   3   2   6   0   1  38   9   2   0   1   3  0.79 0.44
  277 Y   -1 -1 -1 -2 -3 -1 -2 -3  0  1  1 -1 -1  3 -3 -2 -2  2  5  1    4   4   2   2   0   3   2   2   2  10  11   4   1  12   1   3   2   3  21  10  0.38 0.24
  278 K   -1  0  0  2 -1 -1  0  1  0 -2 -1  1 -1  2 -2  0  1  1  1 -2    4   6   3  11   1   1   7  10   3   2   7   8   2  10   1   7   9   2   4   2  0.08 0.10
  279 M    0  0  0 -1 -2  0  1  1 -2  1 -1  1  0 -2  0  1  0 -3 -1  0    8   6   4   3   0   2   9  10   0  11   6   9   2   2   4  10   5   0   1   6  0.06 0.07
  280 K   -1  4  2 -1 -4 -1 -1 -1 -2 -3 -3  4 -1 -4 -2  1 -1 -4 -3 -3    4  19  10   2   0   2   3   4   1   1   3  30   1   1   2  10   4   0   1   2  0.53 0.35
  281 K   -1  3  0 -1 -4  0  1  1 -2 -2 -3  4 -3 -1 -1  0 -2 -4 -2 -3    4  17   3   3   0   3   8  13   1   2   2  26   0   3   3   7   2   0   1   2  0.40 0.30
  282 G   -1  3  3  0 -4 -1  0  2 -2 -2 -3  3 -2 -3 -2  0 -2 -2  0 -2    5  14  14   5   0   2   6  14   1   2   2  16   1   1   2   7   2   0   4   2  0.31 0.26
  283 A    0  1  0  0 -4 -1  0  2 -1 -1 -2  3 -3 -2  1  0 -1 -2  0  0    6   7   5   4   0   2   4  15   1   3   4  18   0   2   7   8   3   1   3   7  0.15 0.16
  284 R   -2  6 -3 -2 -3 -2 -1 -3 -2 -1 -2  4 -2 -5 -5 -3 -2 -5  1  0    3  38   1   2   0   1   4   2   1   4   5  24   1   0   0   2   2   0   4   6  0.84 0.52
  285 Y   -5 -3 -3 -6 -6 -2 -4 -5  0 -1  1 -2 -4  0 -6 -3 -5  2  9 -2    1   2   1   0   0   2   1   1   2   3  14   3   0   3   0   2   1   3  58   3  1.71 0.85
  286 Y   -1  3 -2 -3 -1 -1  1 -4  0 -1 -1  1 -1 -1 -4 -1 -1  0  5  0    5  17   1   1   2   3  10   1   2   4   5   7   1   2   1   4   3   1  24   7  0.45 0.36
  287 I   -3 -4 -5 -6 -5 -4 -5 -4  0  6  1 -4 -1  4 -2 -3 -2 -5 -1  2    1   1   0   0   0   1   0   2   3  39  13   1   1  16   3   2   2   0   1  14  0.90 0.49
  288 K    1  1  1 -2 -1  1  1 -2 -2 -1 -2  2 -2 -1  0  1  1 -2  0  0   10   8   6   1   1   5   8   1   1   3   2  14   0   2   4  13   7   1   4   8  0.14 0.18
  289 D   -2 -3  0  7 -6 -3 -1 -3  1 -2 -4 -2 -3 -3 -3  1 -2 -6 -5 -4    4   1   3  60   0   1   3   2   3   3   2   2   1   1   2   9   2   0   0   1  1.35 0.72
  290 N   -3  0  4 -3 -5 -2 -2 -3  0 -3 -3  2 -3 -4  5  1  0 -6 -5 -3    1   5  17   1   0   2   2   1   3   1   3  12   0   1  33  11   5   0   0   2  0.82 0.53
  291 F   -1 -2 -3 -4 -3 -2 -3  0 -3  0  1  0  2  4 -2 -1 -2 -3  4  1    4   2   1   0   0   2   1   9   0   4  11   6   5  21   2   6   1   0  13   9  0.38 0.29
  292 T   -2 -3 -4 -4 -4 -3 -4 -3 -4  2  3 -2  3  4  0 -3 -2 -3  2  1    2   1   1   1   0   1   0   2   0  11  32   3   6  15   5   1   3   0   8   8  0.55 0.35
  293 L    0  4  1  0 -4 -1  0 -2  0  0  0  1  0  0 -3  0 -1 -2  0 -1   10  23   6   5   0   2   6   2   2   5  10  10   2   4   1   5   3   0   3   3  0.20 0.20
  294 F   -2  0 -1 -4 -2 -2 -3 -4  2  0  0 -2  0  6 -3 -1 -2 -3  3 -1    3   5   4   1   1   2   1   1   5   6  10   2   3  34   1   5   2   0  10   4  0.63 0.36
  295 W    1 -3 -1 -2 -3 -3 -3 -3  2 -3 -3 -3 -2  1 -4  0 -1  9  4 -2   13   1   3   2   1   1   1   2   5   2   2   2   1   6   1   7   4  30  14   3  1.15 0.58
  296 F   -3 -4 -1 -1 -4 -4 -4 -5  0  0  3 -4 -1  6 -2 -4 -4 -2  2 -2    2   1   3   4   0   1   1   1   2   4  27   1   1  38   2   1   1   0   7   2  0.96 0.49
  297 T    0  4  0 -1 -1  0 -2 -2 -1 -2 -1  2 -1 -2 -2  0  0 -3  2 -3    6  28   4   4   1   3   2   3   1   3   5  12   1   1   1   7   7   0   8   1  0.36 0.28
  298 F    0 -1 -1  0 -1  0 -1 -1  0 -2  0  0  0  5 -3 -1 -1 -2  3 -2    6   3   3   5   1   4   3   6   2   2   8   5   3  26   1   3   4   0  11   2  0.31 0.24
  299 I   -1 -1 -1 -3 -1 -1 -1 -1 -1  3  1 -2 -1  0 -3 -1  0 -3  0  3    3   3   3   1   1   3   4   6   1  19  12   2   0   4   1   5   4   0   3  23  0.22 0.19
  300 Y    0 -2 -1  0 -4 -2  0  0  0 -1 -1 -2 -1  2 -2  0 -1  0  6 -1    8   2   3   6   0   1   8   7   2   3   5   3   1   7   2   8   3   1  27   4  0.38 0.29
  301 P   -1  2 -1 -2 -1 -1 -1 -2  0 -2 -2  2 -1 -3  5  1 -1 -4 -3 -2    4  13   3   1   1   2   4   2   2   2   5  15   1   1  26  10   4   0   1   3  0.49 0.32
  302 N   -1  0  5 -1 -2  0 -1 -1  2 -3 -3  0 -1  0 -2 -2 -1 -3  5 -2    6   6  26   4   1   4   3   4   5   1   2   6   1   3   2   2   3   0  19   3  0.51 0.34
  303 L    0  2  0 -1 -2  1 -1 -1  2  0  1  0  1  0 -2 -1  0  1  2 -1    8  11   4   3   1   8   3   4   5   5  17   4   4   3   1   3   5   2   7   2  0.08 0.11
  304 S    1  0  0  0 -1 -1  1  0 -1 -2 -2  1 -2 -2 -1  2  0 -1  2 -2   13   5   3   5   1   2   8   7   1   2   4   7   0   1   2  21   6   1   7   3  0.16 0.17
  305 L    1 -1 -1  0  0 -1  0 -1 -1  0  2 -1  1  0 -3  0  0 -2  0  0   12   4   2   5   2   3   6   5   1   6  25   3   4   4   1   5   5   0   4   5  0.07 0.11
  306 I   -2 -2 -2 -3 -2 -3  0 -3 -2  5  2 -3  0 -2 -1 -2 -2 -2  0  2    3   2   2   2   1   1   6   2   1  32  22   1   2   1   3   2   2   1   3  12  0.45 0.30
  307 E   -2 -1  1  3 -5  0  4  0  1 -4 -1  0 -4 -4 -1  0 -3 -1 -2 -2    3   3   5  17   0   4  31   8   3   1   6   5   0   0   3   6   1   1   2   3  0.48 0.36
  308 E   -1  0  2 -1 -2 -1  2 -4  2  2  1 -1  0 -1 -2 -1  0 -1 -3  0    5   6  10   2   1   2  17   0   5  13  13   2   2   3   2   5   7   1   0   4  0.16 0.19
  309 G   -1 -1  1 -1 -5  0  0  5 -2 -1 -2 -2 -1 -1  0 -2  0  1 -2 -3    5   3   6   3   0   4   6  43   1   4   3   2   2   3   5   2   5   2   1   1  0.53 0.37
  310 I   -1 -1  1  0 -3  0 -1 -2 -1  1  2 -1  0  0  0 -1  1 -2  1  1    4   3   7   5   0   4   2   3   1  10  20   3   2   5   4   4   9   0   5  10  0.08 0.12
  311 Y    0  3  0 -3 -4 -1 -1 -1 -2  0  1 -1 -1  3 -1 -2 -1  1  2  0    9  16   6   1   0   2   4   6   1   4  13   3   1  12   3   1   3   2   9   5  0.16 0.19
  312 E   -2  2  3  2 -5  1  4 -2  1 -4 -4  1 -2 -4 -3 -1 -2 -5 -2 -4    3   9  15  12   0   5  27   3   3   1   2   9   1   1   1   5   2   0   1   1  0.55 0.39
  313 I    0 -1 -2  0 -3  0  0 -2  0  1  1  0  1  0  0  0 -1 -3  1  0   10   3   1   5   0   5   8   2   2  12  18   4   3   5   4   5   3   0   5   5  0.06 0.10
  314 K    0 -1  0  0 -2 -2 -1 -2 -2  3  1 -1  0  2 -2 -1 -1 -3 -1  1    7   4   4   5   1   1   4   3   0  18  15   4   2   8   2   3   3   0   1  12  0.12 0.13
  315 E   -1  3 -1  0 -3  1  2 -1  0 -1  0  1  0 -2 -2  0 -1  1  0 -1    4  15   1   5   0   6  12   5   2   4   9  10   3   1   2   8   4   2   3   3  0.14 0.16
  316 D    0  2  1  1 -4  0  2  0 -1 -1 -1  1 -2 -1  0  0 -1 -4 -3 -2    6  14   7   9   0   4  13   9   1   3   7   7   1   3   4   7   3   0   0   3  0.15 0.15
  317 E    0  1  2  3 -2  0  1  0  1 -2 -1  1 -2 -1 -2  0  0 -3 -2 -2    9   8   9  16   1   3   8   7   4   2   5   8   1   4   2   6   5   0   1   3  0.14 0.14
  318 Y   -2 -1 -3 -4 -4 -2 -2 -3 -3  1  1 -1  1  4 -1 -2 -3  3  5 -1    3   4   1   1   0   2   2   3   0   9  14   4   3  20   4   3   1   3  18   4  0.49 0.31
  319 N    0 -1  3  2 -4 -1  2  0  1 -4 -3  0 -3 -3  2  2 -1 -4 -2 -2    6   3  17  11   0   2  13   6   3   1   2   4   0   1  10  13   3   0   1   3  0.33 0.26
  320 V    0  1  1 -1 -2  1  0 -1  1 -1 -1  0  0 -2  0  1  1 -3 -2  0    7  10   6   3   0   8   7   4   4   4   6   5   2   1   4  10   9   0   1   8  0.08 0.09
  321 Y   -3 -3 -1  3 -4 -3 -1 -4  1 -2 -1 -2 -3  4 -3 -2 -3  5  6 -3    2   1   3  14   0   1   4   1   3   3   7   3   0  14   1   3   1   7  29   2  0.81 0.45
  322 L   -1 -1 -2 -3 -1 -1  0 -3 -2  1  2  0  2 -1 -3  0  0  1  1  2    4   3   1   1   1   2   8   1   1   8  17   5   5   2   1   9   5   2   6  17  0.16 0.17
  323 G   -3 -4 -2 -4 -6  0  0  6 -4 -3 -5 -3 -4 -6 -1  0 -4 -6 -3 -4    1   1   2   1   0   4   7  64   0   2   1   1   0   0   3   8   1   0   1   2  1.33 0.71
  324 R   -1  4  1 -3 -3  0 -2 -2  4 -3  0  1 -2  2  0  0 -2  3 -1 -3    6  22   6   1   0   3   2   3   9   1   9   7   1  10   4   7   1   4   2   1  0.34 0.28
  325 I    1 -1 -3 -3  0 -1 -2 -3 -1  2  1 -1  2  0 -3  0  0  1 -1  2   11   3   1   1   2   3   2   1   2  15  15   3   5   3   1   6   6   2   2  16  0.18 0.17
  326 F   -2 -5 -5 -4 -4 -5 -5 -5 -4  0  3 -5 -1  6 -5 -4 -4  4  2  2    3   1   0   1   0   0   1   1   0   5  23   1   1  37   1   1   1   4   6  12  1.05 0.53
  327 E   -3 -3 -2 -2 -6 -1  7 -3 -4 -3 -5 -2 -3 -6 -5 -3 -4 -6 -5 -4    2   1   2   2   0   2  76   3   0   2   1   2   1   0   0   2   1   0   0   1  1.82 0.92
  328 K   -2  1  4  0 -4  1  2 -1  0 -4 -2  1 -1 -2 -3  1 -1 -1 -3 -3    2   8  24   5   0   6  14   5   2   1   3   9   1   2   1   9   3   1   1   1  0.42 0.32
  329 I    0 -4 -5 -5 -4 -4 -4 -4 -4  4  3 -4  0  3 -5 -4 -3 -1  2  2    8   1   0   0   0   1   1   2   0  22  28   1   2  10   0   1   1   1   8  14  0.66 0.39
  330 A    1 -2 -5 -5  4 -4 -5 -4 -5  3 -1 -2  0  3 -5 -1 -3 -5 -1  4   12   2   0   0   8   0   0   1   0  13   6   2   2  11   0   5   1   0   2  33  0.65 0.41
  331 R    0  4 -1 -2 -3  0  1  1 -2  0  0  1  0 -1 -3 -1 -1 -4 -2 -1    9  22   3   1   1   4   8  10   1   5  10  10   3   3   0   3   2   0   1   3  0.21 0.20
  332 E    0  0 -1  0 -5  3  5 -2 -2 -3 -2 -1 -1 -5 -4  0 -1 -5 -1 -3    7   6   2   4   0  14  39   3   1   1   4   3   1   0   0   7   3   0   2   2  0.66 0.46
  333 Y   -2 -3 -2 -5 -5  0 -3 -4  4 -1  3  0  2  3 -5 -3 -3  0  4 -1    3   1   2   0   0   4   2   1  11   2  29   6   4  11   0   1   1   1  16   3  0.62 0.41
  334 V   -2 -3 -4 -5 -5 -4 -5 -4 -5  3  5 -2  1  1 -6 -2 -2 -5 -1  1    3   1   1   0   0   1   1   2   0  13  48   3   3   6   0   3   3   0   2  10  0.75 0.46
  335 E    1  3  0 -2 -4  0  0 -2 -2  1 -1  0  0 -3  1 -1 -1  3 -1  0   12  20   4   1   0   3   5   3   1   8   6   6   3   0   6   4   2   5   2   8  0.20 0.22
  336 D   -1  4  2  1 -5  0  3 -1  0 -3 -2  1 -4 -4 -3  0 -3 -5 -2 -3    6  25   9   7   0   4  19   4   2   2   4   9   0   1   1   6   1   0   1   1  0.47 0.37
  337 V    0  0 -1 -1  0 -1 -1  2 -1  0  1  0  1  1 -2  0  0 -1  1  0    6   6   2   3   2   3   2  16   1   4  15   6   4   6   1   7   5   1   4   5  0.05 0.09
  338 Y   -2  1  2 -3 -3  0 -2 -1  1 -2 -1 -1 -1  3 -2 -1 -2 -1  6 -2    3   8   9   1   0   4   2   4   3   2   7   3   2  13   2   5   3   0  26   3  0.47 0.36
  339 K   -1  2  0  0 -5  1  1  1 -2 -2 -2  2 -3 -1  2 -1 -1 -2  0 -2    3  12   4   5   0   7   9  11   1   2   3  16   0   2  11   3   4   1   4   2  0.25 0.23
  340 V    0 -1 -1 -1 -2  0  0 -1  0  0  0 -1  0  2  0 -1  1 -3  2  2    6   3   2   2   1   3   6   4   2   5   9   3   2   9   5   3  12   0   7  17  0.09 0.13
  341 K   -1  2  1  0 -4  2  2 -2  1 -3 -2  3 -2 -1 -2  0 -1  0  3 -3    4  11   6   4   0   9  11   3   3   1   4  17   1   2   2   8   3   1  10   2  0.27 0.25
  342 V    0 -3 -1  0 -1 -4 -2 -3 -4  4  0 -3 -1  2 -1 -2 -1 -4 -2  3    7   1   4   5   1   0   2   2   0  22   7   1   1   9   3   3   4   0   1  25  0.38 0.28
  343 E   -1 -3 -1 -3 -4 -1  0  5 -1  0 -3 -3 -3 -1 -3  0 -2 -2  1 -1    5   1   3   1   0   3   6  47   1   5   2   1   1   3   1   6   2   0   5   5  0.66 0.40
  344 R   -1  3  1 -2 -3  0 -2 -1  1 -3 -2  3 -3  0 -1  2 -1 -3  2 -2    4  19   6   1   0   3   1   5   3   1   4  19   0   4   3  14   2   0   9   2  0.35 0.29
  345 L   -5 -4 -4 -5 -5 -3 -4 -5 -1  0  0 -4 -4  3 -4 -2 -1  8  7 -2    1   1   1   1   0   1   1   1   2   5  10   1   0  10   1   3   4  22  32   3  1.39 0.67
  346 W   -4  0 -5 -5 -5 -4 -1 -5 -4 -1 -3 -4 -3  1 -5 -4 -4 11  5 -1    2   6   1   1   0   1   4   1   0   4   2   1   1   6   1   2   1  46  16   5  2.04 0.84
  347 F   -3  3  0  2 -4  0  1 -1  3 -4 -3  1 -2 -2 -3  0 -1  4  2 -3    1  20   3  14   0   4   8   6   7   1   2   7   1   2   1   6   4   5   7   1  0.41 0.30
  348 K   -1  4  0  0 -5 -1  0  1 -4 -5 -5  5 -4 -6  1 -1 -2 -5 -5 -5    5  19   4   5   0   3   6  11   0   0   1  31   0   0   7   5   2   0   0   0  0.65 0.44
  349 D   -2 -1  3  3 -5  2  2  3  0 -5 -5  2 -4 -5 -4 -1 -2 -5 -4 -4    2   3  11  14   0  10  12  25   3   0   1  10   0   0   0   4   2   0   1   1  0.57 0.38
  350 V    0  0  3 -1 -2  0  1  1 -1 -1  0  0 -2 -2 -2 -1  0 -3  1  0    7   4  17   2   1   4  10   9   1   3  12   5   0   1   1   4   5   0   5   9  0.11 0.15
  351 E   -6 -5 -3  1 -10 -2  8 -8 -3 -9 -9 -5 -8 -9 -7 -6 -7 -9 -8 -8    0   0   1   6   0   1  90   0   0   0   0   0   0   0   0   0   0   0   0   0  2.69 1.29
  352 I   -4 -8 -8 -8  0 -7 -8 -8 -8  7 -1 -7 -4 -2 -7 -7 -5 -7 -6  5    1   0   0   0   2   0   0   0   0  57   5   0   0   1   0   0   0   0   0  33  1.93 0.89
  353 D   -6 -7 -5  9 -9 -6 -2 -7 -7 -9 -9 -7 -9 -9 -7 -6 -7 -10 -9 -5    1   0   0  96   0   0   2   0   0   0   0   0   0   0   0   0   0   0   0   1  3.21 1.38
  354 I   -2 -6 -7 -7 -4 -6 -7 -7 -6  4  3 -5 -2  6 -7 -6 -5 -1  0  1    4   0   0   0   0   0   0   0   0  25  25   1   1  32   0   0   0   1   3  10  1.23 0.63
  355 Y   -1 -7 -7 -5 -5 -6 -7 -7 -7  4  1 -7 -2 -2 -7 -5 -4 -7 -1  6    5   0   0   1   0   0   0   0   0  19  14   0   0   2   0   0   1   0   2  56  1.42 0.73
  356 G    4 -3 -5 -4  1 -5 -3  3 -5  0  1 -2 -4 -3 -5 -2 -1 -6 -4  0   37   1   0   0   3   0   2  23   0   5  15   2   0   1   0   1   4   0   0   5  0.65 0.47
  357 D   -3  2  2  0 -5  3  3 -3 -3 -2 -1  3 -2 -4 -2 -2 -2 -5 -2  0    2  10   9   4   0  12  18   1   0   2   7  21   1   0   2   3   2   0   1   6  0.42 0.35
  358 G    1 -1  2  1 -1 -1 -1  2  0  1 -1 -1 -1 -3 -2  0  0 -3 -3 -1   12   3  12  10   1   2   3  16   2  10   7   4   2   1   2   4   6   0   0   4  0.14 0.16
  359 I   -2 -2 -3 -5 -4 -2 -2 -4 -1  3  2 -3  1  1 -2 -2  0  4  1  2    3   3   1   0   0   2   3   1   1  19  23   1   3   5   2   3   7   6   5  14  0.35 0.27
  360 A    3 -2 -3 -3 -2 -4 -2  1 -4  1  0 -2 -2  3 -1 -3 -3 -4 -2  3   30   2   1   1   1   0   2  10   0   7   7   2   0  11   3   0   1   0   1  20  0.41 0.35
  361 G    1 -6 -4 -4 -2 -5 -5  4 -5  4 -2 -5 -2  3 -5 -4 -4 -5 -1  2   11   0   1   1   1   0   0  30   0  21   3   0   1  13   0   0   0   0   2  16  0.75 0.47
  362 E   -3 -4 -2 -3 -8  0  8 -7 -5 -3 -6 -2 -6 -5 -6 -3 -4 -7 -3 -7    2   1   2   1   0   3  82   0   0   2   1   2   0   1   0   2   1   0   1   0  2.08 1.02
  363 C   -1 -6 -6 -7  6 -6 -4 -7 -7  3 -3 -6 -2  1 -6 -4 -2 -4 -5  6    4   0   0   0  17   0   1   0   0  13   0   0   1   6   0   1   2   0   0  53  1.46 0.72
  364 K   -4 -1 -1 -5 -3 -2 -3 -6 -5 -7 -7  8 -6 -7 -6 -2 -2 -7 -1 -5    1   2   2   0   1   1   1   0   0   0   0  84   0   0   0   2   2   0   3   1  2.20 1.02
  365 W   -3  1 -4 -5 -2 -4 -5 -5 -2 -2 -2 -2  0  2 -5 -2 -3 10  5 -3    2   9   1   1   1   0   1   1   1   2   5   2   3   6   1   4   1  43  16   2  1.80 0.74
  366 S    1  1  2 -1 -4  0 -2  1 -2 -4 -3  2 -3 -3 -3  3  2 -2 -4 -2    9   7   9   4   0   5   1   9   1   0   3  14   0   1   0  22  13   1   0   2  0.34 0.30
  367 E   -1 -1  3  3 -5  0  3 -2 -3 -3 -3  1 -3 -5  0  1 -1 -5 -2 -3    4   3  17  17   0   4  18   2   0   2   2   9   1   0   4  11   4   0   2   1  0.44 0.33
  368 G    0  2  0  0 -4  0  1  0  1 -2 -1  2 -2 -3 -1  1  0 -4 -3 -3    8  12   5   6   0   2   8   6   4   2   8  16   1   1   2  12   7   0   0   0  0.19 0.19
  369 I   -1  1 -1  0 -4  0  0 -3 -2  1 -2  3 -2 -2  3  1  0 -4 -2  1    5   6   3   4   0   4   5   0   0   8   4  23   1   1  13   9   4   0   1  10  0.26 0.24
  370 N    0  0  0  1 -3  0  1 -2  0  1 -1  2  0 -1 -3  0 -1 -3 -1  1    5   4   5   9   0   2  12   2   2  10   3  15   3   2   0   6   3   0   2  13  0.12 0.15
  371 G    1  1  0  0  1 -1 -2  1 -2 -3 -2  2 -2 -2  2  0  1  0 -3 -1   13  10   5   6   4   1   1  10   1   1   4  13   1   1  10   5   9   2   0   4  0.17 0.18
  372 E   -1  2  0 -1 -4  0  4 -1  0 -3 -2  3  0 -4  1 -1 -1 -3 -2 -3    6  10   3   2   0   3  27   4   2   1   4  18   3   0   7   3   4   0   2   1  0.37 0.30
  373 K    1  3  1  0 -4  1  2 -1  2 -5 -4  4 -4 -5 -2  0 -1 -5 -4 -4   11  16   6   4   0   4  14   3   4   0   1  24   0   0   2   7   2   0   0   0  0.47 0.33
  374 V   -1 -2 -2  1 -3 -2  2 -2 -3  3  0 -2  1 -1 -3 -1  0 -4 -1  2    5   2   1   9   0   0  14   3   0  20   8   1   4   2   0   3   6   0   2  18  0.24 0.22
  375 L   -1 -4 -3 -2 -1 -3 -3 -4 -4  2  4 -2  1  2 -3 -2 -1  0  0  0    5   0   1   2   1   0   1   1   0   9  45   3   3   8   1   3   4   1   3   5  0.46 0.30
  376 Y   -1  3  1  0 -5  1  2 -2  1 -4 -4  4 -3 -2  0 -1  0 -2 -1 -4    4  16   8   4   0   4  13   2   3   0   1  25   0   2   5   3   6   1   2   1  0.42 0.31
  377 E    0  2  0  1 -4 -1  2  2  2 -2 -2  2 -3 -4 -3  1 -1 -2 -2 -3    6  10   4   9   0   1  13  15   5   2   5  17   0   0   0   9   3   1   1   0  0.28 0.24
  378 L   -3 -5 -6 -6 -5 -5 -2 -6 -5  0  5 -5  4  2 -6 -4 -3 -5 -2  0    1   0   0   0   0   0   3   0   0   4  66   0   9   7   0   1   1   0   1   4  1.17 0.60
  379 K   -1  3 -1 -1 -2  1  3 -4  1 -1 -1  3 -3 -3 -4 -1 -2 -5 -1 -2    5  19   2   2   1   6  22   1   3   4   5  19   0   1   0   3   2   0   2   3  0.43 0.33
  380 R    0  3 -1 -1 -5  0  5 -3 -2 -2 -1  2 -2 -2 -4 -1 -2 -3 -3 -4    8  15   2   2   0   3  39   2   1   2   6  12   1   2   0   3   2   0   1   0  0.62 0.43
  381 K    1  0 -2 -4 -5 -1 -2 -4 -4 -2 -1  6 -4  0 -2 -1 -2 -1 -4 -2   12   2   1   0   0   2   1   1   0   3   6  56   0   4   1   3   2   1   0   3  0.88 0.55
  382 V    3 -3 -4 -4  5 -3 -3 -2 -4  1  1 -3  3  0 -3  2 -1 -4 -2  1   26   1   0   0  11   0   1   2   0   7  12   0   8   3   1  14   3   0   1   9  0.43 0.33
  383 E   -1  1  0  1 -5  3  4  0  0 -5 -4  2 -3 -5 -2 -1 -3 -5 -3 -3    4   6   4   6   0  12  34   7   2   0   1  13   0   0   2   4   1   0   1   1  0.59 0.39
  384 D   -1  2  1  1 -4  0  0 -2  1 -1  1  2 -1 -1 -2 -1 -1 -1  0 -1    6  11   8  10   0   4   7   2   3   3  16  17   0   1   1   1   2   1   4   4  0.15 0.17
  385 L    1 -3 -4 -5 -3 -3 -4 -4 -4  2  3 -3 -1  3 -3 -1 -1 -3  0  2   14   1   0   0   0   1   1   0   0  11  30   1   0  15   1   4   2   0   3  16  0.48 0.32
  386 G   -2  1  1  0 -4  0  1  4 -2 -2 -3  1 -3 -3  0  0 -2 -4 -2 -3    2   7   8   5   0   5  11  33   0   2   3   9   0   1   5   5   1   0   1   1  0.40 0.28
  387 L    0 -1 -1  0  1 -1 -1 -2 -1  1  2  1  0  0  0 -2 -1  3 -2  0    8   3   2   5   4   1   5   2   1  11  28   9   1   3   4   2   2   4   1   3  0.13 0.16
  388 D   -1  2  1  3 -5  0  2 -1 -1 -3 -4  3 -2 -4 -1  0  0 -1 -3 -3    5  13   7  16   0   3  14   3   1   2   0  18   1   1   3   6   5   1   0   1  0.38 0.28
  389 V   -1  0  1  0  0 -1  1  1  1 -1 -1  1 -2  0  2 -1 -1 -3  0  0    4   3   7   4   2   2   8  10   3   3   6  14   0   6  10   2   3   0   4   9  0.08 0.11
  390 K    0  2  1  1 -4  0  0 -1  1 -2 -1  3 -3 -4  0  0  0 -4 -3 -2    6  14   6   7   0   4   5   3   3   3   6  25   0   0   5   8   5   0   0   1  0.28 0.23
  391 K   -2  1  0  0 -1  0 -1 -1  1  0 -1  1  0  1 -2  0  0 -1  3 -1    2   9   4   6   1   3   3   5   4   7   6  13   2   5   1   5   5   0  15   4  0.12 0.15
  392 Y   -4 -4 -6 -6 -2 -5 -5 -4 -1  1  1 -5 -1  2  0 -5 -4 -2  8  1    1   1   0   0   1   0   0   1   1   9  15   0   2   8   5   0   0   0  46   8  1.21 0.61
  393 I    0 -3 -3 -3 -2 -2 -1  1 -4  3  1  0 -1 -1 -3 -2 -3 -1  1  3    7   0   0   1   0   1   4  11   0  23  10   6   1   2   1   1   0   1   6  23  0.30 0.27
  394 I   -3 -5 -6 -6 -4 -5 -6 -6 -5  5  3 -4  0  0 -2 -5 -1 -5  1  3    1   0   0   0   0   0   0   0   0  32  31   1   1   3   2   0   4   0   4  20  0.89 0.48
  395 F   -2 -2 -4 -3 -4 -4 -2 -4 -4  3 -1 -2 -2  5  3 -1 -3 -3  1  2    2   2   1   1   0   0   3   1   0  15   4   2   0  31  13   5   1   0   5  14  0.61 0.39
  396 A    3 -2 -2 -1 -2  0  1  0 -3 -3 -2 -2 -2 -1 -2  4  1 -4  0 -1   23   2   0   2   1   3   8   8   0   0   4   1   1   2   1  30   7   0   3   3  0.37 0.33
  397 K    0  4 -1 -2 -3 -2  0 -3 -3 -4 -3  6 -4 -5 -4 -2 -2 -5 -1 -4    9  24   2   2   1   0   5   2   0   1   2  45   0   0   0   2   1   0   3   1  0.93 0.52
  398 S   -1  1  2  2 -2 -1  1  2 -3 -3 -4 -1 -4 -5 -2  3  0 -5 -4 -3    4  10   8  10   1   1   9  14   0   2   1   3   0   0   1  28   6   0   0   1  0.39 0.31
  399 F   -2 -1 -2 -3 -4 -2 -4  3 -3  2  1 -1 -1  4 -4 -1 -1  0 -1  0    1   3   2   1   0   1   0  25   0  12  15   4   1  18   0   4   4   1   1   6  0.33 0.25
  400 S   -2  0 -2 -2 -4 -2  1 -1 -1 -2 -1  1 -1  5 -1  2 -2 -3  2 -2    2   4   1   1   0   0  11   4   2   2   4  10   1  27   4  18   0   0   6   1  0.38 0.31
  401 K   -1  3  0 -1 -4  0  2 -1  0 -4 -2  3 -1 -2 -1  2  0 -4 -1 -3    3  19   3   1   0   2  13   4   2   0   3  19   2   1   3  15   6   0   2   1  0.33 0.25
  402 T    0  1  1  0  0  0  3  0 -3 -3 -1  4 -3 -3 -2 -2 -1 -4 -4 -3    7   5   7   4   2   2  19   6   0   1   8  32   0   1   1   0   3   0   0   0  0.41 0.31
  403 N    0 -1  2  2 -1  0  3 -1 -2 -2 -2 -2 -1 -4  2  0  0 -4 -4 -3    6   3  11  14   1   3  24   5   0   2   4   0   1   0  12   6   6   0   0   1  0.36 0.26
  404 E   -1  0 -1  0 -5  0  4  0  0 -4 -1  2  1 -4 -1 -1 -3 -4  0 -3    4   3   1   4   0   3  38   8   2   0   6  16   4   0   2   3   0   0   3   2  0.46 0.32
  405 E   -2  0  3  2 -4  1  3  2  0 -3 -3  1 -2 -4 -2 -1 -1 -5 -4 -3    0   4  15  14   0   6  23  14   2   2   2   9   1   0   2   3   3   0   0   1  0.41 0.27
  406 A    1 -2 -3 -1  0 -2 -2 -3 -3  2  1 -2  1  1 -3 -1  0  1  1  2   15   1   0   4   2   1   2   0   0  16  10   1   4   6   0   5   4   2   5  21  0.21 0.18
  407 E   -1  1 -2  0 -4  0  4 -2 -2  0  1  2 -2 -2 -3 -1  0 -1 -1 -1    5   6   0   5   0   3  29   3   0   5  14  12   0   1   0   3   7   1   3   3  0.24 0.22
  408 F    1 -2  0 -2  2 -3 -2  1 -3  0  2 -2  0  1 -2 -2 -2 -3 -1  2   13   1   6   1   5   0   2  12   0   3  24   1   1   7   2   0   1   0   2  19  0.18 0.19
  409 I   -3 -4 -3 -5 -1 -2 -2 -2 -3  3  2 -3  1  2 -5 -4 -3  6  4  2    0   0   1   0   1   1   2   3   0  20  17   1   3   9   0   0   0  11  14  14  0.61 0.33
  410 D   -1 -2  1  6 -5 -2  0 -2 -3 -3 -3  1 -4 -5  1  1  0 -6 -5 -4    3   2   5  48   0   0   3   3   0   1   3   8   0   0   6  10   7   0   0   0  0.80 0.43
  411 L   -3 -5 -6 -6  1 -4 -5 -6 -5  2  5 -5  1  1 -1 -3 -2  3 -3  0    1   0   0   0   3   1   0   0   0   9  64   0   2   6   4   1   1   4   0   4  0.92 0.46
  412 K   -2  2  0  0 -4  0  3 -1 -1  0 -2  1 -2 -3  0  1  0  0 -2  0    1  13   4   4   0   2  23   5   1   8   2  10   0   0   4   9   4   1   1   7  0.21 0.19
  413 K   -4 -1  2  6 -1 -1  1 -2 -3 -5 -4  0 -5 -5 -2  0 -1 -6 -2 -3    0   3   9  57   2   1   6   2   0   0   1   6   0   0   2   5   4   0   1   2  1.03 0.49
  414 L   -3 -5 -5 -6 -4 -4 -5 -6 -5  3  4 -5  3  4 -5 -4 -1 -3 -2  0    1   0   0   0   0   0   0   0   0  20  43   0   7  22   0   0   3   0   0   2  0.92 0.43
  415 E   -1 -1  0  0 -4 -1  3 -3 -2  0  0  2  0 -2  0 -1 -1  1 -1 -1    5   2   4   5   0   0  28   0   0   8  12  14   2   1   5   4   3   2   2   2  0.21 0.20
  416 Q   -1  4  0  1 -4  2  2 -1 -2 -3 -2  2 -3 -4 -2  0 -2 -4 -3 -3    5  23   4   8   0  10  18   4   0   2   4  13   0   0   1   8   0   0   0   0  0.41 0.26
  417 W   -3 -2 -5 -6 -2 -4 -5 -5 -5  3  4 -3  1  1 -5 -4 -1  8 -1  0    1   2   0   0   1   0   0   0   0  16  42   1   4   4   0   0   4  20   1   4  0.92 0.40
  418 Y    0 -4 -4 -5 -3 -3 -4 -4 -3  2  3 -4  2  1 -4 -2 -1  2  1  2    8   0   0   0   0   0   0   0   0  12  42   0   5   7   0   2   2   3   6  15  0.47 0.23
  419 R   -3  5 -2 -3 -5  0  1 -4 -2 -4 -4  5  1 -5 -3 -1 -2 -5 -4 -4    0  36   0   0   0   0   7   0   0   0   0  51   4   0   0   2   0   0   0   0  1.05 0.37
  420 T   -1 -1  5  3 -3 -1 -1 -1 -1 -3 -3 -1 -2 -4 -2  1  3 -4 -3 -2    0   0  47  16   0   0   0   0   0   0   0   0   0   0   0   7  29   0   0   0  0.62 0.14

                      K         Lambda
Standard Ungapped    0.1412     0.3208
Standard Gapped      0.0410     0.2670
PSI Ungapped         0.1424     0.3176
PSI Gapped           0.0436     0.2670
