
Last position-specific scoring matrix computed, weighted observed percentages rounded down, information per position, and relative weight of gapless real matches to pseudocounts
           A  R  N  D  C  Q  E  G  H  I  L  K  M  F  P  S  T  W  Y  V   A   R   N   D   C   Q   E   G   H   I   L   K   M   F   P   S   T   W   Y   V
    1 M   -2 -2 -3 -4 -2 -2 -3 -4 -3  2  4 -2  4  0 -3 -2 -1 -2 -1  1    0   0   0   0   0   0   0   0   0   8  57   0  35   0   0   0   0   0   0   0  0.42 0.03
    2 T   -1 -2 -1 -2 -2 -1 -2 -1 -2 -1  0 -1 -1 -2 -2  1  5 -3 -2 -1    0   0   0   0   0   0   0   4   0   0  10   0   0   0   0   0  86   0   0   0  0.58 0.09
    3 P    1 -2 -1 -2 -2 -1 -1 -2 -2 -2 -2 -1 -1 -3  2  1  5 -3 -2 -1    9   0   0   0   0   0   0   0   0   0   0   0   0   0   9   7  75   0   0   0  0.60 0.09
    4 A    4  2 -1 -2 -1 -1 -1  1 -2 -2 -2  0 -2 -3 -2  1  0 -3 -2 -1   56  19   0   0   0   0   0   8   0   0   0   4   0   0   0  10   3   0   0   0  0.34 0.06
    5 E   -2  4 -1  1 -4  1  3 -2 -1 -4 -3  4 -2 -4 -2 -1 -1 -4 -3 -3    0  28   0   7   0   0  21   0   0   0   0  44   0   0   0   0   0   0   0   0  0.59 0.09
    6 Y    3 -2  0 -2 -2 -1 -1 -1 -1 -2 -2  0 -1  1 -2  1  1 -1  4 -1   38   0   4   0   0   0   2   0   0   0   0   5   0   5   0  13  10   0  23   2  0.27 0.08
    7 E   -1  2 -2 -1 -3  1  1 -3  0  2 -1  2 -1  0 -3 -1 -1 -2  3  1    1  14   0   4   0   4  11   0   1  20   1  17   0   1   0   0   0   0  16  10  0.17 0.07
    8 M    3 -2 -2 -3 -2 -1 -2 -1  0  0 -1  1  4 -2 -2  0 -1 -3 -2  2   35   0   0   0   0   0   0   2   2   0   0  14  25   0   0   3   0   0   0  18  0.30 0.14
    9 T   -1  0  0  0 -3 -1 -1 -2 -2  1 -1  3  1 -3 -1  0  3 -3 -2 -1    2   4   3   7   0   0   0   0   0  16   3  30   4   0   2   4  25   0   0   0  0.23 0.12
   10 D   -3 -3  1  6 -4 -1  2 -3 -2 -4 -4 -2 -4 -4 -3 -1  0 -4  0 -4    0   0   6  67   0   0  12   0   0   0   0   0   0   0   0   3   5   0   5   0  1.04 0.23
   11 L    1 -1  0 -2 -2  1 -1  0  0  0  1 -1  1 -1 -2  1  0  3  1 -1   13   3   6   0   0   7   1   7   2   4  24   0   4   1   0  13   4   6   5   0  0.09 0.07
   12 K   -1  0  1 -1 -3  3  1 -2 -1 -1 -2  4 -1 -3 -2 -1  0 -3 -2  0    3   1   7   1   0  20   4   1   0   4   3  37   0   1   1   1   6   0   1   7  0.31 0.11
   13 A    4 -1 -2 -2 -2 -1  1 -2 -2 -1 -1  0 -1 -3 -1  0  0 -3 -2  0   49   1   0   1   0   1  14   1   0   3   7   6   0   0   2   5   3   0   0   6  0.33 0.15
   14 S    0 -3 -3 -1 -3 -2 -1 -3 -3 -3 -1 -1 -1  1  0 -2  0 10  0 -3   11   1   0   4   0   1   5   1   0   1   5   3   2   4   5   2   6  47   1   1  1.27 0.27
   15 S    1 -2 -2 -3 -2 -1 -1 -1 -3  0  3 -2  0 -1 -2  0  1  2 -2  0   15   1   0   1   0   2   5   4   0   1  46   1   0   1   1   7   8   4   0   4  0.25 0.13
   16 L   -2  1 -3 -3 -1 -2 -2 -4 -3  2  4 -1  0 -1 -3 -2 -2 -3 -2  1    1  11   0   1   1   0   3   1   0  10  56   3   0   0   1   3   1   0   0   9  0.43 0.17
   17 R   -1  4 -1  0 -4  0  0 -2 -1 -3 -3  5 -1 -4 -2 -1 -2 -4 -3 -3    4  24   1   6   0   2   3   3   1   1   1  49   1   0   1   1   1   0   0   1  0.68 0.22
   18 A    4 -3 -3 -2 -1 -2 -3 -2 -3 -1  2 -1 -1 -3 -3 -1 -1 -4 -3  1   55   0   0   2   1   1   0   1   0   0  26   3   0   0   0   1   1   0   0   8  0.52 0.24
   19 L    2 -4 -4 -4 -2 -4 -4 -4 -4  5  2 -4  0 -1 -4 -2 -2 -4 -3  2   19   0   0   0   0   0   0   0   0  42  20   0   0   1   0   2   0   0   0  16  0.60 0.23
   20 K   -1  2  1 -2 -2  1 -1 -2  0 -3 -3  2  0 -4  1  3  2 -4 -3 -3    2  11   5   0   0   7   1   0   3   0   1  13   3   0   5  29  18   0   0   0  0.36 0.19
   21 L   -1 -4 -4 -4  7 -3 -4 -4  0 -1  1 -4  5  1 -4 -2  2 -3  2  0    3   0   0   0  27   0   0   0   3   0  14   0  21   6   0   1  13   0   8   4  0.72 0.27
   22 M   -3 -5 -5 -5  2 -4 -5 -6 -5  6  0 -4  3 -2 -5 -4  0 -5 -3  3    0   0   0   0   5   0   0   0   0  61   5   0   7   0   0   0   6   0   0  16  1.05 0.35
   23 D   -4 -4 -2  7 -6 -2  3 -4 -4 -6 -6 -3 -6 -6 -4 -3 -4 -7 -6 -6    0   0   0  78   0   0  22   0   0   0   0   0   0   0   0   0   0   0   0   0  1.92 0.52
   24 L   -4 -4 -4 -5 -4 -4 -4 -5  5 -1  5 -4 -1 -2 -5 -1 -3 -4  0 -2    0   0   0   0   0   0   0   0  19   0  73   0   0   0   0   5   0   0   3   0  1.15 0.40
   25 T   -3 -4 -3 -4 -4 -4 -4 -5 -5 -4 -4 -4 -4 -5 -4 -1  8 -6 -5 -3    0   0   0   0   0   0   0   0   0   0   0   0   0   0   0   2  98   0   0   0  2.08 0.61
   26 T   -2 -3 -1 -3 -3 -1 -3 -4 -4 -2  2 -3 -2 -3 -3  2  6 -4 -1 -1    1   0   1   0   0   3   0   0   0   0  23   0   0   0   0  14  54   0   2   2  0.78 0.35
   27 L   -4 -5 -6 -6 -4 -5 -5 -6 -5 -1  6 -5  0 -2 -5 -5 -4 -4  1 -2    0   0   0   0   0   0   0   0   0   0  95   0   0   0   0   0   0   0   5   0  1.55 0.47
   28 N    1  0  3 -1 -3 -1  2 -1  1 -4 -4  2 -3 -4 -3  3  1 -4 -3 -3   10   4  16   0   0   0  15   3   3   0   0  18   0   0   0  24   6   0   0   0  0.42 0.21
   29 D    0 -3 -2 -2  0 -1 -3  4 -3 -4 -1 -3 -3 -4  3  1  1 -4 -4 -2    7   0   1   1   2   3   0  42   0   0   6   0   0   0  13  14   9   0   0   1  0.59 0.23
   30 D    1 -3  0  5 -4 -1  2 -2 -3 -3 -4 -1 -3 -5 -2 -1  3 -5 -4 -3   16   0   3  37   0   1  14   2   0   1   1   1   0   0   1   1  22   0   0   0  0.64 0.27
   31 D    2 -4 -2  7 -5 -3 -1 -2 -4 -5 -5 -3  1 -6 -4 -2 -3 -6 -5 -3   21   0   0  71   0   0   1   2   0   0   0   0   4   0   0   0   0   0   0   1  1.46 0.47
   32 T   -2 -4  0 -2 -2 -3 -3 -2 -4 -4 -4 -3 -3 -5 -1  3  6 -5 -3 -2    0   0   4   1   0   0   0   2   0   0   0   0   0   0   3  19  68   0   1   1  1.18 0.45
   33 N    1  0  1  1 -4  1  3 -3 -1 -3 -4 -1 -3 -1  4  0 -1  1 -1 -3   11   4   7   8   0   8  22   0   1   0   0   2   0   4  22   5   2   2   2   1  0.45 0.20
   34 E    1 -1 -1  1 -3  0  3  2 -2 -1 -2  0 -2 -4 -2  1  0 -4 -3 -2   12   2   0   9   0   2  22  21   0   5   4   6   0   0   0  12   5   0   0   0  0.28 0.16
   35 K   -2  2  3  3 -4  1  0 -3 -2 -4 -3  3 -3 -4 -3  1  0 -4 -3 -2    1  14  14  20   0   6   4   0   0   0   3  22   0   0   0   9   6   0   0   2  0.44 0.20
   36 V   -3 -5 -5 -6 -3 -5 -5 -6 -5  4  1 -5  0  1 -5 -4 -2 -5 -3  6    0   0   0   0   0   0   0   0   0  27   8   0   1   5   0   0   0   0   0  60  1.11 0.38
   37 I   -1  4 -1  1 -3  2  1 -3 -1 -1  0  3  1 -3 -3 -1 -2  0 -2 -1    2  25   1   7   0   8  11   0   1   3  10  18   4   1   0   2   1   2   1   3  0.32 0.17
   38 A    2  4  1  0 -3  1 -1  0 -2 -4 -4  2 -3 -3 -3  0  0 -4 -3 -2   18  29   7   3   0   6   2   6   0   0   0  15   0   1   0   5   6   0   0   1  0.39 0.20
   39 L   -2 -4 -5 -5 -3 -4 -4 -3  0 -1  5 -3  4  2 -5 -4 -2  0  0  0    2   0   0   0   0   0   0   2   2   0  64   1  10   7   0   0   1   1   3   6  0.79 0.31
   40 C    0 -5 -5 -5  9 -5 -5 -4 -5  1  0 -5 -2 -4 -5 -3  0 -5 -4  2    8   0   0   0  55   0   0   1   0   7   6   0   1   0   0   0   6   0   0  15  1.54 0.44
   41 H    2  0 -1  1 -3  1  2 -2  0 -2 -1  0 -1  0 -2  0 -1 -3 -1 -1   28   5   0   9   0   5  19   0   2   1   6   3   1   6   0   7   1   0   2   4  0.21 0.15
   42 Q   -3  2 -1 -1 -5  1  3 -4 -3 -3 -5  6 -4 -5 -3 -1 -2 -5 -4 -4    0   9   1   2   0   3  22   0   0   2   0  57   0   0   0   2   1   0   0   0  1.03 0.37
   43 A    6 -4 -4 -4  1 -3 -2 -1 -4 -2 -3 -3 -3 -4 -3 -1 -2 -5 -2  1   80   0   0   0   2   0   1   2   0   1   0   0   0   0   0   0   0   0   1  12  1.17 0.44
   44 K    0  3  3 -2  1 -1 -2 -3 -1  1 -1  1  0 -3 -3 -1  0 -4 -1  0    7  22  16   0   3   0   0   0   1  11   6  10   2   0   0   3   6   0   2   9  0.22 0.15
   45 T   -2  2  2 -2 -4  3  1 -3  3 -4 -3  3 -2 -3  0 -1 -1 -4  0 -3    1  14  10   0   0  18   8   0   9   0   2  21   0   0   5   3   4   0   4   1  0.43 0.20
   46 P   -2 -3 -1  2 -3 -1 -1 -2 -2 -3 -3 -2 -3 -2  6 -2 -1 -3  3 -3    2   1   3  15   0   2   2   2   0   2   2   1   0   1  48   1   4   0  12   1  1.00 0.26
   47 V   -1 -2 -2 -1  1 -2 -2 -1 -2  2  2 -2  1  1 -2 -1  1 -2 -1  2    3   1   1   3   3   1   1   5   1  15  26   1   2   5   1   2   9   0   1  19  0.16 0.08
   48 G   -1  3 -1  0 -4 -1  0 -2  4 -3 -1  0 -3 -1  5 -1 -2 -4 -2 -3    5  18   1   5   0   1   7   2  13   0   6   4   0   3  29   4   1   0   0   1  0.56 0.21
   49 N   -1  1  2  0 -3  1  0  0  5 -3 -2  1 -3 -4 -1  0  2 -4 -2 -3    5   8  12   3   0   5   5   9  18   0   3   8   0   0   3   5  18   0   0   0  0.32 0.17
   50 T   -2 -4 -3 -3  3 -3 -4 -4 -4 -1  0 -3 -1  3  1 -2  3  1 -2  4    1   0   1   1   7   0   0   0   0   0   6   0   1  16   7   0  25   2   0  33  0.52 0.26
   51 A    5 -1 -3 -3 -3 -3 -3  3 -3 -3 -4 -1 -3 -4  0 -1 -2 -4 -3 -1   58   2   0   0   0   0   0  24   0   0   0   4   0   0   5   2   0   0   1   3  0.79 0.32
   52 A    5 -3 -3 -3 -3 -3 -3 -1 -4 -3 -3 -3  0 -4 -1  2  1 -4 -4 -2   67   0   0   0   0   0   0   2   0   0   0   0   3   0   3  14  10   0   0   0  0.92 0.36
   53 V   -1 -5 -5 -5 -1 -4 -5 -5 -5  4 -1 -4 -1 -3 -4 -4 -2 -5 -3  6    4   0   0   0   1   0   0   0   0  23   2   0   0   0   0   0   0   0   0  69  1.18 0.39
   54 C   -4 -7 -6 -7 11 -6 -7 -6 -6 -4 -5 -6 -5 -6 -6 -2 -4 -6 -6 -1    0   0   0   0  93   0   0   0   0   0   0   0   0   0   0   2   0   0   0   4  3.43 0.74
   55 I   -1 -5 -5 -5 -3 -4 -5 -5 -5  3 -1 -4 -1 -3 -5 -4  0 -5 -4  6    3   0   0   0   0   0   0   0   0  17   2   0   0   0   0   0   6   0   0  71  1.19 0.41
   56 Y   -2  1  0 -5 -5 -4 -4 -5 -1 -4 -4 -2 -4  1 -1  0 -4 -1  8 -4    2   7   5   0   0   0   0   0   0   0   0   2   0   4   3   8   0   0  70   0  1.62 0.50
   57 P   -1 -4 -3 -4 -5 -4 -4 -2  4 -5 -1 -4 -4 -5  8 -1 -3 -6 -4 -5    4   0   0   0   0   0   0   3  12   0   6   0   0   0  70   4   1   0   0   0  1.85 0.49
   58 R    0  2  2  2  1  1  0 -2 -1 -3 -3 -1 -2 -3 -1  1  1  1  1 -1   11  13  14  14   4   6   4   0   0   0   1   0   0   0   3  10   8   2   6   3  0.22 0.14
   59 F   -3  2 -3 -4 -1 -2 -3 -5  4 -2  0 -2  5  5 -5 -3 -1  3  1 -2    0  15   1   0   2   0   0   0  10   0   9   1  20  30   0   1   3   5   4   0  0.71 0.30
   60 I    1 -4 -4 -5 -3 -4 -4 -3 -5  3 -1 -4 -1 -3 -4 -2  0 -4  0  6   10   0   0   0   0   0   0   1   0  13   1   0   1   0   0   1   5   0   3  65  0.90 0.35
   61 P    2  0 -1 -1 -2  1  2  0 -2 -4 -3  2 -3 -1  4  1 -1 -4 -3 -3   19   6   2   1   1   4  13   5   0   0   0  14   0   3  22   8   1   0   0   0  0.42 0.18
   62 I    0  1  0  2 -1 -1 -1 -3  0  1  1 -2 -1 -1 -2 -1  2 -3  1  0    7   8   3  16   1   3   1   0   2   8  18   0   0   2   1   2  17   0   6   6  0.12 0.12
   63 A    5 -4 -4 -4  2 -3 -4 -3 -4  0 -2 -3 -1 -4 -4 -2 -2 -5 -4  3   67   0   0   0   4   0   0   0   0   3   2   0   1   0   0   0   0   0   0  24  1.00 0.40
   64 R    1  2 -2 -3 -2 -2 -2 -3 -1  0 -2  3 -1 -3 -3  0 -2 -4 -1  3   16  14   1   0   0   0   0   0   2   3   1  21   1   0   0   7   0   0   2  31  0.35 0.22
   65 K    0  2  2  2 -4  2  3 -2  2 -3 -3  2 -3 -4 -3  0  0 -4 -3 -3    6  11  10  10   0   9  19   2   5   0   1  15   0   0   0   6   5   0   0   1  0.35 0.16
   66 T    4 -2  1 -2 -2 -1 -1 -2 -1 -2 -1 -1 -2  0 -3  2  2 -4 -1 -1   41   1   7   0   0   2   3   1   2   0   5   2   0   6   0  14  13   0   1   3  0.35 0.21
   67 L   -1 -4 -5 -6 -2 -4 -5 -5 -5  1  6 -5  1  0 -5 -4 -3 -4 -3  1    4   0   0   0   0   0   0   0   0   5  79   0   2   3   0   0   0   0   0   7  1.10 0.37
   68 N    1  1  1  0  0  1  3  0 -1 -3 -3  3 -2 -4  0  0  0 -4 -3 -3   12   5   8   2   3   7  20   5   1   0   1  23   0   0   4   5   4   0   0   0  0.31 0.15
   69 E    1 -1  0  0 -1  0  1  4 -2 -2 -3  1 -2 -3 -2 -1 -1 -3 -3  0   12   2   4   6   1   4   8  36   0   2   1   9   0   0   0   2   1   0   0  10  0.33 0.15
   70 Q    0 -1  0  2 -2  1  1 -2 -2 -1  0 -1 -2 -2 -2  3  2 -3 -1 -2    7   2   4  12   0   5   7   1   0   3  10   2   0   2   1  30  12   0   2   1  0.22 0.14
   71 G    1 -2  2 -1 -2 -2 -2  5 -2 -3 -3  0 -2 -3 -2  1 -1 -3 -3 -3    9   1  10   2   0   1   1  47   0   1   2   7   0   1   2  11   1   0   1   1  0.57 0.17
   72 T    0  0  0  0  0  0  0  0  0  0  0  0  0 -1  0  1  1 -1  0  0    6   7   5   3   3   4   5   6   3   6   7   6   2   2   3  11   9   1   3   8  0.02 0.00
   73 P    0  0  0  0 -1  1  1  0  0 -1  0  1 -1 -1  2  1  0 -1 -1 -1    5   4   6   4   1   5   7   5   2   3  10   9   1   2  11  13   4   1   2   4  0.08 0.02
   74 D    0 -1  1  2 -1  0  1 -1  0 -1 -1  0 -1  0  1  0  0 -2 -1 -1    6   2   6  18   1   4   8   4   2   5   5   8   1   4   7   5   5   1   1   5  0.10 0.03
   75 I   -1 -4 -4 -4 -1 -4 -4 -5 -2  4 -1 -3  0  0 -2 -3  1 -4 -2  5    4   0   1   0   1   0   0   0   1  33   2   1   1   3   1   0   8   0   1  44  0.73 0.29
   76 R    0  1  0  0 -3 -1  0 -1  1  0 -1  2 -2 -3  4  0 -1 -4 -3 -1   10   7   5   4   0   1   3   4   4   6   6  17   0   0  21   5   3   0   0   3  0.27 0.13
   77 I   -1 -5 -5 -5 -3 -4 -5 -5 -5  5  0 -4 -1 -3 -4 -4 -1 -5 -3  5    4   0   0   0   0   0   0   0   0  34   6   0   0   0   0   0   2   0   0  53  1.03 0.35
   78 A    6 -4 -4 -4  5 -3 -3 -2 -4 -3 -4 -3 -3 -4 -3  1  0 -5 -4 -1   68   0   0   0  15   0   0   1   0   0   0   0   0   0   0   7   6   0   0   3  1.11 0.40
   79 T    2 -3  0 -3  4 -2 -2  0 -3 -3 -3 -2 -3 -4 -1  3  2 -4 -3  0   22   0   4   0  12   0   0   4   0   0   0   0   0   0   2  31  17   0   0   7  0.52 0.25
   80 V    0 -5 -5 -5 -3 -4 -4 -5 -5  0 -2 -4 -2 -3 -4 -4 -2 -5 -4  7    6   0   0   0   0   0   0   0   0   0   0   0   0   0   0   0   0   0   0  90  1.52 0.47
   81 T    1 -3 -3 -3 -1 -3 -3 -2 -4  2 -2 -3 -2 -3 -3  1  5 -4 -3  2   13   0   0   0   1   0   0   2   0  12   0   0   0   0   0   8  43   0   0  19  0.60 0.29
   82 N    2 -4  0 -1 -1 -4 -4  6 -4 -5 -5 -4 -5 -5 -4 -2 -3 -5 -5 -5   20   0   3   3   1   0   0  72   0   0   0   0   0   0   0   1   0   0   0   0  1.41 0.41
   83 F   -5 -6 -6 -7 -6 -6 -6 -6 -4 -3 -3 -6 -3  9 -7 -6 -5  4  0 -4    0   0   0   0   0   0   0   0   0   0   0   0   0  95   0   0   0   5   0   0  2.64 0.64
   84 P   -4 -5 -5 -5 -6 -4 -4 -5  2 -6 -6 -4 -6 -7  9 -4 -4 -7 -6 -6    0   0   0   0   0   0   0   0   5   0   0   0   0   0  95   0   0   0   0   0  2.97 0.68
   85 H    2 -1 -1 -2 -3 -1  1 -2  3 -3  0 -1 -1 -3 -3  3  1 -4 -3 -2   22   2   1   0   0   0  10   0  10   0  10   2   1   0   0  32   8   0   0   0  0.39 0.23
   86 G   -2 -5 -3 -4 -5 -4 -4  7 -4 -6 -6 -4 -5 -6 -5  2 -3 -5 -5 -6    1   0   0   0   0   0   0  84   0   0   0   0   0   0   0  15   0   0   0   0  1.79 0.49
   87 N    0  2  0  0 -4  5 -1 -4 -2 -1  1 -1  0 -1 -3 -2  1 -4 -2 -1    7  11   4   5   0  36   0   0   0   2  15   1   3   3   0   0  10   0   1   3  0.40 0.25
   88 D    1 -2 -1 -2 -3  1 -1  0  1 -1 -1 -2 -1 -1 -3  2  3 -3  3 -1   14   0   1   1   0   9   1   5   3   3   5   0   2   1   0  17  23   0  13   2  0.27 0.19
   89 D    0 -1 -1  0  2 -2 -2 -1 -1 -2 -1 -1 -2  2  4  1  2 -3 -2 -2    6   2   1   5   6   0   1   3   2   1   5   4   0  14  25  10  13   0   0   1  0.37 0.18
   90 I   -2 -1 -3 -4 -3 -1 -2 -4  0  1  3 -3  2  0 -1 -1  2 -2 -2  0    0   4   0   0   0   3   2   0   3   8  41   0   5   4   2   4  18   0   0   3  0.34 0.20
   91 D    1 -1  0  1 -4  1  4 -1  1 -1 -3  1 -2 -4  1  0 -2 -4 -1 -3   11   1   3   6   0   3  41   3   4   4   1   7   1   0   6   6   1   0   2   0  0.44 0.22
   92 I    1 -3 -2 -2 -2  0  1 -2 -1  1  0 -2 -1 -3 -3  0  2 -4 -3  3   13   0   0   0   0   4   9   2   1   7   9   0   0   0   0   8  17   0   0  30  0.26 0.18
   93 A   -3  4 -3 -3 -5 -1 -2 -4 -3 -1 -3  6  0 -5 -4 -3 -3 -5 -4 -4    1  26   0   0   0   0   0   0   0   5   2  63   3   0   0   0   0   0   0   0  1.26 0.43
   94 L   -1  0 -4 -1 -1 -3 -1 -4 -4  2  3 -2  0 -2 -4 -3  0 -4 -3  3    5   7   0   3   1   0   3   0   0   8  42   0   1   0   0   0   6   0   0  23  0.40 0.21
   95 A    4  0 -1 -2 -3  2  1 -2  0 -1 -1  0 -2  0 -3  0 -1 -3  0 -2   43   5   3   1   0  12   8   0   3   3   5   5   0   5   0   2   1   0   3   1  0.30 0.20
   96 E   -4 -3 -3  3 -6 -1  7 -5 -3 -6 -6  0 -5 -6 -4 -3 -4 -6 -5 -5    0   0   0  13   0   1  84   0   0   0   0   3   0   0   0   0   0   0   0   0  1.77 0.54
   97 T    2 -4 -3 -4  1 -3 -4 -3 -4  4 -1 -3 -2 -1 -4 -2  4 -4 -3  2   18   0   0   0   3   0   0   1   0  32   0   0   0   3   0   0  29   0   0  13  0.59 0.29
   98 R    1  4 -2 -2 -4  0  2 -2 -2 -2 -1  2 -2 -3 -3  0 -1 -3  1 -2   17  28   0   0   0   3  13   2   0   2   6  16   0   0   0   5   1   0   5   2  0.36 0.20
   99 A    1  0  1  2 -1  0  2 -2  0 -1  1 -1  1  0 -3 -1 -1 -3  1 -2   12   4   7  11   1   2  22   1   2   1  18   0   6   3   0   1   3   0   7   0  0.17 0.14
  100 A    6 -4 -4 -4 -1 -3 -3 -2 -4 -3 -1 -3 -3 -4 -3  2 -2 -5  0 -2   74   0   0   0   1   0   0   0   0   0   5   0   0   0   0  14   1   0   3   2  1.05 0.41
  101 I    0 -4 -5 -5 -3 -4 -4 -5 -5  4  0 -2  0 -3 -4 -3 -2 -5 -3  6    7   1   0   0   0   0   0   0   0  22   6   3   1   0   0   0   0   0   0  60  0.95 0.35
  102 A    2  0  0  0 -3  1  3 -1  0 -3 -1  2  0 -4 -2  0 -1 -4 -3 -2   27   4   4   5   0   6  23   3   2   0   6  12   3   0   0   4   2   0   0   0  0.29 0.18
  103 Y    3 -3  0  3  1  2  0 -2 -2 -1 -1 -2 -2 -3 -3  0 -2 -3  2 -2   32   0   3  23   3  10   3   0   0   3   8   1   0   0   0   3   0   0   9   0  0.35 0.22
  104 G   -3 -5 -3 -4 -5 -4 -3  7 -5 -7 -6 -1 -5 -6 -5 -3 -4 -5 -6 -6    0   0   0   0   0   0   2  93   0   0   0   5   0   0   0   0   0   0   0   0  2.04 0.53
  105 A    6 -4 -4 -5 -3 -3 -4 -2 -4 -3 -4 -3 -3 -4 -4 -2 -3 -5  0  1   87   0   0   0   0   0   0   2   0   0   0   0   0   0   0   0   0   0   3   8  1.39 0.49
  106 D    0  0  0  4 -4  1  0 -2  2 -3 -4  1 -3 -4 -3  1  3 -5 -3 -2   10   4   1  32   0   6   3   1   6   0   0   7   0   0   0   7  21   0   0   2  0.47 0.23
  107 E   -4 -3 -1 -1 -7  0  8 -5 -1 -6 -6 -2 -5 -6 -4 -3 -4 -6 -5 -6    0   0   2   0   0   2  95   0   1   0   0   0   0   0   0   0   0   0   0   0  2.07 0.61
  108 V   -4 -5 -6 -6 -1 -5 -6 -6 -6  7  1 -5 -1 -3 -5 -5 -3 -5 -4  2    0   0   0   0   1   0   0   0   0  79  10   0   0   0   0   0   0   0   0  10  1.51 0.45
  109 D   -5 -5 -2  8 -7 -3  1 -4 -4 -6 -7 -4 -6 -7 -4 -3 -4 -7 -6 -6    0   0   0  95   0   0   5   0   0   0   0   0   0   0   0   0   0   0   0   0  2.36 0.61
  110 V   -3 -5 -5 -6 -4 -4 -5 -6 -4  5  0 -4  7  0 -5 -4 -3 -4  2  2    0   0   0   0   0   0   0   0   0  41   1   0  35   3   0   0   0   0   8  12  1.17 0.41
  111 V   -3 -5 -6 -6 -4 -5 -5 -6 -6  0 -2 -5 -2 -4 -5 -5 -3 -6 -4  7    0   0   0   0   0   0   0   0   0   0   0   0   0   0   0   0   0   0   0 100  1.96 0.58
  112 F   -3 -5 -5 -5 -3 -5 -5 -2 -5  6  2 -5  2 -1 -5 -4 -3 -4 -3  2    0   0   0   0   0   0   0   5   0  64  17   0   6   1   0   0   0   0   0   8  1.07 0.36
  113 P   -3 -2  5  4 -4 -2 -2 -3 -1 -5 -5 -2 -4 -5  3  2  1 -6 -4 -4    0   1  36  22   0   0   0   0   1   0   0   0   0   0  16  16   7   0   0   0  0.90 0.34
  114 Y   -3  6 -3 -4 -4  0 -3 -5  0  1 -1 -1 -1 -3 -4 -3 -3  0  2  2    0  53   0   0   0   3   0   0   3  10   5   0   1   0   0   0   0   1   9  15  0.84 0.34
  115 R    0  1  1 -2 -3  0 -1  5 -2 -3 -4 -1 -3 -4  0  1  0 -4 -4 -4    5  11   5   1   0   3   5  48   1   2   0   1   0   0   4  10   6   0   0   0  0.61 0.24
  116 A    2 -2 -2 -3 -2  0 -2 -3  4 -2  2  2 -1 -1 -2 -1 -2  3  1 -2   26   0   1   0   1   4   0   0  13   0  26  15   0   2   1   1   0   4   6   0  0.35 0.23
  117 L    1 -4 -5 -5 -3 -4 -4 -4 -4  0  2 -4 -1  5 -4 -3 -3  2  0  4   12   0   0   0   0   0   0   0   0   0  24   0   0  29   0   0   0   2   1  31  0.70 0.29
  118 I    0 -3 -1 -4  0 -2 -2 -3 -3  0  5  1  1  0 -4 -3 -2 -4 -3 -1    7   0   3   0   2   1   3   1   0   2  65   9   1   2   0   0   2   0   0   1  0.60 0.28
  119 A    1 -1  1  0 -2  0  2 -1 -2 -3 -1 -1 -2 -3 -2  3  2 -4 -3 -2   11   2   6   5   1   4  16   2   0   0   7   2   0   0   0  26  16   0   0   2  0.29 0.18
  120 G   -2  0 -1  0 -5  0  0  6  2 -6 -5 -2 -4 -5 -4 -1 -3 -5 -4 -5    1   5   3   6   0   4   5  66   5   0   0   2   0   0   0   2   1   0   0   0  1.09 0.34
  121 N   -3  2  3  5 -5  2  1 -3 -2 -5 -4  1 -4 -3 -3 -2 -3 -5 -4 -5    1  14  17  40   0  11   6   0   0   0   1   9   0   1   0   0   0   0   0   0  0.83 0.31
  122 E   -4 -3 -5 -5  0 -3 -4 -6 -2 -3  0 -5  2  1 -6 -5 -4 10  7 -2    0   1   0   0   2   1   1   0   0   0   8   0   5   4   0   0   0  36  38   3  1.83 0.49
  123 Q   -1  0 -1  1 -4  2  4 -1 -2 -3 -1  2  0 -4 -2  0 -1  2 -3 -2    5   4   2   6   0  12  34   3   0   1   6  13   3   0   1   5   3   3   0   1  0.39 0.20
  124 V    2  0 -1  1 -3  1  2  1 -2 -3 -2  2 -2 -2 -2  0  0 -3  0 -1   23   2   1   6   0   4  17   9   0   0   3  15   1   2   0   3   7   0   3   3  0.20 0.14
  125 G   -1 -4 -5 -5 -1 -4 -4 -4 -4  2  3 -4  2 -2 -4 -4 -2  1  0  5    4   0   0   0   1   0   0   1   0   7  34   0   4   0   0   0   0   2   3  45  0.71 0.28
  126 F    0 -4 -4 -4  4 -3  0 -5  1  0 -2 -4 -3  3 -5 -3 -1 -1  7 -2    8   0   0   0   9   0   8   0   3   6   1   0   0  12   0   0   3   0  47   2  0.98 0.36
  127 E    0  0  3  5 -5  1  3 -3 -1 -5 -5  0 -2 -5 -3 -2 -1 -5 -4 -4    9   4  12  40   0   5  22   0   1   0   0   5   1   0   0   0   2   0   0   0  0.78 0.29
  128 L   -1 -3 -2  3 -6  0  7 -4 -3 -5 -4 -2 -4 -6 -4 -2 -1 -6 -5 -5    5   0   0  14   0   3  75   0   0   0   1   0   0   0   0   0   3   0   0   0  1.44 0.47
  129 V   -2 -5 -5 -5 -3 -4 -5 -6 -5  6  2 -4  3 -2 -5 -4 -2 -5 -3  3    1   0   0   0   0   0   0   0   0  52  13   0   9   0   0   0   0   0   0  24  1.03 0.34
  130 K    1  3 -1 -2  1  1 -1 -2 -1 -1  0  1 -1  0 -3  0 -1 -3 -2  1   15  21   1   0   3   7   3   1   1   0  11   8   1   4   0   9   2   0   0  14  0.17 0.14
  131 A    3  1 -2  0 -3  1  3 -2 -1 -2 -1 -1 -2 -4 -3  1 -1 -4 -3 -2   38   6   0   4   0   6  24   0   1   1   6   2   0   0   0  10   2   0   0   0  0.44 0.24
  132 C   -2 -4 -4 -5  2 -1 -4 -5 -4  3  2 -4  4  2 -4 -3 -1 -3 -1  3    1   0   0   0   4   3   0   0   0  18  14   0  16  11   0   0   1   0   1  30  0.58 0.24
  133 K   -2  5 -1 -3 -5 -1 -2 -4  1 -4 -4  5 -3 -5 -4 -2 -3 -5 -4  0    2  39   2   0   0   0   0   0   3   0   0  44   0   0   0   1   0   0   0   9  1.07 0.38
  134 E    2 -1 -1  1 -4  2  4 -2  0 -4 -3  2 -3 -4 -3  1 -2 -4 -3 -3   17   1   2   7   0  11  32   0   2   0   1  15   0   0   0  11   0   0   0   0  0.52 0.24
  135 A    5 -3 -3 -4 -3 -3 -1 -2 -4  1  0 -2 -2 -3 -3 -1  1 -4 -3  1   58   0   0   0   0   0   3   1   0   9   9   1   0   0   0   2   8   0   0  10  0.59 0.29
  136 C    1 -5 -4 -5 10 -4 -5 -4 -5 -1 -2 -4 -3 -4 -4 -2 -3 -4 -4  0   13   0   0   0  66   0   0   0   0   4   3   0   0   0   0   2   0   0   0   8  1.93 0.48
  137 A    0  1 -2 -2 -3  0 -2  6  1 -2 -4  0 -2 -4 -3 -2 -2 -3 -3 -2    7   7   0   2   0   3   1  60   3   3   1   5   1   0   1   1   1   0   0   3  0.81 0.25
  138 A    1 -1  0  3 -3  0  3 -1 -2 -3 -2  1 -3 -4  3  0 -1 -4 -3 -3   13   3   3  19   0   1  21   3   0   0   3   7   0   0  16   7   2   0   0   1  0.41 0.17
  139 A    3 -1 -2 -2 -1 -1  0 -1  2 -2 -2  1 -2 -2  1  1  1 -3  0 -2   37   2   1   1   1   1   6   2   5   1   4  10   0   1   7   8   7   0   4   1  0.26 0.14
  140 N   -2  1  2  0 -4  1 -1  1  7 -4 -4  0 -3 -3  3 -1 -2 -4 -2 -2    2   8  10   6   0   5   1  10  33   1   1   4   0   0  13   3   1   0   0   3  0.63 0.24
  141 V    1 -2 -2 -2 -1 -1 -1 -2 -2  2  0 -1  0 -1  0 -1  1 -2 -1  3   18   2   1   2   1   1   2   2   1  16   3   5   1   1   4   2   8   0   1  29  0.18 0.09
  142 L    0 -1 -1 -1  0 -1 -1 -1  3  0  0  0  0 -1  2 -1  0 -1 -1  1    7   3   3   3   2   2   2   5  12   5  14   6   1   2  11   3   6   1   1  13  0.08 0.04
  143 L   -3 -3 -4 -4 -3 -3 -2 -4 -4  0  5 -3  5 -2 -4 -3 -2 -3 -3  1    1   1   0   1   0   0   4   1   0   1  62   1  20   0   1   1   1   0   0   6  0.89 0.30
  144 K   -4 -1 -3 -3 -6 -1 -2 -4 -4 -5 -5  8 -4 -6 -4 -3 -3 -6 -5 -5    0   0   0   0   0   0   0   0   0   0   0  98   0   0   0   0   0   0   0   0  2.08 0.60
  145 V    1 -4 -4 -5 -2 -4 -4 -3 -5  0 -1 -4 -2 -3 -4 -2  3 -5 -4  6   14   0   0   0   0   0   0   2   0   0   3   0   0   0   0   2  19   0   0  61  0.87 0.37
  146 I   -4 -6 -6 -6 -4 -6 -6 -7 -6  8 -1 -6 -2 -3 -6 -5 -3 -6 -4  1    0   0   0   0   0   0   0   0   0  95   0   0   0   0   0   0   0   0   0   5  2.00 0.56
  147 I   -4 -5 -6 -6 -4 -5 -5 -6 -5  2  6 -5  0  1 -5 -5 -3 -4 -3  0    0   0   0   0   0   0   0   0   0   8  84   0   0   5   0   0   0   0   0   3  1.30 0.41
  148 E    3 -3 -3 -1 -5 -1  6 -1 -3 -5 -5 -2 -4 -5 -3  0 -3 -5 -4 -4   24   0   0   0   0   0  66   4   0   0   0   0   0   0   0   6   0   0   0   0  1.20 0.44
  149 T   -2 -4 -1 -4  1 -3 -4 -4 -4  1 -3 -3  1 -4 -4 -1  7 -5 -4  0    1   0   2   0   2   0   0   0   0   9   0   0   3   0   0   1  76   0   0   4  1.31 0.48
  150 G   -1 -4 -2 -2  4 -3 -2  6 -3 -5 -5 -3 -4 -5 -4  2 -1 -5 -5 -5    3   0   0   2   8   0   2  65   0   0   0   0   0   0   0  17   3   0   0   0  1.19 0.37
  151 E    1 -2 -2  3 -3  1  5 -4 -1 -3 -3  0 -3 -3 -3 -2 -3 -4  1 -3   11   0   0  15   1   6  51   0   1   1   3   3   0   1   0   1   0   0   6   1  0.76 0.32
  152 L   -4 -5 -6 -6 -1 -5 -5 -6 -5  2  6 -5  0 -2 -5 -5 -4 -4 -3  0    0   0   0   0   1   0   0   0   0   8  88   0   0   0   0   0   0   0   0   2  1.40 0.44
  153 K    1  0  1  0 -2  1  0  3 -2 -3 -2  2 -2 -2 -1  0  0 -3 -3 -2   12   5   8   3   0   5   7  26   0   0   2  14   0   2   3   5   4   0   0   3  0.24 0.12
  154 E   -2  0  1  0 -3 -2  1 -1 -3 -2 -4 -1 -3 -4  0  2  5 -5 -4 -3    0   4   7   5   0   0   9   4   0   2   0   1   0   0   5  20  43   0   0   0  0.59 0.29
  155 E    1 -1 -2  1 -1 -1  1 -3  0 -1  2 -2  2  0  0 -2 -1 -2  3 -1   12   3   0  10   1   1   9   0   2   0  30   0   5   3   4   1   2   0  15   1  0.21 0.17
  156 A    0  2 -1  3 -3  1  2 -1 -1 -3 -2  0 -2 -4  0  1  0 -4 -3 -2    6  12   1  21   0   7  13   5   1   0   5   3   0   0   3  14   7   0   0   1  0.28 0.15
  157 L   -2 -1  6  1 -4  1 -1 -3  0 -1 -3  0 -3 -4 -4 -1 -1 -5 -4 -1    1   3  55   6   0   5   2   0   2   5   2   6   0   0   0   3   3   0   0   5  0.81 0.31
  158 I   -2 -5 -5 -5 -3 -4 -5 -5 -5  6  0 -3 -1 -3 -5 -4 -2 -5 -3  5    2   0   0   0   0   0   0   0   0  46   3   2   0   0   0   0   0   0   0  46  1.14 0.38
  159 R    2  3 -2 -3 -3 -1 -2 -3 -1 -1 -2  3  0 -1 -3 -1 -2 -2  5 -2   19  21   0   0   0   1   0   1   0   3   3  19   3   0   0   3   0   0  24   0  0.48 0.24
  160 K    0  4 -2 -2 -4  0 -1 -1 -2 -3 -3  4 -1 -4 -3  0 -1 -4 -3 -2    8  30   0   2   0   2   1   5   0   1   2  34   2   0   0   8   3   0   0   2  0.56 0.24
  161 A    6 -4 -4 -4  1 -3 -2  0 -4 -1  0 -3  0 -4 -3 -1 -2 -5 -4 -2   75   0   0   0   3   0   1   7   0   3   9   0   2   0   0   0   0   0   0   0  0.99 0.40
  162 S    2 -2 -2 -3  4 -3 -3 -2 -3 -3 -3 -3 -3 -4 -3  5  0 -5 -4  0   15   2   0   0  10   0   0   1   0   0   2   0   0   0   0  59   3   0   0   7  0.85 0.37
  163 E   -3  0 -1 -3 -3 -1  0 -4  1  1  2 -2  4 -1 -4 -3 -1  6  0  1    0   7   3   1   0   1   6   0   4   9  22   0  15   1   0   0   3  14   3   7  0.42 0.20
  164 I    0 -4 -4 -4  2 -2 -3 -4 -4  3  3 -4  0 -2 -4 -3 -1 -4 -3  4    7   0   0   0   5   1   1   0   0  18  34   0   0   0   0   0   1   0   0  32  0.58 0.24
  165 S    5 -4 -3 -2  6 -3 -3 -1 -4 -4 -3 -3 -3 -4 -3  3 -2 -5 -4 -2   56   0   0   1  17   0   0   2   0   0   2   0   0   0   0  21   0   0   0   1  0.98 0.38
  166 I    0 -4 -1 -5  1 -3 -4 -5 -4  2  1 -2  9 -3 -5 -3 -1 -4 -4  0    6   0   3   0   3   0   0   0   0  11   8   2  60   0   0   1   3   0   0   3  1.27 0.45
  167 K    1  0 -4 -1 -3  0 -2 -4 -2 -1  2 -2  6  1 -4 -3 -3 -2  3 -1   12   6   0   3   0   3   3   0   0   1  23   1  29   5   0   0   0   0  13   1  0.50 0.27
  168 A    6 -4 -1 -4 -1 -3 -3  1 -4 -3 -3 -3 -3 -4 -3  1 -1 -5 -4  0   70   0   2   0   1   0   0   9   0   0   2   0   0   0   0   9   2   0   0   5  0.93 0.37
  169 G   -2 -4 -2 -2 -5 -2 -4  7 -4 -6 -6 -1 -5 -6 -4 -2 -4 -5 -5 -6    0   0   1   2   0   2   0  90   0   0   0   3   0   0   0   2   0   0   0   0  1.86 0.48
  170 A    5 -4 -3 -4 -3 -3 -3  0 -4 -1 -3 -3  0 -1  0  2 -2 -5 -4 -2   69   0   0   0   0   0   0   5   0   3   0   0   3   3   3  12   0   0   0   2  0.89 0.37
  171 D   -1 -4 -1  8 -6 -2 -1 -4 -1 -6 -6 -1 -5 -6 -4 -3 -1 -7 -6 -5    6   0   0  84   0   1   1   0   1   0   0   3   0   0   0   0   3   0   0   0  1.82 0.52
  172 F   -5 -6 -6 -7 -5 -6 -6 -6 -4 -3 -2 -6 -3  9 -7 -5 -5  1  4 -3    0   0   0   0   0   0   0   0   0   0   1   0   0  85   0   0   0   1  12   1  2.32 0.58
  173 I   -3 -5 -6 -6 -4 -5 -6 -6 -6  7  1 -5 -1 -3 -5 -5 -3 -5 -4  3    0   0   0   0   0   0   0   0   0  73   7   0   0   0   0   0   0   0   0  20  1.45 0.44
  174 K   -4 -1 -3 -4 -6 -2 -2 -4  0 -5 -5  8 -4 -6 -4 -3 -3 -6 -5 -1    0   0   0   0   0   0   0   0   3   0   0  92   0   0   0   0   0   0   0   5  1.86 0.57
  175 T   -3 -4 -3 -4 -4 -3 -4 -4 -4 -4 -4 -3 -3 -5 -4 -1  8 -5 -4 -3    0   0   0   0   0   0   0   0   0   0   0   0   0   0   0   1  96   0   0   0  2.02 0.61
  176 S   -2 -4 -2 -3  2 -1 -3 -2 -4 -5 -5 -3 -4 -5 -4  7 -1 -6 -5 -5    0   0   0   0   5   3   0   2   0   0   0   0   0   0   0  90   0   0   0   0  1.62 0.56
  177 T   -3 -4 -3 -4 -4 -4 -4 -5 -5 -1 -4 -4 -4 -5 -4 -2  8 -6 -5 -3    0   0   0   0   0   0   0   0   0   3   0   0   0   0   0   0  97   0   0   0  2.08 0.63
  178 G   -3 -5 -3 -4 -5 -5 -5  7 -5 -7 -6 -4 -5 -1 -5 -3 -4 -5 -5 -6    0   0   0   0   0   0   0  97   0   0   0   0   0   3   0   0   0   0   0   0  2.21 0.56
  179 K   -3  0 -3 -4 -5 -2 -2 -4  2 -4 -4  6 -3  4 -4 -3 -3 -4  1 -4    0   3   0   0   0   0   0   0   5   0   0  69   0  18   0   0   0   0   4   0  1.25 0.44
  180 V   -1 -2  1 -1 -4  0  4  0  2 -1 -3 -1 -3 -1 -3  0 -1  3 -2  1    2   0   6   1   0   2  39   9   6   3   1   1   0   2   0   9   1   4   0  15  0.39 0.23
  181 P    1 -1 -1 -2 -3  1 -1  2 -2 -3 -3  2 -2  0  1  2  0 -3 -1 -2   13   0   2   1   0   6   3  19   0   0   1  19   0   5   6  16   6   0   2   1  0.27 0.16
  182 V    0  1 -3 -4 -3 -3 -2  0  2  1 -2 -1 -2 -3  4 -2 -2 -5 -3  4    9   9   0   0   0   0   2   7   7   6   0   2   0   0  20   0   1   0   0  37  0.47 0.24
  183 N    2 -3  5 -2  1 -3 -1  4 -3 -5 -5 -3 -4 -5 -4  0 -2 -5 -4 -4   16   0  37   0   3   0   3  35   0   0   0   0   0   0   0   6   0   0   0   0  0.92 0.34
  184 A    7 -4 -4 -5 -3 -4 -4 -3 -4 -4 -1 -3 -3 -5 -4 -2 -1 -5 -4 -3   93   0   0   0   0   0   0   0   0   0   5   0   0   0   0   0   2   0   0   0  1.55 0.52
  185 T   -2 -1  1 -1 -3 -1 -3 -4 -4 -1 -4 -2 -3 -4 -3  1  7 -5 -4 -3    0   3   5   3   0   3   0   0   0   4   0   1   0   0   0   8  72   0   0   0  1.15 0.43
  186 P   -1 -4 -4 -4 -3 -3 -4 -4 -4  0  4 -3  1  2  4 -2 -3 -3 -1  1    6   0   0   0   0   0   0   0   0   2  45   0   2   8  25   3   0   0   2   8  0.67 0.26
  187 E    0 -1  0  2 -5  1  4 -4  0 -5 -4 -2 -4 -5  6 -2 -3 -5 -4 -4    7   3   3   9   0   6  28   0   3   0   1   0   0   0  38   1   0   0   0   0  0.97 0.32
  188 S    1 -3  1  3 -3 -2 -2 -3  3  0 -2 -1 -2 -2 -3  0 -2 -4 -3  4   14   0   6  19   0   0   0   1   8   1   1   3   0   1   0   5   0   0   0  40  0.42 0.25
  189 A    2 -3 -2 -3 -1 -3 -3  1 -3  0  0 -3 -1 -2 -3  1  3 -4 -2  3   17   0   0   0   1   0   0  14   0   3   8   0   0   1   0  10  20   0   1  25  0.29 0.19
  190 R    0  1 -3 -3 -3  0 -2 -4  0  0  3  1  0 -1 -3 -2  0 -2  3 -1    8   7   0   0   0   5   0   0   2   5  37  10   0   0   0   1   5   0  16   3  0.29 0.18
  191 I   -1 -4 -4 -4 -3 -1 -4 -4 -4  2  2 -3  1 -2 -4 -2  1 -4 -3  4    4   0   0   0   0   3   0   0   0  10  25   0   2   0   0   3   8   0   0  45  0.57 0.25
  192 M   -2 -2 -5 -6 -4 -3 -5 -5 -4  0  0 -4 10 -2 -5 -4 -4 -4 -4 -1    2   2   0   0   0   0   0   0   0   2   5   0  82   1   0   0   0   0   0   3  2.18 0.61
  193 M    0  1 -2 -2  6 -1 -3 -3 -2  1  2 -1  1 -2 -3 -2 -2 -3 -3  1   10   8   1   2  22   2   0   0   1   9  24   5   3   0   0   1   1   0   0  10  0.36 0.18
  194 E   -1  4  1 -1 -3  3  2 -3 -1 -2 -1  1 -2 -1 -3 -1  0 -3 -2 -2    3  31   5   1   0  13  17   1   1   2   5   7   0   4   0   1   5   0   0   3  0.40 0.20
  195 V    5 -3 -3 -3 -1 -2  0 -2 -3  0 -3 -3  1 -2 -3 -1  0 -4 -3  0   68   0   0   0   1   0   8   0   0   4   0   0   4   2   0   1   4   0   0   6  0.78 0.33
  196 I    0 -4 -4 -4 -1 -4 -4 -4 -4  5  1 -4 -1  0 -4 -2 -2 -4 -3  3    7   0   0   0   1   0   0   0   0  50   9   0   0   3   0   2   0   0   0  24  0.75 0.27
  197 R   -2  5 -1 -1 -4  1  0 -2 -1 -3 -3  4  0 -4 -3 -1 -2 -2 -3 -3    1  43   2   4   0   6   3   2   1   1   1  26   2   1   1   4   1   1   0   2  0.73 0.25
  198 D    0  0 -1  5 -4  0  4 -3 -2 -4 -3 -1 -1 -4 -2 -1 -1 -2 -3 -3    7   4   1  39   0   3  30   1   1   1   3   2   2   0   1   2   2   1   0   1  0.71 0.25
  199 M   -3 -3 -3 -3 -1 -3 -3 -3  0 -2  0 -3  1  4 -3 -3 -3  3  7 -2    1   1   1   1   2   1   1   1   2   1  10   1   3  20   1   1   1   4  44   2  0.95 0.27
  200 G    0  0  0 -2 -3  0 -1  0  5 -2 -1  0 -2  2 -2 -1 -2 -1  4 -2    9   6   3   1   0   5   2   8  17   1   6   6   1   8   1   1   1   0  21   1  0.33 0.15
  201 V    1 -1 -2 -2  0  0 -1 -1 -2  0 -2 -1 -1 -3 -2  0  5  0 -2  0   10   4   1   2   2   4   3   5   0   4   2   3   1   1   1   2  47   1   1   7  0.40 0.20
  202 E    0  0  0 -2 -3  0 -1  5 -1 -4 -4  0 -3 -4 -3 -1 -1 -3 -3 -3    8   5   4   1   0   5   3  57   1   1   1   6   0   0   1   1   3   0   0   1  0.77 0.24
  203 K   -1  2  0 -2 -3  1  0  0  0  1 -2  1 -1  0  0  0  1 -2  1  0    1  17   3   1   0   7   6   8   2  10   1   6   1   5   4   4  12   0   5   6  0.09 0.09
  204 T   -2  3  0  0 -4  3 -1  0  1 -1 -3  4  0 -4 -2 -1 -1 -2 -3 -3    1  17   4   4   0  16   0   8   3   4   1  31   3   0   1   2   3   0   0   1  0.43 0.22
  205 V    0 -1 -5 -5  0 -4 -4 -5 -5  4  0 -4  0 -3 -4 -3 -1 -5 -3  5    6   4   0   0   2   0   0   0   0  25   5   0   1   0   0   0   3   0   0  54  0.83 0.32
  206 G   -2 -4 -3 -4  1 -1 -4  7 -4 -6 -4  0 -5 -5 -4 -3 -4 -5 -5 -5    0   0   0   0   3   3   0  84   0   0   1   8   0   0   0   0   0   0   0   0  1.66 0.46
  207 F   -3 -4 -5 -5 -3 -4 -5 -5 -3  3  1 -4  1  5 -5 -4 -3 -2  2  3    0   0   0   0   0   0   0   0   0  17  12   0   4  29   0   0   0   0   7  29  0.77 0.28
  208 K   -4 -1 -3 -4 -6 -2 -2 -5 -4 -6 -6  8 -4 -6 -4 -3 -4 -6 -5 -5    0   0   0   0   0   0   0   0   0   0   0 100   0   0   0   0   0   0   0   0  2.19 0.63
  209 P    4 -4 -4 -4 -4 -4 -4 -4 -5 -4 -1 -3 -4 -5  7 -2 -3 -6 -5 -3   36   0   0   0   0   0   0   0   0   1   6   0   0   0  57   0   0   0   0   1  1.60 0.47
  210 A    6 -3 -3 -4 -3  0 -3 -2 -4 -4 -4 -3 -3 -5 -3  3 -2 -5 -4 -3   69   0   0   0   0   5   0   0   0   0   0   0   0   0   0  26   0   0   0   0  1.17 0.44
  211 G   -2 -5 -3 -4 -5 -5 -5  7 -5 -7 -7 -4 -6 -6 -5 -3 -4 -5 -6 -6    2   0   0   0   0   0   0  98   0   0   0   0   0   0   0   0   0   0   0   0  2.25 0.56
  212 G   -3 -5 -3 -3 -5 -5 -5  7 -5 -7 -7 -4 -6 -6 -5 -3 -4 -5 -6 -6    0   0   0   1   0   0   0  99   0   0   0   0   0   0   0   0   0   0   0   0  2.30 0.57
  213 V   -3 -5 -6 -6 -4 -5 -6 -6 -6  7  0 -5  0 -3 -5 -5 -3 -5 -4  4    0   0   0   0   0   0   0   0   0  72   2   0   1   0   0   0   0   0   0  25  1.49 0.45
  214 R   -2  6  2 -3 -5  0 -2 -4  0 -5 -5  2 -4 -5 -4  2 -2 -5 -4 -5    1  54  11   0   0   2   0   0   2   0   0  13   0   0   0  18   0   0   0   0  1.08 0.38
  215 S   -2 -3  0  0 -2 -2 -1 -3 -3 -4 -4  0 -3 -3 -3  3  6 -5 -4 -3    1   0   5   4   1   0   2   0   0   0   0   7   0   1   0  19  60   0   0   0  0.96 0.39
  216 A    3 -2 -2 -3 -2 -2 -3 -2 -3  0  1 -2 -1 -2  1  1  1 -4  0  2   37   1   1   0   0   0   0   0   0   3  12   0   1   1   7   9  10   0   3  15  0.31 0.20
  217 E   -1  1  0  2 -5  2  3 -3  0 -4 -4  5  2 -4 -3 -1 -2 -5 -4 -3    3   4   2  10   0  10  20   1   2   0   0  39   7   0   0   1   0   0   0   1  0.62 0.27
  218 D   -1 -3 -1  6 -5  3  2 -3 -2 -2 -4 -2 -4 -5 -3 -1  1 -6 -5 -4    5   0   1  57   0  13  10   0   0   2   0   0   0   0   1   1   8   0   0   0  1.04 0.37
  219 A    6 -4 -4 -4  2 -3 -3 -2 -4 -3 -2 -3 -2 -5 -3  0 -2 -5 -4  0   83   0   0   0   4   0   0   0   0   1   3   0   0   0   0   5   0   0   0   5  1.24 0.45
  220 Q   -3  0 -4 -4 -2 -2 -1 -4 -4  4  3 -2  2 -2 -4 -3 -2 -4 -3  3    0   6   0   0   1   2   4   1   0  24  37   1   5   0   0   0   0   0   0  19  0.52 0.23
  221 Q    1  1  1  0 -3  1  0 -1  1  0 -2  2 -1 -3 -2  0  0 -4 -2  0   13   6   6   5   0   8   5   4   5   8   2  20   0   0   0   4   4   0   0  10  0.14 0.11
  222 F   -4 -4 -3 -6 -5 -3 -5 -5 -1 -3  0 -5  4  5 -6 -4 -4  8  6 -2    0   0   1   0   0   0   0   0   1   0   8   0  12  21   0   0   0  20  35   2  1.45 0.42
  223 L   -3 -4 -5 -5 -3  0 -4 -5 -3  2  4 -4  3  1 -5 -4 -3 -2  4 -1    1   0   0   0   0   4   0   0   0  14  47   0  10   4   0   0   0   0  19   1  0.77 0.30
  224 A    1  1 -1 -2 -1  0  0 -3 -2  1 -1  1 -1 -2 -2  1  3 -3 -2  2   11   8   1   0   1   5   5   0   0   6   1   9   1   1   0   8  21   0   0  21  0.19 0.14
  225 I    1 -3 -3 -4 -2  0 -3 -3 -3  3  4 -3  3  0 -3 -1 -1 -3 -1  0   15   0   0   0   0   5   0   0   0  17  43   0   7   2   0   3   2   0   2   2  0.41 0.20
  226 A   -1 -4 -3 -4 -3 -3 -4  3 -4  2 -1 -3  4 -2 -4 -3 -1 -4 -2  4    3   0   0   0   0   0   0  23   0  10   1   0  14   1   0   0   2   0   1  42  0.61 0.27
  227 D    2  1  2 -1 -4 -1  1 -3  0 -3 -4  5 -3 -4 -3 -1 -2 -4 -3 -2   23   4  11   2   0   1   7   0   2   1   0  44   0   0   0   1   0   0   0   2  0.59 0.27
  228 E   -2 -1  1  3 -5  1  6 -3 -1 -4 -4 -1 -4 -5 -3 -1  1 -5 -4 -4    1   3   7  17   0   3  55   0   1   0   0   1   0   0   0   2   8   0   0   0  0.93 0.33
  229 L   -2  2 -2 -2 -3 -1  3 -3 -2  1  0 -1 -1 -3 -3 -1  2 -1 -3  2    0  13   0   0   0   1  27   0   0   8   9   1   0   0   0   3  13   1   0  21  0.31 0.19
  230 F    1 -3 -4 -5 -3 -4 -4 -4 -4  1  5 -4  0  0 -4 -3 -3 -3 -3  0   12   1   0   0   0   0   0   0   0   7  70   0   0   2   0   0   0   0   0   4  0.82 0.30
  231 G   -2 -4 -3 -3 -5 -4 -4  7 -4 -5 -5 -4 -5 -5 -4 -3 -4 -4 -5 -5    1   0   0   1   0   0   0  94   0   0   1   0   0   0   0   0   0   0   0   0  2.00 0.49
  232 A    1  1  2  3 -3  0  3 -2  0 -3 -3  0 -1 -3  0  0 -1 -4 -3 -2   16   6  12  17   0   1  23   1   1   1   1   5   2   1   5   4   2   0   0   2  0.32 0.14
  233 D   -1  2 -1  4 -4  1  3 -2 -1 -4 -3  1 -3 -4  0  0 -2 -4 -3 -3    5  13   1  27   0   4  25   2   1   1   1  10   0   0   3   5   1   0   0   1  0.49 0.17
  234 W   -3 -4 -4 -4 -4 -3 -4 -4 -3 -4 -3 -2 -3  0 -4 -4 -4 12  1 -4    2   1   1   1   0   1   1   1   0   1   1   2   0   4   1   1   1  76   4   1  2.95 0.51
  235 A   -1 -3 -3 -3 -2 -1 -3 -3 -3  0  5 -3  1 -1 -3 -2  0 -3 -2  0    3   1   1   1   0   3   1   1   0   3  68   1   2   1   1   1   7   0   0   6  0.62 0.21
  236 D   -1  0  2  2 -1  2  1 -2 -1 -3 -3  1 -2 -3 -2  2  3 -3 -2 -2    2   4  10  11   1   9  10   1   1   1   1   6   1   1   1  14  26   0   0   1  0.31 0.14
  237 S    0 -1  4 -2 -3 -2 -2 -2 -2 -3 -3  0 -3 -4  6  0 -1 -4 -3 -3    6   4  22   1   0   1   1   3   0   1   1   5   0   1  45   7   1   0   0   1  0.96 0.24
  238 R   -1  0  1  4 -2  1  2 -1  3 -3 -3  0 -2 -2 -2  1  0 -3  0 -3    3   3   5  27   1   4  16   3   8   1   1   6   0   1   1  10   4   0   4   1  0.34 0.12
  239 H   -2  0 -1 -3 -3 -2 -3 -3  0 -1  3 -2  1 -1 -3 -2  0  7  2 -1    1   7   3   1   0   1   1   1   2   1  41   1   2   1   1   1   7  18   9   2  0.59 0.20
  240 Y   -3 -4 -4 -4 -4 -4 -4 -3 -3 -2  0 -4 -2  8 -4 -4 -3 -1  1 -1    1   1   1   1   0   0   1   3   0   1   5   1   0  80   1   1   1   0   2   3  1.61 0.38
  241 R   -4  8 -3 -4 -6 -2 -3 -5 -3 -6 -5  0 -4 -6 -5 -4 -4 -6 -5 -5    0 100   0   0   0   0   0   0   0   0   0   0   0   0   0   0   0   0   0   0  2.34 0.57
  242 F   -3 -5 -5 -5 -3 -5 -5 -5 -4  5  2 -5  1  5 -5 -4 -3 -2  1  0    0   0   0   0   0   0   0   0   0  38  23   0   2  34   0   0   0   0   2   1  0.95 0.30
  243 G   -2 -5 -3 -4 -5 -4 -5  7 -5 -6 -6 -4 -5 -6 -5 -3 -4 -5 -6 -6    0   0   0   0   0   0   0 100   0   0   0   0   0   0   0   0   0   0   0   0  2.20 0.49
  244 A    5 -3 -3 -3 -3 -3 -3 -2 -4 -3 -3 -3 -3 -4 -3  1  4 -5 -4 -2   62   0   0   0   0   0   0   0   0   0   0   0   0   0   0   8  29   0   0   0  0.98 0.35
  245 S   -1 -3 -2 -3 -4 -3 -3 -3 -4 -5 -5 -3 -4 -5 -3  7 -1 -6 -4 -4    1   0   0   0   0   0   0   0   0   0   0   0   0   0   0  99   0   0   0   0  1.77 0.53
  246 S    1  2 -2 -2 -3 -2 -1  1 -3 -4 -4 -2 -3 -4 -3  5  1 -5 -4 -3    8  14   0   0   0   0   3  12   0   0   0   0   0   0   0  55   9   0   0   0  0.70 0.29
  247 L   -1 -4 -5 -5 -3 -4 -5  0 -5 -1  6 -4  1 -2 -5 -4 -3 -4 -3 -1    5   0   0   0   0   0   0   8   0   0  84   0   3   0   0   0   0   0   0   1  1.05 0.33
  248 L    1 -3 -4 -4 -3 -3 -4 -4  2  1  4 -3  0 -2 -3 -3  0 -4 -2  1   12   0   0   0   0   0   0   0   6   3  63   0   0   0   1   0   7   0   0   8  0.62 0.24
  249 A    0 -2  5  2 -4  0  1  2 -2 -4 -4  0 -3 -4  1  0  0 -4 -4 -3    7   0  35  11   0   4   7  16   0   1   0   5   0   0   7   3   4   0   0   0  0.50 0.19
  250 S   -3 -2  0  6 -4 -2 -1 -3 -3  0  2 -2 -1 -3 -3 -2 -3 -5 -4 -3    0   2   4  60   0   0   0   0   0   5  24   2   1   0   0   2   0   0   0   0  0.91 0.29
  251 L   -2 -4 -5 -5 -1 -4 -5 -5 -5  5  4 -4  0 -2 -5 -4 -3 -4 -3  1    1   0   0   0   1   0   0   0   0  50  42   0   0   0   0   0   0   0   0   6  0.97 0.29
  252 L   -3 -3 -3  0 -4 -1  4 -4 -3  2  3 -2 -1 -2 -4 -2 -2 -4 -3  0    0   0   0   5   0   0  38   0   0  12  40   0   0   0   0   1   0   0   0   4  0.58 0.25
  253 K   -2  4 -1 -1 -3  1  1 -3  0 -3 -1  3  3 -3 -3  1 -1 -4 -3 -3    0  31   1   3   0   6   6   0   2   0   4  17  12   0   0  14   2   0   0   0  0.46 0.20
  254 A    1  0 -1  1 -4  6  3 -3 -2 -4 -4 -1 -3 -5 -3 -1  0 -4 -3 -1   13   4   1   7   0  44  21   1   0   0   0   0   0   0   0   0   5   0   0   4  0.73 0.28
  255 L   -2  1 -4 -4 -3 -3 -4 -5 -4  3  4 -3  1 -1 -4 -3 -1 -3 -2  2    0  10   0   0   0   0   0   0   0  25  47   0   1   0   0   1   2   0   1  13  0.56 0.20
  256 G   -2  1 -1 -1 -4  2  4  1 -1 -2 -1  1 -2  0 -3 -1 -1 -2  2 -2    0   6   2   1   0   9  35  12   0   2   5   7   0   4   0   0   2   0  12   2  0.32 0.14
  257 H   -2 -1  0 -1 -4  0  1  2  7 -4 -3  2 -2 -2 -3 -2 -3 -1 -1 -4    1   0   4   1   0   2  12  18  41   0   2  17   0   1   0   0   0   1   0   0  0.76 0.23
  258 G   -1 -1 -1 -1 -3  0  0  1  5 -2  0  0  0  1 -3 -1 -1 -2  3 -2    5   2   1   1   0   2   7  15  21   0  11   8   2   6   0   2   2   0  12   2  0.22 0.11
  259 D   -1 -2 -1  1 -3  1  2 -3 -2 -1 -2 -1 -2 -3 -2  1  4 -4 -3  1    1   0   0   8   0   6  20   0   0   2   1   0   0   0   0  10  42   0   0  11  0.45 0.18
  260 G    0 -3 -1 -2 -3 -3 -2  5  0  0 -3 -2 -1 -4 -3 -1  2 -4 -3 -1    5   0   1   1   0   0   1  60   3   9   0   1   2   0   0   1  15   0   0   3  0.72 0.19
  261 K    0  4 -1 -2 -4  0 -1  1  2 -4 -4  4 -3 -4 -3 -1 -2 -4 -3 -3    8  32   0   0   0   2   1  10   5   0   0  39   0   0   0   3   0   0   0   0  0.65 0.19
  262 S   -3 -2 -2 -2 -4  0 -1 -4  1 -3 -2 -3 -1  4 -4 -1 -3  1  7 -3    1   2   1   1   0   4   4   0   2   0   1   0   1  18   0   5   0   1  59   0  1.12 0.27
  263 A    3 -2 -1 -2 -2 -1 -1 -2 -1 -3 -3 -1 -2 -1 -1  4  0 -2  4 -2   26   0   0   0   0   2   2   0   0   0   0   1   0   0   1  45   1   0  20   1  0.51 0.17
  264 S    4 -2 -2 -2 -2  0 -1  0 -2 -3 -2 -1 -2 -3 -1  3  0 -4 -3 -1   60   0   0   0   0   5   0   3   0   0   1   0   0   0   1  27   2   0   0   2  0.56 0.15
  265 S    2 -2  0 -1 -2 -1 -1  2  0 -2 -2 -1 -2 -1 -2  3  0 -3  0 -2   26   0   2   1   0   2   0  18   2   1   1   0   0   2   0  35   1   0   5   1  0.32 0.09
  266 Y   -3 -2 -2 -3 -4 -1 -2 -4  7 -3 -3 -2 -2  2 -4 -2 -3  5  6 -3    0   0   0   0   0   0   0   0  42   0   0   0   0   4   0   0   0   8  45   0  1.14 0.15

                      K         Lambda
Standard Ungapped    0.1320     0.3167
Standard Gapped      0.0410     0.2670
PSI Ungapped         0.1752     0.3175
PSI Gapped           0.0536     0.2670
