
Last position-specific scoring matrix computed, weighted observed percentages rounded down, information per position, and relative weight of gapless real matches to pseudocounts
           A  R  N  D  C  Q  E  G  H  I  L  K  M  F  P  S  T  W  Y  V   A   R   N   D   C   Q   E   G   H   I   L   K   M   F   P   S   T   W   Y   V
    1 M   -1 -1 -2 -3 -1  0 -2 -3 -2  1  2 -1  5  0 -2 -1 -1 -1 -1  1    0   0   0   0   0   0   0   0   0   0   0   0   0   0   0   0   0   0   0   0  0.00    0.00
    2 S    1 -1  1  0 -1  0  0  0 -1 -2 -2  0 -1 -2 -1  4  1 -3 -2 -2    0   0   0   0   0   0   0   0   0   0   0   0   0   0   0   0   0   0   0   0  0.00    0.00
    3 Y   -2 -2 -2 -3 -2 -1 -2 -3  2 -1 -1 -2 -1  3 -3 -2 -2  2  7 -1    0   0   0   0   0   0   0   0   0   0   0   0   0   0   0   0   0   0   0   0  0.00    0.00
    4 D   -2 -2  1  6 -3  0  1 -1 -1 -3 -4 -1 -3 -3 -1  0 -1 -4 -3 -3    0   0   0   0   0   0   0   0   0   0   0   0   0   0   0   0   0   0   0   0  0.00    0.00
    5 N   -2  0  6  1 -3  0  0  0  1 -3 -3  0 -2 -3 -2  1  0 -4 -2 -3    0   0   0   0   0   0   0   0   0   0   0   0   0   0   0   0   0   0   0   0  0.00    0.00
    6 I   -1 -3 -3 -3 -1 -3 -3 -4 -3  4  2 -3  1  0 -3 -2 -1 -3 -1  3    0   0   0   0   0   0   0   0   0   0   0   0   0   0   0   0   0   0   0   0  0.00    0.00
    7 I   -1 -3 -3 -3 -1 -3 -3 -4 -3  4  2 -3  1  0 -3 -2 -1 -3 -1  3    0   0   0   0   0   0   0   0   0   0   0   0   0   0   0   0   0   0   0   0  0.00    0.00
    8 R   -1  5  0 -2 -3  1  0 -2  0 -3 -2  2 -1 -3 -2 -1 -1 -3 -2 -2    0   0   0   0   0   0   0   0   0   0   0   0   0   0   0   0   0   0   0   0  0.00    0.00
    9 E   -1  0  0  1 -4  2  5 -2  0 -3 -3  1 -2 -3 -1  0 -1 -3 -2 -2    0   0   0   0   0   0   0   0   0   0   0   0   0   0   0   0   0   0   0   0  0.00    0.00
   10 Y   -2 -2 -2 -3 -2 -1 -2 -3  2 -1 -1 -2 -1  3 -3 -2 -2  2  7 -1    0   0   0   0   0   0   0   0   0   0   0   0   0   0   0   0   0   0   0   0  0.00    0.00
   11 T    0 -1  0 -1 -1 -1 -1 -2 -2 -1 -1 -1 -1 -2 -1  1  5 -2 -2  0    0   0   0   0   0   0   0   0   0   0   0   0   0   0   0   0   0   0   0   0  0.00    0.00
   12 R   -1  5  0 -2 -3  1  0 -2  0 -3 -2  2 -1 -3 -2 -1 -1 -3 -2 -2    0   0   0   0   0   0   0   0   0   0   0   0   0   0   0   0   0   0   0   0  0.00    0.00
   13 A    4 -1 -2 -2  0 -1 -1  0 -2 -1 -1 -1 -1 -2 -1  1  0 -3 -2  0    0   0   0   0   0   0   0   0   0   0   0   0   0   0   0   0   0   0   0   0  0.00    0.00
   14 I   -1 -3 -3 -3 -1 -3 -3 -4 -3  4  2 -3  1  0 -3 -2 -1 -3 -1  3    0   0   0   0   0   0   0   0   0   0   0   0   0   0   0   0   0   0   0   0  0.00    0.00
   15 K   -1  2  0 -1 -3  1  1 -2 -1 -3 -2  4 -1 -3 -1  0 -1 -3 -2 -2    0   0   0   0   0   0   0   0   0   0   0   0   0   0   0   0   0   0   0   0  0.00    0.00
   16 S    1 -1  1  0 -1  0  0  0 -1 -2 -2  0 -1 -2 -1  4  1 -3 -2 -2    0   0   0   0   0   0   0   0   0   0   0   0   0   0   0   0   0   0   0   0  0.00    0.00
   17 N   -2  0  6  1 -3  0  0  0  1 -3 -3  0 -2 -3 -2  1  0 -4 -2 -3    0   0   0   0   0   0   0   0   0   0   0   0   0   0   0   0   0   0   0   0  0.00    0.00
   18 I   -1 -3 -3 -3 -1 -3 -3 -4 -3  4  2 -3  1  0 -3 -2 -1 -3 -1  3    0   0   0   0   0   0   0   0   0   0   0   0   0   0   0   0   0   0   0   0  0.00    0.00
   19 T    0 -1  0 -1 -1 -1 -1 -2 -2 -1 -1 -1 -1 -2 -1  1  5 -2 -2  0    0   0   0   0   0   0   0   0   0   0   0   0   0   0   0   0   0   0   0   0  0.00    0.00
   20 I   -1 -3 -3 -3 -1 -3 -3 -4 -3  4  2 -3  1  0 -3 -2 -1 -3 -1  3    0   0   0   0   0   0   0   0   0   0   0   0   0   0   0   0   0   0   0   0  0.00    0.00
   21 Y   -2 -2 -3 -4 -3 -2 -3 -3  1 -1  0 -3 -1  5 -4 -2 -2  2  6 -1    0   0   0   0   0   0   0   0   0   0   0   0   0  50   0   0   0   0  50   0  0.69 0.00
   22 Y   -2 -2 -3 -4 -3 -2 -3 -3  1 -1  0 -3 -1  5 -4 -2 -2  2  6 -1    0   0   0   0   0   0   0   0   0   0   0   0   0  50   0   0   0   0  50   0  0.69 0.00
   23 C    0 -4 -3 -4  9 -3 -4 -3 -3 -1 -1 -3 -2 -3 -3 -1 -1 -3 -3 -1    0   0   0   0 100   0   0   0   0   0   0   0   0   0   0   0   0   0   0   0  1.22 0.01
   24 D   -2 -2  1  6 -4  0  2 -1 -1 -3 -4 -1 -3 -4 -2  0 -1 -5 -3 -3    0   0   0 100   0   0   0   0   0   0   0   0   0   0   0   0   0   0   0   0  0.93 0.00
   25 G    0 -1  0 -1 -1 -1 -1  4 -1 -2 -2 -1 -1 -1 -1  0 -1 -1 -1 -1    4   3   2   3   1   2   3  54   1   3   5   3   1   2   3   4   3   1   2   3  0.33 0.00
   26 E   -1  0  0  4 -3  1  4 -1  0 -2 -2  0 -2 -2 -1  0 -1 -2 -2 -2    2   1   1  27   0   1  50   2   1   1   2   1   1   1   1   2   1   0   1   2  0.44 0.01
   27 E   -1 -1  0  4 -4  1  5 -2 -1 -4 -4  0 -3 -4 -2  0 -1 -4 -3 -3    0   0   0  27   0   0  73   0   0   0   0   0   0   0   0   0   0   0   0   0  0.77 0.05
   28 L   -2 -3 -3 -4 -2 -3 -3 -4 -2  2  2 -3  2  4 -3 -2 -1 -1  1  1    0   0   0   0   0   0   0   0   0  13  20   0  13  40   0   0   0   0   0  14  0.36 0.03
   29 I    0 -1 -2 -3 -2 -1 -2 -3 -2  2  2  1  2 -1 -2 -1 -1 -3 -2  1   13   0   0   0   0   0   0   0   0  34  20  20  13   0   0   0   0   0   0   0  0.14 0.02
   30 N    1  0  4  2 -2  0  0 -1  0 -3 -3  2 -2 -3 -2  1  0 -4 -2 -2   13   0  40  13   0   0   0   0   0   0   0  20   0   0   0  14   0   0   0   0  0.37 0.03
   31 Y   -2 -2  2 -2 -2 -2 -2 -3 -1  1  3 -2  1  1 -3 -2 -1 -1  3  1    0   0  20   0   0   0   0   0   0   0  46   0   0   0   0   0   0   0  20  14  0.21 0.03
   32 L    0 -2 -2 -3 -1 -2 -2 -3 -3  1  3 -2  1 -1 -2  1  0 -2 -1  2    0   0   0   0   0   0   0   0   0   0  53   0   0   0   0  27   0   0   0  20  0.21 0.03
   33 K   -1  2 -1 -1 -3  0  0 -2 -1 -3 -3  4 -2 -4  5 -1 -1 -4 -3 -3    0  13   0   0   0   0   0   0   0   0   0  54   0   0  33   0   0   0   0   0  0.73 0.04
   34 D   -1 -1  0  5 -4  3  1  2 -1 -4 -4  0 -2 -4 -2 -1 -1 -4 -3 -3    0   0   0  55   0  28   0  17   0   0   0   0   0   0   0   0   0   0   0   0  0.63 0.06
   35 V   -1 -2  2 -2 -2 -2 -2 -3 -2  2  0 -2  0 -2  3 -1 -1 -4 -2  3    0   0  17   0   0   0   0   0   0  11   0   0   0   0  16   0   0   0   0  56  0.31 0.05
   36 V    1 -2 -2 -3 -1  1 -1 -2 -2  1  1 -1  0  1 -2 -1  1 -2 -1  3   21   0   0   0   0  12   0   0   0   0  13   0   0   8   0   0   9   0   0  37  0.15 0.05
   37 V   -1 -3 -3 -2 -2 -2  0 -4 -3  3  2 -2  1 -1 -3 -2 -1 -3 -2  3    0   0   0   0   0   0  13   0   0  24  17   0   0   0   0   0   0   0   0  45  0.30 0.06
   38 T   -1  3  2 -1 -2  0 -1 -2 -1  0 -2  2 -1 -3 -2  0  3 -3 -2 -1    0  24  17   0   0   0   0   0   0  13   0  12   0   0   0   0  33   0   0   0  0.28 0.06
   39 K    1  1 -1  2 -3  1  3 -2 -1 -3 -3  4 -2 -4 -2  0 -1 -4 -3 -3   12   0   0   9   0   0  29   0   0   0   0  50   0   0   0   0   0   0   0   0  0.47 0.08
   40 Q    1  1 -1 -1 -3  4  2 -2 -1 -2 -2  2  2 -3 -2  1 -1 -3 -2 -2   12   8   0   0   0  33  13   0   0   0   0  12  12   0   0   9   0   0   0   0  0.32 0.06
   41 L   -2  3 -1  3 -3  0  1  0 -1  0  0  0 -1 -2 -2 -1 -1 -3 -2 -1    0  29   0  24   0   0  13   9   0  12  13   0   0   0   0   0   0   0   0   0  0.21 0.05
   42 E   -1 -1 -1  3 -4  1  4 -2 -1 -3 -3  1 -3 -4  2 -1  0 -4 -3 -3    0   0   0  15   0   0  54   0   0   0   0  11   0   0  12   0   8   0   0   0  0.60 0.08
   43 E    1 -1 -1  3 -3  0  3 -2 -1 -2 -1 -1 -2 -3  2  0 -1 -4 -3 -2   19   0   0  26   0   0  34   0   0   0  11   0   0   0  11   0   0   0   0   0  0.39 0.06
   44 C    1 -1 -1  1  3 -1  1  1 -2 -2 -2  1 -2  1  2  0 -1 -3 -1 -2   23   0   0  12  11   0  11  11   0   0   0  11   0  11  11   0   0   0   0   0  0.19 0.04
   45 Q   -1  2 -1  2 -3  2  3  2 -1 -1 -2  0 -2 -3 -2 -1 -1 -3 -3 -2    0  18   0  11   0  11  27  22   0  11   0   0   0   0   0   0   0   0   0   0  0.29 0.05
   46 K   -1  2 -1 -1 -3  0  2 -2 -1 -2  1  2 -1 -1 -2  0  0 -2  1 -2    0  13   0   0   0   0  18   0   0   0  19  26   0   0   0   9   6   0   9   0  0.19 0.06
   47 P   -2 -3 -3 -2 -4 -2 -2 -3 -3 -4 -4 -2 -3 -5  8  0 -2 -5 -4 -3    0   0   0   0   0   0   0   0   0   0   0   0   0   0  91   9   0   0   0   0  2.11 0.19
   48 L    3 -2 -1 -2 -1 -1 -1  2 -2 -2 -1 -1 -1 -3 -2  3  0 -3 -2 -1   36   0   0   0   0   0   0  19   0   0  10   0   0   0   0  35   0   0   0   0  0.35 0.08
   49 I   -2 -3 -4 -4 -2 -3 -4 -4 -3  3  3 -3  1  5 -4 -3 -2 -1  1  1    0   0   0   0   0   0   0   0   0  37  28   0   0  35   0   0   0   0   0   0  0.53 0.10
   50 K    0  1 -1 -2 -2 -1 -1  0 -2  1  0  2  2 -2 -2  1  1 -3 -2  0   10   9   0   0   0   0   0   7   0  18   6  19  10   0   0  12   9   0   0   0  0.09 0.04
   51 V   -1 -3 -4 -4 -2 -3 -3 -4 -4  3  3 -3  1 -1 -3 -3 -1 -3 -2  4    0   0   0   0   0   0   0   0   0  25  34   0   0   0   0   0   0   0   0  41  0.47 0.09
   52 Q    0  0  0  1 -2  2  0  3 -1 -2 -2  0  1 -3 -2  1  1 -3 -2 -2    7   6   0   9   0  19   0  25   0   0   0   0   9   0   0  16  10   0   0   0  0.25 0.06
   53 K   -1  4 -1  1 -4  1  1 -2 -1 -4 -3  4 -2 -4 -2  0 -1 -4 -3 -3    0  33   0  10   0   0   6   0   0   0   0  45   0   0   0   6   0   0   0   0  0.58 0.10
   54 D    0 -2  1  2 -3 -1  1  1  2 -2 -3 -1 -2 -3  4  0  0 -4 -2 -1    7   0  10  19   0   0   9   9   9   0   0   0   0   0  21   0   6   0   0  10  0.34 0.05
   55 N   -1 -1  1  1 -3 -1  1  4 -1 -3 -3  0 -2 -3 -2 -1 -1  5 -2 -3    1   0  10  10   0   0   9  44   0   0   1   9   0   0   0   1   1  10   0   1  0.48 0.07
   56 R   -1  3  1 -1 -2  1  0  1  2 -2 -2  2 -1 -2 -1  1  0 -2 -1 -2    1  20   9   1   0   7   1  10   6   1   1  22   0   1   1  10   7   0   1   1  0.23 0.04
   57 T    0 -1  1 -1 -1 -1 -1  1 -1  1 -1 -1  0 -1  1  1  1 -2 -1  1    8   1   8   1   0   1   2  11   1  15   2   1   1   1   8  11  11   0   1  15  0.08 0.02
   58 Y    0  1  2  0 -2  1  0  0  0 -2 -2  1 -1 -1 -1  1  0 -1  2 -2    8   8  17   1   0   9   2   8   1   1   2  10   1   1   1  16   1   0  10   2  0.14 0.03
   59 F   -2 -3 -3 -3 -2 -3 -3 -4 -3  5  2 -3  1  2 -3 -3 -1 -2 -1  2    1   0   0   0   0   0   1   1   0  61  13   0   0   9   0   1   0   0   0  11  0.44 0.09
   60 T    0  2 -1 -2 -2 -1 -1 -2  2  0  1 -1  0  2 -2 -1  1 -1  2 -1    7  20   0   0   0   0   1   1   8   8  15   0   0  13   0   1  17   0   7   1  0.12 0.05
   61 Y   -3 -3 -4 -4 -4 -3 -4 -4  0 -2 -1 -3 -2  6 -4 -3 -3  1  7 -2    0   0   0   0   0   0   0   0   0   0   0   0   0  35   0   0   0   0  65   0  1.31 0.20
   62 Y    2 -1  1 -2 -2  2 -1 -2  4 -2 -2 -1  1  1 -2  1 -1 -2  2 -2   27   0   8   0   0  14   0   0  16   0   0   0   7   7   0  13   0   0   8   0  0.22 0.08
   63 G    4 -3 -2 -2 -2 -2 -2  4 -3 -3 -3 -2 -2 -3 -2  0 -1 -3 -3 -2   66   0   0   0   0   0   0  34   0   0   0   0   0   0   0   0   0   0   0   0  0.69 0.14
   64 I    1 -3 -3 -3 -1 -2 -3 -3 -3  3  2 -2  1 -1 -3  0 -1 -3 -2  2   22   0   0   0   0   0   0   0   0  31  18   0   4   0   0   5   0   0   0  20  0.26 0.07
   65 P   -2 -3 -3 -3 -4 -3 -2 -3 -3 -4 -4 -2 -4 -5  8 -2 -2 -5 -4 -4    0   0   0   0   0   0   0   0   0   0   0   0   0   0 100   0   0   0   0   0  2.51 0.24
   66 T   -1 -1 -1  1 -2  2  2  0 -2 -1  1 -1  2 -2 -2  0  1 -3 -2 -1    0   0   0   7   0  13  15   8   0   0  24   0  13   0   0   7  13   0   0   0  0.14 0.06
   67 A    1 -2 -1  1 -3  1  0  5 -2 -4 -4 -2 -3 -4 -2 -1 -2 -3 -3 -3   15   0   0   7   0   8   6  64   0   0   0   0   0   0   0   0   0   0   0   0  0.74 0.12
   68 N    0  3  1 -2 -3  0 -1 -3  6  0 -1  1  1 -2 -3 -1 -2 -3  0 -2    7  20   8   0   0   0   0   0  36   8   7   6   8   0   0   0   0   0   0   0  0.38 0.11
   69 E    0 -1 -1  0 -4  1  6 -3 -1 -4 -4  1 -3 -4 -2 -1 -2 -4 -3 -3    7   0   0   0   0   0  85   0   0   0   0   8   0   0   0   0   0   0   0   0  0.98 0.18
   70 L   -2  0 -4 -4 -3 -3 -4 -4 -3  1  3 -3  1  5 -4 -3 -2 -1  1  0    0   7   0   0   0   0   0   0   0   7  47   0   0  39   0   0   0   0   0   0  0.55 0.12
   71 W    1 -2  1  1 -2  1  0 -2 -2  0  0 -1 -1 -2 -2  0  2  4 -1 -1   14   0   7   7   0   7   8   0   0   8  13   0   0   0   0   4  24   8   0   0  0.16 0.06
   72 P   -1 -2 -2 -2 -3 -2 -2 -2 -3 -2  0 -2 -2 -3  6  3 -1 -4 -3 -2    0   0   0   0   0   0   0   0   0   0  15   0   0   0  49  36   0   0   0   0  0.96 0.15
   73 F   -3 -4 -4 -5 -3 -4 -4 -4 -3  0  3 -4  0  7 -4 -3 -3  0  2 -1    0   0   0   0   0   0   0   0   0   0  32   0   0  68   0   0   0   0   0   0  0.94 0.16
   74 L   -1 -3 -4 -4 -2 -3 -3  0 -4  2  4 -3  1 -1 -3 -3 -1 -3 -2  3    0   0   0   0   0   0   0   8   0   8  56   0   0   0   0   0   0   0   0  28  0.42 0.10
   75 N   -1  1  2  1 -3  0  2 -2 -1  0  1  0  0 -2 -2  0 -1 -3 -2 -1    0   8  15   7   0   0  21   0   0   7  28   6   0   0   0   7   0   0   0   0  0.15 0.06
   76 A    4 -2 -2 -3 -1 -2 -2  1 -3  0 -2 -2 -1 -3 -2  0  2 -3 -2  1   64   0   0   0   0   0   0   6   0   8   0   0   0   0   0   0  14   0   0   7  0.41 0.12
   77 L   -2 -3 -4 -5 -2 -3 -4 -5 -4  1  5 -3  1  0 -4 -3 -2 -3 -2  0    0   0   0   0   0   0   0   0   0   0 100   0   0   0   0   0   0   0   0   0  0.89 0.17
   78 A    2 -2 -2  0  2 -1 -1 -2 -2 -1  2  0  0 -1 -2  0  1 -2  1 -1   23   0   0   6   7   0   0   0   0   0  28   7   0   0   0   8  14   0   7   0  0.12 0.06
   79 R    1  2  1 -1 -2  3  0 -2 -1 -2 -1  0 -1 -2 -2  0 -1  5 -1 -2   22  16   8   0   0  24   0   1   0   0   8   0   0   0   0   7   0  12   0   0  0.30 0.08
   80 I    0 -2 -3 -3 -1 -2 -2 -3 -3  2  2 -2  2 -1 -2 -1  1 -2 -2  2   11   0   0   0   0   0   0   1   0  15  30   0   8   0   0   1   9   0   0  23  0.23 0.05
   81 S    2 -2  2 -1 -2 -1  0  3 -1 -3 -3 -1 -2 -3 -2  2  0 -3 -2 -2   22   0  15   0   0   0   7  28   0   0   1   0   0   0   0  23   0   0   0   0  0.36 0.07
   82 N   -1 -1  2 -1 -3 -1  0  5 -2 -4 -4  1 -3 -3 -2 -1 -2 -3 -3 -3    1   0  15   0   0   0   8  58   0   0   1  14   0   0   0   1   0   0   0   0  0.65 0.10
   83 D    0 -2 -1  1 -3 -1 -1  1  3 -2 -2 -1  1 -1  4  0 -1 -1  3 -2    8   0   0   8   0   0   0  14  13   0   1   0   8   0  21   8   0   0  16   0  0.33 0.07
   84 I    1 -2  1 -1 -2  0  2  0 -2  0  0 -1 -1 -2  3  0  0 -3 -2  0   12   0   8   0   0   0  22   8   0   8   7   0   0   0  17   0   7   0   0   8  0.19 0.04
   85 V    0 -2 -1 -2 -2  1 -1 -2  2 -1 -2 -1 -2 -3  5  3  1 -4 -2  0    0   0   0   0   0   7   0   0   6   4   0   0   0   0  30  38   6   0   0   8  0.55 0.11
   86 Q   -1  0 -1 -2 -3  1 -1  1  2 -2 -3  3 -2  0  5 -1 -2 -3 -2 -1    0   0   0   0   0   8   0  14   7   0   0  28   0   7  28   0   0   0   0   8  0.45 0.09
   87 L    1 -3 -3 -3 -2 -2 -1  0 -3  1  3 -2  1 -1 -3 -2 -1 -3 -2  3   12   0   0   0   0   0   5   7   0   0  42   0   0   0   0   0   0   0   0  34  0.26 0.08
   88 D    0 -2  2  3 -3 -1  1 -1 -1 -3 -4 -1 -3 -4  3  3  0 -4 -3 -3    5   0  12  23   0   0   7   0   0   0   0   0   0   0  13  39   0   0   0   0  0.48 0.10
   89 Q    1 -1  0  4 -3  2  3  0 -1 -3 -3  1 -2 -4  0  0 -1 -4 -3 -3   21   0   0  28   0  13  21   6   0   0   0   7   0   0   4   0   0   0   0   0  0.40 0.08
   90 K    1 -1  1  1 -3  0  4 -2 -1 -1 -2  1 -2 -3 -2  1  1 -3 -2 -2   15   0   6   4   0   0  42   0   0   6   0   8   0   0   0   5  14   0   0   0  0.33 0.08
   91 E   -1 -1  0 -1 -2  1  1  0 -2  0  1  0  0 -1 -2 -1  1  4 -1  0    0   0   7   0   0   6  15   6   0   4  27   6   0   0   0   0  14   7   0   8  0.11 0.05
   92 I   -1  0 -2 -2 -2  0  0 -3 -2  3  1  0  0 -1 -2 -2 -1 -3 -2  2    0   8   0   0   0   7   8   0   0  39  13   8   0   0   0   0   0   0   0  14  0.18 0.06
   93 E   -2  0  3  2 -4  1  4 -2 -1 -4 -4  2 -3 -4  1 -1 -1 -4 -3 -3    0   0  22   6   0   0  45   0   0   0   0  19   0   0   6   0   0   0   0   0  0.59 0.11
   94 L   -1  3 -1 -2 -3  3  0 -3 -1 -2  0  1 -1 -3  2  0  0 -3 -2 -2    0  26   0   0   0  27   0   0   0   0  16   7   0   0  13   6   6   0   0   0  0.36 0.09
   95 A    1 -2 -3 -3 -2 -2 -2 -3 -3  3  2  0  0 -1 -3 -1 -1  4 -1  2   21   0   0   0   0   0   0   0   0  27  27   8   0   0   0   0   0   7   0  11  0.24 0.07
   96 K    0  3  1  1 -3  2  1 -2 -1 -3 -3  3 -2 -3 -2  1 -1 -3 -2 -3    6  27   8   6   0   7   7   0   0   0   0  26   0   0   0  13   0   0   0   0  0.39 0.07
   97 G    1 -1  1  1 -2  2 -1  3 -1 -2 -1 -1 -2 -3 -2  1  0 -3 -3 -2   14   0  10  11   0  14   0  29   0   0   8   0   0   0   0   8   7   0   0   0  0.27 0.06
   98 I    0 -3 -4 -4  3 -3 -4 -4 -4  4  3 -3  1 -1 -3 -2 -1 -3 -2  1    8   0   0   0   7   0   0   0   0  46  39   0   0   0   0   0   0   0   0   0  0.46 0.11
   99 R    0  1  1  2  1  1  2 -2 -1 -3 -1  3 -2 -3  1 -1 -1 -3 -2 -2    7   8   8  12   4   3  15   0   0   0   6  29   0   0   6   0   0   0   0   0  0.26 0.06
  100 G    2 -2  1 -1 -2 -1  0  3 -2 -3 -3 -1 -2 -3  3  0  1 -3 -3 -2   27   0   7   0   0   0   6  31   0   0   0   0   0   0  15   0  14   0   0   0  0.43 0.08
  101 N   -2  2  4  3 -4  0  4 -2 -1 -4 -4  0 -3 -4 -2 -1 -1 -4 -3 -4    0  12  30  19   0   0  39   0   0   0   0   0   0   0   0   0   0   0   0   0  0.65 0.12
  102 I   -2 -3 -4 -4 -2 -3 -4 -4 -3  3  3 -3  1  4 -4 -3 -2 -1  0  1    0   0   0   0   0   0   0   0   0  22  40   0   0  31   0   0   0   0   0   7  0.50 0.10
  103 K   -1  1  0  2 -3  0  2 -2 -1  0 -1  2 -1 -3 -2  0  2 -3 -2 -1    0   4   0  14   0   0  19   0   0   7   8  22   0   0   0   6  19   0   0   0  0.22 0.06
  104 L   -1 -3 -3 -4 -2 -3 -3 -4 -3  2  2 -3  1  0 -3 -2  1 -3 -1  3    0   0   0   0   0   0   0   0   0  14  27   0   0   4   0   0  15   0   0  40  0.35 0.08
  105 F   -3 -3 -4 -4 -3 -3 -4 -4 -1 -1  0 -3  2  6 -4 -3 -3  1  6 -1    0   0   0   0   0   0   0   0   0   0   8   0   8  47   0   0   0   0  38   0  0.92 0.15
  106 V   -2 -3 -3 -4 -2 -3 -3 -4 -3  4  1 -3  2  1 -3 -2  0 -2  1  3    0   0   0   0   0   0   0   0   0  47   0   0   8   7   0   0   6   0   5  27  0.41 0.10
  107 T    3 -2 -1 -2 -1 -1 -1 -1 -2 -2 -3 -1 -2 -3 -2  4  2 -3 -2 -2   33   0   0   0   0   0   0   0   0   0   0   0   0   0   0  52  15   0   0   0  0.52 0.13
  108 P   -1 -2 -3 -3 -3  1 -2 -3 -3 -1  2 -2  0 -2  5  0 -1 -3 -2  0    0   0   0   0   0  13   0   0   0   0  37   0   0   0  37   6   0   0   0   6  0.61 0.11
  109 D   -1 -1  0  1 -2  3  0 -2  3 -2 -2 -1 -1  2 -2  2  1 -2  0 -1    0   0   0   8   0  19   0   0  13   0   0   0   0  14   0  31   7   0   0   8  0.24 0.09
  110 C   -2 -5 -4 -5 11 -4 -5 -4 -5 -3 -3 -5 -3 -4 -4 -2 -2 -4 -4 -2    0   0   0   0 100   0   0   0   0   0   0   0   0   0   0   0   0   0   0   0  2.39 0.28
  111 T   -2 -2 -2 -2 -3  2 -1 -3  4 -3 -3 -1 -3 -4  6 -1  2 -4 -2 -3    0   0   0   0   0  14   0   0  17   0   0   0   0   0  54   0  16   0   0   0  1.13 0.15
  112 K   -2 -1  4 -1 -3 -1 -1 -2  6 -3 -2  0  1  3 -3 -1 -2 -2  0 -3    0   0  31   0   0   0   0   0  33   0   0   8   8  20   0   0   0   0   0   0  0.56 0.13
  113 C   -2 -5 -4 -5 11 -4 -5 -4 -5 -3 -3 -5 -3 -4 -4 -2 -2 -4 -4 -2    0   0   0   0 100   0   0   0   0   0   0   0   0   0   0   0   0   0   0   0  2.39 0.28
  114 P    0 -3 -3 -3 -4 -2 -2 -3 -3 -4 -4 -2 -4 -5  8 -2 -2 -5 -4 -3    7   0   0   0   0   0   0   0   0   0   0   0   0   0  93   0   0   0   0   0  2.23 0.22
  115 I   -2 -1  1  3 -3  3  2  1 -1 -1 -2  1 -2  0 -2 -1 -1 -3 -2 -2    0   0   6  27   0  21  11  12   0   8   0   7   0   7   0   0   0   0   0   0  0.30 0.07
  116 T    0 -3 -3 -4 -2 -2 -3 -3 -3  1  0 -3  4 -2 -3 -2  1 -3 -2  4    8   0   0   0   0   0   0   0   0   0   0   0  19   0   0   0   8   0   0  65  0.48 0.13
  117 A    1 -3 -4 -4 -2 -3 -3 -3 -4  2  0 -3  0 -2 -3 -2 -1 -4 -2  5   15   0   0   0   0   0   0   0   0   0   0   0   0   0   0   0   0   0   0  85  0.65 0.16
  118 E    0  3 -1  1 -3  4  3  0 -1 -3 -2  1  1 -3 -2 -1 -1 -3 -2 -3    6  21   0   7   0  31  21   6   0   0   0   0   8   0   0   0   0   0   0   0  0.41 0.10
  119 F    3  1 -2 -2 -2  1 -1 -1 -2  0  0  0 -1  1  1  0 -1 -3 -1 -1   45  13   0   0   0   6   0   0   0   7   8   7   0   8   6   0   0   0   0   0  0.19 0.07
  120 L    2 -3 -3 -4 -2 -2 -3 -3 -3  0  4 -3  2 -1 -3 -2 -1 -3 -2  0   29   0   0   0   0   0   0   0   0   0  64   0   6   0   0   0   0   0   0   0  0.44 0.12
  121 Y   -2 -2  5 -1 -3  1 -1 -2 -1  1  1 -1 -1 -1 -3 -1  0 -3  1 -1    0   0  44   0   0   8   0   0   0  13  20   0   0   0   0   0   6   0   8   0  0.31 0.10
  122 Q   -1  1 -2 -2 -2  2 -1  0 -2 -1  2  0  0 -2  3  0 -1 -3 -2  0    0   8   0   0   0  15   0   6   0   0  29   7   0   0  19   8   0   0   0   7  0.24 0.06
  123 L    0 -3 -4 -4 -2 -2 -3 -4 -3  2  3 -3  5  2 -3 -2 -2 -2 -1  0    8   0   0   0   0   0   0   0   0  14  40   0  30   8   0   0   0   0   0   0  0.44 0.11
  124 V    5 -2 -2 -3 -1 -2 -2 -1 -3 -1 -2 -2 -2 -3 -2  1  1 -3 -3  0   80   0   0   0   0   0   0   0   0   0   0   0   0   0   0   4   7   0   0   8  0.59 0.14
  125 Q    1 -2 -2  0 -2  0 -2 -3 -3  3  1 -2  0 -1 -2  0 -1 -3 -2  3   12   0   0   6   0   8   0   0   0  29  10   0   0   0   0   8   0   0   0  27  0.18 0.06
  126 I    1 -1 -3 -3 -2 -2 -2 -2 -2  1  1  1  0  2 -2 -1 -1 -1  2  2   19   0   0   0   0   0   0   0   0  12  16  14   0  14   0   0   0   0   8  17  0.14 0.05
  127 N   -2 -1  5  0  5  2 -1 -2 -1 -3 -3 -1 -3 -4  1  1 -1 -4 -3 -3    0   0  52   0  19  14   0   0   0   0   0   0   0   0   7   8   0   0   0   0  0.67 0.14
  128 P   -2 -2  0 -1 -4 -1  1 -3 -2 -4 -4  0 -3 -5  7 -1 -2 -5 -4 -3    0   0   7   0   0   0  13   0   0   0   0   6   0   0  74   0   0   0   0   0  1.60 0.18
  129 D   -2  2  3  2  1  1  0  0 -1 -2  0  1 -1 -2 -2 -1 -1 -2  1 -2    0  12  20  15   4   7   0   7   0   0  14  12   0   0   0   0   0   0   8   0  0.17 0.06
  130 V    0 -3 -3 -4 -2 -3 -3 -4 -4  4  2 -3  1 -1 -3 -2  0 -3 -2  3    7   0   0   0   0   0   0   0   0  53  13   0   0   0   0   0   8   0   0  20  0.42 0.10
  131 T   -1  2 -1 -2 -2  1 -1 -3 -1  0  0  3 -1 -2 -2  0  3 -3  1  0    0  13   0   0   0   4   0   0   0   6   7  25   0   0   0   0  31   0   6   6  0.22 0.08
  132 L   -1 -2 -2 -3 -2 -2 -2  0  4  1  3 -2  0 -1 -3 -2  0 -3 -1  1    4   0   0   0   0   0   0   8  19   7  41   0   0   0   0   0   8   0   0  14  0.22 0.08
  133 E   -1  2  1 -1 -2  0  1 -3  1 -1 -2  0 -1  0 -2  0  3 -3 -1  1    0  15   6   0   0   0  16   0   6   0   0   0   0   7   0   0  37   0   0  14  0.22 0.09
  134 I    1 -3 -3 -4 -2 -2 -3 -3 -3  4  1 -3  4 -1 -3 -2 -1 -3 -2  2   16   0   0   0   0   0   0   0   0  42   7   0  18   0   0   0   0   0   0  17  0.37 0.10
  135 F   -2 -4 -4 -4 -2 -3 -4 -4 -4  5  1 -3  0  1 -3 -3  0 -3 -1  3    0   0   0   0   0   0   0   0   0  71   0   0   0   8   0   0   6   0   0  15  0.59 0.13
  136 D   -3 -3  0  7 -5 -1  1 -2 -2 -4 -5 -2 -4 -5 -3 -1 -2 -6 -4 -4    0   0   0 100   0   0   0   0   0   0   0   0   0   0   0   0   0   0   0   0  1.54 0.22
  137 V    2 -3 -2 -2 -2 -2 -3  5 -3 -1 -1 -2 -2 -3 -3 -1 -1 -3 -3  1   22   0   0   0   0   0   0  55   0   0   8   0   0   0   0   0   0   0   0  15  0.56 0.10
  138 T    2  0 -1 -2 -1 -1 -1  1 -2  0 -2 -1 -1 -3 -2  2  3 -3 -2  0   21   8   0   0   0   0   0   9   0   8   0   0   0   0   0  20  28   0   0   6  0.23 0.07
  139 E   -2 -2 -2 -3 -2  1  0 -4  2  0  3 -2  1  1 -3 -2  0 -2 -1  1    0   0   0   0   0   8   8   0   8   0  57   0   0   8   0   0   5   0   0   7  0.27 0.09
  140 Y   -3 -4 -4 -5 -3 -4 -4 -4 -2 -1  0 -4 -1  7 -5 -3 -3  0  4 -2    0   0   0   0   0   0   0   0   0   0   7   0   0  77   0   0   0   0  16   0  1.15 0.18
  141 E   -1 -1 -1 -1 -3  4  2  0 -1 -2 -1  0 -1 -3  4 -1 -1 -3 -3 -1    0   0   0   0   0  31  21   8   0   0   7   0   0   0  27   0   0   0   0   7  0.54 0.11
  142 Y   -2 -1  2  4 -4  2  4 -2 -1 -4 -4  0 -3 -3 -2 -1 -2 -3  1 -3    0   0  11  35   0   7  39   0   0   0   0   0   0   0   0   0   0   0   8   0  0.65 0.12
  143 E    0 -1 -1  0 -3  1  3 -3 -1  1  0  1 -1 -2 -2 -1  0 -3 -2 -1    6   0   0   0   0   6  39   0   0  15  14  12   0   0   0   0   7   0   0   0  0.24 0.08
  144 K    3 -1 -2 -2 -2 -1 -1  0 -2  0 -1  1 -1 -2 -2  1 -1 -3 -2  2   44   0   0   0   0   0   0   7   0   5   0  16   0   0   0   7   0   0   0  22  0.23 0.08
  145 E    1  2 -1  0 -3  2  3  0 -1 -3 -3  2 -2 -3 -2  0  1 -3 -2 -2   13  14   0   0   0  12  31   7   0   0   0  12   0   0   0   0  12   0   0   0  0.34 0.07
  146 K    1  0 -1  1 -3  3  2 -2 -1 -2 -3  3 -2 -3 -2  0 -1 -3 -2 -1   11   0   0   7   0  15  18   0   0   0   0  36   0   0   0   6   0   0   0   6  0.35 0.08
  147 Y   -1  4 -1  1 -3  1 -1 -3  0 -3 -2  0 -2  2 -3 -2 -2  0  5 -2    6  31   0  12   0   6   0   0   0   0   0   0   0   7   0   0   0   0  37   0  0.49 0.12
  148 R   -1  3  1  1 -4  0  1  1 -1 -4 -3  4 -2 -4 -2 -1 -1 -4 -3 -3    0  22   5   6   0   0   7  14   0   0   0  46   0   0   0   0   0   0   0   0  0.49 0.10
  149 V    0 -4 -4 -4 -2 -3 -4 -4 -4  5  1 -3  0 -1 -3 -2 -1 -4 -2  4    6   0   0   0   0   0   0   0   0  49   0   0   0   0   0   0   0   0   0  45  0.58 0.13
  150 L   -2  1 -2 -3 -3 -1 -2 -3 -2  0  1  2  6 -2 -3 -1  1 -3 -2 -1    0   6   0   0   0   0   0   0   0   0  12  21  46   0   0   0  14   0   0   0  0.41 0.14
  151 S    3 -2 -1 -2 -1 -1 -1  0 -2 -3 -3 -1 -2 -3 -2  4  0 -4 -3 -2   39   0   0   0   0   0   0   5   0   0   0   0   0   0   0  56   0   0   0   0  0.56 0.14
  152 V    1 -3 -3 -3 -1 -2 -3 -3 -3  1  0 -3  0 -2 -3  0  1 -4 -2  5   13   0   0   0   0   0   0   0   0   0   0   0   0   0   0   7   8   0   0  73  0.46 0.13
  153 P   -2 -3 -3 -3 -4 -3 -2 -3 -3 -4 -4 -2 -4 -5  8 -2 -2 -5 -4 -4    0   0   0   0   0   0   0   0   0   0   0   0   0   0 100   0   0   0   0   0  2.50 0.24
  154 K    1 -2 -1 -2  5 -1 -2 -2 -2 -2 -2  0  1 -3 -2  1  4 -3 -2 -1    9   0   0   0  20   0   0   0   0   0   0   8   8   0   0   7  49   0   0   0  0.47 0.12
  155 I   -1 -3 -3 -4 -2 -3 -3 -4 -3  3  3 -3  2 -1 -3 -2  0 -3 -2  3    0   0   0   0   0   0   0   0   0  18  36   0   8   0   0   0   8   0   0  30  0.39 0.08
  156 V   -2 -3 -4 -4 -2 -3 -4 -4 -3  4  1 -3  0  4 -4 -3 -1 -1  2  3    0   0   0   0   0   0   0   0   0  40   7   0   0  24   0   0   0   0   7  22  0.46 0.10
  157 F   -2 -3 -3 -4 -2  0 -3 -4 -3  2  3 -3  1  2 -3 -3 -1 -2 -1  2    0   0   0   0   0   8   0   0   0  14  50   0   0   8   0   0   0   0   0  20  0.37 0.08
  158 N   -3 -1  7  3 -4 -1  1 -2 -1 -4 -5 -1 -3 -4 -3  0 -1 -5 -3 -4    0   0  80  14   0   0   6   0   0   0   0   0   0   0   0   0   0   0   0   0  1.08 0.18
  159 E   -1 -2  2  3 -4  1  2  4 -1 -4 -4 -1 -3 -4 -2 -1 -2 -4 -3 -4    0   0  10  20   0   6  19  45   0   0   0   0   0   0   0   0   0   0   0   0  0.61 0.10
  160 R    0  1 -1  2 -3  1  4  0 -1 -2 -3  1 -2 -3 -2  0 -1 -4 -3 -1    8   8   0  12   0   4  42   6   0   0   0   5   0   0   0   8   0   0   0   7  0.35 0.08
  161 T   -1  0 -2 -2 -2  1  0 -3  2  1  0 -1  1  2  0 -1  1 -1  2  0    0   8   0   0   0   8   5   0   8  14   7   0   6  13   4   0  17   0   7   4  0.10 0.05
  162 E   -2  4 -2 -2 -3 -1  0 -3 -2  0 -1  1 -1  3 -3 -1  0 -2  0  1    0  32   0   0   0   0   8   0   0   8   0   7   0  23   0   0   8   0   0  14  0.24 0.08
  163 I   -2 -3 -3 -3 -2 -2 -3  2 -2  1  2 -3  1  0 -3 -1 -2  8  2 -1    0   0   0   0   0   0   0  22   0   8  29   0   4   0   0   4   0  25   8   0  0.57 0.10
  164 P   -1 -1 -1 -2 -2  3 -1 -3 -2 -1 -1 -1 -1  1  1  0  3 -3 -1  2    0   0   0   0   0  27   0   0   0   0   0   0   0   8   8   0  36   0   0  21  0.32 0.11
  165 G   -1 -3 -1 -2 -4 -3 -3  7 -3 -5 -5 -3 -4 -4 -3 -1 -3 -4 -4 -4    0   0   0   0   0   0   0 100   0   0   0   0   0   0   0   0   0   0   0   0  1.52 0.19
  166 G    1  3  2 -1 -3  1  1  0 -1 -3 -3  2 -2 -3 -2  0  0 -3 -2 -2   13  28  14   0   0   7   7   8   0   0   0  14   0   0   0   0   8   0   0   0  0.31 0.07
  167 F    0 -2 -2 -3 -2 -1  0 -3 -2  1  2  0  4  2 -3 -1 -1 -2  0  1    7   0   0   0   0   0   7   0   0   7  15   8  25  16   0   4   0   0   0  12  0.17 0.07
  168 P    2 -1  1 -1 -2  1 -1  1 -2 -3 -3 -1 -2 -3  3  2  2 -3 -3 -2   19   0   7   0   0   7   0  11   0   0   0   0   0   0  15  27  13   0   0   0  0.36 0.07
  169 S   -1 -1 -2 -1 -2  0  2 -3 -2  1  2  0  0 -1  1  0 -1 -3 -2  1    0   0   0   0   0   0  25   0   0   7  30   7   0   0   7   8   0   0   0  16  0.17 0.06
  170 T    1 -1  2  2 -3  0  4 -2 -1 -3 -3  0 -2 -3 -2  1  1 -4 -3 -2   14   0  14   7   0   0  39   0   0   0   0   4   0   0   0   8  14   0   0   0  0.39 0.08
  171 I   -2 -1 -1  2 -4  1  5  0 -1  0 -3  0 -2 -4 -2 -1 -2 -4 -3 -2    0   0   0   8   0   0  72   7   0  13   0   0   0   0   0   0   0   0   0   0  0.69 0.15
  172 I   -2 -3 -4 -4 -2 -3 -4 -4 -4  4  3 -3  1 -1 -3 -3 -1 -3 -2  3    0   0   0   0   0   0   0   0   0  50  30   0   0   0   0   0   0   0   0  20  0.54 0.11
  173 L    0 -3 -4 -4 -2 -3 -3 -3 -3  2  3 -3  1 -1 -3 -2 -1 -3 -2  3   12   0   0   0   0   0   0   0   0  13  46   0   0   0   0   0   0   0   0  29  0.38 0.08
  174 K    1  2  2  2 -3  0  2 -2 -1 -3 -3  2 -2 -4 -2  0 -1 -4 -3 -3   18  17  16  16   0   0  16   0   0   0   0  17   0   0   0   0   0   0   0   0  0.35 0.07
  175 M   -1 -2 -2 -3 -2 -1 -2 -3 -2  1  2  0  4  1 -3  0 -1  5  0  1    0   0   0   0   0   0   0   0   0   9  18   9  27   8   0   9   0   9   0   9  0.25 0.07
  176 M    0 -3 -3  0 -2 -2 -2 -3 -3  3  2 -2  2 -1 -3 -2 -1 -3 -2  2    9   0   0   9   0   0   0   0   0  34  19   0  10   0   0   0   0   0   0  18  0.25 0.06
  177 I    1 -2 -1  1 -2  0  2 -2 -2  1  0 -1  0 -2 -2 -1  1 -3 -2  1   18   0   0   9   0   0  28   0   0  19   9   0   0   0   0   0   9   0   0   8  0.15 0.05
  178 K   -1  1  2  0 -3  1  2 -2 -1 -3 -3  4 -2 -3 -2  0  1 -3 -2 -2    0   0  13   0   0   0  14   0   0   0   0  58   0   0   0   0  14   0   0   0  0.43 0.06
  179 A    4 -2 -1 -2 -1 -1 -1  2 -2 -2 -2 -1 -2 -3 -1  2  0 -3 -2 -1   58   0   0   0   0   0   0  14   0   0   0   0   0   0   0  28   0   0   0   0  0.42 0.06
  180 L    3 -2 -2 -2 -1 -2 -2  3 -2 -1  1 -1  0 -2 -2  0 -1 -2 -2  0   47   0   0   0   0   0   0  26   0   0  27   0   0   0   0   0   0   0   0   0  0.24 0.01
  181 E   -1  0  0  1 -4  2  6 -2  0 -4 -3  1 -2 -4 -1  0 -1 -3 -2 -3    0   0   0   0   0   0 100   0   0   0   0   0   0   0   0   0   0   0   0   0  0.81 0.03
  182 K   -1  2  0 -1 -3  1  1 -2 -1 -3 -3  5 -2 -3 -1  0 -1 -3 -2 -3    0   0   0   0   0   0   0   0   0   0   0 100   0   0   0   0   0   0   0   0  0.55 0.02
  183 T    0 -1  0 -1 -1 -1 -1 -2 -2 -1 -1 -1 -1 -2 -1  1  5 -2 -2  0    0   0   0   0   0   0   0   0   0   0   0   0   0   0   0   0   0   0   0   0  0.00    0.00

                      K         Lambda
Standard Ungapped    0.1390     0.3203
Standard Gapped      0.0410     0.2670
PSI Ungapped         0.1324     0.3173
PSI Gapped           0.0405     0.2670
