
Last position-specific scoring matrix computed, weighted observed percentages rounded down, information per position, and relative weight of gapless real matches to pseudocounts
           A  R  N  D  C  Q  E  G  H  I  L  K  M  F  P  S  T  W  Y  V   A   R   N   D   C   Q   E   G   H   I   L   K   M   F   P   S   T   W   Y   V
    1 M   -2 -3 -3 -4 -2 -2 -3 -4 -3  3  2 -3  7 -1 -4 -3 -2 -3 -2  1    0   0   0   0   0   0   0   0   0  31   8   0  60   0   0   0   0   0   0   0  0.72 0.16
    2 I   -2  2 -2 -2 -3 -1  1 -3  1  3  1  2  0 -2 -3 -2 -1 -3 -2  1    0  15   0   0   0   0   9   0   5  26  12  20   0   0   0   0   0   0   0  13  0.23 0.13
    3 F   -3 -4 -4 -5 -3 -4 -4 -5 -2  0  1 -4 -1  7 -5 -3  0 -1  4  1    0   0   0   0   0   0   0   0   0   4  13   0   0  54   0   0   8   0  13   8  0.93 0.29
    4 T   -2 -2  1 -2 -3 -2  0 -3 -3  1  1  1 -2 -3  2  0  4 -4 -3 -1    0   0   7   0   0   0   7   0   0   8  14   9   0   0  11   6  39   0   0   0  0.38 0.23
    5 Y   -1  0 -3 -4 -4 -1 -3 -4  2 -1 -1 -1 -2  3 -2 -1  0 -1  7  0    4   5   0   0   0   3   0   0   5   3   4   3   0  12   2   6   5   0  43   6  0.71 0.32
    6 G   -1  1 -1 -1 -3 -2 -1  3  2  0  0  1  3 -1 -3  0 -1 -4 -2 -1    4   8   2   2   0   0   5  25   8   8   7   8  14   2   0   5   1   0   0   2  0.21 0.18
    7 K   -2  3  4  2  0  1  2 -2 -2 -4 -2  1 -3 -5 -1 -1 -1 -5 -4 -4    1  16  21  10   3   6  17   3   0   0   6   9   0   0   2   3   3   0   0   0  0.44 0.27
    8 T    0 -3  1 -2 -3  0 -2 -1 -2  0  1 -1  2  1 -2  1  3  1  1 -1    6   0   8   1   0   4   1   4   0   4  14   2   6   7   2  10  22   2   6   1  0.18 0.20
    9 K   -2  4 -1 -2 -5  0  0  0 -1 -1 -2  3 -3 -1 -2 -2 -1 -4  1 -2    2  28   3   1   0   4   4   9   1   5   4  22   0   3   1   1   3   0   7   3  0.41 0.28
   10 L   -1 -5 -5 -6  8 -5 -3 -3 -1  2  2 -3 -1  2 -5 -3 -4  2 -1  2    4   0   0   0  30   0   2   2   2  10  20   1   1   8   0   2   0   3   2  14  0.87 0.41
   11 K   -1  2 -1  1 -2  3  1 -3  0 -2 -2  2 -1 -1  0  1  0 -4 -1 -1    3  12   2   6   1  14  10   0   3   2   3  16   1   3   4   9   6   0   2   3  0.24 0.20
   12 V   -3 -4 -6 -6 -5 -5 -4 -2 -4  2  3 -2  0  6 -4 -5 -3 -3  2  1    2   1   0   0   0   0   1   3   0   9  27   3   2  34   1   0   1   0   7  11  0.85 0.42
   13 P   -1  1  0  0 -3  0  1 -2  0 -2  0  1  0 -4  5 -1 -1 -1 -2 -1    3   6   4   4   0   4   8   2   2   2   9   8   3   0  30   4   3   1   1   4  0.43 0.27
   14 E   -3 -1 -1  3 -5 -1  3 -4 -3 -2  0 -1 -3  3 -4 -1 -2 -3  3  0    1   3   3  18   0   3  19   1   0   1  11   3   0  14   0   5   2   0  10   6  0.38 0.29
   15 G   -2 -2  0  3 -6 -1 -2  4 -4 -2 -4 -4 -3 -2  4 -1 -3 -6  1 -3    2   2   3  19   0   2   2  33   0   3   1   0   1   2  20   4   1   0   5   1  0.75 0.44
   16 Y   -2  0 -4 -4 -5  2 -3 -3 -1  0  1 -3  0  4 -3 -2 -2  3  6 -1    2   6   1   0   0   9   1   2   1   5  16   1   2  15   2   2   2   3  25   4  0.62 0.38
   17 E    0 -1  0  0 -4  1  3 -2  0 -3 -2  2 -1  1 -1  2 -1 -2 -2 -2    7   3   3   4   0   5  18   2   2   1   4  13   2   7   2  18   4   0   1   2  0.26 0.24
   18 Y   -2 -1 -2 -1 -4  1  0 -2  0 -1 -1  1 -2  4 -2 -3  0  0  5 -3    4   2   2   3   0   7   8   3   2   3   6   8   1  20   2   1   7   1  20   1  0.47 0.33
   19 V    0 -1 -2  0 -2  0  0  0 -4  1  1 -2  1  0 -1 -1 -1 -4 -2  3    8   3   2   5   1   4   8   7   0   5  12   2   3   4   3   4   2   0   1  26  0.15 0.17
   20 Y   -3 -3 -5 -5 -3 -2 -4 -4  2  2  0 -4 -1  2 -6 -2 -3  4  7 -1    2   1   0   0   1   2   1   2   5  13   8   1   2   6   0   3   1   5  42   4  1.19 0.61
   21 Y   -3 -2  3 -2 -7 -4 -2 -4  2 -2 -1 -4 -2  6 -5 -4 -4  6  5 -4    2   2  14   3   0   1   4   1   4   3   5   1   1  30   1   1   1  10  16   1  1.10 0.57
   22 A    0  0  2 -1 -5  1  3  0  0 -4 -3 -1 -5 -2  0  3 -1 -1  0 -4    7   4   9   2   0   7  22   7   2   1   2   2   0   2   5  20   3   1   3   1  0.37 0.32
   23 T   -1 -3 -2  0 -5  2  2 -4  1 -1 -2  0  1 -5  4  1  0 -6 -3 -1    4   1   2   6   0   9  13   1   3   4   4   6   3   0  23  10   6   0   1   5  0.43 0.33
   24 F   -4  4 -2 -1 -6 -1 -2 -4  0 -1  0 -2  4  4 -6 -3 -3  2  4 -3    1  20   2   4   0   3   3   2   2   3   8   2   9  19   0   2   1   3  15   1  0.70 0.42
   25 I   -2  0 -1 -2 -3 -3 -1 -3 -3  2  3 -2  0  2 -4 -2 -3 -4  1  3    4   5   3   3   0   1   5   3   1  12  28   2   1   7   1   2   1   0   4  18  0.33 0.23
   26 A    2  0  0  2 -3  0  2 -1 -1 -2 -2 -1 -2 -3  0  0 -1 -2 -2 -1   21   5   3  13   0   5  15   5   1   2   3   3   1   1   4   8   4   1   2   4  0.23 0.21
   27 A   -1  0  0 -1 -4  2  2 -1 -1 -2  0  0 -1 -1 -1 -1  3  1 -1 -3    5   5   5   2   0  11  14   5   2   2  10   6   1   2   2   3  20   2   2   1  0.23 0.23
   28 E    2 -1 -2  0 -2  2  5 -3  1 -3 -2 -1 -3 -3 -4 -1 -2 -5 -2 -1   16   3   2   5   1   8  37   2   3   2   5   3   1   1   1   4   2   0   1   5  0.57 0.38
   29 W   -2  3 -3 -3 -5 -3 -3 -5  4  1  1 -2  0  0 -2 -3 -3  5  5 -1    4  17   1   2   0   1   2   1   9   9  13   2   2   3   2   1   1   7  19   4  0.63 0.37
   30 D   -1  2  0  2 -3  2  2 -2  2 -1 -1  0  1 -1 -1 -1 -1 -2  0 -2    4  10   5  12   1   8  14   3   5   3   7   5   5   2   3   4   3   0   3   3  0.16 0.15
   31 F   -1  3 -4 -2 -2 -3 -3 -4  0  1  1 -2  0  4 -3 -2 -2  5  2  0    5  16   1   3   1   1   1   1   2   7  14   1   2  17   2   3   2   7   8   8  0.42 0.27
   32 L    0  1 -2 -3  0 -2 -1 -3 -4  3  3 -2  0  2 -2 -2 -3 -1 -3  1    8   8   2   1   2   1   4   1   0  14  32   2   2   9   2   3   1   1   0   8  0.34 0.24
   33 K    0  2  1  2 -3  2  1  0 -1 -3 -2  2 -1 -3 -1  0 -1 -5 -2 -2    6  13   6  14   1   9  10   6   1   1   5  11   1   1   2   7   2   0   2   2  0.25 0.20
   34 V    0 -3 -2 -3 -2 -3 -4 -4 -1  3  3 -4  0  2  0 -2 -2 -2 -1  3    7   2   2   1   1   1   1   1   1  14  26   1   2   7   5   2   2   1   2  22  0.44 0.28
   35 K   -1  3  0 -2 -4  2  0  0  0 -3 -3  3 -3 -3  0  2  0 -6 -3 -3    4  15   5   2   0  10   5   6   2   1   2  20   0   1   4  14   6   0   1   1  0.39 0.29
   36 D   -1 -2  0  3 -6  0  2  0 -3 -5 -6  1 -4 -5  5  0 -2 -7 -6 -4    5   2   5  15   0   4  13   6   1   0   1   7   0   1  29   6   2   0   0   1  0.72 0.44
   37 M   -2 -1  1  3 -2 -1  0  5  1 -5 -4 -2 -3 -6 -4 -1 -1 -4 -3 -2    4   4   8  15   1   3   6  39   3   1   1   2   1   0   1   4   4   0   1   3  0.68 0.39
   38 D   -2 -1 -2  5 -5 -1  4  0 -3 -6 -6  0 -1 -5 -2  0 -2 -7 -3 -5    3   3   1  29   0   3  30   8   1   0   1   6   2   0   2   6   2   0   1   1  0.86 0.50
   39 T   -2  2 -2 -4  0 -3 -3 -5  1  2 -1 -2 -2 -1 -5 -2  3 -6 -1  5    3  12   2   1   2   1   2   1   3   9   5   2   1   2   0   3  16   0   2  34  0.62 0.38
   40 V   -2 -8 -8 -9  0 -8 -8 -9 -7  2 -1 -8  0  5 -8 -7 -5 -3  2  6    4   0   0   0   2   0   0   0   0  11   6   0   2  20   0   0   0   0   6  48  1.48 0.69
   41 L   -2 -8 -8 -5  0 -7 -8 -7 -8  4  3 -7 -2  3 -8 -7 -6  1 -1  4    4   0   0   1   2   0   0   0   0  23  29   0   1   9   0   0   0   2   2  26  1.15 0.56
   42 D   -9 -9 -4  9 -11 -8 -1 -9 -3 -6 -11 -8 -10 -11 -9 -8 -8 -11 -10 -5    0   0   1  93   0   0   4   0   1   1   0   0   0   0   0   0   0   0   0   1  3.26 1.35
   43 A    1 -8 -8 -8  5 -7 -8  0 -8  4  2 -7  4 -2 -8 -6 -4 -7 -6  4   10   0   0   0  11   0   0   7   0  19  18   0   9   2   0   0   1   0   0  24  1.01 0.53
   44 G   -7 -9 -8 -9 -3 -9 -9  7 -8 -9 -9 -9 -1  5 -9 -6 -6 -8  2 -9    0   0   0   0   1   0   0  70   0   0   0   0   1  21   0   1   1   0   6   0  2.36 1.08
   45 A    6 -5 -8 -9  6 -8 -8  0 -8 -5 -5 -8 -3 -9 -6 -1 -2 -9 -9 -3   62   1   0   0  17   0   0   8   0   1   1   0   1   0   0   5   3   0   0   2  1.80 0.93
   46 F   -1 -3  5 -5  0 -4 -7  4  3 -7 -6 -6 -4  2 -7 -2 -5 -1  4 -5    6   2  24   1   2   1   0  32   5   0   1   0   0   9   0   4   0   1  12   1  1.12 0.63
   47 I   -2 -2 -1  2 -3 -2 -3 -4 -1  4 -1 -4  1  0 -5 -2 -1  0  0  3    3   2   3  11   0   2   2   2   2  25   5   1   4   4   0   3   5   2   3  20  0.46 0.31
   48 G   -4 -6 -8 -5 -2 -9 -9  8 -9 -11 -8 -9 -5 -10 -6 -8 -6 -10 -10 -10    2   0   0   1   1   0   0  94   0   0   1   0   0   0   1   0   1   0   0   0  2.93 1.29
   49 D   -3 -4  2  4 -4 -3 -2 -2  0 -2 -2 -4  0  0  2 -1  1  1  4 -1    2   1  10  22   0   1   3   3   2   3   5   1   3   4  11   5   8   2  12   4  0.45 0.35
   50 F   -3 -5 -3 -5 -3 -3 -3 -6  2  1 -2 -5 -2  6 -6  0  3  2  4 -1    2   1   1   1   1   1   2   0   5   7   4   1   1  31   0   8  16   2  11   5  0.91 0.54
   51 T    3 -6 -4 -4 -1 -5 -6 -2 -7 -1 -2 -6 -2 -4 -2  4  4 -2 -5  0   19   0   1   1   1   0   0   3   0   3   5   0   1   1   2  32  22   1   0   7  0.83 0.59
   52 V   -1 -2 -5 -5 -1 -3 -2 -5 -4  4  4 -3  0 -1 -5 -3 -2 -6 -2  2    5   3   1   1   2   1   3   1   0  22  38   2   2   2   0   2   2   0   1  11  0.75 0.44
   53 K    1 -2 -3 -2 -4 -1  0 -3  1 -1  1 -1 -1  1  4 -1 -2  3  2 -2   10   3   1   3   0   3   6   2   4   4  14   4   1   6  19   6   2   4   6   3  0.29 0.26
   54 V    3 -4 -5 -8 -2 -6 -5 -5 -3  1  3 -5  4  5 -5 -3 -4 -2 -1  0   20   1   1   0   1   0   1   1   1   6  26   1   9  22   0   2   1   1   2   6  0.86 0.51
   55 A    6 -4 -3 -5 -1 -5 -4 -1 -2  0 -1 -3 -3 -5 -5  2 -4 -8 -2 -2   57   1   2   1   1   0   1   5   1   6   6   1   1   0   0  12   1   0   1   3  1.08 0.67
   56 R    0  4  0 -1 -3  1  0 -1  2 -4 -3  4 -3 -5 -4 -1 -1 -4 -3 -3    8  22   4   3   1   7   7   4   5   1   2  23   1   0   1   5   4   0   1   2  0.52 0.38
   57 K    0  3  0 -3 -2  1  0 -1  1 -3 -1  4  0 -3  1 -1 -1 -3  0 -3    9  15   4   1   1   5   5   4   3   2   7  22   3   1   7   3   3   0   4   1  0.33 0.28
   58 A    3 -2 -1 -3  3 -3 -3  3  0 -2 -3 -2 -2  1 -1 -1 -1 -3  0  1   29   2   3   1   5   1   2  20   2   2   2   2   1   6   3   3   3   0   3  10  0.43 0.34
   59 K    1  1 -2 -1  2 -1  0  3  0 -4 -5  3 -3 -2 -1 -1 -3  1 -2 -2   10   8   2   3   4   3   6  25   2   1   1  19   1   2   3   5   1   2   1   3  0.43 0.33
   60 E    0  4 -1 -2 -4  1  1 -5  4 -3 -3  4 -2 -2 -2  0  0 -2 -2 -5    7  20   3   2   0   5   7   1   8   1   3  21   1   2   2   8   5   1   1   1  0.52 0.38
   61 V   -2 -6 -9 -5 -1 -6 -9 -4 -5  4 -3 -6 -2 -4 -9 -5 -3 -9 -3  7    3   0   0   1   1   0   0   2   0  18   2   0   1   1   0   1   2   0   1  66  1.81 0.89
   62 V   -3 -5 -5 -5 -2 -4 -4 -7  4  3  0 -4 -2  2 -7 -5 -1  2  6  3    2   0   0   1   1   1   1   0   9  17   7   1   1   8   0   1   3   2  25  19  1.01 0.55
   63 A    6 -6 -3 -5  2 -6 -6  3 -4 -3 -3 -6 -1 -4 -4  1 -2 -7 -7 -4   52   0   1   0   4   0   0  19   1   1   3   0   2   1   1  10   3   0   0   1  1.16 0.69
   64 V   -4 -7  0 -8  2 -7 -7 -6 -7  3 -1 -7 -2  7 -8 -6 -4 -6  1  4    2   0   4   0   3   0   0   1   0  17   5   0   1  37   0   1   1   0   5  23  1.40 0.69
   65 E   -7 -7 -6  4 -9 -5  8 -8 -7 -9 -9 -3 -8 -9 -7 -7 -7 -9 -8 -8    0   0   0  17   0   0  80   0   0   0   0   1   0   0   0   0   0   0   0   0  2.65 1.27
   66 P    0 -4 -7 -7 -2 -4 -5  1 -7  2  0 -2 -1 -3  7 -4 -6 -2 -5 -1    8   1   0   0   1   1   1  10   0  11   8   2   1   1  48   1   0   1   0   4  1.26 0.72
   67 L   -2 -4  5  4 -4  0 -1 -3  0 -1 -2 -4 -2 -2 -6  1 -2 -7 -3  2    3   1  28  18   0   4   4   2   2   4   4   1   1   2   0  11   2   0   1  13  0.68 0.46
   68 P    0 -1 -3 -1 -4 -1  0 -3 -2 -5 -3  0 -4 -3  7 -1 -3 -8 -3 -5    8   3   1   4   0   3   7   2   1   1   3   5   0   1  52   5   2   0   1   1  1.25 0.74
   69 W    1  0  0  2 -3  1  2 -2  0 -2 -1  1 -1 -3 -2  0  0  0 -2  0   12   5   3  12   0   5  17   3   3   2   5   8   1   1   2   6   5   1   1   6  0.17 0.18
   70 A    3 -5  4 -4 -3 -2 -3 -3 -1 -1  1 -4  3  0 -4  0  1 -1 -1 -2   23   0  22   1   0   2   2   2   2   4  12   1   6   3   1   8   7   1   2   3  0.49 0.39
   71 F    1 -2 -5 -7  1 -4 -5 -5  0  3  0 -5  0  4 -5 -4 -3 -1  5  3   10   3   0   0   3   1   0   1   2  16   9   1   2  13   1   1   1   1  17  19  0.73 0.43
   72 K    2  1  0  2 -4  2  3 -3  1 -3 -4  1 -4 -5 -1  0 -2 -6 -3 -3   18   9   4   9   0   9  19   2   3   1   2   9   0   0   3   6   2   0   1   2  0.40 0.33
   73 L    0  2 -1  0 -1 -1 -1 -4 -1  0  2  1  0  0 -4 -2 -2  1  3  0    9  13   3   5   2   2   3   1   2   6  17   8   2   3   1   3   2   2  11   6  0.18 0.18
   74 L    2 -7 -1 -8  1 -7 -7 -2 -7  1  5 -7  2 -1 -5 -4 -4 -3 -3 -3   17   0   3   0   3   0   0   4   0   7  55   0   4   2   1   1   1   0   1   1  1.10 0.62
   75 K   -1  4 -1 -2  1  3  1 -4 -1 -3 -1  3 -1 -6 -5 -1 -1 -4 -3 -1    6  21   3   2   3  12   9   1   2   1   7  17   1   0   0   5   4   0   1   4  0.47 0.36
   76 E    0  2  0  0 -6  2  4 -3  2 -3 -3  3  0 -3 -4  0 -2 -3 -1 -4    8  11   4   5   0   7  23   1   4   2   3  16   2   1   1   5   2   0   2   1  0.44 0.33
   77 N   -3 -1  8 -3 -6 -3 -3 -2  0 -3 -4 -3 -1 -3 -6  0  0 -6 -3 -3    2   3  61   1   0   1   1   3   2   2   2   1   2   1   0   7   5   0   1   2  1.58 0.78
   78 V    3 -3 -5 -6  0 -4 -4 -4 -5  4  1 -3  1  0 -4 -3 -2 -2 -3  2   27   2   0   0   2   1   1   1   0  24  13   2   4   4   1   1   3   1   1  14  0.65 0.40
   79 E    2  3 -1 -1 -1  1  2 -2  0 -3 -3  3 -2 -3 -4 -1 -2 -2  0 -2   16  13   2   3   1   7  15   3   2   1   2  18   1   1   1   3   2   1   4   3  0.37 0.31
   80 I    0  2 -2 -2 -2 -1  0 -3 -1  1  3 -1  0 -1 -3 -1 -2 -4  0 -1    8  12   2   2   1   3   7   2   2   8  33   4   2   2   1   4   2   0   3   3  0.28 0.23
   81 N   -1 -3  8 -1 -4 -3 -3 -4 -1 -7 -3 -3 -3 -2 -5 -1 -3 -1  0 -5    5   2  66   3   0   1   2   1   2   0   3   2   1   2   1   4   1   1   3   1  1.79 0.89
   82 N   -1  1  2  1 -2  1 -1  4  2 -5 -5  2 -4 -4  0 -1 -3 -6 -5 -5    4   8  10   7   1   7   4  26   5   0   1  14   0   1   6   5   1   0   0   1  0.52 0.38
   83 L    0 -2 -3 -4  0 -3 -4 -3 -2  2  3 -3  0  1 -3 -2 -2 -1  0  2    7   3   1   1   2   1   1   2   1  12  33   1   1   6   2   4   3   1   3  15  0.42 0.28
   84 K    0  0  1  3 -5  1  2  0  0 -4 -5  1 -5 -4  1  2  0 -3 -2 -3    8   5   5  14   0   5  14   6   2   1   1   8   0   1   6  14   7   0   1   1  0.32 0.29
   85 N   -2  2  6  3 -3  0 -1 -3  1 -7 -6  1 -6 -5 -3 -1 -3 -2 -4 -6    4  10  40  13   1   5   3   2   3   0   1   7   0   1   2   5   2   1   1   0  1.01 0.61
   86 V   -1  0 -7 -6  0 -5 -4 -5 -3  4 -1 -3 -1  0 -7 -3 -1 -3 -2  5    5   5   0   0   2   0   1   1   1  24   5   2   1   5   0   2   4   0   1  40  0.93 0.53
   87 V   -3  1 -1 -2 -2  0  2 -5  2  2 -3  0 -3 -1 -5  0  2 -1 -1  1    2   8   3   2   1   5  16   0   5  13   1   6   1   2   0   7  14   1   2  11  0.33 0.31
   88 L    0 -4 -4 -5  1 -4 -3 -6 -2  2  2 -4 -1  4  2 -3  0 -3 -1  2    8   1   1   0   3   1   2   0   1  13  18   1   1  16  10   1   6   0   2  15  0.50 0.34
   89 V   -4 -2 -3 -5 -2 -3 -2 -6  4  3  1 -5  0  4 -5 -5 -4 -1  4  3    1   2   2   1   1   1   3   1  10  15  12   1   2  13   0   1   1   1  12  22  0.77 0.46
   90 N   -1  1  4 -1  0  2  1 -1  5 -2 -4  0 -4 -5  3 -3 -2 -4 -4 -3    5   6  21   3   2   9   9   5  11   3   2   6   0   0  13   2   2   0   0   2  0.56 0.40
   91 K    3 -2 -2 -2  4  1  0 -1 -1 -1 -1  2  1 -1 -3 -1 -1 -2  1  0   22   2   2   2   8   6   5   5   2   4   6  11   4   3   1   3   3   1   4   6  0.22 0.21
   92 A    5 -4  2  1  0 -5 -5  3 -6 -3 -4 -3 -6 -4 -3 -3 -4 -6 -2 -3   44   1   8   7   2   0   0  24   0   2   2   2   0   1   1   1   1   0   1   2  0.98 0.59
   93 L    1 -4 -5 -7  1 -6 -7 -3 -7  2  4 -6 -2 -2 -7 -4 -3 -2 -6  4   12   1   1   0   3   0   0   2   0  11  39   0   1   2   0   1   2   1   0  24  0.96 0.53
   94 Y    0 -3 -4 -2 -3 -4 -2  4  1 -4 -4 -4 -2 -1 -5  4 -2  6  0 -5    9   2   0   3   1   1   3  27   3   1   2   1   1   2   1  26   3  11   3   1  0.82 0.54
   95 D    0 -2  2  6 -2 -3  1 -1  1 -5 -6 -1 -4 -5 -3  2 -2 -7 -5 -5    8   2   9  37   1   1   9   5   3   1   1   3   0   1   1  14   2   0   0   1  0.84 0.53
   96 V    0  2 -1 -1 -1  1  2 -2  2 -2 -3  2 -3 -2 -3  0  1 -5 -1  1    8  12   2   3   2   5  12   3   5   2   2  14   0   2   1   6   9   0   2  10  0.22 0.22
   97 D    0  1  2  3 -3 -1  3 -3 -2 -3 -3  0 -3 -4  1  1  1 -6 -4 -3    8   8  10  14   0   2  16   2   1   1   3   6   0   1   7  12   7   0   1   2  0.34 0.30
   98 G   -1 -2  0 -1 -4 -1  1  6 -3 -6 -6 -1 -6 -4 -3  0  0 -3 -3 -4    4   2   4   3   0   3   9  49   1   0   1   4   0   1   2   6   7   0   1   1  0.90 0.55
   99 V   -1  1 -2 -1 -3  0  2 -3 -2  0 -1  1  1 -1 -2  0  3 -3 -1  2    5   7   2   3   0   3  13   2   1   5   6   9   3   2   2   5  16   0   2  13  0.18 0.19
  100 K    1  0  0 -1  0 -1  0 -3 -1 -1  1  1  1 -1 -1  0  1 -2 -3  0   11   6   4   4   2   1   6   1   2   3  16   9   4   2   3   8  10   0   0   7  0.09 0.12
  101 L   -1  0 -2 -1 -1 -1  0 -1 -1  0  1 -1  2  2  0 -1 -1 -2  0  1    5   7   1   4   1   2   6   4   1   6  16   4   6   9   5   5   3   0   3  11  0.07 0.09
  102 K   -2  0  0 -1 -5 -1 -1 -3  0  0  0  0  0  5 -1  0 -2 -2  2 -2    3   5   5   4   0   3   4   2   2   6  10   7   2  24   4   6   3   0   7   3  0.31 0.25
  103 I    0 -1  0 -1 -2 -1  0 -1  1  1  1 -1  0  2  0  0  0  0  0  1    6   3   4   4   0   2   5   4   3  11  12   2   2  10   4   9   4   1   4   9  0.05 0.07
  104 V    1 -1 -1  0  1 -1  0 -1  0  1 -1 -1 -1  0  1  0  0 -2  0  1   14   3   3   5   3   1   5   4   2   8   5   4   1   3   7   8   7   1   4  12  0.06 0.09
  105 D    1 -1  2  2 -3 -1  1  1  1 -2 -2  0 -1 -3  1  1 -1  1  0 -2   11   3   8  12   0   2   7  10   3   2   5   5   2   1   8   9   4   2   3   2  0.15 0.15
  106 E    0  0  0  3 -5 -1  2  1  0 -4 -2  0 -1 -4  1  1  0 -3 -1 -2    7   6   3  17   0   3  12  10   3   1   4   4   2   0   7  12   5   0   2   2  0.26 0.24
  107 G    0 -3  2  1 -4 -3  0  4  0 -5 -3 -2 -4 -2 -1  1 -1 -4 -4 -3    8   1   8   7   0   1   6  34   2   1   3   3   0   2   4  11   4   0   1   3  0.52 0.37
  108 T    1  0  0 -1 -2 -1 -1  0  1 -1 -1 -1  1  0 -1  1  1  0  1 -1   15   4   4   2   1   2   4   9   3   4   5   4   4   4   2  13  10   1   5   4  0.09 0.11
  109 G    2 -1  1 -2 -2 -1 -3  3 -1 -1 -2 -2  0  1  1  1 -1  2 -2 -2   15   3   7   3   1   3   2  21   2   3   4   2   2   6   7  11   4   3   1   2  0.25 0.23
  110 S    1 -3  1  0 -1 -1 -1  0 -1 -3 -2 -1 -2 -3  0  4 -1 -4  1 -4   10   2   5   6   1   3   4   8   2   1   4   5   1   1   5  33   4   0   4   1  0.43 0.37
  111 R    0  3  0 -2 -1  0  0 -2  2  1 -1  1 -1 -1 -3  1 -1 -5 -2  0    6  18   5   1   2   5   6   4   5   9   5   7   1   3   1  12   4   0   2   6  0.19 0.19
  112 I    0 -1 -1 -1 -2 -3 -2 -2 -2  3  2 -2  1  1 -1 -1  0 -1  0  2    7   3   3   3   1   1   2   3   1  14  19   3   3   5   3   5   6   1   3  15  0.19 0.15
  113 G    0 -1  1  1 -2 -2  0  3 -1 -3 -4 -1 -5 -2  0  2  0 -6 -2 -1    8   3   6   8   1   1   7  21   2   2   1   4   0   2   6  17   6   0   2   4  0.31 0.28
  114 E    0 -1  1  3 -3  1  3 -1  1 -2 -2  0  0 -1 -2  0 -1 -2 -2 -1    7   4   5  14   0   6  19   6   3   2   4   4   3   3   2   6   4   1   2   4  0.22 0.21
  115 S    1  0  1  1 -3  0  1  1  0 -1 -3  0 -2 -4 -2  2  1 -3 -3 -2   10   5   8   9   1   4  11  12   2   3   3   5   1   1   2  13   7   0   1   2  0.19 0.20
  116 G   -1 -1  1  0 -4 -3  0  5  0 -2 -3  2 -2 -4 -4  0  0 -7 -3 -3    6   3   6   5   0   1   5  35   2   2   3  11   1   1   1   8   6   0   1   2  0.51 0.36
  117 V   -1  0 -3  0  0 -2  0 -2  0  3 -1 -1 -1 -2 -2 -3  0 -6  0  3    4   5   1   6   2   2   7   4   3  19   6   3   2   2   2   2   5   0   3  22  0.29 0.23
  118 E    0  1 -2  1 -3  1  4 -4 -3 -3 -3  2 -1 -3  0 -1  1 -7 -4 -3    8   7   2   6   1   6  27   1   1   2   3  10   2   1   5   4   9   0   1   2  0.43 0.37
  119 V   -2 -3 -6 -5 -3 -3 -6 -5 -5  3  0 -3 -2  0 -2 -5  0 -7 -4  6    3   2   0   1   1   1   0   1   0  16   8   2   1   3   2   1   7   0   0  50  1.13 0.62
  120 D   -2  1 -1  4 -4  1  3 -5  0 -4 -4 -1 -5 -3  4 -1 -3 -7 -6 -3    3   6   3  21   0   6  19   1   2   1   2   4   0   1  19   5   2   0   0   2  0.68 0.49
  121 S    1 -2 -4 -3  4 -2 -1 -3 -3  1 -1 -3  0 -2 -4  1  3 -4 -5  4   10   3   1   2   8   2   4   3   1   8   5   1   2   1   1   9  15   0   0  26  0.48 0.36
  122 V   -1 -1 -4 -3 -2 -4 -5 -6 -3  4  0 -4  1 -1 -6 -3  1 -4 -1  5    5   4   1   2   1   1   1   0   1  22  10   1   3   3   0   2  10   0   3  31  0.72 0.44
  123 S    1  2 -3 -2 -3 -2 -2 -4 -1 -3 -4 -1 -4 -3  2  2  4 -7 -6 -1   12  12   1   3   0   1   2   1   1   1   2   4   0   1  10  15  28   0   0   5  0.59 0.47
  124 V   -2 -5 -4 -4 -3 -4 -1 -6 -7  3  5 -4  1 -2 -4 -5 -2 -2 -5  2    4   1   1   1   1   1   5   1   0  16  47   1   3   2   1   1   2   1   0  12  0.92 0.53
  125 N   -2 -2  1  7 -8 -1 -1 -2  0 -4 -2 -1 -2 -6 -3 -3 -2 -9 -8 -4    4   3   7  56   0   3   4   3   2   1   5   3   1   0   1   2   3   0   0   1  1.30 0.75
  126 S    1 -2  3  4 -6  0  2  0 -1 -4 -4  0 -2 -5  1  1  1 -7 -6 -3   10   2  11  19   0   5  11   7   1   1   1   5   1   0   6  10   7   0   0   2  0.40 0.34
  127 L   -2 -1 -6 -4 -3 -5 -2 -4 -2  4  4 -4  0  1  1 -4 -3 -6 -2  2    4   4   0   1   0   0   3   1   1  20  35   1   2   7   6   1   1   0   1  12  0.68 0.42
  128 G   -1  1 -1  2 -1 -1  2 -1  0  0  0  0 -1 -2  1  0 -1 -3 -3  0    6   8   2  11   1   2  15   5   2   5  12   5   1   2   7   5   4   0   0   7  0.10 0.13
  129 K    0  4  1  2 -4  1  0 -2 -1 -4 -5  4 -5 -4 -1  0 -2 -4 -5 -2    7  19   5  12   0   5   6   3   2   1   1  21   0   1   4   8   2   0   0   3  0.52 0.39
  130 F   -1 -2 -5 -5 -1 -4 -4 -4 -6  4  0 -2 -2  0  4 -4 -3 -6 -2  4    5   2   0   1   2   1   1   2   0  22   8   2   1   4  20   1   1   0   2  26  0.80 0.49
  131 S   -1  0  1  5 -4 -3 -2  0  0 -3 -3 -3 -3 -2 -4  1  3 -6  1 -2    5   5   6  31   0   1   2   7   2   2   2   2   1   2   1   8  15   0   5   4  0.57 0.41
  132 V   -2 -5 -7 -7 -3 -6 -6 -6 -3  1  4 -5  1  6 -7 -5 -3 -2  2  2    4   1   0   0   1   0   0   1   1   6  31   1   3  26   0   1   2   1   7  15  1.03 0.55
  133 V   -3 -7 -6 -7 -3 -7 -5 -6 -7  6  3 -7  2 -3 -7 -5 -6 -7 -6  2    2   0   1   0   1   0   1   1   0  45  27   0   5   1   0   1   0   0   0  14  1.45 0.71
  134 K   -6 -2 -6 -5 -8 -5 -6 -7 -5 -6 -4  8 -3 -4 -7 -4 -4 -3 -7 -5    1   2   0   1   0   0   0   0   0   1   3  85   1   1   0   1   1   0   0   1  2.58 1.21
  135 M   -2 -6 -6 -7  1 -6 -6 -7 -6  5  2 -5  7 -2 -6 -5 -3 -6 -3  1    4   0   0   0   3   0   0   0   0  30  20   1  26   1   0   1   1   0   1   9  1.34 0.67
  136 D   -7 -7 -3  9 -7 -6 -3 -5 -1 -7 -7 -6 -7 -5 -6 -5 -6 -7 -5 -5    1   0   1  88   0   0   1   1   1   0   1   0   0   1   0   1   0   0   1   1  2.91 1.27
  137 I   -1 -6 -4 -6  4 -6 -6 -6 -6  5 -2 -6 -4 -5 -5 -5 -1 -6 -6  6    5   0   1   0   7   0   0   1   0  29   4   0   0   0   1   1   5   0   0  44  1.41 0.68
  138 E   -4 -4 -4 -2 -7  2  8 -5 -6 -7 -7 -5 -6 -7 -6 -6 -6 -7 -6 -6    1   1   1   3   0   8  81   1   0   0   1   0   0   0   0   1   0   0   0   1  2.39 1.14
  139 G   -6 -4 -5 -5 -8 -5 -8  8 -8 -9 -9 -6 -9 -9 -8 -7 -5 -8 -9 -6    0   1   1   1   0   1   0  93   0   0   0   1   0   0   0   0   1   0   0   1  2.83 1.26
  140 A    4 -5 -4 -5  5 -4 -3 -2  3 -5 -3 -6  2  3 -5  1 -3  3  1 -1   33   0   1   1  10   1   2   3   6   0   3   0   4  11   1   9   2   3   5   4  0.76 0.50
  141 E   -6 -7 -7  1 -9 -3  8 -5 -7 -6 -7 -3 -8 -9 -7 -5 -6 -9 -8 -8    1   0   0   7   0   1  85   1   0   1   1   2   0   0   0   1   0   0   0   0  2.60 1.25
  142 G    0 -1 -3 -2 -2 -1  0 -1 -1  1  2 -1  1  0  2 -3 -2  0  4 -1    7   3   1   2   1   2   6   5   1   9  19   4   4   4   9   1   2   1  13   4  0.20 0.20
  143 R    1  0  1  3 -6  1  3 -2  2 -5 -2  0 -1 -1 -2  0 -3 -6 -3 -4   13   6   6  17   0   5  18   3   5   0   5   5   2   2   2   7   1   0   1   1  0.36 0.30
  144 V    4 -7 -8 -8 -3 -7 -7 -6 -8  2 -1 -7 -2  1 -7 -5 -1 -7 -4  5   34   0   0   0   1   0   0   1   0  11   6   0   1   5   0   0   3   0   1  37  1.23 0.68
  145 M   -6 -8 -9 -9 -7 -8 -9 -9 -8  3  6 -6  0  2 -6 -8 -7 -1 -6  0    1   0   0   0   0   0   0   0   0  13  67   0   2   7   1   0   0   1   0   7  1.72 0.83
  146 K    1  4  0 -1 -3  2  1 -4  0 -3 -1  3 -3 -5 -3 -2 -2 -3 -3 -4   11  22   4   4   1   8  10   1   2   1   6  20   0   0   1   3   2   0   1   1  0.52 0.38
  147 S   -2 -5 -2  0 -8 -4 -4  7 -3 -9 -9 -4 -6 -9 -7 -1 -2 -9 -6 -9    4   1   2   5   0   1   1  75   1   0   0   1   0   0   0   5   3   0   0   0  1.95 0.95
  148 G    5 -4 -5 -5  0 -6 -4  2 -7 -1 -1 -6  4 -2 -5  0 -5 -3  0 -4   47   1   0   0   2   0   1  16   0   3   6   0  11   1   1   6   0   0   3   1  1.03 0.63
  149 E    1  2 -1  1 -4  1  3 -1 -1 -2 -3  2 -4 -6 -3  1  1 -6 -4 -2   10  11   3   6   0   7  17   4   1   3   2  13   0   0   1   9   8   0   1   3  0.33 0.29
  150 W    0  2  1  0 -3 -1  0 -2 -1  3 -1  1  0 -3 -3  0  1  3 -1 -2    8  12   6   5   0   3   5   3   1  16   6  10   2   0   1   5  10   4   2   2  0.18 0.19
  151 L   -3  0 -5 -5 -6 -3 -3 -7 -3  2  4  0  2 -1 -5 -3  1 -4  0  1    2   6   0   1   0   1   2   0   1   9  41   5   5   2   0   2  10   0   3   8  0.64 0.41
  152 D   -2  3 -1  1 -5  1  1 -3 -1  1  2  2 -2 -2 -3  0 -1 -5 -3 -3    4  15   2   9   0   5   9   2   2   9  17  13   0   1   1   6   4   0   1   1  0.27 0.25
  153 Y   -2  3  1 -1 -1  0  0 -3  4 -2 -3  2 -1  0  1 -1 -1 -2  3 -4    4  14   7   4   2   4   5   2  10   2   3  11   1   4   6   5   3   1  10   1  0.33 0.27
  154 V   -1  4  0 -2  0 -1 -1 -2  2  0 -1  2 -2  1 -3 -1 -1 -5 -2  0    6  26   5   2   2   3   3   3   4   5   5  11   1   7   1   3   4   0   1   8  0.32 0.26
  155 K   -3  2 -1  2  2 -1 -1 -3  0 -6 -5  2 -5 -8  6 -2 -3 -8 -4 -6    2  10   3   9   3   3   4   2   2   0   2  10   0   0  41   3   2   0   1   1  1.08 0.65
  156 Q    0  1  0  0 -2  1  0 -2  0  0 -2  2 -1 -2  1  0  0  1  0  0    7   8   5   4   1   6   4   3   2   7   3  15   2   2   6   5   7   2   3   8  0.10 0.12
  157 I   -4 -6 -7 -6 -6 -7 -8 -8 -8  5  4 -7  4  0 -1 -7 -4 -7 -5  3    1   0   0   0   0   0   0   0   0  29  36   0   8   3   4   0   1   0   0  16  1.26 0.64
  158 A    3 -3 -5 -4 -3 -3 -4 -4 -1  2  1 -3  1  1 -4 -3 -2  0  2  3   27   1   0   1   0   1   1   1   2  13  12   1   3   5   1   1   2   1   8  18  0.53 0.36
  159 V   -2 -6 -7 -7  3 -6 -5 -5 -7  4  1 -6  4  4 -5 -3 -3 -6 -2  4    3   0   0   0   5   0   1   1   0  24  13   0   8  14   0   2   1   0   1  25  0.97 0.51
  160 E    0 -4 -5 -3  5 -2  6 -5 -4 -4 -5 -1 -3 -6 -4  3 -4 -3 -5 -4    6   1   0   1  12   2  49   1   0   1   2   3   1   0   1  17   1   0   0   1  1.30 0.75
  161 L   -2 -6 -3 -3  4 -6 -1 -7 -3  0  0 -6 -1  2 -5 -3 -1  1  7  2    3   0   1   2   8   0   4   0   0   6   9   0   2   7   1   2   4   2  37  11  1.06 0.59
  162 H   -4 -2  2 -1 -5  0 -4 -4 10 -7 -2 -3 -4 -6 -7 -2 -4  3  1 -6    1   2   9   3   0   4   1   1  58   0   4   2   1   0   0   3   1   4   4   1  2.19 0.99
  163 G    0  2  1  0 -5 -1 -1  1  3 -4 -3  1 -3 -3  3  1 -1 -2 -1 -2    7  10   7   6   0   2   4  11   6   1   3   9   0   1  14  10   3   1   3   2  0.27 0.23
  164 R    0  1  0  0 -1  0 -1  0  0 -1 -1  0 -1  0  2  0 -1  0  2 -1   10   7   5   4   1   5   4   7   2   5   5   7   1   5  11   8   3   1   7   3  0.09 0.10
  165 E   -1 -1  0  4 -5  1  3 -3 -1 -1 -2  0 -3 -4  0  0  1 -3  1 -3    6   4   5  20   0   5  17   2   1   4   4   6   0   0   4   5  10   0   5   2  0.32 0.28
  166 N   -2  0  0  5 -6 -1 -1  1  3 -3 -1  0 -1 -4 -1 -1 -1 -3 -1 -4    4   6   4  32   0   3   3  10   6   1   8   6   2   0   4   4   5   0   2   1  0.46 0.34
  167 I    0 -3 -1 -1 -4 -2 -2 -2 -1  1  2 -2  0  3  0 -1 -1 -2  1  0    9   1   3   4   0   1   2   4   2   9  24   2   2  14   4   3   3   0   5   7  0.22 0.19
  168 E   -2  1  1  0 -1  0  2 -2  3  0 -2  0 -3  2 -1 -1 -2  6  1 -2    4   7   6   5   2   3  14   3   6   5   4   7   0   8   3   4   2  11   5   2  0.29 0.24
  169 I   -1  2 -1  3 -2  0  2 -2 -3 -1  0  0 -1 -1 -1 -1  1 -5 -3 -1    5  10   2  20   1   3  14   3   0   3   8   5   1   3   3   3   8   0   1   5  0.23 0.22
  170 I   -2 -3 -4 -4 -1 -4 -6 -6 -4  5  3 -5  2  0 -5 -5 -3 -4 -3  2    3   1   1   1   1   1   0   1   0  35  30   1   4   3   0   1   2   0   1  14  0.98 0.51
  171 P    0 -2 -1 -1 -3 -1 -2 -4 -1  0 -1  1 -1 -2  5  1  0 -6 -4 -1    8   3   3   3   0   3   2   1   1   5   7   8   2   2  32  10   5   0   0   3  0.56 0.40
  172 H    0  2  0  2 -3  1  3 -3  3 -2  1  0 -2 -1 -2 -1 -2 -3 -1 -3    7  12   4  10   1   5  18   1   6   2  13   4   1   2   2   5   2   0   2   1  0.24 0.23
  173 L   -1 -2 -5 -4 -2 -2 -3 -5  2  2  3 -1  1  3 -4 -3 -2  3  3  0    5   2   0   1   1   2   1   1   5  13  27   3   4  12   1   1   3   3  11   4  0.50 0.32
  174 L   -4 -3 -8 -8 -1 -5 -6 -8 -3  4  5 -4  1 -1 -8 -5 -2 -7 -3  1    1   2   0   0   1   0   0   0   1  24  52   1   2   3   0   1   3   0   1   7  1.23 0.63
  175 R   -2  3  1  1 -5  2  2 -3  1 -3 -1  3  0 -3 -3  0  0  0 -2 -4    3  15   5   6   0   7  15   1   4   2   5  16   2   1   1   7   5   1   1   1  0.34 0.28
  176 K    0  1  1  0 -5  0  2 -1 -2 -4 -3  2 -3 -5  0  3  0 -2 -2 -3    9   6   8   6   0   4  15   4   1   1   2  13   0   0   5  19   4   1   1   1  0.34 0.30
  177 R    1 -1 -2 -2 -4 -2 -2 -3  1  2  3 -1  1  2 -4 -1 -1  0  1  0   14   3   2   3   0   2   2   2   3  13  26   3   3   7   1   3   3   1   5   4  0.23 0.20
  178 S   -1 -1  2  0 -1 -3  0  5 -2 -3 -2 -1 -3 -4 -3 -1 -3 -6 -1 -1    4   4   9   5   1   1   6  44   1   1   5   3   1   1   1   5   2   0   3   4  0.65 0.42
  179 F   -3 -5 -1 -1 -6 -3 -1 -4 -3 -2 -1 -2 -3  5  3 -1 -4  0  6 -3    2   0   3   3   0   1   4   2   0   2   7   3   1  22  17   4   1   1  25   1  0.89 0.53
  180 V   -1  1  2  2 -2  0  0  1  1 -2 -1  1 -1 -2 -3  0 -1 -1 -1 -1    3   9  10  13   1   3   7  12   3   2   7   9   1   1   1   7   4   1   2   4  0.15 0.15
  181 I   -2 -2 -6 -4  0 -3 -3 -3 -1  1  1 -4 -3 -1 -5 -3 -2 -1  7  2    4   2   0   1   2   1   2   2   1   7  13   1   0   2   1   2   3   1  41  14  1.03 0.58
  182 R   -3  4 -1  0 -6  1  0 -4  1 -4 -1  3 -2  0 -5 -1 -1  0  4 -3    2  22   3   5   0   7   5   1   4   1   6  20   1   4   0   3   3   1  13   1  0.53 0.38
  183 F   -2 -1 -1 -3  0 -3 -1 -4  2  1  2 -1 -1  5 -2 -3 -2 -1  3 -1    3   4   3   2   2   1   4   1   6   8  17   4   1  24   2   1   2   1  11   3  0.45 0.30
  184 M   -2 -1 -1 -2  1 -4  0 -2  1  0 -1 -4 -2  4 -2 -1 -2 -3  6  2    2   3   3   2   3   0   6   3   3   6   5   0   1  14   2   5   2   0  25  13  0.53 0.37
  185 T   -2 -3  0  0 -4  1 -2 -3 -2  1  3 -3  1  0 -1  1  1 -2 -1  0    1   1   5   5   0   6   2   2   1   8  31   1   4   4   3  10  11   1   2   5  0.25 0.25
  186 R   -3  6  0 -1 -6 -1 -1 -1  3 -6 -4  1 -3 -4  1 -2 -3 -6  0 -3    2  47   5   4   0   2   3   4   7   0   1   6   1   1   8   2   2   0   3   2  0.95 0.55
  187 G   -1 -1  1 -3 -5  0 -3  2  7 -3 -2 -1 -1 -3  2  0 -2 -1 -2  0    4   3   5   1   0   3   1  14  30   1   3   3   2   1  10   7   1   1   1   9  0.67 0.41
  188 D   -2  1  0  4 -5  3  2 -2  4 -4 -2 -1 -3 -1 -3 -1 -1 -1  0 -1    3   6   4  24   0  13  13   2   9   0   4   2   0   3   1   4   3   1   3   4  0.41 0.30
  189 L   -1 -1 -2 -2 -3 -2 -2 -1  0  2  3 -1  3 -1 -1  0 -1  0  1  0    5   3   1   3   0   1   1   4   3  12  28   4   9   2   3   6   3   1   6   4  0.18 0.18
  190 V   -2 -2 -3 -1 -2 -3 -1 -4 -4  1  0 -3 -2  3 -2 -3 -4  9  2  2    4   2   1   5   1   1   4   1   0   7   9   1   1  11   3   1   0  25   8  14  0.82 0.43
  191 R    0  1  2  3 -4 -1  0 -2 -1 -1 -2  0 -1  0  3  0 -2 -4  0 -2    7   7  12  17   0   1   7   1   1   5   3   6   1   4  15   5   0   0   4   3  0.27 0.21
  192 N    0 -1  4  1 -4  0 -1  0  3 -2 -2 -1 -3  1  0  0  0 -1 -1 -2    9   2  24   6   0   4   3   8   9   3   3   3   0   6   4   7   5   1   1   1  0.24 0.21
  193 T    0  0  0  1  1  3 -1 -2  0 -2 -1  0 -2  0 -2 -1  3 -3  2 -2    6   5   3   9   3  17   2   3   2   2   5   5   0   5   2   3  21   0   7   1  0.23 0.23
  194 V    0 -2 -3 -2 -1 -3 -3 -1  0  0  0 -3 -2  3  1 -1 -1  2  4  1    6   2   0   2   2   0   0   6   2   5   8   0   0  14   8   5   4   3  19  14  0.29 0.22
  195 R   -1  4 -1  0 -4  1  0 -1  1 -2 -3  3  0 -3  0  0  0 -4 -1 -2    2  24   2   6   0   4   4   5   4   2   0  20   2   0   5   9   4   0   2   3  0.31 0.21
  196 N   -1  3  2  1 -3  0  1 -2  0 -2 -2  1 -2 -2  0  0  1 -3  2 -2    3  17  10   8   0   3  11   2   2   2   2   8   0   0   4   7   8   0   9   3  0.21 0.17
  197 A    1 -3  0  0 -3 -2  2  3 -3 -2 -1 -1  0  0  0 -2 -2  2 -3 -1   16   0   5   6   0   0  16  28   0   2   5   2   2   4   4   0   0   4   0   6  0.29 0.23
  198 L    0 -3 -3 -1  1 -2 -1 -1  2  0  3 -2  1 -2  1 -2 -2 -3  0  0   11   0   0   5   3   0   3   5   5   2  41   2   4   0   9   0   0   0   4   5  0.26 0.22
  199 L   -1  0 -1 -1 -2 -2 -1 -2  1  2  3 -1  1  0 -1 -1 -2 -3 -2  1    5   5   3   4   0   0   3   3   5  16  34   3   3   2   3   2   0   0   0   9  0.17 0.15
  200 H    1  2  2 -2 -3  0  0  0  4 -2 -1  0 -2  0 -2  0  0 -3 -1 -1   13  12  10   0   0   3   7   5  17   0   8   4   0   6   0   7   4   0   0   3  0.18 0.14
  201 P   -3  0 -3 -1  0  1 -1 -4 -4 -5 -2  0 -4 -5  7 -1  0 -6 -5 -4    0   5   0   4   2   7   3   0   0   0   3   6   0   0  61   3   6   0   0   0  1.39 0.47
  202 I   -2  0 -3 -3 -2 -3 -3 -2 -3  4  1  0 -1  1 -3 -2  1 -3 -2  2    1   6   0   0   0   0   0   3   0  39   7   6   0   7   0   0  11   0   0  17  0.38 0.22
  203 S    0 -2  0  3 -3  0  1  3  3 -4 -4 -2 -3 -4  1  1  0 -4 -3 -3    8   0   3  18   0   4   7  25  11   0   0   0   0   0   6  13   4   0   0   0  0.42 0.19
  204 F   -2  0 -4 -4 -3 -3 -3 -4 -2  3  2 -3  0  3 -1 -2 -2  3  3  1    0   8   0   0   0   0   0   0   0  23  22   0   0  12   4   3   0   4  16   9  0.37 0.19
  205 I   -2 -2 -3 -1 -2  1 -2 -4 -2  2  2 -1  1  2 -3 -2  1 -2  1  2    0   0   0   4   0   8   0   0   0  19  18   4   4  12   0   0  11   0   5  14  0.21 0.14
  206 K    0  2 -2  1 -4  2 -1 -3 -2 -3 -3  4  0 -4  3 -2 -2 -4 -3 -1    7  13   0   8   0   9   0   0   0   0   0  41   4   0  13   0   0   0   0   5  0.54 0.25
  207 A    2  0 -2 -3  2  0 -2 -1 -3  3 -1  1 -1 -3  0 -1  0 -4 -3  1   30   4   0   0   4   4   0   5   0  26   0  10   0   0   4   0   5   0   0   7  0.21 0.16
  208 E    0  0  0  1 -3 -1  1 -3 -1 -1 -1 -1 -1  2 -3  0  1 -1  3  0    9   5   5  10   0   0  13   0   0   0   4   0   0  13   0   5  13   0  15   8  0.17 0.13
  209 A    1  1 -1  0 -3  0  0 -2  2 -2 -2  3 -2 -3  0  1 -1 -3  1 -1   18   5   0   5   0   0   6   0   7   0   4  29   0   0   4  13   0   0   5   4  0.23 0.15
  210 R   -2  4  3 -2 -4  1 -1 -1 -1 -3 -1  0 -2 -2  4 -1 -2 -3  1 -3    0  29  18   0   0   6   0   6   0   0   7   0   0   0  24   0   0   0   7   0  0.51 0.18
  211 T    0  1  1  3 -2  0  1 -2 -1 -1 -1  0 -2 -3 -2  2  0 -3 -2 -2    9   7   6  25   0   0   9   0   0   6   5   6   0   0   0  19   4   0   0   0  0.22 0.09
  212 K    0  1  2 -1  2  0  0 -2  2 -2  0  2 -1 -2 -2 -1 -1 -2 -1 -2    8   7  16   1   8   1   7   1   6   1  14  24   0   1   1   1   1   0   1   1  0.15 0.08
  213 V    0 -2 -2 -3 -2 -2 -2 -3 -2  1  3 -2  4  0 -2 -2 -1 -1  2  1    9   1   1   1   0   1   1   1   0   8  30   1  22   1   1   1   1   0   8  11  0.25 0.10
  214 V    0  1 -1 -1 -1  0  1 -2 -1 -1 -1  0 -1 -2 -1  1  2  4 -1  1    9  11   1   1   0   1  10   1   0   1   2   1   0   1   1  10  25   8   1  14  0.17 0.06
  215 L   -1 -2 -2  0 -2 -2 -2 -3 -2  3  3 -2  1  0 -2 -2 -1 -2 -1  1    2   1   1   9   0   1   1   1   0  34  41   1   0   1   1   1   1   0   1   1  0.26 0.08
  216 N    1 -1  3  0 -2  1  1 -1 -1 -2 -1  0 -1 -2 -1  2  0 -2 -2 -1   12   1  27   1   0   9  10   2   0   1  10   1   0   1   1  19   1   0   1   1  0.20 0.06
  217 Y   -1  2 -2 -2 -2  1 -1 -3  0  1 -1  0  0  3 -2 -1 -1  0  3  0    1  18   1   1   0  12   1   1   0  11   1   1   0  20   1   1   1   0  19  10  0.21 0.06
  218 F   -2 -2  1 -2 -2 -2 -2 -2 -1  0  2 -2  0  5 -3 -2 -2  0  3 -1    1   1  12   1   0   1   1   1   0   1  23   1   0  44   1   1   1   0  10   1  0.36 0.08
  219 K   -1  2  2  2 -3  0  2 -2 -1 -2 -2  1 -2 -3 -2  1  1 -3 -2 -1    0  13  14  11   0   0  20   0   0   0   0  10   0   0   0  11  12   0   0   9  0.25 0.04
  220 R   -1  6 -1 -2 -4  0 -1  1 -1 -4 -3  1 -2 -4 -3  1 -1 -3 -2 -3    0  76   0   0   0   0   0  11   0   0   0   0   0   0   0  14   0   0   0   0  0.75 0.13
  221 K   -1  3 -1 -1 -3  0  1 -2 -1 -2  0  3 -1 -3 -2  0  2 -3 -2 -2    0  17   0   0   0   0  11   0   0   0  12  36   0   0   0   0  25   0   0   0  0.30 0.07
  222 Y   -2 -2 -2 -3 -2 -2 -2 -3  3  1  1 -2  0  3 -3 -2 -2  6  4 -1    1   1   1   1   0   0   1   1  13  12  14   1   0  14   1   1   1  17  21   1  0.46 0.06
  223 Y    2 -1 -1 -2 -2 -1 -1 -2  4 -1  1 -1  0  1 -2 -1 -1  0  4 -1   28   1   1   1   0   1   1   1  15   1  21   1   0   1   1   1   1   0  26   1  0.22 0.05
  224 V   -1 -1 -2 -1 -1  0  1 -2 -2  2  1 -1  3 -1 -2 -1 -1 -2 -1  2    1   1   1   1   0   1  20   1   0  28   2   1  19   1   1   1   1   0   1  18  0.12 0.02
  225 P    2 -1 -1 -1 -2  2  0 -1 -1 -2 -2  0 -1 -3  5  0 -1 -2 -2 -1   28   1   1   1   0  20   1   1   0   1   2   1   0   1  37   1   1   0   1   1  0.58 0.03
  226 A    2 -2 -1 -2 -1 -1 -1  2 -2  2  0 -1  0 -1 -1  0 -1 -2 -2  1   37   1   1   1   0   1   1  20   0  28   2   1   0   1   1   1   1   0   1   1  0.15 0.02
  227 L   -1 -2 -3 -3 -1 -2 -2 -3 -2  2  3 -2  2  0 -2 -2 -1 -2 -1  1    1   1   1   1   0   1   1   1   0  20  64   1   0   1   1   1   1   0   1   1  0.29 0.03
  228 S    3 -1  0 -1 -1  0  0  0 -1 -2 -2  0 -1 -2 -1  3  1 -2 -1 -1   35   1   1   1   0   1   1   2   1   1   2   1   1   1   1  46   1   0   1   1  0.26 0.02
  229 G    0 -2 -1 -2  6 -2 -2  4 -2 -2 -2 -2 -2 -2 -2  0 -1 -2 -2 -2    2   1   1   1  33   1   1  46   1   1   2   1   1   1   1   2   1   0   1   1  0.51 0.02
  230 D   -2 -2  1  6 -4  0  1 -2 -1 -4 -4 -1 -3 -4 -2  0 -1 -5 -3 -4    0   0   0 100   0   0   0   0   0   0   0   0   0   0   0   0   0   0   0   0  1.02 0.03
  231 E    2 -1 -1  1 -3  1  5 -1 -1 -3 -3  0 -2 -3 -1  0 -1 -3 -2 -2   30   0   0   0   0   0  70   0   0   0   0   0   0   0   0   0   0   0   0   0  0.50 0.02
  232 Y    3 -2 -2 -3 -1 -1 -2 -1  1 -1 -1 -1 -1  1 -2  0 -1  1  5 -1   50   0   0   0   0   0   0   0   0   0   0   0   0   0   0   0   0   0  50   0  0.36 0.00
  233 K   -1  5  0 -1 -3  1  0 -2 -1 -3 -2  4 -1 -3 -2 -1 -1 -3 -2 -3    0  50   0   0   0   0   0   0   0   0   0  50   0   0   0   0   0   0   0   0  0.56 0.00
  234 I   -2 -3 -4 -4 -1 -3 -3 -4 -3  3  3 -3  2  0 -3 -3 -1 -2 -1  2    0   0   0   0   0   0   0   0   0  50  50   0   0   0   0   0   0   0   0   0  0.37 0.00
  235 V    0 -2 -1 -2 -1 -1 -2 -2 -3  1  0 -1  0 -2 -2  0  3 -3 -2  3    0   0   0   0   0   0   0   0   0   0   0   0   0   0   0   0  50   0   0  50  0.25 0.00
  236 Y   -2 -2 -3 -4 -2 -2 -3 -4  0  0  3 -2  1  2 -3 -2 -2  1  5  0    0   0   0   0   0   0   0   0   0   0  50   0   0   0   0   0   0   0  50   0  0.42 0.00
  237 G    0 -2  0 -1 -3 -2 -2  6 -2 -4 -4 -2 -3 -3 -2  0 -2 -3 -3 -3    0   0   0   0   0   0   0 100   0   0   0   0   0   0   0   0   0   0   0   0  1.04 0.00
  238 R   -2  6  0 -2 -4  1  0 -3  0 -3 -2  2 -1 -3 -2 -1 -1 -3 -2 -3    0 100   0   0   0   0   0   0   0   0   0   0   0   0   0   0   0   0   0   0  0.75 0.00
  239 R   -2  6  0 -2 -4  1  0 -3  0 -3 -2  2 -1 -3 -2 -1 -1 -3 -2 -3    0 100   0   0   0   0   0   0   0   0   0   0   0   0   0   0   0   0   0   0  0.75 0.00

                      K         Lambda
Standard Ungapped    0.1391     0.3208
Standard Gapped      0.0410     0.2670
PSI Ungapped         0.1613     0.3178
PSI Gapped           0.0494     0.2670
