
Last position-specific scoring matrix computed, weighted observed percentages rounded down, information per position, and relative weight of gapless real matches to pseudocounts
           A  R  N  D  C  Q  E  G  H  I  L  K  M  F  P  S  T  W  Y  V   A   R   N   D   C   Q   E   G   H   I   L   K   M   F   P   S   T   W   Y   V
    1 M   -2 -2 -3 -4 -2 -1 -3 -3 -2  1  2 -2  7  0 -3 -2 -1 -2 -2  0    0   0   0   0   0   0   0   0   0   0  15   0  85   0   0   0   0   0   0   0  0.69 0.11
    2 T    0 -1  0 -1 -2 -1  1 -2 -2 -2 -2 -1 -1 -3 -2  2  5 -3 -2 -1    0   0   0   0   0   0  13   0   0   0   0   0   0   0   0  13  74   0   0   0  0.53 0.09
    3 S    1 -1  0  1 -2  3  1  1 -1 -3 -3  0 -1 -3 -1  2  2 -3 -2 -2   10   0   0   7   0  26   7  13   0   0   0   0   0   0   0  19  18   0   0   0  0.28 0.04
    4 I   -1 -2 -1 -2 -2 -2 -2 -2 -3  1 -1 -1 -1 -2  4  0  4 -3 -2  0    0   0   0   0   0   0   0   0   0  16   0   0   0   0  26   0  58   0   0   0  0.59 0.09
    5 F    2 -2 -2 -2 -1 -1 -2  1 -2  1  1  0  0  1 -2  0  0 -2 -1  1   33   0   0   0   0   0   0  11   0  11  16   9   0   8   0   0   6   0   0   7  0.10 0.04
    6 P   -1 -2 -2 -2 -3  1 -1 -3 -2 -2  0 -1 -2 -3  7  0  0 -4 -3 -2    0   0   0   0   0  11   0   0   0   0  11   0   0   0  64   8   6   0   0   0  1.20 0.11
    7 N   -1  1  2  2 -2  0  0 -1  2 -3 -3  1 -2 -2  2  2  0 -3  1 -2    0   7  12  19   0   0   0   0   6   0   1   8   0   0  10  28   0   0   6   0  0.29 0.06
    8 K   -1  0  1 -1 -2  1  1 -2 -1 -1  1  2 -1 -2 -2  1  1 -3 -2 -1    0   0   9   0   0   4   9   0   0   0  19  28   0   0   0  15  12   0   0   0  0.17 0.06
    9 T    2 -2 -1  2 -2 -1  1 -1 -2  0 -2 -1 -1 -3 -2  1  3 -3 -2 -1   21   0   0  13   0   0  12   0   0   8   0   0   0   0   0   9  35   0   0   0  0.26 0.08
   10 K   -1  0  0  2 -3  0  3  1 -1 -3 -3  3 -2 -3 -2  0  2 -3 -2 -2    0   0   4  11   0   0  23   9   0   0   0  33   0   0   0   0  17   0   0   0  0.35 0.10
   11 S    0 -1  3 -1 -2 -1 -1 -1 -1 -2  0  0 -1 -2  1  3  2 -3 -2 -1    1   1  19   1   0   1   1   1   0   1  11   6   0   1   5  35  16   0   0   1  0.25 0.08
   12 Y    1 -2 -1 -2 -2 -1  0 -2  3 -1 -1 -1 -1  2  2  1 -1 -1  4  0   16   1   1   1   0   1   5   1   9   1   5   1   0  10  10  11   1   0  20   7  0.20 0.07
   13 N    1  1  0  0 -2 -1  0  0 -2 -2 -2  0 -2 -3  4  0  2 -3 -2  0   14   9   4   3   0   0   5   6   0   0   1   4   0   0  22   4  17   0   0  10  0.30 0.08
   14 Q    0  4  1 -1 -3  1  0 -2  1 -3 -2  2 -2  0  2  0  1 -3 -1 -2    7  29   7   0   0   6   2   0   5   0   0  15   0   6   9   2   9   0   0   0  0.31 0.10
   15 A    1  0  0 -2  1  0  0  0 -2  0  0 -1 -1 -2  4 -1 -1 -3 -2  0   14   6   5   0   4   4   5   9   0   9  11   0   0   0  28   0   0   0   0   4  0.32 0.09
   16 A    1 -2 -1  1 -2  1 -1  0  2 -1  0 -1 -1  2  0  0 -1 -1  3 -1   15   0   0  13   0   9   0   7   8   0   8   0   0  14   4   5   0   0  12   5  0.12 0.08
   17 W   -2  0  2 -2 -3  1 -1 -3  0 -1  1 -2 -1  1 -3 -2 -2  8  3 -2    1   5  13   1   0   7   2   1   2   4  16   1   0   5   1   1   1  24  15   1  0.56 0.15
   18 Q   -1  2 -1 -1 -3  4  1 -2  1 -2  0  1 -1 -3 -2  1  1 -3 -2 -2    2  11   0   0   0  29   8   0   5   0  10   7   0   0   0  16   9   0   0   1  0.31 0.14
   19 K   -1 -1 -1 -2 -3 -2 -2  5 -3 -3 -3  1  0 -4 -3  2  1 -4 -3 -2    0   3   0   0   0   0   0  48   0   0   0  11   4   0   0  23   7   0   0   3  0.63 0.23
   20 G    2 -2  4 -2 -3 -2 -2  2  2 -2  0 -2  0 -1 -3  0 -2  2 -2 -2   24   0  30   0   0   0   0  14   7   0  11   0   3   4   0   3   0   3   0   2  0.36 0.21
   21 Y   -3 -4 -4 -4 -4 -3 -1 -5  0 -1  2 -4  1  6 -5 -4 -3  3  4 -2    0   0   0   0   0   0   6   0   2   2  17   0   3  49   0   0   0   4  16   0  0.98 0.32
   22 E    4  2 -2 -3 -3  0  1 -1 -3 -1 -3  1 -2 -4 -3  0  1 -4 -3  0   47  13   0   0   0   3   8   3   0   2   0   7   0   0   0   2  10   0   0   5  0.43 0.25
   23 S   -2 -2  0 -3 -4 -3 -3 -4 -4 -4 -2 -3 -4 -5  7  3  0 -5 -5 -4    0   2   5   0   0   0   0   0   0   0   5   0   0   0  55  28   5   0   0   0  1.37 0.44
   24 Q   -1 -2 -4 -4  4  0 -1 -5 -4  1  1 -3 -1 -3 -4 -3 -2 -4 -3  5    3   2   0   0   9   6   5   0   0   4  11   0   0   0   0   0   0   0   0  62  0.77 0.34
   25 R    2  2  1  1 -3 -1  1 -2  1 -3 -3  0 -3 -2  3  0  1 -4 -3 -3   19  12   6   7   0   0  11   1   3   0   0   6   0   1  15   5  13   0   0   0  0.33 0.17
   26 Q    0  0 -1  4 -4  2  4 -2 -2 -3 -4  0 -3 -4 -3  0 -1 -5 -4  0    7   6   0  27   0  10  30   1   0   0   0   3   0   0   0   8   1   0   0   7  0.57 0.26
   27 E   -3 -1 -1  0 -5  1  6 -2  0 -4 -2 -1 -3 -5 -1 -2  1 -5 -4 -4    0   1   2   3   0   5  65   3   2   0   5   2   0   0   2   0  10   0   0   0  0.97 0.40
   28 L   -1 -1 -2 -3  3 -2 -1 -2  1  1  1 -1 -1  0  2 -1  0 -3 -1  1    4   4   0   0   8   0   6   3   5  13  14   3   0   3  11   4   8   0   1  13  0.12 0.10
   29 A   -1 -2  0  4 -3 -2  1 -2 -3 -1 -2  0 -2 -4  2  0  3  2 -3 -1    1   0   2  26   0   0   9   2   0   5   3   4   0   0  11   7  23   3   0   3  0.38 0.21
   30 Y    1 -1  0 -1  0  0  1 -2 -2 -1  0 -2 -1 -1  3 -1  1  2  0  0   18   2   5   1   3   3  10   0   0   2   8   0   0   3  15   1  11   3   3  10  0.18 0.13
   31 E    0 -2 -1  0 -2 -1  0 -1  2  0  0 -1 -1  1  2  0  1  0  0  1    4   0   0   5   0   0   9   5   8   5   7   4   0   6  11   5  10   1   4  14  0.09 0.08
   32 V    0 -1  1  4  1 -1 -1 -1 -2  0 -1 -2 -2 -3  2  0  0 -4 -3  0    9   3   7  29   5   3   1   3   0   6   4   0   0   0  11   4   5   0   0  10  0.28 0.16
   33 T    0 -3 -4 -3 -3 -3 -2 -4 -4  1  4 -3  0 -2  0 -2  1 -4 -3  1   10   0   0   1   0   0   2   0   0   4  57   0   0   0   5   0  10   0   0   9  0.53 0.27
   34 D   -2  2 -1  0 -4 -1  1 -3  1 -3 -3  1  0 -4  5 -2  1 -4 -3  0    0  12   2   6   0   0   8   1   4   0   0  11   3   0  33   0   9   0   0  11  0.58 0.24
   35 I   -2 -5 -5 -5 -3 -4 -5 -5 -5  3  0 -5 -1 -3 -1 -4 -2  2 -3  6    1   0   0   0   0   0   0   0   0  19   3   0   0   0   3   0   0   3   0  71  1.16 0.43
   36 D   -1  1 -1  1 -3 -1  3 -3  1 -2 -3  0 -3 -4 -3  1  4 -4 -1 -3    3   6   0   6   0   0  28   0   3   2   1   5   0   0   0  13  31   0   3   0  0.47 0.26
   37 G   -2 -5 -3 -4 -5 -4 -5  7 -5 -6 -6 -4 -5 -6 -5 -1 -4 -5 -6 -6    0   0   0   0   0   0   0  97   0   0   0   0   0   0   0   3   0   0   0   0  2.14 0.57
   38 E    2  1  1  0  0  0  2 -2  2 -3 -3  1 -2 -2 -2  1  1 -3  0 -2   24   9   9   3   2   3  15   0   7   0   0   7   0   1   0   8  10   0   3   0  0.26 0.16
   39 I   -3 -5 -5 -5 -3 -5 -5 -6 -5  6  3 -5  0  0 -5 -4 -3 -4 -3  2    0   0   0   0   0   0   0   0   0  55  32   0   0   2   0   0   0   0   0  10  1.06 0.37
   40 P   -2 -5 -5 -5 -6 -4 -4 -5 -5 -6 -6 -4 -6 -7  9 -4 -4 -7 -6 -5    2   0   0   0   0   0   0   0   0   0   0   0   0   0  98   0   0   0   0   0  3.02 0.71
   41 V    1  2  0  0 -3 -1  1 -2 -1 -3 -3  2 -3 -4  4  1 -1 -4 -3 -1   15  11   3   4   0   0  12   0   1   0   1  16   0   0  20   9   3   0   0   4  0.40 0.19
   42 E   -2 -3  0  2  3 -1  4 -1 -3 -5 -5 -3 -4 -3 -4  0 -3  8 -1 -5    1   0   5  11   6   1  36   5   0   0   0   0   0   0   0   6   0  27   1   0  1.11 0.41
   43 L   -4 -4 -6 -6 -3 -4 -5 -6 -5  2  5 -5  0  2 -5 -5 -3 -3 -2  0    0   0   0   0   0   0   0   0   0  11  78   0   0   9   0   0   0   0   0   2  1.18 0.42
   44 M   -1  1  3  3 -3  1  1 -1 -1 -3 -3  0 -1 -2 -3  1  1 -4 -3 -3    4   9  20  19   0   6  10   3   1   0   0   2   1   2   0  12  10   0   0   0  0.37 0.18
   45 G   -2 -5 -3 -4 -5 -4 -4  7 -4 -3 -6 -4 -5 -5 -4 -2 -4 -5 -5 -5    0   0   0   0   0   0   0  94   0   2   0   0   0   0   0   2   0   0   0   0  1.97 0.54
   46 T   -1  1 -1 -2 -1 -1 -1 -3 -3 -1 -1 -1  0 -2 -3  1  3  5 -1  2    3  11   2   2   1   3   3   0   0   0   3   2   3   0   0   9  29  10   1  19  0.34 0.22
   47 L   -3 -4 -4 -5 -3 -4 -4 -5 -2 -1  3 -4  1  3 -5 -4 -3 -1  6  1    0   0   0   0   0   0   0   0   0   0  36   0   3  11   0   0   0   0  37  10  0.95 0.36
   48 F   -2 -4 -5 -5 -3 -4 -4 -5 -3  2  3 -4  0  4 -4 -4 -3 -2  4  3    1   0   0   0   0   0   0   0   0  11  35   0   0  17   0   0   0   0  15  21  0.67 0.28
   49 R   -4  8 -3 -4 -6 -2 -3 -5 -3 -1 -3  0 -4 -5 -1 -3 -3 -5 -4 -4    0  87   0   0   0   0   0   0   0   4   3   2   0   0   3   0   1   0   0   0  1.81 0.58
   50 N   -1 -3  7 -2  2 -3 -3 -3 -2  0 -4 -1  0 -5 -4 -1 -2 -6 -4  0    5   0  69   0   4   0   0   0   0   6   0   2   3   0   0   3   0   0   0   8  1.22 0.47
   51 G   -2 -5 -3 -4 -5 -4 -5  7 -5 -6 -6 -4  0 -6 -5 -2 -4 -5 -6 -6    0   0   0   0   0   0   0  95   0   0   0   0   3   0   0   2   0   0   0   0  2.09 0.60
   52 P   -1 -5 -4 -4  0 -4 -4 -2  1 -5 -5 -4 -5 -6  8  0 -3 -6 -5 -5    5   0   0   0   3   0   0   3   4   0   0   0   0   0  77   9   0   0   0   0  2.08 0.59
   53 G   -1 -3  6  0 -5 -3 -1  4 -2 -5 -3 -3 -4 -5 -4 -2 -3 -5 -5 -5    6   0  55   4   0   0   3  29   0   0   3   0   0   0   0   0   0   0   0   0  1.16 0.44
   54 L   -2 -1 -3 -3 -4 -3 -2 -4 -4 -3  0  1 -1 -4  7 -1 -3 -5 -4 -3    2   3   0   0   0   0   2   0   0   0  12  12   2   0  59   5   0   0   0   0  1.33 0.41
   55 L   -1  2 -2 -3 -3  0 -2 -3  1  0  2  0  1  3  0 -2 -2  2  1  0    4  13   1   1   0   6   1   1   5   3  23   4   3  21   5   1   1   2   3   4  0.21 0.14
   56 D   -1  2  0  2 -3  1  3 -2  2 -3 -2  1 -2 -2  1  0  0 -3 -2 -2    1  11   3  10   0   4  24   2   7   1   4   9   0   2   7   5   8   0   0   1  0.27 0.13
   57 I   -1 -1 -1 -1 -2  0 -2 -1 -2  1  0 -2 -1  4  0 -1 -1 -1  1  1    6   3   4   3   0   5   1   5   0  12   4   1   0  25   5   4   1   0   5  13  0.15 0.11
   58 G    0 -2  0  2 -3  0  1  3 -1 -3 -3 -1 -2  0  1 -1 -1 -3 -2 -3    9   1   4  13   0   5  13  30   1   1   1   1   0   7   8   1   4   0   0   1  0.32 0.15
   59 G   -1  0  1  1 -3 -2 -1  4  1 -4 -4  0 -3 -1  2  0 -2 -3 -1 -3    2   5   7   8   0   0   3  37   3   0   1   8   0   3  11   7   0   0   3   0  0.43 0.19
   60 M    0  1  1  2 -3  1  0  1  0  0 -2  0  0 -3  0  0 -1 -3 -2 -1    5  12   6  18   0   9   3  12   2   9   3   3   3   0   3   6   2   0   0   3  0.14 0.10
   61 P    1  1 -1  3 -3 -1  0  0 -2 -3 -3  0 -2 -1  2  1  1 -3 -2 -1   12  11   0  19   0   0   4   7   0   0   1   7   0   3  10  10  12   0   0   3  0.23 0.13
   62 I   -1 -2 -1 -2 -2 -2 -1  0  1  0  0 -1  1  3  1  0  0 -2  1  1    1   1   3   1   0   1   3   8   5   7   6   4   5  18   8   9   6   0   5  12  0.10 0.09
   63 K    0 -1  2  1 -3 -1 -1  0  4 -2  0  1 -2 -2  1 -1 -1 -3  2 -2    7   2  11   7   0   0   3   8  17   0  12  11   0   0   7   0   3   0   9   3  0.20 0.16
   64 H   -4 -3 -2 -1 -5 -2 -3 -4 10  0 -5 -3 -4 -4 -2  1 -4 -5 -1 -5    0   0   0   3   0   0   0   0  74   7   0   0   0   0   2  12   0   0   0   0  2.06 0.63
   65 P   -2 -5 -6 -6 -5 -4 -5 -5 -5 -1  2 -5 -3  0  2 -5 -4 11 -1 -2    4   0   0   0   0   0   0   0   0   3  18   0   0   4  10   0   0  59   0   2  2.22 0.61
   66 F   -4 -5 -5 -6 -5 -5 -5 -4 -4 -1 -1 -5 -2  8 -6 -5 -4  6  0  0    0   0   0   0   0   0   0   1   0   2   5   0   0  74   0   0   0  11   0   5  1.87 0.57
   67 D   -2 -3  0  6 -5 -1  1 -2 -3 -3 -3 -1  0 -2  2 -1  1 -5 -4 -3    1   0   2  52   0   2   9   1   0   1   3   3   3   2  11   2   8   0   0   1  0.81 0.35
   68 G   -1 -4 -3 -3 -5  0  0  7 -4 -6 -6 -4 -5 -6 -1 -2 -4 -5 -5 -5    2   0   0   0   0   4   7  82   0   0   0   0   0   0   3   2   0   0   0   0  1.62 0.53
   69 D    0 -2  0  5 -4  1  1 -3  1 -3 -1 -2  1 -1 -1  0 -1 -4 -1 -3    7   1   2  47   0   6   5   0   4   0   6   0   5   2   3   8   2   0   2   0  0.60 0.30
   70 G    4 -4 -3 -4 -4 -4 -4  6 -4 -5 -5 -4 -4 -5 -2 -1 -3 -5 -5 -4   36   0   0   0   0   0   0  61   0   0   0   0   0   0   2   2   0   0   0   0  1.34 0.48
   71 M   -2 -4 -2 -6 -4 -4 -5 -3 -4 -2  2 -4  9 -1 -5 -4 -2 -4  0 -2    2   0   2   0   0   0   0   2   0   0  13   0  73   2   0   0   2   0   4   0  1.85 0.67
   72 V   -2 -4 -5 -5 -3 -4 -5 -5 -5  3  4 -4  1 -2 -5 -4 -3 -4 -3  3    2   0   0   0   0   0   0   0   0  16  52   0   2   0   0   0   0   0   0  26  0.86 0.37
   73 C   -3 -1 -2 -4 -2 -1 -3 -5 10 -5 -5 -3 -1 -4 -5  0 -1 -5  0 -3    2   2   0   0   1   2   0   0  75   0   0   0   1   0   0   7   4   0   2   2  2.11 0.68
   74 S    4  2 -2 -3 -3  1 -2  4 -3 -4 -4  0 -3 -4 -3  1 -2 -4 -4 -2   38  12   0   0   0   5   0  29   0   0   0   4   0   0   0  10   0   0   0   2  0.63 0.33
   75 V   -2 -5 -5 -5 -3 -4 -5 -5 -4  3  2 -5  0  5 -5 -4 -3 -3 -1  4    1   0   0   0   0   0   0   0   0  19  17   0   2  25   0   0   0   0   0  36  0.84 0.37
   76 S    0  4  1 -1 -4  0  0 -2  3 -4 -3  0 -3 -3 -3  1  0  2  1 -3    9  33   5   2   0   4   5   1   9   0   2   2   0   0   0  14   6   3   5   0  0.43 0.27
   77 F   -4 -5 -5 -6 -4 -5 -5 -6 -4  4  3 -5  1  6 -5 -4 -2 -3 -1 -1    0   0   0   0   0   0   0   0   0  29  29   0   3  35   0   0   2   0   0   1  1.01 0.41
   78 Q    0  3  1  3 -4  2  3 -2  0 -4 -4  2 -3 -2 -3  1 -1 -4 -3 -4    6  19   5  16   0   7  19   1   1   0   0  11   0   2   0  11   2   0   0   0  0.45 0.24
   79 E   -1  0  2  4 -1 -1  1  3  3 -5 -5  0 -4 -5 -3 -1 -3 -5 -3 -4    4   5  12  30   1   1   9  21   9   0   0   6   0   0   0   1   0   0   0   0  0.61 0.30
   80 G   -1 -2 -3 -2 -5 -4 -2  7 -4 -6 -6  0 -5 -6 -4 -1 -4 -5 -5 -5    4   2   0   2   0   0   3  79   0   0   0   5   0   0   0   4   0   0   0   0  1.52 0.53
   81 R   -1  5 -2  0 -2  1 -1 -1  2 -4 -4  2 -3 -5 -3  0  1 -5 -3 -3    3  46   0   6   1   4   1   4   5   0   0  13   0   0   0   6   9   0   0   2  0.70 0.35
   82 A    5 -4 -4 -4 -3 -1 -3 -2 -4  0 -3 -3 -3 -4 -1 -2 -2 -5 -4  3   64   0   0   0   0   3   0   2   0   6   0   0   0   0   2   0   0   0   0  23  0.93 0.47
   83 Y   -1 -3 -1 -3  0 -3 -3 -3 -3 -3 -3 -2 -3 -1 -4  3  4  8  1 -1    2   0   3   0   2   0   0   0   0   0   0   2   0   2   0  25  32  22   5   4  0.93 0.42
   84 F   -3 -4 -5 -5 -5 -4 -5 -1 -2 -4 -2 -4 -3  4 -5 -4 -4 -1  8 -4    2   0   0   0   0   0   0   5   0   0   4   0   0  17   0   0   0   0  69   0  1.88 0.63
   85 Q    1  5  0 -3  3  1 -2 -3  0 -2 -3  1 -3 -4 -3  1 -1 -4 -3 -1   13  41   5   0   6   6   0   0   2   2   2   4   0   0   0  11   2   0   0   4  0.53 0.29
   86 N   -1  0  6 -2  5  0 -3 -3  0 -5 -5 -2 -4 -5 -4  3 -2 -5 -4 -4    5   5  47   0  12   4   0   0   2   0   0   0   0   0   0  23   0   0   0   0  1.03 0.49
   87 R   -4  7 -3 -4 -5  0 -2 -4  0 -5 -5  3 -4 -5 -4 -3 -4 -5 -4 -5    0  75   0   0   0   3   0   0   2   0   0  15   0   0   0   0   0   0   0   0  1.73 0.64
   88 F   -4 -1 -4 -5 -4 -2 -4 -4 -2 -1 -1 -4 -3  5 -4 -3 -4  9  5 -3    1   3   0   1   0   2   1   1   0   4   4   1   0  27   1   1   1  30  23   1  1.50 0.50
   89 V    0 -3 -3 -4 -2 -3 -3 -4 -4  3  2 -3 -1 -2 -3 -2  1 -3 -3  4    6   1   0   1   0   0   1   1   0  14  20   1   0   0   1   2   9   0   0  43  0.55 0.29
   90 Q   -3  5 -2  0 -5  2  3 -3  2 -4 -2  2 -3 -4 -3 -2 -3 -4 -3 -4    1  42   0   5   0  10  17   1   5   0   3  13   0   0   0   1   0   0   0   0  0.79 0.37
   91 T   -2 -3 -2 -3  0 -3 -3 -3 -4 -3 -4 -3 -3 -4 -3  3  7 -5 -4 -3    1   0   0   0   2   0   0   1   0   0   1   0   0   0   0  23  69   0   0   0  1.39 0.61
   92 A    0  2  0  3 -4  1  2 -2  0 -4 -4  0 -3 -3  1  1 -1 -3  0 -3    7  13   2  21   0   6  16   2   2   0   1   3   0   0   7  11   4   0   5   0  0.35 0.21
   93 G    1  3 -1 -2 -3  0  0  0  2 -2 -2  1 -2 -3 -2  1  2 -4 -2 -1   14  23   0   0   0   2   6   6   5   1   2  10   0   0   0  10  16   0   0   4  0.29 0.21
   94 F   -2 -3 -4 -4 -4 -3 -4 -2 -2 -2  2 -2  1  4 -4 -3 -2  6  6 -2    2   0   0   0   0   0   0   3   0   0  21   2   4  19   0   1   3  11  31   0  0.90 0.39
   95 V    1  2  0 -1 -2 -1 -1 -2 -2  1  0  1 -1 -1 -2  0  1 -3 -2  1   14  12   4   2   0   2   3   1   0   6  12  13   0   2   1   3   9   0   0  16  0.10 0.12
   96 A    0  2  0  0 -3  3  2 -2  0 -2  1  0  0 -2 -2  0  0 -3 -2 -1   10  12   3   4   0  16  14   1   2   1  15   3   2   1   1   4   5   0   0   5  0.17 0.14
   97 E    0  1  3  1 -3  0  4 -2 -1 -3 -3  0 -2 -1  0 -1 -2 -3 -2 -1    7   7  14   5   0   1  38   3   1   1   2   3   0   4   4   2   1   0   1   6  0.40 0.23
   98 Q   -1  4  0  0 -3  1  0 -2  3 -2 -2  2  2  0  0 -1 -2 -2 -1 -2    5  28   3   4   0   6   6   2   8   2   3  11   6   4   4   3   1   0   2   1  0.28 0.16
   99 K    2  0  0  1 -2  1  1 -1 -1 -1 -2  1 -1 -1  0  1  1 -2 -1 -1   20   3   3  10   0   7  11   3   0   4   2  11   0   2   3   7   8   0   2   1  0.14 0.10
  100 A    2  0  0  0 -2  0  0  0 -1 -1  0 -1 -1  0  2  0  0 -2 -1 -1   24   7   6   5   0   3   6   5   1   3  12   3   1   4  10   2   5   0   1   4  0.09 0.09
  101 G    0 -1  1 -2 -3 -1  0  5 -1 -3 -3  0 -2 -3 -2 -1 -1 -3 -2 -1    5   4   8   1   0   2   7  46   2   1   2   7   0   1   1   3   4   0   2   5  0.49 0.22
  102 Q    1  5 -1  0 -3  2  0  0  1 -2 -3  2 -2 -1 -2 -1 -1 -3 -2 -3   11  34   1   5   0   8   3   6   3   2   2  15   0   3   1   2   3   0   1   1  0.41 0.24
  103 P    1  0 -2 -1 -3 -2 -2 -3 -3  1 -2 -2  2  0  6 -2 -1 -3 -2 -1   13   6   1   4   0   1   1   2   0  11   2   1   7   5  37   1   3   0   1   3  0.63 0.28
  104 I   -1 -1 -2 -2  0 -1 -2 -3 -2  2  1  0  0 -1  0 -1 -1  1  0  2    3   2   1   2   2   2   1   1   0  18  16   8   1   2   5   5   3   2   4  21  0.14 0.13
  105 Y   -1 -2 -3 -3  0 -2 -3 -1  0  1  1 -2  1  4 -3 -2 -1  2  4  0    6   1   1   1   3   1   1   4   2   7  13   1   4  20   1   2   4   2  20   6  0.34 0.20
  106 R   -1  3  0 -1 -3 -1 -1 -1 -2 -1  0 -1  0 -3  4  0  1 -3 -3 -1    4  23   3   4   0   1   2   3   0   4  10   1   2   1  21   5  12   0   0   3  0.35 0.23
  107 G   -1  0  0 -1 -3 -1  3  1  0 -3 -2  2 -3 -3  2  1 -2  2 -3 -2    4   4   5   1   0   0  21  14   3   1   3  16   0   0   9  13   1   3   0   2  0.29 0.22
  108 V    2  0 -1  0 -2 -1  0 -2  0  0  0 -1  1  1  0 -1  0 -2  0  0   21   6   2   7   0   2   6   1   3   6   8   2   6   8   5   1   5   0   3   7  0.06 0.11
  109 F    0  0 -2 -3 -2 -1 -2  1 -2  1  0 -2 -1  4  0  0 -2 -2  0  0   10   7   1   1   0   3   1  15   0  12   8   1   0  21   6   7   1   0   2   5  0.18 0.17
  110 G    0 -1  0  0 -3  0  0  4 -1 -3 -3 -2 -3 -3  1  1  2 -3 -3 -3    5   4   4   4   0   3   6  33   2   1   1   1   0   1   6  12  15   0   0   1  0.40 0.24
  111 T    0  1 -2  0  0 -1  1  0 -1 -1  0 -1 -1 -2  0  0  2  3 -2 -1    9   8   1   4   3   1  14   7   2   2  13   2   0   0   5   6  17   5   0   3  0.13 0.15
  112 Q   -1  0 -1  1 -1  0 -1 -3 -2 -1  2  0  1  0  2  0 -1 -3 -2  0    3   4   3  12   1   6   2   1   0   2  24   4   4   5  13   6   3   0   0   6  0.15 0.14
  113 K    2 -1  0 -1 -2 -1 -1  1  3 -2 -1  0 -2 -3  2  1 -1  2 -2 -1   23   2   4   3   0   0   3  11   8   1   9   6   0   0  10   9   2   3   0   2  0.19 0.17
  114 P    3 -1  0 -2  2 -2 -1 -1 -1 -1 -2 -2 -1 -1  4 -1 -1 -3 -1  0   30   4   5   1   4   1   2   3   1   4   3   1   1   3  22   3   3   0   2   6  0.36 0.24
  115 G    1  3 -2 -1 -3  0 -1  1  0 -3 -2  0  1 -1  3  0 -1 -3 -2 -2   11  23   1   3   0   3   4  13   2   1   3   3   5   3  14   8   3   0   0   1  0.28 0.20
  116 G   -1  2  1  1 -3 -1 -1  2  1  0 -1  0 -1  0  0 -1 -1 -3 -2  0    4  13   7  10   0   0   1  21   5   5   8   4   0   4   4   3   3   0   0   7  0.11 0.12
  117 I    0  1 -3 -3  0 -2 -2 -1  0  1  2 -1  0 -2  3 -2 -2  1 -2  2    6   9   0   1   2   0   1   4   3   9  24   4   2   0  14   1   1   3   0  15  0.21 0.17
  118 F   -1  0 -2  2  4 -2 -2 -1 -2  0  0 -2 -1  3 -3  0  1 -2 -1  0    5   8   0  14  11   0   1   4   0   7  11   0   0  19   0   5  10   0   0   4  0.19 0.19
  119 N    0  0  0  2  1 -1  0  3  0 -3 -3  1 -1 -3  2 -1  0 -3 -3 -3    8   6   3  13   3   0   4  25   3   0   1  13   3   0   9   3   5   0   0   0  0.29 0.19
  120 N    0  0  2  0 -3  1  0  1  1 -2  0  0 -1 -2  1  1  0 -3  0 -1    6   5  12   5   0   8   5  11   4   0  10   4   0   0   8   9   4   0   4   4  0.11 0.11
  121 M    0  1 -2 -2 -2  1 -1  0 -1  0  0  0  2 -1  1 -1  0 -2  1  0    8   8   0   0   0   8   0   8   0   8   8   8   8   0   8   1   8   0   8   8  0.08 0.11
  122 F   -2  1 -1  1 -2 -1 -1 -3 -2 -1  2 -2 -1  5 -2 -2 -1 -1  1 -1    2   8   4  11   0   2   2   1   0   2  20   1   0  31   2   2   3   0   3   3  0.28 0.15
  123 D    0  0  2  2 -3  0  2  1  1 -3 -2  0 -2 -3  1  1 -1 -3 -2 -2    5   4   9  15   0   4  14  14   5   1   3   3   0   1   6  12   1   0   1   3  0.23 0.10
  124 L   -1  3 -1 -1 -2  0  0 -1 -1  0  1  1  1 -1 -2  1  1 -2 -2 -1    4  21   2   3   0   2   3   4   0   5  15  10   4   2   1  11  11   0   1   2  0.12 0.09
  125 R    0  1  0 -1 -2  1  0 -1  1 -1  0  2  0  0 -1  0  0 -2  0  0    9  11   3   1   0   5   5   3   5   3   7  17   2   5   1   3   8   0   2   9  0.07 0.05
  126 L   -1 -1  0 -1 -2 -1  0  2 -2  0  0 -1  1  2  0 -1  0 -1  0  0    2   3   6   1   0   1   7  17   0   5   7   1   6  13   6   1   9   1   2  10  0.06 0.07
  127 K    0  0 -1  0 -2 -1  0 -2 -2  0 -2  3 -2 -2 -2  1  3 -3 -2 -1    9   4   0   4   0   0   3   0   0   8   1  28   0   1   0  13  25   0   1   2  0.29 0.18
  128 N   -1 -2  3  4 -3  0 -1  2 -2 -3 -3 -1 -3 -3 -1  1  0 -3 -1 -2    3   1  14  31   0   3   1  18   0   1   1   1   0   0   3  11   7   0   2   3  0.41 0.16
  129 I   -2 -2  5 -1 -2 -2 -2 -1 -2  0  0 -2  0 -2  0  0  2 -3 -2  2    1   0  37   1   0   0   1   3   0   5  10   1   3   0   4   3  14   0   0  17  0.36 0.20
  130 A    4 -3 -2 -3  3 -2 -2  0 -3 -2 -3 -2 -2 -1  2  1  1 -3 -3 -1   51   0   0   0   7   0   0   4   0   0   1   0   0   2  10   9   9   0   0   2  0.51 0.23
  131 N   -1 -2  7 -1 -4 -2 -2  0 -2 -3 -2 -2  0 -4 -3  1 -2 -4 -3 -2    5   0  66   0   0   0   0   6   0   0   4   0   3   0   0  10   0   0   0   3  1.00 0.35
  132 T    1 -3 -2 -3 -2 -2 -2 -2 -3  1 -2 -2 -1 -2 -3  0  5 -3  0  3   11   0   0   0   0   0   0   2   0   8   1   0   0   0   0   3  44   0   4  25  0.50 0.25
  133 N    0 -2  5 -1 -3 -1 -2  1  4 -4 -4 -2 -3 -4 -3  3 -1 -4 -3 -3    7   0  40   0   0   0   0  10  11   0   1   0   0   0   0  27   0   0   0   0  0.71 0.29
  134 V   -1 -3 -4 -4 -2 -3 -3 -4 -3  3  2 -3  0  1 -3 -3 -1 -3  0  4    4   0   0   0   0   0   0   0   0  16  19   0   0   6   0   0   3   0   3  46  0.50 0.21
  135 I   -1 -3 -4 -4 -2 -2 -4 -4 -3  3  1 -3  1  2 -4 -3 -1  2  2  3    6   0   0   0   0   2   0   0   0  22  14   0   3  12   0   0   1   3   6  30  0.43 0.19
  136 Y   -1  1  0  0 -4  1  1 -2 -1 -2 -2  0 -1  1  3 -1 -2  1  4 -2    3  11   4   6   0   6  11   2   0   1   2   5   1   6  18   2   0   2  19   1  0.33 0.16
  137 W   -4 -3 -3 -4  0 -1 -3 -4  7 -1  0 -3 -2  3 -5 -2 -3  6  3 -2    0   0   0   0   2   3   0   0  40   4  11   0   0  14   0   2   0  14   8   3  1.08 0.37
  138 G    2 -2  3  0 -3 -2 -2  3  2 -4 -4  1 -3 -1 -3  1 -2 -4 -3 -3   23   0  16   6   0   0   0  24   5   0   0  10   0   4   0  11   0   0   0   0  0.41 0.21
  139 K   -2  0  1  1 -1 -2  0  5 -1 -5 -5  1 -4 -5 -3 -1 -3 -4 -4 -5    0   4   8   8   2   0   8  56   1   0   0  12   0   0   0   1   0   0   0   0  0.85 0.30
  140 K   -2  5 -2  2 -5  1  1 -3 -1 -4 -3  3 -2  0 -3 -1 -2  1 -3 -2    2  40   0  12   0   4   9   0   1   0   0  17   1   5   0   3   0   2   0   3  0.60 0.27
  141 L   -2 -4 -4 -5  1 -3 -4 -5 -3  2  4 -4  2  2 -4 -3  1 -2  3  0    2   0   0   0   3   0   0   0   0  15  42   0   5   8   0   0   9   0  12   2  0.53 0.24
  142 L   -1 -4 -4 -5 -1 -3 -4 -4 -1  0  3 -4  1  3 -4 -3 -1  2  5  0    5   0   0   0   1   0   0   0   1   2  41   0   3  10   0   0   5   3  24   5  0.62 0.27
  143 A    5 -4 -3 -4  2 -3 -3 -2 -4 -2 -2 -3  1 -4 -3  0  0 -5 -4  1   70   0   0   0   4   0   0   0   0   0   2   0   3   0   0   6   5   0   0  10  0.88 0.39
  144 L   -1 -3  0 -4  1 -3 -4 -4 -3  1  4 -3  4  2 -4 -1  0 -3 -2  0    3   0   5   0   4   0   0   0   0   4  49   0  12   8   0   5   5   0   0   3  0.51 0.25
  145 W    1 -3 -1 -3  2 -1 -1  1 -3 -2 -3 -2  0 -3 -3  2  3  3  0  1   14   0   1   0   4   2   2  11   0   0   0   2   3   0   0  16  24   5   3  12  0.32 0.22
  146 E   -1 -3 -3  2 -6  1  7 -5 -3 -6 -6 -2 -5 -6 -4 -3 -4 -6 -5 -5    5   0   0  11   0   4  80   0   0   0   0   0   0   0   0   0   0   0   0   0  1.72 0.58
  147 A    2 -3  2  1 -3 -2 -1  2 -2 -3 -2 -2 -3 -1 -3  1  2 -4  0 -2   17   0  13   7   0   0   2  18   0   0   3   0   0   3   0  11  19   0   4   3  0.32 0.20
  148 A    1 -3  3  3 -4 -2 -2  3  3 -4 -4 -2 -4 -4  1  1  1 -5 -3 -4   12   0  15  17   0   0   0  20   8   0   0   0   0   0   5  13  10   0   0   0  0.49 0.24
  149 E    0  0  0 -3 -3 -1 -1 -3  2  0  3  0  1  2 -1 -1 -1 -3  0  0    9   5   4   0   0   2   3   0   6   3  33   8   3   9   3   3   4   0   2   5  0.14 0.13
  150 P    0 -5 -5 -5 -5 -4 -4 -5 -5  2 -2 -4  2 -5  7 -2 -3 -6 -5 -1    7   0   0   0   0   0   0   0   0  11   3   0   7   0  66   3   0   0   0   3  1.70 0.52
  151 H   -3 -1  0 -4  0  2 -3 -5  4  0  0 -3  1  2 -3 -3  0 -2  6 -1    0   3   4   0   2  10   0   0  11   5   7   0   4   7   1   0   6   0  35   5  0.64 0.31
  152 S    1  1 -1 -1 -4  1  4 -1  2 -2 -1  2 -1 -3 -3 -1 -2  0  1 -1   11   9   1   0   0   6  30   5   5   2   5  12   2   0   0   3   0   1   5   4  0.29 0.19
  153 L   -2 -2 -2 -4 -3 -3 -1 -5 -4  4  3 -3  2  0 -4 -3 -2 -4 -3  3    2   2   2   0   0   0   6   0   0  32  27   0   6   3   0   0   0   0   0  20  0.55 0.28
  154 N   -1  1  2  5 -4 -1  0 -3  0 -4 -2 -2  0 -4 -3  0  2 -5 -4 -3    3   8  10  43   0   1   5   0   3   0   3   0   3   0   0   8  13   0   0   0  0.64 0.30
  155 P   -2  1 -2  1  0 -2 -2 -2 -3  0 -1 -1 -1 -3  5  1  0 -4 -1 -2    1   8   1  11   2   0   0   3   0   6   8   2   1   0  35  10   6   0   2   2  0.56 0.25
  156 E    0 -1  0  2 -3  0  3  2  0 -1 -2 -1 -2  0 -1 -1 -2 -3 -2 -1    7   2   3  13   0   2  29  20   2   5   2   1   0   4   2   1   0   0   1   5  0.29 0.18
  157 N   -1 -2  0  3 -3 -2  1 -3 -2 -2  1 -2 -2 -3 -2  1  4 -4 -3 -2    3   1   4  21   0   0   8   1   0   1  14   1   0   0   1  12  33   0   0   1  0.44 0.25
  158 L    0 -1  0  0 -2 -2 -1  0 -3  0  3 -2  1 -1 -3 -2  0 -3 -2  0    7   4   4   5   0   0   5   8   0   3  45   1   4   0   1   1   5   0   0   6  0.21 0.18
  159 E    0 -1  1  3 -3  1  3 -1 -2 -3 -3  0 -2 -3 -2  0  3 -3 -3 -2    5   3   6  17   0   4  26   3   0   1   1   4   0   0   1   6  21   0   0   3  0.37 0.22
  160 T    0 -1 -2 -3 -2 -2 -2 -3 -3  0 -2  0  1 -3  0  0  5  3 -3  1    6   3   0   0   0   0   0   0   0   5   1   5   5   0   5   3  47   4   0  12  0.50 0.33
  161 R    1  1 -2 -1 -2  0 -1  0  0  1  0  1  0 -1 -2  0  1 -3 -2  1   20   7   0   3   0   2   2   5   3   9   9   9   2   2   0   5   8   0   0  13  0.06 0.09
  162 G    0  2 -1 -3  0 -1  1  4  0 -5 -5 -1 -4 -5  2 -2 -1 -4 -1 -4    9  13   2   0   2   3   9  41   2   0   0   2   0   0   9   0   5   0   2   0  0.61 0.36
  163 L    0  1 -3 -3  0  0  1 -3  1 -1  1  0  1  1  1 -1 -1  3  0  0    7   9   0   0   2   5   9   0   3   3  19   5   3   7   6   4   4   6   2   7  0.12 0.16
  164 D   -3 -3 -1  3  1 -1 -1 -2  1 -1 -1  0  0  1 -3 -1  0  3  2  1    0   0   3  23   4   3   2   3   3   3   5   5   2   8   0   3   6   5   9  12  0.25 0.25
  165 Y   -1  0  1  5 -4 -3  0 -4 -3 -1 -2 -1  0  2 -4 -1  1 -4  0 -1    5   5   7  37   0   0   4   0   0   3   3   3   3  11   0   5   8   0   2   5  0.49 0.38
  166 L   -1 -4  0  0 -4 -1 -3 -2 -3  1  2 -4  2  4 -1 -3 -3  3  4  0    4   0   5   7   0   4   0   3   0   6  17   0   5  20   3   0   0   4  15   6  0.42 0.32
  167 G    0 -1  1  3  1  0  0  4 -1 -4 -3 -1 -1 -2 -3 -2 -1 -4 -3 -4    6   4   7  16   3   4   7  36   2   0   3   3   2   2   0   1   3   0   0   0  0.45 0.29
  168 E    1  0  2  2 -4  0  1  3 -2 -3 -4  0 -3 -4 -1  1 -1 -4 -4 -3   10   4  12  15   0   3  10  24   0   2   1   6   0   0   2   8   2   0   0   0  0.38 0.25
  169 T    0  1  0  0 -3  2 -1  0  1 -2 -1  1 -2 -3  0  1  1  3 -1 -2    8   9   3   4   0  10   2   8   3   2   7  11   0   0   5   9  10   4   2   2  0.13 0.14
  170 L    1 -1 -3 -2 -2 -2 -2 -2  2  0  3 -2  1  1  0 -2  0  2  2  0   12   3   0   2   0   0   1   2   7   4  34   1   4   5   5   1   4   3   7   6  0.22 0.17
  171 K    2  2 -1  0 -2 -1 -1 -1  1 -1 -2  2 -2 -3  0  0  1 -3 -2  1   20  14   2   5   0   0   1   4   3   4   1  13   0   0   3   5  11   0   0  11  0.16 0.15
  172 P    0 -2  0  2  0 -1  0  0  3 -1  0 -1 -1  1  3 -1 -1 -2 -1 -1    7   1   3  12   2   1   5   7  13   1  13   1   1   8  14   3   3   0   1   4  0.16 0.10
  173 G    1 -2  0 -2  0 -2 -1  3 -2 -2 -2 -2  3 -2  3  0 -1 -3 -2  0   11   1   3   1   2   1   4  26   0   1   2   1  10   1  18   6   1   0   1  10  0.34 0.16
  174 D    0  0  1  2 -2  1  1  1  0 -2 -2  0  1  0 -2  1  1 -3 -2 -2   10   6   5  12   0   6   9  11   3   0   2   2   5   5   0  12  10   0   0   0  0.14 0.09
  175 S    0  1 -1 -2  0 -2 -2  3  0 -1  0 -1 -1 -1  1  1  0  2 -2  0    5   9   1   0   2   0   0  28   2   2  11   3   0   3   6  12   5   4   0   6  0.19 0.12
  176 F    0 -2 -3 -3  0 -1 -1 -3  0  0  1 -2  3  3  1  0 -1 -1  3 -1    9   0   0   0   2   2   3   0   3   2  19   0  12  20   8   6   2   0  11   0  0.23 0.13
  177 S    1 -1  1 -2  1 -2 -2  0 -2  0 -2 -2 -1  0 -2  1  3  4 -1  1   14   3  10   0   3   0   0   7   0   4   0   0   0   5   0   6  28   8   0  10  0.22 0.14
  178 A    4 -2 -2 -2 -2 -2 -2  1 -2  1  0 -2 -1 -2 -2  2 -1 -3 -2 -1   48   0   0   0   0   0   1  10   0   9  11   1   0   0   0  17   1   0   0   1  0.33 0.16
  179 H    0  0 -1  0 -3  1 -1 -2  8 -3 -3 -1 -2 -2 -2 -1  1 -3  0 -3    9   6   1   5   0   5   1   1  52   1   2   1   0   1   1   1  11   0   1   1  0.78 0.23
  180 P    0 -3 -2 -2 -3 -2 -2 -1 -3  0 -3 -2 -2 -3  6  1  1 -4 -3 -2    8   0   0   0   0   0   1   5   0   9   1   1   0   0  50  11  10   0   0   1  0.94 0.22
  181 R   -2  2 -1 -2 -3  2  0 -3  4 -1 -1  3 -1 -2 -2 -1 -2  0  0  1    1  12   0   0   0   8   3   1  14   0   8  32   0   0   0   1   0   1   3  14  0.32 0.17
  182 I    0  0 -2 -3  0 -1 -1 -3  1  2  1 -1  0  1 -2 -1  0 -2  1  2    7   8   0   0   3   1   2   1   6  18  10   2   0   7   0   1   6   0   6  20  0.11 0.08
  183 D    1 -2 -1  5  2 -1  0 -2 -1 -2 -3 -2 -3 -3  2 -1 -2 -3 -3 -2   16   1   1  47   6   1   3   1   2   2   1   1   0   1  13   1   1   0   0   3  0.58 0.20
  184 P    1  1  0  2 -2  0  1 -1  3 -3 -2  0 -2 -3  2  1 -1 -3 -1 -2   13  13   1  13   0   1  13   1  13   1   1   1   0   0  13  13   1   0   0   1  0.27 0.07
  185 A    0 -1 -1 -1 -2 -1  0  2 -1  0  0 -1 -1 -1  0 -1  0 -3 -2  2    8   4   2   2   0   3   6  18   2   6   9   4   0   2   4   3   4   0   0  21  0.07 0.09
  186 S    0 -1 -2 -2 -3 -1 -1 -1 -3 -3 -3 -2 -2 -3 -2  2  6 -3 -3 -1    6   2   1   1   0   2   4   3   0   1   1   1   0   1   1  18  54   0   0   3  0.76 0.37
  187 I    0 -1  0  0 -1  0  0  2 -1  0 -1  0 -1 -1 -1  0  1 -1 -1  0   10   3   2   6   1   2   6  19   1   6   6   7   1   2   3   5   9   1   2   9  0.06 0.03
  188 W   -1  0 -1  1 -2  1  2 -1 -1 -1 -1  0  1 -1  0 -1  0  2  2  0    5   7   2   9   1   5  17   3   1   2   5   2   6   2   4   3   4   3  11   6  0.11 0.07
  189 D    0  0  2  1 -1  0  0  0  0  0 -1  0 -1 -1  0  0  0 -1 -1  0    8   3  12   8   1   4   6   6   3   7   6   8   1   2   5   6   5   1   2   6  0.05 0.01
  190 G    0  0  1  0 -1  0  0  1  0  0 -1  0  1  0  0  0  0 -1 -1 -1   10   3   9   6   1   3   4  13   2   6   6   6   7   4   3   5   5   1   2   4  0.03 0.01
  191 G   -1 -3 -2  0 -3 -2 -2  6 -2 -3 -3 -2 -3 -3 -2  0 -2 -3 -3 -3    3   1   1   5   1   1   2  67   1   1   2   2   1   1   1   5   2   0   1   2  1.03 0.32
  192 E   -2  1  2  2 -3  1  4 -1 -1 -3 -2  0 -2 -3 -2 -1 -1 -3 -2 -3    2   6  12  10   0   4  40   5   1   1   3   3   1   1   1   4   4   0   1   1  0.48 0.23
  193 P   -1 -1 -2 -2  1 -1 -1 -1 -2  0  2 -1  3  0 -1 -1  0  2  0  0    3   4   1   1   3   3   3   4   1   4  28   3  10   3   3   4   7   4   4   8  0.12 0.10
  194 C    0  0 -1 -2  0 -1 -2 -2  5 -1  0 -1 -1  3 -2 -1 -1  2  3 -1    7   5   3   1   3   1   2   2  18   1   8   3   1  18   1   4   3   2  11   6  0.27 0.15
  195 L    1 -2  0 -2  0 -2 -2  0 -2  0  1 -2 -1  2  0  0  1 -2  1 -1   15   1   7   1   2   1   1   9   0   7  17   1   0  12   4   3  13   0   5   2  0.12 0.13
  196 V   -2 -3 -4 -4 -3 -2 -3 -4 -3  3  1 -1  1  5 -1 -3 -2 -2  2  3    2   0   0   0   0   2   1   1   0  17  11   4   2  29   3   1   1   0   5  20  0.51 0.26
  197 N    1  0  3 -2 -3 -2 -2  4 -1 -2 -2 -2 -3 -4 -3  1 -1 -4 -3 -2   15   6  18   0   0   0   1  34   1   2   4   0   0   0   0  12   3   0   0   1  0.48 0.26
  198 F   -3 -4 -4 -4 -4 -3 -1 -2 -2 -1  0 -4  1  5 -2 -3  0 -1  6 -2    1   0   0   0   0   0   4   3   0   2   9   0   4  31   2   1   6   0  35   1  0.95 0.41
  199 A    0  2  1  1 -3 -1 -1  3 -2 -3 -3 -1  0 -1 -3  3 -1 -3  0 -2    7  11   5   9   0   2   2  24   0   0   0   2   3   3   0  25   0   0   3   2  0.32 0.23
  200 V    1 -2 -2 -2  1 -2 -2 -1  1  1  0 -2  0  1  2 -1  0 -2  1  3   13   1   1   1   4   1   1   4   5   6   7   1   1   5   9   2   4   0   6  26  0.16 0.13
  201 K    0  0  0  1 -2  0  0  0  2 -1 -2  1 -1 -1  1  0  0 -2  1  0    7   4   2  12   1   4   6   7   6   1   2   8   1   1   7   4   8   0   7  10  0.09 0.07
  202 P    0 -1  1 -1 -2 -1 -1  0 -1 -1  0  0 -1  0  3  0  0  4  1 -1    7   3   8   1   0   1   3   6   1   5   8   7   1   5  16   6   6   7   5   4  0.17 0.09
  203 G   -1  0  0  0 -2  0 -1  3 -2  0  0 -1 -1  0  3 -1 -1 -2 -2 -1    2   5   4   4   0   4   3  27   1  10   8   1   1   5  15   4   3   0   1   2  0.22 0.13
  204 L    0  1 -1 -1 -1  1 -1  0  0  1  0  1  0  1  0 -1 -1  1 -1  0    5  11   1   4   1   7   2   7   3  11  11   9   2   7   3   1   3   2   1   9  0.02 0.05
  205 P    0  2 -2  0 -3  0  1 -1 -2 -1  0  1 -2 -3  4 -1  0 -4 -3 -1   10  11   0   4   0   2   9   3   0   3   9  12   0   0  25   3   4   0   0   4  0.37 0.20
  206 T   -2 -1 -1  0  0 -2  0 -2  0 -3 -3  1 -1 -4  6  0  0 -4 -4 -1    2   3   3   5   2   0   5   3   2   0   1   8   2   0  45   5   6   0   0   6  0.83 0.34
  207 R   -2  1 -3 -2 -4  0 -1 -1  4 -1 -3  0 -2  3 -1 -3 -2  4  5  0    2   8   0   2   0   3   3   6  13   3   1   5   0  13   3   0   2   6  23   6  0.47 0.27
  208 L   -2 -3 -2 -2 -1 -3 -3 -4 -3  1  3 -1  2  0  0 -1 -2  2  2  2    1   0   3   2   1   0   0   0   0   7  35   4   6   2   5   4   0   2   8  19  0.32 0.21
  209 V   -1  2 -2  0  1  0 -1 -1  0  0 -2  1 -2 -3 -1  0  3 -3 -3  2    1  11   0   4   4   3   3   5   2   7   1  10   0   0   3   5  23   0   0  17  0.19 0.18
  210 I   -2 -1 -3 -1 -3 -1 -3 -4  1  1  1 -1 -2  1 -4 -2  0 -1  6  1    2   4   0   3   0   2   0   1   3   8  13   4   0   3   0   1   6   0  40   9  0.59 0.31
  211 Y   -1  0 -2 -3  1  0 -2  1  3 -1 -1 -1 -1  3 -3 -1 -2  1  3  0    4   6   1   1   4   4   1  12   9   4   4   3   1  18   1   5   1   2  15   7  0.23 0.16
  212 E    0  2 -2 -1 -3 -1  1 -2  1  0 -2  1 -1 -3  2 -1 -1 -3 -1  2    6  16   1   2   0   1  13   2   3   3   1   9   2   0   9   4   1   0   2  24  0.21 0.17
  213 I    1 -3 -3 -3 -2 -2 -2 -3 -2  2  1 -3 -1  2 -1 -1  0  0  2  2   18   1   0   1   0   0   2   1   1  13  13   1   0  12   3   2   4   1   7  20  0.23 0.17
  214 S   -1 -2  0  5  1 -2 -1  0 -3 -4 -4 -2 -1 -4  1  3  1 -4 -4 -3    4   1   2  36   4   0   0   7   0   0   1   0   1   0   7  26   9   0   0   0  0.62 0.33
  215 P    3 -1 -2  0 -1 -1  1  0 -2 -2 -1  1 -1 -3  3  0 -1  0 -3 -1   30   2   0   5   1   0  10   5   0   2   4  12   1   0  13   4   3   2   0   5  0.25 0.18
  216 A    1 -1  2  4 -1  0  1 -1  2 -3 -4  0 -3 -3 -2  1  0 -4 -2 -3   15   3   8  29   1   4   7   3   6   0   1   6   0   1   0  11   4   0   1   0  0.37 0.21
  217 G   -1 -3 -1 -2  0 -1 -1  6 -3 -4 -4 -1 -4 -1 -3 -1 -1 -4 -4 -4    3   1   2   1   2   3   3  68   0   1   1   3   0   4   1   3   3   0   0   1  1.08 0.40
  218 K   -1  2  0 -1 -3  0  2 -1  0  0 -2  2  0 -2 -1  0  0 -3 -2  1    2  11   3   3   0   3  14   4   2   4   2  18   2   1   2   6   7   0   1  15  0.14 0.13
  219 L   -1  0 -2 -2 -1  1 -1 -3 -2  0  2  2  2 -1  1 -2  0 -3  0  1    4   6   0   0   1   6   3   1   0   3  24  15   6   2   7   1   5   0   4  13  0.14 0.14
  220 L   -1  2 -2 -2  1  0  0 -2 -1 -1  1  0 -1 -1 -2  1  2 -3  0  1    2  14   0   0   4   4   6   2   2   1  13   3   0   2   0  14  13   0   3  16  0.13 0.15
  221 R   -2  3 -1  1 -1  1  1 -2  2  0 -1  1 -2 -3  2 -1 -1 -3 -2  0    1  20   1   9   1   8   7   1   7   8   3   8   0   0   9   4   2   0   0  10  0.21 0.16
  222 Y   -1  0  1  2 -1  0  0 -2 -1  0  0  0 -1  0  0  1  0 -2  1  0    4   5   7  17   2   4   2   1   0   6   8   6   0   3   4  12   3   0   7   7  0.08 0.08
  223 R    0  1 -2 -1 -1  1  0  0  0  0  0 -1 -1 -2  1 -1 -1 -3 -2  2    8  10   1   3   1  11   7   8   2   4   7   1   1   0   6   3   3   0   0  25  0.10 0.11
  224 E    1 -1 -1  1 -1  0  2 -2  0 -2 -1 -1 -2 -3  4  0  0  0 -2 -1   12   3   3   7   1   3  17   1   2   1   5   2   0   0  24   8   4   2   0   4  0.35 0.16
  225 H   -1 -2 -1 -3 -2 -3 -3 -3 -1  4  1 -3  0  2 -3 -1 -1 -2 -1  2    4   2   4   1   0   1   1   1   1  40   9   1   0  12   1   6   3   0   2  13  0.38 0.20
  226 E   -1 -2  0  2 -3  0  2 -2  0 -3 -3  0 -2 -1  4  1  0 -3 -2 -1    4   1   5  15   0   2  14   1   2   1   1   6   0   4  22  11   7   0   0   4  0.40 0.18
  227 A    0 -1 -1 -3 -1 -2 -2 -1 -2  1  2 -1  1  1 -2 -1  0 -2 -1  2   10   3   3   1   1   0   1   6   0   7  22   5   4   7   2   4   6   0   0  20  0.10 0.09
  228 K    0  0  0  0 -3  0  0 -2  1 -2 -2  0 -1 -2  4  1  0 -3 -2 -1   10   4   4   5   0   4   6   2   4   2   3   7   2   2  27  11   4   0   0   3  0.37 0.15
  229 G    2  1  1  1 -2  1  0  1  2 -2 -2  1 -2 -3 -2  0  0  0 -1 -1   21  10   7   9   0   6   5  13   6   3   1   8   0   0   0   3   3   1   2   2  0.15 0.09
  230 F    1 -1 -1 -1  2 -2 -2 -1  1 -2 -1 -2 -2  1  5  0 -1 -3 -2 -1   12   4   2   3   5   0   1   5   5   2   4   1   0   7  37   6   2   0   0   4  0.53 0.18
  231 A    1 -2 -1 -2 -2 -2 -2  0 -2  0 -1 -2 -1 -3  3  2  3 -3 -2 -1   11   0   0   1   0   0   1   8   0   8   5   1   0   0  13  23  23   0   0   3  0.30 0.17
  232 F   -1 -3 -3 -2 -3 -2 -3 -4 -2 -1  1 -3  7  2 -3 -2 -2  1  4  0    3   0   0   2   0   0   1   1   0   0  12   1  40  10   0   2   1   2  19   4  0.69 0.29
  233 I   -2 -2 -2 -3  0 -1 -3 -3  0  2  2 -1  5  0 -3 -2 -1 -2  1  2    1   0   2   1   2   1   1   1   2  17  14   4  28   3   0   2   2   0   5  14  0.34 0.18
  234 H   -4 -3 -2 -3 -5 -2 -2 -4 10 -5 -5 -3 -4 -3 -4 -3 -1 -4  1 -5    0   0   0   0   0   0   0   0  88   0   1   0   0   0   0   0   4   0   3   0  2.43 0.60
  235 D    0 -2 -1  6 -3 -1  2 -2 -2 -4 -4 -2 -3 -4 -2  2  0 -4 -4 -3    8   0   0  50   0   0  10   0   0   0   1   0   0   0   0  21   6   0   0   0  0.80 0.30
  236 F   -3 -4 -4 -5  0 -4 -4 -4 -3  1  0 -4  1  7 -4 -3 -3  2  1  0    0   0   0   0   2   0   0   0   0   6   7   0   3  66   0   2   0   2   0   7  1.12 0.35
  237 V    4  0 -2 -3 -2 -2 -2  3 -2 -1 -2 -2  0  0  0  0 -1 -3 -2 -1   45   5   1   0   0   0   0  21   1   3   1   0   2   5   4   4   3   0   0   4  0.37 0.20
  238 I   -1 -3 -3 -3 -2 -3 -3 -3 -3  3  3 -3  3  1 -3 -2 -1 -2 -1  2    5   0   0   1   0   0   1   1   0  26  28   1  10   7   0   1   2   0   0  16  0.39 0.16
  239 T   -2  0 -2 -3 -3 -2 -2 -1 -3 -3 -3 -2 -2 -4 -3  1  7 -4 -3 -2    1   5   0   0   0   0   0   4   0   0   1   0   0   0   0   6  79   0   0   0  1.15 0.42
  240 P    1  0 -1  3 -3  1  4  0 -2 -4 -4  1 -3 -4  0 -1 -2 -4 -3 -3   17   5   0  18   0   4  35   5   0   0   0   9   0   0   4   2   0   0   0   0  0.47 0.21
  241 N   -1  2  4  0 -3  0  0  0  1 -3 -2  1 -2 -3 -2  0  1 -4 -2 -3    5  14  33   4   0   4   3   7   4   0   4   6   0   0   0   4  10   0   0   0  0.36 0.17
  242 Y   -3  1 -2 -3 -1 -1 -3 -4  7 -3 -3 -2 -3  3 -4 -3 -3  3  6 -3    1   7   0   0   1   2   0   1  32   0   1   0   0  12   0   1   0   4  36   0  1.12 0.36
  243 V    1 -2  0 -2 -1 -2 -2 -2 -2  2  0 -2  0  0 -2  0  0 -2  1  3   15   0   6   0   1   0   0   1   0  11   7   0   1   5   0   9   6   0   7  29  0.17 0.12
  244 I   -2 -3 -4 -3 -2 -3 -1 -4 -4  5  0 -3  0 -2 -3 -1 -2 -4 -2  4    1   0   0   0   0   0   5   1   0  40   5   0   0   0   0   4   0   0   0  42  0.66 0.27
  245 F   -1 -3 -4 -4 -3 -3 -4 -4 -3  2  2 -3  0  5 -4 -1 -2  2  0  1    4   0   0   0   0   0   0   0   0  16  19   0   1  39   0   5   0   2   0  11  0.56 0.22
  246 F   -1 -3 -3 -1  1 -2 -2 -3  0  0  1 -2  4  3  3 -2 -2  0  2  0    5   0   0   4   3   0   0   1   2   3  10   0  20  17  14   2   0   1  10   7  0.32 0.17
  247 Q    0  0 -1  5 -3  1  3 -2 -2 -1 -2 -1 -2 -2 -2 -1 -2  0 -3 -2    7   4   0  45   0   6  18   1   0   5   3   1   0   2   0   2   1   1   0   3  0.56 0.22
  248 A    0 -2  0 -2  3  2 -1 -1 -1  1  2 -1  1  0 -2 -1  0  2 -1 -1    6   1   4   1   7  15   1   6   2   8  26   1   5   5   1   3   6   3   0   1  0.11 0.11
  249 S   -2 -1  1 -2 -4  2 -2 -3 -3 -4 -4 -2 -3 -4  7  1 -2 -4 -3 -3    1   3   7   1   0   9   1   1   0   1   1   1   0   0  62   9   1   0   0   1  1.40 0.35
  250 V   -1 -3 -3 -3 -2 -2 -3 -3 -3  2  2 -3  1  0 -2 -2  0 -3 -2  4    3   1   1   1   0   1   1   1   0  12  22   1   2   4   2   1   5   0   0  43  0.38 0.17
  251 K    0  1 -1 -1 -2 -1  0  0 -1  0 -1  1 -1 -1 -2  0  2 -2  0  1    9  10   0   3   0   0   4   6   1   5   3  10   0   1   0   6  19   0   4  17  0.09 0.09
  252 F   -2 -3 -3 -4  0 -3 -3 -2 -1  1  2 -3  2  5 -3 -3 -2 -1  3  0    3   0   0   1   2   0   1   2   1   7  19   1   8  39   0   1   1   0  10   4  0.56 0.21
  253 N    0  1  1  3 -3  1  1 -2  2 -3 -3  1 -2 -3 -2  2  1 -4 -2 -3    5   6   7  23   0   6   5   0   6   0   0   9   0   0   0  20   9   0   0   0  0.36 0.20
  254 P   -1  1 -2 -2 -3 -1  0 -1  1  0  1 -1  1  0  4 -1  0 -3 -2  0    5  10   0   1   0   0   9   5   4   5  13   1   6   5  24   1   5   0   0   5  0.27 0.15
  255 L    0  0 -1  0  0  0  0  0 -1  0  1  0  0  0  1  0  0  1  0  0   10   3   2   5   2   4   7   6   1   5  16   5   1   3   6   4   7   2   2   7  0.02 0.03
  256 P    1  2 -1  0 -3  0  2  0 -2 -2 -3  3 -1 -3  0 -1  0 -3 -3 -2   10  14   2   5   0   4  16   7   0   3   2  20   2   1   5   3   4   0   1   2  0.25 0.17
  257 Y    1  0 -3 -3 -3 -2 -3 -3 -1  2  1 -2  5  3 -3 -1  0  0 -1 -1   15   5   1   1   0   1   1   1   2  12  12   2  20  14   1   4   5   1   1   2  0.33 0.25
  258 V    0 -1 -3 -1 -2 -2 -2 -3 -1  2  2  0  3 -1 -1  0 -1 -3 -2  2    7   3   1   3   0   1   1   1   2  13  26   5  10   2   2   7   1   0   0  15  0.22 0.17
  259 L   -2  2  0 -1 -2  0 -2 -3 -2  1  2  0  2  0 -2 -1  2  1 -1  0    2  14   4   3   0   3   1   1   0   7  22   5   5   4   1   4  17   2   1   4  0.16 0.16
  260 G    1 -1 -1  0 -1 -1 -1  4 -3 -2 -1 -1 -2 -3 -3  1 -1 -3 -3 -2   13   2   2   6   1   3   4  36   0   2   8   3   0   0   1  13   2   0   0   2  0.37 0.23
  261 F    0  0  0 -1  0  0  1  0 -1 -1  0  1 -1  0 -1  0  0  4  1 -2    6   5   6   2   3   3   9   7   0   3  11  12   1   4   3   6   4   8   6   1  0.09 0.09
  262 K   -1  3  0 -1  3  1  0  1  0 -2 -1  2 -1 -2  0  0 -1  0 -1 -2    5  19   4   2   7   5   4  10   2   1   6  17   2   1   4   5   2   2   2   2  0.19 0.14
  263 G    1 -1  1  1 -2 -1 -1  3 -1 -2  0 -1  0 -2  1  0  0  0 -2 -2   13   2   8   7   0   2   2  22   1   1   9   3   4   1   7   6   7   2   1   2  0.16 0.12
  264 A    0  0 -1 -2 -2 -1 -1  0  1  1  0  0  1  1  0  0 -1  4  0  0    6   4   1   1   1   3   2   8   4   9  12   7   4   8   5  10   2   6   2   4  0.06 0.06
  265 G    1  0  0 -1 -3  0 -1  4 -1 -2 -1 -1 -2 -1 -2  1 -1 -3  0 -2    9   6   5   3   0   3   4  33   2   2   5   3   0   2   1  12   3   0   3   2  0.28 0.18
  266 E   -2  0 -1  2 -3 -1  0 -2 -2 -1 -1 -1  4  0  3  1 -2 -3  1 -1    1   4   2  11   0   2   6   3   0   4   4   4  15   5  15  15   0   0   6   3  0.26 0.24
  267 C    0 -2 -4 -4  3 -3 -1 -2  0  0  0 -3  2 -1  6 -2 -2 -4  0 -1    8   2   0   0   6   0   3   3   3   6   8   0   6   3  38   2   2   0   3   4  0.68 0.36
  268 V   -2 -3 -4 -1 -1 -3 -3 -4 -3  2  2 -2  3  3  0 -3 -3  2  4  2    2   0   0   4   1   0   0   0   0  11  21   3   8  13   5   0   0   3  14  13  0.40 0.26
  269 K    0  2  0 -1  2  0 -1 -1  0 -1 -2  1 -1  1 -1  2 -1 -3 -2 -1    7  13   4   3   6   4   1   4   2   4   0  11   1   9   2  22   1   0   0   4  0.15 0.17
  270 F   -2 -4 -3 -5 -4 -4 -3  0  0 -4 -2 -4 -3  5 -5 -1 -1  9  3 -4    4   0   1   0   0   0   2   7   2   0   3   0   0  28   0   5   3  35   9   0  1.45 0.54
  271 E   -2 -2  1  5 -4 -1  3 -3  3 -1 -1 -1 -3 -2 -3 -1 -2 -4  1 -2    1   2   6  37   0   2  19   0   7   4   6   1   0   1   0   4   2   0   5   3  0.56 0.31
  272 A   -1  0  0  2 -4  1  1 -1 -2 -3 -1  1 -2 -3  4  1 -1 -4  0 -1    3   6   4  11   0   7   9   3   0   0   5   9   0   0  23  10   1   0   3   6  0.35 0.20
  273 D    0 -1  3  2 -3  0  2  0  1 -3 -4 -1 -3 -4 -3  2  1 -4 -3 -2    5   2  17  13   0   4  17   5   3   0   0   3   0   0   0  18  10   0   0   3  0.37 0.23
  274 K    0  2  0  0  0  1  1  0  1 -3 -2  3 -2 -2 -2  0 -1 -3  2 -3    9  11   3   4   2   6   8   6   4   0   4  23   0   0   0   5   3   0  11   0  0.23 0.18
  275 P   -1 -1  0  1 -3  1 -1  1  0 -2 -1  1 -1 -3  3  0  2 -3 -1 -1    1   2   4   8   0   9   1  11   3   1   6   9   2   0  16   4  15   0   2   5  0.21 0.14
  276 T    2 -2 -2 -2  2 -2 -2  0 -3 -2 -2  0  2 -3  1  2  2 -3 -3  0   20   0   0   0   5   0   1   5   0   0   1   6   6   0   6  20  18   0   0   8  0.28 0.21
  277 Q   -2  5 -1 -3 -4  2 -1  0  3 -1 -1  0 -2  0 -3 -1 -2 -3  1 -3    0  43   2   0   0   9   2   7   8   4   5   3   0   5   0   5   0   0   6   0  0.53 0.30
  278 M   -2 -3 -3 -4 -2 -3 -3 -4 -3  3  2 -3  2  4 -3 -1 -1  2  1  1    1   0   0   0   0   0   1   1   0  21  16   1   8  22   0   6   3   3   5  11  0.40 0.21
  279 I    0  0 -2 -3 -1 -2 -2  4  3 -1 -1 -2 -2  1 -3 -2 -1  3  1 -1    8   7   0   0   1   0   2  35  11   4   6   1   0   6   0   1   4   4   4   5  0.33 0.20
  280 V   -2  0 -3 -3 -2 -3 -3 -4  2  3  1 -3 -1  0  0 -3  0 -3 -2  4    1   5   0   0   0   0   1   1   6  23  13   1   0   3   5   1   5   0   0  35  0.41 0.24
  281 I   -2 -1 -3 -2 -3 -3 -3 -4  1  3  2 -3  4  1 -4 -3 -2  4 -1  1    2   5   0   3   0   0   0   0   4  22  26   0  12   7   0   0   0   6   0  10  0.41 0.24
  282 P    0  1  1  1  2  1  0 -2 -1  0 -1  0 -1  1  1  0 -1 -2  1 -1    7   7   7   7   7   7   7   0   0   7   7   7   0   7   7   7   0   0   7   0  0.08 0.12
  283 R    0  6  0 -3 -4  2 -2 -3  2 -2 -1  2 -3 -4 -3 -2 -3 -4 -3 -3    8  49   4   0   0   8   0   0   5   3   6  14   0   0   0   0   0   0   0   0  0.79 0.40
  284 D   -1  1  1  3 -3  0  0  0  2 -2 -1  1  0  0 -1  0 -1 -2  2 -2    4   8   6  20   0   2   4   6   5   0   6   9   4   4   2   6   3   0  10   0  0.16 0.14
  285 P    2 -1 -2  1 -3  0  0  2  0 -3 -2  0 -2 -3  1 -1  3 -4 -3 -2   20   2   0   7   0   3   5  19   2   0   4   4   0   0   5   0  25   0   0   0  0.31 0.24
  286 A    0  0  0  2 -3 -1  0  3 -2 -2 -3  1 -1 -3  2  0  0 -3 -3 -2    9   4   3  11   0   0   7  23   0   2   1  10   2   0  11   6   7   0   0   1  0.27 0.16
  287 R    1  1  1  0 -2  2  1  0  0 -1 -2  1 -2 -1 -1  0  0 -2  1 -1   14   8   6   5   0  10  10   6   2   3   3  12   0   3   2   3   5   0   5   3  0.11 0.09
  288 D    0  0  1  2 -2 -1  2  1  0 -2 -2  0 -2 -3  0  1  1  1 -2 -2    7   4   9  12   0   1  13  12   2   1   3   5   0   1   4  13   8   2   0   3  0.18 0.12
  289 D   -1  0  0  2 -3  0  2  0 -2 -2  0  2 -2 -3  2  0 -1 -3 -3 -1    3   3   5  12   0   3  15   9   0   0  12  13   0   0   9   8   3   0   0   5  0.17 0.14
  290 V   -1 -2 -2 -3  0 -1 -3 -1 -3  3  0 -3  1 -2  1 -2 -1  2  0  3    3   2   2   0   2   4   0   4   0  18   8   0   3   0   8   2   3   3   4  33  0.30 0.24
  291 Q    0  4  1 -2 -3  1 -2  0 -2  0 -2  2 -2 -3 -3 -1  1 -3  0  0    7  29   6   0   0   5   0   8   0   5   2  16   0   0   0   0  10   0   3   6  0.32 0.24
  292 T   -4  1 -4 -4 -4 -3 -1 -4 -4 -2 -2  1 -3 -2 -1 -2  1 10  1 -3    0   9   0   0   0   0   4   0   0   3   4  11   0   0   3   3  11  46   4   2  1.53 0.58
  293 L   -3 -4 -1 -4  0 -4 -4 -4 -1  2  0 -4 -2  6 -4 -3 -3  2  3  2    0   0   3   0   2   0   0   0   2  15   7   0   0  40   0   1   0   2  11  14  0.80 0.38
  294 E   -2 -1  1  4  0 -1  4 -2 -2 -1 -3  0 -3 -3 -1 -2 -1  2  2 -1    0   3   5  23   2   1  31   2   0   3   0   5   0   0   2   1   4   3   8   5  0.45 0.29
  295 A    1 -3  0 -3 -1 -2 -3 -1 -3  2  0 -2  1 -3 -1  2  2 -4 -3  2   14   0   4   0   1   0   0   3   0  16   5   0   3   0   3  17  14   0   0  19  0.25 0.23
  296 E    0 -1  1  3 -4  0  2 -2 -2 -4 -4 -1 -1 -4  4  1 -1 -5 -4 -4    6   2   5  17   0   4  18   2   0   0   0   3   2   0  25  11   3   0   0   0  0.59 0.31
  297 A    0 -1 -1  1  1 -1 -1 -1  0 -4 -4 -2 -3 -3  5  2  1 -5 -4 -3    9   3   2   8   3   2   2   5   3   0   0   0   0   1  36  18   7   0   0   0  0.70 0.35
  298 G   -2 -2 -1 -4  7 -3 -4  1 -3 -2 -1 -2  4  4 -4 -2 -1 -3 -2 -2    2   2   4   0  30   0   0  12   0   0   3   2  12  22   0   2   4   0   0   2  0.75 0.38
  299 F   -2 -3  1 -1  1 -3 -3 -4  1 -2  0 -3  0  5 -4 -2 -3  4  4  0    2   0   7   4   4   0   0   1   3   0   5   0   3  34   0   2   0   6  18   9  0.66 0.33
  300 V    0 -3 -2 -3  4 -1 -3 -1 -3  2  0 -3  1  0 -3 -1  1 -3 -1  2    9   0   1   0  12   2   0   4   0  15   7   0   4   5   0   3  13   0   2  20  0.24 0.18
  301 F   -3 -1 -4 -4 -3  0 -4 -2 -3  0  1 -3  2  6 -4 -3 -3  0  2  0    0   3   0   0   0   5   0   3   0   4  13   0   5  48   0   2   0   1   7   6  0.77 0.35
  302 H   -2 -2 -2 -2 -5 -1 -3 -4 10 -5 -5 -3 -4  0 -4 -3 -4 -5 -1 -5    4   2   0   2   0   2   0   0  83   0   1   0   0   3   0   0   0   0   0   0  2.52 0.77
  303 H    0 -1  1 -2 -2  0 -2 -2  3  1  0 -2 -1  1  1 -1  0 -2  0  1    7   3   9   1   0   5   1   1  10   7  10   1   0  10   8   3   6   0   2  16  0.11 0.12
  304 A    2 -3 -3 -3 -1 -3 -3 -1 -3  3  1 -3  0 -2 -3 -1 -1  4 -2  2   23   0   0   0   1   0   1   5   0  19  17   1   1   0   0   3   1   7   0  20  0.33 0.21
  305 N   -3 -3  8  1 -4 -1 -2 -1  0 -5 -5 -1 -4 -5 -4 -2 -2 -5 -4 -4    1   0  77   7   0   2   1   4   2   0   1   2   0   0   0   1   1   0   0   1  1.60 0.57
  306 A    5 -3 -3 -4  3 -1 -3  0 -4 -3 -2 -3 -3 -4 -3 -1  2 -4 -4 -2   66   0   0   0   7   2   0   5   0   0   4   0   0   0   0   2  12   0   0   0  0.89 0.46
  307 F   -4 -2 -4 -5 -4 -4 -3 -2  1 -3  0 -4 -2  5 -5 -4 -4  7  6 -1    0   2   0   0   0   0   2   3   4   0   8   0   0  28   0   0   0  14  33   3  1.20 0.46
  308 E   -2 -1 -2  4 -5 -1  6 -4 -2 -5 -5 -2 -4 -4 -2 -1 -2 -4  2 -4    2   2   0  21   0   0  59   0   0   0   0   0   0   0   1   4   1   0   8   0  1.12 0.50
  309 Q    0 -2 -1  4  0  0  4 -3  2 -3 -3  1 -3 -4 -3  0 -1 -4 -3 -3    9   1   0  25   2   1  34   1   6   1   2  10   0   0   0   4   3   0   0   1  0.58 0.31
  310 D   -1 -1  0  4 -4 -1  0  3 -3 -4 -4  0 -4 -4  2  1 -1 -4 -4 -4    4   2   4  31   0   2   5  23   0   0   0   5   0   0  10  11   1   0   0   0  0.55 0.27
  311 K   -1  0  2  3 -4  1  2  3  0 -4 -4  0 -3 -4 -1  0 -1 -4 -3 -3    3   4  10  19   0   7  15  22   2   0   1   5   0   0   2   7   2   0   0   1  0.39 0.20
  312 R    0  2 -1 -1  2  0  2  0  1 -1 -1  1 -1 -1 -2  0  1 -3  0 -1    5  16   1   1   7   2  19   6   4   4   4   7   1   3   0   5   9   0   3   3  0.14 0.13
  313 I   -2 -3 -4 -4 -2 -1 -3 -4 -4  4  2 -1  0  0 -1 -2 -1 -3 -2  3    1   0   0   0   0   3   1   1   0  31  20   4   0   4   4   2   1   0   0  28  0.48 0.26
  314 I   -1 -3  0 -4  1 -1 -3 -4 -4  3  1 -3 -1 -2 -2 -3 -2 -4  0  5    3   0   5   0   3   4   0   1   0  16   8   0   0   0   2   1   0   0   3  53  0.62 0.33
  315 V    0 -3 -3 -3  1 -2 -1 -3  3  1  2 -3  2  0 -1 -1 -2  3 -1  3    7   0   0   0   3   0   3   0  10   7  19   0   6   4   3   5   0   5   0  26  0.26 0.23
  316 D   -1 -1  1  4  1  0  0  0  2  0 -1 -2  0 -3 -3  0 -2 -3 -1 -1    4   4   5  33   3   3   5   6   6   6   5   0   4   0   0   5   0   0   2   5  0.28 0.22
  317 S    1 -2  0  0  0 -2 -2  1 -2  0 -1 -2  1 -1 -2  1  1 -3  0  2   10   0   6   5   3   0   0  11   0   6   4   0   5   3   0  11   9   0   5  20  0.10 0.15
  318 V    0 -3 -3 -3  5 -3 -3 -3 -3  1 -1 -3  3  0  2  0 -2  3 -2  2    7   0   0   0  13   0   1   1   0   9   3   0  11   5  10  10   0   5   0  22  0.38 0.27
  319 C    0  3  0 -1  6  0  1 -3  0 -2 -2  0  1 -3 -3 -1  0  1 -3  0    6  22   5   4  22   4   9   1   3   1   1   2   4   0   1   3   5   2   0   7  0.41 0.26
  320 Y    0 -3 -3 -2 -3 -2 -2 -2  3 -1  0 -1  3  2 -3 -1 -2  2  5  1    9   0   0   2   0   0   2   3   9   3   6   4   8   6   0   4   1   3  30  11  0.45 0.30
  321 Q   -2 -1  0  1  0  0  1 -2 -2 -2 -1 -1  0 -2  4 -1  1 -3  3 -2    1   2   5   9   2   2  13   3   0   2   5   3   2   0  21   3  13   0  12   1  0.34 0.24
  322 S   -1  2  0  3 -3  1  1  0  0 -3 -2 -1 -2 -2  1  1  0  2 -2 -3    5  11   4  19   0   6   8   7   2   1   3   2   0   2   6  14   7   3   0   1  0.23 0.17
  323 I    0 -1  0 -1 -3 -2  0 -1  0  0  1 -2  1  2  2  0 -1  2  0  0    8   3   5   4   0   0   5   3   2   6  12   0   5  12  12   5   3   3   2   8  0.12 0.14
  324 P   -1 -1 -1  0 -4 -1  1  0 -2 -1 -1 -1 -2  3  2  0 -1  5  2 -3    4   3   3   6   0   3   9   6   0   5   7   3   0  13  10   7   3  10   7   0  0.25 0.24
  325 Q    0  2  1  1 -3  0  0 -3  2  0  0 -2  0  1  0  0 -1  4  0 -2    6  13   6   8   0   4   4   0   5   6  12   0   3   6   4   9   3   7   2   0  0.15 0.19
  326 V   -1  0 -1  0 -3  0 -1 -2  0  2  2 -1  1  0  0 -1  0 -3  0  1    4   5   2   5   0   5   3   3   3  12  24   3   3   4   4   2   4   0   3   9  0.09 0.12
  327 Q   -1  0  1  2 -3  0  1  0 -2  0 -1 -2  0  2 -1  0  0  2  0 -1    4   6   7  14   0   5   8   8   0   5   5   0   3  11   3   7   5   4   2   2  0.10 0.15
  328 A    0  1  2 -1  0  0  0  0  0 -3 -2  1 -1 -2  3  1  0 -3 -1 -2    9  10  10   2   2   3   7   6   2   1   4   9   2   2  13  10   4   0   2   3  0.17 0.16
  329 D   -1  1  2  1 -3  0  1  1  1 -1 -2  0 -2 -3  0 -1  0  4 -2 -1    6   8  11  10   0   3  12  10   3   4   4   4   0   1   5   3   6   7   0   4  0.16 0.15
  330 V   -1  0  1 -1  1  0 -1  2 -2  0  0 -1  2  1 -1  0  0  1 -2  0    4   5   8   2   4   4   4  15   0   6   8   3   9   8   3   4   5   3   0   5  0.07 0.11
  331 D    0  0  1  4 -4 -2  2  2 -3 -4 -3 -1  0 -4  2 -1 -2  4 -1 -2    7   4   5  25   0   0  11  14   0   0   3   3   3   0  10   2   2   5   2   2  0.40 0.30
  332 Y    1  0  0  0 -3  0  0  1  2 -2  0 -1 -1  2 -3 -1 -1  4  1 -1   14   4   5   5   0   3   5  11   5   1   8   4   2  10   1   3   3   6   6   4  0.11 0.13
  333 K    0  0 -1  0 -2  0  1  0 -1 -1 -1  1  0 -1  2  0  1 -3 -1  0    7   6   2   5   0   4  10   7   1   2   4  10   2   2   9   5   8   0   2  11  0.08 0.09
  334 N    0  0  3  2 -3  0  1  2  3 -3 -2  0 -1 -3 -1  0  0  1 -3 -3    8   4  14  10   0   3   9  14   8   1   3   6   2   0   2   6   6   2   0   1  0.24 0.20
  335 V    2 -1 -1 -2  1  0  0  1  1  0 -1  0 -2  1  0  0 -1  3 -1  0   20   3   3   1   4   3   7  10   4   6   5   5   0   6   5   5   3   4   0   5  0.09 0.12
  336 D    0  0  1  2 -1  0  0  0 -2 -2  0  0 -2 -1  2  1 -1 -3 -1 -1    8   4   7  13   1   4   6   7   0   2  10   5   0   2  12  10   3   0   2   4  0.13 0.12
  337 F    0 -1 -1  1 -2 -1 -1  1  1  0  0 -2 -1  3 -1  0 -2  2  1 -1   10   4   2   8   0   3   4  11   4   4   8   1   0  18   3   8   1   3   4   5  0.10 0.13
  338 E    1  1  2  1 -3 -1  2  0  0 -3 -2  0 -2 -3  0  0 -1 -3 -1 -1   11   9   9   9   0   1  17   8   2   1   4   6   0   1   4   7   3   0   2   5  0.18 0.17
  339 T    0  0  0  2 -2  0  2  0 -2 -2 -1  1  0 -1  1  0  1 -3  0 -1    8   4   3  13   0   2  13   7   0   1   4  10   3   2   5   8   8   0   3   5  0.12 0.10
  340 L    1 -1  2  0  0  0 -1  0  0  0  0 -1  0  0  0  1  0  0 -1 -1   12   2  13   5   3   4   3   7   2   8  10   1   4   6   3  11   3   1   0   3  0.05 0.09
  341 D    0 -2  0  1 -1  0  1  1 -2 -1  0 -1 -2  2  3  0 -2 -3 -1 -1    8   1   3  10   2   4  11   9   0   3   9   3   0  11  15   5   1   0   1   3  0.17 0.15
  342 P   -2  2 -2  0 -3  0  0 -2 -2 -2 -2  1  0 -1  4 -2  1 -3 -3  0    2  14   1   6   0   4   6   3   0   2   4   7   2   3  24   1  12   0   1   8  0.37 0.23
  343 G    2 -1  1 -1 -2 -2 -2  2 -2 -1 -3  0  0 -3  2  2 -1 -3 -3 -2   20   3   7   2   0   1   1  18   0   3   2   6   2   1   9  20   3   0   1   1  0.31 0.22
  344 Q   -1  3 -2 -1 -3  2  2 -2  2 -1 -1  0  0 -1 -2  0  0 -3 -2  1    3  17   1   2   0  11  15   2   5   1   6   3   2   3   1   7   7   0   0  13  0.21 0.19
  345 L   -1 -1 -4 -4 -3 -1 -3 -3 -4  1  5 -3  2  0  1 -2 -2 -3 -3  0    4   4   0   1   0   2   1   2   0   5  54   1   5   3   8   2   2   0   0   4  0.60 0.35
  346 W   -2  2 -3 -1  1 -1 -2 -4  3 -3 -1 -1 -3  0 -4  0  0  8  4  0    2  11   0   4   3   2   2   1   7   1   5   4   0   4   1   7   7  21  13   6  0.63 0.34
  347 R   -3  6  0 -3  3 -1  3 -4 -3 -5 -4  0 -4 -5 -4 -1 -3 -5 -1 -2    1  54   3   0   6   2  17   1   0   0   1   4   0   0   0   4   1   0   2   3  1.12 0.55
  348 F   -2 -5 -5 -5 -4 -4 -5 -5 -4  1 -2 -5  2  4 -5 -2 -2  9  5  0    3   0   0   0   0   0   0   1   0   8   4   0   5  14   0   3   2  32  18   8  1.41 0.58
  349 T   -1  4 -3 -3 -4 -2 -1 -4 -1 -1 -2 -1 -1 -3 -1  0  3  0 -1  2    5  29   0   0   0   1   4   0   2   3   3   2   2   0   2   6  22   1   2  15  0.43 0.34
  350 L   -4 -4 -5 -5 -4 -4 -1 -5 -5  5  4 -4  0  2 -5 -4 -1 -4 -3  1    0   0   0   0   0   0   6   0   0  33  37   0   1   9   0   0   3   0   0   7  0.83 0.43
  351 D   -4  0  4  6 -6 -3 -1 -3  1 -6 -6 -3 -5 -6  2 -1 -2 -6 -5 -6    0   6  21  47   0   0   3   1   3   0   0   0   0   0  12   4   1   0   0   0  1.22 0.60
  352 L   -3 -3 -3 -5 -4 -2 -4 -5 -5 -1  5 -4  3 -1  4 -4 -1 -4 -2 -1    2   1   2   0   0   2   0   0   0   2  52   0   9   2  20   0   4   0   1   4  0.89 0.49
  353 E    2  1 -1  1 -3  0  0  1  3 -3 -4  2 -3 -4 -3  1  0 -4 -3 -1   17   9   2   6   0   4   5   8   9   0   0  17   0   0   0  10   6   0   0   4  0.28 0.24
  354 T    1 -1  2 -1 -3  1  0 -3 -2 -3 -3 -1 -3 -4 -1  2  4 -5 -4 -2   13   2  10   3   0   6   4   1   1   0   1   3   0   0   2  14  35   0   0   3  0.51 0.38
  355 K   -2  0 -1  1 -4 -2  0  5 -3 -1 -2 -1 -4 -4 -1 -2 -2 -4 -2 -2    1   6   2   8   0   2   5  54   0   4   5   3   0   0   4   0   2   0   1   2  0.75 0.40
  356 K    1  1 -2  0 -2  0  0 -1 -2  0  0  1 -1 -2 -2  0  2  2 -1  0   17   7   0   4   0   3   6   4   0   7   8  10   0   0   0   4  17   3   2   7  0.12 0.15
  357 V    0 -1 -2 -2  3  1 -1 -2 -1  1  0  0 -1  1 -2  0  1 -2  2  1    9   0   0   0   8   9   1   1   0   9   9   9   0   9   0   9   9   0   9   9  0.09 0.10
  358 T    1  0  1  0  1 -1  0 -1  2 -2 -3  0 -2 -3  0  1  3 -4 -2  0   12   6   5   5   3   0   7   2   6   0   1   6   0   0   4  11  21   0   0   9  0.19 0.17
  359 R   -1  3 -2 -1 -4  2  4 -2  1 -4 -2  0 -3 -4  2 -1 -1  1 -3 -3    4  17   0   2   0   8  32   3   4   0   3   3   0   0  12   4   2   3   0   1  0.48 0.29
  360 E   -2  3 -1  0 -4  2  3  1 -1 -4 -2  0 -3 -2  0  0  0 -4 -3 -3    1  20   2   3   0  11  26  10   1   0   4   5   0   2   4   4   7   0   0   0  0.39 0.26
  361 L    0  1 -1 -2  0  1 -1 -3  0  0  1  0  0 -2  3 -1  0 -3  0  0    6  10   3   0   2   8   4   1   3   5  16   3   1   0  17   3   7   0   5   8  0.18 0.13
  362 L   -1 -3 -4 -4 -1 -3 -2 -4  0  2  4 -3  1  1 -4 -2 -2 -3 -2  1    3   1   0   0   1   0   2   1   3  13  55   0   3   5   0   2   2   0   0   9  0.60 0.30
  363 A    0 -1 -1  3  2 -1 -1  0  1  0 -2  0 -2 -2 -1  1  0 -3  0  0    5   3   0  24   6   2   2   7   4   5   2   5   0   0   3  10   7   0   3  11  0.15 0.14
  364 T   -1 -2 -1  5 -4  1  1  0  2 -3 -3 -1 -3 -2 -3  0 -1  1  0  0    6   2   0  39   0   6   8   6   6   0   1   2   0   1   0   7   3   2   4   7  0.47 0.27
  365 R   -1  3 -1  0 -3 -1  0  1  0 -1  1  1  1 -2 -1 -1 -1 -3 -2  0    3  20   2   6   0   1   7  13   2   3  14   8   4   1   3   3   2   0   0   7  0.11 0.11
  366 C    1 -2  3 -1  2 -2 -2  3 -2 -1 -3 -1 -2 -3  2  1 -1 -4 -3 -1   12   0  18   3   6   0   0  22   0   4   1   3   1   1  12   8   3   0   0   5  0.34 0.21
  367 C   -1 -3 -2 -3  4  0 -3 -1 -3  2  2 -3  2 -1 -3 -1  0 -3 -1  2    5   0   2   0  11   6   0   5   0  11  26   0   5   2   0   4   5   0   2  15  0.24 0.18
  368 E   -3 -3 -2  3 -6 -1  6 -4 -3 -5 -5  1  0 -5 -4 -1 -2 -5 -4 -5    0   0   0  17   0   0  65   0   0   0   0   7   3   0   0   3   2   0   0   0  1.33 0.57
  369 F    0 -5 -5 -5 -4 -5 -5 -5 -4 -1  2 -5  0  7 -5 -4 -1 -2  1 -2    9   0   0   0   0   0   0   0   0   1  20   0   1  58   0   0   5   0   2   1  1.23 0.50
  370 P   -1 -4 -4  0  2 -3 -1  1 -4 -5 -5 -3 -5 -5  7 -3 -3 -5 -5 -4    5   0   0   5   4   0   4  11   0   0   0   0   0   0  68   0   0   0   0   0  1.76 0.57
  371 V    0  4 -2 -3 -3  1 -2 -3 -2 -1  0  1  3 -3 -3 -1  2 -4 -3  0    7  34   0   0   0   8   0   0   0   3   8   5  10   0   0   4  13   0   0   7  0.41 0.27
  372 V   -2 -4 -4 -4 -3  0 -4 -4 -1  5  0 -3  0  1 -4 -3  0 -3  0  3    2   0   0   0   0   5   0   0   2  42   5   0   1   7   0   0   4   0   3  27  0.64 0.32
  373 H   -2 -3  6  3 -4 -2 -2 -1  4 -4 -1 -2 -3 -4 -3  1 -2 -5 -1 -4    3   0  43  18   0   0   0   4  10   0   7   0   0   0   0  10   0   0   2   0  0.80 0.38
  374 P    0  1 -1  3  2 -1  2 -2 -2 -4 -2 -1 -3 -4  5 -1 -2 -4  1 -2    6   8   1  18   5   1  16   2   0   0   4   1   0   0  28   1   1   0   5   2  0.54 0.28
  375 E    1  3  1  0  0  1  0 -1  1 -3 -3  1 -2 -2  2  0  0 -3 -2 -2   11  23   8   4   3   5   6   4   4   0   1   7   0   2   9   6   7   0   0   1  0.24 0.15
  376 R   -2  1 -1 -1 -3 -1  1 -3  1 -1  1  0 -1  2 -3 -1  0 -1  4  0    0  11   2   3   0   0   9   0   4   3  18   4   0   8   0   3   6   0  22   7  0.24 0.19
  377 V    1 -1  1 -1 -2 -1 -2  0 -1  0  1  0  0 -2  0  0  1 -3 -2  1   13   2   7   3   0   1   0   6   1   4  16   9   2   1   4   4  14   0   0  12  0.07 0.10
  378 G   -1 -4 -3 -2 -4 -3 -2  6 -4 -4 -3 -3  0  0 -2 -2 -1 -4 -4 -4    2   0   0   2   0   0   3  73   0   0   3   0   3   4   2   2   5   0   0   0  1.21 0.45
  379 R    0  4 -1 -1  0  2 -1 -2 -1 -3  0  3 -2 -3 -3 -1  0 -4 -3 -2   10  31   2   4   2   9   0   1   1   0  10  19   0   0   0   3   5   0   0   2  0.39 0.25
  380 D   -1  2 -2  0 -1  1  2 -2  0 -3 -3  3 -3 -4  4 -1 -1 -4 -3 -1    5  10   0   4   1   7  13   3   3   0   0  20   0   0  21   4   4   0   0   4  0.44 0.23
  381 Y    2 -3  3 -3 -4  1 -3 -2  6 -4 -4 -3 -1 -2 -4 -1  0 -2  5 -3   17   0  15   0   0   6   0   2  19   0   0   0   1   0   0   3   6   0  27   0  0.77 0.42
  382 R   -2  7  0  0 -5  1 -2 -4 -1 -4 -4  1 -3 -4 -3 -2 -3 -4 -4 -2    3  63   5   5   0   7   1   1   1   0   1   7   0   0   1   1   0   0   0   3  1.15 0.49
  383 Y   -3 -2 -4 -1 -4 -3 -4 -4  2 -1 -2 -4 -3  4 -1 -3 -3 -1  8 -3    2   3   0   4   0   0   1   1   5   3   4   1   0  17   3   1   1   0  55   1  1.35 0.52
  384 A    2 -2 -2 -3 -1 -1 -2  1 -1  1  0 -2  0  1 -2  1  0 -3 -2  1   20   0   0   0   1   3   1  12   2   8  11   0   1   8   0  10   7   0   0  14  0.14 0.14
  385 Y   -1 -4 -4 -5 -4 -4 -4 -5  2 -3 -2 -4 -1  2 -5 -4 -4  3  8 -1    6   0   0   0   0   0   1   1   4   0   2   0   2   8   0   1   0   4  64   5  1.62 0.60
  386 I    3 -3 -2 -3  0 -2 -1  1 -3 -1  1 -2  1 -1  0  0  2 -3 -1 -1   29   0   0   0   1   0   3  11   0   2  16   0   5   2   3   5  16   0   2   3  0.23 0.21
  387 G    2 -3 -2 -3  4  0 -1  1 -3  0 -1 -2  0 -2  1  0  1 -3 -3  1   23   0   0   0  10   5   3  10   0   5   3   0   3   2   7   5   9   0   0  14  0.21 0.18
  388 A    2 -2 -2 -1  1 -1 -2  3 -3  1 -1 -2  0 -2 -2  1  0 -3 -2  1   18   1   1   2   3   2   2  23   0  12   3   1   3   1   1  12   5   0   0  11  0.22 0.17
  389 T    1 -1  0  0 -1  0 -1  1 -1  1  0 -1 -1  1 -2  0  0 -2 -1  1   18   3   5   5   1   3   1  10   1   8   6   1   0   8   1   8   7   0   2  10  0.05 0.07
  390 H    0  0  0  3 -2  1  2 -1  2 -2 -2  0 -1 -1  0  0  1 -3 -2 -1    8   4   4  17   0   4  15   2   7   1   2   6   2   2   5   6   8   0   1   4  0.19 0.11
  391 A   -1  0 -1  0 -1  0  1  1  1 -1 -1 -1  0 -1  3  0 -1  0 -2 -1    2   5   1   5   2   3  13  13   5   4   4   1   3   4  18   8   3   1   0   6  0.19 0.13
  392 K   -1  0 -1  2  2  1 -1 -1 -2 -2 -1  0 -2 -1  3  0 -1  5 -1 -2    4   5   1  12   5   9   2   4   0   2   7   5   0   3  14   9   3  10   2   2  0.25 0.15
  393 T    0 -1 -1  1 -2 -1 -1  0  0 -1  0 -1  0 -2  3  0  0 -2 -2  1   10   4   1  10   1   1   3   7   2   1  11   3   2   1  17   6   7   0   1  13  0.15 0.09
  394 G    0  0  1  1 -2 -1  0  3  2 -2 -2 -1 -1 -3  0  1 -1 -3 -2 -2    7   7   8   7   0   1   5  26   8   3   2   2   2   1   3  11   3   0   1   3  0.22 0.13
  395 N    0  0  2  1 -2 -1  0  0  1 -1 -1 -1  1 -1  1  1  0 -3 -1 -2    9   4  15   7   0   1   4   8   3   3   5   1   6   2   8  15   5   0   1   1  0.14 0.12
  396 A    2  0 -2 -1  1 -1  0  0 -2 -1 -1 -1 -2 -1  4  0 -1 -3 -1  0   19   6   1   3   4   1   6   7   0   4   4   3   0   3  22   5   2   0   2   9  0.26 0.16
  397 P   -1  1  0  0 -3  0  1  0 -2 -2 -1  2  0  0  3  0 -1 -2 -1 -1    1   6   6   4   0   3   9   6   0   2   8  15   2   6  19   6   1   0   2   3  0.22 0.13
  398 L   -1  0 -2 -1 -1 -1 -1  1 -2  1  0 -1  2  2  0  0 -1 -1  1  1    3   6   1   3   1   1   5  13   1   9  10   1   8  10   4   6   2   0   5   9  0.05 0.07
  399 Q   -1  1  2  2 -3  0 -1  2  2 -2 -2 -1 -2 -3  0  1  0 -3 -2 -2    1   9  14  13   0   4   1  14   7   2   4   2   0   1   4  15   6   0   0   2  0.24 0.17
  400 A    2 -1 -2 -2 -3 -1  0  4  0 -3 -3 -2  0 -4 -1  1  0 -4 -3 -3   19   4   0   0   0   2   5  38   3   0   2   1   2   0   3  12   6   0   0   1  0.49 0.27
  401 V   -2 -3 -4 -4 -3 -3 -4 -5 -4  4  3 -1 -1  1 -4 -3 -2 -3 -2  3    2   0   0   0   0   0   0   0   0  24  33   5   0   6   0   0   0   0   0  26  0.64 0.33
  402 W    2 -1 -3 -3  0 -3 -3 -1 -3  2  1 -2  2 -1 -3 -1  0  0 -1  3   20   3   0   0   1   0   0   4   0  14  11   1   5   2   0   2   6   1   2  25  0.24 0.20
  403 K   -1  4 -3 -3 -5 -1 -2 -2  3 -5 -3  6 -4 -5 -4 -3 -3 -5 -4 -4    4  24   0   0   0   1   0   2   8   0   2  56   0   0   0   0   0   0   0   0  1.17 0.53
  404 V   -3 -1 -3 -4 -3 -1 -3 -4  4  1  1 -3  2  1 -4 -1 -3 -2  5  2    0   3   0   0   0   3   0   0  14   8  16   0   5   4   0   4   0   0  24  18  0.54 0.32
  405 D   -4 -4  1  7 -6 -3  1 -4  0 -5 -6 -1 -5 -5 -4 -3 -4 -6 -5 -5    0   0   6  76   0   0   8   0   2   0   1   4   0   0   0   0   0   0   0   0  1.76 0.65
  406 H   -2  0 -1 -1  1 -3 -3 -3  2  0  3 -2  1  0 -2 -2  0 -3 -2  2    2   5   3   4   3   0   0   1   7   2  42   2   3   4   2   0   6   0   0  14  0.30 0.23
  407 Q    1  0 -1  0 -3  1  3  0  2 -2 -1  1 -1 -1 -2  0  0  0 -1 -1   12   4   0   4   0   6  23   7   6   0   6   7   1   2   0   7   7   1   1   5  0.15 0.14
  408 G    0  1  2  0 -3 -1  0  1 -2 -3 -2  0 -2 -3 -3  1  4 -4 -3 -2    9   7   9   4   0   2   4  13   0   0   4   4   0   0   0   9  33   0   0   1  0.35 0.25
  409 E   -1 -1  1  1  2 -1 -1  5 -3 -4 -4  1 -4 -4 -1 -1 -3 -4 -4 -4    2   3   7   8   5   2   3  51   0   0   1  12   0   0   2   2   0   0   0   1  0.77 0.35
  410 D    1  0 -1  0  0  0  2 -2 -2 -1 -2  0 -2 -3  0  1  3 -4 -3  1    9   4   2   4   2   3  14   2   0   3   1   4   0   0   5  10  25   0   0  11  0.23 0.20
  411 S    0  1 -1 -2 -1  0 -1 -2 -1  2 -1  0  1 -2 -2  2  2 -3 -2  2    5  10   1   0   1   4   2   2   1  14   4   4   3   0   0  17  14   0   0  15  0.15 0.16
  412 Q    0  1 -1 -1 -3  3  2  0  1 -2 -2  2 -1 -3 -1  0  2 -3 -3 -1    6   5   0   3   0  16  13   7   3   1   4  15   1   0   2   3  14   0   0   5  0.23 0.19
  413 V    0  2 -1 -2 -2  0  1 -3 -1  1  0  1 -1 -1 -2 -1  0 -3  0  1    9  14   2   0   0   3   9   1   2  12  10   9   0   1   0   3   6   0   3  14  0.11 0.12
  414 Y   -2  2 -3 -4 -4 -2 -3 -4  6 -3 -3 -2 -1  3 -4 -2 -2  8  4 -3    3  11   0   1   0   0   1   1  23   1   2   1   2  14   1   2   2  20  15   1  1.04 0.38
  415 S    0  2 -1  1 -1  1  0 -1  0  0  0  0  0  0  0  0  0 -2 -1  0    8  15   1   9   1   6   6   3   2   8   6   3   4   5   5   7   5   0   0   6  0.06 0.06
  416 F   -1 -3 -3 -3 -1 -2 -1 -3  0 -1  2 -3 -1  4  1 -1 -1 -1  4  0    4   1   1   1   2   1   3   1   2   1  21   1   0  24   9   4   3   0  14   8  0.37 0.20
  417 A    0 -1 -2  0 -3 -1  1  5 -3 -4 -4 -2 -3 -4  3 -1 -2 -4 -4 -2    6   4   1   4   0   1  10  46   0   1   1   1   0   0  18   3   1   0   0   3  0.71 0.28
  418 P    0  0 -1  3 -3 -1  0 -2 -1 -3 -3 -1 -3 -3  5 -1  0 -4 -1 -2   10   6   2  18   0   2   6   2   2   1   1   3   0   0  31   4   8   0   2   2  0.59 0.24
  419 D    0  0  1  1 -3 -1  0  5 -1 -4 -4 -1 -3 -4 -3 -1 -1 -4 -3 -3    7   4   6   9   0   3   5  49   1   1   1   3   0   0   1   3   3   0   0   2  0.63 0.25
  420 G   -1  3 -1  1  3  0  0  0  3 -2 -1  0 -1 -2 -3 -1 -2  1  0 -1    2  24   2   9   8   4   5   8  11   1   5   5   2   0   1   2   1   2   4   3  0.24 0.16
  421 F   -2 -1 -2 -3 -3  0 -2 -2 -1  0  1 -1  1  4 -3 -2  0  1  3  0    2   4   1   1   0   6   2   3   1   4  16   3   4  23   1   2   8   1  14   5  0.28 0.17
  422 T    0 -3  0 -2 -1 -2 -3  3 -3 -1 -2 -2 -2 -2  5 -1  0 -4 -3  0    9   0   6   1   1   0   1  23   0   5   4   1   0   2  30   4   6   0   0   8  0.53 0.23
  423 G    0 -1 -1 -3 -4  0 -1  5 -3 -4 -4 -2 -4 -4 -3  3 -1 -4 -4 -4    4   3   1   0   0   5   3  51   0   0   1   0   0   0   0  25   4   0   0   0  0.86 0.36
  424 E   -1 -3 -3 -2 -6  0  7 -5 -3 -5 -5 -2  0 -6 -4 -3 -4 -5 -5 -5    4   0   0   0   0   1  89   0   0   0   0   0   2   0   0   0   0   0   0   0  1.91 0.68
  425 P    3 -5 -4 -4 -1 -4 -4 -4 -1 -5 -5 -4 -1  0  7  0 -3 -6 -4 -4   28   0   0   0   1   0   0   0   1   0   0   0   2   5  57   5   0   0   0   0  1.58 0.57
  426 I   -2 -1 -4 -4  0 -3 -4 -4 -4  3  0  0  0  1 -4 -2 -1 -4 -1  5    1   3   0   0   2   0   0   0   0  13   7   7   2   7   0   3   2   0   2  50  0.56 0.30
  427 F   -5 -5 -6 -6 -5 -6 -6 -6 -1 -3 -2 -6 -1  9 -6 -5 -5 -2  1 -4    0   0   0   0   0   0   0   0   1   0   2   0   1  90   0   0   0   0   3   0  2.43 0.72
  428 V    0 -4 -4 -4  0 -4 -4 -4 -4  2  0 -4 -1 -3 -4 -3 -2 -4 -3  6    7   1   0   1   2   0   1   1   0  10   7   1   0   0   1   1   1   0   0  67  0.97 0.39
  429 P   -1 -4 -4 -3 -4 -3 -3 -2 -4 -4 -4 -3 -4 -5  8  0 -3 -5 -4 -4    6   1   0   1   0   0   1   3   0   1   1   1   0   0  77   6   1   0   0   1  2.06 0.58
  430 R    2  5  0  0 -3 -1  0 -1 -2 -3 -2  1 -2 -3 -3  0 -1 -3 -1 -2   18  41   4   6   0   1   4   5   0   1   2   7   0   0   1   5   2   0   2   2  0.49 0.25
  431 P    1 -2  1  1 -3  0  1  0  0 -2 -3  0 -2 -3  5  1 -1 -3 -3 -2   11   1   6   6   0   3  12   6   2   2   1   5   0   1  27  10   2   0   1   2  0.43 0.18
  432 G    0 -1  1  2 -3 -1  0  4 -2 -3 -3  0 -3 -3  1  0 -1 -3 -3 -3    7   2   7  15   0   2   5  34   0   1   3   5   0   1   8   5   4   0   1   1  0.40 0.17
  433 A    3 -1  0  0  1 -2  0  3 -2 -3 -3 -2 -2 -3  0  1  1 -3 -3 -2   28   3   4   4   3   1   4  24   0   1   1   1   0   1   4  11   8   0   0   1  0.34 0.18
  434 T    2  1 -1  1 -2  1  1  0  0 -2 -2  0 -2 -3 -1  0  1 -3 -2 -1   27   9   1   8   0   5  10   6   2   2   2   3   0   0   2   5  13   0   0   4  0.19 0.14
  435 A    2  0  0  3 -1 -1  2  1  0 -2 -3 -1 -2 -3  1  0 -1 -3 -1 -2   23   5   2  17   1   0  16  12   2   2   1   1   0   0   6   5   3   0   3   1  0.26 0.17
  436 E   -3 -2 -2  0 -5  1  7 -3 -2 -4 -4  0 -4 -5 -2 -2 -3 -4 -4 -4    1   1   1   3   0   3  78   2   0   1   1   3   0   0   2   2   1   0   0   1  1.46 0.52
  437 D   -2 -3 -1  7 -4 -2  0  2 -3 -4 -5 -3 -4 -5 -3 -1 -1 -5 -4 -4    3   0   0  62   0   1   3  18   0   0   1   1   0   0   1   4   4   0   0   1  1.20 0.43
  438 E    0 -1  0  6 -5 -2  2 -1  0 -5 -5 -2 -4 -5 -1  0 -3 -5 -4 -4    6   2   3  55   0   0  15   5   2   0   1   0   0   0   2   6   0   0   0   0  0.99 0.39
  439 G   -2 -5 -3 -4 -5 -5 -5  7 -5 -6 -6 -4 -5 -6 -5 -3 -4 -5 -6 -6    2   0   0   0   0   0   0  95   0   0   0   0   0   0   0   0   0   0   0   0  2.20 0.66
  440 W   -3 -3 -5 -6 -5 -4 -5 -3 -1 -2 -3 -5 -3  3 -5 -5 -4 10  6  1    1   1   0   0   0   0   0   3   1   2   0   0   0  10   0   0   0  37  34  10  1.88 0.59
  441 V   -1 -4 -5 -5 -1 -4 -4 -5 -4  3  4 -4  0 -2 -4 -4 -3 -4  0  3    4   0   0   0   1   0   0   0   0  18  51   0   0   0   0   0   0   0   3  21  0.79 0.34
  442 L   -1 -3 -4 -5 -3 -3 -4 -5 -4  2  4 -1  4 -2 -4 -3 -3 -4 -3  2    5   0   0   0   0   0   0   0   0   8  52   5  14   0   0   1   0   0   0  13  0.73 0.34
  443 L    1 -3 -2 -1  1 -2 -2  1 -1 -2 -1 -1 -2  0 -1  2  2 -3 -2  1   12   0   0   2   4   0   0  13   1   0   5   3   0   5   2  24  12   0   0  15  0.22 0.20
  444 M   -3 -3 -4 -4  2 -2 -4 -4  0  0  2 -3  1  4 -4 -1 -1  0  5  2    0   0   0   0   5   2   0   0   2   4  19   0   4  16   0   4   3   1  24  15  0.52 0.27
  445 V    0 -4 -5 -5 -1 -4 -3 -3 -4  2  1 -4 -1 -3 -4 -3 -1 -4 -1  6    6   0   0   0   1   0   2   2   0   8  11   0   0   0   0   0   2   0   3  64  0.89 0.40
  446 Y   -2  0  0 -3 -4  0 -2 -3  6 -1 -1 -2 -2  1 -4 -1 -1  3  5 -2    3   4   4   0   0   5   0   1  23   5   4   2   0   5   0   6   3   5  27   2  0.66 0.32
  447 D   -3  2  3  6 -5 -2 -1 -2  2 -5 -5 -2 -5 -5 -4 -2  0 -6 -4 -5    2  10  12  58   0   0   1   3   4   0   0   0   0   0   0   2   6   0   0   0  1.16 0.46
  448 S    1  1 -1 -1 -3 -1  3  0 -1 -3 -2 -1 -3 -3  3  0  1 -4  0 -1   15   7   2   2   0   1  27   7   1   0   3   0   0   0  13   5  10   0   3   3  0.31 0.21
  449 A    2  1  2  2 -1  0  1  0 -2 -2 -3  2 -2 -4  0  0  0 -4 -3 -2   22   8  10  11   2   2  10   4   0   3   1  13   0   0   3   5   4   0   0   1  0.23 0.16
  450 Q    0  2 -1  0 -3  2  1 -1 -1 -2 -2  1 -2 -3 -2  1  3 -4 -1 -3    5  13   1   4   0  12  10   4   1   2   2   7   0   0   1  12  22   0   3   0  0.29 0.21
  451 H    0  0  2  3 -3  0  1  2  2 -2 -3  0 -1 -3 -3 -1  0  3 -2 -2    7   4  11  21   0   2   8  15   5   2   1   5   2   0   0   3   6   5   0   1  0.29 0.17
  452 R    1  4  0 -2 -1  0  0  1  0 -3 -2  2 -2 -4 -3 -1  1 -4 -3 -2   11  29   4   0   2   3   5  12   2   0   3  13   0   0   0   2  10   0   0   2  0.34 0.21
  453 S    0 -3 -2 -3  2 -3 -3 -2  1 -4 -4 -1 -4 -5 -1  6  1 -5 -4 -3    3   0   0   0   4   0   0   2   3   0   0   3   0   0   3  71   8   0   0   1  1.08 0.51
  454 D   -1 -1 -2  4 -4  0  4 -1 -2 -4 -4  0 -4  0 -3 -1 -3 -3  2 -4    5   3   0  30   0   3  32   4   0   0   0   5   0   5   0   3   0   0   8   0  0.64 0.32
  455 V   -3 -4 -5 -5 -3 -4 -4 -5 -4  1  5 -4  2  1 -4 -4 -3 -3  1  3    0   0   0   0   0   0   0   0   0   3  58   0   4   7   0   0   0   0   4  20  0.81 0.34
  456 V    0  0 -1 -4 -3  0 -3 -4  3  1  2 -2  0 -2 -4 -2 -2  2  0  3    6   6   3   0   0   6   0   0   8   7  21   0   2   0   0   2   0   3   3  34  0.32 0.23
  457 I   -3 -5 -5 -5  0 -5 -5 -5 -5  6  0 -5  0 -3 -5 -4 -3 -5 -3  5    0   0   0   0   2   0   0   0   0  46   7   0   1   0   0   0   0   0   0  43  1.15 0.44
  458 F   -3 -4 -5 -1 -3 -4 -4 -5 -4  3  5 -4  2  0 -4 -4 -3 -4 -3  2    0   0   0   4   0   0   0   0   0  17  58   0   6   3   0   0   0   0   0  11  0.82 0.34
  459 D   -3 -2  3  7 -5 -3 -1 -4 -3 -5 -6 -2 -5 -6 -4 -2 -1 -6 -5 -5    1   1  16  71   0   0   2   0   0   0   0   1   0   0   0   1   4   0   0   0  1.60 0.54
  460 A    6  0 -3 -4 -3 -3 -3  0 -4 -3 -3 -3 -3 -4 -1  0  2 -5 -4 -2   70   4   0   0   0   0   0   4   0   0   1   0   0   0   2   2  13   0   0   2  0.95 0.45
  461 Q   -1  4 -2 -1 -4  3  0 -1 -1 -2 -2  3  1 -4 -3  0  0 -4 -3 -1    5  23   0   2   0  14   2   3   1   1   1  25   5   0   0   7   7   0   0   4  0.42 0.25
  462 N   -1  1  1  5 -2 -2 -1 -2  2 -4 -4 -1 -3  0 -3  1  2 -4 -3 -3    5   7   6  37   1   0   1   2   6   0   0   1   0   4   0  13  14   0   0   0  0.52 0.28
  463 F   -2 -3 -4 -4 -3 -1 -4 -4 -3  2  3 -3  4  4 -3 -3 -1  1 -1  0    1   0   0   0   0   3   0   0   0  12  30   0  15  25   1   0   4   2   0   4  0.60 0.28
  464 A    2 -1  0 -2 -2  0  1  1 -2 -3 -2 -1 -2 -3 -2  3  3 -3 -3 -2   19   2   3   1   0   3   9   8   0   1   3   1   0   0   1  27  21   0   0   1  0.35 0.21
  465 Q   -1  2  0  2 -4  0  4  1  0 -4 -4  2 -3 -4 -1 -2 -1 -4 -3 -4    3  10   2  12   0   3  32  12   2   0   1  16   0   0   3   0   2   0   0   0  0.49 0.25
  466 P    0 -3 -3 -3 -3 -1 -1 -3 -3  0 -1 -2 -2 -3  7 -1 -1 -4 -3  0    6   1   1   1   0   2   3   1   0   6   8   1   0   1  56   3   3   0   0   7  1.14 0.34
  467 L   -2 -2 -4 -4 -3 -1  0 -3 -4  3  1 -3 -1 -3 -4 -3 -1 -4 -3  5    0   3   0   0   0   2   8   2   0  14   9   0   0   0   0   0   1   0   0  58  0.71 0.34
  468 A    6 -2 -4 -4  2 -3 -3 -1 -4 -4 -4 -3 -3 -5 -3 -1 -3 -5 -4 -2   87   2   0   0   4   0   0   4   0   0   0   0   0   0   0   0   0   0   0   1  1.40 0.55
  469 T    1  3 -2 -2 -1  0 -1 -3 -2 -1 -1  2 -2 -3 -3  1  3 -4 -3  0   13  23   0   0   2   2   3   0   0   2   4  14   0   0   0   7  22   0   0   7  0.34 0.22
  470 L    0 -4 -5 -5  0 -4 -4 -5 -5  4  0 -4 -1 -1 -4 -3 -2 -4 -3  5    9   0   0   0   2   0   0   0   0  29   7   0   0   2   0   0   0   0   0  50  0.85 0.36
  471 H   -2  2 -2 -2 -4  2  2 -4  6 -4 -3  1 -2 -2 -1 -1  2  2 -2 -3    1  11   0   0   0   9  15   0  28   0   1   9   1   2   2   1  14   3   0   1  0.63 0.32
  472 L   -3 -4 -5 -6 -3 -4 -5 -6 -1  0  5 -5  2  1 -5 -4 -1 -4 -3  1    0   0   0   0   0   0   0   0   2   1  76   0   4   5   0   0   3   0   0   8  1.08 0.43
  473 K   -4 -5 -2  1 -6 -2 -4 -5 -5 -6 -6 -2 -5 -7  8 -3 -2 -7 -6 -5    0   0   2   7   0   2   0   0   0   0   0   2   0   0  83   1   2   0   0   0  2.36 0.66
  474 Q    0  3 -2 -2  1  3 -1 -1  4 -2 -2 -1 -2 -1 -2  0  1 -3  0  1    5  19   0   1   4  18   0   3  13   0   2   1   0   3   1   7   8   0   4  12  0.28 0.22
  475 H   -1  7 -3 -1 -5  0 -2 -4  3 -5 -3 -1 -3 -2 -2 -2 -1 -5  0 -4    6  67   0   4   0   2   0   0   8   0   1   0   0   2   1   2   3   0   3   0  1.15 0.45
  476 I   -2 -5 -5 -5 -3 -4 -5 -5 -5  3  1 -4  1 -3 -2 -4 -2 -5 -3  6    2   0   0   0   0   0   0   0   0  18   9   0   2   0   1   0   0   0   0  67  1.11 0.43
  477 P   -2  0 -5 -4 -6 -4 -4 -5  0 -6 -6 -4 -5 -6  8 -2 -1 -7 -6 -5    2   6   0   0   0   0   0   0   2   0   0   0   0   0  85   2   3   0   0   0  2.43 0.67
  478 Y    2 -2 -1 -2 -4 -1 -3 -3  1 -3 -1 -1  1  3 -1 -2 -3 -1  6 -2   18   1   4   1   0   3   0   1   3   0   6   4   5   9   3   0   0   0  38   2  0.60 0.31
  479 G   -2 -2 -3 -2  3 -2 -4  6 -4 -5 -5 -4 -1 -5 -4 -3 -1 -5 -5 -5    1   3   0   2   7   2   0  79   0   0   0   0   2   0   0   0   5   0   0   0  1.50 0.49
  480 L   -4 -3 -5 -6 -5 -5 -6 -6 -4  0  2 -5 -2  8 -6 -5 -3 -2  0 -1    0   2   0   0   0   0   0   0   0   5  17   0   0  72   0   0   1   0   0   3  1.62 0.51
  481 H   -5 -4 -3 -5 -7 -3 -3 -6 11 -7 -6 -4 -5 -5 -6 -4 -5 -6 -2 -7    0   0   0   0   0   0   0   0 100   0   0   0   0   0   0   0   0   0   0   0  3.46 0.87
  482 G   -1 -2 -3 -4 -2 -4 -5  7 -5 -6 -6 -4 -5 -6 -5 -3 -2 -5 -5 -5    4   2   0   0   1   0   0  90   0   0   0   0   0   0   0   0   3   0   0   0  1.86 0.53
  483 S    1 -3  3 -2  0 -2 -2 -1  0 -2 -1 -2 -2  1 -3  2  2  4 -2 -2   15   0  21   0   2   0   0   2   2   1   8   0   0   6   0  16  19   6   0   0  0.35 0.23
  484 W   -5 -6 -6 -7 -5 -5 -6 -6 -4 -4 -4 -6 -4  6 -7 -6 -5 11  2 -5    0   0   0   0   0   0   0   0   0   0   0   0   0  41   0   0   0  54   5   0  2.85 0.69
  485 T    1 -2 -4 -4 -2 -3 -3 -4 -4  3  1 -3  3  0 -4 -1  0 -4 -2  3   12   1   0   0   0   0   0   0   0  23  11   0  10   3   0   5   3   0   0  31  0.45 0.23
  486 P    0 -2 -2  1 -4 -2 -2  0 -3 -4 -3 -1 -3 -5  6  2  2 -5 -4 -3    5   1   0   9   0   1   0   5   0   0   2   3   0   0  43  16  13   0   0   0  0.88 0.29
  487 E   -1  2 -1  5 -2 -1  4 -1 -2 -4 -4  0 -4 -5 -3  0 -2 -5 -4 -4    5  12   0  37   1   0  30   4   0   0   0   4   0   0   0   5   1   0   0   0  0.70 0.24
  488 V    1  1 -1 -2 -2 -1  0 -1  0 -1  0  1  1 -2 -2  1  1 -3  0  1   12   8   2   0   0   0   8   2   2   0  13   8   4   0   0  15  10   0   3  13  0.08 0.07
  489 F   -1 -2  0  6 -3  1  1 -2 -2  0 -1 -2 -2  0 -3 -1  0 -4 -3 -2    4   0   0  62   0   6   3   0   0  11   5   0   0   5   0   0   5   0   0   0  0.62 0.15
  490 V   -2 -3 -4 -4 -2 -3 -4 -4 -4  2  4 -3  3  0 -4 -3 -2 -2 -2  1    0   0   0   0   0   0   0   0   0   9  77   0   7   0   0   0   0   0   0   8  0.62 0.11
  491 N   -1  0  5  2 -3  0  0 -1  0 -3 -4  2 -2 -3 -2  2  0 -4 -2 -3    0   0  56  11   0   0   0   0   0   0   0  16   0   0   0  17   0   0   0   0  0.54 0.06
  492 F   -2 -2 -3 -3 -3 -2 -3 -3  1 -1  0 -3  0  5 -3 -2 -2  2  6 -1    0   0   0   0   0   0   0   0   0   0   0   0   0  50   0   0   0   0  50   0  0.69 0.00

                      K         Lambda
Standard Ungapped    0.1393     0.3209
Standard Gapped      0.0410     0.2670
PSI Ungapped         0.1324     0.3176
PSI Gapped           0.0405     0.2670
