
Last position-specific scoring matrix computed, weighted observed percentages rounded down, information per position, and relative weight of gapless real matches to pseudocounts
           A  R  N  D  C  Q  E  G  H  I  L  K  M  F  P  S  T  W  Y  V   A   R   N   D   C   Q   E   G   H   I   L   K   M   F   P   S   T   W   Y   V
    1 M   -1 -1 -2 -3 -1  0 -2 -3 -1  1  2 -1  5  0 -2 -1 -1 -1 -1  1    0   0   0   0   0   0   0   0   0   0   0   0   0   0   0   0   0   0   0   0  0.00    0.00
    2 K   -1  2  0 -1 -3  4  1 -2  0 -3 -2  3 -1 -3 -1  0 -1 -2 -2 -2    0   0   0   0   0  50   0   0   0   0   0  50   0   0   0   0   0   0   0   0  0.49 0.00
    3 A    2  0  0 -1 -1  0  0 -1 -1 -2 -2  2 -1 -3 -1  2  0 -3 -2 -1   34   0   0   0   0   0   0   0   0   0   0  33   0   0   0  33   0   0   0   0  0.28 0.01
    4 A    4 -2 -2 -2  0 -1 -1  0 -2 -1 -2 -1 -1 -2 -1  1  0 -3 -2  0  100   0   0   0   0   0   0   0   0   0   0   0   0   0   0   0   0   0   0   0  0.43 0.02
    5 D   -2 -1  1  5 -4  1  3 -2 -1 -3 -3  0 -3 -4 -1  0 -1 -4 -3 -3    0   0   0  67   0   0  33   0   0   0   0   0   0   0   0   0   0   0   0   0  0.76 0.01
    6 S    1 -1  0 -1 -1 -1 -1 -1 -1  0 -1 -1 -1 -2 -1  4  1 -3 -2  1    0   0   0   0   0   0   0   0   0   0   0   0   0   0   0  75   0   0   0  25  0.30 0.03
    7 A    2 -2 -1  2 -1 -1  0 -1 -2 -1  1 -1  0 -2 -1  0 -1 -3 -2  0   50   0   0  26   0   0   0   0   0   0  25   0   0   0   0   0   0   0   0   0  0.19 0.02
    8 E    1 -1 -1  1 -3  1  5 -2 -1 -3 -3  0 -2 -3 -1  0 -1 -3 -2 -2   24   0   0   0   0   0  76   0   0   0   0   0   0   0   0   0   0   0   0   0  0.54 0.03
    9 S    2 -1  0 -1 -1  0  0  0 -1 -2 -2  0 -1 -3 -1  4  1 -3 -2 -1   24   0   0   0   0   0   0   0   0   0   0   0   0   0   0  76   0   0   0   0  0.42 0.03
   10 D   -2 -2  1  6 -4  0  1 -2 -1 -3 -4 -1 -3 -4 -2  0 -1 -4 -3 -3    0   0   0 100   0   0   0   0   0   0   0   0   0   0   0   0   0   0   0   0  1.03 0.04
   11 A    3 -2  0  2 -2 -1  0  3 -2 -2 -2 -1 -2 -3 -1  0 -1 -3 -2 -1   50   0   0  25   0   0   0  26   0   0   0   0   0   0   0   0   0   0   0   0  0.36 0.02
   12 G    2 -2 -1 -1 -1 -1 -1  4 -2  0 -1 -1 -1 -2 -1  0 -1 -2 -2  1   23   1   1   1   0   1   1  41   0   1   2   1   0   1   1   1   1   0   1  20  0.26 0.01
   13 A    3 -1 -1 -1 -1 -1 -1  2 -1 -2 -2 -1 -1 -2 -1  2  0 -2 -2 -1   42   1   1   1   0   1   1  23   0   1   2   1   0   1   1  20   1   0   1   1  0.27 0.01
   14 D    1 -1  0  4 -3  0  2 -1 -1 -3 -3 -1 -2 -3  4  0 -1 -4 -3 -2   18   0   0  41   0   0  19   0   0   0   0   0   0   0  22   0   0   0   0   0  0.57 0.03
   15 Q   -1 -1  0  2 -2  2  0  2 -1 -2 -2  0 -1 -3 -2  0  3 -3 -2 -2    0   0   0  18   0  21   0  22   0   0   0   0   0   0   0   0  39   0   0   0  0.31 0.03
   16 T    3 -1 -1 -1 -1  0  2 -1 -1 -2 -2  0 -1 -3 -1  1  2 -3 -2 -1   60   0   0   0   0   0  19   0   0   0   0   0   0   0   0   0  21   0   0   0  0.31 0.03
   17 G    1  0 -1  0 -2  1  3  2 -1 -3 -3  2 -2 -3 -1  0 -1 -3 -2 -2   22   0   0   0   0   0  37  21   0   0   0  20   0   0   0   0   0   0   0   0  0.33 0.02
   18 P   -1 -2 -2 -2 -2 -1 -1 -2 -2 -2  0 -1 -1 -3  6  1 -1 -3 -3 -2    0   0   0   0   0   0   0   0   0   0  16   0   0   0  65  19   0   0   0   0  1.16 0.05
   19 Q   -1  0  0  2 -2  2  3 -2 -1 -3 -3  0 -2 -3 -1  1  2 -3 -2 -2    0   0   0  17   0  19  29   0   0   0   0   0   0   0   0  16  19   0   0   0  0.39 0.03
   20 V    1 -2 -2 -2 -1 -1  1 -2 -2  1  1 -1  0 -1 -2 -1  0 -3 -2  3   16   0   0   0   0   0  15   0   0   0  19   0   0   0   0   0   0   0   0  50  0.17 0.03
   21 K    0  0  0  2 -2  0  0 -1 -1 -1 -2  1 -1 -2  3  1  0 -2 -2  0    1   1   1  17   0   1   1   1   0   1   2  20   0   1  20  16   1   0   1  15  0.26 0.01
   22 A    1  0  0  3 -2  0  0  1 -1 -2 -2  1 -2 -2 -1  1  0 -2 -2 -2   19   1   1  24   0   1   1  15   0   1   1  18   0   1   1  13   1   0   1   1  0.22 0.01
   23 A    3 -1 -1  1 -1 -1  0  0 -1  0 -1 -1 -1 -2 -1  1  0 -2 -2  0   48   1   1  12   0   1   1   1   0  13   1   1   0   1   1  15   1   0   1   1  0.17 0.02
   24 D    0  0  2  4 -3  0  3 -1 -1 -3 -3  1 -2 -3 -1  0 -1 -4 -2 -2   13   0  18  34   0   0  23   0   0   0   0  11   0   0   0   0   0   0   0   0  0.44 0.03
   25 S    2 -2 -1 -1 -1 -1 -1 -1 -2 -2 -2 -1 -2 -3  4  2  2 -3 -2 -1   25   0   0   0   0   0   0   0   0   0   0   0   0   0  29  18  28   0   0   0  0.54 0.03
   26 A    2 -2 -2  1 -1 -2 -1 -1 -2  1  0 -2  0 -2 -2  0  0 -3 -2  3   41   0   0  11   0   0   0   0   0   0   0   0   0   0   0   0   0   0   0  47  0.21 0.04
   27 E    2  0 -1  0 -2  1  4 -1 -1 -3 -3  2 -2 -3 -1  0 -1 -3 -2 -2   29   0   0   0   0   0  55   0   0   0   0  16   0   0   0   0   0   0   0   0  0.44 0.04
   28 S    2 -1  0 -1 -1 -1 -1 -1 -2 -1  0 -1 -1 -2 -1  3  2 -3 -2 -1   24   0   0   0   0   0   0   0   0   0  16   0   0   0   0  47  12   0   0   0  0.25 0.03
   29 D   -1 -2  0  4 -3 -1  1  3 -2 -3 -4 -1 -3 -4  2  0 -1 -4 -3 -3    0   0   0  47   0   0  11  29   0   0   0   0   0   0  13   0   0   0   0   0  0.61 0.04
   30 A    2  0 -1 -1 -2  0  1 -1 -1 -2 -2  1 -2 -3  3  2  0 -3 -2 -2   30   0   0   0   0   0  12   0   0   0   0  16   0   0  13  29   0   0   0   0  0.33 0.03
   31 G    2 -2 -1  1 -2 -1 -1  3 -2  0 -2 -1 -1 -2 -2  0  1 -3 -2 -1   27   0   0  11   0   0   0  36   0  13   0   0   0   0   0   0  12   0   0   0  0.27 0.02
   32 E    1  0  0  1 -3  3  4 -2  0 -3 -3  0 -2 -3 -1  1  0 -3 -2 -2   12   0   0   0   0  18  54   0   0   0   0   0   0   0   0  16   0   0   0   0  0.48 0.04
   33 L    0 -2 -2 -1 -2  0  2 -3 -2  1  2 -1  1 -1 -2 -1 -1 -2 -2  1   11   0   0   0   0   0  30   0   0   0  43   0   0   0   0   0   0   0   0  16  0.18 0.03
   34 G    2 -2  0  1 -2 -1 -1  3 -2 -2 -2 -1 -2 -3 -2  1  2 -3 -2 -1   25   0   0  11   0   0   0  34   0   0   0   0   0   0   0   0  30   0   0   0  0.35 0.03
   35 E    0 -1  0  4 -3  1  4 -2 -1 -3 -3  0 -2 -3 -1  0 -1 -4 -3 -3   13   0   0  41   0   0  45   0   0   0   0   0   0   0   0   0   0   0   0   0  0.61 0.04
   36 D    1 -2  0  3 -2  0  1 -1 -1 -3 -3 -1 -2 -3  4  1 -1 -4 -3 -2   16   0   0  30   0   0  11   0   0   0   0   0   0   0  31  11   0   0   0   0  0.62 0.03
   37 A    2 -1  0  3 -2  0  1 -1 -1 -2 -3 -1 -2 -3 -1  2  0 -3 -2 -2   36   0   0  30   0   0  11   0   0   0   0   0   0   0   0  24   0   0   0   0  0.35 0.03
   38 C    2 -2  0  2  4 -1  1 -1 -2 -2 -2 -1 -2 -3 -1  1  2 -3 -2 -1   23   0   0  16  18   0  11   0   0   0   0   0   0   0   0  13  18   0   0   0  0.27 0.03
   39 P    1  1 -1  1 -2 -1 -1  2 -2 -3 -3 -1 -2 -3  5  1 -1 -3 -3 -2   15  10   0   9   0   0   0  16   0   0   0   0   0   0  39  11   0   0   0   0  0.64 0.03
   40 E    1 -1  0  3 -2  1  3 -1 -1 -3 -3  0 -2 -3 -1  2  0 -3 -2 -2   10   0   0  26   0   0  38   0   0   0   0   0   0   0   0  26   0   0   0   0  0.46 0.04
   41 Q    0  1  0  1 -2  2  2 -1 -1 -1  0  0 -1 -2 -1  0  1 -2 -2 -1   13  11   1  11   0  18  17   1   0   1  11   1   0   1   1   1  12   0   0   1  0.16 0.01
   42 A    3  1 -1 -1 -1  0 -1  0 -1 -1 -2  1 -1 -2 -1  1  1 -2 -2 -1   54  11   1   1   0   1   1   1   0   1   1  12   0   1   1   1  12   0   0   1  0.23 0.03
   43 L    0 -1 -1  1 -1 -1 -1  1 -1  0  1 -1  0 -1  2  0 -1 -1 -1  0   12   2   1  11   1   1   2  12   1   2  31   2   1   1  13   2   2   0   1   2  0.10 0.01
   44 V    1 -1 -1 -1 -1 -1  0  1 -2  0  0 -1  0 -2  2  0  1 -2 -2  1   12   1   1   1   0   1  10  17   0   1  11   1   0   1  11   1  12   0   0  18  0.12 0.01
   45 E    1 -1  0  2 -2  0  3 -1 -1 -2 -1  0 -1 -2 -1  1  1 -3 -2 -1   11   0   0  16   0   0  32   0   0   0  10   0   0   0   0  19  11   0   0   0  0.27 0.03
   46 R   -1  4  0 -1 -3  1  1  1 -1 -3 -3  2 -2 -3 -2  1 -1 -3 -2 -3    0  48   0   0   0   0   9  11   0   0   0  15   0   0   0  16   0   0   0   0  0.43 0.04
   47 R    0  5 -1 -2 -3  0 -1 -2 -1 -3 -2  1 -2 -3  3  0  1 -3 -2 -2   10  64   0   0   0   0   0   0   0   0   0   0   0   0  16   0  10   0   0   0  0.57 0.05
   48 P    1  2  1 -1 -2  0 -1 -1 -1 -3 -3  1 -2 -3  5  1 -1 -3 -2 -2   16  17  10   0   0   0   0   0   0   0   0   8   0   0  40   8   0   0   0   0  0.67 0.04
   49 S    2  4 -1 -2 -2  0  0 -1 -1 -3 -2  2 -1 -3 -2  1  0 -3 -2 -2   26  48   0   0   0   0   0   0   0   0   0   9   0   0   0  17   0   0   0   0  0.40 0.04
   50 R   -1  4 -1 -2 -3  0 -1  1 -1 -1 -1  1 -1 -2  2 -1 -1 -3 -2 -2    0  57   0   0   0   0   0  16   0   8   9   0   0   0  10   0   0   0   0   0  0.38 0.04
   51 L   -1 -2 -2 -2 -1 -1 -2 -2 -2  1  2 -2  2  1  1  1  0 -2 -1  1    0   0   0   0   0   0   0   0   0   0  33   0  16  10   8  23   0   0   0  10  0.17 0.03
   52 R    1  4 -1 -2 -2  0 -1  1 -1 -3 -2  1 -2 -2 -2  0  0  4 -1 -2   14  50   0   0   0   0   0  16   0   0   0   0   0   0   0   0   9  10   0   0  0.41 0.04
   53 R    1  3 -1 -2 -2  0 -1 -2 -1 -1  0  1  0 -2  1  0  1 -3 -2 -1   14  33   0   0   0   0   0   0   0   0  19  10   0   0   8   0  16   0   0   0  0.21 0.03
   54 G   -1  2 -1 -2 -3 -1 -2  4 -2 -3 -3  0 -2 -2  1 -1  0  4 -2 -3    0  24   0   0   0   0   0  48   0   0   0   0   0   0   8   0   9  10   0   0  0.52 0.04
   55 W    0 -2 -3 -3 -2 -2 -2 -3 -3  2  0  0  0  0 -3 -2 -1  8  0  1    9   0   0   0   0   0   0   0   0  25   0   8   0   0   0   0   0  42   0  16  0.80 0.06
   56 L    2  1 -2 -2 -1 -1 -2  1 -2  0  2 -1  0 -1 -2  0 -1 -2 -2  0   35  16   0   0   0   0   0  10   0   0  40   0   0   0   0   0   0   0   0   0  0.15 0.03
   57 V    2  1 -2 -3 -1 -1 -2 -2 -2  1  1 -1  0 -1 -2 -1 -1 -3 -2  2   30  15   0   0   0   0   0   0   0   9  22   0   0   0   0   0   0   0   0  24  0.14 0.02
   58 G    1 -2 -1 -2 -2 -2 -2  4 -2  0 -1 -2 -1 -2 -2  0  0 -3 -2  1   15   0   0   0   0   0   0  48   0   0   0   0   0   0   0   0   7   0   0  30  0.37 0.04
   59 I    3 -2 -2 -3 -1 -2 -2 -1 -3  2  0 -2  0 -1 -2  0  0 -3 -2  3   44   0   0   0   0   0   0   0   0  17   0   0   0   0   0   0   0   0   0  39  0.26 0.04
   60 A    3  1 -1 -2 -1 -1 -1 -1 -2 -1 -1 -1 -1 -2 -1  1  2 -3 -2  0   46   9   0   0   0   0   0   0   0   0   8   0   0   0   0   8  30   0   0   0  0.25 0.04
   61 A    2 -2 -2 -2 -1 -1 -2 -1 -2  1  1 -1  0 -1 -2  1  0 -3 -2  2   41   0   0   0   0   0   0   0   0   0  22   0   0   0   0  14   0   0   0  24  0.18 0.03
   62 T    1 -2 -2 -2 -1 -1 -2 -2 -2  1  1 -2  0 -1 -2  0  2 -3 -2  2   24   0   0   0   0   0   0   0   0   8  15   0   0   0   0   0  31   0   0  23  0.19 0.03
   63 L    2 -2 -3 -3 -1 -2 -2 -2 -3  2  2 -2  1 -1 -2 -1 -1 -2 -2  2   31   0   0   0   0   0   0   0   0  23  32   0   0   0   0   0   0   0   0  15  0.22 0.03
   64 L    0 -3 -3 -3 -1 -2 -3 -3 -3  2  3 -2  1  0 -3 -2 -1 -2 -1  2    8   0   0   0   0   0   0   0   0  18  46   0   0   0   0   0   0   0   0  29  0.32 0.03
   65 A    3 -2 -2 -2 -1 -1 -2  0 -2  0 -1 -1  0  2 -1  0  0 -2  0  1   46   0   0   0   0   0   1   8   0   0   1   1   0  15   0   1   1   0   0  24  0.16 0.03
   66 L    1 -2 -2 -2 -1 -1 -2 -2 -2  1  2 -2  1 -1 -2  0  1 -2 -1  1   25   0   0   0   0   0   1   1   0  15  39   1   0   0   0   1  14   0   0   1  0.15 0.02
   67 A    3 -2 -2 -3 -1 -2 -2 -1 -3  2  1 -2  0 -1 -2  0  0 -3 -2  2   45   0   0   0   0   0   0   0   0  16  16   0   0   0   0   0   0   0   0  22  0.21 0.03
   68 G    2 -2 -2 -2  3 -2 -2  3 -2 -1  1 -2  0 -2 -2  0 -1 -2 -2 -1   29   0   0   0   9   0   0  33   0   0  29   0   0   0   0   0   0   0   0   0  0.27 0.03
   69 G    1 -2 -2 -2 -1 -2 -2  1 -2  1  2 -2  1 -1 -2 -1 -1 -2 -1  1   15   0   0   0   0   0   0  17   0   0  47   0   0   0   0   1   0   0   0  14  0.17 0.02
   70 L    0 -2 -3 -3 -1 -2 -2 -3 -3  1  4 -2  1  0 -2 -2 -1 -2 -1  0   15   0   0   0   0   0   0   1   0   0  79   0   0   0   0   1   0   0   0   0  0.35 0.04
   71 G    2 -2 -1 -2 -2 -1 -2  4 -2 -2 -1 -1 -1 -2 -2  0  0 -2 -2 -1   22   0   0   0   0   0   0  53   0   0   9   0   0   0   0   1   9   0   0   0  0.44 0.03
   72 A    3 -2 -1 -2 -1 -1 -1  2 -2  0 -1 -1 -1 -2 -1  0  1 -2 -2  1   47   0   0   0   0   0   0  15   0   0   1   0   0   0   0   1  16   0   0  16  0.22 0.03
   73 A    2 -1  0 -1 -1 -1 -1 -1 -2 -1 -2 -1 -1 -2 -1  3  2 -3 -2  1   26   0   0   0   0   0   0   0   0   0   0   0   0   0   0  45  15   0   0  14  0.29 0.04
   74 G    1 -2 -1 -1 -2 -1 -2  4 -2 -1 -2 -1 -2 -3 -2  2  0 -3 -2  0   15   0   0   0   0   0   0  47   0   0   0   0   0   0   0  23   0   0   0  15  0.41 0.03
   75 Y   -2 -2 -3 -3 -2 -2 -3  0  0 -1  0 -2 -1  2 -3 -2 -2  6  6  0    0   0   0   0   0   0   0   9   0   0   9   0   0   0   0   0   0  15  53  14  0.62 0.06
   76 F    0 -2 -3 -3 -2 -2 -3 -3 -1  0  1 -2  4  5 -3 -2 -1  0  2  0   14   0   0   0   0   0   0   0   0   0   0   0  36  43   0   0   0   0   7   0  0.42 0.06
   77 A    2  0 -1 -1 -1 -1 -1 -1 -1  0  0 -1  2 -1 -1  1  0 -2 -1  1   42   7   1   1   0   1   1   1   0   1   2   1  14   1   1  11   1   0   1  12  0.13 0.02
   78 L   -1 -3 -3 -4 -1 -2 -3 -4 -3  2  3 -3  2  0 -3 -2 -1 -2 -1  3    0   0   0   0   0   0   0   0   0   6  40   0   8   0   0   0   0   0   0  47  0.38 0.04
   79 R   -1  3  0 -2 -2 -1 -1 -2 -1  0  1  0  0  0 -2 -1 -1  5  1  1    1  28   7   1   0   1   1   1   0   1  15   1   0   1   1   1   1  13   8  17  0.21 0.02
   80 S    0 -1  0 -1 -2  1  1 -2  2 -2 -2  0 -1 -1 -2  2  1  5  1 -2    0   0   0   0   0  11  12   0   8   0   0   6   0   0   0  27  16  14   7   0  0.33 0.04
   81 H    0 -1 -1 -2 -3 -1 -1 -2  7 -2 -2 -1 -1  2 -3 -1 -2 -2  1  0   10   0   0   0   0   0   0   0  66   0   0   0   0  14   0   0   0   0   0  10  0.65 0.08
   82 Q   -1  4 -1 -1 -3  3  1  1 -1 -3 -3  2 -2 -3 -2 -1 -1 -3 -2 -3    0  45   0   0   0  24  10  14   0   0   0   8   0   0   0   0   0   0   0   0  0.49 0.05
   83 E   -2 -1  0  5 -4  2  3  0 -1 -3 -3  0 -3 -4 -2  0 -1 -4 -3 -3    0   0   0  53   0  15  27   6   0   0   0   0   0   0   0   0   0   0   0   0  0.67 0.05
   84 S    2  1 -1 -2 -1  1 -1 -1 -1  0 -1  0  1 -2 -2  1  0 -3 -2  0   35  10   0   0   0  14   0   0   0  10   0   0   8   0   0  17   0   0   0   7  0.15 0.03
   85 Q    1 -1  0  2 -2  3  2 -2 -1 -2 -2  0 -1 -3 -1  0  1 -3 -2 -1   14   0   0  20   0  24  19   0   0   0   0   0   0   0   0   0  17   0   0   6  0.30 0.03
   86 S    1  2  1  1 -2  2  0 -1 -1 -3 -2  1 -1 -3 -1  2  0 -3 -2 -2   17  17   6   8   0  16   0   0   0   0   0   6   0   0   0  30   0   0   0   0  0.28 0.03
   87 I   -1  1 -1  1 -3  2  2 -3  1  1  1  0  0 -1 -2 -1 -1 -3 -1  0    0  10   0   8   0  17  21   0   6  17  22   0   0   0   0   0   0   0   0   0  0.15 0.03
   88 A    1  4 -1 -2 -2  1  0 -2  3 -3 -2  2 -1 -3 -2  0 -1 -3 -1 -2   27  45   0   0   0   8   0   0  14   0   0   7   0   0   0   0   0   0   0   0  0.40 0.05
   89 R   -1  4  0  1 -3  3  2 -2  0 -3 -2  1 -1 -3 -2 -1 -1 -2 -2 -2    1  39   0   7   0  26  21   1   0   1   1   1   0   0   1   1   1   0   0   1  0.47 0.04
   90 E   -1  4  0  0 -3  2  3 -2  2 -3 -2  1 -1 -3 -2 -1 -1 -2 -1 -2    1  42   0   1   0  12  31   1   6   1   1   1   0   0   1   1   1   0   0   1  0.47 0.04
   91 D    1  1  2  2 -1  0  0 -1 -1  0 -1  0 -1 -2 -1  0  0 -2 -1  1   23  11  13  18   0   1   2   2   1   1   2   1   1   1   1   2   1   0   1  18  0.10 0.01
   92 L    4 -2 -2 -2 -1 -1 -1 -1 -2 -1  1 -1  0 -2 -1  1  1 -3 -2  0   73   0   0   0   0   0   0   0   0   0  17   0   0   0   0   0  10   0   0   0  0.34 0.06
   93 A    2 -1 -1  1 -3  1  5 -2 -1 -3 -3  0 -2 -3 -1  0 -1 -3 -2 -2   30   0   0   0   0   0  70   0   0   0   0   0   0   0   0   0   0   0   0   0  0.58 0.07
   94 A    2 -2 -3 -3 -2 -2 -2 -2  0 -1 -1 -2 -1  5 -3 -1 -1  1  5 -1   30   0   0   0   0   0   0   0   0   0   0   0   0  38   0   0   0   0  32   0  0.49 0.06
   95 I    2 -2 -3 -3 -1 -2 -2 -2 -3  2  1 -2  0 -1 -2  0 -1 -3 -2  2   43   0   0   0   0   0   0   0   0  27  14   0   0   0   0   0   0   0   0  16  0.22 0.04
   96 E    3 -1 -1  0 -2  3  3 -1 -1 -2 -2  0 -1 -3 -1  0 -1 -3 -2 -1   50   0   0   0   0  20  30   0   0   0   0   0   0   0   0   0   0   0   0   0  0.39 0.05
   97 A    4 -2 -1 -2 -1 -1 -1  0 -2 -2 -2 -1 -1 -3 -1  1  2 -3 -2  0   76   0   0   0   0   0   0   0   0   0   0   0   0   0   0   0  24   0   0   0  0.45 0.06
   98 A    5 -2 -2 -2 -1 -1 -1  0 -2 -2 -2 -1 -1 -3 -1  1  0 -3 -2 -1  100   0   0   0   0   0   0   0   0   0   0   0   0   0   0   0   0   0   0   0  0.61 0.08
   99 K   -2  6 -1 -2 -4  1  0 -3 -1 -3 -3  3 -2 -3 -2 -1 -1 -3 -2 -3    0  83   0   0   0   0   0   0   0   0   0  17   0   0   0   0   0   0   0   0  0.87 0.08
  100 D   -1  0  0  2 -3  5  1 -2  0 -3 -3  0 -1 -3 -2  0  1 -3 -2 -2    0   0   0  17   0  70   0   0   0   0   0   0   0   0   0   0  14   0   0   0  0.62 0.08
  101 C    2 -2 -1 -2  4 -2 -2  3 -2 -2 -2 -1 -2 -3 -2  1  1 -3 -3 -2   24   0   0   0  17   0   0  38   0   0   0   0   0   0   0  12  10   0   0   0  0.43 0.04
  102 V   -1 -3 -3 -3 -1 -3 -3  1 -3  3  0 -3  0 -1 -3 -2 -1 -3 -2  4    0   0   0   0   0   0   0  14   0  17   0   0   0   0   0   0   0   0   0  69  0.35 0.05
  103 A    2 -2 -3 -3 -1 -2 -2 -2 -3  2  2 -2  1 -1 -2 -1  0 -3 -2  3   30   0   0   0   0   0   0   0   0  11  20   0   0   0   0   0   0   0   0  39  0.23 0.03
  104 A    1 -1  2 -1 -1 -1 -1 -1 -1 -1 -1 -1 -1 -2 -2  1  3 -3 -2  1   17   0  20   0   0   0   0   0   0   0   0   0   0   0   0   7  43   0   0  14  0.27 0.04
  105 T   -1 -2 -3 -3 -2 -2 -3 -4 -3  1  4 -2  1  0 -3 -2  1 -2 -1  0    0   0   0   0   0   0   0   0   0   0  83   0   0   0   0   0  17   0   0   0  0.45 0.06
  106 Q   -1 -1 -1 -2 -2  2 -1 -2 -2 -1  0 -1  4 -2 -2  0  4 -2 -2  0    0   0   0   0   0  17   0   0   0   0   0   0  27   0   0   0  57   0   0   0  0.37 0.07
  107 A    2 -1  0 -1 -1 -1 -1 -1 -1 -2 -2 -1 -2 -3 -1  4  2 -3 -2 -1   17   0   0   0   0   0   0   0   0   0   0   0   0   0   0  63  20   0   0   0  0.45 0.06
  108 P   -2 -3 -3 -3 -2 -2 -3 -4 -3  3  3 -2  1  0  3 -2 -1 -2 -2  1    0   0   0   0   0   0   0   0   0  34  50   0   0   0  17   0   0   0   0   0  0.42 0.04
  109 D   -2  1  1  6 -4  0  1 -2  2 -4 -4 -1 -3 -4 -2 -1 -1 -4 -2 -4    0  10   0  80   0   0   0   0  10   0   0   0   0   0   0   0   0   0   0   0  0.87 0.07
  110 A    2 -2 -2 -2 -2  1 -1 -2  2 -1 -1 -1 -1  4 -2 -1 -1 -1  1 -1   37   0   0   0   0  14   0   0   8   0   0   0   0  42   0   0   0   0   0   0  0.29 0.05
  111 G    1 -1  3  2 -2  1  0  2 -1 -3 -3 -1 -2 -3 -2  0  1 -3 -2 -2   14   0  25  20   0  11   0  17   0   0   0   0   0   0   0   0  14   0   0   0  0.32 0.03
  112 A    1  1  2  1 -2  0  0 -1  2 -2 -2  1 -2 -3 -1  1  2 -3 -2 -1   17   7  12  11   0   0   0   0   8   0   0  12   0   0   0  10  24   0   0   0  0.22 0.02
  113 M    4 -2 -2 -2 -1 -1 -1  0 -2 -1 -1 -1  2 -2 -1  0  0 -3 -2  0   83   0   0   0   0   0   0   0   0   0   0   0  17   0   0   0   0   0   0   0  0.45 0.07
  114 S   -1  2  0  0 -3  1  3 -2 -1 -3 -3  3 -2 -3 -1  1 -1 -3 -2 -3    0  10   0   0   0   0  33   0   0   0   0  40   0   0   0  17   0   0   0   0  0.45 0.05
  115 A    1  0 -1  0 -3  4  4 -2  0 -3 -3  1 -1 -3 -1  0 -1 -3 -2 -2   17   0   0   0   0  37  47   0   0   0   0   0   0   0   0   0   0   0   0   0  0.56 0.06
  116 S   -1 -2  1  5 -3 -1  0  2 -2 -3 -4 -1 -3 -4 -2  1 -1 -4 -3 -3    0   0   0  60   0   0   0  23   0   0   0   0   0   0   0  17   0   0   0   0  0.66 0.06
  117 M   -1 -3 -3 -3 -1 -2 -3 -4 -3  4  1 -3  3 -1 -3 -2 -1 -3 -2  3    0   0   0   0   0   0   0   0   0  45   0   0  17   0   0   0   0   0   0  39  0.41 0.05
  118 Q   -1  0  0  3 -3  5  1  1  0 -3 -3  0 -1 -4 -2 -1 -1 -3 -2 -3    0   0   0  20   0  69   0  11   0   0   0   0   0   0   0   0   0   0   0   0  0.63 0.08
  119 K   -2  5 -1 -2 -4  1  0 -2 -1 -3 -3  3 -2 -3 -2 -1 -1 -3 -2 -3    0  70   0   0   0   0   0   0   0   0   0  30   0   0   0   0   0   0   0   0  0.78 0.07
  120 I   -2 -3 -4 -4 -2 -3 -3 -4 -4  5  1 -3  1 -1 -3 -3 -1 -3 -2  3    0   0   0   0   0   0   0   0   0  86   0   0   0   0   0   0   0   0   0  14  0.56 0.07
  121 I   -1 -3 -4 -4 -1 -3 -3 -4 -3  3  3 -3  1  0 -3 -3 -1 -2 -1  2    0   0   0   0   0   0   0   0   0  43  43   0   0   0   0   0   0   0   0  14  0.42 0.04
  122 E   -1 -1  1  5 -3  0  3 -2 -1 -3 -3 -1 -3 -3 -2  1  1 -4 -3 -3    0   0   0  57   0   0  23   0   0   0   0   0   0   0   0  10  10   0   0   0  0.65 0.05
  123 C   -1 -2  4 -1  4 -1 -2 -2 -1  0  0 -1  2 -2 -3 -1 -1 -3 -2  1    0   0  42   0  17   0   0   0   0   0  10   0  18   0   0   0   0   0   0  14  0.29 0.05
  124 G    2 -1  0 -1 -1 -1 -1  2 -1 -3 -3 -1 -2 -3 -1  4  1 -3 -2 -2   20   0   0   0   0   0   0  17   0   0   0   0   0   0   0  63   0   0   0   0  0.44 0.06
  125 T    0 -1  0 -1 -1 -1 -1 -2 -2 -1 -2 -1 -1 -3 -1  2  5 -3 -2 -1    0   0   0   0   0   0   0   0   0   0   0   0   0   0   0  20  80   0   0   0  0.59 0.08
  126 G    0 -3 -1 -2 -3 -2 -3  6 -2 -4 -4 -2 -3 -4 -3 -1 -2 -3 -4 -4    0   0   0   0   0   0   0 100   0   0   0   0   0   0   0   0   0   0   0   0  1.25 0.08
  127 D   -1  0  0  3 -3  4  2 -2 -1 -3 -3  0 -2 -3 -1  1  0 -3 -2 -2    0   0   0  24   0  36  17   0   0   0   0   0   0   0   0  17   6   0   0   0  0.46 0.05
  128 F   -3 -3 -4 -4 -3 -4 -4 -4 -2 -1  0 -4  0  7 -4 -3 -3  0  3 -1    0   0   0   0   0   0   0   0   0   0   0   0   0 100   0   0   0   0   0   0  1.11 0.10
  129 G   -1  3 -1 -1 -3  0  0  3 -1 -3 -3  4 -2 -3 -2 -1 -1 -3 -2 -3    0  21   0   0   0   0   0  30   0   0   0  49   0   0   0   0   0   0   0   0  0.49 0.05
  130 A    1 -2  0  5 -2  0  1 -1 -2 -2 -3 -1 -2 -3 -1  0  1 -4 -3 -2   24   0   0  53   0   0   7   0   0   0   0   0   0   0   0   0  16   0   0   0  0.49 0.05
  131 Q   -1 -1  0  4 -3  2  3 -2 -1 -2  0  0 -1 -3 -2 -1 -1 -3 -2 -2    0   0   0  32   0  17  38   0   0   0  14   0   0   0   0   0   0   0   0   0  0.47 0.05
  132 A    0 -3 -3 -3 -2 -3 -3 -3 -2  0  1 -3  1  6 -3 -2 -2  0  2 -1   17   0   0   0   0   0   0   0   0   0  11   0   6  67   0   0   0   0   0   0  0.54 0.06
  133 S    0  1  1  2 -2  0  2 -2 -1 -1 -1  0 -1 -2 -2  1  0 -3 -2 -1    6  14  10  10   0   0  27   0   0   0  11   0   0   0   0  17   0   0   0   6  0.19 0.02
  134 L    1  0 -1 -1 -2  0 -1  2 -2 -2  0  2 -1 -2 -2  2  0 -3 -2 -1    8   0   0   0   0   0   0  20   0   0  17  23   0   0   0  33   0   0   0   0  0.19 0.03
  135 Y    0  2  2 -1 -2  1  0 -2  0 -1 -1  0  0 -1 -2  1  1 -1  2 -1    7  20  14   0   0  12   0   0   0   0   0   0   6   0   0  11   8   0  17   6  0.16 0.03
  136 T    3 -2 -1 -2 -1 -1 -1 -1 -2  0 -1 -1 -1 -2 -1  1  3 -3 -2  1   39   0   0   0   0   0   0   0   0   0   0   0   0   0   0  11  30   0   0  20  0.27 0.04
  137 S    1 -1  0  4 -3  2  2 -1 -1 -3 -3  0 -2 -3 -1  1 -1 -3 -2 -2   12   0   0  43   0  14  15   0   0   0   0   0   0   0   0  17   0   0   0   0  0.48 0.04
  138 M    0 -2  0  4 -3 -1  1 -2 -2 -2 -2 -1  2 -3  3 -1 -1 -3 -3 -2   14   0   0  44   0   0   6   0   0   0   0   0  17   0  20   0   0   0   0   0  0.48 0.05
  139 L   -2 -3 -3 -4 -3 -3 -3 -4 -1  0  1 -3  0  6 -4 -3 -2  1  4 -1    0   0   0   0   0   0   0   0   0   0  17   0   0  70   0   0   0   0  14   0  0.75 0.07
  140 V    1 -2 -2 -3 -1 -2 -2 -2 -3  2  1 -2  0 -1 -2 -1  1 -3 -2  3   15   0   0   0   0   0   0   0   0  17  10   0   0   0   0   0  16   0   0  42  0.23 0.03
  141 E   -1  1  0  0 -3  2  3  1 -1 -3 -3  3 -2 -3 -1  1  0 -3 -2 -2    0   0   0   0   0  11  27  14   0   0   0  32   0   0   0  10   7   0   0   0  0.34 0.03
  142 A    1 -3 -3 -3 -1 -2 -3 -3 -3  2  0 -2  0 -1 -2 -1  0 -3 -2  4   17   0   0   0   0   0   0   0   0  10   0   0   0   0   0   0   0   0   0  73  0.37 0.06
  143 Y    2 -2 -3 -3 -1 -2 -2 -2 -2  1  0 -2  0  0 -2 -1 -1 -1  3  3   27   0   0   0   0   0   0   0   0   0   0   0   0   0   0   0   0   0  17  57  0.27 0.05
  144 Q   -1  2  0  0 -3  5  3 -2  0 -3 -3  2 -1 -3 -2  0 -1 -3 -2 -3    0  14   0   0   0  49  20   0   0   0   0  17   0   0   0   0   0   0   0   0  0.59 0.06
  145 A    1  0  0  2 -3  4  3 -2  0 -3 -3  0 -1 -3 -1  0 -1 -3 -2 -2   17   0   0  12   0  51  21   0   0   0   0   0   0   0   0   0   0   0   0   0  0.50 0.06
  146 A    3 -2 -1 -1 -1 -1 -1  2 -2 -2 -2 -1 -2 -3 -1  2  0 -3 -2 -1   55   0   0   0   0   0   0  14   0   0   0   0   0   0   0  31   0   0   0   0  0.41 0.05
  147 S    1  1  0 -1 -2  2  0 -1 -1 -3 -3  4 -1 -3 -1  1  0 -3 -2 -2   14   0   0   0   0  11   0   0   0   0   0  59   0   0   0  17   0   0   0   0  0.40 0.05
  148 V   -1 -3 -3 -4 -1 -3 -3 -4 -4  2  0 -3  0 -1 -3 -2  0 -3 -2  5    0   0   0   0   0   0   0   0   0   0   0   0   0   0   0   0   0   0   0 100  0.57 0.08
  149 H   -1 -2 -1 -2 -2 -1  0 -2  3  2  0 -1  0 -1 -2  1  1 -3 -1  2    0   0   0   0   0   0  10   0  17  13   0   0   0   0   0  14   8   0   0  39  0.15 0.03
  150 V    0 -1  0 -1 -1  0  1 -1 -1 -1 -2 -1 -1 -2 -1  3  3 -3 -2  1    0   0   0   0   0   0  17   0   0   0   0   0   0   0   0  40  27   0   0  17  0.27 0.04
  151 Q   -1  0  2  1 -3  4  2 -2  0 -3 -2  0 -1 -3 -2  0  2 -3 -2 -2    0   0  10   7   0  40  20   0   0   0   0   0   0   0   0   0  24   0   0   0  0.43 0.05
  152 V    1 -3 -1 -2 -2 -2 -2  4 -3  0 -1 -2 -1 -2 -2 -1 -1 -3 -2  2    8   0   0   0   0   0   0  57   0   0   0   0   0   0   0   0   0   0   0  36  0.49 0.05
  153 T    0  0  0  0 -2  1  2 -2 -1 -2 -2  1 -1 -3 -1  2  3 -3 -2 -1    0   0   0   0   0   8  20   0   0   0   0  14   0   0   0  19  40   0   0   0  0.34 0.04
  154 D   -1 -3 -2  1 -1 -2 -2 -3 -3  3  0 -2  0 -1 -3 -2 -1 -3 -2  4    0   0   0  17   0   0   0   0   0  20   0   0   0   0   0   0   0   0   0  63  0.32 0.05
  155 M   -1 -1  3  0 -2  3  1 -2 -1  0 -1  0  2 -2 -2 -1 -1 -3 -2  1    0   0  27   0   0  23  14   0   0   0   0   0  17   0   0   0   0   0   0  20  0.22 0.04
  156 R    2  2 -1  0 -2  1  3 -1 -1 -2 -2  0 -2 -3 -1  1  0 -3 -2 -2   38  17   0   0   0   0  34   0   0   0   0   0   0   0   0  12   0   0   0   0  0.33 0.04
  157 A    3 -2 -1 -2 -1 -1 -1 -1 -2  0 -1 -1 -1 -2 -1  1  2 -3 -2  1   57   0   0   0   0   0   0   0   0   0   0   0   0   0   0   0  27   0   0  17  0.31 0.05
  158 A    4 -2 -2 -2 -1 -1 -1  2 -2 -2 -2 -1 -1 -3 -1  1 -1 -3 -2 -1   86   0   0   0   0   0   0  14   0   0   0   0   0   0   0   0   0   0   0   0  0.52 0.07
  159 V   -1 -3 -3 -4 -1 -3 -3 -4 -3  2  2 -3  1 -1 -3 -2 -1 -3 -1  4    0   0   0   0   0   0   0   0   0   0  34   0   0   0   0   0   0   0   0  66  0.42 0.06
  160 E   -1  0  0  4 -4  3  4 -2 -1 -3 -3  0 -2 -4 -2  0 -1 -3 -2 -3    0   0   0  31   0  21  49   0   0   0   0   0   0   0   0   0   0   0   0   0  0.69 0.06
  161 R    0  3  0 -1 -2  0  0 -1 -1 -2 -2  1 -1 -2 -1  3  1 -3 -2 -1    1  34   0   1   0   0   1   1   0   1   1   1   0   0   1  45   7   0   0   7  0.30 0.04
  162 N   -1 -1  3  2 -2 -1 -1 -2 -1  0  0 -1  4 -2 -2  0  0 -3 -2  1    0   0  27  16   0   0   0   0   0   0   0   0  33   0   0  10   0   0   0  14  0.22 0.05
  163 N    0 -1  2  3 -2 -1  0 -1 -1 -2 -3 -1 -2 -3 -1  2  3 -3 -2 -2    0   0  17  24   0   0   0   0   0   0   0   0   0   0   0  27  33   0   0   0  0.40 0.04
  164 N   -1 -1  2  4 -3  0  1  2 -1 -3 -3  0 -2 -3 -2  0  1 -3 -3 -2    0   0  17  34   0   0   7  20   0   0   0   6   0   0   0   0  17   0   0   0  0.40 0.03
  165 D   -2 -2  1  7 -4 -1  1 -2 -2 -4 -4 -1 -4 -4 -2 -1 -2 -5 -4 -4    0   0   0 100   0   0   0   0   0   0   0   0   0   0   0   0   0   0   0   0  1.21 0.09
  166 G    0 -1  2  2 -2 -1  0  2 -1 -2 -2 -1 -2 -2 -1  1  1 -2 -2 -2    2   1  11  18   0   1   1  24   1   1   2   1   1   1   1  15  15   0   1   1  0.24 0.02
  167 S    3 -1  0 -1 -1 -1 -1  0 -1 -2 -2 -1 -2 -3 -1  4  1 -3 -2 -1   34   0   0   0   0   0   0   0   0   0   0   0   0   0   0  66   0   0   0   0  0.48 0.06
  168 V    3 -1 -2 -2 -1 -1 -1 -1 -2  0 -1 -1  0 -1 -1  0  0 -2 -1  2   51   1   1   1   0   1   1   1   0   1   2   1   0   1   1   1   1   0   1  32  0.20 0.03
  169 D   -1  2  0  2 -2  1  2 -2 -1 -1 -2  2 -1 -2 -1 -1 -1 -3 -2  0    1  11   1  17   0   1  20   1   0   1   1  24   0   1   1   1   1   0   0  18  0.21 0.02
  170 V    1 -3 -3 -3 -1 -2 -3 -3 -3  2  0 -2  0 -1 -2 -1  0 -3 -2  4   14   0   0   0   0   0   0   0   0   0   0   0   0   0   0   0   0   0   0  86  0.43 0.07
  171 L   -2 -3 -4 -4 -2 -3 -3 -4 -3  1  5 -3  2  0 -3 -3 -2 -2 -1  0    0   0   0   0   0   0   0   0   0   0 100   0   0   0   0   0   0   0   0   0  0.63 0.07
  172 V   -1 -3 -3 -4 -1 -3 -3 -4 -4  2  0 -3  0 -1 -3 -2  0 -3 -2  5    0   0   0   0   0   0   0   0   0   0   0   0   0   0   0   0   0   0   0 100  0.57 0.08
  173 A    5 -2 -2 -2 -1 -1 -1  0 -2 -2 -2 -1 -1 -3 -1  1  0 -3 -2 -1  100   0   0   0   0   0   0   0   0   0   0   0   0   0   0   0   0   0   0   0  0.61 0.08
  174 L    3 -2 -1 -2 -1 -1 -1 -1 -2  0  1 -1  0 -2 -1  2  0 -3 -2  1   47   0   0   0   0   0   0   0   0   0  17   0   0   0   0  23   0   0   0  14  0.22 0.04
  175 R    0  2  0 -1 -2  0  0 -2 -1 -2 -2  2 -1 -3 -1  2  3 -3 -2 -1    0  17   0   0   0   0   0   0   0   0   0  20   0   0   0  26  38   0   0   0  0.34 0.04
  176 V    0 -1  0 -1 -1  2  0 -1 -1 -1 -2  0 -1 -3 -1  4  1 -3 -2  1    0   0   0   0   0  20   0   0   0   0   0   0   0   0   0  63   0   0   0  17  0.34 0.06
  177 K   -1  2  0  1 -2  0  2 -2 -1 -2 -2  2 -1 -3 -1  1  3 -3 -2 -2    0  20   0   6   0   0  17   0   0   0   0  17   0   0   0   7  34   0   0   0  0.32 0.04
  178 V   -1 -3 -3 -4 -1 -3 -3 -4 -3  3  1 -3  1 -1 -3 -2 -1 -3 -2  4    0   0   0   0   0   0   0   0   0  15  10   0   0   0   0   0   0   0   0  75  0.45 0.06
  179 S    0  0  0 -1 -2  0  0 -1 -2 -2 -2  2 -1 -3 -1  2  4 -3 -2 -1    0   0   0   0   0   0   0   0   0   0   0  24   0   0   0  24  52   0   0   0  0.40 0.06
  180 N   -2 -1  7  1 -3  0 -1 -1  0 -4 -4 -1 -3 -4 -3  0 -1 -4 -3 -3    0   0 100   0   0   0   0   0   0   0   0   0   0   0   0   0   0   0   0   0  1.05 0.10
  181 T    3 -1 -1 -2 -1 -1 -1 -1 -2 -2 -2  1 -1 -3 -1  1  2 -3 -2 -1   50   0   0   0   0   0   0   0   0   0   0  14   0   0   0   8  29   0   0   0  0.32 0.05
  182 D    1 -2  0  2 -3 -2 -1  5 -2 -4 -4 -2 -3 -3 -2  0 -2 -3 -3 -3   14   0   0  17   0   0   0  70   0   0   0   0   0   0   0   0   0   0   0   0  0.76 0.05
  183 S    3 -1 -1 -2 -1  1 -1 -1 -2 -2 -2 -1 -1 -3  3  2  0 -3 -2 -1   59   0   0   0   0  10   0   0   0   0   0   0   0   0  14  17   0   0   0   0  0.42 0.05
  184 D   -1  1  2  4 -4  1  3 -2 -1 -3 -3  2 -2 -3 -2  0 -1 -4 -3 -3    0   6  13  30   0   0  34   0   0   0   0  17   0   0   0   0   0   0   0   0  0.52 0.04
  185 A    1  0 -1 -1 -3  4  0  2 -1 -3 -3  1 -1 -3  2  0 -1 -3 -2 -2   17   0   0   0   0  39   0  24   0   0   0  11   0   0  10   0   0   0   0   0  0.39 0.04
  186 H   -2 -1  0  4 -4  2  3 -2  4 -3 -3  0 -2 -3  2 -1 -1 -3 -1 -3    0   0   0  38   0  10  26   0  17   0   0   0   0   0  10   0   0   0   0   0  0.57 0.05
  187 E   -1 -1 -2 -1 -3  1  2 -2 -2 -3 -3 -1 -2 -4  6 -1  0 -4 -3 -2    0   0   0   0   0  10  17   0   0   0   0   0   0   0  63   0  10   0   0   0  1.22 0.07
  188 V   -2  6 -1 -2 -3  0 -1 -3 -1 -1 -2  1 -1 -3 -3 -1 -1 -3 -2  0    0  83   0   0   0   0   0   0   0   0   0   0   0   0   0   0   0   0   0  17  0.71 0.08
  189 G   -1 -1  2 -1 -2 -1 -1  1  0 -2 -2  1 -2  0 -2  0  1  0  4 -2    0   0  14   0   0   0   0  17   0   0   0  17   0   0   0   7  12   0  34   0  0.27 0.04
  190 Y   -2 -2 -3 -4 -3 -2 -3 -3  0 -2 -2 -3 -1  3 -4 -2 -2  8  7 -2    0   0   0   0   0   0   0   0   0   0   0   0   0   6   0   0   0  27  67   0  1.26 0.09
  191 R   -2  6 -1 -2 -4  1 -1 -3 -1 -4 -3  2 -2 -3 -3 -1 -2 -3 -2 -3    0 100   0   0   0   0   0   0   0   0   0   0   0   0   0   0   0   0   0   0  1.04 0.10
  192 L   -2 -2 -3 -4 -2 -2 -3 -4 -3  1  4 -3  3  3 -3 -3 -2 -1  0  0    0   0   0   0   0   0   0   0   0   0  66   0  14  20   0   0   0   0   0   0  0.46 0.05
  193 R   -1  3 -1 -2 -2 -1 -1 -2 -1  1  1  0  0  1 -2  1 -1 -2 -1  0    0  37   0   0   0   0   0   0   0  23  14   0   0   7   0  20   0   0   0   0  0.17 0.04
  194 V   -1 -3 -3 -4 -1 -3 -3 -4 -4  3  1 -3  1 -1 -3 -2 -1 -3 -2  4    0   0   0   0   0   0   0   0   0  24   0   0   0   0   0   0   0   0   0  76  0.49 0.06
  195 R    0  2  0 -1 -2 -1 -1  1 -2 -2 -2  0 -1 -3 -2  2  4 -3 -2 -1    0  17   0   0   0   0   0  14   0   0   0   0   0   0   0  19  51   0   0   0  0.35 0.05
  196 M   -1 -2 -3 -3 -1 -2 -3 -3 -3  3  2 -2  4 -1 -3 -2 -1 -2 -1  3    0   0   0   0   0   0   0   0   0  17  12   0  30   0   0   0   0   0   0  41  0.37 0.05
  197 A    2 -1 -1 -1 -1  0  1 -1 -2 -1 -2  1 -1 -3 -1  1  3 -3 -2  0   23   0   0   0   0   0  14   0   0   0   0  14   0   0   0   0  44   0   0   6  0.26 0.04
  198 L   -2  4  1 -1 -3  3  0 -2 -1 -2  0  1 -1 -2 -2 -1 -1 -3 -2 -2    0  52  10   0   0  21   0   0   0   0  17   0   0   0   0   0   0   0   0   0  0.43 0.05
  199 D   -1 -2  1  5 -3  0  2 -1 -1 -3 -4 -1 -3 -4 -2  1 -1 -4 -3 -3    0   0   0  68   0   0  12   0   0   0   0   0   0   0   0  20   0   0   0   0  0.76 0.06
  200 E   -1 -2  0  5 -3  0  2  3 -1 -4 -4 -1 -3 -4 -2 -1 -1 -4 -3 -3    0   0   0  53   0   0  17  31   0   0   0   0   0   0   0   0   0   0   0   0  0.67 0.05
  201 G    1  0  0  3 -2 -1 -1  4 -2 -3 -3 -1 -3 -3 -2  1 -1 -3 -3 -3   10   6   0  24   0   0   0  49   0   0   0   0   0   0   0  10   0   0   0   0  0.52 0.04
  202 R   -1  3 -1 -1 -3  4  1  2  0 -3 -3  1 -1 -3 -2 -1 -1 -3 -2 -3    0  30   0   0   0  50   0  20   0   0   0   0   0   0   0   0   0   0   0   0  0.54 0.06
  203 Y   -2 -2 -3 -4 -2 -2 -3 -4 -2  2  3 -3  2  1 -3 -2 -1  5  3  1    0   0   0   0   0   0   0   0   0  20  40   0  10   0   0   0   0  14  17   0  0.44 0.04
  204 K   -1  1 -1 -1 -3  0  0 -2 -1 -2  0  4 -1 -2 -2  0  2 -3 -2 -1    0   0   0   0   0   0   0   0   0   0  14  66   0   0   0   0  20   0   0   0  0.36 0.06
  205 I    1 -2 -3 -3 -1 -1 -2 -2 -2  2  1 -2  5 -1 -2 -1 -1 -2 -2  2   20   0   0   0   0   0   0   0   0  17   8   0  42   0   0   0   0   0   0  14  0.28 0.05
  206 A    3 -1  0 -1 -1 -1 -1  0 -1 -2 -2 -1 -2 -3 -1  4  1 -3 -2 -1   30   0   0   0   0   0   0   0   0   0   0   0   0   0   0  70   0   0   0   0  0.49 0.07
  207 K   -1  1  2  1 -3  2  1 -2 -1 -3 -3  4 -2 -3 -1  0 -1 -3 -2 -3    0   0  10  10   0  14   0   0   0   0   0  66   0   0   0   0   0   0   0   0  0.51 0.06
  208 L   -1 -3 -3 -4 -1 -3 -3 -4 -3  2  2 -3  1 -1 -3 -2 -1 -3 -2  4    0   0   0   0   0   0   0   0   0   0  17   0   0   0   0   0   0   0   0  83  0.47 0.07
  209 D   -1 -1  0  3 -4  1  5 -2 -1 -4 -3  0 -3 -4 -2 -1 -1 -3 -3 -3    0   0   0  17   0   0  83   0   0   0   0   0   0   0   0   0   0   0   0   0  0.85 0.08
  210 Q   -2 -2 -3 -3 -3  1 -2 -3 -1 -1  0 -2  0  6 -4 -2 -2  0  2 -1    0   0   0   0   0  17   0   0   0   0   0   0   0  83   0   0   0   0   0   0  0.78 0.08
  211 V   -1 -3 -3 -4 -1 -3 -3 -4 -4  2  0 -3  0 -1 -3 -2  0 -3 -2  5    0   0   0   0   0   0   0   0   0   0   0   0   0   0   0   0   0   0   0 100  0.57 0.08
  212 T    0 -1  0 -1 -1 -1 -1 -1 -2 -1 -1 -1 -1 -2 -1  1  4 -2 -2  0    0   0   0   0   0   0   0   0   0   0   0   0   0   0   0   0   0   0   0   0  0.00    0.00
  213 K   -1  2  0 -1 -3  1  1 -1 -1 -3 -2  4 -1 -3 -1  0 -1 -3 -2 -2    0   0   0   0   0   0   0   0   0   0   0   0   0   0   0   0   0   0   0   0  0.00    0.00

                      K         Lambda
Standard Ungapped    0.1260     0.3131
Standard Gapped      0.0410     0.2670
PSI Ungapped         0.1164     0.3170
PSI Gapped           0.0356     0.2670
