
Last position-specific scoring matrix computed, weighted observed percentages rounded down, information per position, and relative weight of gapless real matches to pseudocounts
           A  R  N  D  C  Q  E  G  H  I  L  K  M  F  P  S  T  W  Y  V   A   R   N   D   C   Q   E   G   H   I   L   K   M   F   P   S   T   W   Y   V
    1 M   -2 -3 -4 -4 -3  1 -3 -4 -3  1  2 -3  8 -1 -4 -3 -2 -3 -2  0    0   0   0   0   0   6   0   0   0   6  18   0  70   0   0   0   0   0   0   0  1.06 0.27
    2 V   -2 -3 -3 -4 -3  1 -1 -4 -2  0  0 -3  6  3 -4 -2  1 -1  4  1    0   0   0   0   0   9   3   0   0   3   3   0  30  12   0   0   9   0  21  11  0.57 0.25
    3 P    1  0  0  2 -4  1  4 -3  2 -4 -4  1 -3 -4  1 -1 -1 -4 -3 -3   13   3   2  11   0   6  38   0   7   0   0  11   0   0   5   2   2   0   0   0  0.51 0.20
    4 K    0  1 -1 -2 -3  2  0  1  0 -3 -1  3 -2 -2 -2  1  0 -3 -1 -2    9   8   0   0   0  12   2  10   2   0   9  28   0   2   0   9   6   0   2   0  0.25 0.15
    5 Y    1  3  1 -2 -3  2  0 -3 -1 -2 -1  0 -2  2 -3 -1 -1  2  3 -2   19  20   6   0   0  11   4   0   0   1   6   5   0  11   0   2   2   2  11   0  0.27 0.17
    6 L   -2  0 -4 -4  1 -3 -3 -4 -3  2  3  0  1 -1  0 -3 -1 -3  1  1    1   6   0   0   3   0   0   0   0  12  43   7   3   0   5   0   4   0   7   8  0.38 0.21
    7 V   -1 -3 -3 -4 -2 -2 -2  0 -2  2  2 -3  1  3 -4 -2 -2 -1  3  2    3   0   0   0   0   1   3   8   0  10  18   0   4  14   0   0   1   0  16  23  0.29 0.15
    8 L   -3 -3 -4 -4 -1 -3 -4 -2  0  2  1 -4 -1  4 -4 -2  0  5  4 -1    0   0   0   0   1   0   0   3   2  13  17   0   0  24   0   2   6  10  20   1  0.60 0.22
    9 A    0 -4 -4 -4  1 -3 -4  1 -4  3  3 -3  1  1 -4 -3 -2 -3  0  0    8   0   0   0   3   0   0  12   0  24  40   0   2   6   0   0   0   0   2   3  0.39 0.18
   10 Y   -2  0 -2 -2 -3  0  1 -4  3  2  0  0  3  0 -3 -1 -1 -2  4  0    1   3   0   2   0   3  11   0   8  16   8   7  11   1   0   3   1   0  22   2  0.26 0.17
   11 A    4 -3 -3 -3  5 -3 -3 -1 -3 -2 -2 -3 -2 -4 -3  1  3 -4 -3  0   50   0   0   0  16   0   0   1   0   0   3   0   0   0   0   5  21   0   0   4  0.68 0.28
   12 I   -2  0 -1 -2 -2  0  1 -4 -1  1  2 -2  2 -1 -3 -1  1 -3  0  1    0   6   3   0   0   2  16   0   1   8  29   0   5   0   0   1  10   0   4  13  0.18 0.13
   13 T    0 -3 -1  3 -3 -2 -1 -3 -3 -3 -3 -2 -1 -4 -3  3  5 -4 -3 -2    8   0   0  22   0   0   2   0   0   0   0   0   2   0   0  25  42   0   0   0  0.68 0.29
   14 P   -1 -4 -4 -1 -5 -1 -3  0 -1 -5 -5 -3 -4 -6  8  0 -3 -6 -5 -4    5   0   0   2   0   2   0   6   2   0   0   0   0   0  76   6   0   0   0   0  1.91 0.44
   15 I   -2 -4 -5 -5 -3 -4 -4 -5 -4  4  4 -4  1 -1 -4 -3 -1 -4 -3  3    0   0   0   0   0   0   0   0   0  24  49   0   3   0   0   0   3   0   0  21  0.73 0.26
   16 H   -4  0 -2 -4  1 -2 -3 -5 10 -5 -5 -1 -4 -1 -5 -3 -4 -4  4 -5    0   6   0   0   3   0   0   0  74   0   0   4   0   2   0   0   0   0  12   0  2.00 0.52
   17 V    1 -4 -4 -4  0 -3 -3 -3 -4  4  0 -3  1 -2  2 -1  0 -4 -3  3   17   0   0   0   2   0   0   0   0  32   1   0   4   0  11   1   5   0   0  26  0.46 0.21
   18 G   -2 -4 -3 -3 -5 -4 -4  7 -4 -6 -6 -4 -5 -5 -4 -1 -4 -5 -5 -5    0   0   0   0   0   0   0  95   0   0   0   0   0   0   0   5   0   0   0   0  1.95 0.47
   19 A    2 -2 -1 -2 -2 -2 -2  0 -3 -1 -2 -2 -2 -3 -2  3  4 -4 -3  0   19   0   1   0   0   0   0   6   0   2   1   0   0   0   0  22  39   0   0   7  0.51 0.25
   20 G   -1 -4 -2 -3 -4 -4 -4  7 -4 -5 -5 -3 -4 -5 -4  0 -1 -4 -5 -5    2   0   0   0   0   0   0  86   0   0   0   0   0   0   0   5   5   0   0   0  1.63 0.44
   21 K    0  2 -1  0 -3  3  1  3 -2 -3 -2  0 -2 -3 -2  0  0 -3 -3 -2    9  17   1   4   0  17   8  25   0   0   5   2   0   0   0   3   6   0   0   2  0.30 0.15
   22 S    1 -2  0 -2 -1 -2 -1  3 -2 -3 -3 -2 -2 -2 -2  3  1 -2  3 -3   13   1   3   0   1   0   3  26   0   0   0   0   1   0   1  26   7   0  17   0  0.45 0.23
   23 S    0  1  0  1 -2  1  2  0 -1 -2 -2  0 -1 -3  0  1  1 -3 -2 -1    5   7   4   7   0   5  22   7   0   1   2   2   1   1   4  11  13   0   0   6  0.18 0.10
   24 T   -1 -2 -2  0 -2 -1  2 -2  0  3  2 -2  0  1 -3 -1  0 -3 -1  1    3   0   0   4   0   0  20   2   3  25  21   0   0   5   0   3   6   0   1   6  0.19 0.14
   25 G    0  0 -2 -2 -4 -2 -1  6 -3 -4 -4 -2 -3 -2 -1  0 -1 -4 -4 -4    5   5   0   1   0   0   4  65   0   0   1   1   0   2   2   8   3   0   0   0  0.91 0.29
   26 V    0  3  2 -1 -3 -1 -1  0  0  1 -1 -1 -1 -1 -1  0 -1 -3  0  1   10  21  12   2   0   1   1   8   2  10   6   0   1   3   2   5   3   0   3  11  0.09 0.10
   27 V   -2 -3  0 -4 -2 -2 -3 -4 -4  3  2 -2  0 -2 -4 -2 -1 -4 -3  4    0   0   5   0   0   2   0   0   0  21  17   1   0   0   0   2   2   0   0  47  0.58 0.25
   28 D   -4 -4  2  7 -5 -2  0 -4 -3 -5 -5 -3  1 -5 -4 -2 -3 -6 -5 -3    0   0   7  81   0   0   4   0   0   0   0   0   4   0   0   0   0   0   0   2  1.66 0.48
   29 S   -2 -3  4 -2  0 -2 -2 -1  0 -1  4 -2  1 -2 -4 -1 -1 -4 -3 -2    1   0  25   0   3   1   2   4   2   2  49   2   2   0   0   4   4   0   0   0  0.45 0.26
   30 P   -2 -3 -1 -3 -4 -2 -2 -1 -4  1 -1 -2 -3 -4  6  0  2 -5 -4 -3    1   0   3   0   0   1   1   5   0   9   6   2   0   0  52   5  16   0   0   0  1.07 0.34
   31 L   -1 -4 -4 -4 -3 -4 -4 -5 -4  5  0 -4 -1  2  1 -3 -1 -4 -2  4    4   0   0   0   0   0   0   0   0  47   3   0   0   8   7   0   2   0   0  28  0.72 0.29
   32 V    0  2 -2 -3 -4  6 -1 -4 -2  0 -1 -1  0 -1 -3 -1 -2 -3  0  1    9  10   0   0   0  47   0   0   0   5   3   0   2   3   0   3   1   0   3  14  0.58 0.31
   33 R   -1  7 -2  0 -5 -1  1 -4 -2 -5 -4  2 -3 -2 -4 -2 -1 -5 -4 -4    4  69   0   5   0   0   8   0   0   0   0   8   0   2   0   0   4   0   0   0  1.19 0.41
   34 D   -3 -2 -1  5 -5  1  5 -3  0 -4 -3 -1 -4 -5 -3  0 -2 -5 -4 -3    0   0   1  35   0   3  45   0   2   0   2   2   0   0   0   5   0   0   0   2  0.95 0.34
   35 S    0  1 -2 -2 -3 -1  0 -3  5 -1 -1  0 -2  0  3  0 -2  2 -1 -1   11   9   0   0   0   0   5   0  20   5   7   5   0   4  19   7   0   4   0   2  0.35 0.18
   36 I   -2 -1  0 -1 -3 -2 -2 -2 -3 -1 -1 -2 -1  1 -3  2  5 -4 -3 -1    0   2   4   3   0   0   0   2   0   2   4   0   1   6   0  15  58   0   0   2  0.67 0.31
   37 G   -1  1  4  1 -4  1  0  4  0 -5 -4  0 -3 -4 -3 -1 -2 -4 -3 -4    2   7  32   6   0   9   3  32   2   0   0   5   0   0   0   1   1   0   0   0  0.63 0.23
   38 Y    0 -2 -3 -3 -2 -2 -2 -3  1  1  1 -3  0  4 -3  0  0  4  3  0    7   1   0   0   0   0   1   0   5   9  13   0   2  22   0   8   5   7  13   6  0.32 0.14
   39 P   -3 -4 -4 -4 -5 -4 -3 -1 -4 -5 -5 -3 -5 -6  8 -3 -3 -6 -5 -5    0   0   0   0   0   0   0   4   0   0   0   0   0   0  93   0   0   0   0   0  2.64 0.55
   40 I   -1 -1 -2 -3  0 -1 -1 -3 -1  1  0  2  2  0 -3 -1  0 -2  3  1    2   0   0   0   2   0   2   0   1  13   7  24   7   4   0   5   5   0  15  12  0.18 0.14
   41 V   -2 -4 -4 -4 -3 -4 -4 -4 -4  6  1 -4  1  1 -4 -3  1 -3 -2  2    2   0   0   0   0   0   0   0   0  67   5   0   2   4   0   0   8   0   0   9  0.83 0.29
   42 Y   -1 -2 -3 -1 -4  1  2 -4  0 -4 -3 -2 -3 -2  6 -2 -3  5  2 -4    5   1   0   2   0   7  13   0   2   0   1   0   0   1  50   0   0   9   8   0  1.17 0.33
   43 G    2 -2 -1  1 -4 -3 -3  6 -3 -5 -5 -3 -4 -5 -3  0 -2 -4 -4 -4   20   2   2   8   0   0   0  62   0   0   0   0   0   0   0   6   0   0   0   0  1.01 0.30
   44 S   -1 -2 -1 -2 -3 -1 -2 -1 -3 -4 -4  1 -3 -4 -3  5  3 -4 -3 -3    2   0   0   0   0   2   0   2   0   0   0   8   0   0   0  67  18   0   0   0  0.90 0.36
   45 S    0 -2 -1  0 -1 -2  1  1 -2 -4 -4 -2 -3 -4 -2  5  2 -4 -3 -3    5   0   0   5   1   0  10   9   0   0   0   0   0   0   0  58  10   0   0   0  0.66 0.29
   46 L   -2 -4 -4 -1 -3 -3 -4  0 -4  3  3 -3  1  1 -4 -3 -1 -3 -2  1    0   0   0   5   0   0   0   8   0  25  43   0   2   5   0   0   2   0   0  10  0.45 0.20
   47 K    0  2 -2 -3 -4 -1 -1 -3  1 -4 -4  6 -1 -5 -3 -1 -2 -5 -3 -4   10  11   0   0   0   0   2   0   3   0   0  69   1   0   0   3   1   0   0   0  0.98 0.35
   48 G   -2 -4 -2 -3 -4 -3 -4  7 -4 -5 -5 -3 -4 -4 -4 -2 -3 -4 -4 -4    1   0   0   0   0   0   0  93   0   0   1   0   0   0   0   1   0   0   0   1  1.76 0.40
   49 S    3  1 -2 -2  1 -1 -2 -2 -2  0 -1  0 -1 -2 -1  0  1 -3 -2  2   36  10   1   1   3   1   1   1   0   2   1   4   0   1   2   7   7   0   0  22  0.24 0.14
   50 L    0 -2 -3 -3  0 -2 -3 -3 -1  2  3 -2  1  1 -3 -2 -1  3  0  1   11   1   1   1   2   1   1   1   2  13  42   2   3   5   1   1   1   5   2   7  0.29 0.13
   51 K   -1  7 -2 -2 -4 -1 -1 -3 -2 -3 -2  2 -2 -3 -3 -2 -2 -3 -3 -3    4  70   1   1   0   1   2   1   0   1   3  11   0   1   1   1   1   0   0   1  1.08 0.30
   52 S    2 -1  0  2 -2  0  1 -1  3 -2 -2 -1 -1 -2 -2  2  1 -2  0 -1   21   1   2  14   0   3   9   2   9   1   1   1   2   2   1  18   7   0   3   2  0.20 0.11
   53 F    0  1  0 -1 -3  0  1 -1  2 -2 -1  1 -1  1 -2  0  0 -1  4 -2    9   7   4   3   0   3   9   4   6   2   4  10   2   4   1   5   4   0  22   1  0.17 0.10
   54 L    1 -2 -3 -3  2 -2 -2 -3 -1  0  1 -2  2  3 -3 -1  2  0  1  0   15   1   0   0   6   0   2   0   1   3  18   0   6  16   0   1  21   1   4   4  0.23 0.15
   55 I    0  2 -1 -2 -1  0  1  2 -2 -1 -1  0  0 -1 -2  0  0  1  0 -1   10  17   1   0   1   4  13  16   0   3   8   3   4   1   1   3   5   2   5   2  0.12 0.10
   56 A    0  2  0  0 -3  1  0  0  4 -1 -1  1  0 -2  1 -1 -1 -3  0 -1    8  11   3   5   0   7   5   7  16   3   5   9   2   0   7   3   2   0   3   5  0.16 0.11
   57 K   -1  1  1 -1  5  1  1 -2  0 -2 -1  2  0 -3 -2  1  0  1 -3 -2    3  10   7   3  17   8   7   1   2   2   7  13   3   0   1  10   4   2   0   0  0.25 0.16
   58 N   -1 -2  2  4  0 -1  1  1  1 -2 -1 -1 -3 -2 -2  0  0 -4  0 -1    5   2  12  23   3   1   8  11   4   2   8   4   0   1   1   5   4   0   4   3  0.24 0.22
   59 E   -1  0  2  0  0 -2  3  0  1 -5 -4  3 -4 -2  0  1 -1  1 -4 -2    4   4   9   4   2   0  21   6   4   0   1  20   0   2   4  11   3   2   0   3  0.35 0.32
   60 S    1 -4  4  3  4  0  1 -1 -3 -5 -3  0 -4 -5 -2  1  0 -6 -5 -2   10   0  20  18  10   4   7   4   0   0   2   5   0   0   2  11   4   0   0   3  0.52 0.38
   61 L   -1 -1  0  1  1  0  1 -4 -1  1  1  1 -2 -1  2 -2  0  1  0 -1    3   2   6   7   3   3  10   0   2   9  19  10   0   3  10   2   5   2   3   3  0.13 0.18
   62 A    1 -1 -2 -3  0 -3 -2 -1  1  3  0 -2  0 -1 -2 -3  0  1 -1  2   11   3   2   1   2   0   2   5   4  22   9   3   2   3   2   0   7   2   2  19  0.22 0.22
   63 K   -3  2  1  1  5  0  2 -4 -1 -2 -3  3 -3 -2 -4  0 -1 -5 -1  0    0  10   7   7  13   3  11   0   2   2   3  23   0   2   0   6   4   0   2   6  0.43 0.33
   64 C    2  0 -1 -1  2  2  0  0 -1  0 -1  0 -2 -2 -2  0  0  0  1 -1   20   6   1   3   6  10   4   6   1   7   6   7   0   1   1   4   6   1   6   3  0.09 0.14
   65 V    0 -5 -5 -5 -4 -4 -5 -2 -5  4  2 -4 -2  0 -1 -2  1  1 -2  4    7   0   0   0   0   0   0   3   0  26  17   0   0   3   4   3   7   2   1  27  0.58 0.35
   66 F   -3 -4 -1 -1  4  0 -3 -2 -2 -2 -1 -3 -2  6 -4 -1  0 -1  4 -3    0   0   4   3  10   7   0   4   0   0   5   0   0  45   0   4   6   0  13   0  0.74 0.33
   67 G    0 -3  2 -2 -4 -3 -3  5 -3 -5 -5  1 -4 -5  1  1 -2 -5 -4 -4    6   0  13   0   0   0   0  58   0   0   0   8   0   0   6  10   0   0   0   0  0.93 0.34
   68 G    1 -1  0  1 -3  0 -1  1  0 -1 -2  1 -2  1  2  0 -1 -3  0  0   12   2   4   8   0   2   0  11   3   2   0  12   0   8  13   7   3   0   3   8  0.14 0.09
   69 K   -1  0  2  1 -3  0  2  1 -2 -1 -1  0 -1 -3  1  1  0 -3 -1 -2    3   3  13   9   0   3  13   9   0   3   8   5   2   0   8  11   4   0   2   2  0.16 0.12
   70 P   -1 -1  0  0 -4  1  0 -1  0 -2 -4  2 -3 -4  4  2  1 -4 -3 -2    4   3   5   6   0   6   3   4   2   2   0  14   0   0  26  15   8   0   0   2  0.47 0.25
   71 E   -1 -1  0  3 -4 -1  3  3 -3 -2 -4  1 -4 -4  0 -1 -1 -4 -4 -4    3   2   4  21   0   0  24  20   0   3   1   9   0   0   4   4   2   0   0   0  0.50 0.32
   72 E   -1 -1  1  3 -4  1  3  0 -2 -3 -3  1 -3 -3 -3  2  0 -4  0 -2    3   3   5  15   0   5  22   8   0   0   2   7   0   0   0  17   6   0   4   3  0.32 0.25
   73 E    1 -1  1  2 -1  0  2  2 -2 -1 -2 -1 -2 -3 -1  0  0 -3  0 -2   15   2   7  14   2   2  13  15   0   4   3   3   0   0   2   6   7   0   4   2  0.18 0.17
   74 N   -1 -1  3  2  1  1  1  0  1 -4 -4  0 -3 -2  1  2 -1 -4 -3 -2    2   2  16  11   3   7   9   8   3   0   0   3   0   2   7  19   3   0   0   2  0.31 0.24
   75 I    1 -2  1  2 -3 -1  2  0 -2 -1  0  0  1 -3  0  1  0 -3 -3 -2   11   0   6  12   0   0  15   8   0   4   9   7   5   0   4  10   5   0   0   1  0.14 0.15
   76 L   -2 -1 -1  0  1  2  0 -3  5 -1 -2  0 -1  1 -3 -1  0  5  3 -1    2   1   2   6   4  10   4   1  15   2   3   5   1   7   0   3   6   9  13   5  0.37 0.27
   77 T    4 -3 -2 -1 -3  3  1  0  0 -4 -3 -2 -3 -4  2  2 -1 -4  0 -2   36   0   0   2   0  13   7   6   2   0   2   0   0   0   9  14   2   0   3   2  0.45 0.35
   78 S   -1 -4 -3 -3 -5 -4 -1  6 -4 -6 -6 -4 -5 -5 -4  3 -3 -5 -5 -5    4   0   0   0   0   0   5  65   0   0   0   0   0   0   0  25   0   0   0   0  1.39 0.53
   79 K    2  1 -2  1  3 -1 -1 -2 -3 -1  1  1  2 -1 -1  0 -1 -3 -2  0   21   7   1   9   8   1   2   2   0   1  12   9   8   3   3   5   2   0   0   6  0.12 0.14
   80 Y    0 -4 -4 -5 -3 -4 -4 -3 -4  4  3 -4 -1 -1  0 -3  0 -4 -1  3    9   0   0   0   0   0   0   1   0  25  25   0   0   2   5   0   6   0   2  25  0.54 0.29
   81 V    1 -1  0 -2 -3  1 -1 -1  0 -1 -2  1 -2  0 -3  3 -1  3  0  1   14   2   4   0   0   5   3   2   2   4   2   8   0   4   0  27   1   4   3  15  0.21 0.21
   82 L   -3 -5 -6 -6 -4 -5 -6 -6 -5  3  1 -5  0  7 -6 -5 -4  1 -1  2    2   0   0   0   0   0   0   0   0  20  14   0   2  48   0   0   0   1   0  14  1.17 0.46
   83 T   -1 -3 -2 -3 -3 -2  1  2  1 -3  0 -3 -1  2 -3  3  3 -4 -3 -3    2   0   0   0   0   0   9  15   5   0   8   0   2   9   0  30  19   0   0   0  0.43 0.32
   84 D   -2 -4  0  7 -6 -2  0  0 -4 -6 -6 -4 -6 -5 -2 -3 -2  1  1 -6    3   0   3  70   0   2   5   6   0   0   0   0   0   0   2   0   3   2   5   0  1.48 0.57
   85 L    6 -4 -4 -4  1 -2 -1  0 -4 -3  1 -3 -1 -4 -4 -1 -3 -5 -4 -3   66   0   0   0   2   1   5   6   0   0  15   0   2   0   0   3   0   0   0   0  0.94 0.48
   86 I   -2  4  1 -2 -4  1  0 -3  4 -1 -1  2 -2 -3 -3  0 -1  2  0 -2    0  29   7   0   0   4   4   0  11   4   5  15   0   0   0   9   3   3   4   3  0.43 0.25
   87 P   -3 -4 -5 -5 -3 -4 -4 -5 -5  4  4 -4  1  0  1 -4 -3 -4 -3  1    0   0   0   0   0   0   0   0   0  30  48   0   3   2   7   0   0   0   0   7  0.83 0.35
   88 V   -2 -4 -5 -5 -3 -4 -4 -5 -4  0  5 -4  0  1 -4 -4 -3 -3  0  3    2   0   0   0   0   0   0   0   0   3  64   0   1   4   0   0   0   0   2  21  0.95 0.38
   89 F    2 -4 -4 -4  0 -4 -4 -4 -4 -2  3 -4 -1  4 -4  0 -2  6  0 -1   21   0   0   0   2   0   0   0   0   0  33   0   0  20   0   7   2  11   1   1  0.63 0.32
   90 Y   -4 -5 -5 -6 -4 -5 -5 -6 -3  2  2 -5  0  7 -6 -5 -4  3  4 -1    0   0   0   0   0   0   0   0   0  11  16   0   2  49   0   0   0   3  16   2  1.21 0.40
   91 P   -2 -4 -4 -4 -5 -4 -4 -4 -5 -5 -5 -4 -5 -6  8 -2 -4 -6 -5 -5    2   0   0   0   0   0   0   0   0   0   1   0   0   0  90   3   0   0   0   0  2.62 0.64
   92 V    1 -4 -4 -4 -3 -4 -4 -4 -4  2 -1 -4  0 -2 -4 -3 -2 -4  0  6   11   0   0   0   0   0   0   0   0   7   2   0   2   0   0   0   0   0   4  69  0.98 0.38
   93 S    0  5 -1 -3 -1  0  0 -3  2 -3 -3  1 -3  2  0 -1 -2 -3  2 -3    7  41   2   0   2   3   4   0   5   0   1   7   0  11   6   3   0   0   6   0  0.54 0.25
   94 S    0 -3 -1 -3  3 -2 -2 -1 -3 -3 -4 -2 -3 -4 -3  5  2 -4 -4 -1    5   0   1   0   7   0   0   4   0   0   1   0   0   0   0  61  14   0   0   4  0.87 0.38
   95 I    0  0 -1 -3 -2 -1 -1 -3 -2  0  3 -2  3  1  2 -1 -2  0  0  0    9   8   3   0   0   3   4   0   0   4  34   0   9   5   9   4   0   1   2   3  0.20 0.15
   96 D    0  2  1  0 -3  0  0  0  0 -1 -1  2 -1 -1 -1  0  0 -2  1 -1    8  17   6   4   0   2   4   9   3   4   4  14   1   3   2   6   4   0   5   3  0.10 0.07
   97 E   -1  0 -1 -2 -4  1 -1  5  2 -4 -4 -1 -3 -3 -3 -1 -2 -3  0 -4    3   6   3   1   0   6   4  58   5   1   1   4   0   0   1   2   1   0   3   1  0.79 0.28
   98 G   -1 -3 -2 -3 -1 -2 -3  1  0  1 -1 -2 -2 -2  4 -1  2 -3 -3  2    2   1   0   1   1   0   1  13   2  11   5   1   0   2  23   1  17   0   0  18  0.41 0.20
   99 Y   -1 -2  0 -2 -2 -2 -2 -2 -1  0  0 -2 -1  5 -2 -2 -1  5  3  0    3   2   5   2   1   1   2   2   1   7   6   2   1  31   2   2   4   8  13   7  0.43 0.14
  100 I    3  0 -2 -3 -2 -2 -2 -1 -3  1  0  0  0 -1 -2 -1  0  2 -2  3   28   4   0   1   0   0   1   3   0   5   6   9   3   3   1   1   6   3   0  26  0.22 0.16
  101 Y   -4 -4 -2 -2 -4 -4 -4 -4  0 -4  0 -4 -3  1 -5 -4 -4 11  5 -4    1   1   3   3   0   0   1   1   2   1   8   1   0   4   1   1   1  52  22   1  2.06 0.52
  102 I    0 -4 -4 -4 -2 -3 -4 -4 -4  4  0 -3  0 -2 -3 -3 -1 -4 -3  5    8   1   0   1   0   0   1   1   0  27   4   1   1   0   1   1   2   0   0  50  0.76 0.30
  103 T   -2 -3 -2 -3 -3 -3 -3 -3 -4 -1 -3 -3 -3 -4 -3  2  7 -4 -4 -2    1   0   0   0   0   0   0   2   0   3   1   0   0   0   0  13  77   0   0   0  1.42 0.51
  104 T   -2 -4 -3 -4  8 -3 -4 -3 -4 -3 -4 -3 -3 -4 -4  3  3 -4 -4 -3    1   0   0   0  42   0   0   0   0   0   1   0   0   0   0  29  24   0   0   0  1.42 0.47
  105 R   -2  0 -3 -3 -1 -2 -2 -4 -3 -3 -3  1 -3 -4  7 -3 -2 -4  0 -1    2   7   0   1   1   0   2   1   0   1   2   9   0   0  61   1   2   0   3   6  1.37 0.39
  106 Y    0  0  0 -1 -2  1  1 -1  2 -1  0  0  2  1 -2  0 -1  2  2 -1    7   6   4   3   0   7   9   3   6   1  13   3   7   7   1   7   3   3   9   1  0.08 0.08
  107 L    1 -1 -4 -4  1 -2 -3 -4 -4  3  3 -2  0 -2 -3 -3 -1  2 -3  3   13   5   0   0   4   1   0   1   0  15  28   2   2   0   0   1   2   3   0  23  0.39 0.22
  108 I   -3 -5 -6 -6 -4 -5 -6 -6 -5  1  6 -5  1 -2 -6 -5 -4  1 -4 -2    2   0   0   0   0   0   0   0   0   8  83   0   2   1   0   0   0   2   0   0  1.50 0.55
  109 N    0  2  2 -2 -2  3  3 -1 -2 -5 -4  3 -3 -5 -2  0 -2 -5 -4 -4    6  13  12   0   1  15  21   4   0   0   0  18   0   0   2   7   0   0   0   0  0.55 0.30
  110 H   -3  6 -2 -1 -5  2  1 -1 -1 -5 -2  1 -4 -1 -4 -1 -3 -4  0 -3    0  50   1   4   0   8   8   5   1   0   3   8   0   3   0   3   1   0   3   1  0.84 0.39
  111 I    1 -4 -5 -5  0 -4 -4 -4 -4  2  3 -4  0  4 -5 -3 -2  4  2  1   15   0   0   0   2   0   0   0   0  10  29   0   1  21   0   0   1   5   8   7  0.61 0.30
  112 E    0  0 -1 -1 -1  2  1  2 -2 -1 -1  2  1 -1 -2  0 -1 -3  0 -1    8   6   2   1   1  10   8  16   0   1   7  14   4   3   1   7   2   0   4   6  0.11 0.12
  113 D   -3  5 -1  3 -4  0  0 -2 -3 -2  0  0 -1  0 -1  0 -1 -4 -3 -3    0  35   2  16   0   4   4   2   0   2  12   5   1   5   3   6   3   0   0   0  0.46 0.28
  114 L   -2 -2 -1  4 -4 -1  2 -3 -2  0  1 -2 -2  1 -4 -3 -1  0  4  0    2   1   1  25   0   2  15   1   0   5  13   2   0   5   0   0   4   1  16   7  0.40 0.26
  115 M    1 -1 -1 -3 -2 -2 -2 -1 -3  1  2 -1  2  1  0 -1  0 -3  0  1   12   2   3   0   0   1   2   6   0   5  26   5   8   6   4   5   4   0   3  10  0.12 0.12
  116 S    0  1  1  1 -4  0  4  0  3 -3 -4  1 -3 -4  0  1 -1 -5 -3 -3    5   6   6   5   0   2  29   9   7   2   1  10   0   0   4  12   2   0   0   1  0.38 0.24
  117 R    1  0  1  0  1  0 -1 -1  0  0  1  0  0 -1 -3  2 -1 -3 -1 -1   12   5   9   4   3   4   1   4   2   6  15   7   2   2   0  20   0   0   2   3  0.10 0.13
  118 L    2 -2 -1 -1 -2 -2 -1 -2 -3  1  2 -1  0 -1  0  1  1  0 -2  1   18   1   2   3   0   0   4   1   0   6  20   2   3   2   4  13  12   2   0   9  0.16 0.16
  119 G    0 -2  2  0 -2 -2  1  4 -3 -3 -4 -1 -4 -5 -1  0 -1 -5 -4 -4    9   1  12   5   1   1  12  39   0   2   1   4   0   0   3   7   4   0   0   0  0.55 0.28
  120 I    0 -2 -1  1 -2 -1  1 -1 -1  2  1 -1  0  0  0 -1  0 -3 -2  1    7   2   1   8   1   1  14   5   1  19  13   3   1   5   4   2   5   0   0   9  0.09 0.12
  121 G    0 -2  3  1 -3 -1  1  1 -2 -2 -2 -1 -3 -3  2  1  0 -4 -1  0    5   1  15   7   0   1  11  14   0   1   3   3   0   1  10  13   4   0   3   7  0.23 0.17
  122 S    0  1  2  0 -3  1  1  0  1 -2 -1  1 -2 -2  0  1  0 -1 -2  0    8   6  10   4   0   7  10   6   5   0   5   7   0   1   4  15   4   1   0   7  0.13 0.11
  123 L    0 -1 -1  0 -1 -1  0 -1 -1  1  2 -1 -1  1  0 -1 -1 -2  1  1    9   2   3   7   2   1   7   4   1   7  23   3   0   5   5   3   2   0   6  12  0.05 0.09
  124 Y   -2 -2 -2 -1 -1 -3 -2 -1 -2  1  1  0 -1  1  2 -2 -1  5  3  1    2   1   2   3   2   0   1   4   0  11  16   7   0   7   9   1   3   8  12   9  0.23 0.17
  125 K   -1  0 -1 -1 -3  1  1 -1  2 -1  0  2  1 -2  1  0  0 -3 -1 -1    2   3   1   2   0   8  11   3   5   3  12  19   4   1   8   6   6   0   2   4  0.15 0.14
  126 E   -1 -2  0  0 -4  1  3  1 -1  0  0 -1 -1 -3  2 -1  0 -4 -2 -1    4   0   6   5   0   6  22  11   1   6  11   3   1   0  12   2   5   0   1   4  0.22 0.17
  127 S    1 -2  1 -1 -1 -2  0 -1 -1  0  0 -1 -2 -2  2  2  1 -1 -3  0    9   0   8   3   1   0   6   3   1   5  11   2   0   1  10  22  10   1   0   5  0.17 0.15
  128 K    0  1  1  1 -3  0  1 -2 -2 -1 -1  2 -2 -2  1  0 -1  0 -3  0    9   5   8   6   0   3  12   1   0   4   8  19   0   1   7   6   2   1   0   6  0.16 0.13
  129 E    0  0  1  1 -3  0  2 -1 -1 -1 -1  0 -1 -3  2  0  0 -4 -2  0   10   5   6   8   0   4  19   5   1   4   4   4   1   0  10   3   7   0   1   9  0.16 0.12
  130 K    0  0  2  1  1  0  1 -1 -2 -1 -2  2 -1 -2 -2  0  1 -4 -3 -1    8   5  15   6   4   3   7   4   0   3   3  19   2   2   1   6   8   0   0   5  0.17 0.14
  131 S    1  0  1  2 -3 -1 -1  2 -2 -1 -1  0 -1 -2 -1  1  1 -1 -3  0   11   4   6  12   0   2   1  15   0   3   8   7   1   1   2   9  10   1   0   7  0.12 0.11
  132 E    0  0  1  2 -2  1  3 -2  0 -2 -2  1  1 -2 -1  1 -1 -4 -2 -1    6   5   8  11   1   6  23   2   2   1   3   7   4   1   3   9   2   0   1   4  0.23 0.16
  133 V    1 -1  0  0  3 -1  0  1 -2  0 -1  0 -2 -2 -2  0  0 -3 -3  0   11   3   6   6  10   1   8  15   0   6   7   4   0   1   1   7   4   0   0  10  0.11 0.10
  134 R    0  2  0 -1 -2  1  1  0  3 -3 -2  2 -2 -2  0 -1  0 -3  1 -2    7  11   5   2   1   7  10   8   7   0   5  18   0   1   4   0   7   0   5   2  0.20 0.16
  135 I   -3 -5 -1 -5 -4 -4 -3 -6 -5  4  3 -4 -1 -1 -5 -3 -2 -5 -3  4    0   0   4   0   0   0   2   0   0  27  32   1   0   2   0   2   1   0   0  30  0.83 0.38
  136 F   -1 -2  3 -2 -2 -2 -3 -2  0  1  0 -2 -1  2 -1  0  0  1  3  1    6   1  17   2   1   0   0   2   2   9  10   1   1  11   3   5   6   2  13   9  0.19 0.17
  137 L   -3 -3  0 -2  0 -2 -1  1 -4 -1  4 -4  0 -1 -2 -1 -3 -1 -3  0    0   1   4   3   2   2   4  11   0   1  54   0   2   2   2   5   0   1   0   7  0.48 0.31
  138 G   -1 -1  1  1 -4  0  3  4 -1 -5 -3 -2 -4 -5 -2  0 -3 -4 -3 -4    4   3   6   6   0   3  23  40   1   0   2   1   0   0   2   6   0   0   1   0  0.65 0.31
  139 K   -3  1  1  2 -5  0  2 -2 -3 -3 -4  2 -4  0 -2 -1 -2  8 -2 -2    0   7   6  14   0   4  12   3   0   1   0  14   0   4   2   3   2  24   0   3  0.78 0.35
  140 I   -1 -2 -1 -3 -1 -2 -3 -3 -3  3  3 -1  0  2 -4 -2 -2 -3  0  2    3   1   4   1   2   2   0   1   0  17  34   5   2  11   0   2   0   0   2  13  0.35 0.21
  141 S    0 -1  1  1 -3 -1  1 -3  1  0  0  0  2  0  0  0 -1 -2  3  0    9   3   7   7   0   0   9   0   3   5  10   5   8   4   4   6   3   0  12   5  0.09 0.11
  142 T   -1 -3  1 -3 -3 -2  0 -2  0  1  3 -3  0  2 -3 -2  0 -3  0  1    5   0   9   0   0   1   6   2   2   5  36   0   1   8   0   2   5   0   3  13  0.24 0.18
  143 E   -2 -2  2  2  0  0  5 -1  1 -4 -4  2 -4 -3  0 -2 -1 -4 -3 -4    2   0   9   9   2   2  40   4   3   0   1  15   0   1   4   1   4   0   0   0  0.61 0.31
  144 L   -1 -2 -1  0 -3 -2 -1 -3 -1  1  2  1  0  2 -2 -2 -1 -2  1  2    4   1   3   7   0   1   3   0   1   6  23  10   2  11   1   0   4   0   5  17  0.15 0.14
  145 S    2  0  1  0 -3 -1  1  1 -2 -1 -2  1  0 -4 -1  2  0 -4 -3 -2   18   5   9   5   0   2   8  11   0   3   2   8   2   0   2  20   5   0   0   1  0.23 0.18
  146 L    1 -1  0 -1 -1 -1  0  1 -1  0  0  0 -1  2  1  0  0 -3 -1  0   12   1   6   1   1   2   6  11   2   4  12   5   1  12   6   6   5   0   1   6  0.05 0.07
  147 Q    0 -1  1  1 -3  1  2 -1 -1  0 -1  1 -2 -3 -2  0  0  2 -3  0    7   0   8   9   0   8  15   3   1   8   7  12   0   0   1   9   4   4   0   5  0.16 0.15
  148 L   -1 -1 -1 -1 -3  1  0 -2  1  1  1  0  0  2  1 -2  0 -3 -1  1    5   2   3   2   0   7   5   2   4  11  16   9   1   9   6   1   5   0   1  14  0.08 0.10
  149 S    0 -2  2  2 -3  0  1  0 -2 -1 -2  1 -2 -2  0  2  0  1 -3 -1    4   0  13  11   0   4   9   6   0   4   3   7   1   2   4  24   5   2   0   3  0.23 0.18
  150 D   -1 -2  1  3 -1  2  3  1  1 -3 -3  0 -3 -4  2 -1  0 -5 -3 -3    5   0   8  16   1   8  19   9   3   1   3   5   0   0   9   3   6   0   0   1  0.33 0.21
  151 E    0 -1  2  1 -1  0  2 -2  2 -2 -2  2 -2 -2 -1  0 -1  4 -1 -1    7   2   9   8   1   3  19   1   7   2   5  12   0   1   3   4   3   7   1   5  0.24 0.17
  152 V    1 -3 -3 -3  2 -1 -2 -3 -2  2  1 -1 -1  0  0 -1 -1 -1 -3  3   14   0   1   1   5   3   1   1   1  10  12   5   0   4   4   4   1   1   0  32  0.27 0.20
  153 R    0  1  1  2 -3  1  2  0 -2 -1 -2  2 -2 -2  1  0  0 -4 -2 -2    6   6   7  11   0   8  14   5   0   5   4  14   1   2   7   4   6   0   1   2  0.17 0.12
  154 S    1 -2  0  0 -3  0  1  0 -1 -1 -2  1 -2  1  2  1 -1  3  0 -1   12   0   5   5   0   4  11   7   1   5   2  10   0   7  10  10   1   5   2   2  0.15 0.13
  155 L   -2 -3 -3 -1 -2 -2 -2 -3  0  2  3 -1  0  1 -2 -1 -2  5 -2  0    1   1   1   3   1   1   2   1   3  15  39   4   1   5   2   5   2   8   0   4  0.39 0.24
  156 G    2 -1  1  1 -1 -1 -1  2 -3 -2 -1  1 -2 -4 -1  1  1 -4 -3 -2   22   2   7   9   1   1   3  17   0   2   6   8   0   0   3   9   9   0   0   1  0.22 0.17
  157 N    0  1  4  3 -4  0  2  1 -1 -4 -5  1 -4 -3 -2 -1 -1 -5 -4 -4    6   8  24  18   0   3  15   9   1   1   0   7   0   1   1   3   3   0   0   0  0.50 0.27
  158 L   -3 -1 -1 -2 -2 -3 -3 -2 -2  0  2 -1 -1  2 -2 -2 -2  8  1  1    0   4   3   3   1   1   2   4   1   4  22   3   1   8   2   2   1  24   5  11  0.64 0.30
  159 I   -1 -1  0 -2 -3 -1 -1 -2 -3  3  2  0  1  2  1 -2 -2 -1 -1  0    3   3   6   2   0   2   3   2   0  22  25   8   3   8   8   1   1   1   1   3  0.20 0.17
  160 K    1  0  0 -2 -3  0  1 -1 -2 -1 -1  2 -2 -1  3  0 -1 -4 -1  0   14   4   4   0   0   4   8   5   0   2   7  14   0   3  18   4   3   0   2   8  0.23 0.15
  161 D    0 -2  0  3 -4  2  3 -2 -2  0 -1  1 -2 -2 -3  0 -1 -4 -3 -1    7   0   3  22   0  10  20   2   0   7   7   9   1   2   0   5   2   0   0   4  0.33 0.22
  162 K    1  1 -2 -1 -2  0  2  0  1 -1 -2  3 -2 -4  2  0 -2 -4 -2 -1   16   8   0   2   1   4  16   6   3   4   4  19   0   0   9   5   1   0   1   3  0.24 0.18
  163 N    0  0  3  2 -4  1  1 -2  0 -3 -3  3 -3 -4 -3  1 -2 -5 -4 -3    9   3  18  10   0   6  10   2   2   1   2  26   0   0   0   9   1   0   0   1  0.44 0.26
  164 R   -2  5 -1  2 -4  0 -1 -1  2 -3 -3  2 -3 -1 -1 -1 -3 -4 -3 -2    3  39   2  14   0   2   2   4   4   1   3  11   0   2   4   5   0   0   0   3  0.55 0.29
  165 V   -1 -4 -5 -5 -1 -4 -4 -5 -4  3  4 -2  1  2 -4 -4 -2 -4 -3  2    4   0   0   0   1   0   0   0   0  20  44   2   3   7   0   0   1   0   0  14  0.70 0.31
  166 Y    1 -4 -4 -3  1 -3 -4 -2 -4  3  1 -4 -1 -2 -4 -2 -2 -4  0  5   13   0   0   2   3   1   0   3   0  13  11   0   0   1   0   2   1   0   3  46  0.61 0.32
  167 V   -3 -5 -5 -5 -3 -5 -5 -6 -5  5  3 -5 -1 -3 -5 -4 -3 -4 -1  4    0   0   0   0   0   0   0   0   0  39  23   0   0   0   0   0   0   0   2  33  1.09 0.42
  168 L   -3 -1 -5 -5 -3 -4 -5 -5 -5  1  3 -4 -1 -3 -5 -4 -2 -5 -4  6    0   3   0   0   0   0   0   0   0   6  27   0   0   0   0   0   1   0   0  58  1.09 0.45
  169 D   -2 -3 -1  3 -4 -2 -2 -1  2 -5 -5 -1 -4 -5  5  4 -2 -5 -4 -5    0   0   2  16   0   1   1   5   6   0   0   3   0   0  27  38   0   0   0   0  0.95 0.44
  170 N   -4 -4  1  7  1 -3  2 -4 -4 -6 -6 -3 -5 -6 -2 -2 -4 -6 -5 -6    0   0   6  69   3   0  15   0   0   0   0   0   0   0   2   2   0   0   0   0  1.67 0.59
  171 S    0 -1  3  4 -4  0  2 -1  1 -4 -4  1 -3 -4 -3  1  0 -5 -3 -4    6   3  15  24   0   4  14   5   4   0   0   9   0   0   0  11   5   0   0   0  0.47 0.25
  172 I   -2 -2 -2  3 -3 -2  0 -4  0  1  2 -3  0 -2  0 -1  0 -4 -2  1    3   2   0  24   0   0   6   0   2   8  29   0   2   0   4   3   7   0   1   8  0.31 0.22
  173 G   -2 -5 -5 -5  2 -5 -5  0 -4  2 -1 -5  3  7 -5 -3 -4 -3  0 -2    3   0   0   0   4   0   0   7   0  14   5   0   7  55   0   1   0   0   1   1  1.23 0.47
  174 L    1  2  1 -2 -3  0 -2  0 -2 -2 -2  0 -2 -4  1  3  1 -5 -4 -3   11  13   6   1   0   3   0   8   1   2   3   5   1   0   7  32   8   0   0   0  0.36 0.26
  175 S   -1  0 -1  2 -4  3  1 -1  3 -3 -1 -1  0  1 -3 -1  0  0  2 -1    4   5   2  11   0  15   9   5  10   0   4   1   3   8   0   3   5   1   9   5  0.21 0.18
  176 A   -2 -5 -5 -6 -1 -5 -5 -6 -5  4  3 -5  0  5 -5 -2 -3 -3 -1  2    2   0   0   0   1   0   0   0   0  28  24   0   2  24   0   3   0   0   1  15  0.83 0.36
  177 V    0 -5 -5 -6  2 -5 -5 -5  2  2 -1 -5 -1 -4 -5 -2  0  1 -4  6    7   0   0   0   4   0   0   0   5  11   2   0   1   0   0   2   5   2   0  61  1.03 0.46
  178 E   -3  3  5  3 -5  1  2 -4 -2 -5 -3  0 -4 -5 -4 -1  0 -6 -4 -3    1  14  32  16   0   4  16   0   0   0   2   5   0   0   0   2   6   0   0   2  0.73 0.36
  179 S   -1  2  0  0 -4 -1 -2 -3 -1 -3 -1  0  4 -2 -4  3  1 -4  2 -1    2  11   5   4   0   1   1   1   1   0   3   5  14   1   0  29  11   0   7   4  0.35 0.28
  180 A    2 -3  4 -3  3 -3 -3  2  0 -4 -2 -3 -1 -1 -4  3 -2 -5 -2 -4   21   0  23   0   7   0   0  13   2   0   4   0   1   3   0  24   0   0   1   0  0.58 0.35
  181 L   -3 -4 -4 -5  0 -4 -5 -5 -5 -1  5 -2  0 -3 -5 -3  5 -5 -4 -1    1   0   0   0   2   0   0   0   0   2  52   3   2   0   0   1  35   0   0   3  1.03 0.49
  182 T   -3 -3 -4 -2 -5  2  6 -1 -3 -1 -1 -3 -1 -4  1 -3 -2  2  1  0    1   0   0   0   0   7  53   4   0   4   6   0   2   0   6   0   1   3   5   7  0.82 0.44
  183 R   -4  3 -5 -6 -4 -4 -5 -6 -5  4 -2 -4 -2 -2 -5 -5 -2 -6 -4  6    0  18   0   0   0   0   0   0   0  20   2   0   0   1   0   0   2   0   0  57  1.22 0.52
  184 V   -1  5 -3  0 -5  4  0 -5 -3  1 -3 -1 -3 -3 -4 -2 -1 -5 -4  2    3  34   0   5   0  22   5   0   0  10   1   0   0   1   0   2   2   0   0  14  0.69 0.39
  185 T    1 -3 -3 -4 -4 -2 -4 -4 -4 -4 -4 -4 -1 -4  3  0  6 -1  1  0    9   1   0   0   0   1   0   0   0   0   0   0   1   0  13   5  56   1   6   7  1.03 0.51
  186 R   -4  6 -2 -4 -6 -1 -1 -1  5 -6 -6  0 -5 -6 -5  3 -3 -6 -4 -6    0  52   1   0   0   1   3   4  13   0   0   3   0   0   0  23   0   0   0   0  1.28 0.55
  187 T   -4 -5  2 -5 -4 -5 -5 -6 -5  5 -2 -5 -2 -4 -5 -4  0 -6 -4  6    0   0  11   0   0   0   0   0   0  31   0   0   0   0   0   0   5   0   0  52  1.27 0.53
  188 E    2  5 -3 -4 -5  1 -2 -1 -2 -5 -5  3 -4 -5 -4  2 -3 -5 -4 -3   17  34   0   0   0   5   1   4   1   0   0  20   0   0   0  18   0   0   0   1  0.79 0.40
  189 L   -4 -6 -6 -7 -4 -6 -6 -7 -6  6  4 -6  0 -3 -6 -5 -4 -5 -4  0    0   0   0   0   0   0   0   0   0  57  37   0   2   0   0   0   0   0   0   4  1.51 0.55
  190 D   -4 -1  5  6 -2 -2  0 -4 -1 -5 -4  1 -5 -6 -4 -1 -2 -6 -5 -5    0   3  29  46   1   1   4   0   1   0   1   8   0   0   0   3   2   0   0   0  1.19 0.48
  191 D   -2  2  0  2 -5  1  1 -2 -3 -2 -3  0 -4 -4  5 -1 -2 -5 -1 -2    2  13   5  12   0   5  11   2   0   2   1   5   0   0  30   5   1   0   2   3  0.60 0.29
  192 N   -1  0  0  2 -4  0  4 -1  1  1 -3  1 -2 -4 -3 -1 -1 -1 -3 -1    5   5   3  10   0   2  36   4   3  10   0   9   1   0   0   2   3   1   1   4  0.42 0.26
  193 T   -3  1 -3 -4 -4 -1 -1 -3  0 -4 -4  3 -2 -5 -4  0  6 -5 -4 -4    1   8   0   0   0   2   4   1   2   0   0  17   1   0   0   4  58   0   0   0  1.10 0.52
  194 K   -3  0 -2 -3 -5 -3 -3  5 -4 -5 -5  4 -4 -5 -4 -1  0 -5 -5 -2    0   5   1   0   0   0   0  51   0   0   0  28   0   0   0   2   6   0   0   3  1.05 0.44
  195 T    3 -4 -3 -4 -3 -3 -3 -4 -4  0 -3 -1 -3 -4 -4 -1  5 -5 -4  1   30   0   0   0   0   0   1   0   0   4   2   3   0   0   0   3  46   0   0  10  0.91 0.46
  196 S    4 -4 -4 -2 -3 -3  0 -4 -4 -2 -3 -4 -3 -4 -4  0 -3 -5 -4  5   39   0   0   2   0   0   7   0   0   0   0   0   0   0   0   8   0   0   0  42  0.88 0.45
  197 K   -1  1 -3 -2 -6  1  1  6 -4 -6 -6  2 -5 -6 -5 -3 -3 -5 -5 -5    3   8   0   2   0   6  11  57   0   0   0  12   0   0   0   0   1   0   0   0  1.11 0.46
  198 N    5 -4  2  1 -4  1 -2  3 -4 -5 -5 -3 -2 -5 -4 -2 -3 -5 -5 -4   52   0  10   7   0   7   2  22   0   0   0   0   1   0   0   0   0   0   0   0  0.93 0.46
  199 I   -5 -5 -6 -7 -5 -5 -6 -7 -6 -1  6 -6 -1  2  1 -5 -4 -5 -4 -1    0   0   0   0   0   0   0   0   0   1  79   0   0  10   8   0   0   0   0   2  1.45 0.57
  200 W   -6  1 -7 -7 -6 -6 -6 -7 -5 -5 -4 -6 -4  7 -7 -6 -6 10  2 -6    0   9   0   0   0   0   0   0   0   0   0   0   0  44   0   0   0  41   6   0  2.59 0.79
  201 S   -2 -4  1 -4 -4  1 -2 -3 -3 -4 -4 -3 -4  0 -4  2  5 -3  5 -2    2   0   6   0   0   7   2   1   0   0   0   0   0   3   0  15  39   0  22   1  0.88 0.47
  202 E   -3 -3 -3 -2 -5  0  6 -5 -3 -4 -2 -3 -4 -4 -4  1  0 -4  4  1    1   0   0   0   0   3  53   0   0   0   3   0   0   0   0   9   7   0  15  10  0.99 0.50
  203 E   -5 -4 -4 -2 -8  0  8 -6 -4 -7 -7 -3 -6 -7 -5 -4 -5 -7 -6 -7    0   0   0   0   0   2  98   0   0   0   0   0   0   0   0   0   0   0   0   0  2.56 0.88
  204 Y    4 -1  1 -4 -4 -2 -4 -2 -1 -4 -1 -3 -3  0 -4  0 -1 -3  6 -2   36   4   9   0   0   1   0   2   1   0   5   0   0   4   0   5   2   0  30   2  0.75 0.41
  205 I   -4 -5 -6 -6 -4 -5 -6 -7 -6  5  5 -5 -1 -3 -6 -5 -4 -5 -4  2    0   0   0   0   0   0   0   0   0  31  54   0   0   0   0   0   0   0   0  15  1.27 0.49
  206 P   -5 -6 -6 -5 -7 -5 -1 -6  0 -7 -7 -5 -7 -8  9 -5 -5 -8 -7 -7    0   0   0   0   0   0   4   0   2   0   0   0   0   0  94   0   0   0   0   0  3.09 0.93
  207 Q    2  4 -2 -3 -4  2  1 -3 -3 -4 -4 -2 -2 -5  3  1 -1 -5 -2 -1   21  25   1   0   0   8   9   0   0   0   0   0   1   0  16  12   3   0   1   4  0.56 0.33
  208 G    1 -2 -1  3 -5 -2  4  4 -3 -5 -5 -3 -4  1 -4 -2 -1 -5 -4 -5   10   1   3  14   0   0  31  31   0   0   0   0   0   6   0   1   3   0   0   0  0.75 0.38
  209 T    0 -4 -3 -4  1 -4 -4 -4 -4 -4 -4 -4 -4 -5 -4  3  6 -5 -5 -3    7   0   0   0   3   0   0   0   0   0   0   0   0   0   0  25  62   0   0   0  1.40 0.59
  210 I   -1 -2 -5 -5 -3 -4 -4 -5 -4  4  3 -2  0  1 -4 -4 -3  2 -2  3    3   2   0   0   0   0   0   0   0  29  25   3   1   7   0   0   0   3   0  24  0.64 0.30
  211 L   -4 -5 -5 -6 -4 -5 -5 -6 -5 -2  5 -5  4  6 -5 -5 -3 -3 -2 -2    0   0   0   0   0   0   0   0   0   0  52   0   9  34   0   0   2   0   0   0  1.33 0.50
  212 L    1 -4 -4 -5 -4 -4 -4 -4 -2 -1 -1 -2  0  3 -4 -2 -1  3  7  2   14   0   0   0   0   0   0   0   0   3   4   2   2   9   0   3   4   4  38  15  0.83 0.38
  213 S    1 -3 -2 -3 -1 -3 -1  3 -3 -3 -3 -3  0  4 -3  3  1  1 -2 -2   11   0   0   0   1   0   3  24   0   0   0   0   2  18   0  25   9   2   0   2  0.50 0.30
  214 G    0 -2 -1  1 -3 -2  0  0 -3  0  1 -2  0  1  3 -1 -1 -1 -2  1    8   1   3   9   0   0   8   9   0   3  15   1   2   6  14   2   3   1   0  13  0.14 0.12
  215 I   -1 -5 -5 -5 -3 -4 -5 -5 -5  5  2 -4  0  0 -5 -4 -3  4 -3  4    5   0   0   0   0   0   0   0   0  32  15   0   2   3   0   0   0   6   0  35  0.88 0.37
  216 F    0  1 -2 -3  1 -2 -2  1  0  1  1 -2  2  1 -3 -1 -1  2  2  1    8   8   1   1   3   0   1  12   2   9  14   1   7   5   1   2   2   3   9  11  0.12 0.11
  217 E    3 -2 -3 -3  4  0  0 -3 -3  1  0 -1 -1 -1 -2 -1  0 -3  1  0   29   0   0   0  11   5   7   1   0   9   9   3   1   2   2   2   7   0   5   6  0.24 0.18
  218 R    0  3  0  2 -3 -1 -1 -2 -1 -3 -2  2 -1  1 -3  1  1 -3 -2 -1    6  18   5  14   0   1   1   2   1   0   3  11   1   7   0  12  12   0   0   4  0.23 0.17
  219 E    0  1  0  3 -3  0  1  1 -1 -1 -3  1 -2  0  2  0 -1 -3 -2 -2    6   8   4  22   0   3   8  11   1   4   2   8   0   6   9   5   2   0   0   2  0.23 0.14
  220 I   -1  1  0  0 -3  0 -1  0 -1  0 -1  1  0  1  2  0  0  0  2  0    2   9   3   4   0   3   3   7   0   5   3  10   2   6  10   7   5   1  12   7  0.10 0.09
  221 S    0  3 -1  2 -3  0  0 -1 -1 -3 -2  2 -1  1 -1  1 -1 -3  0 -2    6  20   1  12   0   2   5   3   1   1   3  13   1   9   3  13   3   0   3   3  0.21 0.15
  222 N    0  1  3  0 -3  0  0  1 -1 -1 -2  2 -1 -3 -1  0 -1  1 -1 -1    6   7  21   4   0   2   6   9   1   3   4  14   1   0   2   6   2   2   3   5  0.17 0.13
  223 S    0  1  0  0 -3  0  1  1 -2 -3 -2  2 -2  0  0  1  0 -3 -1 -2    9   8   4   6   0   4  11  10   0   1   2  14   0   5   4  11   7   0   2   1  0.16 0.11
  224 Y    0  1  0 -1 -2  0 -1  0  1 -1  0  1 -1  0  1 -1 -1  2  1  0    7  11   4   4   0   3   2   7   3   3   8  12   1   5   9   1   2   4   5   8  0.07 0.06
  225 C   -1  0  0  1  2 -1  1  0 -2 -1  0  1  0  0  0  0  1  0 -1  0    3   3   3   7   6   1  10   6   0   4  10  12   2   4   4   6  10   2   1   5  0.04 0.05
  226 E   -2  1  1  2 -3  0  3 -1 -2 -2 -1  2 -2 -1 -1  0  0 -3 -1 -2    1   6   7  10   0   3  28   3   0   3   5  13   0   3   2   4   7   0   2   2  0.29 0.17
  227 E    0 -1  2  3 -3  0  3 -2  1 -3 -2  2 -2 -3  0 -1 -1 -4 -3 -2    9   2   9  16   0   4  20   2   3   1   5  15   0   0   4   3   3   0   0   3  0.29 0.17
  228 L   -1  0  0  0 -2 -1 -1 -2 -1  0  1  1  0  0  1  0 -1 -3 -1  1    3   6   4   6   0   1   4   2   1   2  19  12   1   5   7   8   3   0   1  16  0.07 0.10
  229 N   -1  1  1 -1 -3 -1 -1  0 -2 -1 -1  1 -1  0  2  0  1  0  0 -1    1   8   9   3   0   2   2   9   0   2   8  13   1   4  11   8   9   1   4   6  0.10 0.10
  230 R    0  1  1  1 -3  1  2 -2 -2 -2  0  3  0 -3  0 -1 -1 -3 -2 -2    7   8   6   6   0   7  13   3   0   2   9  23   2   0   5   2   2   0   1   1  0.23 0.16
  231 N   -1 -1  3  3 -1 -1  1  0 -2 -3 -1  1 -3 -2  0  0 -1 -3  2 -3    4   1  14  21   1   0  10   5   0   1   6  11   0   1   5   8   1   0   8   1  0.30 0.20
  232 N    2 -2  2  0 -3  0  2  0 -2 -1 -3  0 -2 -2  1  1  1 -3 -3 -2   20   0  12   4   0   4  13   8   0   4   2   5   0   2   6  10   8   0   0   1  0.21 0.16
  233 V    1 -1 -1  1 -2  1  1  0 -2  0  1  0 -1 -2  0 -1  0 -3 -2  1   13   2   2   9   0   8   8   7   0   4  18   5   1   0   4   2   4   0   0  13  0.09 0.11
  234 N   -1 -1  3  2 -4  2  2  0 -1 -2 -1  0 -2 -1  1 -1 -1 -3  0 -2    4   1  18  13   0  10  12   7   1   1   8   5   0   3   6   3   1   0   4   3  0.22 0.17
  235 I    0 -1 -1 -1 -2 -2 -1 -1 -3  2  2 -1 -1  0 -1  0  0 -3 -1  2    5   2   2   2   0   0   4   6   0  16  19   3   0   3   2   8   5   0   2  19  0.12 0.12
  236 D    0 -1  0  1  1  0  1 -1 -2  1  1  1  0 -2 -2 -1 -1  0 -2  0    8   2   6   8   4   5  10   5   0   8  16  11   3   1   0   3   0   1   0   9  0.06 0.09
  237 N    1  0  2  2  0  0  1  0 -2  0 -1  0 -1 -1 -2  0  0 -3 -2 -2   11   3  14  11   3   3  10   7   0   7   7   7   2   2   1   7   5   0   0   1  0.11 0.10
  238 E    1 -1  1  0 -1  2  3 -2 -2 -1 -1  2 -1 -2 -2  0 -2  1 -1 -1   12   2   7   4   1   9  23   2   0   3   8  14   1   1   1   5   1   2   2   4  0.21 0.16
  239 F   -1 -3 -2 -1  0 -1 -2 -3  0  0  3 -1  0  2 -3 -2  0  4  1  1    3   1   1   5   2   2   3   2   3   4  31   4   1  10   1   1   7   6   4   9  0.23 0.16
  240 L    0  0  0  1 -1 -1  1 -1 -1  0  1  1 -1  0 -2  0  0  1 -1  0    5   5   3   8   1   0  11   4   2   8  17  11   0   4   1   6   5   3   1   4  0.04 0.07
  241 K   -1  2  0  1 -2  2  2 -1  1 -2 -3  3 -3 -2 -2  0 -1 -4 -3 -3    3  10   3   6   1   8  16   5   3   3   2  26   0   2   2   6   3   0   0   1  0.32 0.20
  242 L    1 -2 -2 -2  1  0 -1  0  0  0  2  1  1 -2 -1 -1  0 -3 -1  0   13   0   1   1   3   5   4   8   2   4  23  11   5   0   2   4   5   0   1   8  0.08 0.11
  243 I   -1 -1 -1 -2 -1  0 -1 -1  1  1  2 -1  2  2 -3 -1 -1  1  0  0    3   2   3   2   1   5   4   4   4  12  23   5   6   9   1   6   2   2   2   6  0.09 0.09
  244 D    0 -1  3  4 -2  0  2 -3  0 -2 -2  1 -2 -2 -1  0 -1 -4  0 -1    8   2  14  23   1   2  12   1   2   1   4   8   1   1   3   6   3   0   4   4  0.30 0.19
  245 N   -2 -1  3  2 -3  0  2  2  1 -3 -2  0 -3 -2  2  0  0 -3 -1 -1    1   2  14  10   0   3  14  15   3   0   3   3   0   1   9   6   5   0   3   5  0.24 0.16
  246 V    0  1 -1 -1  0  0  0  0 -1 -2 -1  2 -2 -1  0  1  0 -3  0 -1    6   9   1   1   2   4   6   8   1   2   6  17   0   3   5  11   6   0   3   6  0.09 0.09
  247 S   -1 -2 -1 -2 -1 -1 -1 -2  0  0  0 -1 -1  0 -1  0  1  4  3  2    5   1   2   2   1   2   5   2   3   4   7   5   1   4   3   6   8   6  15  17  0.16 0.14
  248 V   -3 -4 -5 -5 -4 -4 -5 -4  1  3  4 -4  1  1 -5 -3 -2 -4 -1  1    1   0   0   0   0   0   0   1   5  16  52   0   3   6   0   1   2   0   2  10  0.77 0.35
  249 F   -3  0 -1 -4 -5  6 -2  1 -3  0 -4 -1 -2  3 -4 -3 -4  3  2 -3    1   5   3   0   0  46   0  12   0   6   0   2   1  11   0   0   0   4   6   1  0.91 0.48
  250 I   -4 -5 -6 -6 -4 -5 -6 -6 -6  6  3 -5  0  2 -5 -5 -3 -5 -3  3    0   0   0   0   0   0   0   0   0  46  24   0   1   7   0   0   0   0   0  21  1.16 0.47
  251 G   -2 -6 -4 -5 -7 -6 -6  7 -6 -8 -8 -6 -7 -7 -6 -4 -6 -7 -7 -7    2   0   0   0   0   0   0  98   0   0   0   0   0   0   0   0   0   0   0   0  2.59 0.82
  252 G    0 -2 -4 -5 -6 -5 -6  7 -6 -7 -7 -5 -6 -7 -6 -4 -5 -6 -7 -7    7   2   0   0   0   0   0  91   0   0   0   0   0   0   0   0   0   0   0   0  2.30 0.76
  253 K   -4 -3  4  3 -5  0 -3 -4  1 -4  0  3  5  0 -4 -2 -3 -5 -4 -4    0   0  19  17   0   3   0   0   4   0   8  22  20   4   0   2   0   0   0   0  0.74 0.42
  254 E    2 -3 -1 -2 -4 -1  5  0 -1 -2 -2  0 -2 -4 -4 -1  2  0 -2 -2   17   0   2   0   0   2  41   8   2   2   4   4   1   0   0   2  12   2   2   2  0.54 0.35
  255 S   -3 -5 -1 -4 -5 -4 -4 -1 -5 -5 -5 -4 -5 -6 -5  3  7 -6 -5 -4    0   0   2   0   0   0   0   5   0   0   0   0   0   0   0  23  70   0   0   0  1.71 0.72
  256 I   -3  4 -4 -5 -4 -3 -4 -5 -4  3  1 -3 -2 -3 -4 -3  2 -5 -4  4    0  24   0   0   0   0   0   0   0  14  16   0   0   0   0   0  15   0   0  29  0.70 0.37
  257 G   -3 -6 -4 -5 -6 -5 -6  7 -6 -7 -7 -5 -6 -7 -6 -2 -5 -6 -6 -7    0   0   0   0   0   0   0  96   0   0   0   0   0   0   0   2   0   0   0   0  2.48 0.78
  258 K   -4  5 -4 -5 -6  0 -2 -5 -3 -4 -3  4  0  5 -5 -3 -4 -4  2 -5    0  28   0   0   0   3   1   0   0   0   1  28   3  26   0   2   0   0   7   0  1.07 0.49
  259 G   -4 -6 -4 -5 -7 -6 -6  8 -6 -8 -8 -6 -7 -7 -6 -4 -6 -7 -7 -7    0   0   0   0   0   0   0 100   0   0   0   0   0   0   0   0   0   0   0   0  2.71 0.85
  260 L   -3  4 -4 -4 -4  0 -1 -5  0  1  2 -1  1  3 -5 -2 -3  3 -1 -1    1  29   0   0   0   3   4   0   2  10  26   3   3  12   0   2   0   4   1   2  0.53 0.31
  261 T   -1 -5 -5 -6  7 -5 -5 -3 -6  2  0 -5  2 -2 -5 -4 -2 -5 -4  5    4   0   0   0  22   0   0   3   0  12   8   0   6   1   0   0   2   0   0  42  1.05 0.44
  262 K    0  5 -1 -2 -5  0  1 -4 -3 -4 -3  3 -1 -5 -4 -1  0  3 -4 -1    7  36   2   1   0   3  10   0   0   0   1  20   1   0   0   4   6   4   0   5  0.68 0.36
  263 I   -2 -5 -5 -5  3 -4 -5 -5 -5  4  3 -4  1  0 -5 -4  1  0 -3  4    1   0   0   0   6   0   0   0   0  21  25   0   3   4   0   0   8   1   0  32  0.73 0.33
  264 K   -1  4  0 -2 -4  1  0 -3 -2 -2 -2  3 -2  0 -3 -1  2 -3  1 -2    4  24   4   1   0   5   5   0   0   1   4  22   0   5   0   3  14   0   7   1  0.37 0.22
  265 L   -3 -4 -5 -5 -3 -2 -4 -5 -4  4  4 -4  1  3 -5 -4  0 -3 -2  1    0   0   0   0   0   2   0   0   0  25  42   0   2  16   0   0   5   0   0   9  0.72 0.29
  266 K    1  0 -1 -2 -2 -1  0 -3 -2  0  0  1  0 -1 -3  0  0 -3 -1  2   16   4   3   0   0   2   6   0   0   4   5  13   2   3   0   6   5   0   2  28  0.13 0.12
  267 R   -2  3  1  4 -4  1  3 -3  1 -4 -3  2 -3 -4 -3 -1 -2 -4 -3 -4    0  20   5  25   0   3  26   0   4   0   3  10   0   0   0   3   0   0   0   0  0.58 0.19
  268 V   -1 -3 -3 -3 -2 -2 -1 -3 -3  3  0 -2  0 -2 -3  0  2 -3 -2  4    0   0   0   0   0   0   6   0   0  32   0   0   0   0   0   6  15   0   0  41  0.37 0.12
  269 S    0 -1  6  0 -2 -1 -1 -1  0 -3 -3 -1 -2 -3 -2  2  1 -4 -3 -2   11   0  65   0   0   0   0   0   0   0   0   0   0   0   0  12  12   0   0   0  0.64 0.10

                      K         Lambda
Standard Ungapped    0.1355     0.3148
Standard Gapped      0.0410     0.2670
PSI Ungapped         0.1508     0.3177
PSI Gapped           0.0461     0.2670
