
Last position-specific scoring matrix computed, weighted observed percentages rounded down, information per position, and relative weight of gapless real matches to pseudocounts
           A  R  N  D  C  Q  E  G  H  I  L  K  M  F  P  S  T  W  Y  V   A   R   N   D   C   Q   E   G   H   I   L   K   M   F   P   S   T   W   Y   V
    1 M   -1 -1 -2 -3 -1  0 -2 -3 -2  1  2 -1  5  0 -2 -1 -1 -1 -1  1    0   0   0   0   0   0   0   0   0   0   0   0   0   0   0   0   0   0   0   0  0.00    0.00
    2 S    1 -1  1  0 -1  0  0  0 -1 -2 -2  0 -1 -2 -1  4  1 -3 -2 -2    0   0   0   0   0   0   0   0   0   0   0   0   0   0   0   0   0   0   0   0  0.00    0.00
    3 A    4 -1 -1 -2  0 -1 -1  0 -2 -1 -1 -1 -1 -2 -1  1  0 -2 -2  0    0   0   0   0   0   0   0   0   0   0   0   0   0   0   0   0   0   0   0   0  0.00    0.00
    4 G    0 -2  0 -1 -2 -2 -2  5 -2 -4 -4 -1 -3 -3 -2  0 -2 -2 -3 -3    0   0   0   0   0   0   0   0   0   0   0   0   0   0   0   0   0   0   0   0  0.00    0.00
    5 A    4 -1 -1 -2  0 -1 -1  0 -2 -1 -1 -1 -1 -2 -1  1  0 -2 -2  0    0   0   0   0   0   0   0   0   0   0   0   0   0   0   0   0   0   0   0   0  0.00    0.00
    6 G    0 -2  0 -1 -2 -2 -2  5 -2 -4 -4 -1 -3 -3 -2  0 -2 -2 -3 -3    0   0   0   0   0   0   0   0   0   0   0   0   0   0   0   0   0   0   0   0  0.00    0.00
    7 T    0 -1  0 -1 -1 -1 -1 -2 -2 -1 -1 -1 -1 -2 -1  1  4 -2 -2  0    0   0   0   0   0   0   0   0   0   0   0   0   0   0   0   0   0   0   0   0  0.00    0.00
    8 P   -1 -2 -2 -1 -3 -1 -1 -2 -2 -3 -3 -1 -2 -3  7 -1 -1 -4 -3 -2    0   0   0   0   0   0   0   0   0   0   0   0   0   0   0   0   0   0   0   0  0.00    0.00
    9 R   -1  5  0 -2 -3  1  0 -2  0 -3 -2  2 -1 -3 -2 -1 -1 -3 -2 -2    0   0   0   0   0   0   0   0   0   0   0   0   0   0   0   0   0   0   0   0  0.00    0.00
   10 R   -1  5  0 -2 -3  1  0 -2  0 -3 -2  2 -1 -3 -2 -1 -1 -3 -2 -2    0   0   0   0   0   0   0   0   0   0   0   0   0   0   0   0   0   0   0   0  0.00    0.00
   11 P   -1 -2 -2 -1 -3 -1 -1 -2 -2 -3 -3 -1 -2 -3  7 -1 -1 -4 -3 -2    0   0   0   0   0   0   0   0   0   0   0   0   0   0   0   0   0   0   0   0  0.00    0.00
   12 A    4 -1 -1 -2  0 -1 -1  0 -2 -1 -1 -1 -1 -2 -1  1  0 -2 -2  0    0   0   0   0   0   0   0   0   0   0   0   0   0   0   0   0   0   0   0   0  0.00    0.00
   13 V    0 -2 -3 -3 -1 -2 -2 -3 -3  2  1 -2  1 -1 -2 -2  0 -3 -1  4    0   0   0   0   0   0   0   0   0   0   0   0   0   0   0   0   0   0   0   0  0.00    0.00
   14 R   -1  5  0 -2 -3  1  0 -2  0 -3 -2  2 -1 -3 -2 -1 -1 -3 -2 -2    0   0   0   0   0   0   0   0   0   0   0   0   0   0   0   0   0   0   0   0  0.00    0.00
   15 G    0 -2  0 -1 -2 -2 -2  5 -2 -4 -4 -1 -3 -3 -2  0 -2 -2 -3 -3    0   0   0   0   0   0   0   0   0   0   0   0   0   0   0   0   0   0   0   0  0.00    0.00
   16 S    1 -1  1  0 -1  0  0  0 -1 -2 -2  0 -1 -2 -1  4  1 -3 -2 -2    0   0   0   0   0   0   0   0   0   0   0   0   0   0   0   0   0   0   0   0  0.00    0.00
   17 A    4 -1 -1 -2  0 -1 -1  0 -2 -1 -1 -1 -1 -2 -1  1  0 -2 -2  0    0   0   0   0   0   0   0   0   0   0   0   0   0   0   0   0   0   0   0   0  0.00    0.00
   18 P   -1 -2 -2 -1 -3 -1 -1 -2 -2 -3 -3 -1 -2 -3  7 -1 -1 -4 -3 -2    0   0   0   0   0   0   0   0   0   0   0   0   0   0   0   0   0   0   0   0  0.00    0.00
   19 H   -2  0  1 -1 -3  0  0 -2  7 -3 -3 -1 -2 -1 -2 -1 -2 -2  2 -3    0   0   0   0   0   0   0   0   0   0   0   0   0   0   0   0   0   0   0   0  0.00    0.00
   20 P   -1 -2 -2 -2 -3 -1 -1 -2 -2 -3 -3 -1 -3 -4  8 -1 -1 -4 -3 -3    0   0   0   0   0   0   0   0   0   0   0   0   0   0 100   0   0   0   0   0  2.05 0.01
   21 A    3 -2 -2 -3 -1 -2 -2 -1 -2  1  0 -1  0 -2 -2  0  0 -3 -2  3   50   0   0   0   0   0   0   0   0   0   0   0   0   0   0   0   0   0   0  50  0.21 0.00
   22 R   -2  6  0 -2 -4  1  0 -2  0 -3 -2  2 -1 -3 -2 -1 -1 -3 -2 -3    0 100   0   0   0   0   0   0   0   0   0   0   0   0   0   0   0   0   0   0  0.75 0.00
   23 G   -1 -1  4  0 -3 -1 -1  4  0 -4 -4 -1 -3 -3 -2  0 -1 -3 -3 -3    0   0  50   0   0   0   0  50   0   0   0   0   0   0   0   0   0   0   0   0  0.62 0.00
   24 S    1 -2  0 -1 -2 -1 -1  4 -1 -3 -3 -1 -2 -3 -1  3  0 -3 -2 -2    0   0   0   0   0   0   0  50   0   0   0   0   0   0   0  50   0   0   0   0  0.53 0.00
   25 A    3 -2 -2 -3 -1 -2 -2 -1 -2  1  0 -1  0 -2 -2  0  0 -3 -2  3   50   0   0   0   0   0   0   0   0   0   0   0   0   0   0   0   0   0   0  50  0.21 0.00
   26 P    0 -1  0 -1 -2 -1 -1 -1 -2 -3 -3 -1 -2 -3  6  3  0 -3 -2 -2    0   0   0   0   0   0   0   0   0   0   0   0   0   0  50  50   0   0   0   0  0.91 0.00
   27 G    0 -2  0 -1 -3 -2 -2  6 -2 -4 -4 -2 -3 -3 -2  0 -2 -3 -3 -3    0   0   0   0   0   0   0 100   0   0   0   0   0   0   0   0   0   0   0   0  1.04 0.00
   28 P   -1 -2 -2 -2 -3 -1 -1 -2 -2 -3 -3 -1 -3 -4  8 -1 -1 -4 -3 -3    0   0   0   0   0   0   0   0   0   0   0   0   0   0 100   0   0   0   0   0  2.05 0.01
   29 R   -2  6  0 -2 -4  1  0 -2  0 -3 -2  2 -1 -3 -2 -1 -1 -3 -2 -3    0 100   0   0   0   0   0   0   0   0   0   0   0   0   0   0   0   0   0   0  0.75 0.00
   30 P   -1 -2 -2 -2 -3 -1 -1 -2 -2 -3 -3 -1 -3 -4  8 -1 -1 -4 -3 -3    0   0   0   0   0   0   0   0   0   0   0   0   0   0 100   0   0   0   0   0  2.05 0.01
   31 M   -1  4 -1 -2 -2  0 -1 -3 -1  0  1  1  4 -1 -2 -1 -1 -2 -1 -1    0  50   0   0   0   0   0   0   0   0   0   0  50   0   0   0   0   0   0   0  0.30 0.00
   32 P   -1 -2 -2 -2 -3 -1 -1 -2 -2 -3 -3 -1 -3 -4  8 -1 -1 -4 -3 -3    0   0   0   0   0   0   0   0   0   0   0   0   0   0 100   0   0   0   0   0  2.05 0.01
   33 T    0 -1  0 -1 -1 -1 -1 -2 -2 -1 -1 -1 -1 -2 -1  1  5 -3 -2  0    0   0   0   0   0   0   0   0   0   0   0   0   0   0   0   0 100   0   0   0  0.48 0.00
   34 H   -2 -1 -1 -2 -2 -1 -1 -3  6  0  2 -2  1  0 -3 -2 -2 -2  1 -1    0   0   0   0   0   0   0   0  50   0  50   0   0   0   0   0   0   0   0   0  0.34 0.00
   35 H    2 -1  0 -2 -2  0 -1 -1  6 -2 -2 -1 -1 -2 -2  0 -1 -3  0 -1   50   0   0   0   0   0   0   0  50   0   0   0   0   0   0   0   0   0   0   0  0.39 0.00
   36 P   -1  0 -1 -1 -3  4  1 -2 -1 -3 -3  0 -1 -4  6  0 -1 -3 -2 -2    0   0   0   0   0  50   0   0   0   0   0   0   0   0  50   0   0   0   0   0  0.97 0.00
   37 T    3 -1 -1 -1 -1 -1 -1 -1 -2 -1 -1 -1 -1 -2 -1  1  3 -3 -2  0   50   0   0   0   0   0   0   0   0   0   0   0   0   0   0   0  50   0   0   0  0.32 0.00
   38 R   -1  4  0 -1 -3  4  1 -2  0 -3 -2  2 -1 -3 -2  0 -1 -2 -2 -2    0  50   0   0   0  50   0   0   0   0   0   0   0   0   0   0   0   0   0   0  0.57 0.00
   39 G    3 -2 -1 -2 -1 -1 -2  4 -2 -2 -2 -1 -2 -3 -1  1 -1 -3 -2 -1   50   0   0   0   0   0   0  50   0   0   0   0   0   0   0   0   0   0   0   0  0.52 0.00
   40 D   -1 -1  1  5 -4  1  4 -2 -1 -3 -3  0 -3 -4 -1  0 -1 -4 -3 -3    0   0   0  50   0   0  50   0   0   0   0   0   0   0   0   0   0   0   0   0  0.69 0.00
   41 K   -1  5  0 -1 -3  1  0 -2 -1 -3 -2  4 -1 -3 -2 -1 -1 -3 -2 -3    0  50   0   0   0   0   0   0   0   0   0  50   0   0   0   0   0   0   0   0  0.56 0.00
   42 K   -1  5  0 -1 -3  1  0 -2 -1 -3 -2  4 -1 -3 -2 -1 -1 -3 -2 -3    0  50   0   0   0   0   0   0   0   0   0  50   0   0   0   0   0   0   0   0  0.56 0.00
   43 R   -2  6  0 -2 -4  1  0 -2  0 -3 -2  2 -1 -3 -2 -1 -1 -3 -2 -3    0 100   0   0   0   0   0   0   0   0   0   0   0   0   0   0   0   0   0   0  0.75 0.00
   44 A    4 -2 -2 -2  0 -1 -1  0 -2 -1 -2 -1 -1 -2 -1  1  0 -3 -2  0  100   0   0   0   0   0   0   0   0   0   0   0   0   0   0   0   0   0   0   0  0.41 0.00
   45 R   -1  4  0  0 -4  2  4 -2  0 -3 -3  2 -2 -3 -2  0 -1 -3 -2 -3    0  50   0   0   0   0  50   0   0   0   0   0   0   0   0   0   0   0   0   0  0.55 0.00
   46 R   -1  4  0  0 -4  2  4 -2  0 -3 -3  2 -2 -3 -2  0 -1 -3 -2 -3    0  50   0   0   0   0  50   0   0   0   0   0   0   0   0   0   0   0   0   0  0.55 0.00
   47 P   -1 -2 -2 -2 -3 -1 -2 -3  0 -2 -2 -1 -2  1  6 -1 -1  1  5 -2    0   0   0   0   0   0   0   0   0   0   0   0   0   0  50   0   0   0  50   0  0.98 0.00
   48 G    0 -2  0 -1 -3 -2 -2  6 -2 -4 -4 -2 -3 -3 -2  0 -2 -3 -3 -3    0   0   0   0   0   0   0 100   0   0   0   0   0   0   0   0   0   0   0   0  1.04 0.00
   49 V    0 -1 -1 -1 -1 -1 -1 -1 -1  2  0 -1  0 -1 -1 -1  0 -1 -1  3    4   3   2   3   1   2   3   4   1   3   5   3   1   2   3   4   3   1   2  53  0.07 0.00
   50 P    0 -1 -1 -1 -1  0  0 -1 -1 -1 -1  0 -1 -2  6  0  0 -1 -1 -1    4   3   2   3   1   2   3   4   1   3   5   3   1   2  53   4   3   1   2   3  0.76 0.00
   51 T    0 -1  0  0 -1  0  0 -1 -1 -1 -1  0  0 -1  0  1  3 -1 -1  0    4   3   2   3   1   2   3   4   1   3   5   3   1   2   3   4  53   1   2   3  0.16 0.00
   52 R   -1  4  0 -1 -2  1  0 -1  0 -1 -1  1 -1 -1 -1  0  0 -1 -1 -1    4  53   2   3   1   2   3   4   1   3   5   3   1   2   3   4   3   1   2   3  0.24 0.00
   53 G    0 -1  0 -1 -1 -1 -1  4 -1 -2 -2 -1 -1 -1 -1  0 -1 -1 -1 -1    4   3   2   3   1   2   3  54   1   3   5   3   1   2   3   4   3   1   2   3  0.33 0.00
   54 D   -1 -1  1  4 -2  0  1 -1 -1 -1 -2  0 -1 -2  0  0  0 -1 -1 -1    4   3   2  53   1   2   3   4   1   3   5   3   1   2   3   4   3   1   2   3  0.31 0.00
   55 K    0  1  0  0 -1  1  1 -1  0 -1 -1  3 -1 -1  0  0  0 -1 -1 -1    4   3   2   3   1   2   3   4   1   3   5  53   1   2   3   4   3   1   2   3  0.17 0.00
   56 K    0  1  0  0 -1  1  1 -1  0 -1 -1  3 -1 -1  0  0  0 -1 -1 -1    4   3   2   3   1   2   3   4   1   3   5  53   1   2   3   4   3   1   2   3  0.17 0.00
   57 R   -1  4  0 -1 -2  1  0 -1  0 -1 -1  1 -1 -1 -1  0  0 -1 -1 -1    4  53   2   3   1   2   3   4   1   3   5   3   1   2   3   4   3   1   2   3  0.24 0.00
   58 A    3 -1 -1 -1  0  0  0  0 -1 -1 -1  0 -1 -1  0  1  0 -1 -1  0   54   3   2   3   1   2   3   4   1   3   5   3   1   2   3   4   3   1   2   3  0.14 0.00
   59 P    0 -1 -1 -1 -1  0  0 -1 -1 -1 -1  0 -1 -2  6  0  0 -1 -1 -1    4   3   2   3   1   2   3   4   1   3   5   3   1   2  53   4   3   1   2   3  0.76 0.00
   60 R   -1  4  0 -1 -2  1  0 -1  0 -1 -1  1 -1 -1 -1  0  0 -1 -1 -1    4  53   2   3   1   2   3   4   1   3   5   3   1   2   3   4   3   1   2   3  0.24 0.00
   61 L   -1 -1 -1 -1 -1 -1 -1 -1 -1  1  3 -1  1  0 -1 -1  0 -1 -1  0    4   3   2   3   1   2   3   4   1   3  55   3   1   2   3   4   3   1   2   3  0.09 0.00
   62 G    0 -2  0 -1 -3 -2 -2  6 -2 -4 -4 -2 -3 -3 -2  0 -2 -3 -3 -3    0   0   0   0   0   0   0 100   0   0   0   0   0   0   0   0   0   0   0   0  1.04 0.00
   63 V   -1  0 -1 -1 -2  4  0 -3 -1  1  0  0  0 -2 -2 -1  0 -3 -1  2    0   0   0   0   0  50   0   0   0   0   0   0   0   0   0   0   0   0   0  50  0.23 0.00
   64 P   -1 -2 -2 -2 -3 -1 -1 -2 -2 -3 -3 -1 -3 -4  8 -1 -1 -4 -3 -3    0   0   0   0   0   0   0   0   0   0   0   0   0   0 100   0   0   0   0   0  2.05 0.01
   65 A    3 -2 -2 -3 -1 -2 -2 -1 -2  1  0 -1  0 -2 -2  0  0 -3 -2  3   50   0   0   0   0   0   0   0   0   0   0   0   0   0   0   0   0   0   0  50  0.21 0.00
   66 R   -2  4  1  4 -4  0  1 -2 -1 -3 -3  1 -2 -3 -2 -1 -1 -4 -2 -3    0  50   0  50   0   0   0   0   0   0   0   0   0   0   0   0   0   0   0   0  0.56 0.00
   67 G    0 -2 -1 -1 -3 -2 -2  4 -2 -3 -3 -1 -3 -4  6 -1 -1 -3 -3 -3    0   0   0   0   0   0   0  50   0   0   0   0   0   0  50   0   0   0   0   0  1.09 0.00
   68 D   -2 -2  1  6 -4  0  2 -1 -1 -3 -4 -1 -3 -4 -2  0 -1 -4 -3 -3    0   0   0 100   0   0   0   0   0   0   0   0   0   0   0   0   0   0   0   0  0.93 0.00
   69 K   -1  5  0 -1 -3  1  0 -2 -1 -3 -2  4 -1 -3 -2 -1 -1 -3 -2 -3    0  50   0   0   0   0   0   0   0   0   0  50   0   0   0   0   0   0   0   0  0.56 0.00
   70 K    0  1  0  0 -1  1  1 -1  0 -1 -1  3 -1 -1  0  0  0 -1 -1 -1    4   3   2   3   1   2   3   4   1   3   5  53   1   2   3   4   3   1   2   3  0.17 0.00
   71 R   -1  4  0 -1 -2  1  0 -1  0 -1 -1  1 -1 -1 -1  0  0 -1 -1 -1    4  53   2   3   1   2   3   4   1   3   5   3   1   2   3   4   3   1   2   3  0.24 0.00
   72 A    3 -1 -1 -1  0  0  0  0 -1 -1 -1  0 -1 -1  0  1  0 -1 -1  0   54   3   2   3   1   2   3   4   1   3   5   3   1   2   3   4   3   1   2   3  0.14 0.00
   73 R   -2  6  0 -2 -4  1  0 -2  0 -3 -2  2 -1 -3 -2 -1 -1 -3 -2 -3    0 100   0   0   0   0   0   0   0   0   0   0   0   0   0   0   0   0   0   0  0.75 0.00
   74 R   -2  6  0 -2 -4  1  0 -2  0 -3 -2  2 -1 -3 -2 -1 -1 -3 -2 -3    0 100   0   0   0   0   0   0   0   0   0   0   0   0   0   0   0   0   0   0  0.75 0.00
   75 P   -1 -2 -2 -2 -3 -1 -1 -2 -2 -3 -3 -1 -3 -4  8 -1 -1 -4 -3 -3    0   0   0   0   0   0   0   0   0   0   0   0   0   0 100   0   0   0   0   0  2.05 0.01
   76 G    0 -1  0 -1 -1 -1 -1  4 -1 -2 -2 -1 -1 -1 -1  0 -1 -1 -1 -1    4   3   2   3   1   2   3  54   1   3   5   3   1   2   3   4   3   1   2   3  0.33 0.00
   77 V    0 -1 -1 -1 -1 -1 -1 -1 -1  2  0 -1  0 -1 -1 -1  0 -1 -1  3    4   3   2   3   1   2   3   4   1   3   5   3   1   2   3   4   3   1   2  53  0.07 0.00
   78 P   -1 -2 -2 -2 -3 -1 -1 -2 -2 -3 -3 -1 -3 -4  8 -1 -1 -4 -3 -3    0   0   0   0   0   0   0   0   0   0   0   0   0   0 100   0   0   0   0   0  2.05 0.01
   79 A    3  0 -1 -1 -1  4  1 -1  0 -2 -2  0 -1 -3 -1  1  0 -2 -2 -1   50   0   0   0   0  50   0   0   0   0   0   0   0   0   0   0   0   0   0   0  0.34 0.00
   80 R   -2  6  0 -2 -4  1  0 -2  0 -3 -2  2 -1 -3 -2 -1 -1 -3 -2 -3    0 100   0   0   0   0   0   0   0   0   0   0   0   0   0   0   0   0   0   0  0.75 0.00
   81 E   -1  0  0  1 -3  4  4 -2  0 -3 -3  1 -1 -3 -1  0 -1 -3 -2 -2    0   0   0   0   0  50  50   0   0   0   0   0   0   0   0   0   0   0   0   0  0.60 0.00
   82 D   -2 -2  1  6 -4  0  2 -1 -1 -3 -4 -1 -3 -4 -2  0 -1 -4 -3 -3    0   0   0 100   0   0   0   0   0   0   0   0   0   0   0   0   0   0   0   0  0.93 0.00
   83 K   -1  2  0 -1 -3  4  1 -2  0 -3 -2  4 -1 -3 -1  0 -1 -3 -2 -2    0   0   0   0   0  50   0   0   0   0   0  50   0   0   0   0   0   0   0   0  0.49 0.00
   84 K   -1  1  1  4 -3  1  1 -2 -1 -3 -3  3 -2 -3 -1  0 -1 -4 -3 -3    0   0   0  50   0   0   0   0   0   0   0  50   0   0   0   0   0   0   0   0  0.51 0.00
   85 R   -2  6  0 -2 -4  1  0 -2  0 -3 -2  2 -1 -3 -2 -1 -1 -3 -2 -3    0 100   0   0   0   0   0   0   0   0   0   0   0   0   0   0   0   0   0   0  0.75 0.00
   86 A    3 -2 -2 -2 -1 -1 -1 -1 -2 -2 -2 -1 -2 -3  6  0 -1 -3 -2 -1   50   0   0   0   0   0   0   0   0   0   0   0   0   0  50   0   0   0   0   0  0.89 0.00
   87 P   -1 -2 -2 -2 -3 -1 -1 -2 -2 -3 -3 -1 -3 -4  8 -1 -1 -4 -3 -3    0   0   0   0   0   0   0   0   0   0   0   0   0   0 100   0   0   0   0   0  2.05 0.01
   88 R   -1  4  0 -1 -2  1  0 -1  0 -1 -1  1 -1 -1 -1  0  0 -1 -1 -1    4  53   2   3   1   2   3   4   1   3   5   3   1   2   3   4   3   1   2   3  0.24 0.00
   89 P    0 -1 -1 -1 -1  0  0 -1 -1 -1 -1  0 -1 -2  6  0  0 -1 -1 -1    4   3   2   3   1   2   3   4   1   3   5   3   1   2  53   4   3   1   2   3  0.76 0.00
   90 G    0 -1  0 -1 -1 -1 -1  4 -1 -2 -2 -1 -1 -1 -1  0 -1 -1 -1 -1    4   3   2   3   1   2   3  54   1   3   5   3   1   2   3   4   3   1   2   3  0.33 0.00
   91 V   -1 -2 -3 -3 -1 -1 -2 -3 -2  2  2 -2  4  0 -3 -2  0 -2 -1  3    0   0   0   0   0   0   0   0   0   0   0   0  50   0   0   0   0   0   0  50  0.27 0.00
   92 P   -1 -2 -2 -2 -3 -1 -1 -2 -2 -3 -3 -1 -3 -4  8 -1 -1 -4 -3 -3    0   0   0   0   0   0   0   0   0   0   0   0   0   0 100   0   0   0   0   0  2.05 0.01
   93 T   -1  4  0 -1 -2  0 -1 -2 -1 -2 -2  1 -1 -3 -2  1  3 -3 -2 -1    0  50   0   0   0   0   0   0   0   0   0   0   0   0   0   0  50   0   0   0  0.39 0.00
   94 R   -2  6  0 -2 -4  1  0 -2  0 -3 -2  2 -1 -3 -2 -1 -1 -3 -2 -3    0 100   0   0   0   0   0   0   0   0   0   0   0   0   0   0   0   0   0   0  0.75 0.00
   95 G   -1 -2  1  4 -3 -1  0  4 -2 -4 -4 -1 -3 -3 -2  0 -1 -3 -3 -3    0   0   0  50   0   0   0  50   0   0   0   0   0   0   0   0   0   0   0   0  0.66 0.00
   96 D   -2 -2  1  6 -4  0  2 -1 -1 -3 -4 -1 -3 -4 -2  0 -1 -4 -3 -3    0   0   0 100   0   0   0   0   0   0   0   0   0   0   0   0   0   0   0   0  0.93 0.00
   97 K   -1  2  0 -1 -3  4  1 -2  0 -3 -2  4 -1 -3 -1  0 -1 -3 -2 -2    0   0   0   0   0  50   0   0   0   0   0  50   0   0   0   0   0   0   0   0  0.49 0.00
   98 K    0  1  0 -1 -3  0  0  4 -1 -3 -3  3 -2 -3 -2  0 -1 -3 -3 -3    0   0   0   0   0   0   0  50   0   0   0  50   0   0   0   0   0   0   0   0  0.49 0.00
   99 R   -1  5  0 -1 -3  4  1 -2  0 -3 -2  2 -1 -3 -2 -1 -1 -3 -2 -3    0  65   0   0   0  35   0   0   0   0   0   0   0   0   0   0   0   0   0   0  0.62 0.02
  100 A    3  0 -1 -1 -1  3  0  0 -1 -2 -2  0 -1 -3 -1  1  0 -3 -2 -1   65   0   0   0   0  35   0   0   0   0   0   0   0   0   0   0   0   0   0   0  0.33 0.02
  101 P   -1 -2 -2 -2 -3 -2 -1 -2 -2 -3 -3 -1 -3 -4  8 -1 -1 -4 -3 -3    0   0   0   0   0   0   0   0   0   0   0   0   0   0 100   0   0   0   0   0  2.12 0.05
  102 R   -1  5  0 -1 -4  1  0 -2 -1 -3 -3  4 -2 -3 -2 -1 -1 -3 -2 -3    0  49   0   0   0   0   0   0   0   0   0  51   0   0   0   0   0   0   0   0  0.60 0.03
  103 L   -2  2 -1 -2 -3 -1 -1 -3  4 -1  1  0  0  3 -3 -2 -2 -1  1 -1    0  24   0   0   0   0   0   0  26   0  25   0   0  25   0   0   0   0   0   0  0.25 0.02
  104 G    3 -2  0  3 -2 -1  0  3 -2 -2 -3 -1 -2 -3 -1  0 -1 -3 -3 -1   51   0   0  24   0   0   0  25   0   0   0   0   0   0   0   0   0   0   0   0  0.36 0.02
  105 V   -1 -2  3  3 -2 -1 -1 -2 -1  0  1 -1  0 -1 -2 -1 -1 -3 -2  1    0   0  26  24   0   0   0   0   0   0  25   0   0   0   0   0   0   0   0  25  0.18 0.02
  106 P   -1 -2 -1 -2 -2 -1 -1 -2  0 -2 -2 -1 -2  0  6  1  0 -1  3 -2    0   0   0   0   0   0   0   0   0   0   0   0   0   0  49  25   0   0  26   0  0.85 0.03
  107 A    2 -1 -1 -1 -1 -1 -1 -1 -2 -2 -2 -1 -1 -3  4  2  2 -3 -2 -1   25   0   0   0   0   0   0   0   0   0   0   0   0   0  24  26  25   0   0   0  0.47 0.02
  108 R   -1  3  0 -1 -2  3  0 -2 -1 -2 -2  1 -1 -3 -2  1  3 -3 -2 -1    0  25   0   0   0  24   0   0   0   0   0   0   0   0   0   0  51   0   0   0  0.36 0.03
  109 G   -1  2  3 -1  5 -1 -1  2 -1 -3 -3  0 -2 -3 -2  0 -1 -3 -2 -2    0  24  26   0  25   0   0  25   0   0   0   0   0   0   0   0   0   0   0   0  0.38 0.02
  110 D    0 -1  0  3 -2 -1  0 -1 -1 -3 -3 -1 -2 -3  4  3  0 -4 -2 -2    0   0   0  25   0   0   0   0   0   0   0   0   0   0  24  51   0   0   0   0  0.55 0.03
  111 K    1  2 -1 -1 -2  1  0 -1 -1 -3 -2  4 -1 -3 -1  0 -1 -3 -2 -2   24   0   0   0   0   0   0   0   0   0   0  76   0   0   0   0   0   0   0   0  0.41 0.03
  112 K   -1  0 -1 -2 -2  0 -1 -2  1 -2 -2  2 -1  1 -2  1  0  1  5 -2    0   0   0   0   0   0   0   0   0   0   0  25   0   0   0  26   0   0  50   0  0.37 0.03
  113 R   -1  5 -1 -2  5  0 -1 -3 -1 -3 -2  1 -2 -3 -3 -1 -1 -3 -2 -2    0  77   0   0  23   0   0   0   0   0   0   0   0   0   0   0   0   0   0   0  0.70 0.06
  114 A    2  0  3  2 -2  0  0 -1 -1 -2 -3  1 -2 -3 -1  0  0 -3 -2 -2   40   0  23  19   0   0   0   0   0   0   0  18   0   0   0   0   0   0   0   0  0.28 0.03
  115 R   -1  4  0  0 -3  1  2 -2 -1 -3 -3  2 -2 -3 -2  1  0 -3 -2 -2    0  40   0   0   0   0  19   0   0   0   0  18   0   0   0  23   0   0   0   0  0.42 0.03
  116 R   -1  5 -1 -2 -3  1  0  2 -1 -3 -3  3 -2 -3 -2 -1 -1 -3 -2 -3    0  62   0   0   0   0   0  20   0   0   0  18   0   0   0   0   0   0   0   0  0.56 0.04
  117 P   -1 -3 -3 -3 -3 -2 -2 -3 -3 -1 -2 -2 -2 -2  6 -2 -1  7 -1  0    0   0   0   0   0   0   0   0   0   0   0   0   0   0  59   0   0  23   0  18  1.26 0.06
  118 G    2 -2 -1 -2 -2 -2 -2  4 -2 -2 -2 -2 -1  3 -2  0 -1 -2  0 -1   38   0   0   0   0   0   0  40   0   0   0   0   0  23   0   0   0   0   0   0  0.37 0.03
  119 V   -1 -1 -1  3 -3  0  3 -2 -1 -1 -2  0 -2 -3  3 -1 -1 -4 -2  0    0   0   0  23   0   0  38   0   0   0   0   0   0   0  20   0   0   0   0  20  0.44 0.03
  120 P   -1 -3 -2 -2 -3 -2 -2  1 -3 -3 -3 -1 -3 -4  7 -1 -2 -4 -3 -3    0   0   0   0   0   0   0  17   0   0   0   0   0   0  83   0   0   0   0   0  1.72 0.09
  121 T    1  1  0 -1 -2  2  0 -1 -1 -2 -2  3 -1 -3 -1  1  3 -3 -2 -1   17   0   0   0   0  17   0   0   0   0   0  33   0   0   0   0  33   0   0   0  0.29 0.05
  122 R   -2  3  0  4 -3 -1  0 -2 -2 -1  0  0 -1 -2 -2 -1 -1 -4 -2  0    0  26   0  47   0   0   0   0   0   0  13   0   0   0   0   0   0   0   0  13  0.36 0.07
  123 G    1  1 -1 -2  5 -1 -2  2 -2 -2  0 -1 -1 -2 -2  1 -1 -3 -2 -1   10  13   0   0  25   0   0  23   0   0  13   0   0   0   0  16   0   0   0   0  0.28 0.05
  124 G   -1 -1 -1  1 -2  2  1  2 -1 -1  0 -1  2 -2 -2 -1 -1 -2 -2 -1    1   1   1  13   0  15  11  22   0   1  13   1  18   0   1   1   1   0   0   1  0.16 0.04
  125 V   -2  1  0  4 -3  1  2 -2  3 -1 -2  0 -2 -3 -2 -1 -1 -3 -2 -1    1   8   0  40   0   6  16   1  11   6   1   0   0   0   0   1   0   0   0   7  0.40 0.10
  126 A    3  0 -2 -2 -2 -2 -2  0 -3  0 -2 -2 -2  0 -2  3  0 -4 -2 -1   39   5   0   0   0   0   0   5   0   9   0   0   0   5   0  36   2   0   0   0  0.43 0.24
  127 R    0  0 -4 -1 -4 -3 -4 -4 -4 -4 -4 -4 -1 -2 -5 -1 -4 11 -1 -4    8   7   0   4   0   0   0   0   0   0   0   0   2   0   0   4   0  71   0   0  2.52 0.55
  128 S    1 -2  0 -2 -2 -2 -2 -1 -3 -3 -2 -1 -2 -3  5  3  2 -4 -3 -2   12   0   4   0   0   0   0   4   0   0   4   2   0   0  28  30  15   0   0   0  0.60 0.24
  129 G    2 -1  0  0 -2 -1 -1  2 -2 -3 -3  0 -2 -2  0  2  1 -3 -3 -2   27   2   4   3   0   1   1  20   0   0   1   5   0   2   3  22   8   0   0   0  0.33 0.16
  130 N   -1  1 -1 -2 -3  0  0 -3  2 -1 -1 -1 -2 -3  5  1  0  0 -2  1    1   8   3   0   0   3   4   1   7   2   5   0   0   0  32  13   4   2   0  15  0.47 0.18
  131 D    0  0  2  3 -3  1  3 -1  0 -3 -3  0 -2 -2  2  0 -1 -3 -2 -2    9   3  11  18   0   8  22   4   2   0   1   1   0   2  12   5   1   0   0   1  0.35 0.14
  132 G    1 -1 -1 -3 -2 -2 -3 -1 -3  2  1 -2 -1 -2 -3 -1  0 -3 -2  4   16   3   3   0   0   0   0   5   0  10  10   0   0   0   0   1   6   0   0  42  0.31 0.18
  133 P   -3  0 -4  0 -5 -3 -1 -4 -4 -5 -5 -3 -5 -6  8 -3 -3 -6 -5 -5    0   5   0   5   0   0   3   0   0   0   0   0   0   0  84   0   0   0   0   0  2.29 0.59
  134 R    1  2 -1  0 -3  2  2 -1 -2 -3 -3  1 -2 -4  0  1  1 -4 -2 -2   14  15   0   2   0   9  13   4   0   0   1  11   0   0   3  13  12   0   1   2  0.27 0.16
  135 V   -2 -2 -3 -4 -2 -1 -3 -4 -4  3  3 -3  0 -1 -2 -1  0 -3 -2  3    0   2   0   0   0   3   0   0   0  16  32   0   0   2   1   5   7   0   0  30  0.42 0.22
  136 P   -3 -5 -4 -2 -5 -4 -3 -5 -5 -5 -5 -4 -5 -6  8  0 -4 -6 -5 -5    0   0   0   2   0   0   1   0   0   0   0   0   0   0  89   6   0   0   0   0  2.61 0.72
  137 L    1  0 -1  0 -2 -1 -1  3 -2 -2 -1 -1 -2 -2 -1  0  0  4 -2 -1   15   7   2   6   0   2   3  24   0   1   6   2   0   1   2   8   4   8   0   6  0.20 0.12
  138 A    1  0 -1 -1 -2  1 -1 -1 -2 -1  0  0 -1 -1  2  1  0  1  0  0   17   4   2   1   0   6   2   2   0   1  15   5   0   2  12  11   7   2   3   7  0.12 0.10
  139 L    1 -1 -1  0 -2 -1  0  2  0 -1  0 -1  1 -2  2  0  0 -2 -2 -1   11   2   2   5   0   1   9  16   3   2  14   3   5   1  13   5   4   0   1   3  0.12 0.08
  140 L    0  1 -2 -1 -3 -2 -2  1 -2 -2 -1 -1 -2 -3  5  0  0 -1  0 -1    6  11   1   3   0   1   2  11   0   2   5   1   0   1  36   6   5   1   4   4  0.54 0.21
  141 G    0  0  0  1  0  0  1  1 -1 -1 -2 -1 -2 -2  2  1  0 -2 -2  0    5   5   4  11   2   5   9  13   0   2   4   1   0   1  12  14   3   0   1   9  0.15 0.08
  142 A    1  0  0 -1  0  0  0  1 -1 -1 -2  0 -1 -2  2  1  2 -2 -2 -1   15   5   3   2   3   6   3  13   1   2   3   4   1   1   9  10  16   0   1   4  0.15 0.08
  143 Y   -1 -1 -1 -1 -2  1  1  0  2 -1  0  0 -1 -2  4  0  0 -2  1  0    2   3   1   2   0   5   8   7   8   1  11   7   1   1  20   7   4   0   5   6  0.20 0.10
  144 Y    0  0  0 -1  0  0 -1 -1  1  0  1 -1  0 -1  1  1 -1 -2 -1  1    5   5   5   3   2   6   3   3   4   1  19   3   1   1   7  12   2   0   2  16  0.05 0.06
  145 P   -1 -2 -1 -1 -2 -1  0  1 -2 -2 -1  0 -2 -3  6 -1  0 -3 -2 -2    4   2   3   2   1   1   5  11   1   2   6   6   1   1  44   2   6   0   1   2  0.74 0.21
  146 G    0  1  0  0 -1 -1  0  3  0 -2 -2  0 -1 -2  0  0  1 -2 -1 -1    9  10   3   5   1   2   6  26   2   2   4   3   1   2   3   7  10   1   1   4  0.16 0.06
  147 H    0  1  0  0 -1  0  1  1  2 -1 -1  0 -1 -1  1  1  0 -1 -1 -1    8  10   3   3   1   4   8  11   7   4   6   5   1   2   7  10   3   1   1   3  0.09 0.03
  148 V    0 -1 -1 -2 -2 -1 -1 -1 -2  1  1 -1  5 -1  1 -1  0 -2 -1  1    8   3   3   2   1   2   3   6   1   6  10   2  25   1   6   4   4   0   1  13  0.21 0.13
  149 T    1 -1  0 -1 -1  1  0 -2 -1 -2 -2 -1  3 -2  3  1  1 -3 -2  0   12   2   4   3   1   7   4   2   1   1   2   3  13   1  16  10  10   0   1   6  0.23 0.16
  150 I   -3 -4 -5 -5 -3 -4 -4 -5 -4  2  4 -4  5 -1 -3 -2 -3 -4 -3  1    0   0   0   0   0   0   0   0   0  10  50   0  20   2   1   3   0   0   0   9  0.93 0.43
  151 R   -2  5 -2 -2 -3  1 -1 -4  1 -4 -2  4 -1 -2 -2  0 -1  0 -1 -3    2  36   1   1   1   6   3   0   4   0   3  24   2   2   2   5   2   2   2   2  0.63 0.35
  152 L   -3 -4 -5 -5 -3 -4 -5 -5 -5  4  5 -5  0  0 -5 -4 -3 -4 -3  2    0   0   0   0   0   0   0   0   0  22  58   0   1   3   0   0   0   0   0  13  1.05 0.47
  153 Y   -4 -3 -3 -5 -5 -4 -4 -5  5 -2 -2 -3 -1  5 -5 -3 -3  1  7 -3    0   1   1   0   0   0   0   0  14   1   2   1   1  25   0   1   2   2  45   1  1.51 0.60
  154 D   -4 -4  5  7 -6 -3 -2 -4 -4 -6 -6 -3 -5 -6 -4 -1 -4 -6 -5 -6    0   0  26  66   0   0   0   0   0   0   0   0   0   0   0   4   0   0   0   0  1.83 0.71
  155 T   -2 -3 -2 -4 -4 -4 -4 -3 -4 -4 -4 -4 -4 -3 -4  3  7 -5 -5 -3    2   1   1   0   0   0   0   1   0   0   1   0   0   1   0  24  66   0   0   1  1.46 0.75
  156 S    4 -2 -4 -4 -3 -2 -3 -2 -2 -1  2 -1  2 -1 -3  0 -1 -4 -1  0   39   2   0   0   0   1   0   1   1   1  27   3   6   2   1   7   2   0   2   5  0.46 0.37
  157 A    0  1 -1  3 -1 -1 -2 -3 -1 -4 -3 -2 -3 -4 -3  2  5 -5 -4 -2    8   7   2  15   1   1   1   1   1   0   2   1   0   0   0  18  38   0   0   2  0.62 0.45
  158 R   -2  5  0 -1 -2  3 -1  3 -1 -5 -4  1 -4 -5 -4 -2 -2 -5 -4 -5    2  36   5   3   1  14   2  25   1   0   1   7   0   0   0   1   1   0   0   0  0.80 0.48
  159 Q    0  2  0  0 -3  3  1  0 -2 -3 -3  1 -1 -4 -3  1  1 -4 -3 -1    6  12   3   3   0  16  11   7   0   1   1  10   1   0   0  13  11   0   0   4  0.29 0.25
  160 I   -2  0 -1 -3 -3 -1 -1 -4 -3  2  1  3 -1 -2  0 -2 -1 -4 -1  3    1   4   2   1   0   2   2   0   0  10  18  23   0   1   5   1   4   0   2  24  0.30 0.27
  161 R   -1  4 -1 -1 -4  0  3 -3  1 -2 -3  2 -3 -4 -2 -2  0 -5 -4  2    3  25   1   3   0   2  22   1   3   2   1  12   0   0   1   2   5   0   0  16  0.47 0.35
  162 D    0  0 -1  1 -4 -1  3 -3 -1 -3 -3  0 -3 -3  5 -2  0 -5 -4 -2    8   4   2   9   0   2  18   1   1   2   2   7   0   1  30   2   7   0   0   3  0.60 0.36
  163 F   -1 -4 -4 -4 -3 -4 -4 -4 -4  0  1 -4  0  5 -1 -2  0 -3  1  3    5   0   0   0   0   0   1   1   0   2  14   0   2  31   3   3   7   0   3  27  0.66 0.38
  164 A    1  0  0  0 -3  0  1 -1  0  0 -1  1 -1 -3 -1  0  1 -3 -1  1   13   4   4   4   0   4  10   4   2   6   4  11   0   0   2   6  11   0   1  14  0.09 0.13
  165 P    0 -1 -3 -2  1 -3 -2 -2 -4 -2 -1 -3 -3 -4  7 -2  0 -4 -4 -1    6   4   1   2   3   1   2   3   0   2   5   1   0   1  55   3   7   0   0   4  1.20 0.53
  166 L    0  0 -1  0 -2  0 -1 -1 -2  2  1 -1  1 -2  0 -1  0  0 -2  1    6   5   3   6   0   5   4   6   0  17  18   2   4   1   6   3   4   2   1   7  0.07 0.09
  167 T    1  0  2  2 -3  0  1  0  2 -2 -2  0 -2 -3  0  0  0  0 -1 -1   12   4  13  14   0   3   9   5   7   2   3   5   0   0   4   3   7   2   2   4  0.17 0.16
  168 P    0 -3 -1  2 -4  0  1  2  0 -4 -3  1 -4 -5  4  0 -1 -5 -4 -2    7   0   2  10   0   3  11  20   3   0   3   8   0   0  23   6   2   0   0   2  0.48 0.32
  169 G    0  0  2  1  2  1  0  2  1 -4 -4  1 -3 -4  2  0 -1 -4 -4 -4    9   6   9  10   4   5   7  18   4   0   0   7   0   0   9   7   4   0   0   0  0.30 0.23
  170 C    0  0  0  0  2  0  0  0  1  0 -1  0  1  0  1  0  0 -3 -1  0    6   6   5   6   5   5   6   6   5   6   6   6   5   5   6   6   6   0   0   6  0.03 0.07
  171 V    3 -4 -4 -5 -3 -3 -4 -3 -5  3  0 -4 -1 -2 -2 -2 -2 -5 -3  5   26   0   0   0   0   0   0   1   0  16   7   0   0   1   2   0   1   0   0  46  0.73 0.31
  172 S   -2  3  3 -2 -4 -1 -1  1 -1 -4 -4  2 -3 -5 -3  2  2 -5 -4 -4    1  22  16   0   0   0   2  12   1   0   0  15   0   0   0  15  15   0   0   0  0.54 0.27
  173 I   -4 -5 -5 -6 -4 -4 -5 -6 -5  4  1 -5  8  1 -5 -5 -3  5 -2  1    0   0   0   0   0   0   0   0   0  25  11   0  42   5   0   0   0   7   1   9  1.29 0.45
  174 Y   -6 -5 -6 -7 -6 -5 -6 -7  1 -5 -5 -6 -5  3 -7 -5 -5 -2  9 -5    0   0   0   0   0   0   0   0   3   0   0   0   0   9   0   0   0   0  88   0  2.89 0.78
  175 L   -1 -5 -3 -5 -1 -4 -5 -4 -5  1  0 -5 -1 -3 -5 -2  0 -5 -2  6    5   0   1   0   1   0   0   0   0   4   8   0   1   1   0   3   5   0   1  70  1.07 0.42
  176 C   -4 -7 -1 -7 11 -7 -7 -3 -7 -5 -5 -7 -5 -6 -7 -5 -1 -6 -6 -5    0   0   3   0  91   0   0   3   0   0   0   0   0   0   0   0   4   0   0   0  3.53 0.86
  177 G   -3 -6 -4 -5 -6 -5 -5  7 -5 -7 -7 -5 -6 -7 -5 -3 -1 -6 -6 -6    0   0   0   0   0   0   0  96   0   0   0   0   0   0   0   0   4   0   0   0  2.35 0.66
  178 A    0 -5 -5 -5 -4 -4 -4 -5 -5  4 -3 -4  0 -4  7 -3 -3 -5 -5  0    6   0   0   0   0   0   0   0   0  29   1   0   3   0  53   2   0   0   0   4  1.50 0.48
  179 T   -3 -4 -3 -4 -4 -4 -4 -5 -5 -1 -4 -4 -4 -5 -4  0  8  1 -5 -3    0   0   0   0   0   0   0   0   0   3   0   0   0   0   0   5  89   2   0   0  1.99 0.69
  180 V   -3 -5 -5 -5 -4 -4 -5 -5 -5  0 -2 -4 -3 -4  5 -4 -2 -5 -1  5    0   0   0   0   0   0   0   0   0   3   2   0   0   0  34   0   2   0   3  55  1.38 0.51
  181 Q   -2 -5 -5 -6 -6 -1 -5 -6 -2 -5 -5 -5 -4 -1 -6 -3 -5 -2  9 -3    3   0   0   0   0   4   0   0   0   0   0   0   0   0   0   2   0   0  88   2  2.66 0.78
  182 A   -2 -3  4  7 -5 -3 -2  1 -3 -6 -6 -3 -5 -6 -4 -1 -2 -6 -5 -5    3   1  20  59   0   0   0  11   0   0   0   1   0   0   0   3   2   0   0   0  1.38 0.49
  183 A    2  1  0  2 -3 -1 -1 -3  1 -1 -1 -1 -2  0 -1  1  0 -2  4  0   18   8   4  12   0   1   1   0   4   2   4   1   1   2   2  10   6   0  18   6  0.20 0.18
  184 P    2 -4 -3 -4  2 -3 -3 -4 -4  1  0 -3 -1 -1  4 -1  4 -4 -3  1   18   0   0   0   5   0   0   0   0  10   8   0   1   3  18   2  28   0   0   8  0.54 0.30
  185 H   -6 -4 -4 -5 -7 -1 -4 -6 11 -8 -7 -5 -6 -5 -6 -5 -6 -7 -2 -7    0   0   0   0   0   3   0   0  97   0   0   0   0   0   0   0   0   0   0   0  3.74 1.00
  186 I   -2 -5 -6 -6 -4 -5 -5 -6 -5  5  4 -5  3 -2 -5 -3 -3 -5 -4  1    2   0   0   0   0   0   0   0   0  44  39   0   6   0   0   2   0   0   0   7  1.11 0.43
  187 G   -3 -6 -4 -5 -6 -5 -6  7 -6 -8 -7 -5 -6 -7 -6 -4 -5 -6 -7 -7    0   0   0   0   0   0   0 100   0   0   0   0   0   0   0   0   0   0   0   0  2.60 0.77
  188 H   -5 -4  6 -3 -6 -2 -4 -5  9 -7 -7 -4 -5 -6 -6 -4 -1 -7 -3 -6    0   0  39   0   0   1   0   0  55   0   0   0   0   0   0   0   4   0   0   0  2.36 0.76
  189 I    6 -4 -5 -5 -1 -4 -4 -1 -5 -1  0 -4  1 -1 -4 -2 -2 -5 -1 -1   72   0   0   0   1   0   0   5   0   3   8   0   3   2   0   0   1   0   2   3  1.09 0.51
  190 R    3  7 -2 -5 -3 -2 -3 -4 -2 -5 -5 -1 -2 -1 -5 -2 -3 -5  1 -4   23  61   2   0   1   0   0   0   0   0   0   1   1   3   0   2   0   0   5   0  1.32 0.56
  191 S   -1 -4  0 -3 -2 -3 -1 -3 -4 -4 -3 -3 -1 -5  5  2  5 -5 -4 -1    4   0   4   0   1   0   4   1   0   0   1   0   1   0  26  16  39   0   0   3  0.89 0.43
  192 G   -1 -4 -4 -4 -4 -3 -4 -2 -2  3  0 -4  2  3 -3 -2 -1 -2  6  0    5   0   0   0   0   1   0   3   0  16  10   0   6  12   1   2   5   0  32   6  0.67 0.32
  193 L   -3 -5 -3 -5 -3 -4 -5 -5 -3  4  3 -5  0 -2 -5 -4 -2 -5 -3  5    0   0   2   0   0   0   0   0   1  20  23   0   2   1   0   0   1   0   0  49  0.99 0.41
  194 N    2 -3 -2 -3  0 -3 -3 -3 -4  0 -1 -3 -1  0 -1  0  3  5 -2  2   22   1   2   1   2   0   0   1   0   6   5   0   1   4   2   7  20   8   0  19  0.37 0.25
  195 F    0 -5 -5 -5 -5 -5 -4 -1 -4 -2 -2 -5 -1  8 -5 -4  0 -1  2 -1    9   0   0   0   0   0   1   5   0   1   1   0   1  64   0   0   7   0   5   4  1.44 0.53
  196 D   -4 -5 -1  8 -7 -4 -2 -4 -4 -6 -7 -4 -6 -6 -5 -4 -5 -7  0 -6    1   0   1  92   0   0   0   1   0   0   0   0   0   0   0   0   0   0   3   0  2.47 0.78
  197 I   -1 -4 -4 -5 -1 -3 -4 -5 -5  3  3 -4  1  2 -4 -3  2 -4 -3  3    4   0   0   0   1   1   0   0   0  16  32   0   2   8   0   0  14   0   0  22  0.62 0.31
  198 M   -1 -5 -5 -6 -4 -4 -5 -5 -5  3  4 -5  3  0 -2 -4 -2 -4 -3  2    5   0   0   0   0   0   0   0   0  19  45   0   8   4   2   0   1   0   0  16  0.82 0.37
  199 R    1  3  1 -3 -3  1 -2 -2  1  0 -1  0 -2  1 -2 -1 -1 -3  1  1   15  19   9   0   0   7   0   1   4   7   4   5   0   8   2   1   2   0   6  10  0.19 0.19
  200 R   -4  8 -3 -5 -7 -2 -1 -6 -4 -7 -6  1 -5 -7 -6 -2 -5 -7 -5 -6    1  84   1   0   0   1   4   0   0   0   0   7   0   0   0   3   0   0   0   0  2.18 0.76
  201 W    1 -4 -5 -5 -2 -2 -4 -3  0  1  1 -4 -1  1 -5 -3 -1  4  6  3   13   0   0   0   0   2   0   1   2   7  14   0   1   3   0   0   3   5  29  20  0.67 0.35
  202 F   -2 -4 -5 -6 -2 -2 -5 -5 -1 -2  5 -2  1  2 -6 -5 -4  7  1 -3    3   0   0   0   1   2   0   0   2   1  60   3   3   7   0   0   0  15   4   0  1.13 0.48
  203 A   -3  6 -2 -3 -5  2  2 -4 -2 -1  0  2 -1 -5 -4 -3 -2 -5 -4 -3    1  44   1   1   0   9  16   0   1   3  10  11   1   0   0   0   1   0   0   1  0.87 0.42
  204 Y    0  0  1  3 -4  0 -1 -3  3 -3 -2 -1  0  1 -4  0 -2  0  4 -2   11   6   7  17   0   3   2   1  10   1   3   2   3   5   0   6   1   1  20   3  0.35 0.24
  205 R    1  1  0 -3  0  1 -1 -2  0  0  2  0  0  1 -1  0 -1 -3 -2 -1   14   7   4   0   2   6   2   2   2   5  25   8   1   8   2   7   3   0   0   2  0.10 0.13
  206 G   -3 -3  0 -2 -6 -3 -3  6 -4 -6 -6  0 -5 -2 -5 -3 -3 -5  2 -5    0   1   5   2   0   1   1  72   0   0   0   7   0   2   0   1   1   0   8   1  1.48 0.56
  207 Y   -2  0 -2 -3 -3 -1 -1 -3  4  0 -1  1 -2  2  1 -2 -2  0  5  0    2   5   1   1   0   2   4   2  10   5   5  11   1   7   7   1   1   1  29   7  0.44 0.27
  208 D   -1  0  2  3 -4  2  2 -3  0 -3 -3  2 -3 -5  0  0  0 -5 -4 -4    5   4  11  21   0   9  15   1   2   1   3  12   0   0   4   6   7   0   0   0  0.42 0.24
  209 V   -3 -5 -6 -6 -4 -5 -5 -6 -6  0  0 -5 -2  0  0 -4  0 -5  0  6    1   0   0   0   0   0   0   0   0   1   6   0   0   3   6   0   6   0   3  74  1.35 0.56
  210 T   -2  2  1 -1 -3  0  1 -3  3  0  0  1 -2  0 -3 -1  2 -3  1  0    2  11   8   2   0   3   8   0  11   7   9  10   0   5   0   1  15   0   4   5  0.18 0.17
  211 F   -5 -3 -5 -6 -3 -2 -5 -6  1 -3  0 -5  1  5 -6 -4 -3 -2  8 -2    0   1   0   0   0   2   0   0   3   0   9   0   4  22   0   1   1   0  54   3  1.61 0.58
  212 V    0 -5 -5 -5  4 -5 -5 -4 -5  3  1 -5 -1 -1 -5 -3 -1 -5 -4  5    9   0   0   0   9   0   0   1   0  15   9   0   1   2   0   1   4   0   0  50  0.87 0.39
  213 R   -1  5 -3 -3 -5  5 -2 -4  3 -3 -2 -1  3 -1 -4  1  0 -4 -3 -3    4  30   0   0   0  27   1   0   6   1   3   0   8   2   0  11   5   0   0   1  0.75 0.40
  214 N   -5 -4  8 -2 -6 -4 -4  1 -3 -6 -7 -1 -6 -6 -5 -1 -4 -7 -5 -6    0   0  83   0   0   0   0   9   0   0   0   3   0   0   0   4   0   0   0   0  2.20 0.74
  215 V   -3 -4 -4 -5 -3 -4 -4 -5 -3  5  0 -4  0  2 -4 -4  1  2  0  3    1   0   0   0   0   0   0   0   1  43   5   0   2  10   0   0   8   2   3  23  0.82 0.36
  216 T   -2 -4 -3  1 -5 -4 -2 -5 -5 -5 -5 -4 -4 -6 -5 -1  7 -6 -5 -4    2   1   0   7   0   0   2   0   0   0   0   0   0   0   0   3  85   0   0   0  1.92 0.75
  217 D   -2 -5 -1  8 -7 -4  0 -3 -5 -7 -7 -4 -7 -7 -5 -4 -5 -8 -7 -7    4   0   1  88   0   0   5   2   0   0   0   0   0   0   0   0   0   0   0   0  2.33 0.76
  218 I   -2 -5 -5 -6  1 -5 -5 -6  2  5 -2 -5 -2 -3 -5 -2 -3 -5 -1  5    3   0   0   0   2   0   0   0   5  38   0   0   0   0   0   4   0   0   2  46  1.17 0.49
  219 D   -5 -5  0  8 -7 -4  0 -1 -5 -3 -4 -4 -6 -7 -5 -4 -5 -8 -7 -6    0   0   3  85   0   0   3   5   0   2   2   0   0   0   0   0   0   0   0   0  2.13 0.72
  220 D   -5 -5 -2  8 -7  0  1 -3 -4 -6 -4 -3 -6 -7 -5 -4 -2 -7 -6 -6    0   0   0  82   0   5   6   2   0   0   2   1   0   0   0   0   2   0   0   0  2.04 0.70
  221 K   -3 -2 -4 -2 -6 -3 -3 -5 -5 -5 -6  7 -5 -7  4 -4 -4 -7 -6 -1    2   0   0   2   0   0   0   0   0   0   0  68   0   0  22   0   0   0   0   6  1.66 0.73
  222 I   -3 -5 -6 -6 -4 -5 -6 -6 -6  7  3 -3  1 -2 -6 -3 -4 -5 -2  0    2   0   0   0   0   0   0   0   0  63  24   2   2   1   0   2   0   0   1   3  1.36 0.57
  223 I   -2 -5 -1 -1 -4 -2 -3 -5 -1  5  2 -4 -1  3 -5 -3 -1 -4 -2  0    3   0   4   3   0   2   1   0   2  45  22   0   1  11   0   1   3   0   1   2  0.73 0.40
  224 R    1  1  3  2 -4  0  3 -2 -2 -2 -3  3 -3 -3 -3 -1 -1 -5 -4 -3   12   5  14   9   0   3  23   2   0   2   2  20   0   1   0   3   3   0   0   1  0.44 0.29
  225 K    1  6 -3 -4 -5 -1 -1 -3 -3 -2 -5  4 -4 -5 -4 -2 -1 -5 -2 -3   14  47   0   0   0   2   4   1   0   2   0  23   0   0   0   2   3   0   1   1  1.04 0.51
  226 A    6  0 -5 -5 -4 -4 -4 -2 -5 -5 -5 -4 -2 -6 -4  1 -3 -6 -2 -2   79   5   0   0   0   0   0   3   0   0   0   0   1   0   0   9   0   0   2   2  1.50 0.72
  227 A    2  2  1  0 -3  1  1 -3  1  0 -1  1 -1 -2 -3 -1 -1 -4 -3 -1   20  11   8   4   0   7  10   0   3   8   6  11   1   2   0   2   2   0   0   4  0.18 0.19
  228 E    1  3 -2  0 -5  2  4 -4 -2 -4 -2  1 -3 -5 -4 -1  0 -5 -4 -3   11  20   1   4   0   9  32   0   1   0   3   9   0   0   0   3   6   0   0   1  0.61 0.38
  229 Q    0 -1  2  3 -2  1  3 -3 -1 -3 -1  0  0 -4 -3 -1  2 -4 -4 -2   10   3  11  15   1   7  21   1   1   0   7   4   2   0   0   2  13   0   0   2  0.33 0.26
  230 N   -3 -3  4  0 -3  0 -2  6  1 -7 -7 -1 -5 -6 -5 -2 -4 -6 -5 -6    1   1  22   4   1   4   2  57   4   0   0   4   0   0   0   2   0   0   0   0  1.29 0.58
  231 R   -1  0 -3 -2 -2 -1  2 -4 -3  2  0  1  2 -2 -3 -1  0 -4 -3  3    2   6   0   2   1   1  15   1   0  13   9   8   7   1   0   3   4   0   0  25  0.28 0.23
  232 P   -1 -1  0  4 -4 -2  0 -2  0 -3 -4  0 -3 -4  2  2  3 -5 -3 -3    2   3   3  25   0   1   3   1   2   1   1   4   0   1  10  20  20   0   1   1  0.52 0.33
  233 W   -2 -4 -4 -4  0 -2  2 -5 -4  2 -3 -4 -1  2  2 -3 -2  8  2 -1    3   0   0   0   2   1  18   0   0  13   1   0   1   8  12   1   3  25   7   4  0.94 0.47
  234 W    0  2 -1  1 -2  1  0 -2 -1 -2 -1  2 -1 -3 -1  0  0  3 -1 -1    8  14   1  10   1   8   6   2   1   2   8  13   2   0   2   8   4   4   2   3  0.16 0.15
  235 S    1 -1 -1  2 -4  1  5 -3  0 -4 -4 -2 -1 -3 -3  0 -1 -5 -4 -1   12   2   1  13   0   5  44   1   2   0   0   1   2   1   0   7   3   0   0   6  0.69 0.41
  236 I   -4 -5 -5 -5 -4 -4 -5 -6 -2  4  5 -5  0  1 -5 -5 -3  3  1  1    0   0   0   0   0   0   0   0   1  23  52   0   1   4   0   0   0   4   6   6  0.98 0.46
  237 G    5 -4 -4 -4  0 -4 -4  1 -4 -4 -3 -2 -4 -5 -3  2  3 -5 -5 -1   46   0   0   0   2   0   0   8   0   0   1   2   0   0   1  14  21   0   0   5  0.82 0.50
  238 Y    2  1  0  4 -4  2  3 -3 -1 -4 -4 -1 -1 -5 -3  0  0 -5 -3 -2   17   7   4  26   0   8  17   0   1   0   1   2   2   0   0   7   6   0   1   2  0.49 0.33
  239 E   -3  5 -1 -2 -5  1  0 -3  0 -3 -2  3 -1  1 -4 -1  0 -4  1 -3    1  32   2   1   0   5   6   1   1   1   3  22   1   7   0   5   4   0   5   1  0.56 0.36
  240 N   -4 -4 -2 -4 -5  3  1 -1  1 -2 -3 -3  2  3 -5 -4  0  1  6 -1    0   0   2   0   0  15  10   5   3   2   1   0   7  12   0   0   5   1  33   4  0.83 0.49
  241 E    0 -2 -3 -3 -4 -1  2 -3 -1  4 -1 -3 -2 -1 -4 -1  2 -4  0  0    9   1   0   0   0   2  17   1   1  33   2   1   0   2   0   3  17   0   3   6  0.46 0.35
  242 R    1  1  1  3 -4  1  2 -2  0 -2 -2  1 -3  0 -2  0 -1 -4 -2 -3   17   9   8  16   0   5  11   2   2   2   3  10   0   6   1   5   3   0   1   0  0.24 0.20
  243 A    2  1 -1  0 -2  2  2 -1  1 -2  1 -1 -1 -1 -2  0 -2 -1  0 -2   18   8   1   5   1  11  16   3   3   1  14   3   1   2   1   5   1   1   4   1  0.19 0.21
  244 F   -1 -6 -6 -6 -5 -5 -6 -6 -3 -1 -2 -6  2  7 -6 -5 -2  2  6 -4    7   0   0   0   0   0   0   0   0   3   2   0   6  51   0   0   2   2  27   0  1.66 0.67
  245 N   -2  2  0 -1 -2  0  0 -4  5 -1  1  0  1  2 -4 -2 -1  1  1 -2    1  12   5   3   1   4   5   0  19   2  18   5   4  10   0   1   3   2   4   1  0.33 0.27
  246 D    0  2  1  2 -4  1  4 -2  0 -2 -3  2 -3 -5 -3  0 -1  0 -4 -3    7  13   6  11   0   5  29   1   2   2   1  11   0   0   0   6   4   1   0   1  0.44 0.31
  247 A   -1 -4 -1  6  0 -2 -1 -4 -1  0  0 -2  1 -4 -4 -2 -2 -5 -4 -1    6   0   2  56   2   1   3   0   1   5   8   2   4   0   0   2   2   0   0   5  0.92 0.48
  248 Y    0  0 -1 -4  2 -2 -2 -4 -3  0  2 -2  6  1 -3 -2 -1  2  0  0    7   5   3   0   4   0   3   1   0   2  22   2  27   6   0   3   4   3   4   5  0.41 0.29
  249 A    1  1  0  2 -3  0  1 -1  1 -3 -2  2 -2 -2 -2  0  0  2 -2 -2   13   7   4  12   0   3  11   3   3   0   3  20   0   2   0   5   6   3   0   2  0.21 0.17
  250 A    3  0  0 -1  1  0  0 -1 -2  0 -1  1  0 -2 -2  1  0 -3  0 -1   31   4   6   3   3   3   5   3   0   5   5   9   2   0   0   7   5   0   4   3  0.15 0.16
  251 L   -3 -4 -5 -5 -3 -4 -4 -5 -4  1  5 -4  2  1 -4 -4 -3 -3  1  0    1   0   0   0   0   0   1   1   0   5  69   0   5   6   0   1   0   0   4   5  1.02 0.45
  252 G   -2  1  5  0 -5 -1 -1  4  2 -5 -5 -1 -4 -2 -4  0 -3 -5 -1 -5    3   8  34   3   0   2   3  29   5   0   0   3   0   2   0   6   0   0   2   0  0.74 0.40
  253 C   -1 -5 -3 -5  4 -5 -5 -4 -5  4 -1 -5  1 -4 -1 -4 -1 -5 -4  5    5   0   1   0   8   0   0   2   0  29   4   0   3   0   3   0   3   0   0  42  0.96 0.45
  254 L   -2  0 -1  0 -3 -1  0 -3 -1  1  3  1  0  0 -3 -1 -1 -2 -1  0    3   5   3   5   0   2   7   1   1   9  37   9   2   4   0   4   2   0   2   5  0.21 0.19
  255 P   -1  1  0 -2 -5 -1  0 -3 -1 -4 -2 -1  1 -3  6 -1  1 -2 -1 -3    4   8   4   2   0   3   5   1   1   1   3   3   4   1  43   5   9   1   2   1  0.84 0.41
  256 P    0 -5 -5 -3 -5 -4 -4 -5 -5  0 -4 -4 -1 -2  8 -2 -4 -6 -1 -1    8   0   0   1   0   0   0   0   0   6   2   0   1   2  69   2   0   0   2   5  1.83 0.68
  257 T   -2  0  1  5 -2  0  0 -3  0 -4 -4 -1 -4 -5 -4  1  3 -5 -3 -2    3   6   6  33   1   5   3   1   2   0   0   2   0   0   0  12  23   0   1   2  0.66 0.37
  258 Y   -1 -2 -2  1  0  0  0 -4  5  2 -1  1 -1  0 -3 -2 -1 -1  2  1    5   1   1  10   3   5   4   0  16  15   4   9   1   3   0   2   2   1   8  11  0.26 0.22
  259 E   -1 -2  1 -2 -2 -1  3 -4  1  1 -1 -2  0  2 -4 -2 -1  0  5 -1    4   2   7   1   1   3  22   0   3   7   6   1   2  10   0   1   3   1  23   4  0.45 0.30
  260 P   -2 -3 -5 -5 -2 -4 -1 -5 -5  3 -3 -4 -4 -5  7 -3  0 -6 -5  2    3   2   0   0   1   0   5   0   0  15   2   0   0   0  52   1   6   0   0  13  1.32 0.56
  261 R   -2  6 -3 -4 -2 -1 -3  2  1 -5 -3  3 -4 -3 -1 -2 -3 -5 -1 -5    3  45   0   0   1   2   0  17   3   0   2  16   0   1   2   2   1   0   3   0  0.92 0.46
  262 A    5 -5 -5 -5 -4 -4 -4 -4 -5  0 -3 -4 -3 -5 -3 -2  0 -6 -5  5   48   0   0   0   0   0   0   0   0   3   0   0   0   0   1   2   5   0   0  39  1.13 0.56
  263 T   -3 -2 -4 -5 -4 -3 -4 -5  0 -1 -4 -4  2 -5 -5  2  6 -6 -5  2    1   2   0   0   0   1   0   0   2   4   0   0   5   0   0  16  57   0   0  13  1.19 0.62
  264 G   -2 -2  0  3 -6  0  6 -2  3 -6 -4 -1 -5 -6 -5 -2 -1 -6 -5 -5    2   2   4  17   0   3  52   3   6   0   1   3   0   0   0   1   4   0   0   0  1.09 0.53
  265 H    1 -3  2 -4 -5 -2 -2 -3  7 -3 -5 -1 -4  1 -4  2  0 -2  4 -2   11   0  11   0   0   1   2   1  27   1   0   3   0   5   0  18   5   1  14   2  0.80 0.43
  266 I   -4 -5 -6 -6 -5 -5 -6 -7 -1  6  1 -2  5 -3 -6 -5 -4 -6 -4  3    0   0   0   0   0   0   0   0   2  53  10   3  16   0   0   0   0   0   0  17  1.40 0.57
  267 T   -1 -2  1  4 -5 -1  1 -1  0 -4 -5 -1 -5 -5  5  0 -1 -6 -1 -4    6   1   7  27   0   3   8   5   2   0   0   3   0   0  26   6   4   0   2   0  0.72 0.37
  268 E   -1 -1 -1  1 -3  2  4 -2  1 -2 -1  0 -1 -4 -3 -1 -1  0 -1 -1    6   3   1   8   1  11  35   3   3   2   6   4   1   0   1   4   2   2   2   5  0.39 0.28
  269 M   -3 -6 -6 -4 -5 -3 -6 -7  0  6 -1 -6  6 -2 -6 -5 -3 -6 -4  3    1   0   0   1   0   1   0   0   3  50   2   0  19   1   0   0   1   0   0  20  1.43 0.58
  270 V    0 -3 -1 -4 -4  1  0 -4 -3  5 -1 -1 -2  0 -3 -2 -2 -5 -2  3    7   1   3   0   0   6   6   1   0  37   3   3   0   4   1   2   1   0   1  25  0.61 0.35
  271 E    2  1  1  2 -4  0  4 -2 -2 -4 -4  1 -4 -2  1  0 -1 -1 -2 -3   16   7   5  10   0   3  29   2   0   0   1   6   0   2   6   7   3   1   1   1  0.40 0.27
  272 M   -1 -3 -3 -2 -4 -2 -4 -4  1  1  3 -2  4  3 -3 -3 -3 -3  3  0    5   1   1   3   0   1   0   1   3   5  27   2  14  14   1   1   1   0  12   7  0.50 0.29
  273 M   -1 -6 -4 -6 -4 -6 -6 -7 -6  6 -1 -6  0 -1 -6 -4 -2 -6 -4  5    5   0   1   0   0   0   0   0   0  52   2   0   1   2   0   1   2   0   0  34  1.41 0.57
  274 R    0  0  0  1 -3  3  4  0 -2 -4 -2  1 -4 -5 -4  0 -2 -5 -3 -2    6   4   3   6   1  12  34   8   1   0   4   9   0   0   0   8   2   0   1   2  0.47 0.30
  275 G    0  3 -1  0 -2  1  1  0 -1 -3 -1  3 -2 -4 -3  0  0 -4 -3 -2    9  18   2   4   1   7   7   7   1   1   6  20   1   0   0   6   6   0   0   2  0.29 0.21
  276 L   -5 -6 -7 -7 -5 -3 -6 -7 -6  2  6 -6  2 -2 -7 -6 -3 -5 -5 -3    0   0   0   0   0   1   0   0   0  10  81   0   5   1   0   0   1   0   0   0  1.69 0.66
  277 I   -3 -1 -5 -3 -2 -2 -2 -6 -1  4  3 -3  1 -2 -5 -4 -3 -2 -1  3    1   4   0   1   1   2   2   0   2  28  32   1   3   1   0   0   1   1   2  19  0.67 0.34
  278 E    2 -1  1  3 -5  0  3 -2  0 -5 -3  1 -4 -3 -2  0 -2 -5 -4 -3   17   2   6  18   0   4  25   2   2   0   2  11   0   1   2   7   2   0   0   1  0.48 0.28
  279 R    1  2  2 -1 -2  2 -1 -2 -1 -2 -3  2 -1 -4  1  1  0 -4 -2 -3   10  11  12   2   1  10   2   2   1   2   2  15   1   0   7  13   7   0   1   1  0.28 0.20
  280 G    0 -2  0  0 -5 -1  0  6 -1 -6 -6 -1 -5 -5 -4 -2 -4 -5 -5 -5    8   3   4   5   0   3   5  63   2   0   0   4   0   0   0   2   0   0   0   0  1.18 0.45
  281 H    2 -1  0 -1 -1 -1 -2 -2  3 -1  0  0 -1  3 -3  0  1 -2  1 -1   20   2   4   3   2   1   2   1   9   2   8   7   2  16   0   4  10   0   5   3  0.20 0.16
  282 A    6 -4 -4 -4 -3 -4 -4 -1 -4  0 -2 -4 -3 -5  1 -2 -1 -5 -4 -1   68   0   0   0   0   0   0   4   0   5   3   0   0   0   8   1   4   0   0   4  1.12 0.48
  283 Y   -5 -5 -5 -6 -5 -5 -5 -6  1 -1 -4 -5 -4 -1 -5 -5  1 -2  9 -1    1   0   0   0   0   0   0   1   3   4   1   0   0   0   0   1   8   0  76   4  2.38 0.76
  284 E    0  1  0  0 -3  1  1 -3  0  0 -1  0  0  0  0 -1  0  4 -2  0    9   9   4   6   0   5  13   0   3   7   4   4   3   5   3   4   4   8   0   8  0.14 0.17
  285 A    0  1  0 -1 -2  0  0 -1  1  0  0  0  0 -2  0  0  0 -3  0  2    8   7   3   3   0   4   4   4   4   5   8   5   3   0   3   6   7   0   4  19  0.05 0.10
  286 D   -1 -2  3  4 -4  1  2  0 -2 -4 -4  1 -4 -4  0  0 -1 -4  0 -4    5   0  13  28   0   5  14   6   0   0   1   9   0   0   4   6   4   0   3   0  0.53 0.34
  287 G   -1 -3  1  2 -4  0 -2  5 -1 -4 -4 -1 -4 -4 -2 -1 -1  2 -4 -3    3   0   5  12   0   4   1  55   2   0   1   4   0   0   1   2   5   3   0   2  0.79 0.36
  288 N   -2 -3  2  6 -1 -2  0  0  2 -2 -4 -2 -4 -4 -3  0  0 -1 -4 -4    2   0  10  52   1   0   4   8   7   2   1   0   0   0   0   4   6   1   0   0  0.88 0.42
  289 V   -2  0 -4 -4  1 -2 -2 -5 -4  2  0 -3 -1 -3 -4 -3 -2  1 -2  6    2   5   0   0   3   1   2   0   0  11   6   0   0   0   0   0   1   2   1  63  0.82 0.43
  290 Y   -4 -4 -2 -5  2 -4 -4 -5  0 -1  0 -2 -1  2 -5 -4 -4  2  8 -1    0   0   2   0   4   0   0   0   1   3   9   2   2   6   0   0   0   3  61   4  1.38 0.57
  291 F   -1 -4 -4 -5 -4 -4 -4 -4  0 -2  0 -4  0  7 -2 -2 -4 -2  3 -2    7   0   0   0   0   0   0   0   2   0   7   0   2  64   2   3   0   0   7   2  1.30 0.53
  292 D    0  3  2  4 -1  0  0 -2  0 -4 -4 -1 -3 -4  0  2 -1 -4 -3 -3    8  17  11  28   1   2   4   2   2   0   1   2   0   0   5  16   1   0   0   0  0.47 0.28
  293 V   -1 -1 -4 -4  0 -3 -4  0 -1  3  0 -2 -1 -3 -2 -2  1 -4 -3  4    4   3   0   0   2   1   0   9   2  15   7   2   1   0   1   1  10   0   1  41  0.49 0.32
  294 R    1  2  0  2 -4 -1  2 -1  0 -4 -3  1 -2 -4 -2  2  0 -5 -3 -3   15  10   3  14   0   2  13   4   2   0   2   7   1   0   1  19   6   0   1   1  0.33 0.27
  295 S    2  0 -1 -1 -4  0  1 -1  2 -4 -4  4 -3 -3 -3  1  1 -5 -1 -3   19   3   3   3   0   2   7   5   5   0   1  27   0   1   1  13   9   0   2   1  0.40 0.33
  296 L    1 -1  0  2 -4 -2 -2 -4 -1  0 -1 -2 -1  4 -4  0  1  1  2  1   11   3   5  11   0   1   2   0   1   4   4   1   1  22   0   6   8   2   6  12  0.27 0.25
  297 P   -1  1 -1  0 -4 -1  1  0  0 -3 -2  1 -3 -4  4  0  1 -5 -4  0    5   7   2   5   0   2  11   7   2   0   3  11   0   0  22   5   9   0   0   8  0.36 0.26
  298 G    1  1  2  3 -4  2  1  0  1 -4 -2  1 -3 -4 -2  0 -1 -4 -3 -3   10   8  12  18   0  10   8   7   4   0   3   8   0   0   1   5   3   0   0   1  0.32 0.24
  299 Y   -2  2 -3 -6 -5 -2 -5 -6 -1 -4 -1 -4 -4  5 -2 -2 -3  0  7 -4    3  10   1   0   0   1   0   0   1   0   6   0   0  22   2   4   1   1  46   0  1.40 0.64
  300 L    1 -5 -1 -4  1 -5 -5  6 -5 -1 -4 -4 -5 -1 -5 -1 -2 -5 -5 -5   12   0   3   0   3   0   0  65   0   4   2   0   0   3   0   4   2   0   0   0  1.31 0.60
  301 S    0  1 -2 -1 -1  1  1  0  0 -3 -2  3 -1 -3 -3  1 -1 -3  3 -2    7   7   1   2   2   6   7   8   2   1   3  22   2   0   0  10   4   0  12   2  0.26 0.23
  302 L   -2 -2 -5 -5 -4 -3  1 -6 -5  1  5 -4  2  1 -5 -2 -2 -5 -4  2    2   2   0   0   0   1   9   0   0   7  52   0   4   6   0   4   1   0   0  12  0.77 0.45
  303 S    1 -3 -1 -1  1 -3 -1 -2 -2 -5 -2 -3 -2 -1 -3  5 -1 -5  0 -2   12   1   2   4   3   0   3   2   1   0   3   1   1   3   1  56   2   0   4   2  0.83 0.55
  304 N   -1  2  4 -1  0  0  0  3  3 -3 -5  0 -2 -5  0 -1 -1 -5 -4 -4    3  12  19   2   2   4   6  26   8   2   0   4   1   0   4   4   4   0   0   1  0.50 0.33
  305 Q   -1  0  0  0  2  0  0 -1  2  0 -1  0  2  1  0 -1  0  4  1 -1    5   5   5   5   5   5   5   5   5   5   5   5   5   5   5   5   5   5   5   5  0.10 0.09
  306 D   -1 -1  3  4 -4 -1  0 -1  0 -2 -4  2 -2 -5 -2  1  1 -5 -4 -2    5   2  14  22   0   2   6   4   2   2   1  15   1   0   1  12   7   0   0   3  0.38 0.30
  307 L    0  2 -2 -2 -3 -1 -1 -2 -1  2  2 -1  1 -1  0 -2 -1 -3 -1  1   11  13   1   1   0   2   5   2   1  12  27   2   2   2   5   1   3   0   1   9  0.18 0.20
  308 D    1 -2  1  4 -4 -1  3 -1  1 -3 -2 -1 -2 -3 -3  1  0 -5 -3 -3   11   1   5  27   0   1  23   3   3   1   4   3   1   1   1   9   4   0   1   1  0.48 0.34
  309 E   -1 -1  1  4 -4  1  4 -3 -1 -4 -3  0  0 -2 -2  0  1 -5 -4 -4    3   2   7  21   0   6  26   1   1   0   2   6   2   2   1   7  10   0   0   0  0.50 0.35
  310 L   -1 -4 -2 -3 -3 -2 -3 -5 -4  1  4 -2  6 -2 -2 -3 -1  2 -1  0    4   0   2   1   0   2   1   0   0   5  40   2  25   0   2   0   4   3   1   6  0.73 0.42
  311 R   -1  1 -1  0 -4  2  3 -3  0  1 -1  1  0 -2 -3 -1 -1 -3  0  0    4   9   3   4   0   8  29   0   3   9   7   8   2   1   0   4   2   0   3   5  0.26 0.22
  312 Q    2  3 -1 -2 -3  1  0 -3  0 -1 -2  0 -2  2 -2  1 -1 -3 -1 -1   19  22   3   1   0   8   4   0   3   3   3   3   0  10   1  11   3   0   1   4  0.24 0.23
  313 P   -2 -4  2 -1 -4 -2 -2  5 -1 -2 -2 -2 -4  0  0 -1 -2 -4 -1 -3    2   0   9   3   0   2   3  54   1   2   4   2   0   5   4   2   2   0   2   1  0.76 0.40
  314 S    2  0  0  1 -3 -1  1  2  0 -2 -2 -1 -1 -1 -2  1 -1 -3 -1 -2   22   5   4   9   0   2  11  18   2   2   2   3   1   3   0   9   3   0   2   2  0.20 0.17
  315 E   -2  5 -1  4 -5  0  2 -2 -1 -2 -3  0 -3 -3 -3  0 -1 -5 -4 -4    2  33   2  25   0   2  12   2   1   3   2   3   0   1   0   9   2   0   0   0  0.67 0.40
  316 D   -2 -2  1  2 -4 -1  3  0 -3  0 -4 -1 -3 -4  4  0 -2 -5 -4 -1    0   1   6  12   0   2  22   9   0   6   1   3   0   0  23   6   2   0   0   6  0.51 0.32
  317 G   -1  0  0  2 -3  1  2  0  0 -1 -1  0 -2 -1 -1  0  0 -3 -1  1    4   5   5  15   0   5  14   8   2   3   4   4   0   2   1   4   6   0   1  15  0.12 0.12
  318 E    0  3  1  2 -3  0  1 -1 -2 -2 -2  0 -1 -3 -3  0  0 -3 -1 -1    8  21   7  15   0   3   8   5   0   2   4   5   1   0   0   6   7   0   2   5  0.22 0.17
  319 T    0 -1  1  2 -3  0  1 -2 -1 -3 -1 -1 -2 -2  4  0  1 -4 -3 -2    8   2   6  11   0   4  11   2   1   0   9   3   0   2  22   7   9   0   0   2  0.33 0.20
  320 G    0  0  1  0 -3  0  0  3  0 -1 -1  0 -2 -1 -2  0  0 -2  1 -1    5   4   8   4   0   4   7  28   2   5   7   4   0   2   1   6   5   0   6   3  0.16 0.11
  321 K   -3  1  1 -3 -5 -1  0 -3 -3 -4 -4  7 -3 -5 -3  0 -3 -5 -4 -4    1   6   5   0   0   0   6   1   0   0   1  72   0   0   0   5   0   0   0   1  1.28 0.51
  322 R   -1  4  0  1 -4  1  2 -2  1 -4 -3  3 -3 -3 -3 -1 -1 -4 -1 -3    5  28   3   8   0   4  12   2   3   0   3  22   0   0   0   3   3   0   2   1  0.46 0.24
  323 D   -2 -2  4  4 -4  0  1 -1  3 -4 -3 -1 -3 -1 -3  0 -2 -4 -1 -4    3   0  26  31   0   2   7   3   8   0   3   3   0   3   0   6   0   0   2   1  0.62 0.30
  324 L    0 -1 -2  0 -4 -1  2 -3 -1 -2 -3  0 -3 -2  6  0 -2 -4 -3 -2    9   3   2   6   0   2  13   1   1   3   3   7   0   1  39   6   2   0   0   3  0.70 0.28
  325 R    0 -1  1 -2 -2  0 -1  0 -1  0  2 -1  1  1 -3  0  0 -2  0 -1    8   3   9   0   0   4   2   9   1   2  31   2   4   5   0   7   4   0   3   3  0.11 0.13
  326 D   -4 -4  2  8  2 -3 -2 -4 -4 -6 -6 -4 -5 -6 -4 -1 -4 -6 -5 -5    0   0   7  81   4   0   0   0   0   0   0   0   0   0   0   4   0   0   0   0  1.96 0.66
  327 F    1 -6 -6 -6  0 -6 -6 -6 -5 -3 -3 -5 -3  8  3 -5 -5  0 -1  0   11   0   0   0   2   0   0   0   0   1   0   0   0  63  15   0   0   1   0   8  1.60 0.58
  328 A    3 -4 -4 -5  1 -4 -4 -4 -5  1  2 -4  1 -3 -2 -1 -1 -5 -4  4   29   0   0   0   3   0   0   0   0   4  25   0   2   0   1   2   3   0   0  30  0.59 0.32
  329 M   -4 -5 -7 -7 -4 -5 -6 -7 -6  0  6 -6  0 -3 -6 -6 -4 -5 -4  1    0   0   0   0   0   0   0   0   0   3  89   0   2   0   0   0   0   0   0   7  1.67 0.59
  330 W   -7 -8 -9 -9 -7 -7 -8 -7 -7 -7 -6 -8 -6 -4 -9 -8 -7 13 -2 -8    0   0   0   0   0   0   0   0   0   0   0   0   0   0   0   0   0 100   0   0  5.10 1.24
  331 K   -4  5 -3 -4 -6  1 -2 -5 -1 -4 -4  6 -1 -6 -4 -3 -4 -6 -5 -4    0  26   0   0   0   5   1   0   1   1   1  62   1   0   0   1   0   0   0   0  1.52 0.58
  332 A    3  0 -1 -2 -3  0  0  0 -2 -3 -2  2  0 -1  2  0 -1 -4  0 -1   29   3   2   1   0   2   6   5   0   1   2  16   2   2  12   8   1   0   3   3  0.26 0.19
  333 A    3 -1  1 -2 -3 -1  1 -2  0 -3 -3 -1  0 -4 -3  2  3 -4 -1 -2   31   3   7   0   0   2   8   2   3   0   0   2   3   0   0  15  19   0   2   2  0.39 0.26
  334 K   -1  5  1  0 -4  0  1 -2 -2 -4 -3  4 -2 -4 -2 -1  0 -4 -4 -2    3  31   7   3   0   2  10   2   0   1   1  25   1   0   1   4   6   0   0   2  0.58 0.29
  335 P   -1 -2  0  2 -4  0  3 -2  0 -2 -2  1 -2 -2  5 -1 -2 -4 -2 -1    5   1   3  10   0   3  20   3   3   2   3   8   0   1  28   3   2   0   1   4  0.50 0.24
  336 G   -2 -2  1  2 -5 -1  0  6 -2 -4 -5 -3 -5 -5 -4 -1 -1 -5 -5 -5    1   1   6  10   0   3   5  64   1   1   0   0   0   0   0   3   4   0   0   0  1.14 0.42
  337 E   -2 -2 -2  1 -4  0  6 -3  1 -3 -2  0 -2 -2 -1 -1 -2 -3 -2 -3    2   1   1   7   0   3  55   2   3   1   3   6   1   2   3   4   2   0   1   2  0.77 0.31
  338 P   -3 -5 -5 -5 -5 -4 -3 -4 -5  3 -2 -4 -2  0  7 -3 -3 -5  0  1    1   0   0   0   0   0   2   1   0  18   3   0   1   3  57   1   1   0   4  10  1.44 0.51
  339 S    1 -1 -1  0  0  0 -1  1 -2 -3 -3  1 -1  0 -3  3  0 -1  0 -2   14   1   2   4   2   3   1  11   1   0   1  11   2   6   0  31   6   1   2   2  0.27 0.22
  340 W   -7 -7 -8 -8 -7 -6 -7 -7 -6 -6 -6 -7 -5  3 -8 -7 -7 12  3 -7    0   0   0   0   0   0   0   0   0   0   0   0   0  11   0   0   0  79  10   0  3.95 1.02
  341 E   -1 -2  2  5 -1  0  3 -3 -1 -5 -5 -1 -5 -5  4 -1 -2 -6 -2 -5    5   1   8  33   2   3  19   0   1   0   0   4   0   0  20   3   1   0   1   0  0.82 0.36
  342 T    1 -4 -3 -4 -4 -3 -3  1 -4 -5 -4 -3  0 -5 -3  6  1 -6 -5 -3    9   0   0   0   0   0   1   8   0   0   1   0   3   0   1  71   6   0   0   1  1.23 0.56
  343 P   -3  0 -3 -2 -6 -2 -2 -1 -5 -6 -4 -1 -5 -6  7  1 -3 -7 -6 -4    1   5   1   1   0   1   2   4   0   0   1   4   0   0  68   9   0   0   0   1  1.77 0.60
  344 W   -6 -4 -7 -5 -4 -5 -6 -6 -3 -2  2 -6 -2  5 -7 -6 -6 11  0 -3    0   1   0   1   0   0   0   0   0   2  17   0   1  22   0   0   0  53   2   1  2.44 0.72
  345 G   -3 -5 -3 -4 -5 -4 -5  7 -5 -6 -6 -3 -5  1 -2  0 -4 -5 -2 -5    0   0   0   0   0   0   0  81   0   0   0   1   0   7   2   6   0   0   1   0  1.74 0.58
  346 R    0  2  0  0 -2  0  1 -3 -1 -2 -1  1 -1 -1  4 -1 -1  1 -1 -1    9  14   4   5   1   4   8   0   1   1   7   9   1   2  21   2   3   2   2   4  0.29 0.17
  347 G   -3 -5 -3 -4 -5 -4 -4  7 -4 -6 -5 -4 -5 -5 -4 -3 -4 -5 -5 -5    1   0   0   0   0   0   0  94   0   0   1   0   0   0   0   0   0   0   0   0  2.13 0.53
  348 R   -4  8 -3 -4 -5 -2 -3 -5 -3 -1 -4 -1 -4  0 -4 -3 -4 -5 -4 -4    1  87   0   0   0   0   0   1   0   4   1   0   0   4   0   0   0   0   0   0  1.97 0.55
  349 P   -4 -5 -5 -4 -5 -4 -4 -5 -5 -5 -5 -4 -5 -6  8 -4 -4 -6 -5 -5    1   0   0   0   0   0   0   1   0   0   1   0   0   0  94   0   0   0   0   0  2.89 0.66
  350 G   -1 -4 -3 -4 -5 -4 -4  7 -4 -5 -5 -4 -5 -5 -4 -2 -4 -5 -5 -5    3   0   0   0   0   0   0  89   0   0   1   0   0   0   0   2   0   0   0   0  1.94 0.50
  351 W   -5 -5 -6 -6 -5 -5 -6 -5 -5 -5 -5 -6 -5 -3 -6 -5 -5 13 -2 -6    1   0   0   0   0   0   0   1   0   0   1   0   0   0   0   0   0  93   0   0  4.37 0.87
  352 H   -4 -3  0 -4 -5 -3 -3 -5 11 -6 -5 -4 -4 -4 -5 -4 -4 -5 -2 -5    1   0   4   0   0   0   0   1  90   0   1   0   0   0   0   0   0   0   0   0  3.07 0.71
  353 L    0 -4 -4 -4 -1 -4 -4 -4 -4  6  0 -4 -1 -2 -4 -1  2 -4 -3  2    6   0   0   0   1   0   0   1   0  55   7   0   0   0   0   3  14   0   0  10  0.82 0.31
  354 E   -3 -3 -3 -1 -5  1  7 -4 -3 -5 -5 -2 -4 -5 -4 -2 -3 -5 -4 -5    1   0   0   0   0   4  89   1   0   0   1   0   0   0   0   2   0   0   0   0  1.92 0.56
  355 C   -4 -6 -5  0 11 -5 -5 -5 -5 -4 -4 -5 -4 -5 -5 -4 -4 -5 -5 -4    1   0   0   5  88   0   0   1   0   0   1   0   0   0   0   0   0   0   0   0  3.25 0.71
  356 S    2 -3 -2 -3  1 -2 -2 -2 -3 -3 -3 -2 -3  0 -1  5  2 -4 -3  1   16   0   0   0   3   0   0   1   0   0   1   0   0   5   2  48  11   0   0  11  0.62 0.30
  357 A    5 -3 -3 -4  0 -3 -3 -2 -3 -2 -2 -3 -1 -3 -3  0  0 -4 -3  2   64   0   0   0   2   0   1   1   0   0   2   0   1   1   0   5   4   0   1  17  0.85 0.35
  358 M   -4 -5 -6 -6 -4 -4 -6 -6 -5  5  1 -5  9 -1 -6 -5 -3 -5 -4 -2    0   0   0   0   0   0   0   0   0  32   9   0  56   2   0   0   1   0   0   0  1.84 0.59
  359 A    4 -4 -2 -4 -2 -3 -3 -2 -4  4 -2 -3 -2 -4 -4  2 -1 -5 -4 -1   46   0   2   0   1   0   0   1   0  25   1   0   1   0   0  20   1   0   0   2  0.76 0.37
  360 H   -1  1  1  0  0  1  1 -2  0 -1  1  0  0 -1 -3  0  1 -2  0 -1    4   9   9   4   2   5  11   1   3   1  19   4   2   1   0   9  11   0   4   2  0.09 0.10
  361 K    0  2  2  2 -2  0  2 -2  2 -4 -4  3 -2 -4 -3  0  0 -4 -1 -3   10  11  11  12   1   2  12   1   6   0   0  22   1   0   0   5   4   0   1   0  0.38 0.20
  362 Y   -2  2 -1 -4 -2 -1 -2 -2  5  0 -1 -1 -2  0 -4 -2  1 -2  5  0    1  11   2   0   1   3   2   3  15   7   6   3   0   3   0   1   9   0  27   8  0.45 0.25
  363 L   -3 -5 -5 -6 -2 -5 -5 -5 -2  2  5 -5  0  5 -5 -3 -4 -3 -1 -1    1   0   0   0   1   0   0   0   1  10  59   0   2  23   0   2   0   0   1   1  1.04 0.38
  364 G   -2 -3 -1 -2 -5 -3 -1  6 -3 -6 -6  0 -5  0 -1 -2 -4 -5 -5 -6    0   1   2   2   0   1   4  76   0   0   0   5   0   4   3   1   0   0   0   0  1.44 0.46
  365 E    0 -1  1  2 -3  0  1 -1  0 -2 -1  0  1 -2  2  1  0 -3 -1 -1    9   2   8  11   0   4  13   4   3   1   5   3   6   1   9  10   4   0   2   5  0.13 0.09
  366 E   -1 -2 -1 -2 -1  3  0  2  1 -4 -4 -1 -3 -4  4  1  2 -4 -3 -1    3   1   1   1   1  15   4  15   5   0   0   1   0   0  23  10  15   0   0   4  0.50 0.25
  367 F   -3 -5 -5 -5 -2 -5 -5 -5 -4  4  1 -5 -1  6 -5 -4 -3 -2  0  2    0   0   0   0   1   0   0   0   0  26  11   0   0  42   0   0   0   0   2  16  1.02 0.35
  368 D   -2 -4 -1  8 -5 -2 -1 -4 -1 -5 -5 -3 -5 -6 -4 -2  0 -6 -5 -4    3   0   1  83   0   1   1   0   1   0   1   0   0   0   0   1   7   0   0   1  1.86 0.57
  369 I   -3 -5 -5 -5 -3 -5 -5 -6 -5  7  1 -5 -1  0 -5 -4 -3 -5 -3  3    0   0   0   0   0   0   0   0   0  66   7   0   1   3   0   0   0   0   0  21  1.31 0.44
  370 H   -3  0 -1 -4 -5  5 -2 -5  9 -5 -3 -3 -1 -4 -4 -3 -4 -4  2 -5    2   3   2   0   0  26   1   0  54   0   3   0   1   0   0   1   0   0   7   0  1.70 0.55
  371 G    0 -4 -3 -4  1 -4 -4  6 -4  0 -4 -3 -3 -4 -4  0 -1 -4 -4  1    8   0   0   0   4   0   0  61   0   6   0   0   0   0   0   6   2   0   0  10  0.98 0.36
  372 G   -3 -5 -4 -5 -6 -5 -5  7 -5 -6 -6 -5 -6 -6 -5 -1 -5 -6 -6 -2    0   0   0   0   0   0   0  93   0   0   0   0   0   0   0   3   0   0   0   4  2.16 0.63
  373 G   -3 -6 -4 -5 -6 -5 -6  7 -6 -7 -7 -5 -6 -7 -6 -4 -5 -6 -7 -7    0   0   0   0   0   0   0 100   0   0   0   0   0   0   0   0   0   0   0   0  2.55 0.73
  374 I    1  0  0 -1 -2  0 -1 -2 -2  2  0  0  2 -2 -2  2  0 -4 -2  0   13   6   4   2   0   4   3   0   0  17   6   7   7   1   1  21   3   0   0   6  0.15 0.15
  375 D   -5 -5 -1  8 -6 -3  0 -2 -4 -6 -7 -4 -6 -6 -5 -3 -4 -7 -6 -6    0   0   1  92   0   0   3   3   0   0   0   0   0   0   0   0   0   0   0   0  2.37 0.71
  376 L   -4 -4 -3 -5 -4 -4 -5 -5  1  1  6 -4 -1 -2 -5 -3 -3 -4 -3 -2    0   0   1   0   0   0   0   0   3   4  85   0   0   0   0   2   0   0   0   0  1.38 0.49
  377 I    1  1 -3 -3 -2  0 -1 -3 -3  4  0  1  0 -2 -3 -2 -1 -4 -3  1   14   9   0   0   0   5   3   0   0  31   7  11   2   1   0   2   3   0   0  11  0.29 0.20
  378 F   -2 -5 -5 -5 -5 -2 -5 -5 -4 -3 -1 -2 -3  8 -1 -4 -4 -2  2 -2    3   0   0   0   0   2   0   0   0   0   3   3   0  74   4   0   0   0   5   2  1.74 0.55
  379 P   -4 -2 -2 -4 -5 -4 -4 -5 -5 -5 -3 -4 -5  0  8 -4 -3 -5 -5 -4    0   3   2   0   0   0   0   0   0   0   3   0   0   4  82   0   2   0   0   1  2.31 0.66
  380 H   -5 -4 -3 -1 -6 -3 -3 -5 11 -6 -6 -4 -5 -5 -5 -4 -5 -5 -2 -6    0   0   0   3   0   0   0   0  92   0   0   0   0   0   0   0   0   0   0   0  3.26 0.85
  381 H   -2 -4 -2 -4 -6 -3 -4 -3 11 -6 -3 -4 -5 -4 -5 -4 -5 -5 -2 -6    3   0   1   0   0   0   0   2  88   0   3   0   0   0   0   0   0   0   0   0  3.00 0.81
  382 E    0 -3 -2  2 -5 -1  6 -4 -3 -2 -4 -2 -4 -4 -2 -1  0 -5 -4 -4    7   0   1  10   0   1  66   0   0   2   1   0   0   1   2   3   5   0   0   0  1.20 0.54
  383 N   -1 -3  6 -2  3 -3 -3 -3 -1 -4 -2 -3  4  3 -4 -1 -3 -4  3 -3    4   0  47   1   6   0   0   0   1   0   2   0  11  12   0   4   0   0   9   2  0.96 0.46
  384 E   -3 -3 -1 -2  0  0  6  0  0 -5 -5 -2 -4 -5 -4  2 -1  2 -4 -3    0   0   1   0   2   3  56   9   2   0   0   0   0   0   0  18   3   3   0   2  0.96 0.48
  385 I    3 -1  2 -3 -3 -2 -3 -3 -2  4  0 -3 -1 -3 -1 -1  0 -4 -3  0   30   3  11   1   0   1   1   1   1  32   8   1   0   0   3   3   4   0   0   2  0.41 0.30
  386 A    5 -4 -4 -4 -2 -1 -3  0 -2  0 -2 -3 -3 -4 -1  0 -2 -5 -2 -1   65   0   0   0   1   3   0   6   1   5   4   0   0   0   3   5   1   0   1   3  0.85 0.45
  387 Q   -3 -2 -1 -3 -5  7  0 -5  7 -4 -1 -2  3 -2 -4 -3 -4 -5 -3 -3    1   0   2   0   0  50   5   0  25   0   5   0   7   2   0   0   0   0   0   1  1.39 0.60
  388 A    3 -3  0 -3  1 -2 -3 -1  2 -2 -2 -1  0 -2 -3  4  0 -4 -1 -1   30   0   4   1   3   1   0   2   6   2   4   2   2   1   0  34   4   0   2   2  0.46 0.32
  389 K    0  2 -1 -2  1  0  4 -4  0 -2 -3  0  2 -1 -3 -1 -1  0  0 -2    6  14   3   0   3   3  38   0   2   2   1   3   6   3   0   2   4   1   4   3  0.44 0.30
  390 G    5 -3 -1 -4  5 -3 -4 -1 -2 -3 -1 -3 -2 -2 -2  0 -2 -5 -4  1   56   1   3   0  12   1   0   3   1   0   5   0   1   1   1   6   0   0   0  10  0.79 0.42
  391 F    2 -3 -3 -3  3 -2 -3 -2  1  0  1 -2 -1  1 -3 -1 -1  1  3  0   26   0   1   1   7   1   0   2   3   5  17   2   1   5   0   3   4   1  14   7  0.29 0.21
  392 G   -1 -2  2 -1  1 -1 -2  3  4 -3 -3 -1 -3 -3 -2  1  2 -4 -1 -2    2   1  11   2   3   3   1  27  11   0   2   2   0   1   1  10  17   0   2   3  0.40 0.24
  393 D   -1  1  1  2 -1  0  1  2  4 -4 -3  2 -2 -4 -2 -1 -1 -2 -3 -3    4   6   5  15   2   3  11  20  11   0   3  14   1   0   1   2   2   1   0   1  0.33 0.19
  394 A   -1  0  0  0 -3  1  2 -2 -1 -4 -3  0 -2 -5  5  0  1 -5 -4 -2    2   6   5   4   0   6  14   2   1   0   1   5   1   0  35   6   8   0   0   3  0.67 0.29
  395 F   -3 -4 -3 -5 -4 -3 -3 -3 -1  2  2 -4  2  6 -3 -2 -3  4  2  0    1   0   1   0   0   0   2   2   2  11  20   0   7  36   1   3   1   5   5   4  0.68 0.30
  396 A    5 -2 -3 -4 -1 -1 -3 -1 -4 -1 -3 -2 -3 -4 -2  0  0 -4 -4  2   62   1   0   0   1   3   0   3   0   3   0   2   0   0   1   5   5   0   0  13  0.77 0.39
  397 R   -2  5  4 -1 -3  1  0 -2  2 -4 -4  3 -3 -4 -2 -2 -2 -4 -3 -4    2  34  20   3   1   5   3   2   6   0   1  19   0   0   1   1   2   0   0   0  0.71 0.31
  398 Y    0 -2 -2 -2 -1 -2 -1 -3  4  1 -1 -2 -2  1 -3  0 -1 -1  5  0    9   2   2   1   1   0   3   0  14  10   5   2   0   6   0   6   4   0  29   7  0.44 0.24
  399 W   -4 -3 -5 -6 -5 -2 -5 -5  0 -4 -2 -5 -4  3 -6 -5 -5 11  5 -5    1   1   0   0   0   2   0   0   2   0   3   0   0  12   0   0   0  56  20   0  2.50 0.64
  400 V   -1 -3 -4 -4 -1 -3 -4 -4 -4  2  2 -3  5  0 -2 -2 -1 -3 -2  4    4   0   0   0   1   0   0   1   0  11  14   0  23   3   2   2   2   0   0  35  0.62 0.28
  401 H   -2  0 -1 -4 -5 -3 -3 -5 10 -6 -5 -3 -4 -4 -5 -4 -4 -5  1 -5    3   6   2   0   0   0   0   0  80   0   1   0   0   0   0   0   0   0   5   0  2.58 0.70
  402 N    1 -2  4 -1  1  1 -2  0 -2  0 -2 -2 -2 -2 -2  1  2 -3 -1  1   12   0  24   2   3   7   0   6   0   5   1   0   0   1   1   8  14   0   2  10  0.24 0.19
  403 A    0 -4  1 -2 -4 -2 -2  6 -1 -4 -1 -3 -4 -1 -4 -2 -3 -4 -4 -4    6   0   7   2   0   1   2  67   1   0   6   0   0   3   0   2   0   0   0   0  1.13 0.39
  404 W   -2  1 -3 -4 -4  1 -3 -4  4 -1  0 -3  7  3 -4 -2 -1  4  1 -2    2   8   0   0   0   6   1   0  11   2   6   0  35  13   0   2   4   6   4   2  0.77 0.37
  405 V   -2 -4 -4  0 -3 -4 -4 -4 -4  3  2 -4  0 -2 -4 -3 -2  1 -3  4    2   0   0   6   0   0   0   1   0  21  24   0   2   0   0   1   0   2   0  37  0.67 0.28
  406 T   -1  1  2 -1 -3  1 -1  1  1 -2  0 -1  0 -2 -2  0  2  1 -1 -2    5  11  11   3   0   5   2  12   4   0  11   2   3   0   0   4  19   3   1   2  0.15 0.13
  407 M   -1  0  0 -2 -2 -1 -2 -2 -1  2  2 -1  2  0 -2 -2 -1  1  1  2    2   6   5   1   0   2   2   2   1  14  18   2   5   2   1   2   3   2   7  20  0.15 0.11
  408 S   -1 -1  4  3 -3  1  2  1  0 -3 -3  0 -1 -3 -2  0 -1 -3 -1 -3    3   2  23  22   0   6  14  10   2   1   1   5   2   0   1   3   1   0   3   1  0.39 0.14
  409 G    0 -1  1  1 -3  0  1  5 -2 -4 -4 -1 -3 -4 -3 -1 -2 -4 -3 -3    9   3   7   7   0   4  10  52   0   0   1   3   0   0   0   3   0   0   0   0  0.66 0.20
  410 E    1  1  0  0 -2  1  2  1  1 -2 -2  1 -1 -3 -2  0  0 -3 -2 -1   20  12   2   3   0   4  18  13   4   2   3  10   0   0   0   3   3   0   0   4  0.17 0.06
  411 K   -1  4  0 -1 -3  1  0 -2 -1 -3 -3  5 -2 -3 -2 -1 -1 -3 -2 -3    0  25   0   0   0   0   0   0   0   0   0  75   0   0   0   0   0   0   0   0  0.60 0.05
  412 M   -1 -2 -2 -3 -1 -1 -2 -2 -2  2  2 -2  3  0 -2 -2 -1  6  0  1    2   1   1   1   0   1   1   1   0  21  22   1  20   1   1   1   1  20   1   1  0.35 0.03
  413 S    1  0 -2 -3 -4 -3 -3 -2 -3 -5 -5 -3 -4 -5 -3  6 -2 -5 -4 -4    8   6   0   0   0   0   1   2   0   0   1   0   0   0   0  78   0   0   0   1  1.40 0.53
  414 K   -3  0 -3 -3 -5 -2 -1 -4 -3 -5 -5  7 -4 -5 -4 -2 -3 -5 -4 -5    1   2   0   0   0   0   2   1   0   0   1  87   0   0   0   3   0   0   0   1  1.88 0.59
  415 S   -2  0 -2 -3 -4 -3 -3 -3 -4 -5 -5 -3 -4 -5 -4  7 -2 -5 -4 -4    1   6   0   0   0   0   1   1   0   0   1   0   0   0   0  87   0   0   0   1  1.70 0.60
  416 L   -2  1 -4 -3 -4 -2 -3 -5 -2  0  4  1  0 -3 -4  0  0 -4 -3 -1    3   9   0   1   0   1   1   0   1   3  53  11   1   0   0   8   6   0   0   3  0.53 0.29
  417 G   -3 -4  3  1 -6 -2 -4  6 -1 -6 -6 -1 -5 -3 -5 -2 -4 -6 -5 -6    0   0  14   9   0   2   0  67   1   0   0   4   0   1   0   1   0   0   0   0  1.43 0.49
  418 N   -5 -4  8  1 -6 -4 -4 -4 -3 -6 -4 -1 -5 -2 -6 -3 -1 -7 -1 -6    0   0  83   5   0   0   0   0   0   0   2   3   0   2   0   0   3   0   3   0  2.09 0.68
  419 S   -2 -2 -4 -3 -1 -2 -3 -2 -2  1  1 -2 -1  5  0  0  0 -2  0  1    1   1   0   0   1   2   0   3   1   5  16   1   1  31   5   8   7   0   1  14  0.38 0.22
  420 V   -3 -3 -5 -5 -4 -4 -3 -5 -4  4  1 -3  0  5 -4 -4 -2  2 -1  4    1   1   0   0   0   0   1   0   0  24  10   1   1  25   1   0   2   3   1  28  0.78 0.33
  421 L    0 -1 -1  0 -2 -1 -2 -2 -2 -1  1  0 -1  2 -1  1  2  2  0 -1    9   2   2   6   0   2   1   1   0   2  19   6   1   9   2  10  20   3   2   1  0.15 0.14
  422 V    0 -4 -4 -4 -1 -3 -3 -3 -4  2  0 -3 -1 -3  3 -2 -1 -4 -3  4   10   0   0   0   1   0   1   2   0  13   9   1   1   0  16   1   2   0   0  41  0.61 0.27
  423 S   -1  2  0  1 -3  2  1 -2  2 -3 -3  2 -2 -3  1  1 -1 -3 -2 -2    3  14   4   7   0   9  10   1   6   1   2  15   1   1   7  15   2   0   1   2  0.29 0.16
  424 E    0  0 -1  5 -4  0  3 -2 -2 -4 -3  0 -2 -1 -3 -1 -1 -4 -2 -2    9   6   2  37   0   3  19   2   1   0   1   6   1   3   0   2   4   0   2   2  0.55 0.25
  425 M   -1 -3 -4 -4  3 -3 -3 -3 -3  2  4 -3  2  2 -4 -3 -2 -1  0  1    6   0   0   0   7   0   1   2   0  10  43   1   5   8   0   1   1   1   3   9  0.47 0.21
  426 V    0  1 -4 -5 -3 -3 -3 -4 -4  2  4 -2  0  0 -4 -3 -1 -4 -2  1    8   9   0   0   0   1   1   1   0  14  51   1   1   2   0   1   2   0   1   7  0.59 0.28
  427 K    0  1  0  2 -4  2  2  0 -1 -3 -4  3 -3 -5 -3  0 -2 -5 -4 -3    7   8   5  11   0   9  16   8   1   2   1  24   0   0   0   6   1   0   0   1  0.42 0.23
  428 K    1  2  0  0 -1  2  0  1  1 -2 -2  2 -2 -3 -3  0  0 -4 -2 -1   12  12   4   3   1  11   6  10   4   1   3  19   0   1   0   4   4   0   1   4  0.21 0.15
  429 W   -2  1 -3 -5 -3 -4 -4 -3  4 -1 -1 -3 -2  2 -5 -3 -3  3  7  2    2   7   1   0   1   0   0   2  10   3   6   1   1   6   0   1   1   4  40  16  0.95 0.43
  430 P   -2  0  3  3 -4 -2 -1  2  1 -5 -4 -2 -4 -5  1  2  0 -5 -4 -4    2   6  15  21   0   1   3  18   3   0   1   1   0   0   8  16   5   0   0   1  0.51 0.28
  431 P    2 -3 -2 -4 -2 -3 -3  1 -4  0 -2 -2 -4 -2  5 -1 -2  4 -1 -3   22   1   2   0   1   1   1  12   0   7   3   1   0   1  35   3   2   5   2   1  0.79 0.37
  432 V    0  0  2  4 -2  1  3 -2 -3 -3 -3 -2  1 -4 -1 -1 -1 -5 -4  1    9   5  11  24   1   5  19   2   0   0   1   0   5   0   3   4   2   0   0  10  0.40 0.25
  433 V    3 -3 -3 -3  0 -2  0 -2 -1  1 -1 -3 -2  0 -2 -1  1 -4 -2  3   25   1   0   1   2   2   7   2   2   7   3   0   0   4   1   4   9   0   1  31  0.34 0.25
  434 L   -3 -5 -5 -5 -2 -4 -5 -5 -5  4  4 -5  0  1 -5 -4 -1 -4 -1  2    1   0   0   0   1   0   0   0   0  27  46   0   1   4   0   0   3   0   2  14  0.88 0.37
  435 R   -4  8 -1 -5 -6 -2 -3 -5 -4 -6 -4  2 -4 -6 -5 -4 -4 -6 -5 -5    0  82   2   0   0   0   0   0   0   0   2  11   0   0   0   0   0   0   0   0  2.12 0.71
  436 Y   -3 -4 -3 -5 -4 -4 -2 -5 -2 -1  3  0  1  3 -5 -3 -3  5  5 -2    1   0   1   0   0   0   3   0   1   2  37   6   3  14   0   1   1   7  23   1  0.85 0.38
  437 Y    1 -4 -3 -5 -4 -4 -4 -1 -2  1  1 -4  0  4 -4 -2  0  4  4 -1   16   0   0   0   0   0   0   5   0   8  15   0   2  23   0   1   6   5  15   3  0.52 0.29
  438 L   -3 -4 -5 -5  1 -4 -5 -5 -4  3  4 -4  3  4 -1 -4 -3 -3 -1  1    1   0   0   0   3   1   0   0   0  18  37   0   8  19   3   0   1   0   1   8  0.74 0.33
  439 G    0 -4 -5 -5 -1 -3 -4 -1 -3  1  4 -4  4  1 -5 -2 -3 -3  1  0    8   0   0   0   1   1   0   4   0   6  51   0  11   5   0   2   1   0   5   4  0.66 0.34
  440 T    1  0  0  0 -3  0  0  0 -1 -1 -2  0 -1 -1 -3  3  1 -4 -2 -2   16   5   4   6   0   3   5   7   1   3   4   6   1   4   0  24   8   0   1   1  0.18 0.16
  441 P    2  0 -1 -2 -3  0  0  2  3 -2 -3 -1 -2 -3 -2  1  2 -4 -2  0   21   5   2   1   0   4   6  14   7   1   0   2   0   0   1  12  16   0   0   7  0.28 0.21
  442 H   -2  0  0  0 -5  2 -2 -3  9 -5 -5  1 -4 -4  2  0 -4 -5 -1 -5    2   4   4   5   0   8   1   2  48   0   0   8   0   0   9   6   0   0   1   0  1.30 0.52
  443 Y   -4 -4 -5 -6 -5 -3 -5 -6  1 -2 -2 -5 -4  0  1 -1 -4  4  8 -2    1   1   0   0   0   1   0   0   2   2   3   0   0   2   8   5   1   6  65   2  1.78 0.67
  444 R    0  6  0  0 -5 -1 -1 -1  3 -4 -1 -1 -3 -4 -3  1  0 -5 -2 -4    7  47   3   4   0   2   2   4   7   0   6   2   0   0   1  10   5   0   1   0  0.72 0.38
  445 S    1 -1  1  0 -2  2  1  0  0 -3 -3  2 -1 -4 -1  2  0 -4 -3 -2   11   1   8   5   0  12   6   7   2   0   2  13   1   0   2  22   4   0   0   2  0.28 0.22
  446 T   -2 -1  0  4 -5 -1  0 -2 -3 -3 -4 -1 -2 -4  5  0  0 -5 -4 -2    2   3   3  29   0   2   5   2   0   1   1   2   1   1  32   7   5   0   0   4  0.82 0.39
  447 I   -2  1 -4 -5 -4 -2 -4 -1 -4  3  3 -3  1  1 -4 -4 -2  6  1  1    3  10   0   0   0   1   0   4   0  17  27   1   4   4   0   0   1  13   4   9  0.52 0.29
  448 E   -1 -1  4  3 -4  0  3 -3 -2 -4 -3 -2  0 -2 -1  1 -1 -5 -3 -3    4   3  26  19   0   2  19   0   0   1   2   1   2   2   3   9   4   0   1   2  0.56 0.33
  449 Y   -4 -5 -4 -4 -3 -5 -5 -4 -2  1  0 -5 -3  5 -6 -4 -5  8  5 -1    1   0   1   1   1   0   0   1   1   9  10   0   0  29   0   1   0  22  20   4  1.40 0.55
  450 S   -1  0  2  0 -3 -1 -2 -3  1 -4 -4 -2 -4 -5 -4  4  5 -5 -4 -3    2   5   9   5   0   2   1   1   3   1   1   1   0   0   0  34  34   0   0   1  0.81 0.48
  451 E   -1  0  0  4 -5  0  3 -2 -2 -1 -2  0  0 -3  1 -1 -2  0 -2 -3    5   6   3  29   0   3  22   2   0   4   3   5   2   1   7   3   1   2   1   1  0.45 0.28
  452 E    1 -1  0  3 -4  2  4 -1 -2 -5 -4  1 -4 -4 -3  1 -1 -5 -3 -4   11   3   4  16   0   8  31   4   0   0   1   8   0   0   0   9   3   0   1   1  0.53 0.33
  453 S    1 -1  0  1 -2  0 -1  0 -1  1  2 -1 -1 -2 -3 -1 -1 -4 -3  1   16   3   6   9   0   4   3   9   2   7  23   3   1   0   0   2   3   0   0   9  0.10 0.14
  454 L   -3 -4 -6 -6 -4 -5 -5 -5 -4  3  5 -5  2  0 -4 -4 -2 -5 -4  2    2   0   0   0   0   0   0   1   0  20  54   0   4   4   0   1   2   0   0  13  0.97 0.46
  455 R    0 -1  0  3 -4  1  4 -2  0 -2 -3  1 -2 -4 -1  1  0 -3 -3 -2    9   2   4  15   0   5  27   1   2   3   2   9   1   0   3  10   4   0   1   1  0.37 0.26
  456 E    0  1  2  2 -4  2  2  0 -2 -2 -2  0 -1 -4 -3  0  0 -2 -3 -2   10   9  10  10   0  12  18   7   0   1   3   3   2   0   0   6   5   1   0   3  0.27 0.21
  457 A    5 -3  0 -3  0  0 -3 -1 -1 -1 -2 -3  0 -2 -4  1 -1 -4  0 -1   53   0   4   1   2   5   0   3   2   3   3   0   2   2   0   8   3   0   3   4  0.61 0.39
  458 E    1  1  1  0 -2  2  3 -2  0 -3 -3  2 -3 -3 -3  0 -1  2  0 -1   11   9   6   3   1  11  21   2   2   1   1  11   0   0   1   8   2   3   3   5  0.29 0.23
  459 S    2  2  1  2 -4  1  1 -2 -1 -2 -3  3 -3 -4 -2  0  0 -4 -3 -1   17   9   8  10   0   6  10   1   1   2   2  18   0   0   1   6   5   0   0   4  0.27 0.21
  460 A    0  3  0 -1 -3  0  1  0 -2  0  0  0 -1  1 -3  0  0 -3 -1  0   10  20   3   3   0   3   9   7   0   4   8   4   1   9   0   6   6   0   2   7  0.11 0.13
  461 Y   -2 -3 -4 -2 -4 -4 -3 -4 -3  1  4 -2  0  2 -5 -3 -2  3  3  1    2   1   0   3   0   0   2   1   0   6  43   2   1   8   0   1   1   3  13  12  0.58 0.33
  462 G    1  2  2  2 -3  1  2 -1 -1 -3 -2  1 -1 -3 -3 -1 -1 -4 -1 -3   15  11  10  12   0   6  15   4   1   1   4  10   1   0   0   3   3   0   2   1  0.26 0.20
  463 R   -2  6  0 -2 -5 -2 -1 -3 -2 -5 -2  3 -3 -4 -3 -1 -1 -5  1 -4    4  44   4   1   0   1   3   2   1   0   5  21   0   0   1   4   4   0   5   1  0.84 0.45
  464 I   -3 -4 -5 -6 -4 -5 -4 -5 -4  4  3 -5 -1  1 -5 -4 -3  8  2  0    2   1   0   0   0   0   1   0   0  21  32   0   1   6   0   1   1  22   6   6  1.12 0.49
  465 E   -1  4  0 -1 -3  0  1 -2 -1 -1 -1  2 -1 -1 -3 -2 -1  4  3 -1    4  23   5   3   0   3   8   3   1   3   4  11   1   2   1   1   2   6  14   5  0.33 0.25
  466 G    0  1  1  0 -2  1  0  0  2  0  0  0  1 -2 -2  0  0 -3 -2  0    7   7   7   7   0   7   7   7   6   7   7   7   6   0   0   7   7   0   0   7  0.06 0.09
  467 F    3 -1 -1 -3 -3 -1 -1 -1  1 -1  0 -3  0  1 -1  0  2  2  0  0   30   2   2   0   0   2   3   3   3   4   9   0   2   7   2   4  15   3   3   5  0.23 0.27
  468 V    0  0 -3 -2  1 -1 -3 -2  0  1  2 -1  1  1 -1 -1 -1  1  2  2    9   5   0   2   3   2   0   2   3   6  24   3   3   5   3   3   3   2   8  14  0.13 0.16
  469 Q    0  2  1  0 -3  2  1 -1  1 -2 -2  1  0  0 -3  1 -1  1  0 -2    8  14   6   6   0  11   7   3   4   2   4   9   2   4   0  10   4   2   3   2  0.16 0.17
  470 R    0  3  1  1 -3  2 -1  0  0 -2 -1  1 -1  0 -3 -1 -1  2  0 -2    9  16   8   7   0   9   2   6   3   2   7  10   2   4   0   4   4   3   3   2  0.15 0.17
  471 V    1 -1 -1 -3  1 -1 -1 -2  0  1  1 -1  0  0  2 -1  0  0  0  1   17   3   2   1   3   2   4   2   3   8  13   4   3   3   9   4   6   1   3   9  0.09 0.12
  472 T    0  0  1  1  0  0  0  0  0 -1  0  0 -1 -1 -1  0  0  0 -1  0    8   6   9   6   2   3   7   6   2   4   9   6   1   3   2   7   8   1   2   5  0.03 0.04
  473 E    1  0  0  1  0  0  1  1 -1 -1 -1  1 -1 -1  0  0  0 -3 -1 -1   16   4   3   8   2   4   8  10   1   2   7   8   2   2   4   8   5   0   1   4  0.07 0.09
  474 L    1  0  1  0 -1 -1  0 -1 -1  0  1 -1 -1  0  0  0  0  1  0  0   12   4   7   4   1   2   7   4   1   6  15   4   1   3   5   6   7   2   4   4  0.03 0.06
  475 A    2 -1  0  0 -1  0  0  0 -1  0  1 -1  0  0  0  0  0 -1 -1  0   18   2   5   6   1   3   7   6   1   5  13   3   2   4   4   6   5   1   1   7  0.05 0.08
  476 G    1 -1  1  2 -1  0  0  2 -1 -1 -1  0  0 -2 -1  0  0 -4 -2 -1   14   2   7  11   1   4   7  17   1   4   5   5   3   2   2   5   4   0   1   4  0.14 0.14
  477 H    0 -1  1  1 -1  1  1  0  2 -1 -1  0 -1 -1  2  0 -1 -4 -1 -1    9   3   7  10   1   6   8   9   7   3   6   6   1   2   9   5   3   0   1   4  0.12 0.12
  478 A    2 -1  0  1 -2  0  1  0 -1 -1 -1  0 -2  0  0  1  1  0 -1 -1   17   3   4   9   1   3   8   5   1   3   6   5   1   4   5  10   8   1   2   3  0.09 0.13
  479 V    0 -1  0  2 -2  0  0  1  0  0  0  0 -1 -1  0  0 -1 -1 -1  0   10   2   5  11   1   3   7  13   2   5   8   5   1   3   4   6   3   1   1   7  0.05 0.07
  480 E    0 -1  1  2 -4  2  2  0 -2 -2 -2  0 -2 -3  3 -1  0 -5 -1 -2    8   3   6  10   0   8  15   6   1   2   4   6   1   1  15   4   5   0   2   3  0.27 0.25
  481 P    1 -1  1  2 -2 -1  2 -2 -1 -2 -1  0 -2 -2  2  1 -1  1  0 -1   11   3   7  13   1   2  12   3   1   2   6   4   1   2  10   9   2   2   3   4  0.17 0.17
  482 A    2 -1  1  0 -3  0  0  0 -1  0  0 -1 -1 -2 -1  1  0 -4 -1 -1   22   4   6   6   0   4   7   5   1   5  10   3   1   2   2   9   6   0   2   4  0.12 0.15
  483 A    1 -1  0  1 -1  1  1  0  1 -1 -2  1 -3 -1  0  0  1 -4 -2  0   14   3   4   8   1   7  10   6   4   4   2   8   0   3   4   8   8   0   1   6  0.12 0.14
  484 E    1 -1 -1  3 -3  1  4 -1  1 -3 -4 -1 -3 -2  0  0  0 -5 -4 -2   11   3   3  17   1   7  24   5   3   2   2   4   1   2   6   6   5   0   0   2  0.40 0.33
  485 V    0 -4 -2 -2 -4 -3 -4 -3 -1  2  2 -3  0  2 -2 -2  1  1  1  3    9   1   2   2   0   1   1   2   2  10  22   1   2   9   2   3   8   2   5  17  0.33 0.25
  486 P   -1  1 -1  0 -1 -1  0 -3 -1  2  1  0  0 -3  1 -1 -2 -2 -1  2    5   8   2   6   1   2   5   1   1  10  14   6   2   0   8   4   2   1   3  18  0.16 0.17
  487 P    3  0  0  2 -5  1  2 -2  0 -5 -3  2 -4 -3 -1  0  0 -1 -4 -4   21   4   5  11   0   6  11   3   3   0   3  13   0   1   3   6   7   1   0   1  0.33 0.31
  488 A    2  3 -2  0 -5  1  3 -2 -1 -5 -2  1 -4 -3 -3 -2  0 -5 -2 -4   19  15   2   5   0   7  22   3   1   0   4  10   0   1   1   3   5   0   1   1  0.46 0.39
  489 F   -4 -5 -4 -5 -3 -4 -4 -5 -6  1  1 -5  1  7 -5 -5 -3 -5  0  3    1   1   1   1   1   1   1   1   0   8  14   1   4  40   1   1   1   0   2  21  1.23 0.67
  490 A   -1  4 -1 -1 -3  0  0 -4  1  1  1  1  0 -2 -3 -4 -1 -5  0 -1    4  27   3   4   1   3   7   1   4  10  12   7   2   1   1   0   4   0   3   5  0.37 0.32
  491 E    2  1 -1  2 -5  1  4 -1 -3 -2 -3  1 -4 -4 -3  0 -1 -6 -3 -3   19   7   3  12   0   6  23   4   0   2   2   8   0   1   1   5   3   0   1   2  0.44 0.37
  492 A    5  1 -3 -2  0 -2 -2 -4  3 -1 -2  0 -2 -2 -4 -1 -2 -5  2 -2   44   7   1   3   2   1   2   1   6   3   4   6   1   1   1   5   2   0   7   2  0.63 0.49
  493 M   -5 -6 -7 -7 -6 -6 -7 -7 -7 -1  5 -5  8 -2 -4 -4 -4 -6 -3  0    1   0   0   0   0   0   0   0   0   3  52   1  30   2   1   1   1   0   1   6  1.74 0.89
  494 D    3 -1  1  3  1  0  1 -2 -1 -3 -2 -1 -4 -3 -3  1 -1 -5 -3 -2   22   3   7  20   4   3   8   3   1   1   5   4   0   1   1   9   3   0   1   2  0.35 0.31
  495 D   -2 -5  3  7 -6 -2  0 -5 -2 -4 -6 -5 -6 -4 -3 -2 -3 -7 -6 -6    4   0  13  63   0   1   6   1   1   1   1   0   0   1   2   3   2   0   0   0  1.73 0.87
  496 D   -4 -3  2  8 -6 -4 -1 -4 -3 -6 -6 -4 -6 -4 -6 -3 -4 -2 -2 -6    1   1   8  73   0   1   3   1   1   0   1   1   0   1   0   2   1   1   2   0  2.09 0.99
  497 L   -6 -6 -7 -7 -6 -3 -6 -7 -3 -2  5 -4  1  6 -7 -6 -6  0 -2 -3    0   0   0   0   0   1   0   0   1   2  56   1   3  30   0   0   0   1   1   1  1.61 0.79
  498 G    0  1  1  1 -3  1  1  1  2 -2 -1  1 -1 -2 -2  1 -1 -3 -2 -2    9   9   9   9   0   9   9   9   9   0   9   9   0   0   0   9   0   0   0   1  0.16 0.10
  499 V    0 -2  0  0 -2 -1  0 -2  1  0 -1 -2 -1  2 -2  0  3 -2  1  0    6   0   5   5   0   0   5   1   5   5   5   0   0  12   0   6  31   0   5   8  0.18 0.18
  500 P    0 -1  0 -1  1 -1 -1 -1  0 -1 -1 -1 -2 -3  5  1  0 -4 -3 -1    8   3   4   3   4   2   2   4   2   3   6   2   0   0  34  13   5   0   0   3  0.51 0.26
  501 Q    1  2  1  0 -3  0  1  0  1 -1 -1  1 -1 -3 -2  0  0  0 -2  0   12  11   7   5   0   3  11   9   5   3   6   9   1   0   0   4   4   2   0   6  0.10 0.11
  502 A    4 -1 -2 -2  1 -2 -2  0 -3  0  0 -2  0  1 -3 -1  0 -3 -1  0   44   3   2   2   3   0   2   5   0   5   8   0   2   8   0   2   4   0   2   8  0.34 0.28
  503 L   -2 -3  0 -3 -3 -2 -3 -4 -3  3  4 -2  2  1 -4 -2 -1 -3  1  1    3   0   7   2   0   2   0   0   0  18  42   2   4   6   0   2   2   0   4   6  0.47 0.30
  504 A    3  0  0  1 -3  0  0 -1 -1 -2 -2  0 -1  0 -2  1  1  2 -1 -1   28   5   5   7   0   4   4   3   1   1   3   5   1   4   1  13  10   3   1   3  0.19 0.21
  505 I    3 -1 -2 -2  0  0  1 -2 -1  0  0 -1 -1 -1 -2  0  0  2 -2  1   30   2   2   1   2   3   9   2   2   4  10   3   1   2   1   5   4   3   1  13  0.19 0.22
  506 V   -1 -4 -3 -5 -4 -2 -3 -3 -4  3  3 -3  1  1 -5 -4 -2 -4 -1  3    4   0   1   0   0   2   2   2   0  21  35   1   3   7   0   0   1   0   1  18  0.61 0.36
  507 H   -1 -2  1  4 -4  0  1 -3  3 -1 -2 -3  1  2 -4  0 -1  2  0 -1    4   2   6  24   0   5   7   1   9   3   3   0   4  11   0   6   4   3   3   4  0.34 0.27
  508 T    2  0  1  2 -1  2  3 -1  0 -2 -3  1 -3 -2 -3  0  0 -4 -3 -3   16   5   5  11   2   8  22   4   2   3   2   7   0   2   1   6   4   0   0   1  0.30 0.26
  509 T    0 -3 -3 -3 -4  0 -3 -4 -4  0  3 -1  2  1 -2 -2 -1  7 -2 -1   10   1   1   2   0   5   2   1   0   5  28   4   4   6   2   3   3  19   1   2  0.61 0.39
  510 V    3 -3 -4 -4  0 -3 -3 -3 -2  3  1 -1  1 -1 -4 -1 -2 -1 -1  2   30   1   0   0   2   0   1   1   1  17  13   5   3   3   0   4   1   1   2  14  0.38 0.31
  511 R    0  1  1  0 -3  0  1  0  1 -1 -2  2 -2 -1 -1  0  0  2  0 -1    8   7   6   6   0   4   7   7   4   3   4  17   0   3   3   5   6   3   3   4  0.10 0.13
  512 Q    0  0  0  1 -3  1  1 -1  2  0 -1  0  0  0 -3  0  0  4  0 -1    9   5   5   8   0   6  11   4   5   6   4   6   3   5   0   8   4   6   3   3  0.12 0.15
  513 G    2 -2 -1 -2  1 -1 -3  0  0  2  1 -1  1  0 -1 -1  0 -3 -1  0   21   2   2   2   3   3   0   8   2  14  13   2   3   4   2   3   5   0   2   7  0.11 0.16
  514 N   -1  0  4  0 -3  0 -1 -1  1 -1  1 -1  0 -3 -1  0  0  2  0 -1    5   4  25   4   0   4   4   4   3   4  15   3   3   0   3   5   4   3   3   3  0.21 0.25
  515 S    0  1  0  1  0  2  1 -1  0 -1 -1  1 -2 -1  0  0  1 -3  0 -1    7   6   4  10   3  10   6   5   3   4   5  10   0   3   4   7   9   0   3   3  0.09 0.12
  516 A    2  0  0  0  0  0 -1  2  0 -2 -1 -1 -1 -1 -1  0  0  1  2 -2   17   6   4   5   2   3   4  15   3   2   5   2   2   2   2   7   6   2   7   3  0.11 0.15
  517 L    0 -1 -1  0  0 -1 -1  0  0  1  1 -1  0  0  0  0  0  0  0  0    8   4   2   5   2   2   4  10   3  11  14   3   2   4   5   5   6   1   3   7  0.01 0.03
  518 A    1  1  0  1 -3  0  1  2  0 -1 -1  1 -1 -3 -1  0 -1 -4  0 -2   11   8   5   9   0   3   8  16   2   3   6   8   2   0   2   6   4   0   4   3  0.13 0.14
  519 A    1 -1  0  1 -4  1  1  2  1 -2 -2  0 -1 -1 -1  1  0 -4 -1 -2   12   3   4   8   0   6  11  16   3   2   4   5   2   2   2   9   6   0   2   3  0.14 0.16
  520 D    0  1  1  2 -3  0  1  1  0 -1 -2  1 -3 -2 -1  1  0 -1 -1 -2    7   6   5  13   0   4   7  13   2   3   4   9   0   2   2  10   7   1   2   2  0.14 0.15
  521 D    0 -1  1  4 -4  0  2 -1 -3 -2 -2  0 -2 -4 -1  0  0 -5 -1 -2    8   3   7  25   0   4  15   5   0   3   3   6   1   0   4   6   6   0   3   2  0.36 0.30
  522 K    1  0  0  0 -2  0  0 -1 -1  0  0  0 -1  0  1  0  1 -3 -1  0   12   4   4   6   0   5   7   4   1   6   7   8   1   5   7   5  10   0   2   7  0.05 0.07
  523 D    1 -1  1  2 -4  1  2  1 -1 -4 -2  1 -2 -3 -1  1 -1 -1 -3 -3   14   3   6  13   0   6  14  10   2   0   4   7   1   1   3  10   2   1   0   2  0.23 0.23
  524 A    3  0  0  0 -3  0  1  0 -3 -1 -1  0 -3 -2  1  0  0 -4 -2 -1   28   5   5   5   0   4   9   6   0   3   5   6   0   1   7   5   4   0   2   3  0.19 0.22
  525 A    3 -2 -2 -1 -1  0 -2  0 -4  0  0 -2 -1 -1  3  0  0 -1 -2  0   26   1   1   3   1   4   2   7   0   4  12   2   1   3  15   7   4   1   1   6  0.26 0.26
  526 V    2  0  0 -1 -3  0 -1  1 -2  0  0  0 -1  0 -2  0  0 -3 -2  0   20   5   5   4   0   5   3  12   0   5  11   6   1   4   1   4   5   0   1   9  0.09 0.13
  527 A    1  1  0  0 -1  1  1 -1 -1 -1  1  0 -1 -1  0  0  0 -1 -1  0   14   7   4   4   1   6   9   5   1   3  17   6   1   2   3   4   4   1   1   7  0.05 0.09
  528 R    1  1  0 -2 -1  0  0 -2 -1  1  1 -1 -1  0 -3 -1  0  0  0  2   11  10   5   2   1   3   6   3   1   7  13   3   1   3   0   3   4   1   4  19  0.09 0.13
  529 L    2  1 -3 -3  1 -2 -1 -2  0  1  2 -2  0  1 -2  0 -1 -1  0  0   18   8   0   1   3   1   3   3   2   6  25   2   2   5   2   6   2   1   3   7  0.19 0.19
  530 A    1  2  0  1 -2  0  0 -1 -1 -1 -2  1  0 -2 -2  1  1 -2 -2 -2   15  13   4   9   1   4   7   4   1   3   4  10   3   1   1   8   9   1   1   3  0.16 0.17
  531 E    3 -2 -2 -1 -1  1  2 -2  0 -2 -1 -1 -1 -1 -2  0  2 -1 -1 -2   27   2   2   3   1   5  12   3   3   3   5   4   1   3   1   7  13   1   2   2  0.26 0.27
  532 V   -2 -4 -6 -6 -1 -5 -4 -4 -6  3  3 -4  0  2 -6 -3 -3 -1 -2  4    2   1   0   0   1   0   1   2   0  13  30   1   2   9   0   2   2   1   1  30  0.82 0.49
  533 R    0  1 -1  5  1 -1  1  0 -2  0 -2 -1 -2 -1 -3 -1 -2 -2 -3 -2    8   8   3  29   3   2  10   7   1   5   4   3   1   3   1   5   1   1   1   2  0.36 0.30
  534 A    3  0  0  0 -2  1  1 -1 -2 -3 -3  1 -4 -1 -2  0  0  2  0 -3   29   5   5   6   1   7   7   4   1   2   3  10   0   3   2   6   4   2   3   1  0.28 0.29
  535 M   -2 -3 -6 -4 -2 -3 -5 -5  1  3  4 -3  4  0 -4 -2 -2  0 -3  0    4   1   0   1   1   1   0   1   3  13  45   1  11   4   1   3   2   1   1   6  0.81 0.49
  536 L    0 -3 -3 -3 -5 -5 -6 -2 -6  1  5 -5  2  1 -4 -3 -2 -5 -5 -2    7   2   1   2   0   0   0   4   0   6  59   0   5   6   1   2   3   0   0   2  1.00 0.59
  537 G   -1 -5  1  1 -5 -2  2  5 -3 -6 -4 -1 -5 -3 -5  0 -1 -6 -1 -4    4   0   6   9   0   2  12  47   1   0   2   4   0   1   0   6   3   0   2   1  0.88 0.54
  538 V   -4 -4 -6 -5 -2 -6 -6 -6 -6  5  1 -4 -3 -1 -3 -3  0 -1 -3  5    1   1   0   1   1   0   0   0   0  31  11   1   0   3   2   2   5   1   1  39  1.10 0.60
  539 L   -2 -1 -3 -5 -4 -4 -4 -3 -5  0  5 -5  1  4 -4 -4 -2 -4  0  1    3   4   2   0   0   0   1   2   0   5  49   0   3  16   1   0   2   0   3   8  0.81 0.48
  540 G   -1 -1  0  0 -3  2  0  2  2 -1 -2 -1  0  1 -1  0  0 -3  0 -1    4   3   4   4   0  13   4  21   5   4   3   3   3   7   3   5   5   0   3   5  0.15 0.19
  541 L   -1  0 -2  0 -3  1  0 -1  0  1  1  0  1  1  1  0 -1 -2  0  0    4   5   0   5   0   7   4   3   3  11  12   6   4   8   8   6   3   0   4   6  0.06 0.10
  542 D   -1 -2  1  3 -3  1  2 -1  2 -1 -1  0  0 -1 -1  1  0 -4 -3 -1    5   0   7  17   0   5  14   4   6   3   7   4   3   2   2  10   6   0   0   5  0.20 0.21
  543 P   -1 -1 -1 -1 -3  2  0 -1  0  0  0 -1  1  1  4  0 -1 -3  0 -1    5   2   3   3   0   9   6   4   2   6  11   3   5   7  20   6   3   0   3   4  0.22 0.21
  544 L    0 -1 -1 -1  1  0  1 -2  1  0  0 -1  0  0  0  0  1 -3  0  0   10   3   2   3   4   3  12   3   5   4  11   4   2   5   5   5  11   0   2   7  0.05 0.09
  545 D    0  0  1  1  0  0  1 -1  0 -1 -2  1  0  0  1  0 -1 -3 -1 -1    8   4   6  10   3   2  12   5   2   4   3   8   3   6   7   7   2   0   2   5  0.08 0.09
  546 A    1 -1 -1  0 -1  0  1 -1 -2  0  0 -1 -2  2  1 -1 -2  5  1 -1   12   3   3   5   2   4  11   4   0   5  10   3   0   9   6   2   2   8   6   3  0.15 0.17
  547 Q    0  1  0  0 -3  1  2 -2  1 -1  0  0  1  1 -2  0  0  0 -1 -1    8   7   4   4   0   7  15   3   5   3  10   6   3   6   1   6   5   1   2   4  0.09 0.12
  548 W   -1 -1 -1 -2 -1  2  0 -1 -1 -1  0 -1  0  3 -2  0 -1  7  0 -2    4   3   2   3   1  11   6   4   1   3  11   3   2  12   2   6   4  16   3   2  0.40 0.31
  549 A    1 -1  0 -2  0 -1 -1 -1 -2  0  0 -1  0  3 -1  0  0 -2  1  1   13   2   4   2   2   3   3   3   0   5   9   4   2  17   3   6   7   0   5  10  0.11 0.15
  550 G    0 -1  1  0 -3  0  1  1 -1 -3  0  0 -1  1  0  1 -1  1  0 -3    7   2   7   6   0   5   8  13   2   0  10   7   2   7   4  11   3   2   3   0  0.11 0.15
  551 A    1  1  0 -1 -3  2  0  0  0  0 -1  1 -2  0 -1  0  0  1  0  0   11   7   4   2   0  10   7   6   3   6   5   9   0   5   2   4   4   2   4   9  0.06 0.10
  552 Q   -1  0  0  2 -4  1  3  0  1 -1 -2  2 -3 -3 -1  0 -1  0  0 -1    4   4   3  10   0   5  19   9   3   5   5  12   0   0   3   7   3   2   3   4  0.17 0.19
  553 A    1 -1  0  0 -2  0  0  1 -1 -1  0  0 -1 -1  0  1  0  2 -1  0   14   2   4   5   0   3   8  11   1   3   8   6   1   2   3  10   5   4   2   7  0.07 0.08
  554 Q    0  0  0  2 -2  0  1 -1 -1 -1 -1  0 -2 -1  0  1  1 -3 -2 -1    8   4   5  11   0   4  12   5   1   4   4   6   1   3   4  13   8   0   1   5  0.11 0.10
  555 G    0  0  0  2 -3  1  2  1  0 -3 -2  1 -1 -3  0  0  0 -3 -1 -2    6   4   5  11   0   6  14  13   2   1   3  11   2   1   4   7   6   0   2   3  0.17 0.14
  556 E    0 -1  0  0 -2  0  2 -1  1  0  0  1 -1 -1  0  0  0 -2 -1 -1   10   2   3   5   0   3  14   5   4   7   8  13   1   3   4   7   5   0   2   4  0.07 0.09
  557 D    1 -1  0  4 -3  0  2 -1 -2 -1 -2 -1 -1  0  1  0  0 -3 -2 -2   11   3   4  26   0   3  12   5   1   4   4   3   2   4   6   4   6   0   1   1  0.28 0.21
  558 L    1  0 -1  0 -2  1  0 -1 -1  0  1  0  0  0  0 -1  0 -2  0 -1   12   4   3   4   1   9   6   5   1   5  20   6   2   5   3   3   5   0   3   2  0.04 0.07
  559 R    0  1  0  1 -2  1  1  0  1 -1 -1  0  0 -2  1  0  0 -2 -2 -1   10   8   5   8   1   6  10   5   4   3   4   5   4   1   7   8   4   0   1   5  0.09 0.08
  560 H    1 -1  0  1 -1  1  1  0  0 -2 -2  0 -1 -2  1  1  0  0 -1 -1   13   3   4   8   2   7   9   8   3   2   4   3   1   1   7  10   6   2   2   4  0.11 0.10
  561 V    0  0 -1 -1  0 -1 -1 -2 -1  1  1 -1  0 -1  0  0  0  3  0  1    8   4   2   3   2   2   4   3   1  11  18   4   2   1   4   6   4   5   3  12  0.07 0.08
  562 V    0 -1 -1  0  0  0  0 -2 -1  1  1 -1  0 -1  1  0  0  1 -1  1    6   2   2   6   3   3   5   2   2   8  17   2   2   3   8  10   5   2   1  10  0.07 0.08
  563 D    0 -2  0  3 -3 -1  2 -2 -2 -1 -1  0 -2 -1  0  1  1 -3 -1 -1    6   1   4  19   0   2  16   3   1   3   5   4   1   3   6  12   9   0   2   4  0.23 0.18
  564 S    2 -1  0  1 -3  1  2 -2 -2 -2 -2  0  0 -2  1  0  0 -3 -2 -1   22   3   5  10   0   5  17   3   0   2   3   5   2   1   6   6   5   0   1   4  0.22 0.21
  565 L    0 -1 -1  2 -3  1  2 -1 -2 -1  2  0 -2 -1 -1 -2 -1 -1 -2 -1    8   2   2  14   0   6  18   4   0   3  20   6   0   3   3   1   2   1   1   5  0.19 0.21
  566 V   -1 -1 -2 -1 -1 -2  0 -4 -4  5  0 -2  1 -1 -4 -3 -2 -4 -3  3    5   3   2   3   1   2   6   1   0  38   7   3   3   2   1   1   2   0   0  20  0.56 0.36
  567 R    0  0  0  1 -4  1  4 -1 -2 -2 -2  1 -1 -3 -3  0 -1 -2 -2 -2    8   5   4   8   0   5  33   4   0   2   3   9   1   1   1   7   4   1   2   3  0.38 0.31
  568 L    3  1  0 -1 -3  1  1 -2 -3 -1  0  0 -1  0 -1 -1 -1  2 -3  0   28   6   4   3   0   7  10   2   0   2   9   4   1   4   2   3   4   3   0   7  0.17 0.22
  569 V   -2  2 -4 -3 -4  0 -4 -5 -2  1  4  0  2 -2 -2 -4 -2 -4 -1  1    3  10   0   1   0   4   0   0   1   6  51   5   4   1   2   0   2   0   2   7  0.63 0.43
  570 L   -2 -3 -3 -3 -4 -2 -1 -5  1  5  2 -2 -1  1 -5 -3 -3 -4  2  2    2   1   1   1   0   2   4   0   3  39  16   2   1   5   0   2   0   0   8  12  0.65 0.42
  571 D    2 -1  0  2 -4  3  3 -2  0 -3 -2  1 -3 -5 -4 -1 -1 -5 -4 -1   22   2   4  11   0  12  22   2   2   1   4   8   0   0   0   3   3   0   0   4  0.42 0.37
  572 Q    0  0 -1 -1 -4  3  4 -4 -3  0  0  2 -1 -2 -4 -2 -1 -5 -4  1    9   4   2   3   0  13  26   0   0   6   8  12   2   1   0   1   3   0   0  11  0.37 0.35
  573 R   -3  7 -3 -6  0 -4 -5 -4 -5 -3 -6 -3 -2 -5 -3 -5 -5  8 -2 -3    2  61   1   0   2   0   0   1   0   2   0   0   1   0   2   0   0  23   1   3  2.07 0.97
  574 E    1  0  3  0 -4  3  1 -2 -1 -2 -1  2 -3 -2 -3  1  0 -5 -4 -3   13   4  14   5   0  16  10   1   1   3   5  11   0   2   0   9   5   0   0   1  0.31 0.30
  575 G    1  1  0  1 -2  2  2 -2 -1 -1 -3  2 -1 -1 -3 -1 -1 -4 -1 -2   15   6   5   8   1  12  14   2   1   4   1  16   2   3   0   3   2   0   3   2  0.27 0.27
  576 A    5 -2 -5 -3 -4 -4 -1 -4 -5 -3  2 -1 -3 -1 -4  0 -3 -5 -2 -1   57   1   0   2   0   0   3   0   0   1  20   3   0   3   0   5   0   0   1   3  0.88 0.59
  577 R   -3  6 -2 -2 -5 -1 -3 -5 -2 -1  0  3 -1 -1 -5 -4 -4 -5 -4  0    2  48   1   3   0   2   0   0   1   4  11  16   2   2   0   0   0   0   0   8  0.97 0.57
  578 A    3  0  0 -1 -4  1  1 -1 -2 -2 -1  3 -2 -2 -3  0  0 -4 -3 -2   24   4   4   3   0   7   8   3   1   2   5  24   1   1   0   7   5   0   0   2  0.32 0.30
  579 R    2  0  4  1  0  2  1 -3 -1 -2 -3  1 -1 -4 -2  0 -1 -4 -1 -3   16   6  24   8   2   8   9   0   1   2   2   8   1   0   2   4   2   0   2   1  0.37 0.31
  580 K   -2  4 -3 -4 -5 -1 -2 -1 -4 -5 -5  7 -4 -5 -2 -2 -3 -5 -5 -5    2  19   0   0   0   1   1   4   0   0   1  64   0   0   2   2   1   0   0   0  1.48 0.72
  581 D   -3 -3  4  6 -5  1  1 -4 -3 -3 -3 -2 -5 -3 -4 -3 -3 -6 -5 -5    2   1  21  50   0   6   8   0   0   2   3   2   0   1   0   0   1   0   0   0  1.23 0.63
  582 W   -4 -5 -5 -5 -5 -4 -5 -5 -1 -3 -1 -5 -1  6 -5 -4 -2  7  6 -1    1   0   0   0   0   0   1   1   1   0   6   1   1  37   0   1   3  14  27   4  1.57 0.66
  583 A    4 -3 -1  1 -4  0  2 -2 -3 -1 -2  1 -3 -4 -1  0 -1 -5 -4 -1   34   0   2   9   0   4  18   1   0   3   3  10   0   0   3   5   3   0   0   4  0.40 0.33
  584 T    0  3 -1 -1 -4  1  2 -3 -1 -2 -1  3  0 -2 -3  0  1 -4 -3 -2    6  14   2   2   0   5  18   1   1   2   6  20   3   1   0   5  11   0   0   3  0.32 0.26
  585 A    6 -4 -4 -2  2 -4 -4 -1 -4 -4 -3 -4 -4 -5 -4  2 -2 -5 -5 -2   66   0   0   2   5   0   0   3   0   0   2   0   0   0   0  15   2   0   0   2  1.17 0.59
  586 D   -6 -2 -3  8 -7 -4 -3 -5 -5 -7 -7 -5 -7 -7 -5 -4 -5 -7 -7 -7    0   2   0  95   0   0   0   0   0   0   0   0   0   0   0   0   0   0   0   0  2.79 1.01
  587 A    2  3 -1 -1 -4  1  1 -3  0 -1 -1  2  1 -1 -3 -1 -1 -4 -1 -2   22  16   3   3   0   6  11   1   2   3   6  14   4   2   0   1   3   0   3   2  0.25 0.24
  588 I   -2 -4 -6 -6 -4 -3 -6 -3 -5  6  3 -5 -2 -3 -5 -5 -2 -5  1  0    2   1   0   0   0   1   0   2   0  52  29   0   0   0   0   0   2   0   5   4  1.15 0.54
  589 R   -5  8 -5 -6 -7 -3 -4 -6 -4 -7 -6  1 -5 -3 -6 -5 -5 -7 -6 -6    0  90   0   0   0   0   0   0   0   0   0   7   0   1   0   0   0   0   0   0  2.62 0.99
  590 D    0 -2  1  5 -5  1  2 -2 -2 -2 -4  2 -2 -6 -4 -1 -3 -6 -5 -5    8   1   7  39   0   7  14   2   1   3   2  11   1   0   0   4   1   0   0   0  0.76 0.43
  591 Q   -1  1 -2  1 -5  4  4 -3 -1 -1 -2  3 -2 -5 -3 -1 -2 -1 -3 -3    5   7   1   6   0  17  29   1   1   5   4  16   1   0   1   3   2   1   1   1  0.54 0.36
  592 L   -5 -6 -7 -7 -5 -6 -7 -8 -7  0  6 -6  1 -1 -7 -6 -5 -5 -5 -1    0   0   0   0   0   0   0   0   0   3  89   0   2   2   0   0   0   0   0   4  1.87 0.77
  593 G    2 -2 -2 -1 -3  0  0 -2 -3  2  1  1  0 -1 -2 -1  1 -2 -3  0   20   1   1   3   0   5   7   2   0  15  15   9   2   2   2   2   8   1   0   6  0.14 0.18
  594 Q    3 -1 -1  2 -4  1  3 -2 -3 -4 -3  3 -2 -5 -3  0 -1 -5 -4 -2   27   2   1  12   0   4  22   2   0   0   3  17   1   0   0   5   2   0   0   2  0.52 0.36
  595 S    1  1  0 -2 -4  2 -2 -2 -1 -2  1  3  3 -1 -4 -2 -3 -4 -2 -1   14   8   4   1   0  12   1   2   1   1  18  23   9   2   0   1   0   0   1   2  0.33 0.29
  596 G   -3 -4 -1 -2 -6 -2 -4  7 -5 -7 -6 -1 -6 -7 -6 -3 -5 -6 -4 -7    1   1   3   2   0   2   1  85   0   0   1   3   0   0   0   1   0   0   1   0  1.97 0.77
  597 L   -4 -6 -6 -6 -4 -6 -6 -7 -6  6  1 -6 -2 -1 -2 -5 -4  0 -1  3    0   0   0   0   0   0   0   0   0  56  13   0   0   2   3   0   0   1   2  22  1.35 0.58
  598 V   -1 -1 -2 -2 -3  0  0 -4 -1  3  2  0 -1 -2 -4 -1 -1 -4 -1  3    5   2   1   2   0   3   7   0   2  16  20   5   1   0   0   4   3   0   2  26  0.27 0.22
  599 I   -4 -5 -6 -6 -4 -5 -6 -6 -6  4  5 -5 -1 -3 -6 -5 -4 -5 -4  3    0   0   0   0   0   0   0   0   0  24  57   0   0   0   0   0   0   0   0  19  1.22 0.49
  600 E   -3  1 -3  0 -5  2  5 -4 -3 -4 -1  2  2 -5 -4 -2 -1 -5 -4 -4    0   8   0   3   0   7  49   0   0   0   7  13   7   0   0   2   3   0   0   0  0.85 0.42
  601 D   -5 -5 -2  8 -7 -4 -2 -5 -5 -6 -6 -4  2 -7 -5 -4 -5 -7 -6 -6    0   0   0  93   0   0   0   0   0   0   0   0   6   0   0   0   0   0   0   0  2.52 0.81
  602 S   -1  0  0 -3 -4  0 -2  2 -3 -4 -3  2 -1 -5 -2  2  4 -5 -4 -3    2   4   3   0   0   4   1  16   0   0   1  12   1   0   1  18  37   0   0   0  0.61 0.36
  603 P    2  1 -1  0 -5 -3 -1 -2  0 -2 -5  3 -4 -5  6 -3 -3 -6 -5 -4   16   7   3   5   0   0   2   3   2   3   0  18   0   0  41   0   0   0   0   0  0.96 0.41
  604 Q   -1 -2  2  5 -5  3  1  2 -1 -5 -5 -1 -4 -5 -4  0 -1 -5 -4 -5    5   1  10  32   0  18  10  13   1   0   0   3   0   0   0   4   2   0   0   0  0.68 0.33
  605 G   -1 -2 -3 -4 -5 -1 -2  7 -5 -4 -6  0 -5 -3 -5 -2 -4 -5 -6 -6    3   2   0   0   0   2   3  81   0   1   0   6   0   1   0   1   0   0   0   0  1.67 0.57
  606 P    0 -4 -3 -4 -3 -3 -3 -4 -4  0 -3 -3 -3 -4  1  1  6 -5 -4  2    6   0   0   0   0   0   0   0   0   5   0   0   0   0   7   8  57   0   0  15  0.98 0.46
  607 R   -2  4 -2 -2 -4  1 -1 -4 -1  2 -2  1 -2 -1 -3  1  4 -4 -3 -1    0  24   0   1   0   5   2   0   1  12   1   7   0   2   0   8  30   0   0   4  0.50 0.33
  608 W   -7 -7 -8 -9 -7 -7 -7 -7 -7 -7 -6 -8 -6 -1 -8 -7 -7 13 -2 -7    0   0   0   0   0   0   0   0   0   0   0   0   0   1   0   0   0  99   0   0  4.95 1.26
  609 S   -3  5 -2 -3 -5  1  2 -4  0 -3 -3  3 -3 -5 -4  0  1 -5 -4 -4    0  38   0   0   0   5  16   0   3   1   2  16   0   0   0   8  11   0   0   0  0.77 0.37
  610 L   -1  5 -3 -4 -4 -2 -3 -5 -3  1  2  1 -2 -2 -4 -3 -2 -4 -3  1    3  45   0   0   0   0   0   0   0   9  22   6   0   1   0   0   1   0   0  12  0.70 0.34
  611 G    4 -1 -2 -3 -3 -2 -2  2 -3 -4 -4  4 -3 -5 -3 -1 -2 -5 -4 -3   44   0   0   0   0   0   0  16   0   0   0  39   0   0   0   0   0   0   0   0  0.80 0.35
  612 S    2 -1  0 -1 -1  0 -1 -1 -1 -2 -2 -1 -1 -3 -1  3  2 -3 -2 -1   21   0   0   0   0   0   0   0   0   0   0   0   0   0   0  60  19   0   0   0  0.38 0.02
  613 R   -1  5  0 -2 -3  1  0 -2  0 -3 -2  2 -1 -3 -2 -1 -1 -3 -2 -2    0   0   0   0   0   0   0   0   0   0   0   0   0   0   0   0   0   0   0   0  0.00    0.00

                      K         Lambda
Standard Ungapped    0.1362     0.3180
Standard Gapped      0.0410     0.2670
PSI Ungapped         0.1482     0.3178
PSI Gapped           0.0454     0.2670
