
Last position-specific scoring matrix computed, weighted observed percentages rounded down, information per position, and relative weight of gapless real matches to pseudocounts
           A  R  N  D  C  Q  E  G  H  I  L  K  M  F  P  S  T  W  Y  V   A   R   N   D   C   Q   E   G   H   I   L   K   M   F   P   S   T   W   Y   V
    1 M   -1 -1 -2 -3 -1  0 -2 -3 -2  1  2 -1  5  0 -2 -1 -1 -1 -1  1    0   0   0   0   0   0   0   0   0   0   0   0   0   0   0   0   0   0   0   0  0.00    0.00
    2 S    1 -1  1  0 -1  0  0  0 -1 -2 -2  0 -1 -2 -1  4  1 -3 -2 -2    0   0   0   0   0   0   0   0   0   0   0   0   0   0   0   0   0   0   0   0  0.00    0.00
    3 P   -1 -2 -2 -1 -3 -1 -1 -2 -2 -3 -3 -1 -2 -4  7 -1 -1 -4 -3 -2    0   0   0   0   0   0   0   0   0   0   0   0   0   0   0   0   0   0   0   0  0.00    0.00
    4 M   -1 -1 -2 -3 -1  0 -2 -3 -2  1  2 -1  5  0 -2 -1 -1 -1 -1  1    0   0   0   0   0   0   0   0   0   0   0   0   0   0   0   0   0   0   0   0  0.00    0.00
    5 L   -1 -2 -3 -4 -1 -2 -3 -4 -3  1  4 -2  2  0 -3 -2 -1 -2 -1  1    0   0   0   0   0   0   0   0   0   0   0   0   0   0   0   0   0   0   0   0  0.00    0.00
    6 Q   -1  1  0  0 -3  5  2 -2  0 -3 -2  1  0 -3 -1  0 -1 -2 -1 -2    0   0   0   0   0   0   0   0   0   0   0   0   0   0   0   0   0   0   0   0  0.00    0.00
    7 I   -1 -3 -3 -3 -1 -3 -3 -4 -3  4  1 -3  1  0 -3 -2 -1 -3 -1  2    0   0   0   0   0   0   0   0   0   0   0   0   0   0   0   0   0   0   0   0  0.00    0.00
    8 A    4 -1 -2 -2  0 -1 -1  0 -2 -1 -1 -1 -1 -2 -1  1  0 -2 -2  0    0   0   0   0   0   0   0   0   0   0   0   0   0   0   0   0   0   0   0   0  0.00    0.00
    9 A    4 -1 -2 -2  0 -1 -1  0 -2 -1 -1 -1 -1 -2 -1  1  0 -2 -2  0    0   0   0   0   0   0   0   0   0   0   0   0   0   0   0   0   0   0   0   0  0.00    0.00
   10 E   -1  0  0  1 -4  2  5 -2  0 -3 -3  1 -2 -3 -1  0 -1 -3 -2 -2    0   0   0   0   0   0   0   0   0   0   0   0   0   0   0   0   0   0   0   0  0.00    0.00
   11 E   -1  0  0  1 -4  2  5 -2  0 -3 -3  1 -2 -3 -1  0 -1 -3 -2 -2    0   0   0   0   0   0   0   0   0   0   0   0   0   0   0   0   0   0   0   0  0.00    0.00
   12 M   -1 -1 -2 -3 -1  0 -2 -3 -2  1  2 -1  5  0 -2 -1 -1 -1 -1  1    0   0   0   0   0   0   0   0   0   0   0   0   0   0   0   0   0   0   0   0  0.00    0.00
   13 E   -1  0  0  1 -4  2  5 -2  0 -3 -3  1 -2 -3 -1  0 -1 -3 -2 -2    0   0   0   0   0   0   0   0   0   0   0   0   0   0   0   0   0   0   0   0  0.00    0.00
   14 N   -2  0  6  1 -3  0  0  0  1 -3 -3  0 -2 -3 -2  1  0 -4 -2 -3    0   0   0   0   0   0   0   0   0   0   0   0   0   0   0   0   0   0   0   0  0.00    0.00
   15 P   -1 -2 -2 -1 -3 -1 -1 -2 -2 -3 -3 -1 -2 -4  7 -1 -1 -4 -3 -2    0   0   0   0   0   0   0   0   0   0   0   0   0   0   0   0   0   0   0   0  0.00    0.00
   16 L   -1 -2 -3 -4 -1 -2 -3 -4 -3  1  4 -2  2  0 -3 -2 -1 -2 -1  1    0   0   0   0   0   0   0   0   0   0   0   0   0   0   0   0   0   0   0   0  0.00    0.00
   17 I   -1 -3 -3 -3 -1 -3 -3 -4 -3  4  1 -3  1  0 -3 -2 -1 -3 -1  2    0   0   0   0   0   0   0   0   0   0   0   0   0   0   0   0   0   0   0   0  0.00    0.00
   18 P   -1 -2 -2 -1 -3 -1 -1 -2 -2 -3 -3 -1 -2 -4  7 -1 -1 -4 -3 -2    0   0   0   0   0   0   0   0   0   0   0   0   0   0   0   0   0   0   0   0  0.00    0.00
   19 P   -1 -2 -2 -1 -3 -1 -1 -2 -2 -3 -3 -1 -2 -4  7 -1 -1 -4 -3 -2    0   0   0   0   0   0   0   0   0   0   0   0   0   0   0   0   0   0   0   0  0.00    0.00
   20 I   -1 -2 -3 -3 -1 -1 -3 -3 -2  3  2 -2  4  0 -3 -2 -1 -2 -1  2    0   0   0   0   0   0   0   0   0  50   0   0  50   0   0   0   0   0   0   0  0.30 0.00
   21 P    0 -2 -1 -2 -3 -2 -2  4 -2 -3 -3 -1 -3 -4  6 -1 -1 -3 -3 -3    0   0   0   0   0   0   0  50   0   0   0   0   0   0  50   0   0   0   0   0  1.09 0.00
   22 E   -1 -2  0  5 -3  0  3 -2 -1 -1 -2 -1 -2 -3 -2 -1 -1 -4 -3  0    0   0   0  61   0   0  23   0   0   0   0   0   0   0   0   0   0   0   0  16  0.57 0.03
   23 L   -2 -3 -4 -4 -2 -3 -4 -4 -2  3  1 -3  0  6 -4 -3 -1 -1  1  1    0   0   0   0   0   0   0   0   0  26  13   0   0  55   0   0   3   0   0   4  0.58 0.09
   24 V   -2 -4 -4 -4 -2 -3 -4 -4 -3  4  1 -3  0  4 -4 -3 -2 -2  0  2    0   0   0   0   0   0   0   0   0  55   0   0   0  32   0   0   0   0   0  13  0.53 0.09
   25 I   -1 -3 -2 -3 -2 -3 -3  5 -3  3 -1 -3 -1 -2 -3 -2 -2 -3 -3  0    0   0   0   0   0   0   0  55   0  45   0   0   0   0   0   0   0   0   0   0  0.58 0.09
   26 G   -1 -1  1 -1 -3  5  0  4 -1 -4 -4  0 -2 -4 -2 -1 -2 -3 -3 -3    0   0   6   0   0  49   0  45   0   0   0   0   0   0   0   0   0   0   0   0  0.71 0.11
   27 L   -2 -3 -4 -4 -2 -3 -4 -4 -3  1  5 -3  2  1 -4 -3 -2 -2 -1  0    0   0   0   0   0   0   0   0   0   0  97   0   0   3   0   0   0   0   0   0  0.73 0.11
   28 I   -1 -3 -4 -4 -2 -3 -3 -4 -4  4  1 -3  0  0 -3 -2 -1 -3 -2  4    3   0   0   0   0   0   0   0   0  49   0   0   0   3   0   0   0   0   0  46  0.52 0.09
   29 A    2 -3 -1 -2 -3 -2 -3  6 -3 -4 -4 -2 -3 -4 -3 -1 -2 -3 -4 -3   18   0   0   0   0   0   0  82   0   0   0   0   0   0   0   0   0   0   0   0  1.05 0.11
   30 F   -3 -4 -4 -5 -3 -4 -4 -4 -2 -1  0 -4 -1  8 -5 -3 -3  0  2 -2    0   0   0   0   0   0   0   0   0   0   0   0   0 100   0   0   0   0   0   0  1.35 0.16
   31 V    4 -2 -2 -3 -1 -2 -2  0 -3  0  1 -2 -1 -2 -2  0 -1 -3 -2  1   69   0   0   0   0   0   0   3   0   0  15   0   0   0   0   0   0   0   0  13  0.37 0.08
   32 I    1 -3 -3 -3 -1 -2 -3 -3 -3  3  2 -3  0 -1 -3 -2 -1 -3 -2  4   17   0   0   0   0   0   0   0   0  16  15   0   0   0   0   0   0   0   0  53  0.35 0.07
   33 V   -2 -4 -4 -4 -2 -3 -4 -4 -4  5  1 -3  1 -1 -3 -3 -1 -3 -2  3    0   0   0   0   0   0   0   0   0  82   0   0   0   0   0   0   0   0   0  18  0.68 0.11
   34 F    0 -3 -3 -4 -1 -3 -3 -3 -3  2  1 -3  0  2 -3 -2 -1 -2 -1  4    8   0   0   0   0   0   0   0   0   8   6   0   0  13   0   0   0   0   0  67  0.40 0.08
   35 G    1 -3 -3 -4 -3 -3 -3  1 -2 -1 -1 -3 -1  6 -3 -2 -2  2  3 -2   15   0   0   0   0   0   0  13   0   0   0   0   0  64   0   0   0   3   6   0  0.62 0.10
   36 F   -1 -3 -4 -4 -2 -3 -3 -4 -3  3  3 -3  1  2 -3 -3 -1 -2 -1  1    3   0   0   0   0   0   0   0   0  26  53   0   0  13   0   0   0   0   0   6  0.42 0.06
   37 L   -2 -3 -4 -4 -2 -3 -3 -4 -3  3  3 -3  1  2 -3 -3 -1 -2 -1  2    0   0   0   0   0   0   0   0   0  16  50   0   0   9   0   0   0   0   0  25  0.42 0.06
   38 A    0 -3 -4 -4 -2 -2 -3 -3 -3  0 -1 -3  2 -1 -3 -2 -2  9  0  3   13   0   0   0   0   0   0   0   0   0   0   0   8   0   0   0   0  44   0  36  1.04 0.12
   39 K   -2  4 -1 -2 -4  1  0 -2 -1 -4 -3  5 -2 -4 -2 -1 -1  2 -2 -3    0  25   0   0   0   0   0   0   0   0   0  72   0   0   0   0   0   3   0   0  0.75 0.11
   40 K   -3 -2 -3 -4 -3 -2 -3 -3 -1 -2 -1  1 -1  4 -4 -3 -2  8  6 -2    0   0   0   0   0   0   0   0   0   0   0  13   0  25   0   0   0  26  36   0  1.00 0.11
   41 L   -1 -3 -4 -4 -1 -3 -3 -4 -4  2  1 -3  0 -1 -3 -2 -1 -3 -2  5    0   0   0   0   0   0   0   0   0   3  13   0   0   0   0   0   0   0   0  85  0.59 0.11
   42 L   -1 -1 -3 -4 -2 -3 -3 -4 -3  2  2 -2  0 -1 -3 -2 -1  3 -1  4    3   4   0   0   0   0   0   0   0   0  17   0   0   0   0   0   0   5   0  71  0.43 0.09
   43 P   -2 -3 -3 -2 -4 -2 -2 -3 -3 -4 -4 -2 -4 -5  8 -2 -2 -5 -4 -3    0   0   0   0   0   0   0   0   0   0   0   0   0   0 100   0   0   0   0   0  2.40 0.17
   44 N   -2 -3  1 -2 -3 -2 -2 -3 -2 -2  1 -2 -1  1  7 -2 -2 -3 -2 -2    0   0  13   0   0   0   0   0   0   0  19   0   0   8  61   0   0   0   0   0  1.10 0.10
   45 I   -1 -3 -4 -4 -1 -3 -3 -4 -4  3  2 -3  1 -1 -3 -2 -1 -3 -2  4    0   0   0   0   0   0   0   0   0  15  27   0   0   0   0   0   0   0   0  58  0.47 0.08
   46 N   -1  5  2 -1  0  0 -1  0 -1 -4 -3  2 -2 -3 -2  0 -1 -3 -2 -3    0  53  18   0   3   0   0   8   0   0   0  14   0   0   0   4   0   0   0   0  0.54 0.08
   47 K   -1  4  0  0 -3  0  0 -1 -1 -3 -3  4 -2 -3 -2  0  0 -3 -2 -3    0  38   3   5   0   0   0   3   0   0   0  41   0   0   0   3   8   0   0   0  0.51 0.08
   48 V    1 -2 -3 -3 -2 -2 -3 -3 -3  1  3 -2  4 -1 -3 -1  0 -2 -2  1   14   0   0   0   0   0   0   0   0   0  42   0  24   0   0   0   8   0   0  13  0.30 0.06
   49 L   -1 -2 -3 -4 -2 -2 -3 -4 -3  1  2 -2  7 -1 -3 -2 -1 -3 -2  3    0   0   0   0   0   0   0   0   0   0  13   0  61   0   0   0   0   0   0  27  0.62 0.12
   50 E    1  2 -1 -1 -2  2  1  0  0 -2 -1  3 -1 -3 -2  0  0 -3 -2 -2   17  11   0   0   0   8  13   4   3   0   5  27   0   0   0   5   8   0   0   0  0.22 0.04
   51 E    2  0  2  1 -2  0  2 -1 -1 -3 -3  2 -2 -3 -1  1  0 -3 -2 -2   27   0  18   5   0   0  18   0   0   0   0  16   0   0   0  13   3   0   0   0  0.29 0.05
   52 R    0  4 -1 -1 -3  5  0 -2 -1 -3 -3  1 -1 -4 -2  0  0 -3 -2 -3    8  40   0   0   0  42   0   0   0   0   0   0   0   0   0   5   5   0   0   0  0.59 0.09
   53 R   -2  3 -1 -1 -4  6  1 -3  0 -4 -3  2 -1 -4 -2 -1 -1 -3 -2 -3    0  16   0   0   0  76   0   0   0   0   0   9   0   0   0   0   0   0   0   0  0.88 0.13
   54 E   -1 -1  0  5 -4  2  4 -2 -1 -4 -4  0 -3 -4 -2 -1 -1 -4 -3 -3    2   0   0  48   0   8  40   0   0   0   0   3   0   0   0   0   0   0   0   0  0.78 0.09
   55 A    3 -2 -1 -2 -1 -1 -1 -1 -2 -1 -1  0 -1 -3 -2  1  3 -3 -2  0   52   0   0   0   0   0   0   0   0   0   3   5   0   0   0   3  30   0   0   8  0.33 0.07
   56 I   -1 -3 -4 -4 -2 -3 -3 -4 -4  4  1 -3  0 -1 -3 -3 -1 -3 -2  4    0   0   0   0   0   0   0   0   0  40   0   0   0   0   0   0   0   0   0  60  0.58 0.09
   57 E   -2  5 -1  1 -4  1  2 -1 -1 -4 -3  1 -2 -4 -2  0 -1 -3 -3 -3    0  58   0   8   0   3  22   5   0   0   0   0   0   0   0   5   0   0   0   0  0.60 0.09
   58 G    1  1 -1  0 -3  4  0  1 -1 -2 -2  0 -1 -3 -2  0  0 -3 -2 -1   13  10   0   5   0  45   0  13   0   0   0   0   0   0   0   0   8   0   0   5  0.34 0.07
   59 G    1  0 -1 -1 -3  5  1  1  1 -3 -3  0 -1 -4 -2  0 -1 -3 -2 -3   19   0   0   0   0  62   3  13   4   0   0   0   0   0   0   0   0   0   0   0  0.57 0.11
   60 I   -2 -3 -4 -4 -2 -3 -3 -4 -4  3  4 -3  1  0 -3 -3 -1 -3 -2  2    0   0   0   0   0   0   0   0   0  26  58   0   0   0   0   0   0   0   0  17  0.49 0.07
   61 E    2 -1 -1  1 -2  1  3 -1 -1 -2 -2  1 -2 -3 -2  0  0 -3 -2  0   37   0   0   6   0   2  35   0   0   0   0   7   0   0   0   0   3   0   0  10  0.30 0.06
   62 K   -2 -1  0  4 -4  1  5 -2 -1 -4 -4  2 -3 -4 -2 -1 -1 -4 -3 -3    0   0   0  28   0   0  60   0   0   0   0  13   0   0   0   0   0   0   0   0  0.77 0.10
   63 A    3 -2  0 -1 -1 -1 -1 -1 -2 -3 -3 -1 -2 -3 -1  4  1 -3 -2 -2   32   0   0   0   0   0   0   0   0   0   0   0   0   0   0  68   0   0   0   0  0.57 0.11
   64 E    3  0 -1  0 -2  0  3 -1 -1 -3 -3  1 -2 -3 -1  0 -1 -3 -2 -2   46   6   0   4   0   0  36   0   0   0   0   6   0   0   0   3   0   0   0   0  0.39 0.07
   65 A    3 -1 -1 -1 -2  0  3 -1 -2 -2 -2  0 -2 -3 -1  1  2 -3 -2 -1   48   0   0   0   0   0  30   0   0   0   0   3   0   0   0   3  15   0   0   0  0.37 0.07
   66 A    5 -2 -2 -3 -1 -2 -2 -1 -2 -2 -2 -1 -2 -3 -2  1 -1 -3 -3 -1  100   0   0   0   0   0   0   0   0   0   0   0   0   0   0   0   0   0   0   0  0.76 0.13
   67 Q    3  0 -1 -1 -2  3  1  0 -1 -3 -2  2 -1 -3 -1  1 -1 -3 -2 -2   45   0   0   0   0  22   5   3   0   0   0  18   0   0   0   7   0   0   0   0  0.34 0.07
   68 T    2  0  0  3 -2  0  1 -1 -1 -3 -3  2 -2 -3 -1  1  1 -3 -2 -2   25   0   3  20   0   0  11   0   0   0   0  24   0   0   0   5  13   0   0   0  0.28 0.05
   69 E   -2  5  1 -1 -4  1  2 -2 -1 -4 -3  4 -2 -4 -2 -1 -1 -4 -2 -3    0  44   5   0   0   0  13   0   0   0   0  38   0   0   0   0   0   0   0   0  0.64 0.09
   70 A    1 -3 -3 -4 -2 -2 -3 -3 -3  1  4 -3  1 -1 -3 -2 -1 -2 -2  1   22   0   0   0   0   0   0   0   0   0  72   0   0   0   0   0   0   0   0   6  0.42 0.08
   71 Q    2 -1 -1 -1 -2  2  2 -1 -1 -1 -1  0 -1 -3 -1  1  1 -3 -2  0   33   0   0   0   0  13  16   0   0   0   5   5   0   0   0   8  14   0   0   6  0.21 0.04
   72 S   -1 -1  0  4 -3  2  4 -2 -1 -4 -4  1 -3 -4 -2  1 -1 -4 -3 -3    0   0   0  29   0   8  42   0   0   0   0   5   0   0   0  16   0   0   0   0  0.59 0.08
   73 V    4 -2 -2 -2 -1 -1 -1 -1 -2 -1 -2 -1 -1 -3 -2  2  0 -3 -2  1   74   0   0   0   0   0   0   0   0   0   0   0   0   0   0  14   0   0   0  13  0.47 0.09
   74 L    0  0  0  3 -2  1  1  0 -1 -2  0  1 -1 -3 -2  1  1 -3 -2 -2    5   5   0  27   0   9   3   8   0   0  13   8   0   0   0   8  14   0   0   0  0.19 0.03
   75 E    2 -1 -1 -1 -2  2  1 -1 -1  0 -1  0 -1 -2 -2  0  1 -3 -2  1   27   0   0   0   0  19  13   3   0   8   0   6   0   0   0   0  11   0   0  12  0.17 0.04
   76 Q    4 -1 -2 -2 -1  2 -1 -1  0 -1 -1 -1  3 -2 -2  0 -1 -3 -2 -1   63   0   0   0   0  15   0   0   3   0   0   0  19   0   0   0   0   0   0   0  0.38 0.09
   77 Y   -2 -1  0 -2 -4 -1 -1 -1  9 -4 -4 -2 -2 -1 -3 -2 -3 -2  3 -4    0   0   0   0   0   0   0   6  82   0   0   0   0   0   0   0   0   0  13   0  1.29 0.16
   78 K    2 -1  0  3 -2  0  2 -1 -1 -3 -3  1 -2 -3 -1  1  1 -3 -2 -2   30   0   0  19   0   0  16   0   0   0   0  13   0   0   0  14   8   0   0   0  0.30 0.05
   79 A    1  4 -1 -2 -3  1  0 -2 -1 -3 -3  4 -2 -3 -2  0 -1 -3 -2 -2   16  30   0   0   0   5   0   0   0   0   0  46   0   0   0   0   3   0   0   0  0.51 0.08
   80 Q    4  0 -2 -2 -1  2 -1 -1 -2 -2 -2 -1 -2 -3 -1  1 -1 -3 -2 -1   77   3   0   0   0  13   0   0   0   0   0   0   0   0   0   8   0   0   0   0  0.50 0.10
   81 L   -1 -1 -3 -4 -2 -2 -3 -4 -3  3  2 -2  1 -1 -3 -2  0 -3 -2  3    0   6   0   0   0   0   0   0   0  13  30   0   0   0   0   0   3   0   0  48  0.35 0.06
   82 A    2 -1 -1  1 -3  1  5 -2 -1 -3 -3  0 -2 -4 -2  1 -1 -3 -3 -2   30   0   0   3   0   0  59   0   0   0   0   3   0   0   0   6   0   0   0   0  0.55 0.09
   83 E    0 -1  2  4 -4  2  3 -2 -1 -4 -4  0 -3 -4 -2  0 -1 -4 -3 -3    7   0   8  40   0   8  31   0   0   0   0   5   0   0   0   3   0   0   0   0  0.58 0.07
   84 A    5 -2 -2 -2 -1 -1 -2  0 -2 -2 -2 -1 -2 -3 -2  1 -1 -3 -3 -1   96   0   0   0   0   0   0   0   0   0   0   0   0   0   0   4   0   0   0   0  0.71 0.12
   85 R    0  3  0 -1 -3  1  2 -2 -1 -3 -3  5 -2 -4 -2 -1 -1 -4 -2 -3    6  13   3   0   0   0  15   0   0   0   0  61   0   0   0   0   2   0   0   0  0.54 0.08
   86 H    3  0 -1 -2 -1 -1 -1 -1  3  0 -1 -1 -1 -2 -2  1  1 -3 -1  1   48   6   0   0   0   0   0   0  13   0   0   0   0   0   0   5   8   0   0  21  0.24 0.06
   87 E   -1 -1 -1  2 -4  1  6 -3 -1 -4 -4  0 -3 -4 -2  0 -1 -4 -3 -3    3   0   0   9   0   0  86   0   0   0   0   0   0   0   0   3   0   0   0   0  0.93 0.12
   88 A    4 -2 -1 -2 -1 -1 -1  3 -2 -2 -3 -1 -2 -3 -2  2  0 -3 -3 -1   64   0   0   0   0   0   0  21   0   0   0   0   0   0   0  15   0   0   0   0  0.51 0.08
   89 A    2  0 -1  0 -2  2  3 -1  1 -3 -3  2 -2 -3 -1  1 -1 -3 -2 -2   31   3   0   0   0  15  28   0   3   0   0  16   0   0   0   6   0   0   0   0  0.35 0.06
   90 R   -2  5 -1 -1 -4  3  1 -3  1 -4 -3  3 -2 -4 -2 -1 -1 -3 -2 -3    0  47   0   0   0  23   9   0   3   0   0  18   0   0   0   0   0   0   0   0  0.64 0.08
   91 L   -1 -3 -4 -4 -2 -3 -3 -4 -4  3  3 -3  1  0 -3 -3 -1 -3 -2  3    0   0   0   0   0   0   0   0   0  17  45   0   0   0   0   0   0   0   0  38  0.45 0.07
   92 R   -1  3 -1 -2 -2  0 -1 -3  4  0 -1  1 -1 -2 -2 -1  2 -3 -1  2    3  24   0   0   0   0   0   0  16   3   0  11   0   0   0   0  18   0   0  25  0.22 0.06
   93 Q    1 -1  0  3 -3  2  4 -2 -1 -3 -3  1 -2 -4 -2  0 -1 -3 -3 -2   22   0   0  21   0  13  36   0   0   0   0   8   0   0   0   0   0   0   0   0  0.45 0.07
   94 E   -1 -1  1  2 -4  1  5  1 -1 -4 -2  0 -2 -4 -2 -1 -2 -4 -3 -3    0   0   5   5   0   0  73  12   0   0   4   0   0   0   0   0   0   0   0   0  0.67 0.10
   95 A    5 -2 -2 -2 -1 -2 -2  1 -2 -2 -2 -1 -2 -3 -2  0 -1 -3 -3 -1   95   0   0   0   0   0   0   5   0   0   0   0   0   0   0   0   0   0   0   0  0.70 0.12
   96 Q   -1  4 -1 -2 -3  3  0 -3 -1 -1  0  2 -1 -2 -2 -1 -1 -3 -2  0    5  33   0   0   0  22   2   0   0   4  13  13   0   0   0   0   0   0   0   8  0.29 0.06
   97 E    0  0  0  0 -3  2  3  0  1 -3 -3  1 -2 -3 -2  1  1 -3 -2 -2    8   3   3   0   0  16  34   6   3   0   0   5   0   0   0  10  13   0   0   0  0.33 0.05
   98 Q   -2 -2  1  7 -4  2  1 -2 -2 -4 -4 -1 -3 -4 -2 -1 -2 -5 -4 -4    0   0   0  87   0  13   0   0   0   0   0   0   0   0   0   0   0   0   0   0  1.16 0.13
   99 G    4 -2 -1 -2 -1 -1 -1  2 -2 -2 -2 -1 -2 -3 -1  2  0 -3 -2 -1   67   0   0   0   0   0   0  13   0   0   0   0   0   0   0  21   0   0   0   0  0.50 0.09
  100 A    1  0 -1  1 -3  1  3  0 -1 -2 -3  2 -2 -3 -2  0  0 -3 -2 -1   13   0   0   6   0   3  38   5   0   0   0  26   0   0   0   0   5   0   0   6  0.33 0.06
  101 T    1  4 -1  0 -3  1 -1  0 -1 -3 -3  1 -2 -3 -2  0  1 -3 -2 -2   15  46   0   5   0   3   0   8   0   0   0   6   0   0   0   5  13   0   0   0  0.37 0.06
  102 L   -2 -4 -4 -4 -2 -3 -4 -5 -4  6  2 -3  1 -1 -4 -3 -1 -3 -2  2    0   0   0   0   0   0   0   0   0  87  13   0   0   0   0   0   0   0   0   0  0.70 0.11
  103 I    2  1 -2 -2 -1 -1  0 -2 -2  1 -1 -1 -1 -2 -2  0  2 -3 -2  1   36  10   0   0   0   0   5   0   0  13   0   0   0   0   0   3  20   0   0  14  0.18 0.05
  104 A    2 -1 -1  2 -3  1  4 -2 -1 -3 -3  0 -2 -3 -2  0  0 -3 -3 -2   30   0   0   8   0   0  54   0   0   0   0   3   0   0   0   0   5   0   0   0  0.50 0.08
  105 E   -2  0  0  4 -4  5  3 -2 -1 -4 -3  0 -2 -4 -2 -1 -1 -3 -3 -3    0   0   0  27   0  55  18   0   0   0   0   0   0   0   0   0   0   0   0   0  0.76 0.11
  106 M   -2 -3 -4 -4 -2 -2 -3 -4 -3  1  4 -3  4  1 -3 -3 -2 -2 -1  0    0   0   0   0   0   0   0   0   0   4  73   0  20   3   0   0   0   0   0   0  0.59 0.09
  107 R    0  5 -1 -1 -3  2  1 -2  3 -3 -3  2 -2 -3 -2  0 -1 -3 -1 -3    7  51   0   0   0  10   6   0  13   0   0   9   0   0   0   4   0   0   0   0  0.53 0.08
  108 A    3 -1 -1 -1 -2  0  2  1 -2 -2 -2  1 -2 -3 -1  0  0 -3 -2 -1   56   0   0   0   0   0  24   8   0   0   0   8   0   0   0   0   5   0   0   0  0.36 0.07
  109 E    0  0 -1 -1 -4  6  2 -3  2 -3 -2  0 -1 -4 -2 -1 -1 -3 -2 -3    5   0   0   0   0  72  13   0   5   0   5   0   0   0   0   0   0   0   0   0  0.75 0.12
  110 G    4 -2 -2 -2 -1 -1 -2  2 -2 -2 -2 -1 -2 -3 -2  1  0 -3 -3 -1   77   0   0   0   0   0   0  13   0   0   0   0   0   0   0   5   6   0   0   0  0.53 0.09
  111 Q   -1 -2  0  5 -4  2  2  1 -1 -4 -4 -1 -3 -4 -2 -1 -1 -4 -3 -3    6   0   0  55   0  13  10  14   0   0   0   0   0   0   0   0   3   0   0   0  0.62 0.08
  112 R    2  2 -2 -2 -2 -1 -2 -2 -2  0 -1  0 -1 -2 -2  0  0 -3 -2  2   28  24   0   0   0   0   0   0   0   0   2   0   0   0   0   5   5   0   0  36  0.21 0.06
  113 Q   -2 -1 -1  2 -4  3  6 -3 -1 -4 -4  0 -3 -4 -2 -1 -2 -4 -3 -3    0   0   0   5   0  13  82   0   0   0   0   0   0   0   0   0   0   0   0   0  0.94 0.12
  114 R    3  1 -2 -3 -1 -1 -2 -2 -2  1 -1 -1 -1 -2 -2  0 -1 -3 -2  3   39  13   0   0   0   0   0   0   0   0   0   0   0   0   0   2   0   0   0  47  0.27 0.08
  115 E    0  2 -1  1 -4  1  5 -2 -1 -4 -3  2 -2 -4 -2 -1 -1 -4 -3 -3    6  14   0   2   0   0  65   0   0   0   0  13   0   0   0   0   0   0   0   0  0.66 0.09
  116 E   -2  6 -1 -2 -4  1  1 -3 -1 -4 -3  1 -2 -4 -3 -1 -2 -4 -3 -3    0  87   0   0   0   0  13   0   0   0   0   0   0   0   0   0   0   0   0   0  1.02 0.13
  117 I   -2 -4 -4 -4 -2 -3 -4 -5 -4  6  1 -3  1 -1 -4 -3 -1 -3 -2  2    0   0   0   0   0   0   0   0   0  92   0   0   3   0   0   0   0   0   0   6  0.74 0.12
  118 I   -1  1 -1 -1 -2  0  0  0 -2  0 -2  4 -1 -3 -2  2  1 -3 -2 -1    0   2   0   0   0   0   0   6   0  13   0  48   0   0   0  25   7   0   0   0  0.28 0.07
  119 A    2 -1 -1 -1 -2  0  2 -2 -2  0 -1 -1  0 -2 -2  1  0 -3 -2  1   23   0   0   0   0   0  27   0   0   0   5   0   3   0   0  18   3   0   0  21  0.18 0.05
  120 A    1  0 -1 -1 -3  5  0  0  6 -3 -3  0 -2 -3 -2 -1 -2 -3 -1 -3   15   0   0   0   0  49   0   5  30   0   0   0   0   0   0   0   0   0   0   0  0.62 0.11
  121 G    0 -3 -1 -2 -3 -2 -3  6 -3 -5 -4 -2 -3 -4 -3  0 -2 -3 -4 -4    0   0   0   0   0   0   0  95   0   0   0   0   0   0   0   5   0   0   0   0  1.28 0.12
  122 H    2  0 -1 -1 -2  2  0  1  3 -2 -2  2 -2 -3 -2  1 -1 -3 -1 -1   37   0   0   0   0  11   3  11  13   0   0  16   0   0   0   6   0   0   0   3  0.25 0.05
  123 A    2  2  1 -1 -2  3  0  0 -1 -3 -3  1 -1 -3 -2  1 -1 -3 -2 -2   26  19   5   0   0  24   3   6   0   0   0   3   0   0   0  14   0   0   0   0  0.30 0.05
  124 Q   -2  0 -1 -1 -4  7  1 -3  0 -4 -3  0 -1 -4 -2 -1 -2 -3 -2 -3    0   0   0   0   0 100   0   0   0   0   0   0   0   0   0   0   0   0   0   0  1.23 0.17
  125 I    0 -3 -3 -3 -1 -3 -3  1 -3  3  0 -3  0 -1 -3 -2 -1 -3 -2  4   10   0   0   0   0   0   0  13   0  24   0   0   0   0   0   0   0   0   0  54  0.33 0.07
  126 Q   -1  0  0  2 -4  4  4 -1  1 -3 -3  0 -2 -4 -2  0 -1 -3 -2 -2    0   0   0  12   0  34  40   3   3   0   0   0   0   0   0   6   0   0   0   3  0.56 0.08
  127 A    0 -3 -4 -4 -2 -3 -3 -3 -3  1  5 -3  1  0 -3 -2 -2 -2 -2  0   13   0   0   0   0   0   0   0   0   0  87   0   0   0   0   0   0   0   0   0  0.57 0.10
  128 D   -1 -2  0  1 -2  0 -1 -3 -2  1  2 -1  3 -1 -2 -1  0 -3 -2  1    5   0   6  13   0   8   0   0   0   6  34   0  16   0   0   0   8   0   0   5  0.15 0.04
  129 R   -2  7 -1 -2 -4  0 -1 -3  1 -4 -3  1 -2 -4 -3 -2 -2 -4 -2 -3    0  97   0   0   0   0   0   0   3   0   0   0   0   0   0   0   0   0   0   0  1.18 0.15
  130 K    2  0 -1 -1 -2  3  0 -1 -1 -2 -2  1 -1 -3 -1  1  2 -3 -2 -1   24   0   0   0   0  27   0   0   0   0   0  13   0   0   0  11  26   0   0   0  0.33 0.07
  131 A    1  0  2 -1 -3  5  1 -2  0 -3 -3  0 -1 -4 -2  1  0 -3 -2 -2   13   0  15   0   0  55   0   0   0   0   0   0   0   0   0  12   5   0   0   0  0.52 0.10
  132 A    0 -2 -3 -4 -2 -2 -3 -3 -3  1  4 -2  3  0 -3 -2 -1 -2 -2  1   13   0   0   0   0   0   0   0   0   0  66   0  13   0   0   0   3   0   0   5  0.41 0.07
  133 A    1 -3 -2 -3 -1 -2 -2 -3 -3  3  1 -2  0 -1 -2  0  1 -3 -2  3   13   0   0   0   0   0   0   0   0  27   5   0   0   0   0   7  12   0   0  36  0.25 0.05
  134 S   -2  6 -1 -2 -4  0 -1 -3 -1 -4 -3  1 -2 -4 -3  1 -1 -4 -2 -3    0  87   0   0   0   0   0   0   0   0   0   0   0   0   0  13   0   0   0   0  0.99 0.13
  135 A    1  1 -1  1 -3  5  2  0 -1 -3 -3  1 -1 -4 -2  0 -1 -3 -2 -3   13   4   0   5   0  53  14   6   0   0   0   5   0   0   0   0   0   0   0   0  0.51 0.09
  136 L   -2 -3 -4 -4 -2 -3 -4 -4 -3  1  5 -3  1  1 -4 -3 -2 -2 -1  0    0   0   0   0   0   0   0   0   0   0  94   0   0   6   0   0   0   0   0   0  0.70 0.11
  137 R   -2  7 -1 -2 -4  0 -1 -3 -1 -4 -3  1 -2 -4 -3 -2 -2 -4 -3 -3    0 100   0   0   0   0   0   0   0   0   0   0   0   0   0   0   0   0   0   0  1.24 0.15
  138 Q    0 -1 -1 -1 -2  3  0  1 -1 -1  1 -1  0 -2 -2  2  1 -3 -2 -1    5   0   0   0   0  24   0  11   0   0  24   0   0   0   0  24  12   0   0   0  0.18 0.05
  139 D   -1 -1  1  4 -4  0  4  1  2 -4 -4  0 -3 -4 -2  0 -1 -4 -2 -3    0   0   3  31   0   0  42  13   6   0   0   3   0   0   0   3   0   0   0   0  0.56 0.07
  140 V   -2 -3 -4 -4 -2 -3 -3 -4 -3  1  4 -3  1  1 -4 -3 -2 -2 -1  2    0   0   0   0   0   0   0   0   0   0  84   0   0   3   0   0   0   0   0  13  0.60 0.09
  141 G   -1 -3 -1 -2 -3 -3 -3  7 -3 -5 -5 -2 -4 -4 -3 -1 -2 -3 -4 -4    0   0   0   0   0   0   0 100   0   0   0   0   0   0   0   0   0   0   0   0  1.40 0.13
  142 K    1 -1 -1 -2 -2  1  0 -2  4 -1  1  1  0 -1 -2  0  0 -2  0 -1   22   0   0   0   0   5   5   0  19   0  25  13   0   0   0   3   6   0   3   0  0.14 0.04
  143 L    0 -1  0  0 -3  1  4  0 -1 -2  0  0 -1 -3 -2  0  1 -3 -2 -2    5   0   5   0   0   0  55   5   0   0  13   0   0   0   0   5  12   0   0   0  0.36 0.07
  144 A    4 -2 -1 -2 -1 -1 -1 -1 -2 -2 -2 -1 -2 -3 -1  3  0 -3 -2 -1   65   0   0   0   0   0   0   0   0   0   0   0   0   0   0  35   0   0   0   0  0.54 0.10
  145 T   -1 -3 -3 -4 -1 -3 -3 -4 -4  2  0 -3  0 -2 -3 -2  1 -4 -2  5    0   0   0   0   0   0   0   0   0   4   0   0   0   0   0   0  13   0   0  83  0.55 0.11
  146 E   -1  3  0  3 -3  3  2  0 -1 -3 -3  1 -2 -3 -2 -1 -1 -3 -2 -2    3  28   2  22   0  19  15   5   0   0   0   0   0   0   0   0   0   0   0   5  0.39 0.06
  147 L   -1  3 -1 -2 -3  3  0  1 -1 -2  0  2 -1 -3 -2 -1 -1 -3 -2 -1    0  22   0   0   0  25   0  16   0   0  13  19   0   0   0   0   0   0   0   6  0.27 0.06
  148 A    5 -2 -2 -3 -1 -2 -2 -1 -2 -2 -2 -1 -2 -3 -2  1 -1 -3 -3 -1  100   0   0   0   0   0   0   0   0   0   0   0   0   0   0   0   0   0   0   0  0.76 0.13
  149 G    1  0 -1  0 -3 -1  0  5 -2 -4 -4 -1 -3 -4 -2  0 -2 -3 -3 -3   14   5   0   5   0   0   8  66   0   0   0   0   0   0   0   2   0   0   0   0  0.70 0.08
  150 K   -1  0 -1  2 -4  2  5 -3 -1 -4 -3  3 -2 -4 -2 -1 -1 -4 -3 -3    0   0   0   6   0   6  64   0   0   0   0  24   0   0   0   0   0   0   0   0  0.73 0.10
  151 L   -2 -3 -4 -4 -2 -3 -4 -4 -4  3  4 -3  1  0 -4 -3 -2 -2 -2  1    0   0   0   0   0   0   0   0   0  23  77   0   0   0   0   0   0   0   0   0  0.61 0.09
  152 V   -1 -3 -4 -4 -2 -3 -3 -4 -4  2  0 -3  0 -2 -3 -2 -1 -4 -2  6    0   0   0   0   0   0   0   0   0   0   0   0   0   0   0   0   0   0   0 100  0.75 0.13
  153 G   -2  6 -1 -2 -4  0 -1  1 -1 -4 -3  1 -2 -4 -3 -1 -2 -4 -3 -3    0  87   0   0   0   0   0  13   0   0   0   0   0   0   0   0   0   0   0   0  0.98 0.13
  154 E    1  0  3  2 -3  1  2  1 -1 -3 -3  0 -2 -3 -2  1 -1 -4 -3 -3   16   5  28  13   0   3  18  11   0   0   0   0   0   0   0   7   0   0   0   0  0.34 0.05
  155 S   -2 -1  0 -2 -3  1 -1 -3  8 -3 -3 -1 -2  0 -3  1 -2 -2  4 -3    0   0   0   0   0   5   0   0  63   0   0   0   0   2   0  13   0   0  18   0  0.90 0.12
  156 L   -1 -3 -4 -4 -2 -3 -3 -4 -4  2  3 -3  1 -1 -3 -3 -1 -3 -2  4    0   0   0   0   0   0   0   0   0   0  45   0   0   0   0   0   0   0   0  55  0.49 0.08
  157 E    4 -2 -1 -1 -1 -1  1 -1 -2 -2 -2 -1 -2 -3 -1  2  0 -3 -2 -1   65   0   0   0   0   0  13   0   0   0   0   0   0   0   0  23   0   0   0   0  0.46 0.09
  158 D   -2 -2  1  7 -4 -1  1 -2 -2 -4 -4 -1 -4 -4 -2  0 -2 -5 -4 -4    0   0   0  93   0   0   2   0   0   0   0   0   0   0   0   5   0   0   0   0  1.24 0.14
  159 H    1 -2 -2 -1 -3  0  0 -2  3 -3 -3 -1 -3 -4  6  0 -1 -4 -2 -3   13   0   0   3   0   3   4   0  13   0   0   0   0   0  57   8   0   0   0   0  1.08 0.09
  160 A    4 -1  0  0 -2  2  0  0 -2 -2 -2  0 -1 -3 -2  1 -1 -3 -2 -1   64   0   3   7   0  15   0   3   0   0   0   2   0   0   0   3   0   0   0   3  0.35 0.08
  161 R    2  2  3 -1 -2  3  1 -1 -1 -3 -3  0 -2 -3 -2  0 -1 -3 -2 -2   33  18  25   0   0  19   5   0   0   0   0   0   0   0   0   0   0   0   0   0  0.35 0.07
  162 Q   -2  2 -1 -1 -4  7  1 -3  0 -4 -3  1 -1 -4 -2 -1 -2 -3 -2 -3    0   8   0   0   0  87   0   0   0   0   0   5   0   0   0   0   0   0   0   0  1.01 0.15
  163 S    2 -1  0 -1 -2 -1  0  0 -2 -3 -3 -1 -2 -3 -1  5  1 -3 -2 -2   15   0   0   0   0   0   5   3   0   0   0   0   0   0   0  77   0   0   0   0  0.57 0.11
  164 R    4  1 -2 -2 -1  1  1 -1 -2 -2 -2  0 -2 -3 -2  1 -1 -3 -2 -1   69  13   0   0   0   5   8   0   0   0   0   0   0   0   0   5   0   0   0   0  0.42 0.08
  165 V    0 -2 -1 -2 -1 -1 -1 -2 -2 -1 -2 -1 -1 -3 -2  2  5 -3 -2  1    5   0   0   0   0   0   0   0   0   0   0   0   0   0   0  20  63   0   0  13  0.49 0.09
  166 I   -1 -3 -4 -4 -2 -3 -3 -4 -4  4  1 -3  0 -1 -3 -2 -1 -4 -2  5    0   0   0   0   0   0   0   0   0  25   0   0   0   0   0   0   0   0   0  75  0.61 0.10
  167 D   -3 -2  1  7 -4 -1  1 -2 -2 -4 -5 -2 -4 -4 -2 -1 -2 -5 -4 -4    0   0   0 100   0   0   0   0   0   0   0   0   0   0   0   0   0   0   0   0  1.40 0.15
  168 R   -2  7 -1 -2 -4  0 -1 -3 -1 -4 -3  1 -2 -4 -3 -2 -2 -4 -3 -3    0 100   0   0   0   0   0   0   0   0   0   0   0   0   0   0   0   0   0   0  1.24 0.15
  169 F   -1 -3 -3 -4 -2 -3 -3 -3 -2  0  0 -3  0  6 -4 -1 -2  0  2  2    5   0   0   0   0   0   0   0   0   0   0   0   0  68   0   6   0   0   0  22  0.66 0.10
  170 L   -2 -3 -4 -4 -2 -3 -4 -4 -4  3  4 -3  1  0 -4 -3 -2 -2 -2  1    0   0   0   0   0   0   0   0   0  27  73   0   0   0   0   0   0   0   0   0  0.59 0.09
  171 D   -1 -2  1  6 -3 -1  1  0 -2 -4 -4 -1 -3 -4 -2  1  0 -5 -3 -3    3   0   5  73   0   0   3   4   0   0   0   0   0   0   0   8   6   0   0   0  0.82 0.10
  172 E   -2 -1 -1  3 -4  2  6 -3  1 -4 -4  0 -3 -4 -2 -1 -2 -4 -3 -3    0   0   0  15   0   3  79   0   3   0   0   0   0   0   0   0   0   0   0   0  0.90 0.12
  173 L   -2 -3 -4 -4 -2 -3 -4 -4 -4  1  5 -3  2  0 -4 -3 -2 -2 -2  0    0   0   0   0   0   0   0   0   0   0 100   0   0   0   0   0   0   0   0   0  0.77 0.11
  174 D   -1 -2  1  6 -4  0  3 -2  1 -4 -4 -1 -3 -4 -2  0 -1 -4 -3 -3    4   0   3  62   0   0  20   0   4   0   0   0   0   0   0   8   0   0   0   0  0.76 0.09
  175 D    3 -1 -1  2 -2  1  1  1 -1 -3 -3 -1 -2 -3 -1  1  0 -3 -2 -2   48   0   0  15   0   8   9   7   0   0   0   0   0   0   0  13   0   0   0   0  0.32 0.06
  176 K   -2 -2 -3 -4 -3 -1 -2 -4 -2  0  1  1  8 -1 -3 -2 -2 -3 -2  0    0   0   0   0   0   0   0   0   0   0   0  13  87   0   0   0   0   0   0   0  0.91 0.17
  177 A    4 -2 -1 -2 -1 -1 -1 -1 -2 -2 -2 -1 -2 -3 -1  2  1 -3 -2 -1   75   0   0   0   0   0   0   0   0   0   0   0   0   0   0  17   9   0   0   0  0.53 0.10
  178 T    1 -1 -2 -2 -3  1 -1  0 -2 -3 -3 -1 -2 -4  6  0  1 -4 -3 -2   12   4   0   0   0   9   0   8   0   0   0   0   0   0  50   4  13   0   0   0  0.87 0.08
  179 T    2 -1  0 -1 -1 -1 -1  2 -2 -2 -3  0 -2 -3 -1  3  2 -3 -2 -2   25   0   0   0   0   0   0  18   0   0   0   6   0   0   0  39  13   0   0   0  0.36 0.06
  180 A    2 -2 -1  0 -1 -1  0  2 -2 -2 -2 -1 -2 -3  0  2  2 -3 -2 -1   33   0   0   3   0   0   3  18   0   0   0   0   0   0   3  15  21   0   0   3  0.28 0.04
  181 E    1 -1 -1  1 -2  1  2  0 -1 -1 -2 -1 -1 -1  2  0  0 -3 -2  0   23   0   0   8   0  12  16   5   0   0   0   0   0   5   8   4   4   0   0  15  0.15 0.02
  182 A    3 -1 -1  2 -2  0  2 -1 -2 -2 -2 -1 -2 -3 -1  0 -1 -3 -2  0   55   0   0  15   0   0  24   0   0   0   0   0   0   0   0   0   0   0   0   6  0.33 0.05
  183 T    0 -2 -2 -2 -1 -2 -2 -2 -3  2  0 -2  0 -2 -2  1  2 -3 -2  3    7   0   0   0   0   0   0   0   0   7   0   0   0   0   0  12  18   0   0  56  0.24 0.04
  184 R   -1  4  0  0 -4  3  3 -2  0 -3 -3  2 -2 -3 -2 -1 -1 -3 -2 -3    0  32   0   0   0  21  33   0   0   0   0  14   0   0   0   0   0   0   0   0  0.53 0.03

                      K         Lambda
Standard Ungapped    0.1293     0.3141
Standard Gapped      0.0410     0.2670
PSI Ungapped         0.1427     0.3177
PSI Gapped           0.0437     0.2670
