
Last position-specific scoring matrix computed, weighted observed percentages rounded down, information per position, and relative weight of gapless real matches to pseudocounts
           A  R  N  D  C  Q  E  G  H  I  L  K  M  F  P  S  T  W  Y  V   A   R   N   D   C   Q   E   G   H   I   L   K   M   F   P   S   T   W   Y   V
    1 M   -6 -7 -8 -8 -6 -7 -7 -8 -7  4  5 -7  2  4 -7 -7 -6 -6 -4  1    0   0   0   0   0   0   0   0   0  19  51   0   4  18   0   0   0   0   0   8  1.44 0.65
    2 N   -5  1  2  5 -8 -3  2 -5 -1 -8 -8  2 -7 -8 -6  3 -3 -8 -7 -7    0   6  10  32   0   1  12   0   2   0   0  13   0   0   0  22   2   0   0   0  1.10 0.64
    3 P    0 -9 -9 -9 -3 -8 -9 -9 -9 -1 -5 -8 -6 -8 -2 -5  1 -9 -8  7    8   0   0   0   1   0   0   0   0   3   0   0   0   0   2   1   9   0   0  76  2.14 1.02
    4 I    0 -2 -6 -3  1 -6 -5 -4 -7  1  5 -5 -1 -3 -7 -6  1 -7  0  3    8   2   0   2   3   0   1   1   0   7  44   1   1   1   0   0   8   0   3  17  0.84 0.50
    5 V   -2 -8 -9 -9 -2 -5 -6 -6 -9  3  5 -8  2 -6 -8 -8 -6 -8 -7  4    4   0   0   0   1   0   1   1   0  13  52   0   4   0   0   0   0   0   0  24  1.45 0.74
    6 F   -4 -8 -8 -5 -7 -7 -2 -6 -7  4  4 -7 -1  4 -8 -7 -5 -6  2  3    1   0   0   1   0   0   3   1   0  21  34   0   1  14   0   0   0   0   6  18  1.14 0.60
    7 D   -6 -7 -6  5 -10 -3  7 -7 -7 -6 -4 -3 -4 -10 -8 -5 -8 -10 -9 -6    1   0   0  29   0   1  62   0   0   1   2   2   1   0   0   1   0   0   0   1  2.16 1.10
    8 R   -2  5 -5 -3 -5  0  3 -4 -6 -2 -7  5 -3 -6 -3 -1 -4 -7 -7 -5    4  30   0   1   0   4  18   2   0   3   0  29   1   0   2   4   1   0   0   1  1.13 0.66
    9 K   -1  4  0 -1 -7 -1 -1 -2  5 -7 -4  5 -2 -5 -4 -1 -4 -3 -3 -5    6  18   5   4   0   2   5   4  12   0   2  31   1   0   1   5   1   0   1   1  0.81 0.51
   10 P    1  0  0 -1 -5  2  1  0 -2 -4 -1  1 -1 -3  3  1  0 -5 -3 -4   10   5   4   4   0   8   9   8   1   0   7   8   1   1  15  10   5   0   1   1  0.27 0.26
   11 F    0  3 -2  1 -5 -1  3  0  0 -2 -5  0 -2  3 -2  0 -1 -3 -2 -3    7  16   2   8   0   2  20   8   2   2   1   5   1  10   2   8   3   0   1   2  0.36 0.31
   12 V   -2 -3  0 -6 -6 -4 -5 -1 -5  6  0 -5 -1  0  2 -4 -2 -1  1  2    3   2   5   0   0   1   0   5   0  39   9   0   1   4  10   1   3   1   5  11  0.78 0.47
   13 G    0  0 -3  0 -4 -4 -2  5 -6 -4 -6 -4 -6 -1  4 -3 -4 -3 -4 -2    8   6   1   5   0   1   3  46   0   1   1   1   0   3  18   2   1   0   1   4  1.02 0.57
   14 K   -4  0 -3 -3 -4 -3  0 -8 -3 -4  0  7 -5 -6 -4 -2 -2 -9 -3  0    1   4   1   2   0   1   7   0   1   1   8  57   0   0   1   3   2   0   1   8  1.31 0.74
   15 K    1  0 -6 -6 -5  4 -5 -8  5 -4 -4 -1 -7 -7  6 -5  0 -4 -8 -3   11   4   0   0   0  14   1   0  10   1   2   4   0   0  41   1   6   0   0   2  1.32 0.79
   16 C   -5 -11 -11 -9 12 -11 -11 -11 -11 -10 -8 -11 -10 -11 -5 -5 -1 -11 -11 -6    1   0   0   0  92   0   0   0   0   0   0   0   0   0   1   1   4   0   0   1  4.60 1.79
   17 T    4 -8 -7 -8 -2 -7 -8  6 -8 -8 -7 -7 -8 -5 -6  0  2 -9 -8 -8   30   0   0   0   1   0   0  47   0   0   1   0   0   1   0   7  13   0   0   0  1.58 0.86
   18 G   -5 -7 -4  1 -6 -8  3  7 -8 -10 -10 -8 -5 -10 -9 -3 -8  2 -9 -10    1   0   1   7   0   0  17  69   0   0   0   0   0   0   0   2   0   2   0   0  2.09 1.05
   19 I    3 -6 -7 -6 -2 -7 -5  4  1  2  2 -6 -4  0 -7 -5 -6 -2 -4 -3   22   0   0   0   1   0   1  33   3  10  20   0   0   5   0   1   0   1   1   2  0.92 0.56
   20 I   -5 -9 -9 -7 -4 -8 -7 -10 -9  6  3 -9  1 -1 -7 -8 -1 -8 -7  5    1   0   0   0   0   0   0   0   0  33  24   0   2   3   0   0   5   0   0  30  1.47 0.73
   21 S   -2 -7 -2 -6 -8 -6 -7  0 -8 -1 -5 -4 -2 -3  5  4  2 -2 -6 -2    3   0   2   0   0   0   0   8   0   4   1   1   1   1  30  30  12   1   0   3  1.07 0.71
   22 R    0  1 -2 -2 -4 -1 -1 -1  1 -1  0  2 -1 -4  3 -1  0 -6 -2 -1    9   8   2   3   0   2   3   4   3   3  12  15   1   1  16   5   7   0   1   5  0.25 0.23
   23 K   -1  4  0  1  3  0  2  0 -1 -2 -4  2 -5 -5  0  0 -4 -7 -3 -3    6  20   4   7   5   3  14   8   2   2   2  11   0   0   4   7   1   0   1   2  0.40 0.32
   24 T    2 -5 -2 -3  1 -4 -3 -1 -1  2  1 -4  3 -1 -6  0  2 -2 -1  1   20   0   2   1   2   0   2   5   1   9  14   0   8   2   0   7  13   1   2  10  0.36 0.29
   25 F    0 -1 -2 -3 -5 -1  0 -4 -4  2  2 -1  2  3 -2 -1 -2  3  0  1   10   4   2   1   0   3   6   1   0  10  21   3   4  10   2   4   2   5   3   9  0.27 0.21
   26 E   -1  2 -1  3 -4  0  4 -4 -1 -3 -4  2 -2 -3 -1  1 -3 -7 -4 -5    6   9   3  17   0   4  24   2   1   1   2  12   1   1   3   9   2   0   0   1  0.55 0.41
   27 K   -1  1 -2  0 -2  0  3 -3  0 -2  1  0  0  1 -2 -1 -2  3  2 -3    5   7   2   6   1   4  21   2   2   2  14   6   2   6   2   4   3   3   6   2  0.24 0.23
   28 L   -3 -5 -4 -5  1 -5 -5 -5 -3  1  4 -5 -1  6 -7 -4 -2 -3  0  1    2   1   1   1   3   1   1   1   1   8  33   1   1  29   0   2   3   0   3   8  1.03 0.54
   29 D   -1  0  1  4 -4 -3  2  2 -1 -4 -5 -1 -6 -6  3 -2 -1 -2 -5 -3    5   5   7  20   0   1  12  17   1   1   1   3   0   0  16   3   4   1   0   2  0.59 0.42
   30 I   -3 -4 -2 -4 -3 -3 -1 -5 -6  4  3 -3  0  2  1 -5 -3  2  1  1    2   1   2   1   0   1   4   1   0  25  25   2   2   8   8   1   1   2   4   9  0.65 0.39
   31 S   -3 -3 -1  2 -6 -5 -2  1 -4 -4 -2 -1 -3 -4  6  1 -2 -5 -6 -4    2   2   3   9   0   0   2  11   1   1   5   4   1   1  43  10   2   0   0   1  1.02 0.64
   32 R   -1  2 -1  3 -4 -1  2 -1  0 -2 -2  2 -4 -1  2 -1 -2  0 -2 -1    5  10   2  14   0   2  13   4   2   2   4  13   0   3  12   5   2   1   1   5  0.29 0.25
   33 E   -2  1 -1  3 -6 -1  5 -1  1 -5 -7  1 -7 -8 -1  1 -2 -3 -5 -5    3   8   3  14   0   3  32   6   3   1   0   8   0   0   4  11   3   0   0   1  0.73 0.51
   34 F    0 -3 -3 -2  2 -1 -3 -3  0  1  2 -3 -1  3 -1  0 -2  4  2  1    9   2   1   2   5   3   2   2   2   8  17   1   1  10   3   8   2   6   6  10  0.28 0.21
   35 I   -3 -5 -4 -6 -5 -7 -4 -6 -8  6  1 -4 -2  0 -2 -5 -3 -1 -3  4    2   1   1   0   0   0   1   1   0  39  12   1   1   4   2   1   2   1   1  29  1.23 0.61
   36 D   -1 -1 -1  2  1  1  1 -2 -1  1  1 -1 -1 -1 -3  0 -1 -3  0  2    5   4   3  11   3   6  11   4   1   7  14   3   1   3   1   6   3   0   3  13  0.11 0.13
   37 R    1  4  5  0 -3  1 -1 -2  1 -5 -4  0 -6 -6 -3  0 -1 -3 -5 -4   13  18  24   4   1   6   4   4   4   1   2   5   0   0   2   8   4   0   0   1  0.63 0.43
   38 E   -2  3 -1  0 -4  0  3 -3  0 -3 -4  3 -4 -4 -1 -1  0 -7  0 -1    4  15   2   6   0   4  20   2   2   2   1  18   0   1   3   5   6   0   4   4  0.46 0.35
   39 F   -3 -4 -6 -8  1 -8 -7 -6 -2  6 -1 -6 -3  2 -5 -4 -2  1  3  4    2   1   0   0   2   0   0   1   1  35   7   1   0   7   1   1   3   2   8  27  1.15 0.59
   40 K   -3  5  2  0 -5 -1  0 -3  1 -6 -6  3 -4 -5 -4  0  0 -7  2 -4    2  33   8   6   0   2   5   2   4   1   0  15   1   0   1   7   6   0   6   1  0.82 0.52
   41 S   -1  1  0 -2 -3 -3 -1  5  0 -4 -5  1 -4 -8 -6  1  0 -2 -4 -3    5   8   5   3   1   1   4  41   2   1   1   8   1   0   0  10   6   1   1   2  0.76 0.49
   42 I    4 -2 -6 -6 -3 -2 -5 -2 -5  2  0 -3  3  2 -5 -3 -4 -2 -2  2   33   2   0   0   1   2   0   3   0  11  10   2   8   9   1   2   1   1   2  13  0.67 0.43
   43 I   -2  5 -1 -2 -3 -2  0 -5 -1  0 -2  2 -4  1 -5 -2  0 -6  1  1    4  29   3   3   1   1   7   1   1   5   4  10   0   5   1   3   6   0   5  10  0.52 0.36
   44 L   -4 -6 -5 -9 -7 -6 -7 -7 -3  4  2 -8  5  5 -6 -4 -1 -4 -1  2    2   0   1   0   0   0   0   0   1  21  19   0  12  22   0   1   4   0   2  13  1.14 0.58
   45 H   -3 -2 -2 -3 -1 -3 -3 -4  6  3 -4 -3 -5  3 -6 -1 -2 -2  6  2    2   2   2   2   1   1   2   1  16  13   2   2   0   9   0   5   3   1  21  13  0.89 0.50
   46 Y    1 -5 -3 -4 -5 -5 -4  0 -3 -1  1 -5 -1  2 -1  5  0 -1  1 -3   12   0   1   1   0   0   1   6   1   3  13   0   2   7   3  34   6   1   5   2  0.59 0.45
   47 E   -3 -1  0  2 -6 -3 -2 -2 -1 -6 -6  1 -5  1  7 -3 -3 -1 -5 -6    3   3   5  10   0   2   3   4   1   0   1   7   0   6  48   3   2   1   0   1  1.25 0.74
   48 N   -3 -3  5  3 -3 -3 -3  4 -1 -3 -5 -3 -2 -5 -5  3 -2 -2 -2 -5    2   2  23  13   1   1   2  24   1   2   1   2   1   0   1  18   2   1   2   1  0.81 0.53
   49 K   -2  3  1 -2 -4  1  1  4  0 -2 -4  2 -2 -6 -4 -1 -2 -7 -3 -2    3  14   7   2   0   5  10  25   2   3   1  13   1   0   1   4   3   0   1   3  0.50 0.36
   50 K   -2  3 -1 -1 -2 -1  1 -3  1 -2 -1  2 -1 -3  2  1  2 -4  0  0    3  14   2   3   1   3   7   2   4   2   7  11   1   1  10  10  11   0   3   6  0.22 0.22
   51 I   -2 -3 -6 -6 -3 -3 -2 -5 -4  3  1  1  0  1 -2 -3 -1 -6  1  5    4   1   0   0   1   1   3   1   0  16  10   8   2   6   2   2   4   0   4  34  0.64 0.39
   52 Q    1 -1  0  1 -2 -2  1  2  1 -2 -3  0 -2 -1 -2  1  0 -3  0  0   13   4   4   8   1   2   9  17   4   2   2   5   1   2   2   9   7   0   4   6  0.16 0.16
   53 I   -1 -2 -1 -1 -3 -3  0 -4 -1  2  1 -3  2  1 -4 -2 -1  1  4  2    4   2   3   3   1   1   7   1   2  13  12   2   6   6   1   3   4   2  16  12  0.37 0.26
   54 R   -2  2 -2  1 -4 -1  0 -3 -1  0 -2  0  3 -3  0 -1 -2 -7 -4  4    4  11   2   7   0   2   7   3   1   5   4   5   7   1   5   5   3   0   1  28  0.37 0.29
   55 A    0  1 -3 -3  1 -3 -2  0 -2  2  1 -2 -1 -1 -2 -1  0 -2 -2  3    7   7   1   2   3   1   2   8   1  13  13   3   1   2   2   4   6   0   2  23  0.26 0.20
   56 D   -3  3  0  5 -5 -1  2 -3  0 -4 -5 -1 -1 -3  0  1 -3 -4  2 -2    2  14   4  26   0   2  12   2   2   1   1   4   2   1   5   9   2   0   8   3  0.58 0.41
   57 L    0  7 -4 -4 -5 -3 -2  0 -7 -2 -2  0 -2  1 -3 -3 -4 -8 -3  0    7  48   1   1   0   1   3   6   0   2   5   4   1   6   2   2   1   0   1   7  1.04 0.62
   58 I   -1 -1 -4  1 -3 -2  1  0 -1  0 -2  1 -3  1 -4 -1 -2  0  5  1    6   4   1   8   0   1  10   8   1   5   3   9   0   5   1   5   3   1  18  10  0.29 0.25
   59 R   -1  2 -1 -2 -5 -1  1 -3  2  2  0  1  3 -3 -4 -2 -1 -2 -2  2    6  13   2   2   0   2   8   3   4  12   9   9   7   1   1   2   4   0   1  12  0.24 0.20
   60 L   -5 -6 -7 -5 -7 -5 -4 -7 -3  3  3 -4 -1  6 -6 -6 -2 -1 -1  3    1   0   0   1   0   0   2   0   1  13  25   1   2  29   1   1   3   1   2  16  1.12 0.57
   61 N   -7 -1  2  8 -10 -4  1 -2 -3 -6 -8 -3 -4 -6 -5 -3 -3 -5 -7 -7    0   3   9  64   0   1   8   3   1   0   0   2   1   0   1   2   2   0   0   0  1.89 0.95
   62 R   -1  7  0 -3 -9  1  0 -4  1 -7 -5  3 -5 -1 -4 -2 -2 -8 -2 -7    6  47   4   2   0   5   5   2   3   0   1  13   0   3   1   3   3   0   2   0  1.18 0.67
   63 Y    0 -1 -3  1 -5 -2  1 -2  0 -5 -2  2 -1  2  3 -2  0  4  3 -3    8   4   1   7   0   2   8   4   2   0   4  11   1   8  14   3   6   5  10   2  0.32 0.27
   64 K    0 -1 -4 -3 -2 -4  0 -2 -3  1  4  0  1 -3 -4 -4 -2 -2 -4  1    7   3   1   2   1   1   7   4   1   8  40   6   3   1   1   1   3   1   1   9  0.52 0.34
   65 L    1 -1 -6 -8 -3 -5 -7 -7  0 -1  3 -6  1  6 -8 -6 -4  3  1  1   13   4   0   0   1   1   0   0   2   3  24   1   3  30   0   0   1   4   4   8  1.01 0.55
   66 E   -2 -1 -1  5 -2  1  4 -6 -1  0  0 -2  1 -5 -7 -3 -3  0 -4 -2    4   3   2  29   1   6  21   0   2   6  10   3   3   0   0   2   2   1   1   3  0.69 0.45
   67 Q    1  5 -1  0 -3  3  2 -5  1 -4 -3  3  0 -8 -6 -3 -3 -8 -2 -6   11  25   3   5   1  12  14   1   3   1   3  15   2   0   0   2   1   0   1   0  0.74 0.49
   68 S    5  0 -1  0 -4 -2 -1 -3  2 -3 -4  0  0 -1 -7  0 -3  4 -1 -3   43   4   3   5   0   2   4   2   4   2   2   7   2   2   0   7   2   5   2   2  0.72 0.49
   69 L    1  2 -6 -5 -3  0 -2 -4 -3  2  4 -1  3 -4 -6 -3 -3  0 -1  1   10  11   0   0   0   4   2   1   1  11  34   4   6   1   0   2   2   1   2   8  0.55 0.36
   70 A    5  1  0  0 -5 -2  2 -2 -2 -4 -2  0 -5 -6 -5  0 -2 -5 -4 -2   43   7   4   4   0   2  11   4   1   1   4   5   0   0   1   6   2   0   1   3  0.69 0.48
   71 Q    4 -1  0 -2  1  1  3 -3 -1 -5 -3  2  0 -6 -6  0  0 -3 -5 -3   30   4   4   2   3   6  17   2   1   0   2  10   2   0   0   7   5   1   0   2  0.54 0.41
   72 D   -2  0 -2  0 -5  0  2  6 -2 -5 -4  1 -5 -7 -8 -2 -4 -4 -5 -6    4   5   2   5   0   5  11  50   1   1   2   9   0   0   0   3   1   0   1   1  1.06 0.61
   73 L    5 -6 -5 -7 -1 -5 -4 -3 -6  1 -2 -4 -3 -3 -8  0 -2 -3 -5  3   48   0   1   0   2   0   1   2   0   7   5   1   1   1   0   6   2   0   0  21  1.11 0.64
   74 D   -2 -1  0  4 -8  0  4  3 -2 -5 -6 -1 -3 -6 -4 -3 -2 -8 -4 -4    4   4   4  21   0   4  24  24   1   1   1   4   1   0   1   2   3   0   1   1  0.83 0.51
   75 V    3  0 -6 -5 -4 -5 -5 -2 -4  2  1 -3 -1  1 -7 -3 -2 -4 -2  4   20   5   0   1   0   0   1   3   1  12  13   2   2   7   0   1   3   0   2  28  0.64 0.39
   76 K    0  4 -2 -2 -4  1  2 -5  3 -2  0  1  1  0 -3 -2  0  1 -1 -2    7  19   2   2   0   6  12   0   6   2  10   9   3   4   1   3   5   2   2   3  0.32 0.26
   77 L   -2  0 -3 -2 -2 -3 -1  0 -3  1  3 -2  0  2 -3 -2  0 -2 -1  1    4   6   1   3   1   1   5   9   1   6  28   2   2   8   1   3   7   0   2   9  0.25 0.19
   78 K   -1  2  1 -1 -4 -1  0  3  2 -1 -1  2 -3 -4 -4  0 -2 -3 -3 -2    6  12   7   3   0   3   5  22   4   3   6  14   1   1   1   6   2   0   1   3  0.32 0.25
   79 T    1  1 -1 -3 -1 -2  0 -3 -2 -1 -5  0 -1 -4 -4  1  5 -1 -1  1   10   6   3   1   1   2   7   2   1   3   1   5   2   1   1  12  31   1   3   8  0.52 0.40
   80 D   -1  2 -1  2 -5 -1  1  2 -1 -1 -3  3 -3 -3 -1 -1 -1 -4  0 -1    5  12   3  10   0   3   9  13   1   4   2  16   0   1   3   5   4   0   3   5  0.24 0.21
   81 A    2  0 -5 -3 -4 -3 -2  0 -1  1 -1 -1 -2  0 -2 -2  1 -6  1  4   15   4   0   1   0   1   2   7   1   8   6   4   1   4   2   2   9   0   4  26  0.33 0.25
   82 I   -1 -1 -3 -1 -3 -2 -1 -4 -3  3  0  0 -1  1 -4 -2  0 -1  0  3    6   4   2   3   0   2   4   1   1  18  10   5   1   6   1   3   7   1   4  21  0.31 0.21
   83 V    0 -1 -1  0 -2 -1  2 -1 -1  1  0  0  0  1 -2 -1 -1  0 -1  2    6   3   2   4   1   2  13   5   2   9   7   6   2   6   2   4   3   1   2  19  0.12 0.12
   84 K   -1  3  1  0 -1 -1  2 -2  1  1 -3  2 -2 -4 -4 -1  0 -3 -3  0    5  18   7   5   1   2  11   3   3   7   3  13   1   1   1   4   5   0   1   7  0.29 0.23
   85 N   -2  2  3  4 -6 -1  1  1  2 -2 -4  0 -4 -5 -2  0  1 -7 -5 -3    3   9  14  20   0   3   8   9   4   3   2   7   0   1   2   6   8   0   0   2  0.44 0.32
   86 E    0 -1 -1  3 -5 -3  2  4 -2 -3 -3 -2 -3 -2 -1  0  0 -6 -3 -1    7   4   3  14   0   1  12  28   1   1   3   2   1   2   3   7   7   0   1   5  0.41 0.31
   87 K   -1  3  2  0 -2 -1  0  1  0 -4 -4  3 -4 -2 -2  0  0  0  0  0    4  14   9   5   1   3   6  11   2   1   2  17   0   2   2   5   5   1   4   7  0.26 0.22
   88 E    1 -2 -1  1 -1 -2  1  3 -1 -1 -1 -1 -3 -2  0  0  0  2  0  0   11   2   3   8   1   1   8  20   1   3   7   4   0   2   4   5   5   3   3   8  0.14 0.14
   89 V   -1  2 -3 -3  0 -1 -1 -1 -2  2  0  0  0 -2 -2 -1  0 -1  1  3    5  10   1   1   2   2   4   6   1   9   7   5   2   2   2   5   6   1   5  23  0.19 0.17
   90 I   -1 -1 -3 -4 -3 -3 -3 -3  0  3  1 -1 -1 -1 -3 -1  0 -4  1  4    5   3   1   1   1   1   1   2   2  16  14   4   1   2   1   6   5   0   5  27  0.43 0.28
   91 T   -2  0  0 -1 -2  1  1  0 -1 -1  1  0 -2 -2 -4  0  3 -2 -3  1    3   6   4   3   1   6   9   7   2   4  12   6   1   1   0   6  18   0   1  11  0.17 0.18
   92 N    1  0  1 -2 -5  0 -1  2  2 -2 -3  0 -2 -3 -3  1  2 -4 -3  1   10   5   6   3   0   4   3  14   5   3   2   6   1   1   1  11  15   0   1  10  0.22 0.21
   93 N   -2  0  3  3 -4 -2  2  2 -1 -2 -2  1 -2 -4 -3  0 -1 -5 -4 -3    3   6  13  15   0   2  12  16   2   2   4  10   1   1   1   7   4   0   0   2  0.36 0.27
   94 N   -1  0  1  1 -2 -2  1  4 -3 -2 -4  1 -3 -3 -2 -1 -1 -4 -1 -1    5   5   7   8   1   2   8  32   1   3   2   9   1   1   2   3   4   0   2   5  0.40 0.28
   95 E   -3  2 -1  0 -5  1  3  1  1 -2 -4  2 -3 -1 -3 -1  0 -3 -1  0    2  12   3   5   0   5  21  10   3   3   2  12   1   2   1   5   5   0   2   6  0.31 0.26
   96 K   -3  2 -2 -1 -2  0  4 -4 -3 -1 -5  2 -3 -5 -1  0  3 -4 -5 -2    2  11   2   4   1   3  29   1   1   4   1  11   1   0   3   7  15   0   0   4  0.59 0.42
   97 I   -3 -5 -7 -6 -5 -6 -3 -5 -1  4  1 -3 -2  4 -7 -4 -5  0  4  4    2   1   0   1   0   0   2   1   2  24  11   2   1  14   0   2   1   1  11  25  0.94 0.48
   98 T   -2  4 -2  0 -3  1  2 -3  0 -3 -3  2 -4 -3 -1  1  1 -2 -1 -4    4  23   2   4   1   5  14   2   2   2   3  12   0   1   3   9   8   1   3   1  0.44 0.33
   99 A    5 -7 -6 -5  3 -6 -6  1 -2 -5 -6 -6 -6  1 -2  0  1 -4  2 -1   47   0   0   1   6   0   0   9   1   1   1   0   0   6   2   8   7   0   7   5  1.01 0.60
  100 D   -5  5 -1  4 -5 -1 -1 -3 -3 -8 -6  5 -7 -8 -1 -1 -3 -8 -7 -5    1  27   3  22   0   2   4   2   1   0   1  27   0   0   3   5   2   0   0   1  1.12 0.62
  101 K    0 -3 -7 -5 -2 -4 -5 -7 -2  3  1 -2  3  2 -7 -4 -3  1  4  3    9   2   0   1   1   1   0   0   1  15  14   3   8   7   0   1   1   2  14  21  0.70 0.40
  102 V   -3 -8 -9 -9 -5 -8 -7 -5 -9  4  3 -8 -3 -2 -8 -8 -3 -8 -1  6    2   0   0   0   0   0   0   1   0  20  23   0   0   1   0   0   2   0   2  46  1.51 0.72
  103 I   -1 -9 -10 -10 -5 -9 -9 -10 -10  7 -2 -9 -6 -5 -9 -8 -7 -9 -8  5    5   0   0   0   0   0   0   0   0  53   4   0   0   0   0   0   0   0   0  38  2.20 0.96
  104 I    2 -8 -4  2 -5 -7 -4  6 -8  1 -3 -5 -4 -4 -7 -4 -5 -8 -5 -1   18   0   1  12   0   0   1  48   0   7   4   1   0   1   0   1   1   0   0   5  1.18 0.64
  105 A    7 -6 -9 -9  2 -8 -8 -3 -9 -9 -9 -8 -8 -9 -8 -1 -7 -10 -9 -8   88   1   0   0   4   0   0   2   0   0   0   0   0   0   0   5   0   0   0   0  2.58 1.21
  106 S   -4 -2 -4  8 -5 -7  0 -3 -8 -7 -8 -5 -9 -7 -6 -2  2 -10 -9 -9    2   2   1  71   0   0   6   2   0   0   0   1   0   0   0   3  10   0   0   0  2.17 1.03
  107 G   -5 -9 -8 -9 -10 -9 -9  8 -9 -10 -10 -9 -10 -10 -9 -6 -9 -3 -10 -10    1   0   0   0   0   0   0  97   0   0   0   0   0   0   0   1   0   1   0   0  3.16 1.34
  108 W    4 -7 -3 -6 -3 -2 -5 -5  1 -1 -4 -6 -5  1  4  0 -2  1  1  3   30   0   1   0   1   2   0   1   4   3   1   0   0   5  17   7   2   2   5  18  0.75 0.50
  109 K    0  3  5 -4 -3 -1  1 -4  3 -5 -3  1 -5 -3 -2  0 -2 -6  2 -2    8  15  23   0   1   3   9   2   6   1   3   7   0   1   3   7   3   0   7   3  0.55 0.39
  110 G   -1 -2 -4 -4 -4 -5 -3  1 -7 -7 -9 -7 -4 -4 -3  7 -2 -5 -5 -5    6   3   1   1   0   1   2  10   0   0   0   0   1   1   2  69   3   0   1   1  1.68 0.93
  111 R   -2  5 -1 -4 -6 -1 -2 -5 -3 -1 -1  3  0 -3  0 -1  0 -4 -3  0    4  31   3   1   0   3   3   1   1   4   7  17   2   1   4   4   6   0   1   7  0.60 0.39
  112 S   -2  0 -3 -1 -4 -4 -3 -2 -3  1  1 -3  1  1  1 -1  0 -3 -2  4    3   5   1   4   0   1   1   3   1   8  11   2   3   5   8   5   6   0   1  31  0.40 0.28
  113 K    4  4 -3 -2 -2 -1  0  1 -3 -6 -5  1 -4 -4 -4  1 -3 -7 -3 -4   28  23   1   3   1   3   5  11   1   0   1   8   0   1   1  10   1   0   1   1  0.68 0.45
  114 W   -3  5 -4 -3 -3  0 -2 -3 -3 -1 -1  4 -2  1 -3 -1  0  0  0 -1    2  26   1   1   1   4   3   2   1   3   8  23   1   6   1   4   6   1   3   4  0.57 0.38
  115 V    2 -2 -4 -1 -1 -1 -2 -3 -1  2  1  0  0  0 -3 -1 -2  4  2  1   16   2   1   4   1   2   3   2   1  13  13   5   2   4   1   5   2   6   6  11  0.22 0.19
  116 K    1 -4 -3 -5 -2 -3 -4 -4 -1  2  2 -1  2  1  3 -1 -2 -5  2  1   13   1   1   1   1   1   1   1   2  10  22   4   4   5  13   4   2   0   6   8  0.37 0.27
  117 A    4 -4 -3 -6 -3 -3 -5  6 -6 -5 -8 -5 -8 -9 -5 -2  0 -9 -5 -3   27   1   1   0   1   1   1  53   0   1   0   1   0   0   1   4   7   0   1   2  1.47 0.77
  118 I   -1  1 -6 -5 -6 -5 -4 -4 -6  4  4 -3  0  2 -5 -4 -2 -1  1  1    6   8   0   1   0   0   1   2   0  19  33   2   2   7   1   1   3   1   4  10  0.65 0.37
  119 E    0  1 -1  0 -8  6  4 -3  2 -5 -6  0 -2 -7 -1 -2 -2 -1 -5 -5    7   6   3   4   0  31  24   2   4   1   1   5   1   0   3   2   3   1   0   1  0.89 0.58
  120 Y    2 -2 -4 -5 -2 -4  0 -3  0 -3 -2 -3  0  2 -3 -2 -1  1  7  1   16   3   1   0   1   1   8   2   2   2   3   1   2   8   2   3   5   2  32   8  0.80 0.49
  121 L   -2  0 -3  0 -2 -1  2 -4 -3  2  2 -1  1  0 -2 -3  0 -3  1  1    3   6   1   5   1   2  13   1   0  13  18   3   4   4   2   2   6   0   5  11  0.22 0.19
  122 T   -1 -3 -2 -3 -1 -2 -1 -2 -2  3 -1 -2  2 -2 -1 -1  2 -3 -1  4    5   1   2   1   1   2   5   3   1  16   5   2   5   2   3   4  12   0   2  25  0.37 0.27
  123 E   -1  2 -2  2 -2 -1  3  0  0 -4 -4  2 -4 -5  1  0  0 -7 -3 -2    6  11   2  12   1   2  20   8   2   1   1  11   0   0   6   7   6   0   1   3  0.38 0.30
  124 P   -1 -1  2  2 -2 -3  0  0  0 -1 -1 -1 -2 -2  4 -1 -1  0  1 -1    4   4   9  12   1   0   7   7   2   5   6   3   1   2  18   5   4   1   6   5  0.24 0.21
  125 V   -1  1 -2  0 -3 -2  0 -3 -1  1  0 -1  0  1  3 -2 -2 -2  0  1    5   8   2   6   1   2   7   2   1  10   8   4   2   6  15   3   2   0   4  11  0.19 0.17
  126 E   -1  1  1  5 -1 -2  2 -2  2 -1 -2  1 -1 -4 -4 -1 -4  0 -2 -3    4   8   6  30   1   1  13   3   5   5   4   7   1   1   1   4   1   1   1   2  0.56 0.37
  127 M   -1 -1 -2  2 -3 -2  0  0 -3  1 -1 -1  1  0  3 -1  1 -6 -2 -1    4   4   2  13   1   2   6   8   1   8   7   3   4   4  17   4   9   0   1   4  0.23 0.21
  128 E   -2 -1  0  6 -8 -3  3 -3 -3 -4 -6  1 -5 -6 -1 -1 -2 -5 -3  0    3   4   4  35   0   1  19   2   1   1   1   7   0   0   4   5   3   0   1   7  0.80 0.51
  129 D    0  0 -1  3 -1 -1  2 -2 -1 -2 -2 -1  0  3 -1  0  0 -3  0 -3    8   6   3  18   1   3  13   3   2   2   5   3   3  11   3   5   6   0   4   1  0.24 0.21
  130 I    0 -2 -3 -1  3 -3 -1 -5 -3  3  0 -3  2  1 -4 -3  0 -1 -1  4    8   2   1   4   6   1   4   1   1  15  10   1   6   6   1   2   6   1   2  24  0.41 0.27
  131 H   -1 -2 -1  4 -3 -2  4 -4  5 -2 -3 -2 -1 -2 -4 -2 -1  0  2  0    5   2   2  20   1   1  23   1  11   3   2   2   1   2   1   3   4   1   7   7  0.58 0.40
  132 V   -2 -3 -7 -3  1 -5 -1 -6 -2  3  2 -6  3  3 -5 -4 -1 -1 -1  4    3   1   0   1   3   0   5   0   1  16  15   0   7  10   1   1   4   1   2  26  0.66 0.38
  133 F   -2 -1 -6 -4 -3 -5 -3 -3  4  1 -1 -5 -2  5 -7 -2 -3  6  6  0    4   4   0   1   1   0   2   2   9   8   5   1   1  19   0   3   2   9  23   6  0.95 0.51
  134 F   -3 -3 -5 -1 -7 -6 -3 -5  1  2  1 -5 -2  5 -3 -4 -4  2  5  1    2   1   1   4   0   0   2   1   3  11  14   0   1  23   2   1   1   2  20  10  0.88 0.47
  135 N   -3  0  2  4 -6  0 -1  2 -2 -2 -2 -3 -3  3 -2  0  0 -2  0 -2    2   6   8  19   0   4   3  18   1   2   3   1   1  12   2   6   5   1   3   2  0.38 0.29
  136 R   -2  1  1  1 -6 -1  1  3 -1 -3 -2  2 -4 -1  1  1 -2  1 -1 -3    3   6   6   7   0   3   9  19   2   1   4  11   0   3   7  10   3   2   2   2  0.24 0.22
  137 N    0  2  0  3 -3 -1  1  0  0 -2 -3  1 -3  0 -2  0  0  0  0 -2    7  10   4  15   1   2  11   8   2   3   2   7   0   5   2   7   6   1   3   4  0.16 0.15
  138 N    0 -2  0  0 -1 -2 -2 -1 -1  2  1 -2 -1  0 -2  0  0 -1  1  2    8   2   6   6   1   1   1   6   2  13  14   2   1   4   2   7   4   1   5  15  0.12 0.12
  139 V    1 -3 -4 -3 -3 -3 -3 -4 -2 -1  1 -1  0 -1  5  3 -3 -1 -2  0   10   2   1   2   1   1   2   1   1   4  11   4   2   3  27  18   1   1   2   6  0.56 0.40
  140 G   -2 -1 -3 -1 -5 -3  0  3 -6 -3 -2 -1 -4 -4  6 -3 -1  0 -2 -3    4   4   1   3   0   1   5  23   0   2   5   4   0   1  34   2   4   1   2   2  0.81 0.50
  141 G   -5 -9 -5 -6 -9 -9 -9  7 -9 -9 -6 -7 -9  6 -9 -6 -9 -4 -1 -9    1   0   1   1   0   0   0  68   0   0   1   0   0  24   0   1   0   0   2   0  2.36 1.07
  142 F   -8 -9 -10 -10 -10 -5 -6 -10 -3 -8 -7 -9 -8  6 -10 -8 -9 -6  9 -9    0   0   0   0   0   1   1   0   1   0   0   0   0  27   0   0   0   0  69   0  3.32 1.38
  143 S    4 -7 -6 -7 -2 -6 -7  4 -4 -1 -2 -6 -3  0 -7  0 -3  2  1 -1   32   0   0   0   1   0   0  32   0   4   5   0   1   4   0   6   2   2   5   4  0.92 0.55
  144 W   -12 -12 -13 -14 -12 -11 -12 -12 -11 -12 -8 -12 -11 -8 -13 -12 -12 13  0 -12    0   0   0   0   0   0   0   0   0   0   0   0   0   0   0   0   0  97   3   0  5.67 2.14
  145 I    0 -1 -4 -5 -4 -5 -7 -8 -5  6 -1 -4 -1 -2 -8 -2 -3 -8 -1  5    9   4   1   1   0   1   0   0   0  35   6   1   1   2   0   3   1   0   2  31  1.12 0.58
  146 V   -3 -10 -10 -11 -9 -7 -10 -10 -9  3 -4 -10 -7  9 -11 -5 -2 -7 -5  1    2   0   0   0   0   0   0   0   0  16   1   0   0  69   0   1   3   0   0   8  2.59 1.10
  147 P   -6 -10 -5 -5 -11 -6 -5 -6 -3 -11 -11 -9 -6 -12  9 -6 -4 -12 -11 -10    1   0   1   1   0   1   1   1   1   0   0   0   0   0  92   1   1   0   0   0  3.40 1.54
  148 L   -2  0 -2 -1 -6 -2 -2 -3  4  0  1  5  1 -2 -6 -3 -2 -3 -1  1    3   5   2   3   0   1   2   2  10   5  15  30   4   2   0   2   2   0   2   9  0.55 0.36
  149 P   -1  0  1  1 -1 -3  0  5 -1 -6 -7  0 -7 -6 -1  0 -2 -7 -1 -4    5   5   6   8   1   1   7  41   1   0   0   6   0   0   4   7   2   0   2   2  0.74 0.45
  150 Y   -2 -1  2  5 -8 -1  3  1 -1 -5 -6  0 -7 -6 -3 -2 -3 -8  0 -4    3   3   9  31   0   2  20  11   1   1   1   6   0   0   1   3   1   0   3   1  0.84 0.51
  151 G   -4 -1  2  2 -4 -2 -1  4  4 -4 -4  0 -5 -4 -6  0  1 -5 -1 -3    1   3  11   9   0   2   5  29  11   1   2   5   0   1   0   7   9   0   2   3  0.59 0.39
  152 T    2  2 -5 -6 -2 -1 -2 -4 -6  0  1 -3 -1 -2 -6 -1  1 -3  2  3   19   9   0   0   1   2   3   1   0   6  13   1   1   2   0   4  10   0   6  21  0.43 0.33
  153 L    3  2  3 -5 -3 -3 -4  1  1 -4 -2  0 -5 -5 -5  2 -1 -2 -1 -2   24   9  15   0   1   1   1  10   3   1   5   6   0   0   0  14   4   1   3   3  0.48 0.37
  154 V   -3 -4  2 -6 -2 -8 -7 -7 -5  5 -1 -6 -3 -3 -8 -5 -4 -8 -3  6    2   1   9   1   1   0   0   0   0  27   6   1   1   1   0   1   1   0   1  47  1.47 0.71
  155 G   -2 -5 -5 -5 -9 -8 -4  7 -8  0 -5 -7 -8 -9 -6 -5 -5 -9 -7  0    3   1   1   1   0   0   2  76   0   6   1   0   0   0   1   1   1   0   0   6  2.06 0.96
  156 A    1 -4 -3 -4 -2 -5 -6  2 -7  3  1 -5  0 -4 -4 -3  1 -2 -2  3   10   1   1   1   1   0   0  15   0  15  15   1   2   1   1   2  10   1   2  22  0.53 0.35
  157 L    0 -6 -3 -5  4 -5 -7  6 -7  1  0 -7 -1  0 -8 -3 -5 -4 -1 -1    8   0   2   1   8   1   0  47   0   7  10   0   2   4   0   2   0   0   3   4  1.05 0.57
  158 G    2 -4 -2 -3 -1 -4 -3  5 -6 -2 -4 -4 -2  0 -4  2  2 -4 -4 -1   13   1   2   2   1   1   2  36   0   3   2   1   1   4   1  14  11   0   1   4  0.67 0.44
  159 Y    0  0 -3 -3 -1 -3 -1 -3  1  1  1  0  2  2 -2 -1  0  3  3 -1    8   6   1   2   2   0   4   2   3   7  14   5   5   9   3   4   6   4  12   4  0.21 0.18
  160 D    1  2  1  1 -3 -1  1  1  0 -2 -1  1 -2 -3 -1 -1 -1 -3 -3 -2   14  10   7   9   0   3   8  12   2   2   5  10   1   1   4   4   4   0   1   3  0.17 0.16
  161 D    0  0  1  3 -5  0  2  0  0 -2 -3  0  0 -5 -1  2 -1 -6 -2  0    8   5   5  15   0   3  12   6   2   2   2   6   2   0   3  15   4   0   1   8  0.24 0.22
  162 P   -1  0  1  0 -2 -2 -1 -1  1 -1  1  1 -1 -1  2  0  0 -2 -1  0    6   5   7   5   1   1   4   4   3   4  18   8   1   3  11   7   5   0   2   7  0.09 0.11
  163 K   -1  3  2  0 -2  0  0 -1  1 -3 -2  3  1 -2  1 -2 -1 -2 -1 -3    6  15  10   6   1   4   4   5   3   2   4  16   3   2   8   3   4   1   2   2  0.25 0.22
  164 K    1  3  1 -1 -2  0  2  0  0 -3 -3  2 -2  1 -2  0 -1 -5 -1 -2   10  15   6   3   1   4  12   7   3   1   3  14   1   5   2   7   3   0   2   2  0.23 0.21
  165 F    0 -1  0  0 -2 -2 -1 -1 -1  0  2 -1 -1  4 -1 -1 -2 -2  1 -2    7   3   4   5   1   2   4   4   1   6  21   4   1  18   4   5   2   1   4   3  0.21 0.18
  166 I    0 -1 -5 -3 -3 -3 -3 -5 -3  3  2 -1  3  2 -1 -1  0  0 -1  2    7   4   0   1   1   1   1   1   1  16  20   5   6   7   3   4   6   2   2  12  0.33 0.23
  167 P    0  2  0  2 -5  0  3 -2 -2 -5 -3  4 -3 -4  1 -1 -2 -4 -4 -5    9   9   4  13   0   3  15   4   1   1   3  21   1   1   6   5   3   0   1   1  0.44 0.34
  168 K    0  3  1  1 -6  0  1 -3 -2 -3 -2  4 -2 -1 -2  0 -3 -1  0 -3    8  14   6   9   0   4   7   2   1   1   4  25   1   2   2   6   2   1   4   2  0.41 0.31
  169 L   -1  0 -2 -5 -2 -2 -3 -5 -1  2  4 -3  0  1 -4 -4 -2  1  3 -1    5   5   2   1   1   2   2   1   1  10  42   2   2   5   1   1   2   2   9   5  0.64 0.39
  170 D   -2  0  2  2 -4  0  0  2 -1 -3  0  2 -1  1 -3 -2 -2 -3 -2 -3    3   5  10  13   0   4   6  14   1   1  11  13   2   7   1   3   2   0   1   2  0.24 0.21
  171 A    2  1 -1  0 -2 -1  1  2 -1 -2 -1  1 -2  0 -3 -1 -1 -3  0 -1   16   6   3   4   1   2  10  19   2   2   6   9   1   4   1   5   3   0   3   4  0.17 0.17
  172 R   -1  5 -1  0 -6  0  3 -2 -3 -6 -3  3 -4 -2 -2 -2 -1 -4 -2 -3    5  27   2   4   0   4  17   3   1   0   3  19   0   2   2   3   4   0   1   2  0.64 0.43
  173 V   -2 -4 -4 -4 -4 -4 -4 -4 -3  5  1 -4  0  3  2 -5  0  0  2  2    4   1   1   1   0   1   1   2   1  26  11   1   2  10   9   1   7   1   7  14  0.59 0.36
  174 L   -2 -1 -5 -3 -3 -3 -3 -2 -3  4  3  1  1 -3 -5 -3 -1 -6 -3  2    4   4   0   2   1   1   2   4   1  21  27   8   3   1   0   2   4   0   1  15  0.53 0.33
  175 D    0  2 -1  2 -5  1  4 -2  1 -4 -3  1 -3 -6  1 -1 -1 -4 -4 -3    7  12   3  11   0   5  27   3   4   1   3   9   1   0   6   4   4   0   0   2  0.49 0.37
  176 I   -1  2 -3 -1 -2 -1 -2 -3 -1  2  0  2  0  2 -3 -1  0 -3  0  1    5  12   1   4   1   3   2   2   2  13   8  13   2   9   1   5   5   0   3  10  0.19 0.17
  177 H   -1  2  1 -4 -1 -1  1 -1  4  0 -1  1 -1  0 -2 -2 -1 -2  3 -1    5  12   6   0   2   2   8   6  11   5   7   9   1   4   2   2   3   1   9   5  0.24 0.21
  178 G    1 -1 -5 -5 -2 -1 -4  5 -1 -2 -5 -2 -1 -3 -3  0 -2 -4  0  0   13   4   0   0   1   3   1  45   2   3   1   2   2   1   2   6   3   0   3   6  0.80 0.48
  179 G    3 -3 -2 -5 -4 -6 -4  6  2 -2 -4 -3 -7 -3 -4 -2 -4 -2 -2 -5   21   2   2   1   1   0   1  52   5   3   2   2   0   1   1   3   1   1   1   1  1.23 0.66
  180 G    1  0 -3 -3 -5 -2 -3  2 -3 -1  1  0  0  2  3 -1 -2  0 -1 -1   11   5   1   1   0   2   1  15   1   4  13   6   3   7  16   4   2   1   2   5  0.26 0.22
  181 I   -3 -5 -7 -2 -5 -5 -7 -9 -5  6  3 -4 -2 -2 -4 -6 -3 -3 -1  3    2   1   0   3   0   1   0   0   0  44  21   1   1   1   1   1   2   0   2  19  1.30 0.63
  182 P   -2 -2 -6 -5 -2 -3 -3 -1 -4 -4 -4 -3 -9 -5  8  0 -1 -1 -7 -6    4   2   0   1   1   1   2   5   0   1   2   2   0   1  63   8   3   1   0   1  1.79 0.95
  183 R   -2  2 -1 -1  0  0 -1 -2 -1  2  0  0  2  0 -4 -1 -1  3 -1  2    2  10   3   4   2   3   3   3   2  14  10   7   6   3   0   3   4   4   2  14  0.18 0.16
  184 A    0  2 -1 -2  0 -3 -2  4 -1 -3 -4 -1 -4 -1  3  0 -1  0  0 -3    6   9   3   2   2   1   2  31   1   2   2   4   0   3  14   7   3   1   3   2  0.48 0.34
  185 H   -3  1 -1  1 -7 -3 -1  3  4 -4 -3  0 -2  1  3 -1 -2 -6  1 -3    1   9   3   7   0   1   5  24   8   1   3   5   1   5  12   5   3   0   5   2  0.42 0.31
  186 P   -1 -2 -3 -4 -7 -3 -4  1 -2  0  1 -1  0 -2  6 -2 -3 -5 -1  0    6   2   2   1   0   1   1  10   1   6  11   4   2   2  36   3   2   0   2   7  0.71 0.46
  187 T   -1  1 -2  1 -3  0  0 -2 -2  1  1  2 -2 -1 -2  0  1  2 -2  0    6   7   2   7   0   3   6   3   1   9  12  12   0   2   2   8   7   3   1   8  0.09 0.11
  188 F   -2  5 -2  0 -1 -1  1  0 -1 -1 -1  1 -3 -1 -2  0 -1 -2  0 -1    3  26   2   5   2   2   8   7   1   3   7   9   0   3   2   8   3   0   4   4  0.31 0.25
  189 I   -1  0  0  0  2 -1 -1 -1 -2  1 -1  1 -1 -2 -1 -1  1  3 -1  3    3   6   4   6   4   2   4   5   1   6   7   9   1   1   3   5  10   4   2  19  0.13 0.15
  190 R   -2  2 -3  0 -2 -1 -2 -1 -2  1  0 -1  0 -1 -2 -2  2  2  2  2    3  12   1   6   1   3   2   6   1   8   8   3   3   2   2   2  11   3   7  17  0.19 0.18
  191 N    1 -1  3  1  0 -2 -2  1  0 -1 -1 -2 -1 -3 -4  1 -1 -5  0  1   10   3  17   9   2   1   2  12   2   4   6   3   2   1   0   9   3   0   4  12  0.23 0.21
  192 G    1  2  1 -1 -3 -4 -3  4 -1 -3 -1 -2 -2  0 -4 -2 -3 -6  0  1   11  11   8   3   1   0   1  30   1   1   8   2   1   4   1   3   1   0   4  10  0.43 0.31
  193 I    1 -8 -9 -9  0 -8 -8 -9 -2  5  0 -8 -4 -4 -8 -4 -2 -9 -7  6   10   0   0   0   2   0   0   0   1  26   8   0   0   1   0   1   2   0   0  48  1.55 0.74
  194 G   -8 -11 -8 -9 -11 -10 -10  8 -10 -12 -12 -10 -11 -11 -10 -8 -10 -11 -11 -11    0   0   0   0   0   0   0 100   0   0   0   0   0   0   0   0   0   0   0   0  3.40 1.44
  195 D   -10 -9 -4  8 -12 -8  2 -6 -9 -11 -12 -8 -5 -12 -9 -8 -9 -12 -11 -11    0   0   1  86   0   0  12   1   0   0   0   0   0   0   0   0   0   0   0   0  3.13 1.37
  196 V    7 -9 -9 -9 -2 -8 -8 -6 -9 -9 -9 -8 -9 -4 -8  1 -3 -10 -9 -6   86   0   0   0   1   0   0   1   0   0   0   0   0   1   0  10   2   0   0   1  2.50 1.20
  197 L    7 -4 -7 -9 -8 -8 -8  1 -9 -1 -3 -8 -5 -5 -8 -4 -5 -10 -9 -1   77   1   0   0   0   0   0   9   0   3   3   0   0   1   0   1   1   0   0   4  1.98 1.00
  198 G   -1  1 -5 -8  1 -8 -9  7 -4 -10 -5 -8 -9 -5 -4  1 -8 -9 -3 -9    6   6   1   0   3   0   0  70   1   0   2   0   0   1   1   9   0   0   1   0  1.89 0.93
  199 L   -2 -6 -7 -7  2  4 -6 -6  2 -1  3 -6  3  2 -8 -3  1 -7  1  0    3   0   0   0   4  20   0   0   4   3  28   0   6   9   0   2   8   0   4   7  0.82 0.52
  200 V    1 -8 -5 -9  1 -8 -6 -6 -9  2 -2 -8 -4 -7 -6 -2  1 -9 -7  7   10   0   1   0   3   0   0   1   0  11   4   0   0   0   0   3   9   0   0  58  1.53 0.76
  201 K   -1 -4  4  4 -7 -5 -1 -6  0 -3 -4  4 -1 -2 -7  0  0 -7  1 -5    6   0  15  23   0   0   4   0   3   2   2  22   2   2   0   8   5   0   5   1  0.77 0.50
  202 I    0 -5 -10 -9 -10 -7 -9 -5 -4 -8 -6 -2 -5 -8  8 -2 -4 -11 -7 -7    9   1   0   0   0   0   0   1   1   0   1   3   0   0  78   3   1   0   0   0  2.63 1.27
  203 S   -1 -7 -7 -5 -1 -7 -7 -4 -4  2  4 -7  1  4 -7 -1  2  2  0  0    5   0   0   1   1   0   0   1   0  11  32   0   3  16   0   5  13   3   2   6  0.78 0.45
  204 T   -6 -7  2 -7 -7 -5 -6 -4  2 -3 -1 -7 -3 -3 -8  4  6 -1 -7 -4    0   0   8   0   0   1   0   2   4   2   6   0   1   2   0  25  48   1   0   1  1.43 0.81
  205 G    1 -2 -8 -9 -4 -9 -9  7 -9 -11 -6 -9 -10 -5 -9 -6 -9 -10 -2 -10   10   3   0   0   1   0   0  84   0   0   1   0   0   1   0   0   0   0   2   0  2.51 1.11
  206 G   -2 -8 -7 -5 -10 -6  6  5 -8 -10 -8 -5 -9 -4 -9 -6 -8 -10 -2 -10    4   0   0   1   0   0  54  38   0   0   0   1   0   1   0   0   0   0   1   0  2.06 1.02
  207 G   -4 -10 -8 -9 -10 -10 -10  8 -10 -12 -12 -9 -11 -11 -10 -8 -9 -10 -11 -11    1   0   0   0   0   0   0  99   0   0   0   0   0   0   0   0   0   0   0   0  3.29 1.36
  208 I   -9 -10 -6 -10 -9 -5 -10 -11 -10  8  1 -6  1 -7 -10 -10 -7 -10 -9 -1    0   0   1   0   0   1   0   0   0  80  11   1   3   0   0   0   0   0   0   3  2.68 1.09
  209 F    0  2 -3  0 -4 -4 -6 -3  2  1 -1 -5  0  2 -4 -1 -5 -3  7 -1    8  11   1   5   0   1   0   3   4   6   6   1   2   8   1   4   0   0  33   5  0.83 0.49
  210 S    1 -7 -2 -7 -7 -2 -3 -3  0 -5 -2 -5 -2  3  3  1  0 -2  7 -5   11   0   2   0   0   2   2   2   2   1   4   1   1  12  12  10   7   1  30   1  0.95 0.57
  211 I    5 -8 -7 -8  0 -6 -8  5 -5 -2 -7 -7 -8 -9 -8  1 -6 -9 -6 -5   47   0   0   0   2   0   0  37   0   3   0   0   0   0   0   9   0   0   0   1  1.64 0.83
  212 S    1 -1 -5 -6 -3 -2 -3 -2 -4  2  2 -2  6  1 -6 -2 -4 -3 -2  1   13   4   1   0   1   2   2   3   0  11  19   3  22   5   0   3   1   0   1  10  0.63 0.39
  213 E   -1  3 -5 -4 -2  0  1 -6 -2  3  1  3  0 -3 -6 -4 -1 -4  0 -1    6  15   0   1   1   4  10   0   1  16  13  18   2   1   0   1   4   0   3   5  0.45 0.32
  214 M    4 -7 -6 -7  5 -2 -6 -2 -1  0 -2 -6  0 -6 -6  5  0 -8 -2 -3   26   0   0   0  12   2   0   3   1   4   4   0   3   0   0  35   6   0   1   2  1.03 0.62
  215 L    6 -8 -7 -8 -7 -5 -7  5 -8 -5 -4 -6 -8 -7 -8  0 -6 -9 -8 -2   50   0   0   0   0   0   0  35   0   1   3   0   0   0   0   8   0   0   0   3  1.61 0.83
  216 E   -1  3 -2  2 -4  2  4 -2  1 -2 -3  3 -3 -3 -3 -2 -2 -4 -1 -4    5  16   2   9   0   8  23   3   3   2   3  14   1   1   1   2   2   0   2   1  0.52 0.37
  217 G    2 -1 -3 -5  2 -3 -2 -3  2  2  2 -4  2 -1 -4 -1 -2  0  0  2   17   3   1   0   4   1   3   2   5  13  16   1   5   3   0   4   3   1   3  15  0.32 0.24
  218 L    5 -7 -7 -8  1 -5 -6 -2 -4  1  3 -5 -2 -1 -7 -3 -4 -8 -5  1   49   0   0   0   3   0   0   3   0   7  22   1   1   3   0   1   1   0   0   7  1.11 0.62
  219 K    6 -2 -4 -2 -3 -3 -4  1 -4 -3 -4 -1 -5 -2 -6  0 -3 -7 -1  0   53   2   1   3   1   1   1  12   0   2   2   4   0   2   0   6   1   0   2   7  0.93 0.56
  220 K    0  3  0  2 -8  2  4 -4 -2 -5 -5  3 -5 -8 -5 -1 -3 -8 -5 -4    8  14   5  11   0   7  29   1   1   1   1  14   0   0   1   4   1   0   0   1  0.77 0.49
  221 I    5 -3 -3 -5  1 -3 -1 -2  1 -2 -2 -3 -2 -3 -6  1  1 -3  0  0   46   2   1   0   3   1   4   3   3   2   3   1   1   1   0   9   7   0   3   7  0.70 0.46
  222 V   -1 -6 -4 -1 -3 -5 -5 -6 -5  6  3 -6  0  0 -5 -4 -3 -1  0  2    6   0   1   4   0   0   1   1   0  35  24   0   2   4   1   1   2   1   3  14  0.91 0.47
  223 Y    0 -1  0  3 -4 -1  1 -1  0  0  1  1 -1 -1 -2  0  0 -3 -1  0    8   2   4  15   0   2  10   4   2   5  16   8   1   3   1   6   5   0   3   6  0.12 0.13
  224 E    0  0  1  0 -5  0  4 -2 -2 -2 -3  2 -3 -5  0  1  0 -4 -5 -4    7   4   5   6   0   3  28   3   1   3   3  11   1   0   4  12   6   0   0   1  0.44 0.34
  225 D    0 -2  4  2  0 -2  1  4 -3 -7 -6 -1 -6 -6 -2  0 -2 -4 -4 -5    8   2  16  13   2   1   9  30   0   0   1   4   0   0   3   6   2   0   1   1  0.66 0.42
  226 D    0  0  3  5 -6 -2  0 -2 -1 -4 -2  0 -5  0 -1  0 -2  0  1 -5    8   5  12  30   0   2   5   4   2   1   4   7   0   3   3   8   3   1   4   0  0.50 0.34
  227 E   -2 -3 -3 -2  0 -2  2 -4 -4  0  3 -2  0 -1  4 -2 -2 -5 -3 -1    4   2   1   3   2   1  13   1   0   5  31   2   2   2  19   3   3   0   1   3  0.52 0.36
  228 R    2  2  0  0 -4  0  1 -1 -2 -5 -5  3 -3 -2 -3  3 -1 -4 -4 -5   15  11   5   6   0   4   9   4   1   1   1  14   1   2   1  22   3   0   1   0  0.44 0.35
  229 L    1 -1  0  1 -3 -1  2  0 -1  0  0  0 -1 -2 -2  0  1 -4  1 -1   13   3   4   7   0   2  13   7   1   6  10   5   1   1   1   7   8   0   5   4  0.08 0.11
  230 Y   -2 -5 -5 -3 -7 -1 -5 -6 -3 -3  4 -4 -1  0 -4 -5 -5 -2  8 -2    3   1   1   2   0   3   1   1   1   1  30   1   1   3   1   1   1   1  45   3  1.54 0.76
  231 K   -1  2 -1  2 -6  1  4 -3  1 -5 -3  2 -4 -5 -2  0 -1 -1 -3 -3    6  12   2  11   0   5  26   2   4   1   4  12   0   0   2   7   4   1   1   2  0.49 0.35
  232 E    1  3  1  1 -6  1  3 -2 -3 -4 -3  3 -3 -3 -4 -1 -1 -3 -4 -4   10  15   7   6   0   5  22   3   0   1   2  16   1   1   1   4   4   0   0   1  0.50 0.36
  233 K    1  3 -1 -4 -5 -4 -1 -4  2 -2  1  0 -3 -1 -5 -2 -2  1  6 -1   10  14   3   1   0   0   5   1   4   2  12   7   1   2   1   3   3   2  26   4  0.60 0.40
  234 F   -2  1 -4 -2  2 -1  1 -7 -1 -1 -1 -2  1  1 -3 -2 -2  8  5 -1    3   7   1   2   4   2  10   0   1   3   7   3   3   5   1   4   3  22  15   4  0.87 0.49
  235 N   -1  4  1  1 -6  0  0 -1  1 -5 -2  3 -3 -4 -4  1 -2 -1 -4 -4    5  24   6   8   0   3   7   4   4   1   4  19   1   1   1  10   2   1   0   1  0.53 0.36
  236 Q    0  3 -1 -1 -4  2  3 -1 -3 -3 -2  2 -2 -4 -1  0  0  0 -2 -2    9  13   2   4   0   8  17   5   0   2   4  14   1   0   3   6   5   1   1   2  0.30 0.25
  237 L   -1 -4 -4 -3  1 -5 -3 -5 -3  4  2 -4  3  3 -6 -3 -2  5  2  1    5   1   1   2   3   0   2   1   1  21  17   1   7  11   0   2   3   8   7   8  0.66 0.37
  238 K    0  2 -1 -2 -5 -1 -1  3  0 -1 -1  1  1  0 -4 -1 -2  1  2 -1    7  12   2   2   0   2   4  21   2   3   7  10   4   3   0   4   1   2   7   5  0.23 0.20
  239 K    0  4  0  0 -7  0  0 -3  0 -6 -3  4 -3 -3 -1  0 -3  0 -3 -4    8  22   4   6   0   5   5   3   2   0   2  26   0   1   4   7   1   2   1   1  0.60 0.41
  240 E    0  2 -2  1 -7  2  5 -3 -4 -4 -3  1 -2 -5 -1 -1 -1 -2 -3 -2    7  12   2   7   0   8  33   2   0   1   3   8   1   0   4   4   4   1   1   3  0.57 0.41
  241 I   -3 -5 -4 -8 -4 -2 -7 -8  2  4  4 -5  2  4 -6 -5 -4  3  3  0    2   0   1   0   0   2   0   0   4  19  31   1   5  15   0   1   1   4   8   5  0.92 0.48
  242 N    0  3  0  0 -4 -1  1  3 -1 -3 -2  2  0 -1 -5  0 -3 -2 -2 -3    7  14   4   5   0   2   9  21   1   1   4  11   2   3   0   8   1   1   2   1  0.31 0.26
  243 R   -1  3  0 -1 -4 -1 -1 -2 -1  0  0  2  1  2 -2 -1  0  0 -1 -1    6  19   6   4   0   1   2   3   1   6  11  11   3   8   2   3   7   1   2   5  0.18 0.18
  244 Q    0 -1  1  0 -3  2  2  1  2 -3 -1 -1  0 -3 -3  0  0 -2  0 -1    8   4   5   4   0  12  15  13   4   1   7   2   2   1   1   7   5   0   4   5  0.18 0.20
  245 L   -2  0 -4 -4 -4 -2 -4 -4  4  0  3 -1  3  2 -5 -3 -3  1  4 -2    4   6   1   1   0   2   1   2   9   5  28   4   7   8   0   2   1   2  14   3  0.58 0.36
  246 T    0  3 -2 -2 -5  0  0 -3 -2 -1 -1  4  1 -1 -4 -1  0  3  0 -2    7  16   1   2   0   4   6   1   1   4   7  24   3   3   0   4   7   4   3   2  0.38 0.29
  247 L    1  0 -5 -5 -5 -2 -5 -5 -3  3  2 -3  1  2 -6 -3 -2 -2  2  3   11   6   0   1   0   1   1   1   0  15  20   1   3   9   0   1   2   0   6  20  0.52 0.32
  248 F    0  4 -2 -4 -4  2 -3  1  0 -3  1  1  0  1 -3  0 -2 -5 -2 -3    8  20   2   0   0   9   1  10   2   1  17   9   2   6   2   7   2   0   2   1  0.32 0.27
  249 N   -3  4  1  1 -6  1  0 -1  1 -4 -2  3 -3 -4 -5 -1 -3  1  1 -4    2  24   5   9   0   5   7   5   3   1   5  19   0   1   0   4   2   2   5   1  0.53 0.36
  250 L   -1 -1 -4 -5 -3 -4 -5 -3 -4  4  2 -2  3  3 -5 -3 -2  2  1  2    5   4   1   0   1   0   0   3   0  21  21   3   6  11   0   2   3   2   4  11  0.50 0.30
  251 V    0 -1 -5 -7 -5 -5 -5 -6 -3  0  4 -2  4  4 -5 -3 -3  2  2  1    7   3   1   0   0   0   1   0   1   4  37   2   8  14   0   2   1   3   6  10  0.73 0.42
  252 E   -1  3 -1  0 -3  3  2 -1  0 -2 -1  1 -2 -2 -3  0 -1  1  1 -2    4  15   3   5   1  14  11   4   2   3   6   8   1   2   1   8   3   2   6   3  0.25 0.23
  253 K   -1  4  2 -2 -6  0 -1  1 -1 -3 -2  4 -1 -3 -5  0  0 -3  1 -4    4  19   8   2   0   5   3   9   2   1   4  22   2   1   0   7   5   0   5   1  0.43 0.32
  254 M   -2 -1 -5 -6 -5 -4 -6 -6 -6  2  4 -2  6  2 -5 -2 -2 -5 -3  1    4   4   0   0   0   1   0   1   0  11  37   3  18   7   1   4   2   0   1   8  0.87 0.47
  255 W   -2 -2  2  0 -6 -2 -2 -2 -4 -2 -2 -3  2 -1 -1  4  2  7 -1 -4    2   2   9   5   0   1   2   3   0   2   4   2   5   3   3  26  12  14   2   1  0.63 0.44
  256 G   -2 -2  2  6 -6  0  0  0  0 -3 -2 -2 -2 -3 -1 -2 -2 -6  0 -4    4   2   9  40   0   5   4   8   2   2   5   2   1   1   3   3   2   0   3   1  0.72 0.44
  257 T   -1  4  1  3 -6  0  3 -3 -1 -5 -5  3 -4 -6 -3  0 -2  0 -3 -5    6  18   6  16   0   3  16   2   1   1   1  17   0   0   2   7   3   1   1   0  0.59 0.40
  258 T   -1  3 -1  3 -5  0  2  0 -2 -2  0  0 -2  0 -4 -2  0 -5 -3 -2    4  16   2  17   0   4  12   6   1   3  12   5   1   4   0   3   7   0   1   2  0.27 0.24
  259 L   -3  3 -2 -6 -2 -3 -5 -6 -5  3  3 -3  2  2  1 -3 -3  1  0 -1    2  14   2   0   1   1   0   0   0  18  30   2   5   7   7   1   1   2   3   4  0.58 0.37
  260 R   -1  0  4  5 -3 -2  3 -3 -3 -4 -4 -1 -4 -4 -4 -2 -4 -4 -4 -2    5   6  18  28   1   1  21   2   0   1   2   4   0   1   1   3   1   0   1   4  0.78 0.48
  261 S    0  4 -1 -1 -5  1  1 -3 -1 -3 -2  2  0 -1 -1  1  0 -5  1 -2    9  20   3   3   0   7  10   1   1   2   4  13   2   2   3   9   4   0   4   2  0.29 0.25
  262 L   -1 -3 -5 -5 -5 -3 -3 -2 -3  3  3 -4  3  5 -6 -3 -2 -1 -2  0    6   2   0   0   0   1   1   3   1  18  28   1   6  21   0   1   3   1   1   6  0.69 0.40
  263 F    0 -5 -5 -6 -2 -6 -4 -7 -3  2  1 -5  2  6 -7 -3 -4 -5  1  3    9   0   1   0   1   0   1   0   1  12  14   0   6  28   0   1   1   0   5  19  0.86 0.47
  264 Y    0  3  0  0 -5  1  2 -2  1 -4 -2  2 -3 -3 -4  0  0 -1  2 -3    7  14   4   6   0   7  14   3   4   0   3  14   1   1   0   7   6   1   8   1  0.33 0.28
  265 I    0  0 -1 -3 -4 -2 -3 -2 -2  3  0  1  3  1 -4  1 -1 -5 -1  1   10   5   3   1   0   2   1   3   1  18   8   9  10   5   0  11   3   0   2  10  0.23 0.22
  266 L   -2 -7 -7 -7  5 -6 -5 -6 -4  2  4 -5  3  3 -7 -4 -4 -6 -3  1    4   0   0   0  13   0   1   0   0  12  40   0   7  13   0   1   1   0   0   8  1.05 0.54
  267 N    1  1  2  1 -2  0  0 -1  0 -3 -2  2 -3 -2  0  2  0 -5 -4 -3   10   7  11   8   1   4   7   4   2   1   3  13   0   2   4  18   5   0   0   1  0.26 0.24
  268 E   -2  0  1  4 -6  0  2  0 -2 -5 -4  3 -4 -5 -1  1 -1 -6 -4 -4    3   5   7  25   0   3  12   8   1   0   1  15   0   0   4  10   4   0   0   1  0.53 0.37
  269 R   -1  1  2  1 -4  0  2 -2  0 -1 -1  2  1 -2  0  0 -1 -4  0  0    5   6  10   8   0   2  15   2   2   3   6  11   5   1   5   6   2   0   3   7  0.15 0.16
  270 T   -2 -1  1  5 -5 -2  0  2 -2 -1 -2  0 -2 -3 -3  0  0 -6 -5 -1    2   4   7  33   0   1   6  14   1   3   4   5   1   1   1   5   5   0   0   6  0.50 0.34
  271 I   -1 -5 -5 -2 -4 -5 -2 -5 -5  5  2 -4  1  2 -2 -3 -3 -5  0  3    4   0   0   2   0   0   4   1   0  31  19   1   3   8   2   2   1   0   3  19  0.67 0.38
  272 N   -2 -1  2  2 -5  4  3 -4 -2 -1 -1  0 -3  0 -3  0  0 -5 -1 -2    3   3  10  13   0  17  19   1   1   4   7   4   0   4   1   6   5   0   2   3  0.37 0.30
  273 I   -1  2 -1 -2 -5  1  3 -3 -1  1  0  3 -1 -1 -4  0 -1 -5 -2  0    4  11   2   1   0   5  21   1   2   8   8  18   1   2   0   6   3   0   1   7  0.30 0.26
  274 D    0 -1 -1  0 -2  0 -1 -2  0  3  2  0  1  0 -1 -2 -2 -3  1  0    7   3   2   7   1   4   3   4   3  21  19   7   4   3   3   1   1   0   5   3  0.14 0.16
  275 T    1 -1 -3 -2 -4 -2 -1  1 -4 -1  1 -2 -1 -4 -3  2  3 -4 -1  0   13   3   0   2   0   1   3  12   0   3  14   2   2   0   1  18  18   0   3   7  0.26 0.26
  276 E   -1 -1 -2  6 -4  0  2 -1 -3 -2 -3  2 -2 -3 -3 -1 -1 -1  0 -4    5   2   1  40   0   3  11   5   0   3   3  12   1   1   1   4   3   1   3   1  0.65 0.34
  277 F   -3 -2 -3 -4 -4 -3 -4 -1 -3  1  0 -1  4  6 -5 -4 -4  0  5 -2    2   2   1   1   0   1   1   6   0   7   8   4  10  31   1   1   1   1  20   2  0.87 0.42
  278 D   -3 -4 -1  7 -5 -3  1 -3 -4 -1 -3 -3 -5 -3 -1 -2 -2 -6 -5 -3    2   0   2  65   0   0   7   1   0   4   3   1   0   1   4   3   2   0   0   2  1.44 0.62
  279 L   -2  1 -1  2 -4 -1 -1 -3  0 -2  0  1  2  1 -4 -1 -1  6  1 -2    2  10   3  11   0   3   4   1   2   2  11   8   7   7   0   5   4  12   6   2  0.32 0.24
  280 H   -1 -1 -2  2 -6  1  0 -1  7 -4 -4 -1 -3 -5  3 -3 -2 -5  0 -4    5   3   1  13   0   5   7   5  32   1   2   3   1   0  15   1   2   0   3   1  0.86 0.47
  281 S    1 -1  2  0 -3 -2 -1  0 -1 -1 -1  0  1 -2 -3  3  1 -2  1  0    9   3  10   4   0   0   3   6   1   2   6   7   5   1   0  23   7   0   5   7  0.16 0.19
  282 L   -1  1 -2 -1 -4  2 -1 -2 -2  0  1  2  0  0 -2  0 -1 -3  3  0    6   7   1   3   0   9   1   3   0   6  15  18   3   2   2   6   2   0  12   5  0.17 0.19
  283 I   -1 -4 -4 -1 -4 -3 -4 -4 -4  2  3 -1  4 -1 -4  0  3 -4 -1  1    3   0   0   3   0   0   0   1   0   9  26   4  11   2   0   7  19   0   2  10  0.42 0.31
  284 P    0 -1  1 -3 -3 -1 -2 -2  0  2  2  0  1  1  2 -2 -2 -3 -1  1   10   3   8   0   0   2   1   2   2  11  21   5   4   8  11   1   1   0   2   7  0.17 0.17
  285 R   -1  3 -2 -2 -4 -2 -1 -3 -1  2  0  3 -1  0 -3  0  0 -2 -3  0    4  16   1   2   0   0   3   2   1  12  11  24   1   4   1   7   4   0   0   6  0.26 0.23
  286 R    0  3 -2 -1 -4  0  2 -3  0 -3 -1  4 -3 -1 -3  0 -1 -4 -1 -2   10  13   1   3   0   2  13   1   3   1   5  31   0   3   1   6   3   0   2   2  0.39 0.28
  287 I   -1 -5 -6 -6 -4 -5 -4 -4 -5  4  4 -3  3  0 -5 -3 -1 -5 -4  2    4   0   0   0   0   0   1   1   0  24  42   2   6   3   0   2   3   0   0  13  0.82 0.42
  288 F   -3 -4 -6 -6 -4 -3 -5 -6 -5  1  4 -2  3  5 -6 -5 -3 -4 -2  3    2   1   0   0   0   1   0   0   0   6  41   3   7  22   0   0   0   0   0  19  0.91 0.45
  289 R   -2  4 -1 -4 -6  0 -1 -5  1 -3 -3  6  0 -6 -3 -1 -2 -6 -4 -5    2  26   3   0   0   4   2   0   3   2   3  47   2   0   1   3   1   0   0   0  1.02 0.50
  290 P    1  0 -2 -2 -3  0 -2 -3 -3  0 -1  1  0 -2  3  1  1 -4  0  0   15   4   0   2   0   4   1   0   0   5   6  11   3   1  16  10  11   0   3   9  0.22 0.18
  291 L   -1  1  0 -1 -3 -2 -2 -4 -3  2  3  2  0 -1 -2 -2 -2 -3  0  1    3   7   4   4   0   0   1   0   0  15  31  16   1   1   2   2   0   0   4   8  0.23 0.19
  292 P   -4 -2 -5 -4 -6 -4 -4 -5 -5 -5 -2 -1 -5 -6  8 -4 -1 -7 -6 -5    0   2   0   0   0   0   0   0   0   0   5   4   0   0  86   0   3   0   0   0  2.45 0.64
  293 D   -2 -2  4  6 -4 -1  1 -2 -1 -4 -4 -1 -4 -4 -2 -1 -1 -5 -4 -4    0   0  26  74   0   0   0   0   0   0   0   0   0   0   0   0   0   0   0   0  1.00 0.11

                      K         Lambda
Standard Ungapped    0.1423     0.3216
Standard Gapped      0.0410     0.2670
PSI Ungapped         0.1843     0.3177
PSI Gapped           0.0564     0.2670
