
Last position-specific scoring matrix computed, weighted observed percentages rounded down, information per position, and relative weight of gapless real matches to pseudocounts
           A  R  N  D  C  Q  E  G  H  I  L  K  M  F  P  S  T  W  Y  V   A   R   N   D   C   Q   E   G   H   I   L   K   M   F   P   S   T   W   Y   V
    1 M   -2 -3 -3 -4 -3 -2 -3 -4 -3  1  1 -3  8  1 -4 -3 -2 -2 -2  0    0   0   0   0   0   0   0   0   0   6   0   0  89   5   0   0   0   0   0   0  1.04 0.16
    2 L   -4 -4 -5 -6 -4 -4 -5 -6 -4  0  4 -5  5  5 -5 -4 -3 -3 -1 -2    0   0   0   0   0   0   0   0   0   3  46   0  20  31   0   0   0   0   0   0  1.13 0.31
    3 R   -2  2  2 -2 -5  2  0 -2 -1 -5 -4  5 -3 -5 -3 -1  1 -5 -3 -4    0   9  11   0   0  10   3   2   1   0   0  50   0   0   0   2  11   0   0   0  0.78 0.26
    4 A    3 -5 -5 -5  9 -4 -5 -4 -5  0  1 -4  1 -4 -4 -2 -2 -5 -4  0   23   0   0   0  48   0   0   0   0   4  13   0   3   0   0   0   2   0   0   6  1.30 0.33
    5 G   -2 -5 -3 -4 -5 -5 -5  7 -5 -7 -7 -4 -6 -6 -5 -3 -4 -5 -6 -6    2   0   0   0   0   0   0  98   0   0   0   0   0   0   0   0   0   0   0   0  2.20 0.46
    6 I   -4 -6 -6 -6 -4 -6 -6 -7 -6  8 -1 -6  0 -3 -6 -5 -4 -6 -4  0    0   0   0   0   0   0   0   0   0  98   0   0   1   0   0   0   0   0   0   0  2.06 0.48
    7 V   -3 -5 -6 -6 -4 -5 -5 -6 -6  0 -2 -5 -2 -4 -5 -5 -3 -6 -4  7    0   0   0   0   0   0   0   0   0   0   0   0   0   0   0   0   0   0   0  99  1.89 0.47
    8 G   -3 -5 -3 -4 -6 -5 -5  7 -5 -7 -7 -4 -6 -6 -5 -3 -5 -6 -6 -6    0   0   0   0   0   0   0 100   0   0   0   0   0   0   0   0   0   0   0   0  2.31 0.48
    9 L   -4 -5 -6 -7 -4 -5 -6 -7 -6 -1  6 -5  0 -2 -6 -5 -4 -4 -4 -2    0   0   0   0   0   0   0   0   0   0  99   0   1   0   0   0   0   0   0   0  1.70 0.42
   10 P   -4 -6 -5 -5 -6 -5 -4 -6 -6 -6 -6 -4 -6 -7  9 -4 -4 -7 -6 -6    0   0   0   0   0   0   0   0   0   0   0   0   0   0 100   0   0   0   0   0  3.16 0.59
   11 N   -5 -4  9 -2 -6 -3 -3 -4 -2 -7 -7 -3 -5 -6 -5 -2 -3 -7 -5 -6    0   0 100   0   0   0   0   0   0   0   0   0   0   0   0   0   0   0   0   0  2.57 0.57
   12 V   -3 -6 -6 -6 -4 -5 -5 -6 -6  0 -2 -5 -2 -4 -5 -5 -3 -6 -4  7    0   0   0   0   0   0   0   0   0   1   0   0   0   0   0   0   0   0   0  99  1.92 0.48
   13 G   -3 -5 -3 -4 -6 -5 -5  7 -5 -7 -7 -4 -6 -6 -5 -3 -5 -6 -6 -6    0   0   0   0   0   0   0 100   0   0   0   0   0   0   0   0   0   0   0   0  2.31 0.48
   14 K   -4 -1 -3 -4 -6 -2 -2 -5 -4 -6 -6  8 -4 -6 -4 -3 -4 -6 -5 -5    0   0   0   0   0   0   0   0   0   0   0 100   0   0   0   0   0   0   0   0  2.16 0.52
   15 S   -2 -4 -2 -3 -4 -3 -3 -3 -4 -6 -6 -3 -5 -6 -4  7 -1 -6 -5 -5    0   0   0   0   0   0   0   0   0   0   0   0   0   0   0 100   0   0   0   0  1.93 0.53
   16 T   -3 -4 -3 -4 -4 -4 -4 -5 -5 -4 -4 -4 -4 -5 -4 -2  8 -6 -5 -3    0   0   0   0   0   0   0   0   0   0   0   0   0   0   0   0 100   0   0   0  2.17 0.55
   17 L   -4 -5 -6 -6 -4 -5 -6 -6 -5  1  6 -5  0 -2 -6 -5 -3 -4 -4 -1    0   0   0   0   0   0   0   0   0   4  94   0   0   0   0   0   1   0   0   0  1.54 0.39
   18 F   -5 -6 -6 -7 -6 -7 -7 -6 -4 -3 -3 -6 -3  9 -7 -6 -5 -2  0 -4    0   0   0   0   0   0   0   0   0   0   0   0   0 100   0   0   0   0   0   0  2.76 0.56
   19 N   -5 -4  9 -2 -6 -3 -3 -4 -2 -7 -7 -3 -5 -6 -5 -2 -3 -7 -5 -6    0   0  99   0   0   0   0   0   0   0   0   0   0   0   0   1   0   0   0   0  2.53 0.56
   20 A    6 -4 -4 -4  4 -4 -4 -3 -4 -4 -4 -3 -4 -5 -4  0 -3 -5 -5 -3   86   0   0   0   9   0   0   0   0   0   0   0   0   0   0   5   0   0   0   0  1.48 0.42
   21 L   -4 -5 -6 -6 -3 -5 -5 -6 -5  4  5 -5  0 -2 -5 -5 -3 -4 -3  0    0   0   0   0   0   0   0   0   0  29  67   0   0   0   0   0   0   0   0   3  1.17 0.32
   22 C   -2 -4 -3 -4 -2 -3 -4 -4 -4 -3 -3 -3 -3 -5 -4  2  7 -5 -4  0    0   0   0   0   1   0   0   0   0   0   1   0   0   0   0  12  80   0   0   6  1.49 0.43
   23 E    0  2 -1 -2 -3  3  1 -2 -2 -3 -3  5 -2 -3 -2 -1 -1 -3 -2 -3    8   8   2   1   0  13   9   2   0   1   2  45   0   1   1   3   2   0   1   1  0.56 0.17
   24 N    0 -1  3  0 -1 -1 -1 -1 -1 -1 -1  0 -1 -2 -1  1  3 -2 -1 -1    8   2  21   3   1   2   3   4   1   2   4   4   1   2   2  13  21   1   1   3  0.21 0.06
   25 A    6 -2 -4 -4 -3 -1 -3  0 -4 -4 -4 -3 -3 -4 -3 -1 -2 -5 -4 -2   87   1   0   0   0   3   0   5   0   0   0   0   0   0   0   1   0   0   0   1  1.31 0.38
   26 K    2 -2 -2 -3 -4  0 -2  5 -3 -3 -5  3 -4 -5 -3 -1 -2 -5 -4 -4   15   0   1   0   0   5   1  51   0   2   0  20   0   0   1   1   2   0   0   0  0.82 0.25
   27 A    6 -4 -4 -5 -3 -4 -4 -3 -4  3 -3 -4 -3 -4 -4 -2 -3 -5 -4 -1   76   0   0   0   0   0   0   0   0  21   0   0   0   0   0   0   0   0   0   2  1.21 0.38
   28 D    0 -2 -2  1 -5  5  5 -3 -2 -5 -3 -1 -3 -5 -2 -2 -2 -5 -4 -4    9   0   0   6   0  32  47   1   0   0   2   0   0   0   1   1   1   0   0   0  1.00 0.32
   29 A    6 -4 -3 -4 -1 -3 -3 -2 -4 -4 -4 -3  1 -5 -3  3 -2 -5 -4 -2   71   0   0   0   1   0   0   0   0   0   0   0   5   0   0  22   0   0   0   1  1.14 0.36
   30 A    6 -4 -4 -3 -3 -1  2 -3 -4 -4 -4 -3 -4 -5 -3 -1 -3 -5 -4 -3   82   0   0   0   0   2  14   0   0   0   0   0   0   0   0   2   0   0   0   0  1.30 0.39
   31 N   -5 -4  9 -2 -6 -3 -3 -4 -2 -7 -7 -3 -5 -6 -5 -2 -3 -7 -5 -6    0   0 100   0   0   0   0   0   0   0   0   0   0   0   0   0   0   0   0   0  2.58 0.57
   32 F   -5 -5 -5 -6 -5 -5 -5 -6 -2 -4 -3 -5 -4  6 -6 -5 -5 -1  9 -4    0   0   0   0   0   0   0   0   0   0   0   0   0  29   0   0   0   0  71   0  2.32 0.50
   33 P   -4 -4 -5 -5 -6 -5 -4 -5 -6 -6 -6 -4 -6 -7  9 -4 -4 -7 -6 -6    0   1   0   0   0   0   0   0   0   0   0   0   0   0  99   0   0   0   0   0  3.10 0.59
   34 F   -5 -6 -6 -7 -6 -7 -7 -6 -4 -3 -3 -6 -3  9 -7 -6 -5 -2  0 -4    0   0   0   0   0   0   0   0   0   0   0   0   0 100   0   0   0   0   0   0  2.76 0.56
   35 C    1 -7 -6 -7 11 -6 -7 -5 -6 -5 -5 -6 -5 -6 -6 -4 -4 -6 -6 -4   11   0   0   0  89   0   0   0   0   0   0   0   0   0   0   0   0   0   0   0  3.22 0.60
   36 T   -3 -4 -3 -4 -4 -4 -4 -5 -5 -4 -4 -4 -4 -5 -4 -2  8 -6 -5 -3    0   0   0   0   0   0   0   0   0   0   0   0   0   0   0   0 100   0   0   0  2.17 0.55
   37 I   -4 -6 -6 -6 -4 -6 -6 -7 -6  8 -1 -4 -2 -3 -6 -5 -4 -6 -4  0    0   0   0   0   0   0   0   0   0  99   0   1   0   0   0   0   0   0   0   0  2.08 0.49
   38 E   -4 -3 -2  5 -6 -1  7 -5 -3 -6 -6 -2 -5 -6 -4 -3 -4 -6 -5 -5    0   0   0  27   0   0  72   0   0   0   0   0   0   0   0   0   0   0   0   0  1.67 0.43
   39 P   -4 -5 -5 -5 -6 -5 -4 -5 -6 -6 -6 -4 -6 -7  9 -4 -4 -7 -6 -6    0   0   0   0   0   0   0   0   0   0   0   0   0   0  99   0   0   0   0   0  3.11 0.59
   40 N   -5 -4  9 -2 -6 -2 -3 -4 -2 -7 -7 -3 -5 -6 -5 -2 -3 -7 -5 -6    0   0  99   0   0   0   0   0   0   0   0   0   0   0   0   0   0   0   0   0  2.54 0.56
   41 V   -2 -4 -4 -5 -3 -4 -4 -5 -4  1 -1 -3 -1 -3 -4 -2  2 -5 -4  6    1   0   0   0   0   0   0   0   0   5   2   1   1   0   0   2  14   0   0  73  1.08 0.33
   42 G   -2 -5 -3 -4 -5 -5 -5  7 -5 -7 -7 -4 -6 -6 -5 -3 -4 -5 -6 -6    1   0   0   0   0   0   0  99   0   0   0   0   0   0   0   0   0   0   0   0  2.28 0.47
   43 V   -2 -1 -3 -1 -3 -1  0 -5 -4  4 -1 -3  3 -3 -4 -3  0 -4 -3  5    0   4   1   3   0   2   8   0   0  22   1   0   9   0   0   0   4   0   0  45  0.59 0.23
   44 V   -3 -5 -6 -6 -4 -5 -5 -6 -6  2 -2 -5 -2 -4 -5 -5 -3 -6 -4  7    0   0   0   0   0   0   0   0   0   5   0   0   0   0   0   0   0   0   0  95  1.78 0.45
   45 A    2 -2  1  0 -3  0  3 -2 -2 -4 -3 -2 -3 -4  3  1  1 -4 -3 -3   25   0   6   3   0   2  22   1   1   0   1   0   0   0  17   9  11   0   0   0  0.46 0.19
   46 V   -3 -5 -6 -6 -4 -5 -5 -6 -6  0 -1 -5  1 -4 -5 -4 -3 -6 -4  7    0   0   0   0   0   0   0   0   0   1   2   0   4   0   0   0   0   0   0  94  1.73 0.45
   47 P   -4 -5 -5 -5 -6 -5 -4 -6 -6 -6 -6 -4 -6 -7  9 -4 -4 -7 -6 -6    0   0   0   0   0   0   0   0   0   0   0   0   0   0  99   0   0   0   0   0  3.10 0.59
   48 D   -5 -5 -2  8 -7 -3  0 -4 -4 -6 -7 -4 -6 -7 -5 -3 -4 -8 -6 -6    0   0   0  98   0   0   2   0   0   0   0   0   0   0   0   0   0   0   0   0  2.43 0.52
   49 G    0 -2 -1  0 -4  0  3 -3  0 -4 -2  1 -3 -4  5  0 -1 -3 -2 -3    8   1   2   4   0   3  24   0   2   0   3   8   0   0  33   5   3   0   2   1  0.66 0.20
   50 R   -5  8 -3 -5 -7 -2 -3 -6 -3 -6 -5 -1 -5 -6 -5 -4 -4 -6 -5 -6    0 100   0   0   0   0   0   0   0   0   0   0   0   0   0   0   0   0   0   0  2.44 0.54
   51 L   -4 -5 -6 -6 -4 -2 -5 -6 -5  1  6 -5  3 -2 -5 -5 -4 -4 -3 -1    0   0   0   0   0   1   0   0   0   4  87   0   7   0   0   0   0   0   0   1  1.36 0.36
   52 D    0 -2  2  5 -4  2  2 -2 -1 -4 -4  1 -3 -3 -3 -1 -1 -3 -1 -3    8   1  11  37   0  13  10   2   1   0   0   7   0   1   0   2   3   0   3   1  0.56 0.20
   53 V    1  2 -2 -2 -3  2  1 -3 -2 -1 -2  4 -2 -3 -2 -1 -1 -3 -3  1   14   9   1   1   0   8   7   0   0   2   2  35   0   1   1   0   3   0   0  16  0.36 0.18
   54 L   -4 -5 -6 -6 -4 -5 -5 -6 -5  3  6 -5  0 -2 -5 -5 -4 -4 -4 -1    0   0   0   0   0   0   0   0   0  14  86   0   0   0   0   0   0   0   0   0  1.41 0.37
   55 A    5 -3 -2 -2 -2  0  1 -1 -2 -3 -4 -2 -3 -4 -3  2  2 -5 -4 -1   56   0   0   1   0   3   9   2   1   0   0   1   0   0   0  12  11   0   0   3  0.63 0.25
   56 D    1  0  0  2 -4  0  5 -1 -2 -4 -4  2 -3 -5 -3  0 -1 -5 -4 -3   14   3   2  10   0   2  45   3   0   0   0  14   0   0   0   4   2   0   0   1  0.64 0.23
   57 I   -3 -5 -5 -6 -3 -4 -5 -6 -5  6  3 -4  4 -1 -5 -4 -3 -4 -3  1    0   0   0   0   0   0   0   0   0  52  28   0  13   1   0   0   0   0   0   5  1.05 0.30
   58 S    1 -4 -3 -3 -1 -3 -2 -2 -2  2 -1 -3 -1  0 -4  0 -1 -3  3  4   15   0   1   1   1   0   2   3   0   9   0   0   0   3   0   7   1   0  13  44  0.46 0.21
   59 K   -2  0  4 -1 -4  1 -1  1  4 -4 -4  4 -3 -5  0  0 -2 -5 -3 -3    0   1  23   2   0   5   2  11  10   0   0  34   0   0   4   4   1   0   0   1  0.58 0.22
   60 S   -1 -4 -3 -4 -4 -3 -3 -4 -4 -5 -5 -3 -5 -6  7  4  1 -6 -5 -4    4   0   0   0   0   0   0   0   0   0   0   0   0   0  56  33   6   0   0   0  1.61 0.39
   61 A    0  0 -1  0 -5  4  3 -1 -2 -4 -4  4 -3 -5 -2 -2 -2 -5 -4 -3    7   1   2   3   0  24  21   3   0   0   1  35   0   0   1   1   0   0   0   1  0.69 0.25
   62 K   -3  5 -1 -2 -5  1  1 -4 -2 -5 -4  5 -3 -5 -3 -1 -1 -5 -4 -3    1  34   2   0   0   6   8   0   0   0   0  43   0   0   0   2   2   0   0   1  0.98 0.29
   63 I   -2 -4 -4 -4 -2 -4 -3 -5 -5  5  0 -1  0 -2 -4 -3  2 -4 -2  4    1   0   0   0   0   0   1   0   0  43   3   4   1   1   0   0  16   0   1  29  0.75 0.25
   64 V   -2 -4 -4 -5 -3  0 -4 -5 -5  4  2 -4  0 -2 -4 -3  1 -4 -3  4    0   0   0   0   0   5   0   0   0  31  15   0   1   0   0   0   9   0   0  39  0.73 0.24
   65 P   -2 -4 -4 -4 -6 -3 -3 -5  1 -6 -6 -4 -4 -5  8 -3 -4 -6 -1 -5    2   1   1   0   0   1   1   0   4   0   0   0   0   0  87   1   0   0   3   0  2.48 0.50
   66 T    4 -4 -2 -4 -3 -3 -3 -3 -4 -3 -4 -3 -3 -5 -3 -1  6 -5 -4 -3   40   0   1   0   0   0   0   0   0   0   0   0   0   0   0   1  58   0   0   0  1.23 0.39
   67 R    1  2 -2 -3 -3  0 -2 -3 -2  0 -3 -2 -2 -3 -3  1  5 -4 -3  1   10  15   1   0   0   5   0   0   0   6   0   0   0   1   0   7  43   0   0  11  0.51 0.23
   68 I   -3 -4 -5 -5  0 -3 -5 -5 -4  4  1 -4  5  3 -5 -4 -2 -3 -2  3    0   0   0   0   2   0   0   0   0  28  11   0  22  12   0   0   1   0   0  23  0.76 0.24
   69 E   -3 -1 -1  0 -6  0  7 -3 -3 -6 -5 -1 -4 -6 -4 -1  0 -6 -5 -5    1   3   2   3   0   2  79   1   0   0   0   1   0   0   0   3   6   0   0   0  1.41 0.39
   70 F   -5 -6 -6 -7 -5 -6 -6 -6 -4  2 -2 -6 -2  9 -7 -5 -5 -2  0 -3    0   0   0   0   0   0   0   0   0  12   1   0   0  87   0   0   0   0   0   0  2.24 0.48
   71 V   -3 -5 -5 -6 -2 -5 -5 -6 -5  0 -1 -5 -2 -2 -5 -4  2 -5  0  7    0   0   0   0   1   0   0   0   0   1   1   0   0   1   0   0  11   0   3  82  1.35 0.39
   72 D   -5 -5 -2  8 -7 -3 -1 -4 -4 -6 -7 -4 -6 -7 -5 -3 -4 -8 -6 -6    0   0   0 100   0   0   0   0   0   0   0   0   0   0   0   0   0   0   0   0  2.52 0.54
   73 I   -4 -6 -6 -6 -4 -6 -6 -7 -6  8 -1 -6 -2 -3 -6 -5 -4 -6 -4  0    0   0   0   0   0   0   0   0   0  99   0   0   0   0   0   0   0   0   0   1  2.12 0.49
   74 A    7 -4 -4 -5 -3 -4 -4 -3 -5 -4 -4 -4 -4 -5 -4 -2 -3 -6 -5 -3  100   0   0   0   0   0   0   0   0   0   0   0   0   0   0   0   0   0   0   0  1.81 0.48
   75 G   -3 -5 -3 -4 -6 -5 -5  7 -5 -7 -7 -4 -6 -6 -5 -3 -5 -6 -6 -6    0   0   0   0   0   0   0 100   0   0   0   0   0   0   0   0   0   0   0   0  2.31 0.48
   76 L   -4 -5 -6 -6 -4 -5 -6 -6 -5  2  6 -5  0 -2 -5 -5 -4 -4 -4 -1    0   0   0   0   0   0   0   0   0  10  90   0   0   0   0   0   0   0   0   0  1.47 0.38
   77 V   -3 -6 -6 -6 -4 -5 -5 -6 -6  0 -2 -5 -2 -4 -5 -5 -3 -6 -4  7    0   0   0   0   0   0   0   0   0   1   0   0   0   0   0   0   0   0   0  99  1.90 0.48
   78 K    2  3 -3 -3 -5 -1  0 -3 -3 -5 -4  6 -4 -5 -3 -2 -3 -5 -4 -4   21  17   0   0   0   0   4   0   0   0   0  56   0   0   0   1   0   0   0   0  1.03 0.32
   79 G   -3 -5 -3 -4 -6 -5 -5  7 -5 -7 -7 -4 -6 -6 -5 -3 -4 -6 -6 -6    0   0   0   0   0   0   0 100   0   0   0   0   0   0   0   0   0   0   0   0  2.30 0.48
   80 A    7 -4 -4 -5 -3 -4 -4 -3 -5 -4 -4 -4 -4 -5 -4 -2 -3 -6 -5 -3  100   0   0   0   0   0   0   0   0   0   0   0   0   0   0   0   0   0   0   0  1.81 0.48
   81 S    0 -4 -2 -3 -4 -3 -3 -3 -4 -5 -5 -3 -4 -5 -4  7 -1 -6 -5 -5    4   0   0   0   0   0   0   0   0   0   0   0   0   0   0  96   0   0   0   0  1.80 0.50
   82 Q   -3  1 -2 -3 -6  3 -1 -4 -2 -5 -5  7 -4 -6 -4 -2 -2 -6 -4 -5    1   5   1   0   0  13   1   0   0   0   0  78   0   0   0   1   1   0   0   0  1.49 0.41
   83 G   -3 -5 -3 -4 -6 -5 -5  7 -5 -7 -7 -4 -6 -6 -5 -3 -5 -6 -6 -6    0   0   0   0   0   0   0 100   0   0   0   0   0   0   0   0   0   0   0   0  2.31 0.48
   84 E   -3 -3 -3 -1 -7 -1  8 -5 -3 -6 -6 -2 -5 -6 -4 -3 -4 -6 -5 -6    1   0   0   0   0   0  98   0   0   0   0   0   0   0   0   0   0   0   0   0  2.16 0.52
   85 G   -3 -5 -3 -4 -6 -5 -5  7 -5 -7 -7 -4 -6 -6 -5 -3 -5 -6 -6 -6    0   0   0   0   0   0   0 100   0   0   0   0   0   0   0   0   0   0   0   0  2.31 0.48
   86 L   -4 -4 -6 -6 -4 -5 -6 -7 -6 -1  6 -5  0 -2 -6 -5 -4 -4 -4 -2    0   0   0   0   0   0   0   0   0   0  99   0   1   0   0   0   0   0   0   0  1.68 0.42
   87 G   -3 -5 -3 -4 -6 -5 -5  7 -5 -7 -7 -4 -6 -6 -5 -3 -5 -6 -6 -6    0   0   0   0   0   0   0 100   0   0   0   0   0   0   0   0   0   0   0   0  2.31 0.48
   88 N   -5 -4  9 -2 -6 -3 -3 -4 -2 -7 -7 -3 -5 -6 -5 -2 -3 -7 -5 -6    0   0 100   0   0   0   0   0   0   0   0   0   0   0   0   0   0   0   0   0  2.58 0.57
   89 Q   -3 -1 -3 -3 -6  7 -1 -4 -3 -6 -5  5 -4 -6 -4 -3 -3 -5 -4 -5    0   1   0   0   0  54   0   0   0   0   0  45   0   0   0   0   0   0   0   0  1.61 0.44
   90 F   -5 -6 -6 -7 -6 -7 -7 -6 -4 -3 -3 -6 -3  9 -7 -6 -5 -2  0 -4    0   0   0   0   0   0   0   0   0   0   0   0   0 100   0   0   0   0   0   0  2.76 0.56
   91 L   -4 -5 -6 -7 -4 -5 -6 -7 -6 -1  7 -5  0 -2 -6 -5 -4 -4 -4 -2    0   0   0   0   0   0   0   0   0   0 100   0   0   0   0   0   0   0   0   0  1.72 0.43
   92 A    5 -3 -3 -3 -3 -2  0  2 -3 -4 -4 -3 -3 -5 -3  3 -1 -5 -4 -3   53   0   0   0   0   0   5  13   0   0   0   0   0   0   0  27   2   0   0   0  0.81 0.29
   93 N   -4 -3  8 -2 -6 -3 -3 -4  7 -6 -6 -3 -5 -5 -5 -3 -2 -6 -3 -6    0   0  67   0   0   0   0   0  32   0   0   0   0   0   0   0   1   0   0   0  2.03 0.48
   94 I   -4 -6 -6 -6 -4 -6 -6 -7 -6  8 -1 -6 -2 -3 -6 -5 -4 -6 -4  0    0   0   0   0   0   0   0   0   0 100   0   0   0   0   0   0   0   0   0   0  2.13 0.49
   95 R   -5  8 -3 -5 -7 -2 -3 -6 -3 -6 -5 -1 -5 -6 -5 -4 -4 -6 -5 -6    0 100   0   0   0   0   0   0   0   0   0   0   0   0   0   0   0   0   0   0  2.45 0.54
   96 E   -3 -3 -2  0 -6  3  7 -5 -3 -6 -5 -2 -4 -6 -4 -2 -3 -6 -5 -5    1   0   1   1   0  12  81   0   0   0   0   0   0   0   0   2   0   0   0   0  1.62 0.43
   97 V   -2 -4 -4 -5  4 -4 -4 -5 -5 -1 -2 -4 -2 -4 -4 -2  5 -5 -4  5    0   0   0   0   9   0   0   0   0   0   0   0   0   0   0   1  38   0   0  52  1.11 0.36
   98 D   -3 -4  1  8 -6 -2  1 -3 -2 -6 -6 -3 -6 -6 -4 -2 -4 -7 -6 -6    2   0   4  86   0   1   5   1   1   0   0   0   0   0   0   1   0   0   0   0  1.91 0.44
   99 A    7 -4 -4 -5 -3 -4 -4 -2 -4 -4 -4 -3 -3 -5 -4 -1 -2 -5 -5 -2   95   0   0   0   0   0   0   1   0   0   0   0   0   0   0   2   0   0   0   1  1.61 0.44
  100 I   -4 -6 -6 -6 -4 -6 -6 -7 -6  8 -1 -6 -1 -3 -6 -5 -3 -5 -4  2    0   0   0   0   0   0   0   0   0  92   0   0   0   0   0   0   1   0   0   7  1.88 0.45
  101 V    3 -4 -4 -4  3 -4 -4 -1 -4  2  0 -4 -1 -3 -4 -2 -1 -4 -3  4   26   0   0   0   7   0   0   5   0  14   7   0   0   0   0   1   1   0   0  39  0.55 0.22
  102 H   -5 -3  0 -4 -6  3 -1 -5 10 -6 -5 -3 -3 -2 -5 -4 -4 -5  0 -6    0   0   4   0   0  12   2   0  78   0   0   0   0   1   0   0   0   0   1   0  2.37 0.52
  103 V   -3 -5 -6 -6 -4 -5 -5 -6 -6  0 -2 -5 -1 -4 -5 -5 -3 -6 -4  7    0   0   0   0   0   0   0   0   0   1   0   0   1   0   0   0   0   0   0  98  1.86 0.47
  104 V   -2 -5 -5 -6 -3 -5 -5 -6 -5  1  3 -5 -1 -3 -5 -4 -2 -5 -3  6    1   0   0   0   0   0   0   0   0   3  24   0   0   0   0   0   1   0   0  71  1.18 0.34
  105 R   -5  8 -4 -5 -7 -2 -3 -6 -3 -6 -5 -1 -5 -6 -5 -4 -4 -6 -5 -6    0 100   0   0   0   0   0   0   0   0   0   0   0   0   0   0   0   0   0   0  2.46 0.54
  106 C    0 -7 -6 -7 11 -6 -7 -5 -6 -5 -5 -6 -5 -6 -6 -4 -4 -6 -6 -4    6   0   0   0  93   0   0   0   0   0   0   0   0   0   0   0   0   0   0   0  3.42 0.62
  107 F   -5 -6 -6 -7 -6 -7 -7 -6 -4 -3 -3 -6 -3  9 -7 -6 -5 -2  0 -4    0   0   0   0   0   0   0   0   0   0   0   0   0 100   0   0   0   0   0   0  2.76 0.56
  108 D   -2 -2 -1  5 -6  0  6 -4 -2 -4 -5 -2 -4 -6 -4 -2 -3 -6 -5 -2    3   1   1  32   0   3  55   0   0   0   0   1   0   0   0   1   1   0   0   3  1.19 0.34
  109 D   -4 -4  4  8 -6 -3 -1 -3 -2 -6 -6 -3 -6 -6 -4 -2 -4 -7 -6 -6    0   0  16  81   0   0   0   1   0   0   0   0   0   0   0   1   0   0   0   0  1.93 0.44
  110 D   -2 -3 -1  6 -5 -1  3  1 -2 -5 -5 -2 -4 -5  2  0 -1 -5 -5 -4    2   0   1  44   0   0  21  10   0   0   0   1   0   0  10   7   3   0   0   1  0.84 0.26
  111 D   -4 -3  7  5 -6 -2 -1 -3 -3 -6 -6 -3 -5 -6 -5 -2 -3 -7 -5 -6    0   0  63  36   0   0   1   0   0   0   0   0   0   0   0   0   0   0   0   0  1.77 0.43
  112 I   -3 -5 -6 -6 -4 -5 -5 -6 -6  7 -1 -5 -1 -3 -5 -5 -3 -5 -4  5    0   0   0   0   0   0   0   0   0  62   0   0   0   0   0   0   0   0   0  38  1.44 0.37
  113 I   -2 -4 -4 -4 -3 -2 -4 -5 -2  4 -1 -3  0 -3 -4 -2  4 -5 -3  4    0   0   0   0   0   2   0   0   1  29   1   0   2   0   0   0  34   0   0  31  0.81 0.28
  114 H   -5 -1 -3 -5 -7 -3 -3 -6 11 -7 -6 -4 -5 -5 -6 -3 -4 -6 -2 -7    0   3   0   0   0   0   0   0  95   0   0   0   0   0   0   1   0   0   0   0  3.17 0.62
  115 V   -3 -5 -6 -6 -4 -5 -2 -6 -6  0 -2 -5 -2 -4 -5 -4 -2 -6 -4  7    0   0   0   0   0   0   3   0   0   0   0   0   0   0   0   0   0   0   0  96  1.76 0.46
  116 S    2 -2  1  4 -3 -1  3 -2 -2 -4 -4 -2 -2 -5 -3  2 -1 -5 -4 -3   23   0   5  25   0   1  26   1   0   0   0   0   1   0   0  14   2   0   0   0  0.60 0.22
  117 G   -2 -5  2 -3 -5 -4 -4  7 -4 -7 -6 -3 -5 -6 -5 -3 -4 -5 -6 -6    1   0   8   0   0   0   0  90   0   0   0   1   0   0   0   0   0   0   0   0  1.95 0.43
  118 S   -1  3  0 -1 -3  0 -1  0 -1 -4 -4  4 -3 -4 -3  3  0 -5 -3 -3    3  17   3   2   0   3   1   5   1   0   0  29   0   0   0  32   3   0   0   1  0.55 0.22
  119 V   -3 -5 -6 -6 -3 -5 -5 -6 -6  5 -1 -5 -1 -3 -5 -4 -2 -5 -4  6    0   0   0   0   0   0   0   0   0  29   0   0   0   0   0   0   0   0   0  70  1.40 0.37
  120 D   -3 -4  3  7 -5 -3 -1 -2 -3 -6 -6 -3 -5 -6 -4  0 -3 -7 -5 -6    2   0  16  75   0   0   0   2   0   0   0   0   0   0   0   5   0   0   0   0  1.68 0.41
  121 P   -4 -5 -5 -5 -6 -5 -4 -5 -6 -6 -6 -4 -6 -7  9 -3 -4 -7 -6 -6    0   0   0   0   0   0   0   0   0   0   0   0   0   0  99   1   0   0   0   0  3.10 0.59
  122 I    0 -2 -4 -4 -3 -3 -3 -4 -4  4  3 -1  0 -2 -4 -3 -2 -4 -3  3   10   1   0   0   0   1   2   1   0  33  26   3   1   0   0   1   1   0   0  21  0.51 0.19
  123 R    2  5 -1  2 -4 -1  0 -2 -2 -4 -4 -1 -3 -3 -3  1 -2 -5 -4 -4   17  44   1  13   0   0   6   2   1   0   0   0   0   1   0  14   0   0   0   0  0.68 0.25
  124 D   -5 -5 -2  8 -7 -3 -1 -4 -4 -6 -7 -4 -6 -7 -5 -3 -4 -8 -6 -6    0   0   0 100   0   0   0   0   0   0   0   0   0   0   0   0   0   0   0   0  2.52 0.54
  125 I    1 -2 -5 -5 -3 -4 -4 -5 -5  6  0  1  1 -2 -4 -3 -2 -5 -3  0   14   1   0   0   0   0   0   0   0  64   3  12   2   1   0   0   0   0   0   2  0.91 0.30
  126 E   -2 -3 -1  3 -6  0  7 -3 -3 -4 -5 -2 -5 -6 -4 -2 -2 -6 -5 -5    3   0   1  16   0   2  74   1   0   1   0   0   0   0   0   1   1   0   0   0  1.42 0.39
  127 V   -3 -4 -3 -4 -3 -4 -4 -5 -5  4 -2 -4 -2 -3 -4 -2  5 -5 -4  4    0   0   1   0   0   0   0   0   0  23   0   0   0   0   0   0  49   0   0  27  1.00 0.33
  128 I   -4 -6 -6 -6 -4 -6 -6 -7 -6  8 -1 -6 -1 -3 -6 -5 -3 -5 -4  2    0   0   0   0   0   0   0   0   0  91   0   0   0   0   0   0   0   0   0   9  1.85 0.44
  129 S   -3 -3  6  3 -5  1  3 -3 -1 -5 -5 -2 -4 -5 -4 -1 -2 -6 -4 -5    0   0  51  18   0   4  21   1   1   0   1   0   0   0   0   1   1   0   0   0  1.14 0.33
  130 L   -2 -4 -3 -4 -3 -3 -4 -5 -4  0  3 -3  1 -1 -4 -1  6 -4 -2 -1    1   0   0   0   0   0   0   0   0   4  32   0   4   1   0   1  55   0   1   2  0.90 0.31
  131 E   -4 -3 -3 -1 -7 -1  8 -5 -3 -6 -6 -2 -5 -6 -4 -3 -4 -6 -5 -6    0   0   0   0   0   0 100   0   0   0   0   0   0   0   0   0   0   0   0   0  2.23 0.53
  132 L   -4 -5 -6 -7 -4 -5 -6 -7 -6 -1  7 -5  0 -2 -6 -5 -4 -4 -4 -2    0   0   0   0   0   0   0   0   0   0 100   0   0   0   0   0   0   0   0   0  1.72 0.43
  133 I    2 -3 -3 -4  2  2 -3 -2 -4  4  0 -3  5 -3 -4 -2 -2 -4 -3  1   22   0   0   0   5  12   0   3   0  30   3   0  18   0   0   1   0   0   0   7  0.50 0.22
  134 L   -4 -5 -6 -6 -4 -5 -5 -6 -5  0  6 -5  1  3 -5 -5 -4 -3 -2 -1    0   0   0   0   0   0   0   0   0   3  80   0   2  14   0   0   0   0   0   0  1.26 0.34
  135 A    5 -2 -3 -4 -3 -2 -3 -2 -4 -4 -4  2 -3 -5 -3  3 -2 -5 -4 -3   66   1   0   0   0   0   0   0   0   0   0  14   0   0   0  19   0   0   0   0  1.00 0.34
  136 D   -5 -5 -2  8 -7 -3 -1 -4 -4 -6 -7 -4 -6 -7 -5 -3 -4 -8 -6 -6    0   0   0 100   0   0   0   0   0   0   0   0   0   0   0   0   0   0   0   0  2.52 0.54
  137 L   -3 -5 -6 -6 -4 -4 -5 -6 -5  2  6 -5  4 -2 -5 -5 -3 -4 -3 -1    0   0   0   0   0   0   0   0   0   8  78   0  12   0   0   0   0   0   0   1  1.27 0.34
  138 A    0 -3 -2  4 -5  0  6 -2 -3 -5 -5 -2 -4 -6 -4 -1 -3 -5 -5 -5    7   0   0  21   0   2  63   3   0   0   0   0   0   0   0   3   1   0   0   0  1.18 0.34
  139 Q    0 -3 -2 -3 -3  1 -2 -3 -3 -1 -3 -2  0 -4 -3  4  4 -5 -3  0    7   0   0   0   0   8   0   0   0   4   1   0   3   0   0  40  31   0   0   6  0.63 0.26
  140 V   -1 -4 -5 -5  2 -4 -5 -5 -5  3  3 -4  1 -2 -4 -3 -2 -4 -3  5    4   0   0   0   5   0   0   0   0  16  26   0   3   0   0   0   1   0   0  45  0.76 0.24
  141 E   -3 -2  0  3 -6  1  7 -3 -3 -6 -5 -2 -5 -6 -4 -2 -2 -6 -5 -5    1   0   5  15   0   3  72   1   0   0   0   0   0   0   0   1   1   0   0   0  1.38 0.38
  142 K   -3  5 -1 -3 -6 -1 -2 -4 -3 -5 -5  6 -4 -6 -4 -2 -3 -6 -4 -5    0  29   3   0   0   0   0   0   0   0   0  65   0   0   0   2   0   0   0   0  1.42 0.38
  143 R    2  7 -3 -4 -5  1 -2 -4 -2 -4 -4  1 -3 -5 -4 -2 -2 -5 -4 -4   20  66   0   0   0   4   0   0   0   0   0   6   0   0   0   1   1   0   0   1  1.27 0.36
  144 L   -2 -1 -4 -5 -2 -2 -4 -5 -3  4  3 -2  2  0 -4 -3 -2 -3  1  1    2   5   0   0   0   1   0   0   0  33  35   1   5   1   0   1   1   0   5   8  0.54 0.19
  145 D    1 -2  0  2 -3  2  3 -1  1 -2 -2 -1 -2 -2  0  0  0 -4 -2 -1   17   0   3  12   0  14  21   3   3   1   3   1   0   1   5   5   5   0   0   6  0.24 0.12
  146 R   -1  6  1 -3 -5  0 -2 -3 -3 -5 -4  5 -4 -5 -2 -2 -2 -5 -4 -5    4  43   6   0   0   3   0   2   0   0   0  39   0   0   1   1   1   0   0   0  1.06 0.31
  147 A    0 -3 -2 -3 -2 -1 -1 -3 -1  1  2 -2  0 -1 -3  0  2 -3  0  3    9   0   1   1   0   3   3   0   2   7  22   0   1   2   0   5  17   0   3  26  0.23 0.13
  148 R    1  2 -1 -1 -3  3  3 -1 -2 -2 -3  2 -1 -3 -2  0  1 -4 -3 -1   13   9   2   0   0  16  21   3   0   2   1  12   1   0   0   7   8   0   0   6  0.28 0.14
  149 K   -3  4 -2 -3 -6 -1 -2 -4 -3 -5 -5  7 -4 -6 -4 -3 -3 -6 -4 -5    0  20   0   0   0   0   0   0   0   0   0  78   0   0   0   0   0   0   0   0  1.64 0.42
  150 Q    1  2  0 -2 -3  2 -1 -2 -2 -1  0  3  1 -3 -2  0  0 -4 -2  0   16  10   5   1   0  12   0   2   0   4  10  21   5   0   1   4   3   0   0   5  0.18 0.11
  151 A    6 -3 -4 -4 -2 -3 -3 -2 -4 -1 -1 -2  0 -4 -3  0 -1 -5 -4  0   77   0   0   0   0   0   0   1   0   2   5   1   3   0   0   3   2   0   0   5  0.99 0.33
  152 K   -1  4 -2 -3 -5  1 -2 -3 -3 -4 -4  6 -3 -5 -3 -2  0 -5 -4 -4    3  25   0   0   0   4   0   1   0   1   0  60   0   0   0   1   5   0   0   0  1.13 0.33
  153 S    1 -2  0 -2 -2  0 -2  4 -2 -3 -3 -2 -1 -3 -3  3  2 -4 -3 -2    9   1   2   1   1   5   0  32   0   0   1   1   2   1   0  28  13   0   0   2  0.48 0.18
  154 R   -1 -1  2 -2 -4 -1 -3  6 -3 -5 -4  2 -4 -4 -3 -1 -2 -4 -4 -4    2   2  10   0   0   2   0  62   0   0   1  15   0   0   1   2   1   0   0   0  1.00 0.26
  155 A   -4 -4  3  7 -6 -1  0 -3 -3 -4 -6 -2 -5 -6 -4 -1 -3 -7 -5 -5    0   0  11  76   0   1   3   1   0   1   0   1   0   0   0   4   0   0   0   0  1.62 0.39
  156 K   -1  0 -3 -3 -6 -1 -2 -4 -2 -5 -5  7 -4 -6 -3 -2 -3 -6 -5 -5    4   2   0   1   0   1   0   0   0   0   0  90   0   0   1   1   0   0   0   0  1.71 0.45
  157 E   -1 -1 -1  4 -5  1  5 -3 -2 -4 -4  2 -3 -5 -3  0  0 -5 -4 -4    4   1   1  25   0   5  41   0   0   1   0  12   0   0   0   4   5   0   0   0  0.74 0.24
  158 A    6 -4 -3 -3 -3 -2 -2 -2 -3 -2  0 -3 -2 -2 -3  1 -2 -4  0 -1   70   0   0   1   0   1   2   1   0   2   8   0   0   1   0   9   0   0   3   2  0.81 0.30
  159 L    1  0 -2 -3 -4  3 -1 -3 -2  0  0  4  0 -3 -3 -2 -2 -4 -3  1   13   3   0   0   0  16   1   1   0   7  10  37   2   0   0   0   1   0   0   9  0.39 0.19
  160 L    3  0 -2 -1 -2  0  0 -1 -1  0 -1  1 -1  0 -1  0  0 -2 -2  0   34   4   1   2   0   5   7   2   1   5   7  13   1   6   2   2   4   0   0   5  0.15 0.11
  161 E   -1  0 -2 -1 -4  3  5 -4 -2 -2  0 -1  0 -3 -3 -2  0 -4 -3 -2    4   3   1   1   0  11  52   0   0   2  11   2   3   0   0   0   6   0   1   2  0.64 0.25
  162 V    0 -2 -3 -1 -1 -1 -1 -4 -1  1  3  0  1  1 -3 -2 -2 -3  1  2    8   1   1   3   1   1   3   0   1   4  33   7   4   5   0   1   0   0   5  20  0.21 0.12
  163 A    3  0  0  2 -3  0  3 -1 -2 -3 -3  0 -3 -4  1  1  0 -4 -3 -2   27   4   3  14   0   1  24   2   0   0   0   3   0   0   7   8   3   0   0   2  0.39 0.16
  164 V    0 -4 -4 -5 -2 -4 -4 -5 -3  2  3 -4  1  0 -4 -3 -1 -2 -2  4    8   0   0   0   0   0   0   0   1  12  31   0   2   4   0   0   3   1   0  38  0.58 0.20
  165 L   -2 -4 -5 -6 -1 -3 -5 -5 -4  1  5 -4  4  0 -5 -4 -3 -4 -1  0    3   0   0   0   1   1   0   0   0   5  72   0  10   2   0   0   0   0   2   3  0.97 0.29
  166 E   -1 -1  1  1 -4  2  5 -2 -1 -3 -2  1 -2 -5 -2 -1  0 -5 -4 -2    4   1   5   4   0   6  52   3   1   1   4   8   1   0   1   3   5   0   0   2  0.63 0.23
  167 K    0  4 -2 -3 -5  1 -1 -3 -3 -3 -2  5 -2 -4 -1 -2 -2 -5 -4 -3    8  27   0   0   0   6   2   1   0   1   3  47   0   0   3   1   1   0   0   1  0.80 0.27
  168 I    1 -4 -4 -5  2 -4 -4 -4 -4  4  3 -4  1 -1 -4 -2 -2 -3  1  2   13   0   0   0   5   0   0   0   0  28  29   0   2   1   0   1   1   0   5  15  0.48 0.18
  169 L   -2  1 -2 -3 -4  2 -1 -4 -1  0  2  4  0 -2 -3 -2 -2 -4 -1 -1    2   7   1   0   0  10   2   0   1   6  23  39   2   1   0   1   1   0   2   2  0.43 0.20
  170 P    3 -2 -1  1 -3 -1  3 -2 -2 -3 -3  1 -3 -4  4  0  0 -5 -4 -1   29   0   3   7   0   1  21   1   0   0   0   7   0   0  18   3   4   0   0   4  0.46 0.18
  171 V    2 -3 -2 -3 -1  0 -1  0  5  0  0 -2 -1 -1 -3 -1  0  0 -1  1   25   0   0   0   1   3   2   7  22   3  10   1   1   2   0   1   6   1   1  14  0.29 0.16
  172 L   -4 -5 -6 -6 -4 -5 -6 -6 -5  0  6 -5  1  1 -6 -5 -4 -4 -3 -1    0   0   0   0   0   0   0   0   0   1  92   0   1   5   0   0   0   0   0   1  1.48 0.38
  173 E   -2  1  3  3 -5  1  5 -2 -2 -5 -3 -1 -2 -5 -3 -1 -2 -5 -3 -4    3   7  15  13   0   5  46   2   0   0   3   1   1   0   0   3   1   0   1   0  0.72 0.24
  174 D    1 -2  1  3 -4  3  4 -2 -2 -4 -4  0 -3 -5 -3  0 -2 -5 -4 -4   16   1   7  18   0  14  34   1   0   0   0   3   0   0   0   5   1   0   0   0  0.64 0.23
  175 A    0 -5 -1 -2 -4 -4 -2  7 -4 -5 -4 -4 -4 -3 -4 -2 -4 -5 -5 -5    7   0   3   1   0   0   3  82   0   0   1   0   0   1   0   1   0   0   0   0  1.54 0.36
  176 R   -2  2  0 -2 -5  2  0 -1  0 -1 -1  6 -2 -4 -3 -2 -1 -5 -3 -3    1   7   4   1   0   9   3   5   2   4   5  55   1   0   0   0   3   0   0   1  0.67 0.25
  177 P    0 -3  0 -3 -3 -3 -3 -3 -4 -4 -1 -3  2 -5  7  2 -1 -3 -4 -3    6   0   5   0   0   0   0   1   0   0   5   0   7   0  54  18   2   0   0   0  1.22 0.32
  178 A    5 -4 -4 -4 -3 -3 -4 -2 -4  0  0 -3 -2 -4 -3 -2 -2 -5 -4  3   61   0   0   0   0   0   0   1   0   3   7   0   0   0   0   0   1   0   0  26  0.85 0.30
  179 R   -4  8 -2 -4 -6 -2 -3 -5 -3 -4 -4  1 -4 -5 -5 -3 -4 -6 -5 -5    0  91   1   0   0   0   0   0   0   1   1   4   0   0   0   1   0   0   0   0  2.04 0.48
  180 E    2 -2 -1 -2 -2 -1 -1 -1 -2 -1 -1 -1 -1 -3 -3  3  4 -4 -3 -1   15   1   1   1   0   2   2   3   1   2   6   2   2   0   0  26  30   0   0   3  0.36 0.18
  181 V    0 -3 -4 -4 -1 -1 -4 -4 -3  2  3 -3  3  2 -4 -3 -2 -3 -1  3    9   0   0   0   1   3   0   0   0   9  29   0   7   8   0   0   1   0   1  29  0.43 0.17
  182 E   -1 -2  0  3 -4  1  4  1 -2 -3 -4  0 -2 -4  1  0  0 -4 -4 -2    4   0   3  19   0   3  34   9   0   1   0   5   1   0   6   5   5   0   0   2  0.46 0.17
  183 L   -2 -2 -4 -4 -1 -3 -2 -5 -3  1  4 -3  1  4 -1 -3 -1  0 -1  1    1   2   0   1   1   1   2   0   0   6  46   1   2  21   3   0   2   1   1   9  0.49 0.18
  184 D   -1 -3  2  4 -4 -1  0 -2 -3 -4 -4 -1 -3 -4 -1  3  3 -5 -4 -3    3   0   8  27   0   1   4   2   0   0   0   3   0   0   3  26  24   0   0   0  0.61 0.23
  185 E    0 -2 -1  4 -5 -1  4 -3 -2 -4 -5  2 -4 -5  1 -1 -2 -5 -4 -4    9   0   2  28   0   1  32   1   0   0   0  17   0   0   7   2   1   0   0   0  0.70 0.23
  186 E   -2 -3 -1  5 -6 -1  6 -2 -3 -5 -5 -1 -4 -3 -3 -2 -3 -6 -5 -5    2   0   1  36   0   1  53   2   0   0   1   1   0   1   0   1   0   0   0   0  1.24 0.35
  187 E   -3 -2 -2  3 -6  2  7 -3 -2 -6 -5 -2 -4 -6 -4 -2 -2 -6 -5 -4    1   0   0  14   0   6  75   1   0   0   0   0   0   0   0   0   1   0   0   0  1.45 0.39
  188 E    1  2 -2 -2 -3  3  2 -3 -1 -2  1  2  1 -2 -3 -1 -1  1 -2 -2   11  12   0   1   0  17  12   0   1   1  14  18   4   1   0   1   1   2   0   2  0.27 0.14
  189 L    2  1 -2  0 -3  1  3 -2 -1 -2 -1  3 -2 -3  0 -1 -2 -4 -3 -2   21   8   0   3   0   5  21   1   1   1   5  23   0   1   5   2   1   0   0   3  0.32 0.15
  190 A    1 -2 -3 -3 -2 -1 -2 -3 -2  3  2 -3  1  1 -3 -2 -1  2  0  1   18   2   0   0   0   2   2   0   1  21  25   0   4   6   0   1   2   3   2   9  0.25 0.12
  191 I    0 -4 -5 -5 -3 -4 -4 -4 -4  3  3 -4  1  1 -4 -3 -2  4 -2  3    7   0   0   0   0   0   0   0   0  22  27   0   3   6   0   1   0   5   0  28  0.57 0.19
  192 K    0  4  0  0 -4  1  0 -2  1 -4 -4  5 -3 -5 -3 -1 -2 -5 -3 -4    7  23   3   4   0   4   2   3   3   0   0  45   0   0   1   4   1   0   1   1  0.70 0.24
  193 A   -1 -1  0  2 -4  2  1  2 -1 -3 -3 -1  1 -3  2  1  0 -3  0 -3    2   2   4  16   0  11  11  15   1   0   1   1   5   0  10  12   3   0   4   0  0.28 0.13
  194 L   -2 -4 -5 -6 -1 -4 -5 -5 -3  0  5 -4  2  3 -5 -3 -3 -3  2 -1    3   0   0   0   1   0   0   0   0   2  68   0   4  12   0   1   1   0   6   1  0.91 0.28
  195 G   -2 -2  3 -1  3  3 -1  0  4 -4 -3 -2 -1  4 -2 -1 -2 -2  0 -4    1   1  16   2   8  20   2   9  11   0   0   0   1  22   2   3   1   0   1   0  0.46 0.21
  196 L   -4 -5 -6 -6 -4 -5 -6 -6 -5 -1  6 -5  0  2 -4 -5 -4 -4 -3 -2    0   0   0   0   0   0   0   0   0   0  90   0   0   9   1   0   0   0   0   0  1.45 0.38
  197 L   -4 -5 -6 -6 -4 -5 -5 -6 -5  3  6 -5  1 -2 -5 -5 -3 -4 -3 -1    0   0   0   0   0   0   0   0   0  15  82   0   2   0   0   0   0   0   0   0  1.34 0.35
  198 T   -3 -4 -3 -4 -4 -3 -4 -4 -5 -3 -4 -4 -4 -5 -4  1  8 -6 -5 -3    0   0   0   0   0   0   0   0   0   0   0   0   0   0   0  10  90   0   0   0  1.83 0.49
  199 R    2 -1 -1  0 -2 -1 -2 -2 -3  0  1 -2  1 -2 -3  2  1 -1 -1  0   26   2   2   5   0   1   1   1   0   7  14   0   5   1   0  21   9   1   2   3  0.19 0.13
  200 K   -4 -1 -3 -4 -6 -2 -2 -5 -1 -6 -4  8 -3 -6 -4 -3 -4 -6 -5 -5    0   0   0   0   0   0   0   0   1   0   1  98   0   0   0   0   0   0   0   0  2.04 0.50
  201 P   -4 -4 -5 -5 -6 -4 -4 -5 -5 -6 -6 -3 -6 -7  9 -4 -4 -7 -6 -6    0   1   0   0   0   0   0   0   0   0   0   1   0   0  97   0   0   0   0   0  2.99 0.57
  202 V    0 -4 -4 -5 -2 -3 -4 -5 -5  3  0 -4  2 -3 -4 -2  2 -5 -3  5    6   0   0   0   0   1   0   0   0  12   3   0   7   0   0   0  14   0   0  56  0.81 0.27
  203 I   -3 -4 -5 -6 -3 -4 -5 -6 -5  4  5 -4  6 -1 -5 -4 -3 -4 -3  0    0   0   0   0   0   0   0   0   0  22  52   0  24   1   0   0   0   0   0   1  1.10 0.31
  204 Y   -5 -5 -5 -6 -6 -5 -5 -6 -1 -4 -4 -5 -4  3 -6 -5 -5 -1 10 -4    0   0   0   0   0   0   0   0   0   0   0   0   0   9   0   0   0   0  90   0  2.69 0.56
  205 A    2 -5 -5 -5 -2 -4 -4 -3 -5  3 -1 -4 -1 -3 -4 -3 -2 -5 -3  5   22   0   0   0   0   0   0   1   0  19   1   0   0   0   0   0   0   0   0  57  0.93 0.30
  206 T    6 -4 -4 -5  7 -4 -4 -1 -5 -4 -4 -4 -3 -5 -4 -1 -1 -5 -5 -3   65   0   0   0  28   0   0   2   0   0   0   0   0   0   0   1   2   0   0   0  1.42 0.39
  207 N   -5 -4  9 -2 -6 -3 -3 -4 -2 -7 -7 -3 -5 -6 -5 -2 -3 -7 -5 -6    0   0 100   0   0   0   0   0   0   0   0   0   0   0   0   0   0   0   0   0  2.58 0.57
  208 V   -3 -5 -6 -6 -3 -5 -5 -6 -6  2 -1 -5  0 -3 -5 -4 -3 -6 -4  7    0   0   0   0   0   0   0   0   0   7   3   0   1   0   0   0   0   0   0  88  1.58 0.41
  209 S    2 -2  1  3 -1 -1  1  0 -2 -4 -3 -1 -2 -4 -2  3 -1 -5 -4 -3   22   0   7  23   1   1   8   6   1   0   1   2   1   0   0  26   1   0   0   0  0.45 0.19
  210 E   -4 -3 -3  1 -7 -1  8 -5 -3 -6 -6 -2 -5 -6 -4 -3 -4 -6 -5 -6    0   0   0   6   0   0  94   0   0   0   0   0   0   0   0   0   0   0   0   0  2.05 0.50
  211 E    1 -3  1  6 -4 -2  2  0 -2 -5 -5 -1 -4 -5 -3  0 -1 -5 -4 -4   12   0   5  48   0   0  15   8   0   0   0   2   0   0   0   7   2   0   0   0  0.80 0.25
  212 D    0 -3 -1  5 -3 -1  2  3 -2 -5 -5 -2 -4 -5 -3  2 -2 -5 -4 -4    5   0   1  34   0   1  12  26   1   0   0   1   0   0   0  19   0   0   0   0  0.73 0.24
  213 L    2 -4 -4 -5 -3 -3 -4 -3 -4  1  3 -4  2  4 -4 -2 -2 -3 -1  1   26   0   0   0   0   0   0   1   0   7  27   0   6  23   0   0   0   0   0   9  0.50 0.20
  214 A    3 -1 -1 -1 -2 -1 -1  0 -1 -1 -1  0 -1 -2  1  0  0 -3 -2  0   41   2   2   3   0   2   4   6   1   3   4   5   1   1   6   6   3   0   1   8  0.22 0.11
  215 D   -2 -2  1  5 -4 -1  3 -1  0 -4 -4  0 -4 -5 -3  1  2 -5 -4 -4    1   0   7  33   0   0  25   4   2   0   0   4   0   0   0   7  15   0   0   0  0.66 0.22
  216 G    0 -3  4  2 -4 -2 -1  5 -2 -5 -5 -2 -4 -4 -1  0 -2 -4 -4 -4    6   0  23  10   0   1   3  46   0   0   0   1   0   0   2   5   1   0   0   0  0.79 0.23
  217 N   -4 -3  8  0 -6 -3 -3 -3  0 -5 -6 -3 -5 -6 -5 -1 -3 -7 -5 -6    0   0  91   2   0   0   0   0   2   1   0   0   0   0   0   3   0   0   0   0  2.16 0.50
  218 A    2 -1 -2  1 -4  0  2 -3 -2 -4 -4  1 -4 -5  5  0 -2 -5 -4 -3   18   2   0   7   0   2  18   1   1   0   0   9   0   0  35   5   1   0   0   1  0.77 0.23
  219 W   -4 -3 -2 -5 -5 -2 -3 -4  5 -3  1 -3  0  4 -5 -4 -4  4  7 -3    0   1   1   0   0   1   0   1  18   0  13   1   2  14   0   0   0   5  42   0  1.13 0.31
  220 V   -2 -3 -4 -4 -1 -3 -4 -4 -4  0  2 -3  0  0 -4  1  0 -4  0  4    1   0   0   0   1   0   0   0   0   1  23   0   0   3   0  16   6   0   4  44  0.52 0.22
  221 E    1  0  0  4 -4  3  2 -2 -2 -4 -4  2 -3 -5 -3 -1 -1 -5 -4 -3   14   3   2  26   0  18  16   1   0   0   1  16   0   0   0   1   2   0   0   1  0.55 0.20
  222 Q    2  2 -2 -2 -3  3  1 -3 -2 -2 -2  3 -1 -4 -2 -1 -1 -4 -3 -1   24  12   0   1   0  19   6   0   0   2   3  23   1   0   0   2   3   0   0   3  0.40 0.18
  223 V   -2 -5 -6 -6 -3 -5 -5 -6 -6  2  1 -5 -1 -3 -5 -4 -3 -5 -4  7    1   0   0   0   0   0   0   0   0   8  12   0   0   0   0   0   0   0   0  79  1.34 0.37
  224 R    0  5 -1 -2 -2  2  1 -3 -2 -3 -3  3 -1 -1 -3 -2 -1 -4 -2 -2   10  37   1   0   1   7  11   0   0   1   1  22   1   4   0   1   2   0   1   2  0.58 0.21
  225 E    2 -1 -1  1 -4  1  5 -2 -2 -5 -4  2 -4 -5 -3 -1 -2 -5 -4 -3   19   2   3   7   0   3  49   1   0   0   0  12   0   0   0   1   1   0   0   1  0.75 0.26
  226 L    0  1 -3 -4 -3 -2 -3 -4  2  2  1 -1  2  3 -4 -2 -2 -1  4  0    7   8   0   0   0   1   1   0   5  15   9   5   8  16   0   1   0   0  19   3  0.34 0.15
  227 A    6 -4 -4 -5 -3 -4 -4 -2 -4 -2 -4 -3 -3 -4 -4 -1 -3 -5 -4  1   87   0   0   0   0   0   0   1   0   1   0   0   0   0   0   0   0   0   0  10  1.39 0.41
  228 Q    4  0 -2  0 -3  0  2 -2 -2 -3 -3  3 -3 -4 -3  0 -1 -5 -4 -2   42   2   1   4   0   3  15   0   0   1   0  21   0   0   0   6   3   0   0   1  0.49 0.21
  229 Q    2  0  0  1 -3  1  3 -1 -1 -3 -3  2 -2 -4 -2  1  0 -4 -3 -2   21   3   3   8   0   6  20   4   1   0   0  18   0   0   0   8   6   0   0   1  0.32 0.14
  230 E   -3 -2 -1  1 -5  3  7 -4  0 -4 -4 -1 -3 -5 -4 -2 -2 -5 -4 -4    1   1   2   4   0  10  73   0   2   0   2   0   0   0   0   2   1   0   0   1  1.30 0.37
  231 N   -2 -3  5  1 -5 -1 -2  5  1 -6 -5 -1 -4 -5 -4 -1 -3 -5 -4 -5    0   0  31   7   0   3   1  49   3   0   0   3   0   0   0   2   0   0   0   0  1.03 0.29
  232 A    6 -3  0 -3  0 -3 -3 -2 -3 -4 -4 -3 -3 -4 -3  3 -2 -5 -4 -3   72   1   4   1   2   0   0   0   0   0   0   0   0   0   0  19   1   0   0   0  1.07 0.35
  233 Q    0 -1 -1  0 -4  2  4  0 -2 -1 -3  1 -2 -4  2  0 -2 -4 -3  0    6   2   1   3   0  10  40   7   0   3   1   6   1   0   8   4   1   0   0   7  0.44 0.18
  234 V    1 -4 -4 -5  0 -4 -4 -4  0  1 -1 -4  1 -3 -4 -1  0 -3 -3  6   10   0   0   0   2   0   0   0   3   4   2   0   3   0   0   4   4   0   0  67  0.85 0.29
  235 V   -2 -5 -5 -5 -3 -4 -5 -6 -5  4  1 -5  0  1 -5 -4 -2 -4 -3  6    1   0   0   0   0   0   0   0   0  19  10   0   1   5   0   0   1   0   0  63  1.03 0.30
  236 V    1 -2 -4 -4 -2 -3 -3 -2 -4  2 -1 -2 -1 -2  3 -2  0 -4 -3  4   14   2   0   0   0   0   0   3   0  12   1   2   1   1  16   1   4   0   0  42  0.50 0.20
  237 V   -3 -5 -5 -6 -3 -5 -5 -6 -5  6  1 -5 -1 -2 -5 -4 -3 -5 -3  5    0   0   0   0   0   0   0   0   0  49  11   0   0   0   0   0   0   0   0  39  1.15 0.31
  238 S    1 -4 -2 -4  9 -4 -4 -3 -4 -4 -4 -4 -4 -5 -4  5 -2 -5 -5 -4   10   0   1   0  43   0   0   0   0   0   0   0   0   0   0  46   0   0   0   0  1.61 0.42
  239 A    6 -4  0 -4 -2 -3 -3  0 -4 -4 -4 -3 -4 -5 -3 -1 -3 -5 -4 -1   86   0   5   0   0   0   0   5   0   0   0   0   0   0   0   0   0   0   0   4  1.33 0.40
  240 Q    3  1 -2 -2 -4  4  0 -1 -2 -4 -4  4 -3 -5 -3  0 -2 -4 -4 -3   26   7   1   0   0  20   4   4   0   0   0  32   0   0   0   6   0   0   0   0  0.60 0.23
  241 V   -1 -5 -5 -5 -3 -4 -5 -5 -5  6  1 -4  1 -2 -4 -3  1 -5 -3  2    4   0   0   0   0   0   0   0   0  61   9   0   3   0   0   0  10   0   0  13  0.93 0.28
  242 E   -4 -3 -3 -1 -7 -1  8 -5 -3 -6 -6 -2 -5 -6 -4 -3 -4 -6 -5 -6    0   0   0   0   0   0  99   0   0   0   0   0   0   0   0   0   0   0   0   0  2.21 0.53
  243 A    4 -3 -2 -2 -3  1  3 -2 -3 -4 -4 -2 -3 -5 -3  3 -2 -5 -4 -3   44   0   0   0   0   5  23   0   0   0   0   0   0   0   0  28   0   0   0   0  0.78 0.29
  244 E   -4 -3 -3  3 -6  1  7 -5 -3 -5 -6 -2 -5 -6 -4 -3 -4 -6 -5 -5    0   0   0  13   0   4  83   0   0   1   0   0   0   0   0   0   0   0   0   0  1.72 0.44
  245 L   -3 -5 -6 -6 -3 -5 -5 -6 -5  6  3 -5  1 -2 -5 -4 -3 -5 -3  1    0   0   0   0   0   0   0   0   0  63  28   0   2   0   0   0   0   0   0   5  1.20 0.32
  246 V    5 -3 -1 -3 -3 -1 -2 -2 -3 -1 -3 -3 -2 -4 -3  3  0 -5 -4  0   57   0   2   0   0   3   1   0   0   4   0   0   0   0   0  21   4   0   0   7  0.71 0.27
  247 E   -1 -2 -2  1 -5  4  6 -1 -2 -4 -3 -1 -2 -5 -3 -1 -1 -5 -4 -2    3   0   0   7   0  17  55   4   0   0   3   0   1   0   0   3   4   0   0   2  0.87 0.29
  248 L   -4 -5 -6 -6 -4 -4 -4 -6 -5  0  6 -5  4 -1 -5 -5 -4 -4 -3 -1    0   0   0   0   0   0   1   0   0   1  86   0  11   1   0   0   0   0   0   0  1.41 0.37
  249 D   -2 -3 -1  5 -5 -1  4 -2 -3 -5 -5 -2 -5 -6  3  0 -2 -6 -5 -5    2   0   1  41   0   0  30   2   0   0   0   0   0   0  14   8   1   0   0   0  0.99 0.29
  250 A    0 -2 -1  5 -4 -1  3 -1 -3 -4 -4 -1 -3 -5  2  0  0 -5 -4 -3    9   1   0  40   0   1  21   5   0   0   0   3   0   0   9   4   5   0   0   1  0.67 0.22
  251 A    0 -2 -2  4 -6 -1  6 -3 -3 -5 -5 -2 -4 -6 -3 -2 -3 -6 -5 -4   10   0   0  20   0   0  65   1   0   0   0   0   0   0   0   1   1   0   0   0  1.26 0.36
  252 E   -4 -3 -2  5 -6 -1  7 -5 -3 -6 -6 -2 -5 -6 -4 -2 -4 -6 -5 -5    0   0   0  27   0   0  72   0   0   0   0   0   0   0   0   1   0   0   0   0  1.65 0.42
  253 K    0  5 -3 -3 -4  1 -1 -4 -2 -5 -4  5 -3 -5 -4 -2 -2 -5 -4 -4   10  38   0   0   0   5   1   0   0   0   0  44   0   0   0   1   1   0   0   0  1.08 0.32
  254 K    2  0 -1  1 -3  3  1 -1 -2 -2 -1  2 -1 -4 -1  0 -1 -4 -3 -1   24   3   1   6   0  19   9   3   0   1   5  16   1   0   2   3   3   0   0   2  0.27 0.14
  255 D    0 -3 -3  2 -4 -1  5 -3 -3 -2  0 -2  6 -4 -4 -2 -3 -5 -4 -1    8   0   0  10   0   0  47   1   0   1   6   0  23   0   0   0   0   0   0   3  0.78 0.29
  256 F   -5 -6 -6 -7 -5 -6 -6 -6 -4 -3 -2 -6  0  9 -7 -5 -5 -1  4 -4    0   0   0   0   0   0   0   0   0   0   2   0   2  85   0   0   0   0  10   0  2.24 0.48
  257 L   -4 -5 -6 -6 -4 -4 -6 -6 -5 -1  6 -5  2 -2 -6 -5 -4 -4 -4 -2    0   0   0   0   0   0   0   0   0   0  95   0   5   0   0   0   0   0   0   0  1.57 0.40
  258 E    2 -2  0  1 -4  2  5 -2 -2 -4 -4  0 -3 -5 -3  1 -1 -5 -4 -3   22   1   3   6   0   6  45   2   0   0   0   4   0   0   0   8   2   0   0   1  0.66 0.24
  259 S    1 -3 -1  5 -4 -1  4 -1 -3 -4 -4 -2 -1 -5 -3  1  0 -5 -4 -4   11   0   0  31   0   0  36   4   0   0   0   0   2   0   0  10   5   0   0   0  0.74 0.25
  260 L   -2 -4 -5 -5 -3 -3 -2 -5 -4  1  5 -4  5 -1 -5 -4 -3 -3  1  0    3   0   0   0   0   0   3   0   0   6  61   0  18   0   0   0   0   0   6   2  0.89 0.28
  261 G   -3 -5 -2 -3 -5 -4 -4  7 -5 -7 -7 -4 -6 -6 -5 -3 -4 -5 -6 -6    0   0   1   1   0   0   1  97   0   0   0   0   0   0   0   0   0   0   0   0  2.18 0.46
  262 V   -3 -4 -5 -5 -3 -1 -4 -5 -5  2  5 -4  3 -1 -5 -4 -3 -3 -3  2    1   0   0   0   0   3   0   0   0  11  62   0   8   1   0   0   0   0   0  14  0.87 0.26
  263 E    0 -2 -1  2 -4  1  5 -3  0 -4 -4  1 -3 -3 -2  1  1 -5 -3 -3    6   0   1   8   0   3  45   1   2   0   0  10   0   1   1  10  11   0   0   1  0.61 0.22
  264 E   -3 -3 -3  0 -6  1  7 -5 -3 -6 -5 -2 -2 -6 -4 -2 -3 -6 -4 -4    0   0   0   4   0   3  88   0   0   0   0   1   1   0   0   2   0   0   0   1  1.74 0.45
  265 G    1 -4 -3 -3 -4 -3 -3  0 -4 -5 -5 -3 -4 -5  6  4  0 -6 -5 -4    9   0   0   0   0   0   0   5   0   0   0   0   0   0  42  39   4   0   0   0  1.23 0.34
  266 G   -3 -5 -3 -4 -5 -5 -5  7 -5 -7 -7 -4 -6 -6 -5 -2 -4 -5 -6 -6    0   0   0   0   0   0   0  99   0   0   0   0   0   0   0   1   0   0   0   0  2.27 0.47
  267 L   -3 -5 -6 -6 -2 -5 -5 -6 -5  0  6 -5  0 -2 -5 -3 -3 -4 -3  1    1   0   0   0   0   0   0   0   0   0  87   0   0   1   0   2   0   0   0   9  1.30 0.36
  268 Q   -1 -2  5  5 -5 -1  0 -2  0 -5 -5 -1 -4 -5 -4  0 -2 -6 -4 -5    6   0  37  38   0   2   3   2   2   0   0   3   0   0   0   5   1   0   0   0  0.99 0.29
  269 S   -3  7 -1 -3 -5  1 -2 -4 -3 -5 -4  4 -3 -5 -4  0 -3 -5 -4 -3    1  61   1   0   0   5   0   0   0   0   1  22   0   0   0   6   0   0   0   1  1.24 0.34
  270 L   -3 -5 -6 -6 -3 -4 -5 -6 -5  1  5 -5  1 -2 -5 -4 -3 -4 -3  3    0   0   0   0   0   0   0   0   0   5  69   0   1   0   0   0   0   0   0  25  1.09 0.31
  271 I   -4 -6 -6 -6 -4 -6 -6 -7 -6  8 -1 -5 -1 -3 -6 -5 -2 -5 -4  2    0   0   0   0   0   0   0   0   0  91   0   0   0   0   0   0   2   0   0   7  1.84 0.44
  272 R   -2  7 -2 -4 -6  1 -2 -4  1 -5 -5  3 -3 -5 -4 -2 -3 -5 -3 -4    3  66   1   0   0   5   0   0   3   0   0  18   0   0   0   1   1   0   0   0  1.34 0.36
  273 A    6 -3 -3 -3 -2 -2  0 -1 -2 -4 -4 -1 -3 -5 -3  1  0 -5 -4 -2   71   0   0   0   0   1   6   2   1   0   0   3   0   0   0   9   6   0   0   1  0.90 0.31
  274 T    3 -4 -2 -3 -2 -3 -3  5 -4 -4 -4 -3 -4 -5 -3  2  1 -5 -4 -3   32   0   0   0   0   0   0  42   0   0   0   0   0   0   0  16   9   0   0   1  0.83 0.26
  275 Y   -5 -5 -5 -6 -6 -5 -5 -6 -1 -4 -4 -5 -4  3 -6 -5 -5 -1 10 -4    0   0   0   0   0   0   0   0   1   0   0   0   0   7   0   0   0   0  92   0  2.75 0.57
  276 E    0  2  0  2 -3  1  2 -2  3 -4 -4  3 -3 -4 -3  1 -1 -4 -2 -4    6   9   3  12   0   5  14   2  10   0   0  22   0   0   0  14   3   0   0   0  0.40 0.16
  277 L   -4 -4 -6 -6 -3 -4 -5 -6 -5  0  6 -4  0 -2 -6 -5 -3 -4 -4 -2    0   0   0   0   0   1   0   0   0   2  95   0   1   0   0   0   1   0   0   0  1.52 0.39
  278 L   -4 -5 -6 -7 -4 -5 -6 -7 -6 -1  6 -5  0 -2 -6 -5 -4 -4 -4 -2    0   0   0   0   0   0   0   0   0   0 100   0   0   0   0   0   0   0   0   0  1.71 0.43
  279 G   -2 -4  3  2 -5 -3 -2  6  1 -6 -6 -2 -5 -5 -4 -2 -3 -5 -5 -5    0   0  16  11   0   0   1  64   4   0   0   2   0   0   0   1   1   0   0   0  1.22 0.31
  280 L   -4 -5 -6 -6 -4 -3 -5 -6 -6 -1  6 -5  0 -2 -6 -5 -4 -4 -4 -2    0   0   0   0   0   1   0   0   0   0  98   0   0   0   0   0   0   0   0   0  1.65 0.42
  281 R   -1  1 -2 -3 -2  5  1 -3  1  3 -1 -1  1 -3 -4 -2 -2 -2 -2 -1    6   9   0   0   1  34   7   2   3  27   3   1   5   0   0   1   0   0   1   1  0.49 0.23
  282 T   -3 -4 -1 -4 -4 -3 -4 -4 -4 -4 -4 -3 -4 -5 -4  2  7 -5 -4 -3    0   0   1   0   0   0   0   0   0   0   0   0   0   0   0  14  84   0   0   0  1.67 0.46
  283 Y   -5 -5 -5 -6 -6 -5 -5 -6 -2 -4 -3 -5 -4  6 -6 -5 -5 -1  9 -4    0   0   0   0   0   0   0   0   0   0   0   0   0  28   0   0   0   0  72   0  2.33 0.50
  284 F   -5 -6 -6 -6 -5 -6 -6 -6 -4 -1  2 -6 -2  9 -6 -5 -5 -2  0 -3    0   0   0   0   0   0   0   0   0   2  17   0   0  81   0   0   0   0   0   0  2.00 0.45
  285 T   -3 -4 -3 -4 -4 -4 -4 -5 -5 -4 -4 -4 -4 -5 -4 -2  8 -6 -5 -3    0   0   0   0   0   0   0   0   0   0   0   0   0   0   0   0 100   0   0   0  2.17 0.55
  286 T    6 -4 -4 -4  1 -3 -3 -2 -4 -2 -3 -3 -3 -4 -3  0  0 -5 -4  2   73   0   0   0   3   0   0   0   0   0   0   0   0   0   0   5   6   0   0  13  1.02 0.33
  287 G   -3 -5 -3 -4 -6 -5 -5  7 -5 -7 -7 -4 -6 -6 -5 -3 -5 -6 -6 -6    0   0   0   0   0   0   0 100   0   0   0   0   0   0   0   0   0   0   0   0  2.31 0.48
  288 P   -2 -3 -4 -2 -4 -1  4 -2 -4 -1 -3 -2 -3 -4  5 -3 -2 -5 -4  4    1   0   0   0   0   1  28   4   0   1   0   2   0   0  28   0   0   0   0  35  0.82 0.28
  289 E   -3  0 -2  1 -5  3 -1 -4 -3 -4 -4  6  1 -5 -1 -3 -2 -5 -4 -4    0   0   0   7   0  15   1   0   0   1   0  67   4   0   3   0   1   0   0   0  1.16 0.36
  290 E   -4 -3 -3 -1 -7 -1  8 -5 -3 -6 -6 -2 -5 -6 -4 -3 -4 -6 -5 -6    0   0   0   0   0   0 100   0   0   0   0   0   0   0   0   0   0   0   0   0  2.23 0.53
  291 T    1 -4 -4 -5  2 -4 -4 -4 -5  0 -2 -4 -2 -3 -4 -1  3 -5 -4  6   12   0   0   0   5   0   0   0   0   0   0   0   0   0   0   2  21   0   0  60  0.89 0.31
  292 R   -4  8 -3 -5 -7 -2 -3 -5  0 -6 -5  1 -4 -6 -5 -4 -4 -6 -5 -6    0  93   0   0   0   0   0   0   2   0   0   5   0   0   0   0   0   0   0   0  2.19 0.50
  293 A    7 -4 -4 -5 -3 -4 -4 -3 -5 -4 -4 -4 -4 -5 -4 -1 -3 -6 -5 -3   99   0   0   0   0   0   0   0   0   0   0   0   0   0   0   1   0   0   0   0  1.78 0.47
  294 W   -7 -7 -8 -8 -6 -6 -7 -6 -6 -7 -6 -7 -5 -3 -8 -7 -6 13 -1 -7    0   0   0   0   0   0   0   0   0   0   0   0   0   0   0   0   0 100   0   0  4.74 0.78
  295 T   -3 -4 -3 -4 -4 -3 -4 -5 -5 -4 -4 -4 -4 -5 -4 -2  8 -6 -5 -3    0   0   0   0   0   0   0   0   0   0   0   0   0   0   0   0 100   0   0   0  2.15 0.54
  296 I   -3 -5 -5 -6 -3 -5 -5 -6 -5  6 -1 -5 -1  3 -5 -5 -3 -4  0  3    0   0   0   0   0   0   0   0   0  64   0   0   0  14   0   0   0   0   3  17  1.20 0.33
  297 H   -2  3 -1 -3 -4  0 -1 -3  4 -2 -3  4 -2 -4  3 -2  1 -4 -2 -1    2  18   2   0   0   1   2   1  14   2   2  27   0   0  15   1   9   0   1   4  0.53 0.20
  298 V    1  3 -1 -2 -3  1  0 -3 -2  1 -2  4 -2 -4 -3 -1 -1 -4 -3  1   11  15   2   1   0   7   6   0   0   9   0  31   0   0   0   1   2   0   0  15  0.36 0.17
  299 G   -2 -5 -1 -4 -4 -4 -5  7 -5 -7 -7 -4 -6 -6 -5 -3 -4 -5 -6 -6    0   0   2   0   0   0   0  96   0   0   0   0   0   0   0   0   0   0   0   0  2.15 0.46
  300 M    3 -3 -2  1 -2 -3 -3 -3 -3 -2 -2 -3  4 -2 -3  0  4  4 -2 -2   25   0   0   9   0   0   0   0   0   1   0   0  14   1   0   6  33   7   1   0  0.58 0.25
  301 K   -1  0 -2 -3 -4 -2 -2 -4 -2 -4 -3  5 -3 -5 -3  0  5 -5 -4 -3    3   3   0   0   0   0   0   0   1   0   2  49   0   0   0   3  38   0   0   0  0.98 0.33
  302 A    7 -4 -4 -5 -3 -4 -4 -1 -5 -4 -4 -4 -4 -5 -4 -1 -3 -5 -5 -3   98   0   0   0   0   0   0   2   0   0   0   0   0   0   0   0   0   0   0   0  1.72 0.46
  303 P   -4 -5 -5 -5 -6 -3 -4 -5 -5 -6 -6 -4 -6 -7  9 -4 -4 -7 -6 -5    0   0   0   0   0   1   0   0   0   0   0   0   0   0  99   0   0   0   0   0  3.08 0.58
  304 Q   -2 -1 -2 -3 -6  8  1 -2 -2 -6 -5  1 -3 -6 -4 -3 -3 -5 -4 -5    3   1   1   0   0  77   7   4   0   0   0   7   0   0   0   0   0   0   0   0  1.65 0.45
  305 A    6 -4 -4 -5  4 -4 -4 -2 -4 -4 -4 -3 -2 -5 -4 -1 -1 -5 -4 -2   87   0   0   0   7   0   0   1   0   0   0   0   1   0   0   1   2   0   0   2  1.43 0.41
  306 A    7 -4 -4 -5 -3 -4 -4 -2 -5 -4 -4 -4 -4 -5 -4 -2 -3 -6 -5 -3   99   0   0   0   0   0   0   1   0   0   0   0   0   0   0   0   0   0   0   0  1.78 0.47
  307 G    0 -5 -3 -4 -5 -4 -5  7 -5 -6 -6 -4 -5 -6 -5 -2 -4 -5 -6 -6    6   0   0   0   0   0   0  93   0   0   0   0   0   0   0   1   0   0   0   0  2.04 0.44
  308 V   -1 -2 -4 -4 -3 -3 -1 -5 -4  2 -2  3 -2 -3 -4 -3 -1 -5 -4  6    3   1   0   0   0   0   3   0   0   8   0  22   0   0   0   0   1   0   0  61  0.84 0.30
  309 I   -4 -6 -6 -6 -4 -6 -6 -7 -6  8 -1 -6 -2 -3 -6 -5 -4 -6 -4  0    0   0   0   0   0   0   0   0   0 100   0   0   0   0   0   0   0   0   0   0  2.14 0.50
  310 H   -5 -4 -3 -5 -7 -3 -4 -6 11 -7 -6 -4 -5 -5 -6 -4 -5 -6 -2 -7    0   0   0   0   0   0   0   0 100   0   0   0   0   0   0   0   0   0   0   0  3.46 0.66
  311 T   -2 -4 -1 -3 -3 -3 -3 -1 -4 -4 -4 -3 -4 -5 -4  4  6 -5 -4 -3    0   0   2   0   0   0   0   5   0   0   0   0   0   0   0  33  60   0   0   0  1.22 0.39
  312 D   -5 -5 -2  8 -7 -3 -1 -4 -4 -6 -7 -4 -6 -7 -5 -3 -4 -8 -6 -6    0   0   0 100   0   0   0   0   0   0   0   0   0   0   0   0   0   0   0   0  2.52 0.54
  313 F   -5 -6 -6 -7 -5 -6 -6 -6 -4  1 -2 -6  0  9 -7 -5 -5 -2  0 -3    0   0   0   0   0   0   0   0   0   6   0   0   2  91   0   0   0   0   0   0  2.36 0.50
  314 E   -3 -3 -3 -1 -7  1  8 -5 -3 -6 -6 -2 -5 -6 -4 -3 -4 -6 -5 -6    0   0   0   0   0   5  94   0   0   0   0   0   0   0   0   0   0   0   0   0  2.05 0.50
  315 R   -4  7 -3 -4 -6 -1 -2 -5 -1 -6 -5  5 -4 -6 -4 -3 -4 -6 -4 -5    0  57   0   0   0   0   0   0   1   0   0  42   0   0   0   0   0   0   0   0  1.61 0.41
  316 G   -3 -5 -3 -4 -5 -5 -5  7 -5 -7 -7 -4 -6 -6 -5 -3 -4 -5 -6 -6    0   0   0   0   0   0   0  99   0   0   0   1   0   0   0   0   0   0   0   0  2.25 0.47
  317 F   -5 -6 -6 -7 -6 -6 -7 -6 -4 -3 -3 -6 -3  9 -7 -6 -5 -2  1 -4    0   0   0   0   0   0   0   0   0   0   0   0   0  99   0   0   0   0   1   0  2.72 0.55
  318 I   -4 -6 -6 -6 -4 -6 -6 -7 -6  8 -1 -6 -2 -3 -6 -5 -4 -6 -4  0    0   0   0   0   0   0   0   0   0 100   0   0   0   0   0   0   0   0   0   0  2.14 0.50
  319 R   -2  8 -3 -4 -4 -2 -3 -5 -3 -6 -5  2 -4 -6 -5 -3 -4 -6 -5 -5    3  88   0   0   0   0   0   0   0   0   0   8   0   0   0   0   0   0   0   0  2.00 0.47
  320 A    7 -4 -4 -5 -1 -4 -4 -2 -5 -4 -4 -4 -4 -5 -4 -1 -3 -6 -5 -3   98   0   0   0   1   0   0   0   0   0   0   0   0   0   0   0   0   0   0   0  1.75 0.47
  321 E   -4 -3 -2 -1 -6  3  7 -5 -3 -6 -6 -1 -4 -5 -4 -3 -4 -6 -5 -4    0   0   0   1   0  14  82   0   0   0   0   1   0   0   0   0   0   0   0   1  1.70 0.45
  322 T   -2 -4 -4 -4 -1 -4 -4 -5 -5  2 -2 -4 -2 -4 -4 -2  5 -5 -4  5    1   0   0   0   1   0   0   0   0   8   0   0   0   0   0   0  43   0   0  48  1.06 0.34
  323 V   -3 -5 -5 -5 -3 -5 -5 -6 -5  6 -1 -5  2 -2 -5 -4 -1 -5 -1  4    0   0   0   0   0   0   0   0   0  57   1   0   6   1   0   0   2   0   2  32  1.17 0.32
  324 A    4 -2  0 -2 -3 -2 -2  1  0 -4 -4  1 -3 -4 -2  4 -1 -5 -3 -3   40   1   5   0   0   0   0   8   2   0   0   9   0   0   0  33   1   0   1   0  0.61 0.25
  325 Y   -5 -5 -5 -6 -2 -5 -5 -6 -1 -3 -3 -5 -4  5 -6 -4 -4  2  9 -4    0   0   0   0   1   0   0   0   0   0   1   0   0  21   0   0   0   2  73   0  2.19 0.48
  326 Q   -1 -2  2  6 -5  1  4 -3 -2 -5 -5  0 -4 -5 -2 -1 -2 -6 -5 -4    5   1   7  49   0   4  24   0   0   0   0   4   0   0   1   2   1   0   0   0  0.97 0.28
  327 D   -3 -4 -1  8 -6 -2  0 -4 -3 -6 -6 -2 -6 -6 -4 -3 -3 -7 -6 -6    1   0   1  92   0   1   2   0   0   0   0   2   0   0   0   1   0   0   0   0  2.14 0.48
  328 L   -4 -4 -5 -6 -4 -4 -5 -6 -3 -1  4 -5  0  6 -5 -4 -4 -1  6 -2    0   0   0   0   0   0   0   0   0   1  38   0   1  33   0   0   0   0  27   0  1.20 0.32
  329 V   -2 -4 -4 -1 -3 -3 -3 -5 -4  5  1 -3  2 -2 -4 -3 -1 -4 -3  4    1   0   0   5   0   1   1   0   0  37   9   1   5   1   0   1   2   0   0  38  0.72 0.24
  330 D    3  0 -1  0 -3  2  2 -2 -1 -3 -3  2 -3 -4 -2  0  1 -4 -3 -2   31   4   2   3   0  10  15   1   1   0   0  15   0   0   0   5  12   0   0   0  0.37 0.17
  331 C    0 -4 -1 -4  6 -3 -3 -3  2 -2  1 -4 -1  2 -4 -2 -2 -2  6 -2   10   0   4   0  20   1   0   1   4   1  18   0   0   9   0   2   1   0  29   1  0.70 0.24
  332 G   -2 -1  2 -3 -5 -1 -2  6 -3 -6 -5  2 -4 -5 -4 -2 -3 -5 -5 -5    0   3   9   0   0   3   2  64   0   0   0  17   0   0   0   1   0   0   0   0  1.14 0.31
  333 A   -1 -4 -1 -3 -4 -3 -3  5 -4 -5 -5 -3 -4 -5 -4  5  0 -5 -5 -5    0   0   2   0   0   0   0  47   0   0   0   0   0   0   0  45   6   0   0   0  1.14 0.34
  334 M   -3 -3 -3 -1 -5  0  6 -5 -1 -3 -1 -1  4 -2 -3 -3 -3  0  0 -2    0   0   0   0   0   1  65   0   1   1   6   1  14   1   0   0   1   2   3   3  1.02 0.34
  335 P    3 -2  2 -2 -3  4 -1 -1 -1 -3 -3  0 -3 -4 -2  1  1 -4 -3 -1   36   0   9   0   0  24   0   2   1   0   0   5   0   0   1   9   7   0   0   4  0.49 0.22
  336 A    4 -3 -2 -3 -3 -2 -2  5 -3 -4 -4  2 -3 -5 -1 -1 -2 -5 -4 -2   37   0   0   0   0   0   2  42   0   0   0  12   0   0   2   0   1   0   0   2  0.79 0.26
  337 A    6 -4 -4 -4  2 -3 -4 -3 -4 -1 -3 -3 -3 -4 -3 -1 -2 -5 -4  2   74   0   0   0   5   0   0   0   0   2   1   0   0   0   0   2   0   0   0  17  1.09 0.35
  338 K   -3  5 -3 -4 -6  0 -2 -4 -3 -6 -5  7 -4 -6 -4 -3 -3 -6 -4 -5    1  26   0   0   0   1   0   0   0   0   0  72   0   0   0   0   0   0   0   0  1.58 0.41
  339 E   -2 -3 -1  3 -6 -1  7 -5 -3 -6 -6 -2 -5 -6 -4 -3 -3 -6 -5 -5    2   0   2  15   0   0  81   0   0   0   0   0   0   0   0   0   0   0   0   0  1.68 0.43
  340 K    5 -1 -1 -4 -3 -1 -2 -2 -2 -4 -4  4 -3 -4 -3 -1 -2 -5 -4 -3   64   1   2   0   0   2   1   1   1   0   0  27   0   0   0   0   1   0   0   1  0.94 0.33
  341 G   -3 -5 -3 -4 -6 -5 -5  7 -5 -7 -7 -4 -6 -6 -5 -3 -5 -6 -6 -6    0   0   0   0   0   0   0 100   0   0   0   0   0   0   0   0   0   0   0   0  2.31 0.48
  342 L   -3  2 -3 -4 -4 -1 -2 -4 -2 -3  2  6 -2 -3 -4 -3 -3  0 -3 -2    1   9   0   0   0   1   0   0   1   0  24  59   0   0   0   0   0   1   0   2  0.89 0.31
  343 V   -1 -3 -5 -5 -3 -2 -4 -4 -4  1  3 -4  6  0 -4 -3 -2  5  0  2    4   0   0   0   0   1   0   0   0   4  31   0  25   2   0   1   0   9   3  19  0.70 0.24
  344 R   -3  8 -2 -4 -6 -2 -3 -1 -2 -6 -5  0 -4 -6 -5 -2 -4 -6 -5 -5    1  89   1   0   0   0   0   4   1   0   0   1   0   0   0   3   0   0   0   0  1.92 0.46
  345 A    1 -3 -3 -1 -3  0 -2 -3 -3  1  3 -3  1 -2 -3  2 -1 -4 -3  2   10   0   0   3   0   4   1   0   0   7  39   0   2   0   0  18   0   0   0  14  0.33 0.17
  346 E   -4 -3 -3 -1 -7 -1  8 -5 -3 -6 -6 -2 -5 -6 -4 -3 -4 -6 -5 -6    0   0   0   0   0   1  99   0   0   0   0   0   0   0   0   0   0   0   0   0  2.21 0.53
  347 G   -3 -5 -3 -4 -6 -5 -5  7 -5 -7 -7 -4 -6 -6 -5 -3 -5 -6 -6 -6    0   0   0   0   0   0   0 100   0   0   0   0   0   0   0   0   0   0   0   0  2.31 0.48
  348 K   -3  0 -3 -4 -6 -2 -2 -5 -4 -6 -6  8 -4 -6 -4 -3 -4 -6 -5 -5    0   2   0   0   0   0   0   0   0   0   0  98   0   0   0   0   0   0   0   0  2.07 0.51
  349 E   -2 -3 -1  5 -6 -1  6 -4 -3 -6 -6 -2 -5 -6 -4 -2 -1 -6 -5 -5    2   0   1  32   0   0  60   1   0   0   0   0   0   0   0   1   3   0   0   0  1.37 0.37
  350 Y   -5 -5 -6 -7 -6 -5 -6 -7 -1 -5 -4 -5 -4  0 -6 -5 -5 -1 10 -5    0   0   0   0   0   0   0   0   0   0   0   0   0   0   0   0   0   0 100   0  3.06 0.62
  351 L   -3 -3 -5 -5 -3 -4 -2 -6 -3  5  0 -4 -1 -3 -3 -4 -2 -5 -3  5    0   1   0   0   0   0   3   0   0  34   3   0   0   0   1   0   1   0   0  54  1.00 0.30
  352 V   -3 -5 -5 -6 -3 -5 -5 -5 -6  1 -1 -5  5 -2 -5 -4 -2 -5 -4  7    0   0   0   0   0   0   0   1   0   2   1   0  13   1   0   0   0   0   0  82  1.48 0.41
  353 Q   -1  0 -1 -2 -3  6  0 -4  0 -5 -4  5 -3 -5 -4 -2 -2 -5 -4 -4    4   3   2   0   1  48   2   0   2   0   0  35   0   0   0   1   1   0   0   0  1.13 0.35
  354 E   -5 -4 -1  8 -7 -3  2 -4 -4 -6 -7 -3 -6 -7 -4 -3 -4 -7 -6 -6    0   0   0  90   0   0   9   0   0   0   0   0   0   0   0   0   0   0   0   0  2.18 0.48
  355 G   -2 -5 -3 -4 -5 -5 -5  7 -5 -7 -7 -4 -6 -6 -5 -3 -4 -6 -6 -6    0   0   0   0   0   0   0 100   0   0   0   0   0   0   0   0   0   0   0   0  2.29 0.48
  356 D   -5 -5 -2  8 -7 -3 -1 -4 -4 -6 -7 -4 -6 -7 -5 -3 -4 -8 -6 -6    0   0   0 100   0   0   0   0   0   0   0   0   0   0   0   0   0   0   0   0  2.52 0.54
  357 V   -3 -5 -5 -6 -1 -5 -5 -6 -6  5 -1 -5 -1 -3 -5 -4 -3 -5 -4  6    0   0   0   0   1   0   0   0   0  29   1   0   0   0   0   0   0   0   0  68  1.33 0.36
  358 M   -2 -4 -5 -6 -2 -4 -5 -5 -5  4  2 -4  8 -1 -5 -4 -2 -4 -3  2    1   0   0   0   1   0   0   0   0  21  13   0  46   2   0   0   2   0   0  15  1.10 0.33
  359 L   -4 -3  2 -3 -5 -2  1 -4  8 -3  2 -3 -2 -1 -4 -3 -2 -4  1 -2    0   0  12   0   0   0  10   0  47   0  21   0   1   2   0   0   1   0   4   3  1.06 0.32
  360 F   -5 -6 -6 -7 -6 -7 -7 -6 -4 -3 -3 -6 -3  9 -7 -6 -5 -2  0 -4    0   0   0   0   0   0   0   0   0   0   0   0   0 100   0   0   0   0   0   0  2.75 0.56
  361 R   -4  7 -3 -4 -6 -2 -3 -5 -3 -4  2  1 -3 -4 -5 -4 -4 -5 -4 -4    0  73   0   0   0   0   0   0   0   0  20   7   0   0   0   0   0   0   0   0  1.48 0.40
  362 F   -5 -6 -6 -7 -6 -6 -6 -6 -1 -3 -3 -6 -3  9 -7 -6 -5 -2  0 -4    0   0   0   0   0   0   0   0   1   0   0   0   0  98   0   0   0   0   0   0  2.67 0.54
  363 N   -5 -4  9 -2 -6 -3 -3 -4 -2 -7 -7 -3 -5 -6 -5 -2 -3 -7 -5 -6    0   0 100   0   0   0   0   0   0   0   0   0   0   0   0   0   0   0   0   0  2.55 0.56
  364 V   -3 -5 -5 -6 -4 -5 -5 -6 -6  0 -2 -5 -2 -4 -5 -4  1 -6 -4  7    0   0   0   0   0   0   0   0   0   0   0   0   0   0   0   0   7   0   0  93  1.68 0.44

                      K         Lambda
Standard Ungapped    0.1355     0.3175
Standard Gapped      0.0410     0.2670
PSI Ungapped         0.2256     0.3186
PSI Gapped           0.0691     0.2670
