
Last position-specific scoring matrix computed, weighted observed percentages rounded down, information per position, and relative weight of gapless real matches to pseudocounts
           A  R  N  D  C  Q  E  G  H  I  L  K  M  F  P  S  T  W  Y  V   A   R   N   D   C   Q   E   G   H   I   L   K   M   F   P   S   T   W   Y   V
    1 M   -1 -2 -3 -4 -2 -1 -3 -3 -2  1  2 -2  8  0 -3 -2 -1 -2 -2  0    0   0   0   0   0   0   0   0   0   0   0   0 100   0   0   0   0   0   0   0  0.76 0.10
    2 V   -1  0  2 -1 -2  0 -1 -2 -1 -1  0  2  4 -2 -2  1  1 -3 -2  0    0   0  17   0   0   0   0   0   0   0   0  20  33   0   0  19   6   0   0   6  0.21 0.07
    3 N   -1  0  3  0 -3  2  3 -2  0 -4 -3  1 -2 -3  0  1 -1 -3  0 -3    0   0  27   0   0  11  32   0   0   0   0  11   0   0   4  11   0   0   5   0  0.44 0.09
    4 D   -1 -1  4  2 -3 -1  1 -2 -1 -4 -4  0 -3 -4 -2  4  1 -4 -3 -3    0   2  24  14   0   0   8   0   0   0   0   2   0   0   0  43   6   0   0   0  0.52 0.14
    5 W   -3 -3 -4 -2 -4 -2  1 -4 -3  2 -1  0 -2  1 -4 -2 -3 10  1 -2    0   0   0   3   0   0  12   0   0  15   6   7   0   4   0   3   0  49   1   0  1.31 0.25
    6 D    0  1  0  2 -3  2  2 -2 -1 -1 -1  0  1  0 -2 -1 -1  1 -2 -2    8  10   3  17   0  12  18   0   0   5   3   4   7   7   0   2   2   2   0   0  0.20 0.09
    7 I   -1  0 -2 -1 -3  1  2 -3 -2  2  0  1  0 -2  0 -1  0 -4 -2  2    0   4   0   2   0   8  22   0   0  18   3   9   1   0   5   0   5   0   0  22  0.21 0.11
    8 A    3  3  0 -2 -2 -1 -1  0 -2 -1 -2  1 -2 -1 -2  0 -1 -3 -2 -1   44  19   6   0   0   0   3   5   0   4   3   7   0   2   0   2   2   0   0   2  0.28 0.14
    9 I    0 -2 -3 -3 -2  1 -1 -3 -3  3  2 -2  3  1 -3 -1 -1 -3 -2  2    8   0   0   0   0   9   3   0   0  26  20   0  13   5   0   3   0   0   0  14  0.28 0.12
   10 K   -1  2  1  0 -3  1  1  0  0 -2 -1  2  1 -2 -2  1  0 -3 -1 -2    0  16   9   2   0   4   9   5   1   0   9  17   7   0   0  12   5   0   2   0  0.18 0.09
   11 R   -3  6  0 -3 -5  0 -1 -4  1 -4 -3  3 -3 -4 -3 -2  0 -4 -3 -4    0  64   4   0   0   0   2   0   3   0   2  17   0   0   0   0   8   0   0   0  1.01 0.27
   12 G    3 -2 -1  1 -2  0 -1 -1 -2  0 -1 -1 -1 -2 -2  2  0 -3 -1  0   39   0   0   8   0   4   0   3   0   9   3   3   0   0   0  19   4   0   2   5  0.23 0.12
   13 V   -1  1 -1 -3 -2 -2 -2 -2 -2  2  1 -1  0  2 -2 -1  1 -2  0  2    3   9   3   0   0   0   0   2   0  18  11   3   0  11   0   4   8   0   2  22  0.12 0.07
   14 E    0  1  0  0 -2  1  0  0  1 -2 -1  2 -1  0 -1  0 -1  1  0 -1   10   8   5   6   0   5   4   6   3   0   7  20   1   7   2   7   2   2   3   2  0.08 0.04
   15 H    1 -2  3 -1 -2  0 -1  2  2 -1 -3 -1 -2 -3 -2  2  2 -3 -1 -2   10   0  21   0   0   4   0  17   6   5   1   0   0   0   0  18  15   0   1   0  0.29 0.12
   16 N    0 -2  2 -2 -2  0 -1 -2 -1  2  0 -1  0  2 -2 -1 -1 -1  2  0   12   1  19   1   0   3   3   1   0  18   7   3   1  12   1   3   2   0  11   5  0.13 0.08
   17 V    0  3 -1 -1 -2  1  0 -2 -1  0  0  0  0 -2 -1  0  0  1  0  1    8  25   0   3   0   6   5   1   0   6   9   3   3   0   2   7   4   2   3  12  0.11 0.06
   18 P    0 -1  1  2 -2  1  2 -1 -1 -2 -2  0 -1 -3  3  0  1 -3 -2 -2    7   2   5  11   0   5  19   4   0   1   1   5   2   1  19   7  10   0   0   1  0.33 0.08
   19 R   -1  5  1  0 -3  0  1 -1 -1 -3 -2  3 -2 -3 -2 -1  0 -3 -2 -2    4  39   6   4   0   1   7   3   0   1   3  20   0   1   1   1   7   0   0   1  0.43 0.13
   20 V   -1  4 -1 -2 -2 -1 -1 -2 -2  0 -1  1  0 -1 -2  0  1 -3 -2  2    2  36   1   1   0   1   1   1   0   3   1   6   2   2   1   5  12   0   0  25  0.31 0.13
   21 F    1  1  0  3 -3  0  1 -2  0 -1 -1  0 -1  0 -2  0 -1 -2  2 -2   14   9   2  23   0   3   6   0   2   3   5   5   1   5   0   8   2   0  10   0  0.16 0.08
   22 K    1  1  1  0 -2  1  1 -2  0 -1 -2  3 -2 -3 -2  1  0 -3 -2 -2   20   5   8   4   0   3  11   0   2   5   2  26   0   0   0   8   3   0   0   0  0.22 0.10
   23 V    1 -2 -1 -2 -2 -1 -2 -1 -2  2  1 -2  2 -1 -1 -1  0 -3 -1  2   17   0   3   0   0   2   2   4   0  20  12   0   7   1   3   0   8   0   2  18  0.13 0.08
   24 L   -1 -3 -3 -3 -2 -2 -3 -3 -3  1  4 -3  2  1 -3  0 -1 -2 -2  2    4   0   0   0   0   0   0   1   0   6  54   0   5   4   0   8   0   0   0  15  0.41 0.14
   25 R    1  1  0  1 -3  2  2 -1  1 -3 -2  2 -2 -3 -1  1 -1 -3 -2 -2   14   6   3   7   0  11  15   2   5   0   4  18   0   0   2  10   1   0   0   0  0.24 0.09
   26 E    0  3  1  2 -3  1  3 -1 -1 -3 -3  1 -1 -4 -2  1 -1 -4 -3 -3    7  18   6  10   0   5  26   3   0   0   0   8   2   0   0  13   1   0   0   0  0.37 0.12
   27 H   -2 -1 -1 -2 -3 -2 -2 -3  4  0  1 -2  0  3 -3 -1 -1 -1  4  1    0   3   1   2   0   0   0   0  13   4  14   0   2  15   0   5   2   0  24  12  0.34 0.13
   28 P   -1 -2 -3 -3 -4 -2 -1  0 -4 -4 -5  0 -4 -5  8 -1 -2 -5 -4 -4    4   2   0   0   0   0   4   6   0   0   0   5   0   0  74   4   2   0   0   0  1.73 0.33
   29 Y   -1  0  0  0 -3  0  3 -2  4 -3 -3 -1 -2  1 -2 -1 -2 -1  4 -3    4   5   2   5   0   3  29   3  15   1   1   1   0   4   1   1   1   0  24   1  0.44 0.15
   30 L   -2 -3 -3 -3 -2 -2 -3 -3 -3  2  1 -3  0  1 -3 -1  1  8  0  1    1   1   0   1   0   0   1   1   0  20  17   1   2   4   1   2  13  25   2   9  0.59 0.15
   31 E    0  0 -1  1 -3  1  3 -2 -1  0  0  1 -1 -2  1 -1 -1 -3 -2  0    8   3   0   7   0   7  31   1   0   5   9  10   0   0   7   1   3   0   0   6  0.22 0.09
   32 D    0  0  1  3 -4  2  4 -1  0 -4 -3  1 -3 -4 -2 -1 -1 -4 -2 -3    8   4   8  16   0   8  39   4   1   0   1   7   0   0   0   1   2   0   1   0  0.48 0.15
   33 L   -2 -3 -5 -5 -3 -3 -4 -5 -4  0  5 -4  1  1 -4 -4 -2  3 -2  0    3   1   0   0   0   0   0   0   0   2  81   0   2   3   0   0   1   5   0   1  0.87 0.25
   34 A    4  4 -2 -3 -3  0 -1 -2 -2 -3 -1  0 -2 -4 -3 -1 -2 -4 -3 -2   51  35   0   0   0   3   2   0   0   0   6   4   0   0   0   0   0   0   0   0  0.64 0.24
   35 R   -1  2  1  3 -4  2  3 -1 -1 -4 -3  2 -3 -4 -2  0 -2 -4 -2 -3    5   9   7  24   0   8  19   3   0   0   1  19   0   0   0   3   0   0   1   0  0.44 0.14
   36 K    0  3 -1  0 -1  2  3 -3  0 -2 -1  2  1 -3 -2  0 -1 -3 -1 -2    5  18   0   3   1  11  24   0   2   1   6  12   6   0   0   6   3   0   1   0  0.28 0.12
   37 V    2 -3 -4 -4 -2 -3 -3  1 -4  1  1 -3 -1 -2 -3 -2 -1 -4 -3  5   21   0   0   0   0   0   0  10   0   0  13   0   0   0   0   0   0   0   0  56  0.52 0.21
   38 R   -1  5  0 -2  1  2  0 -3  0 -3 -2  1  2 -3 -3  1 -1 -4 -3 -3    4  39   3   0   4  12   5   0   3   0   0   7  10   0   0  10   3   0   0   0  0.46 0.17
   39 E    1  2  1  2 -3  2  3  0 -1 -4 -3  2 -2 -4 -2  0 -1 -4 -3 -3   13  11   6   9   0   7  30   7   0   0   0  12   0   0   0   3   2   0   0   0  0.38 0.13
   40 G    1 -3 -3 -3 -2 -1 -2 -3 -4  5  1 -2  0 -2 -3  0  0 -4 -3  2   15   0   0   0   0   2   2   1   0  54   7   1   0   0   0   6   3   0   0   8  0.44 0.18
   41 K   -3  4 -2 -2 -5  0  0 -3 -2 -5 -4  6 -3 -5 -3 -2 -2 -5 -3 -4    0  28   0   0   0   0   2   0   0   0   0  70   0   0   0   0   0   0   0   0  1.22 0.32
   42 L    0  0  1  1 -3  1  2 -2  0 -2  1  1  1 -2 -2  1  0 -3 -2 -2    3   4   6   7   0   4  17   0   1   0  16  10   7   0   0  18   5   0   0   0  0.17 0.09
   43 E   -1  0  0 -1 -3  1  3 -1  5 -3 -2  0 -2 -1 -3  1 -1 -2  3 -3    4   3   2   1   0   3  30   3  19   1   2   6   0   2   0  10   3   0  11   0  0.38 0.15
   44 V    1 -3 -2 -3 -2 -2 -3 -3 -3  2 -1 -2 -1 -2 -3  3  1 -4 -3  4   10   0   0   0   0   0   0   0   0   9   0   0   0   0   0  27  10   0   0  44  0.44 0.20
   45 L    0 -3  0 -3 -2 -2 -3 -3 -3  3  3 -3  1 -1 -3 -2 -1 -3 -2  2   12   0   6   0   0   0   0   0   0  25  34   0   2   0   0   0   3   0   0  15  0.31 0.12
   46 S    1  2  2  1 -3  0  2 -2  0 -3 -3  1 -2 -3 -2  2  0 -3 -2 -2   17  13  12   7   0   0  17   0   1   0   1   9   0   0   0  19   3   0   0   0  0.29 0.11
   47 N   -3  0  6  0 -4  1  0 -2  5 -5 -4  0 -3 -4 -3  0 -1 -5 -2 -4    0   4  52   4   0   6   3   0  20   0   0   4   0   0   0   6   2   0   0   0  0.89 0.25
   48 L   -2 -2 -1 -4 -3 -2 -3 -4 -3  1  5 -2  3 -1 -3 -3 -1 -3 -1  1    0   2   5   0   0   2   0   0   0   4  69   2   7   0   1   0   2   0   2   6  0.59 0.20
   49 D   -2 -1  1  5 -4  1  3 -1  0 -4 -4  1 -3 -5  0  0 -2 -5 -4 -4    0   0   5  48   0   4  18   3   1   0   0  12   0   0   3   7   0   0   0   0  0.73 0.20
   50 Y    0  0  0  1 -3  1  3 -2  1 -2 -2  1 -1  0 -2  0  0 -2  2 -2    7   4   2   6   0   7  27   0   4   1   1   7   2   3   0   8   7   0  12   1  0.23 0.10
   51 Y   -3 -2 -3 -4 -3 -3 -3 -4  1 -1  3 -3  3  0 -4 -1 -2  3  6 -2    0   2   0   0   0   0   0   0   3   0  36   0   9   0   0   7   0   3  41   0  0.74 0.24
   52 I   -2 -3 -4 -4 -2 -3 -4 -5 -4  3  4 -3  2 -1 -4 -3  0 -3 -1  3    0   0   0   0   0   0   0   0   0  20  44   0   4   0   0   0   4   0   1  26  0.58 0.18
   53 E   -1 -1  2  3 -4  1  4 -1  0 -3 -2  1 -2 -3 -2  0 -1 -4 -1 -1    4   0  10  17   0   4  37   3   2   0   3   7   0   0   0   6   0   0   2   5  0.41 0.15
   54 M   -1  2  1 -1 -4  3  3 -2 -1 -1 -1  2  0 -3 -2 -1 -1 -3 -3 -2    3  13   8   0   0  14  27   2   0   6   8  15   3   0   0   0   3   0   0   0  0.32 0.13
   55 T    3 -3 -3 -3 -2 -2 -3 -1 -3 -1  0 -2 -1  4 -3 -1  2 -2 -1  0   40   0   0   0   0   0   0   4   0   0  11   0   0  22   0   0  18   0   0   5  0.38 0.18
   56 M   -1  0 -2 -2  3  1  2 -2 -2  1  0  0  3 -2 -3  0  0 -3 -2  1    2   4   0   0   7   4  24   2   0  10   3   5  15   0   0   5   3   0   0  15  0.18 0.12
   57 K    0  2  0  1 -4  0  3 -2 -1 -4 -3  3 -2 -4 -2  0  0 -4 -3 -3   11  13   5   5   0   1  25   0   0   0   0  31   0   0   0   4   6   0   0   0  0.45 0.16
   58 S    1  1  3 -1 -3  0 -1  0 -2 -3 -3  1  0 -4 -2  4  0 -4 -3 -2    9   7  21   0   0   3   0   6   0   0   0   7   3   0   0  44   0   0   0   2  0.46 0.19
   59 V    1 -3 -4 -4 -2 -3 -3 -3 -4  2  3 -3  1  1 -3 -2 -1 -3 -2  4   16   0   0   0   0   0   0   0   0   5  30   0   2   8   0   0   0   0   0  39  0.44 0.17
   60 E   -2  1 -1 -1 -4  2  4 -3 -2 -2 -2  3 -2 -4 -2 -1  1 -4 -3 -1    0   7   0   0   0  11  42   0   0   3   2  21   0   0   0   0  12   0   0   3  0.55 0.20
   61 R    1  4  0 -1 -3  0  2  0 -2 -3 -3  1 -2 -4 -2  0 -1 -4 -3 -2   17  32   3   2   0   0  21   7   0   0   0   9   0   0   0   6   1   0   0   3  0.39 0.15
   62 I    0  0  5 -1 -3 -1 -2 -2  0  1 -2  2 -2 -3 -3 -1 -1 -4 -3  0    8   4  48   0   0   0   0   0   1  11   3  15   0   0   0   1   2   0   0   6  0.48 0.20
   63 G   -2  0  0 -1 -4 -3 -3  6  2 -5 -5 -1 -4 -5 -4 -2 -3 -4 -4 -5    0   7   4   3   0   0   0  77   6   0   0   4   0   0   0   0   0   0   0   0  1.20 0.28
   64 G    1 -3 -2 -3  4 -3 -3  4 -3  1 -2 -3  2 -3 -3 -2 -2 -4 -3  1   13   0   0   0  12   0   0  45   0  11   0   0   8   0   0   0   0   0   0  11  0.57 0.19
   65 K   -2  2  1  0 -4  1  1 -3  6 -1 -3  2 -2 -1 -3 -1  0 -3  1 -2    0  10   7   4   0   6  10   0  27   6   0  13   0   2   0   1   8   0   4   2  0.37 0.14
   66 A    2 -4 -4 -4  4 -3 -3 -3 -4  0 -1 -3 -1  2  0 -2 -2 -3 -2  4   19   0   0   0  10   0   0   0   0   0   0   0   0  13   5   1   0   0   0  52  0.52 0.22
   67 Y   -3 -3 -2 -4 -4 -2 -2 -4  6  0 -2 -3  1  3 -4 -3 -2 -1  6 -1    0   0   0   0   0   0   2   0  30   5   0   0   5  13   0   0   3   0  39   4  1.00 0.27
   68 F   -3 -2 -4 -5 -3 -3 -4 -4 -3  1  2 -4 -1  3 -4 -3 -2  8  3  0    0   2   0   0   0   0   0   0   0  11  27   0   0  15   0   0   2  24  13   6  0.83 0.21
   69 V    6 -3 -3 -4  1 -3 -3 -2 -3 -2 -3 -3 -2 -4 -3 -1 -2 -4 -3  0   90   0   0   0   3   0   0   0   0   0   0   0   0   0   0   0   0   0   0   7  1.09 0.33
   70 E    0  2  0  0 -4  1  3 -2  1 -4 -4  4 -3 -4 -2  0 -2 -4 -3 -3   10  12   2   4   0   2  19   2   4   0   0  40   0   0   0   5   0   0   0   0  0.49 0.17
   71 N   -2 -2  3  6 -4 -2 -1 -3 -2 -4 -4 -1 -3 -4 -3  0  4 -5 -4 -3    0   0  12  50   0   0   0   0   0   0   0   4   0   0   0   3  31   0   0   0  0.89 0.26
   72 A    4  1 -2 -1 -2 -1 -1  1 -1 -3 -3  1 -2 -4  2  1 -1 -4 -3 -2   50   7   0   3   0   0   1   8   1   0   0  13   0   0   8   9   0   0   0   1  0.43 0.17
   73 E    0  0  0  3 -4  2  4 -2  1 -2 -3  1 -2 -4 -2  0 -1 -4 -3 -3   11   3   2  17   0   7  35   1   4   3   0   8   0   0   0   4   3   0   0   0  0.43 0.14
   74 Q   -2 -2  0  3 -5  1  6 -3 -2 -5 -5 -1 -4 -5 -3 -2 -2 -5 -4 -4    3   0   2  20   0   4  71   1   0   0   0   0   0   0   0   0   0   0   0   0  1.15 0.30
   75 A    6 -3 -3 -3 -2 -2 -2 -2  3 -3 -3 -2 -1 -3 -3 -1 -2 -4  0 -2   86   0   0   0   0   0   0   0   9   0   0   0   1   0   0   0   0   0   4   0  1.02 0.32
   76 R   -2  4  2 -2  3  2 -1 -1 -2 -2  1  0 -1 -3 -3 -1  0 -3 -3 -1    0  29  15   0   9  14   0   6   0   1  15   2   1   0   0   0   4   0   0   3  0.31 0.15
   77 E   -1  2  0  2 -4  1  4 -3 -1 -4 -4  3 -2 -4 -2  0 -2 -4 -3 -2    5  12   2   9   0   1  40   0   0   0   0  21   1   0   0   7   0   0   0   2  0.54 0.18
   78 I   -1 -3 -3 -4 -3  1 -3 -4  1  5  0 -3  1 -2 -4 -2  0 -3  0  2    4   0   0   0   0   8   0   0   5  60   2   0   3   0   0   1   7   0   3   7  0.54 0.21
   79 V    1 -4 -4 -4 -2 -3 -4 -4 -4  4  0 -3 -1 -1 -4 -3 -1 -4 -2  5   13   0   0   0   0   0   0   0   0  30   0   0   0   1   0   0   1   0   0  54  0.72 0.24
   80 G    0  0 -2 -1 -2 -1 -1  1  1 -1  2 -1  0 -1 -3  0  0 -2  2  0   11   7   0   4   0   0   3  15   5   0  31   1   0   0   0   5   4   0  10   5  0.10 0.09
   81 K   -2  2  1  3 -4  1  3  0 -1 -4 -4  3 -3 -4 -2  0 -2 -4 -3 -4    0  10   7  17   0   3  22   6   0   0   0  31   0   0   0   4   0   0   0   0  0.51 0.16
   82 I   -3 -4 -5 -5 -3 -4 -5 -5 -4  6  2 -4  0 -1 -4 -2 -2 -4 -1  1    0   0   0   0   0   0   0   0   0  76  16   0   0   0   0   3   0   0   1   3  0.98 0.28
   83 V    0 -4 -4 -4  2 -3 -4 -4 -4  3  3 -3  0 -1 -4 -3 -2 -3 -2  4    6   0   0   0   4   0   0   0   0  15  34   0   0   0   0   0   0   0   0  41  0.56 0.18
   84 G    0  0 -1 -1 -3  0 -1  4  1 -4 -4  2 -3 -4 -2  1 -2 -3 -3 -3    8   3   1   2   0   3   1  47   5   0   0  19   0   0   0   9   0   0   0   0  0.55 0.16
   85 N   -1  1  2  2 -3  1  1  2 -1 -3 -3  1 -2 -4 -2  1  1 -4 -3 -3    2   6  10  16   0   5  10  16   0   0   0  11   0   0   0  14   9   0   0   0  0.31 0.10
   86 G    1 -1  2  0 -3  0  0  4  3 -4 -4  0 -3 -4 -3  0 -2 -4 -2 -3   15   3  13   4   0   4   5  38  11   0   0   4   0   0   0   4   0   0   0   0  0.47 0.15
   87 K   -1  2  0 -1 -4  3  0 -1 -1 -4 -4  5 -3 -4 -2  1 -2 -4 -3 -2    2   6   3   2   0  13   0   3   1   0   0  58   0   0   0   9   0   0   0   3  0.67 0.23
   88 R   -1  1  0 -2 -2 -1 -1 -3  2  1  0  1  0 -2 -1 -1  2 -3  0  2    1  11   5   0   0   0   3   0   8   5   7  11   2   0   2   0  16   0   3  28  0.15 0.11
   89 V    0 -4 -4 -4 -2 -4 -4 -4 -4  4  1 -4  0  0 -4 -3 -2 -4 -2  5    5   0   0   0   0   0   0   0   0  23   6   0   1   4   0   0   0   0   0  61  0.72 0.23
   90 V    2 -3 -4 -4  1 -3 -3 -3 -4  2  0 -3 -1  1 -3 -2  0 -3 -2  4   19   0   0   0   3   0   0   0   0  14   3   0   0   6   0   0   4   0   0  52  0.50 0.19
   91 M   -2  0 -2 -3 -4 -1 -1 -3 -2 -1  0  5  4  1 -3 -2 -2 -3 -2 -2    0   0   0   0   0   0   0   0   0   3   9  63  18   7   0   0   0   0   0   0  0.71 0.26
   92 G    1 -3 -1 -2 -2 -2 -2  3 -3 -3 -4 -2 -3 -4 -2  5  0 -4 -3 -1    7   0   0   0   0   0   0  24   0   0   0   0   0   0   0  62   0   0   0   6  0.72 0.25
   93 K   -3  0 -2 -3 -5  0 -1 -3 -2 -4 -4  7 -3  1 -3 -2 -2 -4 -3 -4    0   0   0   0   0   0   0   0   0   0   0  94   0   6   0   0   0   0   0   0  1.36 0.36
   94 S    1 -2  3  0 -3 -2 -2 -2 -2 -4 -4 -2 -3 -4 -2  5  1 -4 -3 -3    6   0  15   3   0   0   0   0   0   0   0   0   0   0   0  72   3   0   0   0  0.86 0.28
   95 M   -3 -3  4 -3 -3 -2 -3 -3 -3  0  1 -3  7 -2  2 -2 -2 -4 -3 -1    0   0  24   0   0   0   0   0   0   5   7   0  48   0  13   2   0   0   0   0  0.82 0.29
   96 V    0 -3 -3 -4 -2 -3 -3 -4 -4  1  2 -3  0 -2 -3 -2  2 -4 -2  4    6   0   0   0   0   0   0   0   0   4  19   0   0   0   0   0  20   0   0  51  0.52 0.20
   97 A    2 -2 -2 -3 -2 -2 -2  1 -3 -1  1 -2 -1  2 -2  1  2 -3 -1 -1   27   0   0   0   0   0   0   9   0   0  16   0   0  13   0  15  20   0   0   0  0.26 0.14
   98 Y   -2 -1 -1  1 -4  1  5 -1 -1 -2 -2 -1 -2 -2 -3  0  1 -3  2 -3    0   2   0   4   0   3  51   5   0   3   2   0   0   1   0   8  12   0   9   0  0.50 0.19
   99 E   -3 -2 -2  0 -6  0  7 -4 -2 -5 -5 -1 -4 -5 -3 -2 -3 -5 -4 -4    0   0   0   0   0   0 100   0   0   0   0   0   0   0   0   0   0   0   0   0  1.74 0.41
  100 T   -2 -4 -4 -4  6 -4 -4 -5 -4  5  1 -4  0 -2 -4 -2  1 -4 -3  1    0   0   0   0  19   0   0   0   0  55  12   0   1   0   0   1   9   0   0   3  0.76 0.23
  101 G    1 -1  0 -2 -3 -1  0  5  4 -4 -4 -1 -3 -4 -3  0 -2 -4 -3 -4   10   3   4   0   0   1   7  52  14   0   0   3   0   0   0   6   0   0   0   0  0.69 0.19
  102 I   -3 -4 -5 -5 -3 -4 -4 -5 -4  1  5 -4  2  0 -4 -4 -2 -3 -2  1    0   0   0   0   0   0   0   0   0   4  81   0   3   2   0   0   0   0   0   9  0.91 0.25
  103 R   -2  5  5 -1 -4 -1 -2  0  1 -4 -3  0 -3 -4 -3  0 -1 -4 -3 -4    2  45  33   0   0   0   0   8   3   0   2   2   0   0   0   3   2   0   0   0  0.74 0.23
  104 K   -2 -1  0  3 -4  2  5 -3  1 -4 -4  2 -3 -4  1 -1 -2 -4 -3 -3    1   1   3  16   0   6  46   0   5   0   0  12   0   0   8   2   0   0   0   1  0.66 0.19
  105 Y    0  0 -1 -3 -3 -2 -2 -3  5 -2 -1 -2 -2  4 -4 -2 -2  1  6 -1   10   6   3   0   0   0   1   1  18   1   2   0   0  17   0   0   0   1  35   4  0.64 0.20
  106 L   -3 -4 -5 -5 -3 -4 -5 -5 -4  0  6 -4  2 -1 -5 -4 -3 -3 -3 -1    0   0   0   0   0   0   0   0   0   1  97   0   2   0   0   0   0   0   0   0  1.21 0.31
  107 Q    0  0 -2 -1 -4  2  5 -3  0 -2 -3  2 -2 -2 -2 -1 -2 -4 -3 -1   10   3   0   0   0  11  54   0   2   2   0  10   0   1   0   0   0   0   0   6  0.62 0.21
  108 S    1  2  1  0 -3  2  3 -1  0 -3 -3  2 -2 -2 -2  1 -1 -4 -2 -3   16  11   5   3   0   7  27   1   1   0   0  12   0   2   0  15   0   0   0   0  0.34 0.13
  109 L    0  2  3 -1 -3  0  2 -2  2 -1 -1  3  0 -3 -2 -1 -1 -4 -2 -2    8  10  17   0   0   2  17   0   6   3   8  23   4   0   0   0   0   0   0   1  0.27 0.13
  110 G   -1 -3  1 -1 -4 -3 -3  6 -1 -5 -5 -1 -4 -4 -3  0 -2 -4 -4 -4    0   0   7   1   0   0   0  79   1   0   0   2   0   0   0   8   0   0   0   0  1.26 0.28
  111 N   -2 -2  4 -2  0 -2 -3 -3 -2  2 -1 -1  1 -1 -3 -2 -1 -3  0  3    0   0  34   0   3   0   0   0   0  17   0   4   4   1   0   0   0   0   4  32  0.43 0.20
  112 E   -2  0  0  2 -5  1  6 -3  0 -4 -4  1 -2 -5 -2 -1 -1 -4 -3 -4    0   4   3  11   0   3  65   0   2   0   0   5   1   0   1   2   2   0   0   0  0.91 0.27
  113 V    0  0 -4 -4  0 -3 -4 -4 -4  2  0 -3 -1 -2 -1 -3 -2 -4 -3  6    6   6   0   0   2   0   0   0   0   7   3   0   0   0   2   0   0   0   0  74  0.75 0.27
  114 W   -3 -4 -5 -5 -3 -4 -4 -5 -3  3  1 -4 -1 -1 -4 -4 -2  9  3  3    0   0   0   0   0   0   0   0   0  21  13   0   0   0   0   0   1  30  11  24  1.03 0.26
  115 E   -3 -2  0  3 -5  1  6 -4  0 -5 -5 -1 -4 -5 -3 -2 -3 -5 -4 -4    0   0   3  14   0   3  78   0   2   0   0   0   0   0   0   0   0   0   0   0  1.30 0.35
  116 T   -2 -3 -2 -3 -2 -2 -2 -3 -3 -2 -3 -2 -2 -3 -3  1  7 -4 -2 -2    0   0   0   0   0   0   0   0   0   0   1   0   0   0   0   9  84   0   2   0  1.19 0.34
  117 D   -4 -4 -1  8 -6 -2  1 -3 -3 -5 -6 -3 -5 -6 -3 -2 -3 -6 -5 -5    0   0   0  94   0   0   6   0   0   0   0   0   0   0   0   0   0   0   0   0  1.91 0.42
  118 L   -3 -4 -5 -5 -3 -4 -4 -5 -3  0  5 -4  2 -1 -5 -4 -3 -2  3 -1    0   0   0   0   0   0   0   0   0   0  85   0   3   0   0   0   0   0  12   0  1.04 0.30
  119 G    0 -3 -2 -3 -4 -3 -3  6 -4 -5 -5  0 -4 -5  0 -2 -3 -4 -5 -4    6   0   0   0   0   0   0  82   0   0   0   6   0   0   6   0   0   0   0   0  1.37 0.31
  120 E    0 -2 -2  2 -5  1  6 -3 -2 -4 -2 -1 -3 -4 -3 -2 -2 -5 -4 -4    8   0   0  10   0   2  75   0   0   0   6   0   0   0   0   0   0   0   0   0  1.07 0.32
  121 L   -3  5 -3 -3 -4 -2 -2 -4 -1 -2  1 -1 -1  4 -4 -3 -3  1  4 -2    0  40   0   0   0   0   0   0   0   0  12   0   0  26   0   0   0   2  16   0  0.67 0.22
  122 L   -1 -3 -4 -4 -2 -3 -4 -4 -4  5  2 -3  0 -1 -3 -3 -2 -3 -2  2    3   0   0   0   0   0   1   1   0  55  22   0   0   0   0   1   0   0   0  14  0.64 0.20
  123 I    0 -3 -3 -3 -2 -2 -3 -3 -3  3  2 -3  0 -1 -3 -2 -1 -3 -2  4   10   0   0   0   0   1   1   1   0  16  26   0   0   0   0   1   0   0   0  41  0.43 0.15
  124 Q   -1  1 -2 -2 -4  7  0 -1 -1 -4 -3  0 -1 -4 -1 -2 -2 -3 -3 -3    3   7   0   0   0  75   0   5   0   0   1   0   1   0   3   1   0   0   0   1  1.16 0.33
  125 F   -2 -2 -3 -4  2 -2 -3 -4 -3  2  4 -3  1  1 -3 -2 -1  0 -1  0    1   3   0   0   6   1   0   1   0  10  58   0   0   7   0   3   3   1   0   4  0.44 0.16
  126 A    2  1  0  0 -2  0  0  1  2 -2 -2  1  1 -3 -2  1  0 -3 -2 -2   26   7   4   6   0   3   3  10   6   2   1   7   7   0   0  13   3   0   0   1  0.16 0.08
  127 D   -1  0  2  1 -3  0  0  3  2 -2 -3  1 -2 -3 -1 -1  1 -3 -2 -2    1   3  14   9   0   2   3  27   6   3   1  14   0   0   2   1  12   0   0   3  0.27 0.10
  128 E   -2 -2 -1  4 -4  0  4  1 -2 -4 -3  0 -3 -4 -1 -1 -1 -4 -3 -3    0   0   0  34   0   2  32  14   0   0   2   5   0   0   2   2   3   0   0   2  0.59 0.18
  129 P   -1  3 -1 -1 -3  0  2 -2  0 -2 -2  3 -1 -3  3 -1  0  1 -2 -2    2  18   0   2   0   0  14   1   3   3   1  21   2   0  18   1   8   2   0   2  0.37 0.12
  130 P   -2 -3 -3 -1 -4 -2 -2 -3  0  0 -3 -2 -3 -4  8 -1 -2 -4 -3 -3    1   1   0   3   0   0   1   1   3   7   1   1   0   0  75   4   1   0   0   1  1.74 0.31
  131 S    0 -2 -1 -2 -2 -1 -2 -2 -2 -2 -2 -2  4 -3  2  4  1 -3 -3  0    6   0   0   0   0   0   0   1   0   0   1   0  15   0   9  52   5   0   0   9  0.49 0.21
  132 H   -1 -2  0 -3 -4 -1 -2 -3 10 -4 -4 -2 -3 -3 -3 -2 -3  2  0 -4    7   1   2   1   0   0   1   1  79   1   1   1   0   0   1   1   1   3   0   1  1.81 0.38
  133 I   -2  0 -2 -3 -2 -2 -3 -4 -3  5  0 -2  1 -1  3 -2 -1 -3 -2  1    1   7   2   1   0   0   1   1   0  56   4   1   4   2  15   2   1   0   0   3  0.51 0.19
  134 I   -1 -1 -3 -3 -2 -2 -3 -3 -3  3  2 -2  0 -1 -3 -2  0  1 -2  3    3   3   0   1   0   0   1   1   0  25  20   1   0   0   1   1   6   3   0  33  0.36 0.13
  135 A    3 -2 -2 -2 -2 -2 -2  1 -2  0  0 -2  2 -1 -2  1 -1 -3 -2  1   39   0   0   0   0   0   1   9   0   4   9   1   8   2   0  11   1   0   0  12  0.24 0.13
  136 P   -1 -3 -3 -3 -4 -2  0 -3 -3 -3 -4 -2 -3 -4  8 -2 -2 -4 -4 -2    5   1   0   1   0   0   6   1   0   1   1   1   0   0  78   1   1   0   0   3  1.86 0.33
  137 A    6 -3 -2 -1  0 -2 -2 -1 -3 -3 -3 -2 -2 -3 -2  1 -1 -4 -3 -2   80   0   0   2   2   0   1   1   0   0   1   1   0   0   0   9   1   0   0   1  0.87 0.28
  138 V   -2 -3 -3 -4 -2 -3 -3 -4 -4  5  2 -3  1 -1 -3 -1 -1 -3 -2  3    1   0   0   0   0   0   0   1   0  50  19   0   2   0   0   7   0   0   0  17  0.56 0.19
  139 H   -3 -2  1 -2 -4 -2 -2 -3 10 -5 -4 -3 -3 -3 -4 -3 -3 -4  0 -5    1   0   6   2   0   0   0   2  85   0   1   0   0   0   0   0   0   0   0   0  2.14 0.44
  140 M   -1  0 -2 -2 -2 -1 -2 -3 -2  1  2  2  3  0  0 -2  0  0 -1  1    1   5   1   1   0   1   1   1   0   5  26  17  16   2   5   1   6   2   2   9  0.17 0.10
  141 T   -1  0  2  1 -2 -1 -1 -1 -2 -2 -3  1 -2 -3  2  1  3  2 -2 -2    1   5  14   8   0   1   1   4   0   1   1  11   0   0   9  13  26   4   0   1  0.29 0.12
  142 R   -2  5 -2 -2 -3  0  0 -3 -2  0 -2  3  0 -3 -2 -2 -2 -3 -2  1    1  42   1   1   0   1   4   1   0   7   2  23   2   0   1   1   1   0   0  12  0.50 0.17
  143 E    0 -1 -1  2 -3  1  4  0  1 -3 -2  0  0  0 -1  0 -2 -3 -1 -3    8   0   0   9   0   3  45   7   3   0   2   3   3   4   2   5   0   0   2   0  0.39 0.16
  144 R   -2  2  0  3 -4  3  3 -2  2 -3 -3  1 -2 -4 -2  0 -2 -3 -2 -3    1  14   2  20   0  15  24   1   7   0   1   7   0   0   0   5   0   0   0   1  0.48 0.15
  145 I    1 -3 -3 -3 -2 -3 -3 -1 -3  4  0 -2  0 -2 -3 -2 -1 -3 -2  4   13   0   0   0   0   0   1   6   0  39   1   3   0   0   0   1   1   0   0  33  0.44 0.18
  146 R    4  1  0 -2 -2  0  0  2 -2 -3 -3  0 -2 -3 -2  1 -1 -3 -3 -2   49  11   4   0   0   2   5  14   0   0   1   2   0   0   0   7   1   0   0   1  0.39 0.16
  147 E   -1  2 -1  2 -3  2  4 -2  1 -3 -3  2 -2 -3 -2  0  0 -3 -2 -2    4  11   0  12   0  10  32   2   3   0   1  11   0   0   0   2   5   0   0   4  0.39 0.13
  148 L   -1 -3 -3 -3 -2 -3 -3 -4 -3  3  3 -3  1  0 -1 -1  0 -3 -2  2    4   0   0   1   0   0   0   0   0  26  38   0   1   2   2   6   3   0   0  14  0.36 0.14
  149 I   -2 -3 -4 -4 -3 -3 -4 -4 -3  1  3 -4  1  5 -4 -3 -2 -2  0  2    0   0   0   0   0   0   0   0   0   7  32   0   2  37   0   0   0   0   0  19  0.65 0.20
  150 K    0  3  2 -1 -3  0  0 -2  3 -2 -2  2 -2 -3 -1  1  0 -3 -2  0    7  19  13   0   0   2   3   0  10   0   1  15   0   0   2  13   4   0   0   9  0.24 0.11
  151 E    0  1  1  2 -3  1  4  0 -1 -3 -1  2 -2 -3 -2 -1 -1 -3 -3 -2    6   6   5  10   0   4  36   6   0   0   8  16   0   0   0   1   2   0   0   1  0.34 0.13
  152 K   -1  1  0 -1 -2  0  1 -2  3 -2 -1  3 -2  1  1  0 -1 -3 -1 -1    2   8   2   3   1   0  11   0  11   0   5  28   0  10   6   4   3   0   0   3  0.22 0.11
  153 L    0  0 -3 -3 -2 -2 -2 -3  0  1  3 -2  3  2 -1 -1 -1 -2  0  0    8   5   1   1   0   0   1   1   3   6  41   1  13   9   3   3   2   0   2   1  0.25 0.12
  154 G   -1 -2  1  0 -3  0  0  5 -2 -4 -4  0 -3 -4 -1 -1 -2 -3 -3 -3    2   1   6   5   0   4   5  61   0   1   1   6   0   0   3   3   1   0   0   1  0.75 0.19
  155 V    0 -1 -2 -2 -2 -1  0  0 -2  1  1  0  0 -1 -2 -1  1 -2  1  1    4   3   0   0   0   2   5   8   0  11  14   7   2   1   0   1  16   0   8  17  0.08 0.07
  156 D   -1  0  2  4 -4  1  4 -1 -1 -3 -3  0 -3 -4  0 -1 -2 -4 -3 -3    4   5   9  29   0   4  31   3   0   0   1   5   0   0   4   1   0   0   0   1  0.52 0.16
  157 P   -1 -1 -2 -2 -2 -1  0  0 -2  1  1  0 -1 -2  3 -1 -1 -3  0  2    1   2   1   1   0   0   7   9   0   7  14   6   0   0  20   1   2   0   4  24  0.22 0.10
  158 G    0 -1  1  1 -3  0  1  3 -2 -3 -3  0 -3 -3  3  1  0 -3 -3 -3    8   2   9   8   0   2   7  22   0   0   1   3   0   0  17  15   4   0   0   0  0.37 0.11
  159 D   -1 -1  2  3 -1  0  1 -2 -2 -2 -3 -1 -3 -3  4  0  0  3 -3 -2    3   3  12  23   1   2  11   0   0   2   1   0   0   0  23   5   6   5   0   2  0.49 0.15
  160 K   -1  0  1  4 -3 -1  2  0 -2 -3 -3  0 -2 -3 -2  1  1 -3 -3 -1    2   6   6  35   0   0  11   6   0   1   1   3   0   0   1   8  14   0   0   4  0.39 0.13
  161 H    0 -3 -2  2 -3 -2 -2 -3  1  1 -2 -2 -2 -3  6 -2 -1 -4 -3 -1    9   1   1  13   0   0   1   1   5  14   1   1   0   0  47   1   2   0   0   3  0.87 0.21
  162 E    2  1 -1  0 -2  1  3 -2  1 -2 -2  0 -2 -3  0  0  0 -3 -1  0   24   6   2   2   0   7  26   1   4   2   1   4   0   0   3   3   7   0   2   6  0.22 0.11
  163 D    1 -1 -1  1 -3  1  3 -1 -1 -2 -2  0 -2 -2 -2  0 -1 -2  2  0   18   2   2  10   0   6  27   3   0   0   2   5   0   0   0   2   2   0  11   9  0.22 0.12
  164 I   -1 -3 -3 -3 -2 -2  0 -4 -3  3  3 -3  4 -1 -3 -3 -2  3 -2  0    5   0   0   0   0   0   7   0   0  28  37   0  13   0   0   0   0   5   0   1  0.45 0.17
  165 V    2 -3 -2 -3  0 -2 -2 -2 -3  1  0 -2  2 -2 -2  0  2 -3 -2  3   19   0   0   0   2   0   0   0   0   2   6   0   8   0   0   5  21   0   0  34  0.31 0.16
  166 K    2  2  0 -1 -2  2  1  1  2 -2 -2  1 -2 -3 -2  0 -1 -3 -1 -2   22  13   4   2   0  10  12   9   8   2   4   5   0   0   0   6   0   0   2   0  0.19 0.09
  167 V    2  1 -1  0  0  0  0  0 -2  0 -1  0 -1  1 -2  0  0 -2 -1  0   29   8   0   5   2   5   6   5   0   6   2   6   0   8   0   2   7   0   1   6  0.08 0.07
  168 A    3 -3 -3 -3 -2 -1 -1 -2 -3  1 -1 -2  0 -2 -3 -1  0 -4 -2  4   32   0   0   0   0   2   5   2   0   5   2   0   1   0   0   0   4   0   0  45  0.41 0.19
  169 R   -3  7 -2 -3 -5 -1 -2 -2 -2 -4 -4  2 -3 -4  0 -2 -3 -4 -3 -4    0  77   0   0   0   0   0   2   0   0   0  12   0   0   5   0   0   0   0   0  1.32 0.34
  170 E    1  0  0  2 -3  1  4 -2  0 -3 -2  2 -2 -3 -2  1 -1 -4 -3 -3   15   5   3  10   0   5  33   0   2   0   3  14   0   0   0   8   1   0   0   0  0.37 0.14
  171 F   -1 -1  0  2 -3 -1  0 -3  2 -1  0 -1 -1  4 -3 -1 -1 -1  1 -2    4   2   6  16   0   0   7   0   7   1   8   4   1  32   0   2   4   0   4   2  0.27 0.13
  172 L   -2 -3 -4 -4 -2 -3 -4 -4 -3  3  4 -3  3 -1 -4 -1  0 -3  0  1    0   0   0   0   0   0   0   0   0  18  51   0  10   0   0   5   6   0   5   5  0.53 0.19
  173 R   -1  7 -2 -3 -5 -1 -2 -4 -2 -3 -1  2  1 -4 -4 -2 -3 -4 -3 -2    5  75   0   0   0   0   0   0   0   0   8   7   3   0   0   0   0   0   0   2  1.18 0.34
  174 Q   -1  1  1  2 -4  2  4 -1  2 -3 -4  1 -3 -4 -1  0 -2 -4 -3 -1    1   5   7  10   0   8  40   5   5   0   0   7   0   0   2   4   0   0   0   5  0.46 0.17
  175 K   -1  1 -1  1 -4  2  2 -3 -2 -4 -2  5 -3 -4 -3 -1 -2 -4 -3 -3    3   2   2   7   0   8  11   0   0   0   5  61   0   0   0   2   0   0   0   0  0.74 0.26
  176 F   -2 -4 -4 -5 -3 -4 -4 -4 -2  2  1 -4  0  6 -5 -2 -3 -1  4  0    2   0   0   0   0   0   0   0   0  12  13   0   2  52   0   3   0   0  13   3  0.88 0.25
  177 L    0 -2  0  0 -2 -1  1 -3 -1  1  2 -2  0  2 -3 -1 -1 -2 -1  1    8   0   4   5   0   0  13   0   2   6  34   0   1  11   0   4   2   0   0  10  0.15 0.10
  178 T    0  2  0  0 -3  1  2 -1  1 -3 -3  3 -2 -4 -2  1  1 -4 -2 -3    7  11   3   1   0   4  21   3   5   0   0  24   0   0   0   9  11   0   0   0  0.34 0.12
  179 A    5 -2 -3 -3  2 -2 -2 -2 -3 -2 -2 -2  0 -3 -2  0  1 -4 -3 -1   75   1   0   0   6   0   0   0   0   2   2   0   3   0   0   4   7   0   0   0  0.75 0.27
  180 D   -2  0  0  6 -4  1  2  0 -1 -4 -4  0 -4 -4 -3 -1 -1 -5 -2 -4    0   4   2  57   0   6  11   6   1   0   0   6   0   0   0   3   3   0   1   0  0.81 0.22
  181 I    1 -3 -3 -4 -2 -3 -3 -1 -3  3  0 -3  1  1 -3 -2 -1 -3  0  4   19   0   0   0   0   0   0   3   0  17   6   0   2   7   0   0   2   0   4  41  0.35 0.15
  182 G    1 -4 -2 -3 -3 -3 -4  6 -4 -3 -4 -3 -3 -4 -4 -2 -3 -4 -4  0   11   0   0   0   0   0   0  78   0   0   0   0   0   0   0   0   0   0   0  11  1.22 0.29
  183 I   -2 -4 -5 -5 -3 -4 -4 -5 -5  6  1 -4  3 -2 -4 -4 -2 -4 -3  3    0   0   0   0   0   0   0   0   0  68   5   0   7   0   0   0   0   0   0  20  0.96 0.27
  184 T   -1 -3 -1 -2 -3 -2 -2 -3 -3 -3 -3 -2 -3 -4 -3  4  6 -4 -3 -2    0   0   1   0   0   0   0   0   0   0   0   0   0   0   0  32  67   0   0   0  1.06 0.33
  185 G    0  0 -2 -1 -4 -3 -3  6 -3 -5 -5 -3 -4 -5 -4 -1 -3 -4 -5 -5    4   6   0   4   0   0   0  84   0   0   0   0   0   0   0   2   0   0   0   0  1.39 0.30
  186 A    4 -3 -3 -4  6 -3 -3 -1 -3 -2 -2 -3 -2 -3 -3  0 -1 -4 -3  1   56   0   0   0  24   0   0   2   0   0   0   0   0   0   0   3   1   0   0  14  0.79 0.26
  187 N    0 -2  7  0  1 -2  0 -2 -1 -4 -2 -2 -3 -4 -4 -1 -2 -5 -4 -2    8   0  73   1   4   0   5   0   0   0   6   0   0   0   0   0   0   0   0   3  1.04 0.31
  188 A    3 -3 -3 -3 -2 -3 -3 -2 -3 -1  0 -3  0  5 -3  0 -2 -2  0  1   40   0   0   0   0   0   0   0   0   1   7   0   1  32   0   8   0   0   0  11  0.47 0.20
  189 V    3 -3 -3 -3 -2 -2 -3  0 -3  2  1 -3  1  1 -3 -1 -1 -3 -2  2   34   0   0   0   0   0   0   9   0  16  13   0   4   6   0   0   0   0   0  18  0.27 0.13
  190 A    3 -3 -3 -3 -2 -2 -3 -2 -3  3  0 -2 -1 -2 -3  1 -1 -4 -3  3   39   0   0   0   0   0   0   0   0  19   4   0   0   0   0   9   0   0   0  28  0.42 0.18
  191 A    6 -3 -3 -3 -2 -1 -1 -2 -3 -3 -3 -2 -2 -4 -1  0 -2 -4 -3  0   86   0   0   0   0   1   4   0   0   0   0   0   0   0   1   1   0   0   0   6  0.96 0.31
  192 D   -2 -1  0  5 -5  1  4 -3  0 -5 -5  0 -4 -5 -3  0 -2 -5 -4 -4    0   1   2  42   0   5  40   0   2   0   0   2   0   0   0   6   0   0   0   0  0.93 0.25
  193 A   -1 -2  1  1 -3 -2  0 -3 -3 -3 -3 -1 -2 -4  0  2  5 -4 -3 -2    1   0   5   7   0   0   5   0   0   0   0   1   0   0   4  13  63   0   0   1  0.73 0.26
  194 G   -2 -4 -2 -3 -4 -4 -4  7 -4 -6 -6 -3 -5 -5 -4 -1 -3 -4 -5 -5    0   0   0   0   0   0   0  98   0   0   0   0   0   0   0   2   0   0   0   0  1.84 0.37
  195 S    2 -1 -1 -1  0 -1  1 -1 -2 -3 -3 -1 -2 -3 -2  3  3 -1 -3 -2   23   1   0   1   2   1   8   3   0   0   0   0   0   0   0  29  30   1   0   0  0.44 0.19
  196 I   -1 -4 -4 -4  1 -3 -4 -3 -4  4  1 -3  2  1 -4 -2 -1 -3 -2  3    4   0   0   0   3   0   0   2   0  42   8   0   4   7   0   1   1   0   0  28  0.48 0.17
  197 V    0 -3 -2 -4  3 -3 -3 -4 -4  2  1 -3  1  2 -3 -2 -1  0 -1  4    6   0   1   0   8   0   0   0   0   6  11   0   4  13   0   1   2   1   0  48  0.42 0.17
  198 L   -2 -3 -2 -4 -2 -3 -4 -5 -4  3  4 -3  2 -1 -4 -3 -1 -3 -2  2    0   0   2   0   0   0   0   0   0  15  59   0   3   0   0   0   4   0   0  17  0.62 0.19
  199 V   -1 -3 -3  1  5 -3 -3 -4 -4  2  1 -3 -1 -1 -3  0 -1 -4 -2  4    0   0   0  11  15   0   0   0   0  13  11   0   0   2   0   7   0   0   0  42  0.42 0.17
  200 E   -1 -2 -1 -1 -3  0  4 -1  4 -4 -4 -1 -3 -4  0  1  3 -4 -2 -3    4   0   0   0   0   0  44   3  12   0   0   0   0   0   4   7  26   0   0   0  0.60 0.23
  201 N    0  0  7 -1 -4 -2 -2  0 -1 -5 -5 -2 -4 -5 -3  2 -1 -5 -4 -4    6   4  68   0   0   0   0   7   0   0   0   0   0   0   0  15   0   0   0   0  1.06 0.30
  202 E   -2 -2 -2  0 -5  0  7 -4 -2 -5 -5 -1 -4 -5  2 -1 -2 -5 -4 -4    0   0   0   0   0   0  85   0   0   0   0   0   0   0  11   4   0   0   0   0  1.38 0.36
  203 G   -2 -4 -2 -1 -4 -3 -4  7 -4 -6 -5 -3 -4 -5 -4 -1 -3 -4 -5 -5    0   0   0   4   0   0   0  94   0   0   0   0   0   0   0   2   0   0   0   0  1.71 0.35
  204 N   -3 -2  7 -1 -4  2 -2 -2 -1 -4 -2 -2 -3 -4 -3 -1 -2 -5 -3 -4    0   0  80   0   0  11   0   0   0   0   5   0   0   0   0   0   0   0   0   0  1.32 0.33
  205 I    2 -3 -2 -3 -2 -2 -1  2 -3  3 -1 -2 -1 -2 -3 -1 -1 -3 -2  2   24   0   0   0   0   0   4  22   0  28   1   0   0   0   0   0   0   0   0  17  0.30 0.14
  206 R   -2  7 -2  3 -5 -1 -1 -2 -2 -5 -4  0 -3 -5 -4  0 -2 -5 -4 -4    1  74   0  18   0   0   0   2   0   0   0   0   0   0   0   5   0   0   0   0  1.18 0.32
  207 M   -3  2 -4 -4 -3 -2 -3 -5 -3  1  4 -1  5  2 -4 -3 -2 -3 -2 -1    0  17   0   0   0   0   0   0   0   4  41   2  26   9   0   0   0   0   0   0  0.65 0.27
  208 S    1 -3 -2 -1  3 -2 -2  2 -3  0  0 -2 -1 -3 -2  1  2 -3 -3  1   15   0   0   3   9   0   0  15   0   5   8   0   0   0   0  11  20   0   0  14  0.23 0.14
  209 S   -1 -2 -1 -2 -2  1 -2 -2  1 -1  0 -2 -2 -3 -3  3  4 -4 -3 -1    2   1   1   0   0   8   0   2   5   4   9   0   0   0   0  23  43   0   0   3  0.45 0.24
  210 V    0 -2  1 -2 -2 -1  0  0  0  0  1 -2  1 -2 -2  2  3 -3 -2  1    3   0   8   0   0   0   5   6   2   1  16   0   5   0   0  17  23   0   0  14  0.18 0.14
  211 V    0 -3 -4 -4 -2 -1 -3 -4 -4  1  4 -3  3 -1 -4 -2 -1 -3 -2  2   11   0   0   0   0   3   0   0   0   2  58   0   8   1   0   3   1   0   0  13  0.52 0.22
  212 P    0 -4 -4 -3 -4 -3 -3 -4 -4 -4 -5 -1 -4 -5  8 -3 -3 -5 -5 -4    6   0   0   0   0   0   0   0   0   0   0   3   0   0  87   0   0   0   0   0  2.33 0.48
  213 P   -2  0 -1  4 -4  0  1 -3 -2 -4 -3  2 -3 -4  5 -1 -1 -4  0 -4    2   3   1  25   0   2   6   0   0   0   3  17   0   0  33   1   2   0   5   0  0.73 0.24
  214 V    0 -2  0 -3 -2 -2 -3 -3 -3  1  1  0  0 -2 -3 -1  2 -3  1  3    6   0   5   0   0   0   0   0   0   3  16   6   1   0   0   0  21   0   7  35  0.29 0.18
  215 H   -4 -2 -1 -3 -5  2 -2 -4 10 -5 -1 -3 -3 -3 -4 -3 -4 -4  1 -5    0   0   2   0   0   8   0   0  80   0   7   0   0   0   0   0   0   0   3   0  2.05 0.52
  216 I   -3 -5 -5 -5 -3 -4 -5 -5 -5  6  2 -4  0 -2 -4 -4 -2 -4 -3  3    0   0   0   0   0   0   0   0   0  70  17   0   0   0   0   0   0   0   0  13  1.08 0.34
  217 S    3 -3 -3 -3  3 -3 -3 -3 -1  1 -1 -3  1 -3 -3  1  0 -4 -3  3   31   0   0   0   6   0   0   0   2   5   3   0   3   0   0   9   4   0   0  37  0.40 0.21
  218 I   -1 -4 -4 -4  1 -3 -4 -4 -3  3  2 -3  0 -1 -4 -1 -1  4  1  4    2   0   0   0   3   0   0   0   0  18  16   0   1   1   0   4   2   6   6  40  0.49 0.22
  219 T    1 -3 -3  0  2 -3 -3 -4 -4  1 -1 -3  5  1 -4 -2  0 -3 -2  4   13   0   0   6   5   0   0   0   0   4   0   0  23   6   0   0   5   0   0  36  0.48 0.27
  220 G   -2  1 -2  0 -4 -3 -3  6 -4 -5 -5 -3 -4 -5 -2  0 -2 -5 -5 -5    0  10   0   6   0   0   0  76   0   0   0   0   0   0   1   5   2   0   0   0  1.28 0.39
  221 V    0 -3 -4 -3 -3 -2  0 -4 -4  4  1 -3  4 -1 -4 -3 -1 -4 -2  3    7   0   0   0   0   0  10   0   0  31  11   0  19   2   0   0   1   0   0  21  0.48 0.24
  222 E    0 -2 -1  4 -5  0  6 -3 -2 -4 -4 -1 -4 -5 -3 -2 -3 -5 -4 -4    7   0   0  28   0   0  61   0   0   0   0   0   0   0   0   0   0   0   0   0  1.15 0.38
  223 K   -1  2 -2 -2 -5  3  1 -3 -2 -5 -4  6 -3 -5 -3 -2 -3 -5 -4 -4    6   8   0   0   0  13   6   0   0   0   0  67   0   0   0   0   0   0   0   0  1.08 0.39
  224 I   -2 -4 -4 -4 -3 -4 -4 -5 -4  5  1 -4  0  0 -4 -1  1 -4 -2  3    0   0   0   0   0   0   0   0   0  50  11   0   0   4   0   5   8   0   0  22  0.68 0.28
  225 L    1 -4 -4 -5 -2 -4 -4 -4 -4  2  1 -4 -1  1 -4 -3 -2 -4 -2  5   12   0   0   0   0   0   0   0   0  10  10   0   0   6   0   0   0   0   0  62  0.75 0.31
  226 P    0 -3 -4 -3 -4  1  0 -4 -4 -4 -4  0 -4 -5  7 -1 -3 -5 -5 -1    7   0   0   0   0   6   4   0   0   0   0   6   0   0  68   3   0   0   0   6  1.60 0.43
  227 N    0 -1  0  1 -3  0  0  0  2 -3 -3  1 -2 -4 -2  2  4 -4 -3 -2    5   3   3   7   0   2   6   5   7   0   0   7   0   0   0  16  38   0   0   1  0.40 0.22
  228 L   -2  0 -4 -2 -3 -3 -3 -4 -2  1  3 -3  2  3 -4 -3 -2  3  0  3    0   6   0   3   0   0   0   0   1   6  35   0   5  13   0   0   0   4   3  25  0.42 0.20
  229 E   -1  0 -2  1  2  1  4  0 -1 -2 -2  0 -2 -3  2 -1 -2  0  1 -2    4   4   0   5   6   6  37   6   1   2   3   4   0   0   9   1   0   1   7   2  0.33 0.19
  230 Y   -3 -3 -1  5 -4 -1  3 -3  4 -3  0 -2 -3 -3 -3  0 -2 -5 -1 -1    0   0   0  44   0   0  22   0  11   0  13   0   0   0   0   6   0   0   2   4  0.72 0.30
  231 A    5 -3 -3  0  1 -2 -2  1 -3 -2 -3 -2 -3 -4 -1  1 -1 -4 -4 -1   65   0   0   6   3   0   0  12   0   1   0   0   0   0   2   7   1   0   0   3  0.69 0.31
  232 I   -2 -3 -4 -4 -2 -2 -3 -4 -3  2  2 -1  3  2 -2 -3 -1  0 -1  3    2   0   0   0   0   1   0   0   0  12  20   6  10  13   1   0   2   1   0  32  0.40 0.20
  233 Y    0  0 -1 -1 -2 -1 -1  1 -2  0  1  1  1  2 -2  0 -1 -2  0  0    6   5   3   2   0   1   2  10   0   5  18  11   5  16   1   7   3   0   1   3  0.06 0.07
  234 E    1  0 -2 -1 -2  0  1 -2 -2  2  0 -1  0 -2 -2  0  1 -3 -2  2   11   5   1   2   0   5  14   1   0  14   9   1   2   0   1   6   8   0   0  20  0.11 0.09
  235 A    2  2 -1 -2  2 -1  0 -2 -2  0 -1 -1 -1 -3 -2  1  1 -3 -2  1   25  16   1   0   6   0   8   0   0   5   4   0   0   0   1  10  11   0   0  11  0.17 0.13
  236 L    0  1 -1  0  0 -1  1 -3  0  0  3  0  3 -1 -3 -2 -1 -3 -2  0    7   8   2   6   2   0  11   0   3   3  35   6  11   0   0   0   1   0   0   3  0.17 0.14
  237 V   -1 -3 -4 -4 -2 -3 -3 -3 -4  1  4 -3  0 -1  1 -3 -1 -3 -2  3    3   0   0   0   0   0   0   2   0   1  49   0   0   0   7   0   2   0   0  32  0.56 0.24
  238 Q    2  0 -1  0  0  3  1 -2 -2 -1 -2  0 -2 -3  0  0  2 -3 -3 -2   28   4   1   4   2  21   6   0   0   5   1   6   0   0   4   3  14   0   0   0  0.28 0.17
  239 A    1  4 -2 -2 -3  1 -1 -1 -2 -2 -2  0  0 -3 -1  2  1  4 -2 -1   14  32   0   0   0   6   0   4   0   0   1   0   3   0   3  17   7   6   0   6  0.35 0.19
  240 A    3  1 -1 -2 -2 -2 -2  0 -3 -1 -2 -2 -2 -3  0  3  1 -4 -3  0   31   8   2   0   0   0   0   6   0   3   3   0   0   0   4  32   5   0   0   5  0.35 0.21
  241 Y    2  0 -2 -3 -3 -2 -2  1 -1 -3 -3  0 -2  2 -3  0 -1  0  5 -1   23   7   0   0   0   0   0  12   0   0   0   6   0   6   0   5   3   1  33   3  0.44 0.23
  242 A    4 -2 -1 -3 -2 -2 -2  0  1 -2  0 -1 -2 -2 -2  0  3 -3 -2  0   41   0   2   0   0   0   0   6   4   0   8   3   0   2   0   0  26   0   0   7  0.37 0.23
  243 G    1 -3 -1 -2 -3  0  0  6 -3 -4 -4 -2 -3 -4 -3 -1 -1 -4 -4 -1   14   0   1   0   0   6   6  62   0   0   0   0   0   0   0   0   3   0   0   5  0.87 0.29
  244 L   -1  1  1  0 -3  3  0  0 -1 -1  0  1 -1  0 -2 -1 -1 -2  2 -1    3   7   6   7   0  20   5   6   0   1  15   6   0   3   0   3   3   0  11   2  0.13 0.12
  245 Y   -1  1  0  2 -3 -1  0  0 -1 -2 -2  0  0  1  2 -1 -1  1  3 -1    3   9   5  13   0   0   4   6   0   0   2   7   3   5  12   1   4   2  16   6  0.17 0.11
  246 P   -1 -3 -1 -3 -3 -2 -3 -3 -3  2  2 -3  2 -1  5 -2 -1 -3 -3  2    3   0   3   0   0   0   0   1   0  13  19   0   6   1  32   1   3   0   0  16  0.56 0.20
  247 P   -2 -2 -1 -2 -3 -2  0 -3 -3 -3 -1  0 -3 -4  6  0  3 -4 -3 -3    1   0   2   0   0   0   6   1   0   0   6   6   0   0  44   6  26   0   0   0  0.93 0.29
  248 T    1 -1  1 -2 -2 -1 -1  0 -2 -2 -2 -1 -2 -3  0  2  4 -3 -2  0    9   2   6   1   0   2   1   7   0   1   1   3   0   1   3  22  36   0   0   6  0.36 0.18
  249 Y    0 -3 -4 -4 -4 -3 -3 -4 -1 -3 -3 -3 -2  3 -4 -3 -3  0  8  0    7   1   0   1   0   0   1   1   0   1   1   1   0   7   1   1   1   0  72   6  1.53 0.43
  250 I   -1 -3  1 -3 -2 -2 -3 -3 -3  3  1 -3  1 -1  0 -1  2 -3 -2  2    3   0  10   0   0   0   0   0   0  27  16   0   4   1   6   1  14   0   0  16  0.28 0.16
  251 N    0 -2  4 -1 -3 -2 -1 -1 -2 -3 -3 -2 -3 -4  1  3  2 -4 -3 -1    7   0  31   0   0   0   2   3   0   0   0   0   0   0   6  27  18   0   0   5  0.52 0.25
  252 V    0 -2 -2 -2 -2 -1 -2  0  2  1  0  0  2  1 -2 -1  0  4  0  1    9   0   0   0   0   0   1   9   9   9   9   9   9   9   0   1   9   8   0   9  0.13 0.12
  253 T   -1 -3 -2 -3 -2 -2 -3 -3  0  3  1 -3  0  3  0  0  0  3  2  1    2   0   2   0   0   0   0   0   3  26  11   0   0  16   6  13   6   4   6   6  0.23 0.14
  254 S    1  1  2  0 -1 -1 -1  1 -1 -3 -2  0 -2 -3 -2  3  2 -3 -2 -2    9   7  10   5   1   0   2  10   1   0   2   6   0   0   0  28  16   0   0   2  0.25 0.13
  255 G   -1 -1 -2 -2 -4 -2 -3  6 -3 -4 -4  1 -3 -4 -3 -1  0 -4 -4 -4    0   3   0   0   0   0   0  73   0   0   1  11   0   0   0   3   5   0   0   0  1.08 0.30
  256 P   -1 -3 -3 -3 -3 -2 -2 -2 -3 -2 -1 -1 -3 -4  7 -2 -1 -4 -3  0    3   1   0   1   0   0   1   2   0   1   6   3   0   0  68   1   3   0   0  10  1.47 0.32
  257 S   -1  3  0  1 -2  0  1 -2 -2 -1 -1  0 -2 -3 -2  3 -1 -3 -2 -2    2  23   2   7   0   2   6   1   0   5   6   2   0   0   0  38   1   0   0   2  0.31 0.18
  258 S    0  2  0 -1 -3  1  1 -2 -1  0 -2  3 -1 -3 -1  1  0 -3 -2 -1    7  12   4   0   0   4   9   1   0   6   3  31   0   0   2  13   2   0   0   5  0.24 0.13
  259 T    0  0 -1  1 -2 -1  0  2 -1 -2 -3 -1 -2 -3 -1  0  4 -3 -3 -2    5   6   0   8   0   2   4  18   1   0   1   0   0   0   2   3  47   0   0   1  0.43 0.21
  260 G    2 -2 -1 -1 -2  0 -1  4 -2 -3 -3 -1 -2 -3 -2  1  1 -3 -3 -2   24   1   1   3   0   5   4  38   0   1   1   3   0   0   1  10   8   0   0   1  0.43 0.16
  261 D   -2  0  0  5 -3  0  2 -2  0 -2 -1  0 -2 -3 -2 -1  1 -3 -2 -2    1   3   2  44   0   2  12   1   2   1   7   7   0   1   1   1  10   0   1   1  0.46 0.16
  262 V   -1 -2 -3 -2 -2 -1 -2 -3 -3  5  0 -2  0 -1  0 -2 -1 -3 -2  2    3   2   1   2   0   3   1   1   0  56   3   1   0   1   6   1   2   0   1  15  0.47 0.19
  263 E    0 -1 -1  2 -3  0  4  1 -1 -3 -3 -1  0 -3 -2  0 -1 -3 -2 -2    6   1   1  14   0   1  47  10   0   1   2   1   4   1   1   6   1   0   1   1  0.47 0.17
  264 Q   -1  0  0  0 -2  2  0  0  0 -1  0  2  1  0 -1  0 -1 -2 -1 -1    4   2   3   6   1  11   2   7   2   1  10  26   6   4   1   8   2   0   2   2  0.10 0.07
  265 K   -1  1  0 -1 -1  0 -1 -2  0  1  0  1  1 -1 -1  0  0 -2  0  1    2  11   4   2   1   2   2   2   2   7   8  11   4   1   2   9   7   0   3  19  0.05 0.04
  266 R    0  2 -1  0 -2  0  0 -2  0  0  1  1  2 -1 -1 -1  0 -2 -1  0    7  19   1   7   1   1   6   2   2   8  13   6  13   1   1   2   7   0   1   3  0.08 0.06
  267 V   -1 -2 -2 -2 -1 -2 -2 -2 -2  1  2 -2  0 -1 -2 -1  1  3 -1  3    2   1   1   1   1   1   2   2   1   6  27   2   1   1   1   2  14   5   1  29  0.21 0.10
  268 S    0  0  1  0 -2  1  0 -1  1 -2 -1  1 -1 -1  1  1  0 -1  1 -1    9   5   6   6   0   6   5   2   5   1   6  14   0   1   6  11   7   0   9   1  0.11 0.04
  269 P    0 -1  0  0 -2 -1 -1  3 -2 -2 -1  0 -1 -2  3 -1  0 -2 -2 -1    7   1   6   6   0   1   1  33   0   1   9   5   0   1  14   2   5   0   1   6  0.27 0.08
  270 A    3 -2  0 -1 -1 -1  0  1 -2 -1 -1 -1  3 -2 -1  2  0 -2 -2  0   33   1   3   1   0   1   5   9   0   1   2   1  14   1   1  17   1   0   1   7  0.20 0.12
  271 H   -1  0 -1  0 -2  1  1  0  5 -2 -1  0  1 -1 -2 -1  0 -1  2 -2    2   5   1   5   0   6   8   6  24   1   6   6   5   2   1   1   7   0  11   1  0.23 0.11
  272 G   -1 -3 -1 -2 -3 -2 -3  6 -3 -4 -4 -2 -3 -3  0  0 -2 -3 -3 -3    1   1   1   1   0   1   1  78   0   1   1   1   0   1   5   5   1   0   0   1  1.14 0.27
  273 P    1 -2 -2 -2 -2 -2 -2  0 -2 -1 -2 -2 -2 -2  6 -1 -1  5 -1 -2   13   1   1   1   0   1   1   7   0   5   3   1   0   1  47   3   1  10   2   1  0.87 0.18
  274 K   -1  3 -1 -1 -3  2  1  0 -1 -2 -2  3 -1 -3 -2  1  0 -3 -2 -1    3  26   1   1   0   9  10   5   0   1   1  22   0   1   1  10   3   0   0   6  0.29 0.11
  275 E    0  3  0  1 -3  1  4 -2 -1 -3 -3  0 -2 -3 -2  0  0 -3 -3 -2    6  20   2   5   0   2  48   1   0   0   1   2   0   0   0   6   4   0   0   2  0.51 0.18
  276 F   -2 -2 -3 -3 -2 -2 -2 -3 -1  1  2  0  2  4 -3 -2 -1 -1  1  2    1   0   0   0   0   0   0   1   2   5  21  10   8  26   0   1   0   0   3  21  0.27 0.13
  277 H   -2 -2  0  1 -1 -1  0 -3  7  0 -2 -2 -2 -1 -3 -2 -2 -2  3  0    2   0   2  10   2   0   6   1  45   6   3   0   0   0   0   1   0   0  11   9  0.59 0.21
  278 L    0 -3 -3 -3 -2 -2 -3 -3 -3  2  2 -2  2  2 -3 -2 -1 -2 -1  3   11   0   0   0   0   0   1   1   0  10  19   0   8  10   0   1   0   0   0  37  0.29 0.13
  279 I    0 -2 -2 -2 -1  1 -1 -2 -2  3  0 -1  0 -1  2 -1 -1 -3 -2  3   11   1   0   1   0  12   1   1   0  28   1   1   0   0  11   1   1   0   0  30  0.19 0.06
  280 L    1 -2 -2 -2 -1 -2 -2 -2 -2  2  1 -2  0  2 -2  1  0 -1  0  1   15   1   1   1   0   1   1   1   0  15  16   1   0  15   1  15   1   0   0  15  0.09 0.04
  281 V    1 -1 -1 -1 -1 -1  1 -2 -2  1  1 -1  0 -1 -1  1  1 -2 -2  1   13   1   1   1   0   1  13   1   0  13  14   1   0   0   1  13  13   0   0  13  0.09 0.05
  282 D   -1 -1  2  5 -3  0  2  2 -1 -3 -3  1 -3 -3 -2 -1 -1 -3 -3 -3    1   1   9  47   0   1   9  15   0   1   1   9   0   1   1   1   1   0   0   1  0.54 0.12
  283 N   -1 -1  2  2 -3 -1  1  1  3 -2 -2 -1 -2  2 -2 -1  1 -1  2 -2    1   1  12  12   0   0  12  12  11   1   1   1   0  12   1   1  12   0  11   1  0.19 0.09
  284 G    0 -4 -3 -1 -4 -3 -3  6 -4 -4 -4 -1 -4  0  0 -1  0 -4  0 -4    7   0   0   2   0   0   0  62   0   0   1   3   0   4   5   2   7   0   4   0  0.99 0.45
  285 R   -4  7 -3 -4 -5  0 -1 -2 -3 -1 -4  1 -4 -2 -2 -3 -4 -5 -4 -4    0  71   0   0   0   2   4   3   0   4   1   7   0   2   2   0   0   0   0   0  1.50 0.68
  286 R   -1  2 -2 -3 -1  0 -1 -1 -3  0  0 -1  2  0 -2  3  2 -4 -3  0    4  15   0   0   1   4   3   3   0   5   7   3   7   4   1  23  15   0   0   5  0.24 0.28
  287 K    0  1  0  1 -4  3  3 -1  0 -4 -3  2 -3 -4 -1  0 -1 -4 -1 -2    6   6   5   8   0  12  22   4   2   0   3  14   0   0   3   7   4   0   2   2  0.34 0.29
  288 A    3 -1 -1 -1 -3  0 -1 -3  2  1  0 -1  3  0  0  0  0 -4 -3 -1   28   4   2   3   0   5   2   0   6   9   7   2   8   4   4   6   6   0   0   4  0.21 0.26
  289 N    1 -1  0 -1  0  0 -1 -1  0  1  1 -1  1 -1  0  1  0 -3 -1  0   13   4   5   3   2   4   3   3   3   7  20   2   3   2   3  12   4   0   1   5  0.06 0.11
  290 E    1  1  0  0 -3  1  1 -1  0 -1 -1  2  0 -1  0  0 -1 -3 -1 -1   15   9   3   4   0   4  13   4   2   2   8  13   2   3   4   4   3   0   2   3  0.10 0.13
  291 D   -1  0  1  3  1  0  1  0  1 -1 -2  0  0 -3  0  0  0 -4 -3 -3    5   7   8  23   3   4   9   8   4   4   4   5   3   0   3   7   4   0   0   0  0.21 0.19
  292 P    0  0  1  0 -2  1  0  0  2  0 -1  0  1 -2  1  0  0 -3 -2  0    6   6   6   6   0   6   6   6   6   6   6   6   6   0   6   6   6   0   0   6  0.06 0.08
  293 V    0  0 -1  2 -3  1  1 -1  0  1 -1  1 -1 -2 -1  0  0  0 -1  0    8   4   1  13   0   7  10   4   2  10   6  10   0   1   2   6   4   1   1   9  0.08 0.08
  294 L   -1 -2 -3 -3 -4 -1 -1 -2  1  1  2 -2  0  5 -3 -3 -2 -1  4 -1    5   2   1   1   0   3   5   4   3   6  19   2   2  26   1   1   1   1  13   3  0.43 0.23
  295 R   -2  3  0  0 -4  0  2 -2 -3 -2 -2  3  0 -1 -2 -1 -2  4 -1 -1    3  15   3   5   0   4  14   3   0   2   3  23   2   3   2   4   1   7   2   4  0.34 0.21
  296 E   -1 -2  0  4 -5  2  5 -4  0 -2 -4  0 -4 -5 -2 -1 -2 -5 -3 -4    5   1   4  24   0  11  35   0   2   3   1   5   0   0   1   3   2   0   1   1  0.77 0.35
  297 A    3 -2 -3 -2  0 -1 -2 -2 -3  1  1 -3  0 -1 -2  1  0 -4 -2  1   32   1   0   1   1   3   2   3   0  10  14   0   2   2   2  11   6   0   1   9  0.26 0.18
  298 L   -2 -2 -2  1 -3 -2 -2 -2 -1  1  4 -2  1 -1 -4  1 -1 -3  0  0    2   2   1   7   0   1   3   3   1   6  44   1   3   1   0  12   3   0   4   3  0.33 0.20
  299 L   -1  2  3 -1 -4  1  0 -3  1 -3  0  3 -1 -2 -2  2 -2  0 -1 -3    2  13  13   2   0   6   5   0   3   1  10  19   1   2   2  17   1   1   2   1  0.30 0.19
  300 C   -5 -8 -8 -9 11 -8 -9 -8 -8 -6  1 -8 -6 -7 -8 -6 -6 -7 -7 -5    0   0   0   0  86   0   0   0   0   0  14   0   0   0   0   0   0   0   0   0  3.75 0.91
  301 I   -2 -3 -3 -4 -4 -4 -5 -4 -5  5  0 -3  3 -2  3 -2  0 -5 -2  3    2   2   1   1   0   0   0   1   0  38   8   1   7   1  14   2   4   0   1  17  0.72 0.30
  302 R   -3  4 -1 -1 -5  0 -1 -1  5 -3  1  3 -1 -4 -4 -2 -1 -5 -3 -3    1  24   2   4   0   3   2   6  15   1  17  19   1   0   0   2   3   0   0   1  0.55 0.27
  303 C   -5 -8 -8 -9 11 -8 -9 -8 -8 -6  1 -8 -6 -7 -8 -6 -6 -7 -7 -5    0   0   0   0  86   0   0   0   0   0  14   0   0   0   0   0   0   0   0   0  3.75 0.91
  304 G   -2 -3 -2 -5 -6 -3 -5  7  0 -7 -7 -3 -3 -4 -6 -2  0 -6 -1 -4    2   1   2   0   0   1   0  76   2   0   0   1   1   1   0   3   5   0   3   1  1.65 0.52
  305 R    1  1 -1 -2 -2  0 -1 -1 -2 -1 -1  3  0  2 -3  0 -1 -3  1  0   14   9   2   1   1   3   2   5   0   3   7  22   2  10   0   5   4   0   4   6  0.17 0.14
  306 C   -4 -5 -5 -5 11 -5 -5 -5 -5 -4 -4 -5 -4 -5 -5 -4 -4 -5 -5 -4    1   1   1   1  87   1   1   1   0   1   1   1   0   1   1   1   1   0   0   1  3.50 0.75
  307 H   -1  0  0 -2 -2  2 -1 -2  1  0  1 -1  2 -1 -2  0  1  0  0  1    5   7   3   2   0  10   2   3   3   4  16   2   9   1   1   5  12   2   4   9  0.10 0.10
  308 F    1 -1  1  1 -3 -1  0 -1 -2  1 -1  0 -1 -1  1  1  0 -2 -1  0   12   2   6   7   0   2   7   2   1  14   3   6   1   3   6  13   6   1   2   7  0.08 0.08
  309 H    0 -3 -1 -2 -4 -1  0 -1  3 -1 -3 -2 -3 -3  3  0  1 -1  0  3    9   1   3   1   0   1   6   5   9   1   1   2   0   1  17   7   9   1   3  22  0.32 0.21
  310 C   -6 -9 -8 -9 12 -8 -9 -8 -8 -7 -7 -9 -7 -8 -8 -6 -6 -8 -8 -6    0   0   0   0 100   0   0   0   0   0   0   0   0   0   0   0   0   0   0   0  4.59 1.05
  311 P   -4 -4 -3 -6 -7 -6 -3 -6 -2 -7 -5 -5 -7 -8  9 -3 -4 -8 -7 -5    1   1   1   0   0   0   1   0   1   0   1   0   0   0  89   1   1   0   0   1  2.84 0.78
  312 V    1 -4 -4 -5 -4 -4 -4 -5 -4  2 -1 -4  2  1 -5 -2  3 -2 -3  5   10   1   1   0   0   1   1   0   0  12   6   1   4   5   0   3  18   1   0  35  0.74 0.41
  313 Y   -1 -3 -2 -4  2 -4 -5 -2 -1 -3 -1 -4 -2  4 -5 -1 -1  0  8 -3    5   1   3   1   5   0   1   4   1   2   6   1   1  14   1   5   5   1  43   2  1.20 0.53
  314 R    0  3  2 -1 -1  2  0  0 -2  0  0  2 -1 -2 -2 -1 -1  1 -2 -2    7  19   9   3   2   9   4   6   1   5  10  11   2   2   1   3   3   2   1   2  0.19 0.17
  315 V    1  0 -1 -1  2  0  2 -3 -2  0  1  0 -1 -2 -2 -1  0 -2 -3  2   13   4   2   3   4   5  15   2   1   5  12   6   1   1   1   3   4   1   0  17  0.16 0.16
  316 L   -1 -3 -1 -1 -3 -2  0 -3 -2  1  1 -1  0 -1  1  1  3 -2  1  1    4   1   2   4   0   1   6   1   1   7  13   3   2   2   6  10  22   1   4  10  0.21 0.19
  317 D   -1 -1  1  1  0 -1  0  5 -1 -4 -3  0 -4 -4 -1 -2 -2 -2 -4 -4    6   3   5   9   2   3   6  45   2   1   3   5   0   1   3   3   2   1   0   1  0.71 0.35
  318 G   -1  1  2  1  1  0  0  1 -1 -1 -1  1  1 -1  0 -1  0  1 -1 -1    4   8  12   8   4   4   4  12   1   3   6   8   4   2   5   3   4   2   2   3  0.09 0.08
  319 K   -3 -1 -1  2 -1  0  4 -4  3 -1 -1  1 -3  0 -1 -1 -2 -4  1 -2    2   3   3   9   2   3  33   1   6   3   6   8   0   3   3   4   1   0   5   3  0.44 0.27
  320 W    1 -1 -2 -1 -3 -1  1 -1 -2  0 -1 -2  0  3  1  1  0  4  1 -1   10   3   2   3   0   2  10   4   1   4   6   2   3  16   7  10   6   5   4   3  0.18 0.14
  321 G   -1  2 -2 -2 -1 -1  0  3  0 -2 -1  0  0  0  0  0 -1 -1  2 -1    6  13   1   2   1   2   6  21   2   3   5   5   2   3   4   6   4   1   9   3  0.18 0.13
  322 D   -1  0  1  1 -2  0 -1  3  1 -2 -2  1  0 -1 -1  0  0 -2  0 -1    4   5   6   8   1   3   4  22   3   2   4  10   2   3   3   5   7   1   3   5  0.15 0.11
  323 P    0  1 -1 -1 -4 -1 -1 -3 -1 -3 -2 -2  0  1  4  2  0  3  1 -2    7   7   3   3   0   2   3   2   1   2   4   2   2   5  24  17   4   4   5   2  0.41 0.25
  324 P   -1  2 -2 -1 -2  0  0 -2  0  1  0  1  0 -2  2  0  0 -1  0  1    6  11   1   2   1   3   5   2   3   9   8   9   2   2  12   5   5   1   3  11  0.12 0.10
  325 Y    0  3 -2 -2 -4  0 -2 -2  0  0  0 -1  0  1 -3 -1 -1 -1  6 -1    7  14   2   2   0   5   2   3   2   6   8   3   3   5   2   4   3   1  25   5  0.41 0.24
  326 S    0  1 -1  0 -2 -1 -1  0 -2 -1  1 -1  2 -2  2  0  0 -2 -3  0    7   8   3   6   1   2   3   6   1   3  17   3   5   2  12   8   7   1   1   5  0.12 0.11
  327 G    1 -2 -1 -2 -4 -2 -2  5 -2 -3 -3  0 -2 -3 -3  1 -3 -1 -4 -3   12   2   2   3   0   2   3  47   1   2   3   6   1   1   1   9   1   1   1   2  0.74 0.35
  328 P   -1  0 -2 -2 -5 -2 -2  0 -4 -3 -2  3 -3 -4  6 -3 -4 -2 -3 -2    5   5   2   3   0   2   3   9   0   2   4  15   1   1  40   2   1   1   1   4  0.87 0.45
  329 M   -2  4 -4  0 -4 -1 -2 -4 -1  3  1  0  5 -3 -4 -2 -3 -5 -4  0    4  22   0   5   0   3   2   1   1  18  13   5  13   1   1   2   1   0   0   6  0.52 0.31
  330 G    2 -1 -1 -1 -4  0 -2  5 -3 -3 -2  0 -1 -4  0 -1 -4 -5 -3 -2   18   4   2   3   0   4   2  39   1   2   4   7   2   1   4   4   1   0   1   3  0.58 0.33
  331 A    2  3 -2 -2 -3 -1  0 -2 -2  0  0  1  1 -1 -1  0 -1 -4 -2  1   19  15   1   1   0   3   6   3   1   5  11   8   4   3   3   6   2   0   1   9  0.17 0.16
  332 M    0  0 -1 -1 -2 -2 -1 -2 -2  3  2 -2  3 -1 -2 -2 -2 -1 -2  2    6   5   3   3   1   2   4   4   1  19  16   3   9   3   2   2   2   1   1  13  0.23 0.17
  333 W   -2  0 -3 -3 -2 -2 -2 -3 -3  1  3  1  3  1  0 -3 -2  6  1 -1    4   5   1   2   1   2   3   2   0   6  27   9   7   7   5   1   2  10   4   3  0.42 0.26
  334 S    1  1  1  3 -3  0  1 -1 -1 -2 -1  1  0 -3 -3  1  1 -4 -2 -2   13   7   5  15   0   3   8   3   1   2   6   8   2   1   1  13   8   0   1   2  0.20 0.18
  335 G    2  0 -2  0 -4 -1 -1  2 -1 -2 -1  0 -2 -1  3  0 -2 -2  2 -2   16   5   1   4   0   3   4  18   2   2   5   5   1   2  14   6   1   0   8   2  0.26 0.21
  336 I   -1 -1 -1 -1 -3  0  0 -1  1  1  2  0  1  3 -3 -1 -1 -3 -1  1    6   4   2   3   0   4   7   4   3   6  19   7   3  12   1   3   2   0   1  12  0.13 0.13
  337 V   -1  0 -1  1 -3 -1 -1 -2 -1  2  1 -1  2 -1 -2  0  2  0 -1  0    4   6   3   8   0   2   4   2   2  12  17   4   5   3   1   5  14   1   1   7  0.11 0.12
  338 Y    0 -1 -1  2 -5  1  3 -2  0  0 -1  0  0 -2 -1 -1 -2 -2  2 -2    8   2   3  10   0   6  24   3   2   5   7   5   2   2   3   4   2   1   8   2  0.26 0.23
  339 N    0  1  0  2 -4  0  2  2 -1 -2 -2  1  0 -2  0 -1 -1 -5 -2 -3    9   9   4  11   0   3  12  17   1   3   5  10   2   2   5   4   3   0   1   1  0.20 0.18
  340 D    0 -1 -1  4 -4 -1  2 -2 -2  0 -1  0  0  0 -2 -1  0 -4 -1  0    9   3   2  21   0   2  13   3   1   4   7   6   2   4   2   5   7   0   2   7  0.21 0.19
  341 Y    1  0 -1  1 -2  0  1 -1 -2 -1 -1  1  1  0  1  0  0 -3  1 -1   12   5   3   7   1   4  12   4   0   4   5   8   4   4   8   7   4   0   5   4  0.09 0.11
  342 K    0 -1 -1  3 -5  0  2 -3  3 -3 -1  2 -2 -2  1  0 -2  0 -1 -2    7   3   2  14   0   4  13   2   7   1   8  13   1   1   7   6   2   2   2   3  0.25 0.23
  343 P    0 -1  0  1 -1  0  0 -1  4 -1  0  0 -1 -1  1  1  0  2 -1 -2    9   3   3   7   1   4   6   3  11   3   9   6   2   3   7  11   4   3   2   3  0.12 0.14
  344 A    3 -5 -3 -2 -2 -3 -4  0 -3  2  2 -4  0  0  0  0 -2 -2 -3  1   28   0   1   2   1   1   1   6   0  11  18   0   2   4   6   8   2   0   1   8  0.37 0.29
  345 L   -2 -3  0  2 -5 -2 -1 -2  1 -3  0 -3  2  2 -2  1 -1  6  4 -2    3   1   4  14   0   1   4   3   3   1  10   1   5   8   2   9   4  10  13   2  0.42 0.29
  346 L    0  1 -1  0 -3 -1 -1 -2  0 -2  2  0  1 -1 -4  1  1 -4  3 -2   10  10   2   5   0   3   3   3   2   1  21   6   4   2   0   9   8   0  10   2  0.17 0.19
  347 C   -7 -10 -10 -10 12 -10 -11 -10 -10 -8 -8 -10 -9 -10 -10 -2 -5 -10 -10 -8    0   0   0   0  96   0   0   0   0   0   0   0   0   0   0   3   1   0   0   0  4.72 1.59
  348 S   -3 -3 -3 -6 -5 -4 -6 -4 -6  2  4 -5  1 -1 -6  0  4 -6 -4  1    2   1   1   0   0   1   0   1   0   9  35   0   3   3   0   7  28   0   0   9  0.83 0.49
  349 H   -3  0  3  0 -5 -2  1  1  3 -3  1 -3  3 -2 -5 -1  2 -5 -3 -3    2   5  15   5   0   2   9  12   6   1  15   0   8   2   0   5  13   0   0   1  0.35 0.30
  350 A   -4 -10 -6 -10 12 -5 -10 -9 -10 -8 -8 -10 -8 -10 -10 -3 -5 -9 -9 -8    2   0   0   0  94   1   0   0   0   0   0   0   0   0   0   2   1   0   0   0  4.58 1.55
  351 G   -3  3 -2 -4 -7  0 -3  6 -4 -6 -2  2 -1 -2 -7 -3 -4 -7  0 -7    1  15   2   1   0   4   2  52   0   0   4  10   2   2   0   2   1   0   3   0  1.13 0.59
  352 N    3  4  2 -4  1  1 -2 -2 -2 -3 -1  0 -1 -5 -5  1  0 -6 -2 -2   21  22   9   0   3   7   2   3   1   1   6   5   1   0   0  11   4   0   1   2  0.44 0.34
  353 C   -8 -11 -10 -11 12 -10 -11 -10 -10 -8 -9 -10 -9 -10 -10 -8 -8 -10 -10 -8    0   0   0   0 100   0   0   0   0   0   0   0   0   0   0   0   0   0   0   0  5.05 1.67
  354 R    0 -2  1  0 -5  0  4 -4 -3 -2 -4  0 -1 -5 -5  1  2 -6 -3  1    7   2   7   5   0   4  29   1   0   2   1   4   1   0   0  11  15   0   1  11  0.49 0.37
  355 E    0 -1  0  1 -5  0  3 -3 -1 -2 -3 -1 -2  0 -1  1  2 -3  2  0    6   3   4   8   0   3  20   1   2   2   2   3   1   4   3   9  14   0   8   7  0.26 0.24
  356 V    2 -1  1 -5 -5 -4 -3 -4 -3  1 -3 -1 -2 -4 -6 -2  1 -7 -3  5   19   4   8   0   0   1   1   1   1   5   2   5   1   0   0   2   9   0   1  40  0.73 0.46
  357 C   -8 -11 -10 -11 12 -10 -11 -10 -10 -8 -9 -10 -9 -10 -10 -8 -8 -10 -10 -8    0   0   0   0 100   0   0   0   0   0   0   0   0   0   0   0   0   0   0   0  5.05 1.67
  358 P   -5 -9 -9 -8 -10 -5 -5 -7 -9 -10 -10 -8 -9 -10  9 -4 -6 -11 -10 -9    1   0   0   0   0   1   1   0   0   0   0   0   0   0  95   2   0   0   0   0  3.50 1.39
  359 M    2 -2 -2 -5  0  0 -3 -5 -3 -2 -3 -2  6 -4 -6  4 -1 -6 -1  2   15   2   2   0   2   4   1   0   1   1   1   2  18   0   0  30   4   0   2  14  0.76 0.50
  360 K   -3  0  2  1 -7  0  0  5  0 -8 -7  2 -5 -7 -6 -2 -5 -7 -7 -6    2   4   8   8   0   3   7  47   3   0   0  14   0   0   0   3   0   0   0   0  1.05 0.55
  361 I   -4 -1 -5 -8 -6 -5 -8 -8 -8  6 -1 -6 -2 -6 -6 -7 -4 -8 -6  6    1   4   1   0   0   0   0   0   0  41   6   0   1   0   0   0   1   0   0  45  1.69 0.73
  362 N   -3  0  3  4 -3  1 -1 -3 -1 -6 -7  2 -6 -8  5 -2 -3 -8 -7 -7    2   4  12  23   1   6   4   1   2   0   0  14   0   0  27   2   1   0   0   0  0.99 0.55
  363 I   -2 -6 -3 -6 -5 -5 -6 -3 -3  5  2 -6  0  0  0 -5  1 -5  4  3    2   0   1   0   0   0   0   2   1  27  16   0   2   4   5   0   8   0  15  16  0.77 0.43
  364 P    1 -1 -3  1 -5 -3 -3  2  2 -3 -2 -2  0 -3  4  0  1 -6 -3 -1   11   4   1   8   0   1   1  16   5   1   3   2   2   1  21   7   9   0   1   5  0.39 0.29
  365 K   -1  2 -1  3 -6  3  3 -1  2 -6 -4  2 -5 -6 -5 -1 -1 -6 -2 -5    6  11   2  18   0  12  20   5   4   0   2  12   0   0   0   4   4   0   1   0  0.58 0.38
  366 V   -2 -4 -5 -6 -5  0 -4 -6 -2  4  4 -3  4 -1 -6 -4 -2 -3 -2  1    3   0   0   0   0   4   1   0   1  24  38   1   9   3   0   1   2   0   1  10  0.85 0.44
  367 L   -4 -6 -2 -7 -5 -6 -7 -7 -3  6  2 -5  3  2 -7 -4 -3  1  0  3    1   0   3   0   0   0   0   0   1  38  18   0   7   7   0   1   1   2   3  18  1.05 0.50
  368 E    0  2 -2 -1 -2  2  3 -1  3 -2  0  0  0 -1 -3 -1 -2 -4  1 -2   10  10   1   4   1   9  18   4   8   2  10   6   2   2   1   4   1   0   5   3  0.21 0.20
  369 Y    2  2  0  0 -5  0  2 -3  2 -2 -3  3 -2 -3 -3 -1 -1 -2  1 -2   16  10   3   5   0   4  17   1   4   2   3  17   1   1   1   4   2   1   6   3  0.32 0.26
  370 L    3 -4 -2 -5 -2 -4 -3 -1 -1  2  2 -5  2 -2 -5 -2 -1  2 -4  1   30   1   2   0   1   0   1   6   2  13  19   0   6   1   0   2   4   3   0  10  0.49 0.34
  371 K   -3  8 -3 -7 -9  0 -4 -7 -3 -8 -5  3 -4 -6 -7 -4 -5 -8 -3 -6    2  69   1   0   0   3   1   0   1   0   1  18   0   0   0   1   1   0   1   0  2.12 0.92
  372 N    2  2  1 -2 -5  2  2  0  1 -3 -4  2 -2 -3 -4  0 -1 -5 -3 -3   21  13   6   1   0   8  13   6   3   1   1  13   1   1   0   7   3   0   0   1  0.39 0.30
  373 K    0  3 -1  2 -5  3  3 -3  0 -3 -3  2 -2 -4 -4 -1 -2 -6 -3 -2    8  16   2  12   0  11  21   1   2   2   2  12   1   0   0   3   2   0   1   3  0.49 0.33
  374 Y    1 -4 -4 -5 -4 -1 -4 -4 -1  2  3 -2  3  1 -5 -3 -3  0  4  1   12   1   1   0   0   3   0   1   1  10  30   3   7   5   0   1   1   1  17   7  0.56 0.35
  375 F    0 -1 -3 -2 -2 -1 -1 -3 -2  1  1 -2  1  0 -3 -1  0  2  0  3   10   4   1   1   1   3   4   1   1   6  12   2   3   3   1   5   7   3   3  29  0.22 0.20
  376 S    1  3 -1  0 -3  2  3 -2 -1 -4 -3  3 -3 -5 -4  1  0 -5 -4 -4   11  14   1   4   1   9  18   2   1   1   2  20   0   0   0  10   5   0   0   0  0.48 0.33
  377 M    1  1 -1 -2 -2  3  1 -3 -2  0  1  1  3 -3 -3  0 -1 -4 -2  0   11   9   2   1   1  15   7   1   1   6  11   8   8   0   0   8   2   0   1   6  0.20 0.20
  378 M    0  0 -1 -3 -4  0  0  4  1 -1  0  1  0 -1 -4 -1 -2 -4 -2 -1    6   5   3   0   0   5   7  32   3   4  11   9   3   2   0   2   1   0   1   5  0.27 0.21
  379 R   -2  3  1  1 -4  1  0  1  0 -2 -2  3 -2 -4  0 -2 -1 -2 -2 -2    1  21   8   6   0   4   6   9   2   2   3  21   1   0   4   1   2   1   1   4  0.32 0.23
  380 A    2  0  0 -2 -3  0  0  2 -3 -2 -2  2  0 -2 -1  1  1 -4 -3 -1   22   5   3   1   0   3   4  16   0   2   4  15   3   1   2   8   8   0   0   4  0.21 0.18
  381 G   -2 -2 -2 -2 -4  0 -2  4 -1 -4 -4  0 -4 -5  2  2  2 -5 -4 -2    1   1   1   1   0   5   1  38   1   0   1   7   0   0   9  20  12   0   0   2  0.61 0.33
  382 T    1 -1  0  0  0 -1 -1  0 -2 -1  0  0  1 -1 -1  2  2 -3 -1 -1   11   3   5   5   2   1   1   8   0   3   9   4   4   2   2  21  15   0   2   1  0.13 0.13
  383 K    1  3 -1 -2 -4  1  0 -3 -2 -4 -3  4 -3 -4 -2  2  0 -4 -1 -3   11  16   2   0   0   4   5   0   0   0   1  37   0   0   1  15   4   0   2   1  0.55 0.29
  384 E   -3  3 -2  1 -5  2  4 -4 -2 -5 -5  5 -4 -5 -3 -2 -3 -5 -4 -4    0  12   0   6   0  10  28   0   0   0   0  44   0   0   0   0   0   0   0   0  0.97 0.37

                      K         Lambda
Standard Ungapped    0.1381     0.3193
Standard Gapped      0.0410     0.2670
PSI Ungapped         0.1429     0.3175
PSI Gapped           0.0437     0.2670
