
Last position-specific scoring matrix computed, weighted observed percentages rounded down, information per position, and relative weight of gapless real matches to pseudocounts
           A  R  N  D  C  Q  E  G  H  I  L  K  M  F  P  S  T  W  Y  V   A   R   N   D   C   Q   E   G   H   I   L   K   M   F   P   S   T   W   Y   V
    1 M   -1 -1 -2 -3 -1  0 -2 -3 -2  1  2 -1  5  0 -2 -1 -1 -1 -1  1    0   0   0   0   0   0   0   0   0   0   0   0   0   0   0   0   0   0   0   0  0.00    0.00
    2 K   -1  2  0 -1 -3  1  1 -1 -1 -3 -2  4 -1 -3 -1  0 -1 -3 -2 -2    0   0   0   0   0   0   0   0   0   0   0   0   0   0   0   0   0   0   0   0  0.00    0.00
    3 N   -1  0  5  1 -3  0  0  0  1 -3 -3  0 -2 -3 -2  1  0 -4 -2 -3    0   0   0   0   0   0   0   0   0   0   0   0   0   0   0   0   0   0   0   0  0.00    0.00
    4 F   -2 -3 -3 -3 -2 -3 -3 -3 -1  0  0 -3  0  6 -3 -2 -2  1  3 -1    0   0   0   0   0   0   0   0   0   0   0   0   0   0   0   0   0   0   0   0  0.00    0.00
    5 S    1 -1  1  0 -1  0  0  0 -1 -2 -2  0 -1 -2 -1  4  1 -3 -2 -2    0   0   0   0   0   0   0   0   0   0   0   0   0   0   0   0   0   0   0   0  0.00    0.00
    6 P   -1 -2 -2 -1 -3 -1 -1 -2 -2 -3 -3 -1 -2 -3  7 -1 -1 -4 -3 -2    0   0   0   0   0   0   0   0   0   0   0   0   0   0   0   0   0   0   0   0  0.00    0.00
    7 L   -1 -2 -3 -3 -1 -2 -3 -4 -3  1  4 -2  2  0 -3 -2 -1 -2 -1  1    0   0   0   0   0   0   0   0   0   0   0   0   0   0   0   0   0   0   0   0  0.00    0.00
    8 C    0 -3 -3 -3  8 -3 -4 -2 -3 -1 -1 -3 -1 -2 -3 -1 -1 -2 -2 -1    0   0   0   0   0   0   0   0   0   0   0   0   0   0   0   0   0   0   0   0  0.00    0.00
    9 C    0 -3 -3 -3  8 -3 -4 -2 -3 -1 -1 -3 -1 -2 -3 -1 -1 -2 -2 -1    0   0   0   0   0   0   0   0   0   0   0   0   0   0   0   0   0   0   0   0  0.00    0.00
   10 F   -2 -2 -3 -4 -2 -1 -3 -3 -2  1  2 -2  6  2 -3 -2 -1 -1 -1  0    0   0   0   0   0   0   0   0   0   0  16   0  71  13   0   0   0   0   0   0  0.55 0.11
   11 K   -1  1 -1  1 -3  1  0 -2 -1 -2 -1  5 -1 -3 -2 -1 -1 -3 -2 -2    0   0   0   9   0   0   0   0   0   0  10  81   0   0   0   0   0   0   0   0  0.52 0.10
   12 K   -1  3 -1 -1 -3  3  0 -2 -1 -2  0  4 -1 -3 -2 -1 -1 -3 -2 -2    0  20   0   0   0  19   0   0   0   0  14  47   0   0   0   0   0   0   0   0  0.42 0.07
   13 L   -2 -1 -3 -4 -2 -2 -3 -4 -3  1  2 -2  7 -1 -4 -2  0 -3 -2  1    0   4   0   0   0   0   0   0   0   8  17   0  62   0   0   0   5   0   0   5  0.74 0.21
   14 K    0  2  0 -2 -3  0 -1 -2 -2  0  0  4 -1 -3 -2  0 -1 -3 -2  0    7   8   3   0   0   0   0   0   0   4  13  47   0   0   0   9   0   0   0  11  0.29 0.13
   15 K   -1  3 -1 -2 -3  0 -1 -2 -1 -3 -3  4 -2 -3  2  1  0 -3  1 -2    4  22   0   0   0   0   0   0   0   0   0  38   0   0  10  11   6   0   6   3  0.42 0.14
   16 R    0 -1 -1 -3 -2 -2 -2 -1 -2  2  2 -2  0 -1 -3  0  1 -2  1  1   11   5   2   0   0   0   0   5   0  12  30   0   0   0   0   6  11   0   7  12  0.13 0.07
   17 H    3 -3 -3 -3 -2 -2 -2 -1 -1  2  1 -2  0  0 -2  0 -1 -3  0  2   38   0   0   0   0   0   0   3   2  18  13   0   0   2   0   3   0   0   3  17  0.25 0.13
   18 L    1 -3 -3 -3 -2 -2 -3 -1 -3  1  3 -3  0  0 -3 -1  1 -3 -2  2   14   0   0   0   0   0   0   4   0   5  44   0   0   4   0   2   8   0   0  19  0.29 0.12
   19 I    1 -3 -2 -3 -2 -2 -2 -1 -3  1  2 -2  1  2 -3  1  0 -2 -1  1   15   0   0   0   0   0   0   2   0   9  31   0   2  10   0  14   5   0   0  12  0.19 0.10
   20 A    2 -2 -2 -3  1 -2 -2  0 -2  1  2 -2  1 -1 -2  1  1 -3 -1  0   22   0   0   0   3   0   0   5   0   7  24   0   3   2   0  12  14   0   2   4  0.16 0.09
   21 L    0 -2 -3 -4 -2 -2 -3 -1 -3  0  4 -3  1  0 -2 -1  0 -3 -2  1    7   2   0   0   0   0   0   5   0   0  60   0   3   2   2   5   6   0   0   9  0.36 0.16
   22 S    1 -2 -1 -2 -2 -2 -2  2 -2  0  1 -2  1  0 -2  1  1 -3 -2  1   13   0   2   0   0   0   0  17   0   5  16   0   6   5   0  17   9   0   0  11  0.13 0.08
   23 L    2 -2 -3 -3  0 -2 -2 -2 -3  2  2 -2  1 -1 -2  0  1 -3 -2  2   23   0   0   0   2   0   0   0   0  10  26   0   5   0   0   3  12   0   0  18  0.23 0.11
   24 P    1 -2 -1 -2  4  1 -1 -1 -2 -2 -2 -1 -2 -2  2  3  2 -3 -2 -2   11   0   0   0  13   9   0   2   0   0   2   0   0   2  10  30  18   0   0   0  0.39 0.16
   25 L    2 -2  0 -2  1 -1 -1  3 -2 -2 -2 -1 -2 -1 -2  3  1 -3 -1 -2   23   0   2   0   3   0   3  22   0   2   2   0   0   3   0  28  10   0   2   0  0.31 0.13
   26 L    0 -2  0 -2  1  0 -1 -2 -2  0  1 -1  1  0  1  0  1  2 -1  1    7   0   4   0   4   7   0   0   0   3  15   3   6   4   7   9  14   4   2  12  0.09 0.06
   27 S    4 -2 -2 -3 -2 -2 -2 -2 -3 -1  2 -2 -1 -2 -2  2  0 -3 -2  0   47   0   0   0   0   0   0   0   0   0  26   0   0   0   0  18   2   0   0   5  0.38 0.18
   28 Y   -1 -1  2 -1  0  0  0 -2  2 -1  0 -1  2  2 -3  1  0 -2  2 -1    2   2  15   0   2   6   5   2   8   2  11   0  11  10   0  12   5   0   8   1  0.11 0.09
   29 A    5 -3 -3 -3 -2 -2 -2  2 -3 -3 -3 -2 -3 -4 -2  0 -2 -4 -3 -2   81   0   0   0   0   0   0  17   0   0   0   0   0   0   0   2   0   0   0   0  0.92 0.28
   30 N    4 -2  1 -2 -2 -2 -2  3 -2 -3 -3 -2 -2 -4 -2  2 -1 -4 -3 -1   46   0   6   0   0   0   0  26   0   0   0   0   0   0   0  20   0   0   0   2  0.56 0.19
   31 G    1 -4 -2 -3 -4 -3 -4  7 -4 -5 -5 -3 -4 -5 -4 -2 -3 -4 -5 -4    8   0   0   0   0   0   0  92   0   0   0   0   0   0   0   0   0   0   0   0  1.60 0.33
   32 F   -4 -4 -4 -5 -4 -4 -4 -5 -1 -2 -2 -4 -2  7 -5 -4 -4  0  7 -3    0   0   0   0   0   0   0   0   0   0   0   0   0  59   0   0   0   0  41   0  1.60 0.36
   33 K   -1  2  0 -2 -4  4  0 -3  1 -3 -2  4  0 -3 -2  0 -2 -3  0 -3    4  12   2   0   0  26   0   0   4   0   2  39   2   0   0   4   0   0   4   0  0.53 0.20
   34 I   -2 -1 -4 -4 -2 -3 -4 -5 -4  5  3 -3  0 -1 -4 -3 -2 -3 -2  2    0   5   0   0   0   0   0   0   0  55  27   0   0   0   0   0   0   0   0  13  0.69 0.22
   35 Q    0 -1  2 -2 -3  0 -2 -3 -2 -3 -1 -2 -2 -3  6  0  0 -4  0 -3    7   4  13   0   0   6   0   0   0   0   6   0   0   0  49   6   5   0   5   0  0.89 0.21
   36 E   -2 -2  0  1 -5  0  7 -1 -2 -5 -5 -1 -4 -5 -3 -2 -2 -5 -4 -4    0   0   2   2   0   0  91   5   0   0   0   0   0   0   0   0   0   0   0   0  1.38 0.36
   37 Q    0 -1 -1 -2 -4  6  0 -3  3 -4 -4 -1 -2 -3 -3  0  0  2  1 -3    6   0   1   0   0  66   0   0   8   0   0   0   0   0   0   7   5   3   5   0  0.91 0.31
   38 S    0 -2 -1 -2 -2 -2 -2  2 -2 -4 -4 -2 -3 -4 -2  6  0 -4 -3 -3    0   0   0   0   0   0   0  13   0   0   1   0   0   0   0  82   0   0   0   0  0.93 0.30
   39 L    2 -2 -2 -2 -1 -1 -2  0 -2  1  1 -2  0 -1 -2  0  1 -2 -2  2   25   1   1   1   0   3   1   5   0   6  21   1   0   0   1   6  10   0   0  19  0.14 0.08
   40 N    0  2  3  2 -3  0  0 -1 -1 -3 -3  1 -2 -3 -2  0  1 -3 -2 -2    6  17  25  14   0   0   2   3   0   0   1  11   0   0   0   6  12   0   0   3  0.32 0.12
   41 G    3 -3 -1 -2 -2 -2 -2  4 -3 -4 -4 -2 -3 -4 -2  3 -1 -4 -3 -3   29   0   0   0   0   0   0  41   0   0   0   0   0   0   0  29   0   0   0   0  0.73 0.22
   42 T    0 -2 -1 -3 -2  0 -2 -3 -3  1  2 -2  4 -1 -3  0  2 -3 -2  2    4   0   3   0   0   5   0   0   0   7  17   0  23   0   0   6  18   0   0  17  0.28 0.14
   43 A    4 -3 -2 -3 -3 -2 -3  5 -3 -4 -4 -2 -3 -4 -3  0 -2 -4 -4 -3   44   0   0   0   0   0   0  51   0   0   0   0   0   0   0   4   0   0   0   0  0.91 0.25
   44 L   -2  2 -3 -4 -3 -2 -3 -4 -2  0  3 -1  3 -1 -3 -2  1 -2  1  0    0  17   0   0   0   0   0   0   0   0  48   2  12   0   0   0  11   0   5   5  0.38 0.17
   45 G    3 -3 -2 -2 -2 -2 -2  4 -3 -3 -1 -2 -2 -3 -2  1 -1 -4 -3 -2   43   0   0   0   0   0   0  36   0   0   6   0   0   0   0  13   2   0   0   0  0.59 0.20
   46 S    3  0  3 -1 -2 -1  0  2 -1 -3 -3 -1 -2 -1 -2  0 -1 -3  1 -2   38   6  25   0   0   0   5  14   0   0   0   0   0   2   0   3   0   0   6   0  0.37 0.17
   47 A    5 -3 -2 -3 -2 -2 -2  2 -3 -3 -3 -2 -2 -4 -2  2 -1 -4 -3 -2   71   0   0   0   0   0   0  12   0   0   0   0   0   0   0  17   0   0   0   0  0.77 0.26
   48 Y   -2  0  3 -2 -3 -1  0  0  2 -2 -1 -2  0  3 -3 -2 -2 -1  5 -1    0   5  19   0   0   0   7   9   6   0   2   0   3  16   0   0   0   0  27   5  0.38 0.16
   49 V    2 -3 -2 -1 -2 -2 -1 -2 -3  2 -1 -2 -1 -1 -2  0  1 -3 -2  3   27   0   0   2   0   0   4   0   0  14   0   0   0   2   0   6   7   0   0  37  0.28 0.14
   50 A    5 -3 -3 -3 -2 -2 -2  1 -3 -3 -3 -2 -2 -4 -2  1 -1 -4 -3  0   81   0   0   0   0   0   0   8   0   0   0   0   0   0   0   7   0   0   0   4  0.85 0.28
   51 G    0 -1  3 -1 -3  1  0  1  3 -1 -2  0  1 -1 -2  0  0 -3  0  0    6   0  21   0   0  10   6  10  12   2   0   3   6   1   0   6   6   0   4   7  0.18 0.10
   52 A    3 -2  0  0 -2 -2 -2 -2 -2 -1 -2 -2  0 -3  2  2  2 -4 -3  0   39   0   4   4   0   0   0   0   0   4   0   0   2   0  11  13  16   0   0   7  0.33 0.15
   53 R   -1  1  2  3 -3  1  2 -2  1 -2 -3  0 -2  1  0  0  0 -3  0 -1    2   8  14  24   0   5  12   0   4   0   0   4   0   9   4   3   4   0   2   6  0.25 0.10
   54 G   -1 -1  3  3 -4 -1  1  4  0 -1 -4 -2 -3 -3 -3 -1 -2 -4 -1 -3    0   2  17  20   0   0   8  41   2   6   0   0   0   0   0   2   0   0   2   0  0.55 0.17
   55 A    5 -1 -3 -2 -2 -2 -2 -2 -3 -3 -3 -2 -2 -4  3  0  0 -4 -3 -1   72   2   0   2   0   0   0   0   0   0   0   0   0   0  18   0   3   0   0   2  0.80 0.27
   56 D    0 -3  0  6 -3 -2  0  1 -2 -4 -4 -2 -4 -4 -2  3  0 -5 -4 -4    4   0   0  54   0   0   0   8   0   0   0   0   0   0   0  29   4   0   0   0  0.83 0.25
   57 A    4 -2  0 -2 -2 -2 -2 -1 -3  1 -2 -2 -2 -3 -2  2  1 -4 -3  0   60   0   6   0   0   0   0   0   0   9   0   0   0   0   0  14   6   0   0   4  0.49 0.21
   58 S    2 -2 -1 -3 -2  0 -2 -2 -2  2  1 -2  0  2 -2  1  0 -3 -1  1   30   0   4   0   0   5   0   0   0  17  11   0   0  11   0  10   2   0   0  12  0.17 0.11
   59 F    0 -3 -3 -4 -3 -3 -3 -3  1 -3 -2 -3 -2  4 -2  0 -2  5  7 -2   11   0   0   0   0   0   0   0   2   0   0   0   0  17   2  10   0   7  51   0  0.96 0.27
   60 Y   -3  1 -1 -4 -4 -3 -3 -1 -1 -2 -2 -3 -2  4 -4 -3 -3  4  7 -1    0   9   3   0   0   0   0   5   0   0   0   0   0  18   0   0   0   7  53   6  0.97 0.27
   61 N   -3 -2  8 -1 -4 -2 -2 -2 -1 -4 -2 -2 -3 -5 -4 -1 -2 -5 -4 -4    0   0  94   0   0   0   0   0   0   0   6   0   0   0   0   0   0   0   0   0  1.68 0.41
   62 P   -1 -3 -3 -3 -4 -3 -3 -3 -4 -4 -4 -2 -4 -5  8  0 -2 -5 -4 -4    5   0   0   0   0   0   0   0   0   0   0   0   0   0  87   6   0   0   0   0  2.18 0.37
   63 A    6  0 -3 -3 -2 -2 -2 -1 -3 -3 -3 -2 -2 -4 -2  0 -1 -4 -3 -2   89   6   0   0   0   0   0   0   0   0   0   0   0   0   0   2   0   0   0   0  0.96 0.30
   64 N    1 -2  5 -1 -3 -1 -2  3 -1 -2 -3 -1  1 -3 -3  0 -1 -4 -3 -3   18   0  43   0   0   0   0  23   0   2   0   2   5   0   0   4   0   0   0   0  0.55 0.19
   65 M   -1 -3 -4 -4 -3 -2 -3 -4 -3  3  2 -3  8 -1 -4 -3 -2 -3 -2  0    6   0   0   0   0   0   0   0   0  16  10   0  66   0   0   0   0   0   0   0  1.08 0.33
   66 G    3 -2 -1 -2 -2 -2 -2  1 -2  0 -2 -2  1 -3 -2  2  3 -3 -2  1   33   0   0   0   0   0   0   8   0   5   0   0   5   0   0  15  24   0   0   9  0.30 0.14
   67 F   -1  0 -2 -3 -3 -1 -2 -3 -1 -1  0 -2 -1  6 -3 -1 -2  2  3 -2    7   8   1   1   0   3   1   1   0   1   8   1   0  51   1   3   1   3   9   1  0.56 0.16
   68 T   -1 -2  0 -2 -2 -2 -2 -3 -2  1  3 -2  4  1 -2 -1 -1 -2 -1  0    4   1   6   1   0   1   1   1   0   7  38   1  22   6   1   4   3   0   1   1  0.31 0.16
   69 N    0  0  1  2 -2  0  1 -1 -1 -2 -2  1 -2 -2  2  0  1 -2 -2 -2    8   4   7  18   0   1  12   2   1   1   2  10   1   1  12   6  10   0   1   2  0.25 0.08
   70 D   -1 -1  0  3 -2 -1  0  2 -1 -2 -2 -1  0 -2  0  1  1 -2 -2 -1    3   2   2  27   1   2   5  17   1   2   4   2   4   2   4   9   9   1   1   3  0.20 0.07
   71 W    0  0  0 -1 -1 -1 -1 -1 -1  0  0 -1  0  1 -1 -1  0  5  0  1    8   8   4   3   1   2   4   4   1   4  10   3   1   7   3   4   3  12   2  14  0.11 0.03
   72 D    0  0  2  2 -1  1  1  0  0 -1 -1  0 -1 -1  0  0  0 -1 -1 -1    6   3  11  18   1   6  12   7   1   3   9   3   1   2   3   4   3   1   2   4  0.11 0.03
   73 E    0  0  0  0 -1  1  2  0  1 -1 -1  1 -1 -1  1  0  0 -1 -1  0    8   3   3   3   1   6  18   6   5   3   5  10   1   2   7   4   3   1   2   9  0.09 0.02
   74 N   -1 -1  2  2 -1  0  0  1 -1 -1 -1  0 -1  0 -1  0  0 -1 -1 -1    3   2  18  15   1   2   3  10   1   2   7   5   1   7   2   7   8   1   1   3  0.11 0.04
   75 R    1  2  0 -1 -2  1  1  2 -1 -2 -2  1  1 -2 -1  0  0 -2 -2 -2   15  17   5   1   0   7  10  16   0   1   2   8   6   1   1   2   4   0   1   1  0.17 0.08
   76 S    1  0  2 -1 -2  0 -1 -1  3  0 -2  0 -1 -2 -1  2  1  2 -1 -1   12   3  11   1   0   3   1   4  14   7   2   6   0   1   1  19   9   3   1   1  0.15 0.09
   77 E   -1 -1 -2 -2 -3  1  1 -2  2 -2 -1 -1  0  0 -2  0 -1  0  6 -1    3   3   1   1   0   9  12   1   6   1   3   1   3   1   1   8   1   0  42   3  0.50 0.21
   78 F   -1 -3 -3 -3 -2 -2 -3 -3 -2  3  2 -3  2  4 -3 -2 -1 -1  0  2    5   1   1   1   0   1   1   1   0  21  20   1   5  25   1   1   1   0   0  14  0.33 0.14
   79 E    0 -1  1  1 -3  2  4 -2 -1 -3 -3 -1 -2 -3 -2  2  0 -3 -3 -3    8   0   7   4   0   8  44   1   0   0   1   0   0   0   0  20   4   0   0   1  0.53 0.23
   80 M    1 -2 -1 -2 -2 -1 -2  2 -2 -1  1  0  0 -1 -2  1  0 -3 -2  0   18   0   3   0   0   0   0  20   0   0  19   5   2   3   0  13   4   0   0  10  0.14 0.11
   81 T    0 -2  0  1 -3 -2 -2  4 -2 -3 -3 -2 -3 -3 -2  2  2  3 -3 -3    3   0   4   8   0   0   0  40   0   0   2   0   0   0   0  15  19   6   0   0  0.51 0.21
   82 T    0 -2 -2 -3 -2 -1 -2  0 -2  1  2 -2  1  2 -2  1  0 -2  0  1    6   0   0   0   0   2   0   7   0   4  30   0   5  12   0  13   6   0   3   8  0.14 0.11
   83 T    1 -1  1 -2 -2 -2 -2  0 -2  1  0 -2 -1 -2 -2  0  4 -3 -1  0   12   3   7   0   0   0   0   8   0   9   9   0   0   0   0   3  43   0   2   3  0.33 0.23
   84 V    0 -3 -3 -3  0 -2 -3  1 -1  1  1 -3  1  1 -3 -1 -1  5  5  0    7   0   0   0   2   0   0  14   0   8  14   0   3   5   0   3   3   8  26   7  0.34 0.19
   85 I    0 -3 -4 -4 -2 -3 -3 -4 -4  5  2 -3  2  1 -3 -3 -2 -3 -2  2   11   0   0   0   0   0   0   0   0  44  15   0   7   5   0   0   0   0   0  15  0.51 0.24
   86 N   -1  0  3  0 -3  1 -1  0  6 -3 -2  0 -2 -2 -3  0 -2 -3  1 -3    5   4  18   3   0   5   2   9  34   0   5   6   0   0   0   4   0   0   4   0  0.52 0.25
   87 I   -2 -3 -3 -3 -2 -3 -3 -3 -3  2  3 -3  1  1  4 -2 -2 -3 -2  1    1   1   0   1   0   0   1   1   0  19  30   1   4   7  25   1   1   0   0   9  0.51 0.21
   88 P    0 -2  1  0 -3  2 -1  1 -2 -2 -3 -1 -2 -3  5  1  0 -3 -1 -1    4   0   7   6   0  13   1  11   0   0   1   0   0   0  30  10   6   0   3   7  0.47 0.21
   89 A    1 -1 -1  0 -2  1  0  0 -2 -2 -1  1 -1 -1 -2  3  0 -3 -2 -1   14   1   1   5   0   7   4   5   0   1   6  11   0   3   1  32   3   0   0   5  0.19 0.15
   90 F    0 -2  0 -2 -2 -1 -1 -2  2  1  1 -2  0  2 -2  0  1 -2  1  1    9   1   6   1   0   1   4   1   8  11  12   1   3  12   1   5  10   0   4  12  0.08 0.08
   91 K    0 -1  1  1 -2 -1  1 -2  1 -1 -2  3 -2  1 -2  0  0 -3 -1  1    9   1   5  10   0   0   7   1   3   1   1  26   0   8   1   7   7   0   0  14  0.15 0.14
   92 F   -2 -3 -3 -3 -3 -3 -3  0 -2  1 -1 -1  1  5 -3 -1  0 -1  4  1    1   0   0   0   0   0   1   9   0   8   1   5   4  36   0   4   6   0  15   9  0.46 0.24
   93 Q    0  0  1  1 -2  1  0  0  1  0 -1  1 -1 -2 -2  1  1 -3 -2 -1    6   4   6   6   0  10   5   5   5   8   8  14   0   0   0  13   7   0   0   0  0.11 0.11
   94 V    0 -1  0  0 -2 -1 -1  1 -2  0  0  0 -1 -2  2  0  0 -3 -2  0    7   1   6   5   0   1   1  15   0   8   8   9   0   1  11   9   7   0   0  10  0.11 0.09
   95 P    0  0  2  1 -2  1  0 -1  1 -2 -1  0  0 -3  0  0  2 -3 -2 -1    9   6  10   8   0   7   5   4   4   0   8   2   2   0   4   5  20   0   0   3  0.14 0.14
   96 T    1 -1  1  0 -2  0 -1 -2 -1 -2 -1 -1  1  1  1  0  2 -2  2 -1   14   4  10   5   0   5   1   1   0   0   6   0   5   8   6   6  18   0  10   3  0.14 0.17
   97 T    1  1 -1 -2 -2  0 -1  2 -2 -1 -1  0  0 -2  1  1  2 -3  0  0   13   7   0   1   0   4   1  16   0   0   5   4   3   0   6   8  18   0   4   8  0.15 0.15
   98 N    0  1  2  2 -2 -1  0  0  1 -1 -1  0 -1 -2 -2  1  0 -2  1 -1    9   7  11  12   0   0   4   8   5   4   7   4   0   0   0   9   6   0   8   4  0.09 0.11
   99 Q    0 -1  1 -2 -2  1 -1  0 -2  0  0  0  1  1  1  0  0 -2 -1  0    8   0   7   0   0   7   0   8   0   8   8   8   7   7   8   8   8   0   0   8  0.06 0.10
  100 G    0  1  1  1 -3  1  1  0  2 -2 -1 -1 -2 -2  1  0  0 -2  1 -2    8   8   7   8   0   7   8   8   7   0   8   0   0   0   8   8   8   0   7   0  0.13 0.12
  101 L    0 -1  0 -2 -2 -1 -1  1  1  1  1 -1  1 -1 -2  0 -1 -2  0  1    7   3   6   1   0   1   3  11   5   6  20   4   4   0   1   6   2   0   3  16  0.06 0.10
  102 Y    1 -2  1  1 -2 -1  0  0 -2 -2 -1 -1 -2 -1  0  2  1 -2  0 -1   11   1   7  11   0   1   3   7   0   1   6   3   0   3   5  25   9   0   5   4  0.16 0.15
  103 S    0  0  1  0  1 -1  0 -1 -2 -2 -1  0 -1  0  2  2  2 -3  0 -2    4   5   6   5   4   0   4   4   0   0   6   3   2   4  10  24  13   0   4   1  0.18 0.17
  104 V    1 -1  0 -2 -2  0 -1  0  0  0 -1  0 -1  0  0  0  1 -2  0  1   16   0   6   0   0   6   1   5   3   6   5   7   0   3   3   6  10   0   4  17  0.07 0.11
  105 T    1 -2  0  0 -2  0  0  0 -2 -1 -2 -1 -2  0  0  1  3 -3 -2 -1   16   0   4   6   0   5   6   8   0   6   1   1   0   6   4  13  24   0   0   1  0.18 0.16
  106 S    1 -1  1  0 -2  0  0  1 -2 -1 -1  0 -1  0 -2  2  0 -3 -2  0   13   0   7   5   0   4   5  13   0   5   5   6   0   7   0  18   4   0   0   5  0.10 0.11
  107 L    0 -2 -1  0 -2 -1 -1  0 -2  1  0  0  1  1 -2  0  0 -2  1  0    8   0   0   8   0   0   0   8   0   8   8   8   8   8   0   8   8   0   8   8  0.05 0.09
  108 Q    0  1  2 -1 -3  0  0  1 -1 -3 -2  1 -2  0  1  1  0  3  0 -2    5  10  15   1   0   4   6   9   0   0   3  10   0   4   6  13   5   4   3   1  0.18 0.15
  109 I    0 -2 -2 -2 -2  0  1  1 -2  2  1 -1 -1  0 -2 -1  0 -2  0  1    8   0   0   0   0   4  11  15   0  18  14   3   0   4   0   3   6   0   3  10  0.10 0.13
  110 D    0 -2  1  2 -3  0  0 -1 -2 -1 -1 -2 -2  1  3  0  0 -3  0 -1    6   0   7  13   0   5   3   5   0   5   7   0   0   8  19   8   4   0   4   5  0.22 0.16
  111 K    0  1  1 -1 -2  1  1  0 -1 -2 -1  1 -1  1 -2  0  0 -2  1 -2    8   8   8   0   0   8   8   8   0   0   8   8   0   8   0   8   8   0   8   0  0.09 0.10
  112 S    1  1 -1 -1 -3  4  0 -2  0 -1  0  0  0 -1  0  1  0 -3  0 -1   12   6   2   3   0  24   2   2   2   2   8   5   2   2   4  12   5   0   3   4  0.18 0.17
  113 Q   -1  1  1 -2 -3  3  2  0 -2 -4 -3  0 -3 -1  0  3 -1 -3 -3 -3    3   8   6   0   0  14  13   6   0   0   1   4   0   4   3  34   2   0   0   1  0.40 0.28
  114 Q    1 -2 -2  0 -3  1  3  2  0 -2  0 -2  0 -2  0 -1  0  1 -3 -2   10   0   0   3   0   7  27  20   2   1  10   0   2   1   5   2   5   2   0   2  0.29 0.24
  115 N    0 -1  3  4 -3  3 -1  0 -1 -3 -1 -1  1 -1 -1  0 -2 -4 -2 -3    7   3  14  25   0  15   2   6   1   0   6   1   4   3   2   7   1   0   1   1  0.34 0.25
  116 I    2 -3 -2 -2 -2 -1 -1  0 -3 -1 -2 -2 -1  1 -2  3  0  1  0  0   22   0   0   1   0   2   2   8   0   4   2   1   1   8   1  31   3   2   3   7  0.30 0.26
  117 L    0 -1 -2 -3 -2 -2 -3 -2 -3  2  2 -1  1 -2 -1 -1  0 -3 -2  3   10   5   1   1   0   0   1   3   0  15  21   3   4   0   2   4   7   0   0  23  0.24 0.19
  118 G    3 -2 -2 -3 -2 -2 -1  2 -1  1 -1 -2  0 -3  0  1  0 -3 -1 -2   35   1   1   1   0   1   3  17   2  10   4   1   2   1   5   9   5   0   2   1  0.33 0.25
  119 I    0 -1  0 -2 -2 -2 -1  1 -2  1  2 -1  1  1 -1 -1  0 -2 -1  0   10   3   6   2   0   1   5  12   0  10  23   1   4   7   2   4   4   0   2   3  0.08 0.10
  120 I    2 -2 -1  1 -2 -2 -2 -1 -2  1  1 -2  1 -2  0  0 -1 -3  0  2   18   1   1   9   0   1   1   5   0   7  15   1   4   1   4   8   2   0   4  16  0.13 0.15
  121 N   -1 -1  5  0 -4 -1 -1  2  0 -4 -3  0  1 -4  0  2 -1 -4 -3 -4    4   3  33   4   0   2   3  19   2   1   2   4   4   0   4  13   2   0   0   1  0.55 0.33
  122 T    4 -1 -1 -3 -3 -1  0 -1 -3 -2 -2 -2 -1 -3 -1  1  2 -4 -2 -2   41   3   3   1   0   2   7   4   0   2   4   1   1   0   3   8  16   0   1   2  0.42 0.31
  123 I    1 -1 -2 -1 -2  1 -1  0  0 -1  0 -1  2  0 -2  2  1 -3  0 -1   13   2   1   2   0   7   2   6   2   2  11   2   6   4   1  23   8   0   4   4  0.14 0.17
  124 G    0 -3 -2 -3 -3 -2 -3  5  0 -1 -3 -2 -2  0 -3  0 -3 -3  0  1    8   1   2   1   0   2   1  48   2   3   2   2   1   5   1   8   1   0   4  10  0.65 0.35
  125 L    2 -3 -1 -3 -2 -2 -1  2 -3  1  2 -2  3  0 -1  0 -1 -3 -2  0   20   1   3   1   0   0   4  15   0   6  21   1   9   4   2   5   3   0   0   5  0.21 0.20
  126 S    2 -3 -2 -2 -3 -3 -3  4 -3 -3 -4 -2 -4 -2 -2  3 -1 -4 -4 -3   19   1   1   2   0   0   1  38   0   1   1   1   0   2   1  26   3   0   0   2  0.76 0.43
  127 N    1  3  3  1 -3 -1 -1  0  0 -3 -3 -1  0  0 -1  1 -1  0 -1 -1   11  17  15   8   0   0   3   8   2   1   2   2   2   5   2  13   2   1   2   4  0.21 0.20
  128 I    1 -2  2 -3 -2  0 -2  0 -3  1  0 -2  2 -2 -2  0  0 -3 -2  2   16   1  11   0   0   4   1   6   0   9   7   2   5   1   1   6   5   0   1  21  0.18 0.20
  129 L    4 -3 -2 -3 -3 -2 -2  0 -3 -2 -2 -3 -2  0  1  1  0  0  0  0   44   0   2   0   0   1   2   7   0   2   4   0   1   4   7  10   5   1   4   6  0.46 0.34
  130 K    2  0 -1  0 -3 -1 -2 -1  1 -1 -1 -1  0 -2 -2  1  2 -3  1 -1   25   5   3   5   0   2   0   4   5   3   4   3   3   1   1  13  15   0   6   3  0.21 0.22
  131 A    4 -3  0  1 -3 -1 -1  1 -3 -3 -2 -1  0 -3  0  1  1 -3 -2 -2   36   1   3   8   0   2   3   9   0   1   2   3   3   1   5  12   7   0   2   2  0.35 0.27
  132 L    0 -1  1  1 -3 -1  0 -1 -2 -1  0 -2  2  3 -2  0  0  2  0  0    9   3   8  11   0   2   6   4   0   4   7   1   9  14   2   5   5   3   3   5  0.11 0.14
  133 G    1 -1  1  3 -4 -2 -2  5 -4 -5 -4 -3 -4 -5 -4  0 -2  1 -3 -4   11   3   5  15   0   1   1  46   0   0   1   0   0   0   0   8   2   2   1   0  0.83 0.44
  134 N    3  1  1  0 -2 -2  0 -2  0 -3 -1 -1 -3 -3  3  0 -2 -4 -1 -2   28  10   8   5   1   1   6   2   3   0   7   2   0   1  16   5   1   0   3   2  0.32 0.26
  135 T    1 -3  0  3 -3 -2  0 -1 -3 -3 -3 -3 -3  3 -1  3  1 -4 -2 -2   12   0   5  17   0   1   4   4   0   1   1   0   0  13   2  23  10   0   1   3  0.37 0.31
  136 A    4 -3 -3 -2 -1 -3 -3 -1 -1 -2 -1 -2 -1 -2  1  2  2 -4 -3 -1   39   0   0   2   1   0   1   4   1   2   7   2   1   1   7  13  15   0   0   3  0.47 0.35
  137 A    2  0 -1  0 -3 -2  0 -1 -3  2  0 -2  1 -2 -2  1 -1 -4 -2  1   23   5   2   6   0   1   6   4   0  14   8   0   4   1   1  11   2   0   1  11  0.17 0.20
  138 T    2 -2 -1 -2 -4 -2 -3 -3 -2  0 -2 -1 -3  2 -1  0  1  2  5 -1   21   2   4   2   0   2   1   1   0   5   2   4   0  10   3   6   8   3  24   4  0.43 0.33
  139 N   -1  0  1  2 -4 -2  0  1 -2 -3 -2 -1  1  2 -1  0  1 -2  3 -1    3   6   8  14   0   1   5  11   0   0   2   2   5   8   3   6   8   0  15   3  0.23 0.23
  140 G    1 -4  7  0 -5 -1 -2  2 -1 -5 -5 -3 -2 -5 -3 -2 -2  1 -4 -4   10   0  54   5   0   2   3  14   2   0   1   0   1   0   1   1   2   2   0   1  1.15 0.58
  141 L    1 -4 -4 -4 -5 -4 -2 -5 -1 -1  1 -3  0  1  7 -3 -2  0 -2 -3   12   1   1   1   0   0   2   0   1   3  12   1   3   7  50   1   2   1   1   1  1.15 0.58
  142 S    5 -1 -2 -1 -4 -3 -3 -1 -2 -1 -4 -2 -1 -1 -2  3 -2 -5 -2 -3   50   4   1   3   0   1   0   4   1   4   0   1   1   3   1  23   2   0   1   1  0.77 0.50
  143 Q    1 -2  3  0 -2 -1 -2  3 -3 -2 -1 -3  0 -2 -3  0  2 -1 -3 -1   10   1  16   5   1   3   1  26   0   2   5   0   3   2   0   4  16   1   0   4  0.36 0.27
  144 A   -1 -1 -3 -3 -3 -1 -4  1 -4  2  2 -3  7 -2 -3 -1 -1  0 -3  0    6   3   1   1   0   3   1  10   0  11  16   1  31   1   1   4   4   1   0   6  0.57 0.37
  145 I    1 -3 -2 -3 -3 -2 -2 -3 -3  1  1 -3  3  2  0  1  2  1  1  1   11   0   1   0   0   1   1   1   0   9  13   0   9   9   4  11  13   2   4   8  0.23 0.22
  146 N   -1  0  2  0 -3  1  0  1  1 -2 -2  0 -1  1 -1  1  1  1  1 -2    4   6  10   5   0   7   4  10   4   1   2   4   2   6   2  14  10   2   4   2  0.12 0.14
  147 R   -2  0  2 -3 -3 -1 -3 -2 -1  0  2 -3  3  4 -3 -3 -2 -3  1  0    3   6  11   1   0   3   1   3   1   3  25   1   7  19   1   1   1   0   5   7  0.35 0.27
  148 V    0 -2 -1  0 -2  0  1 -1 -3  0  0  0  0 -2  3  1 -1  0 -2  1    8   1   2   4   1   4   9   4   0   5  12   4   3   2  14  11   2   2   0  11  0.13 0.14
  149 Q    2  0 -1  3 -3  0  1  0 -1 -2 -2  0 -2 -3 -1  1 -1 -4 -1 -2   19   6   2  18   0   5   7   8   1   2   2   5   1   1   3  12   3   0   2   3  0.22 0.20
  150 G    1 -1 -1 -1 -4 -1 -1  4 -3 -2 -2 -2  0 -3  1  0  1 -1 -4 -2   13   3   2   3   0   2   3  35   0   2   3   2   2   1   8   7  10   1   0   2  0.41 0.29
  151 L    0  0  1  0 -1  0  0  2 -2 -1  0  0  2 -1 -2  0  1 -1 -1 -1   10   3   6   6   1   4   5  16   0   3  10   6   8   2   1   5   8   1   2   3  0.08 0.11
  152 M    0 -1 -2 -2 -3  0 -2 -3  2  2  0 -2  2  0 -2  0  2 -3 -1  2    7   3   1   1   0   6   1   1   6  15   8   2   6   4   1   5  12   0   2  19  0.21 0.20
  153 N    0  1  1  2 -3  0 -1 -2  2 -1 -2 -2 -1  0 -3  1  1 -2  4 -1    6   7   9  11   0   5   2   2   5   4   3   1   1   4   0  10   9   0  17   3  0.23 0.22
  154 L   -1 -4 -3 -2 -3 -3 -1 -3 -1  3  3 -3  2  3 -2 -3 -2 -1  0  2    4   0   1   2   0   1   4   1   2  16  27   1   6  12   2   1   1   1   2  17  0.39 0.26
  155 T    0 -1  2  1 -3 -1  1  1 -2 -1 -3  1 -2 -2  3  0  0 -4 -2 -2    8   2  12   8   0   1  12  12   0   4   2   8   1   1  14   5   5   0   1   3  0.25 0.19
  156 N    0 -1  1  1 -3 -1  0  3 -3 -3 -3 -1 -3 -2  0  2  0 -4 -3 -1    9   3   8   7   0   3   4  23   0   1   2   3   0   2   4  19   6   0   0   4  0.29 0.23
  157 Q    0 -2 -1  0 -3  1  0 -2 -2  0  0 -1  1 -1  3  1  1 -3 -1  1    9   1   2   5   0   8   6   2   0   5   9   3   3   2  13   9  10   0   2   9  0.14 0.15
  158 K    0  0  0  1 -2  2  0  1 -1  0  0  0 -1 -1 -1  0  0 -3  0  0    6   3   5   7   0  11   4  11   1   7   9   6   1   2   2   7   8   0   3   7  0.05 0.08
  159 V    0 -2 -2 -1 -3 -2 -3 -3 -3  2  0 -3  1  3 -3 -1  0  1  1  3    7   2   2   5   0   1   1   1   0  15   9   1   3  17   0   3   6   2   3  21  0.30 0.23
  160 V    0 -2  0  1 -3 -1  0 -2 -1  1 -1  0 -1 -1  1  1  2 -1  1  0    5   1   4  10   0   1   6   3   1   9   4   5   1   2   7  12  15   1   7   8  0.11 0.15
  161 T    1 -3  1 -1 -1 -2 -2  2 -1  1  0 -2 -2 -1  1  0  2 -3 -1  0   10   0   9   3   1   1   1  17   1   9   9   1   0   2   7   7  13   0   2   5  0.16 0.17
  162 L   -1  0  0  0 -2 -1 -1  2  0 -1  0  0  0 -2  3  0  0 -1 -3 -1    4   4   5   5   1   2   4  19   3   3  10   4   3   1  15   6   7   1   0   3  0.18 0.15
  163 A    2 -2 -2 -1 -3 -2 -2  2 -2  0 -1 -1  2 -2  0  1  0  0 -1  0   21   2   1   3   0   1   1  19   0   4   6   3   7   1   5  12   4   1   2   6  0.20 0.19
  164 S    1 -1  1  1 -3  0  0  1 -1 -2 -2 -1 -2 -3  1  2  1 -3 -1 -2   11   2   6   8   0   3   4  13   2   1   3   4   1   1   6  20  11   0   3   2  0.20 0.19
  165 K    0  0  0  1 -2  0  0  0  0  0  0  1 -1 -1  1  1  1 -3  0  0    4   4   4  11   0   4   3   5   2   4   8   9   1   3   6  11   8   0   4  10  0.05 0.07
  166 P   -1 -2  0 -1 -3 -1 -2 -1  0 -1 -1 -2 -2  1  4  0  2 -3  1 -1    5   1   4   3   0   3   2   5   2   4   7   2   1   7  26   6  12   0   4   4  0.35 0.25
  167 D    0 -1  0  2 -3 -1  0  0 -1 -1 -1  0  0 -2  1  1  2 -1 -2  0    8   3   3  13   0   2   3   7   2   2   5   6   2   1   6  13  13   1   1   8  0.11 0.12
  168 T    1 -1  1 -1 -2 -1 -1  2 -2 -1  0 -1  0  0 -2  0  1 -3  1 -1   10   2   8   2   1   2   2  20   0   4   8   2   3   5   1   8  10   0   7   5  0.12 0.14
  169 Q    0  1  1  0 -2  2  0  1  1  0 -1  1 -1 -2  0  1  0 -1 -2 -1    6   6   8   5   1  10   3   9   3   7   4  10   2   1   5   9   6   1   1   3  0.09 0.10
  170 I    0 -1  2  1 -3 -1 -1  1  2 -1 -2 -1 -1 -1  3  1  0 -3  0  0    5   2  10   9   0   1   3  12   5   3   2   2   1   3  14  14   4   0   3   7  0.20 0.17
  171 V    2 -2 -1  0 -2 -1 -2  0 -1 -1  0 -1 -1 -1 -1  1  1 -3  2  1   22   2   3   5   0   2   1   8   1   2   7   3   1   2   3  11   9   0   7  12  0.13 0.17
  172 N    0 -2  3  3 -4 -1  0  1 -2 -3 -4 -1 -4 -2 -2  3  1 -5 -4 -3    9   1  13  17   0   3   4  12   1   1   1   2   0   2   2  25   7   0   0   1  0.43 0.32
  173 G    2 -2  0  0 -3 -1 -1  4 -1 -3 -3 -2 -3 -2 -3  1  1 -4 -3 -1   19   1   4   4   0   2   3  32   1   1   2   2   0   1   1  12   8   0   1   4  0.42 0.29
  174 W   -2  0  0  3 -4  0  1  1  1 -3 -3  1 -2 -1 -3  1  1  1 -1 -1    2   5   4  21   0   3   8   9   4   1   1  12   1   2   0   9   9   2   3   4  0.25 0.21
  175 T    0 -2  2  3 -4  0 -2  0 -2 -4 -2 -2  0 -4 -2  3  1 -5 -4 -3    8   2  11  19   0   3   1   5   1   0   4   1   2   0   1  29  10   0   0   1  0.47 0.36
  176 G    1  0  0  0 -3 -1  1  1 -2  2 -1  1  0  0 -2  0  0 -3 -1  0   11   4   3   6   0   2  11  10   0  17   2   8   2   5   1   4   4   0   2   7  0.07 0.11
  177 T    2  0  0  0 -3 -1  0  1 -1 -1 -2  0 -2 -2 -2  2  1 -2 -2 -1   24   4   4   5   0   2   6  10   1   4   3   6   0   1   0  15   9   1   1   5  0.18 0.18
  178 T    0 -1  1  1 -3  0  2  0  0 -2 -2  0 -2 -1  3  0  1 -3 -3 -1    9   1   6   8   0   4  13   8   2   1   3   6   1   3  14   8  10   0   0   4  0.21 0.16
  179 N   -1 -2  4  3 -3  0 -1  0  1 -2 -1 -1 -2 -1 -1  1  0  1 -2 -1    4   1  23  15   0   3   1   5   4   2   7   2   1   3   3   9   7   2   1   6  0.24 0.21
  180 F    3 -3 -2 -3 -3  1 -2 -1 -1 -1 -1 -1  0  4 -3  0  0  0  1 -1   27   1   1   1   0   7   2   4   1   3   5   3   2  21   1   6   4   1   5   4  0.33 0.26
  181 V   -1 -4 -4 -4 -3 -2 -3 -1 -4  3  1 -4 -1  3  1 -2 -2  5  0  2    6   0   0   0   0   2   1   5   0  16  14   0   1  13   8   3   1  10   2  18  0.43 0.28
  182 L   -1 -4  0 -3 -3 -3 -4 -3 -4  4  0 -3  1 -2 -1 -2 -2 -5 -3  5    5   0   5   1   0   1   1   2   0  22   9   1   3   1   3   3   1   0   0  40  0.64 0.39
  183 P   -2 -6 -6 -5 -6 -3 -3 -4 -6 -6 -6 -5 -6 -7  8 -3 -4 -7 -6 -5    3   0   0   0   0   1   1   1   0   0   1   0   0   0  87   2   1   0   0   1  2.78 1.11
  184 K    1 -3  6 -2 -4  0 -1  0  3 -4 -3 -1  1  1 -4  1  0 -4  0 -3   12   0  37   1   0   3   3   5   6   0   2   2   4   6   0   9   5   0   3   1  0.61 0.42
  185 F    1 -5 -3 -5 -4 -4 -5  2 -4  1  2 -4  1  6 -5 -2 -2 -3 -2  0   11   0   1   0   0   0   0  16   0   9  17   0   4  32   0   2   2   0   0   4  0.66 0.41
  186 F   -2 -4 -2 -4 -5 -2 -4 -1  6 -2 -4 -3  0  3 -5 -2 -2 -2  7 -4    4   0   1   1   0   2   0   5  17   2   1   1   2  12   0   4   2   0  45   0  1.38 0.68
  187 Y    0 -4 -5 -5 -4 -4 -5 -3 -1  0  1 -4  1  4 -2 -3 -2 -2  6  1   10   0   0   0   0   0   0   2   1   6  15   0   4  16   2   2   2   0  32   8  0.80 0.46
  188 K    1 -2 -2 -4 -3 -2 -3 -4 -4  3 -1  0 -2 -3 -2  2  1 -5 -4  3   11   2   2   0   0   1   0   0   0  15   3   7   0   1   1  20   9   0   0  27  0.43 0.35
  189 T    0  0  0 -3 -4  1 -2 -2  5 -1 -2  0  2  1 -4  1  0  2  1  0    8   4   5   1   0   7   0   2  16   3   3   4   6   7   0  13   7   3   5   6  0.27 0.26
  190 R   -1  0 -1 -2 -6  4 -1 -5 -1 -4 -4  1  0 -6  6 -1 -2 -6 -4 -4    4   6   3   1   0  18   3   0   1   1   1   8   3   0  42   5   2   0   0   1  1.05 0.60
  191 T    0 -2 -3 -1 -3 -2 -1 -1 -1  3  2 -1  0 -1 -3 -2 -1 -3  0  2    7   2   0   5   0   1   4   5   2  23  24   4   1   1   1   1   2   0   4  13  0.26 0.23
  192 H   -1 -1  6  1 -5 -1 -1 -2 -2 -3 -3 -2 -1  0 -3  0  0 -5  1 -2    5   2  46   8   0   2   3   2   1   1   2   2   2   4   1   7   7   0   5   3  0.78 0.49
  193 N   -2 -4  1  6 -6 -1  3  0 -1 -4 -2  0 -3 -5 -1 -1 -4 -6 -5 -3    2   0   5  45   0   2  16   8   2   1   4   4   1   0   3   5   0   0   0   2  0.88 0.51
  194 G   -2  1  1  2 -5  4 -1  0  1 -4 -5  3 -4 -5 -4  0 -1 -5 -3 -3    2   7   6  13   0  18   2   8   3   1   0  23   0   0   0   8   3   0   1   2  0.51 0.37
  195 F   -2 -5 -5 -4 -5 -2 -5 -4 -2  0  2 -4 -1  5 -5 -3 -1  8  1  1    3   0   0   1   0   2   0   1   1   4  17   1   1  24   0   2   4  25   4   9  1.10 0.55
  196 T    4  2 -1 -3 -4 -3 -3  0  1 -4 -3 -1 -3 -1 -4  1  0  4  1 -1   38  11   3   1   0   0   1   5   3   0   1   3   0   2   0   9   7   5   5   4  0.49 0.40
  197 F   -1 -5 -4 -5 -4 -3 -5 -3 -2  1  2 -5  0  6 -4 -4 -4  5  0  2    6   0   1   0   0   1   0   2   1   9  17   0   2  33   1   1   0   9   2  16  0.88 0.48
  198 G   -3 -6 -2 -3 -6  1 -5  7 -6 -5 -7 -5 -6 -7 -4 -3 -3 -6 -7 -5    2   0   2   1   0   6   0  82   0   1   0   0   0   0   1   2   2   0   0   1  2.04 0.92
  199 G    1 -4 -4 -3 -4 -4 -4 -1 -4  2  3 -3  1  3 -4 -2  0 -4 -1  2   11   0   1   1   0   0   1   6   0  11  31   1   3  13   1   2   5   0   1  13  0.42 0.31
  200 S    3 -2  3 -2 -5 -3 -3  4 -3 -4 -4 -4 -5 -5 -5  3  0 -6 -5 -4   21   2  12   1   0   1   1  29   0   1   1   0   0   0   0  24   7   0   0   0  0.79 0.53
  201 F    1 -4 -4 -5 -2 -2 -2 -3 -4  2  1 -4  3  4 -3 -2 -1 -3  1  3   13   0   0   0   1   1   3   2   0  11  12   0   8  16   1   3   2   0   5  22  0.43 0.32
  202 T    0 -4  1 -4 -4 -1 -4  2 -2  1 -3 -4 -2  3 -5 -1  3 -1  4  0    6   0   8   0   0   3   0  13   1   7   0   0   0  12   0   5  22   1  13   7  0.48 0.40
  203 A    3 -3 -1 -2 -4 -3 -4 -1 -2 -2 -3 -3  1 -2 -3  3  2 -5 -1  1   23   1   3   2   0   0   0   3   1   2   1   0   4   1   1  28  14   0   3  11  0.50 0.43
  204 P   -1 -1  4 -3 -5 -1 -2 -2 -3 -3 -4 -2 -5 -6  6 -1 -1 -6 -3 -1    5   3  19   1   0   3   2   3   0   2   2   2   0   0  45   4   3   0   1   5  1.11 0.63
  205 S    1 -3 -3 -3 -4 -4 -3  1 -3 -4 -2 -3 -3  5 -5  1  1 -1  5 -2   11   2   1   2   0   0   1  10   0   0   2   1   0  25   0  12  11   0  19   2  0.69 0.46
  206 G   -2 -3 -1  2 -6 -5 -3  7 -5 -5 -5 -4 -6 -6 -4 -3 -2 -6 -6 -6    3   2   2  10   0   0   1  73   0   1   1   1   0   0   1   1   3   0   0   0  1.66 0.80
  207 L   -1 -4 -4 -4 -4 -3 -3 -3 -3  0  5 -4  3  1 -3 -1  0 -4 -2  1    5   1   0   1   0   1   1   2   0   3  51   0   8   5   1   5   6   0   1   8  0.68 0.44
  208 G    2 -1 -1  0 -4 -2 -1  3 -2 -1 -4  0 -2 -3 -3  2  1 -5 -3  0   19   2   2   5   0   0   4  21   1   4   0   6   1   1   1  19   8   0   1   6  0.34 0.30
  209 M   -1  1 -1 -3 -4 -1 -3 -2 -2 -1 -1  1  2 -2 -3  1  4 -1 -2  0    5   6   3   0   0   2   1   3   1   4   5   9   6   1   0  11  33   1   1   5  0.41 0.35
  210 K    0  2  1  4 -4  0  3 -2 -2 -3 -2  1 -2 -3 -2 -1 -1 -4 -2 -3    9  10   7  23   0   2  18   3   1   1   3   9   1   1   2   3   4   0   2   1  0.41 0.30
  211 W   -3 -5 -4 -4 -5 -3 -3 -2 -2 -3 -1 -4 -1  5 -3 -4 -3  8  6 -2    3   0   1   1   0   1   2   3   1   1   5   1   1  24   2   1   2  19  29   2  1.38 0.66
  212 N    0 -1  2  4 -4  0  1  0  0 -2 -3  0 -3 -1  1  1  0 -4 -3 -2    7   3  11  22   0   4  10   6   2   2   2   4   0   3   6  11   5   0   0   3  0.28 0.23
  213 G    0 -2  3  4 -4 -1 -1  3 -2 -3 -4 -1 -4 -2 -3  1  0 -2 -2 -3    6   2  13  23   0   2   3  24   1   1   1   3   0   2   1   9   5   1   1   1  0.50 0.33
  214 K    1  0  2  0 -3  0  0 -1 -2 -1 -2 -1 -2 -2  1  1  1  0 -2  0   13   5  12   6   0   5   5   4   0   3   4   3   1   2   8  14   8   1   1   6  0.15 0.17
  215 G    2 -2 -2 -2 -4 -2 -2  3 -1 -2 -2 -2 -2  1  1  0 -1  1  4 -1   16   2   1   2   0   1   1  23   1   3   3   2   0   5   8   6   4   2  15   3  0.35 0.29
  216 G    1  0 -1 -1 -4  2 -2  3 -1 -1 -3 -2 -1 -3  1  0  0 -1  0  0   11   5   2   3   0   9   2  28   1   3   2   1   1   1   8   7   5   1   3   7  0.29 0.25
  217 E    1  0  0  0 -1  1  0  1  0  0 -1  0 -1 -2 -2  1  0 -2  0  0   11   5   5   5   1   5   7  14   2   5   5   4   2   1   1  10   6   0   4   7  0.06 0.08
  218 F    1  0 -1 -3 -3 -2 -3 -1 -1  0  0 -3  0  4 -2  1  0  1  2 -1   14   6   3   1   0   1   1   4   1   4  10   1   2  22   1  10   5   2   7   5  0.25 0.24
  219 L    0 -2 -1  0 -4 -1 -1  3 -2 -1  0 -2 -2  1 -2  1  0 -3  2 -2    7   1   2   5   0   2   3  29   1   3   8   2   1   6   1  12   5   0   8   2  0.27 0.24
  220 H    1  0  2  1 -3  1 -2  2  1 -2 -2 -1 -1 -1 -2  1  0 -4 -1 -2   14   5  13   7   0   5   1  17   4   3   3   2   2   2   1  11   5   0   2   3  0.20 0.20
  221 D   -1  0  1  3 -4  1  3 -1  0 -3 -3  2 -2 -4 -2  0  0 -5 -3 -3    4   3   7  18   0   7  19   5   2   1   3  15   1   0   1   6   5   0   1   2  0.38 0.29
  222 V    1 -1  0  0 -3 -1  0 -1 -1  0 -1  0 -1 -1 -1  2  2 -3 -2  0   12   2   4   5   0   1   7   4   1   7   7   6   1   2   3  15  16   0   1   5  0.12 0.15
  223 F    0 -1  0  2 -3 -1  1  0  0 -1 -2 -1 -1  3 -2  2 -1 -3  1 -1    9   3   3  12   0   1  10   7   2   3   3   3   2  14   1  17   2   0   5   3  0.18 0.20
  224 I    0 -2 -2 -3 -3 -3 -2 -1  0  3  2 -2  0 -1 -1  0  1 -1 -1  2    6   1   2   1   0   0   2   4   2  17  18   2   1   2   3   8  10   1   1  18  0.21 0.20
  225 M    1 -1 -1 -1 -1  0 -1 -1 -1  1  1  1  2 -1 -1  0  1 -2 -1  0   11   2   3   3   1   4   2   3   1   7  16  11   6   2   3   6  13   1   1   5  0.08 0.12
  226 M    0 -1 -1  0 -3 -2 -1 -1 -3 -1 -2  0  1 -2  0  1  4 -2 -2  1    6   4   3   5   0   1   3   3   0   3   3   6   4   1   5   9  31   1   1  12  0.29 0.27
  227 V    0 -2 -3 -3 -1 -3 -2 -1 -2  3  0 -1  3 -1 -2 -1  0 -3  0  3    9   2   1   1   1   0   2   5   1  18   6   3   8   2   2   3   6   0   3  27  0.30 0.24
  228 E    1  0  3  1 -2  2  2 -1  0 -2 -3  0 -2 -1 -1  0  0 -3  0 -1   11   4  17   9   1   9  12   3   2   1   2   4   0   3   3   7   6   0   4   5  0.20 0.19
  229 L   -1 -3 -2 -2 -3 -3 -3 -2 -2  3  2 -3 -1  4  0 -2 -1 -1  0  1    4   1   2   2   0   0   2   3   1  17  22   1   1  18   5   3   3   1   2  12  0.31 0.22
  230 A    0 -2  7 -2 -4  1 -3 -1 -1 -1 -4 -2  1 -5 -2 -1 -1 -5 -4 -1    8   1  51   1   0   7   0   3   1   5   1   2   4   0   2   4   4   0   0   4  0.95 0.56
  231 P   -1 -5 -5 -3 -5 -5 -5 -3 -5 -2  0 -4 -5  1  7 -2 -3 -5 -3 -3    5   0   0   2   0   0   0   2   0   2   8   0   0   7  65   3   1   0   1   2  1.71 0.79
  232 S    2 -2  2 -2 -3 -2 -3 -1  0 -2 -4 -1 -1 -2 -2  3  2 -4  2 -1   22   2  11   1   0   1   0   4   2   2   1   3   2   1   1  23  14   0   7   3  0.39 0.35
  233 M    1 -2 -2 -4 -3 -3 -3  1 -3  2  2 -3  2  2 -2 -2 -1 -3 -1  2   10   1   2   1   0   0   1  12   0  12  19   1   7  10   2   3   3   0   1  16  0.26 0.22
  234 S    3 -3 -1 -2 -3 -3 -2  0 -1 -2 -1 -2  2 -2 -3  3  1 -4  0 -1   26   0   2   2   0   0   2   5   2   2   4   2   5   2   0  29   7   0   4   4  0.40 0.35
  235 Y   -2 -2 -2 -3 -4 -1 -4 -3  2 -2 -1 -3  1  3 -3 -2  0  2  7  0    4   2   2   1   0   2   0   2   5   2   5   1   3  11   2   3   6   3  38   7  0.81 0.48
  236 T    0  3 -1 -1 -4  1  0 -2 -1 -1 -1  3 -1  0  0 -1  1 -4  0 -1    8  18   2   3   0   6   5   2   1   4   6  20   1   4   4   2   8   0   3   3  0.23 0.23
  237 V   -1 -4 -3 -3 -3 -3 -2 -2 -4  3  2 -3  0  2 -1 -2 -1 -1  1  2    4   0   1   1   0   1   2   3   0  20  24   1   1  11   4   2   3   1   4  16  0.37 0.27
  238 N   -2 -3  6  0 -5  0  0  0 -1 -4 -4 -1 -4 -1 -2  1  1 -5 -3 -3    3   1  42   5   0   3   6   7   1   1   1   3   0   3   2  11   8   0   1   1  0.75 0.50
  239 K   -2 -2 -1  6 -6  0  3 -1 -4 -5 -4 -1 -3 -2  0  0 -2 -6 -5 -4    3   2   3  44   0   4  17   4   0   0   2   3   1   2   4   8   2   0   0   1  0.89 0.54
  240 H   -1  1  3  1 -3  3 -1 -1  1 -2 -4  3 -1 -3 -4  0 -1 -1 -3 -2    3   8  16   6   1  14   2   5   3   2   1  19   2   1   0   8   4   1   1   3  0.36 0.31
  241 F   -3 -4 -1 -4 -4 -3 -3 -2 -1  1  2 -4  0  5 -3 -2 -2  5  0  1    2   0   3   1   0   1   2   3   2   7  23   0   2  24   2   3   2   9   2  12  0.57 0.37
  242 S    2 -3 -1 -1 -4 -2 -1  1 -1 -3 -5 -3 -2 -3 -2  5 -1  1  0 -3   18   1   2   3   0   1   3  10   1   2   0   1   1   1   2  44   3   2   3   1  0.68 0.51
  243 V   -1 -4 -2 -3 -2 -2 -2 -3 -4  3  1 -4  1  2 -2 -2 -1  2  0  3    4   0   2   2   1   2   2   2   0  19  15   0   4   9   1   2   4   3   3  27  0.41 0.29
  244 G    2 -3 -1 -1 -5 -2 -3  6 -5 -5 -6 -4 -5 -5 -2  1 -1 -5 -3 -4   17   1   3   4   0   1   2  53   0   0   0   0   0   0   2  10   4   0   1   1  1.04 0.57
  245 V    2 -2 -2 -4 -3 -3 -4  2 -1  0  1 -4  0  4 -1 -1 -1 -3  0  1   20   1   2   0   0   0   0  14   2   3  14   0   2  17   3   3   3   0   3  11  0.30 0.27
  246 G    1 -3 -1 -2 -5 -4 -2  6 -5 -6 -4 -2 -5 -2 -5  1 -1 -5 -1 -2   10   2   2   2   0   0   3  59   0   0   2   2   0   2   0   9   3   0   2   3  1.11 0.62
  247 L    0 -4 -2 -4 -1 -2 -4 -2 -4  2  2 -4  2  1  0 -2 -2  0  0  3    8   0   2   0   1   2   0   4   0  13  20   0   5   5   4   3   2   1   3  25  0.37 0.28
  248 R   -1  3  2  1 -4  1 -1  0  0 -2 -3 -1 -1  1  0  1  0  0  0 -2    3  15  12   9   0   7   3   6   2   2   2   3   2   7   5   9   7   1   3   2  0.19 0.20
  249 G    1 -1 -1 -1 -2 -1 -1  1 -2  0  0 -1  0  0  0  0  0  1  2  0   16   2   2   2   0   3   3  12   0   7   8   2   2   5   4   7   7   2   8   7  0.07 0.11
  250 L   -1 -1  1 -1 -3  1 -1 -2 -2  2  0 -1  1  0  0 -1  0 -3  1  1    4   3  10   2   0   8   4   3   0  14   8   3   5   4   5   3   6   0   5  13  0.10 0.15
  251 Y   -2  0  0  0 -4 -1 -1 -1  1 -1 -2 -1  0  2 -1 -1  0  3  5 -2    4   6   4   6   0   3   3   6   4   3   4   4   3   8   3   4   5   4  23   3  0.34 0.28
  252 A    0  0  0  0 -2  1  0  0 -1  0 -1  0 -1  0  1  0  0 -2  1  0    6   6   6   6   0   6   6   6   0   6   6   6   0   6   6   6   6   0   6   6  0.04 0.06
  253 T   -1  0  1  2 -3  0  1 -1  0 -1  0  0  0  0 -1  0  1  0 -1 -2    3   4   8  13   0   4   8   4   2   2  13   6   3   4   3   8  10   1   2   2  0.10 0.14
  254 G    2 -2 -1  0 -4 -3 -1  3  0 -2 -2 -1 -1  1 -2  0  0  1 -1 -1   17   2   3   4   0   0   3  28   2   2   3   3   2   6   2   7   6   2   3   5  0.28 0.27
  255 S    0 -1  0  1 -3  0  1  0  0 -1 -2  1  0 -1 -1  1  2  0  0 -1    9   3   4   7   0   5   8   8   2   3   3   8   3   2   2  10  17   1   3   4  0.12 0.16
  256 F   -1  0  0  0 -3  0  0 -1  1  0 -1  0  1  0  0  0  0  3  1  0    5   5   5   5   0   5   5   5   5   5   5   5   5   5   5   5   5   5   5   5  0.06 0.08
  257 N   -1  0  0  0  2  0  0 -1  2  0 -1  0  2  1  0 -1  0  4  1 -1    5   5   5   5   5   5   5   5   5   5   5   5   5   5   5   5   5   5   5   5  0.09 0.08
  258 N    0  2  3  1 -4  0 -2 -1  0 -2 -3  0 -1 -2  1  0  1  0 -1 -2    8  12  17   8   0   4   2   5   2   3   2   4   2   2   6   8   9   2   2   2  0.24 0.25
  259 T    0  0  1  2 -3  0  1 -1  1 -1 -1  0  0 -1  0  0  1 -3  0 -1    8   3   7  12   0   4   8   4   4   4   4   5   3   3   4   8  11   0   4   5  0.09 0.11
  260 V   -1  0  0  0 -3  0  0 -1  1  0 -1  0  1  0  0  0  0  3  1  0    5   5   5   5   0   5   5   5   5   5   5   5   5   5   5   5   5   5   5   5  0.06 0.08
  261 Y    0 -1  0 -1  1 -1 -1 -1  1 -1 -1 -1 -3  2  1  0 -1  4  4 -1    7   3   4   4   3   3   4   6   3   4   5   4   0   9   6   6   4   6  15   5  0.18 0.20
  262 V    0 -1  0  0 -3  0 -1  2 -1  0 -1  0  0 -1 -1  0  0  0 -1  1    9   3   5   6   0   4   3  17   2   4   6   5   3   3   3   6   6   1   2  11  0.05 0.08
  263 P   -1  0  0  0 -3  0  0 -1  1  0 -1  0  1  0  0  0  0  3  1  0    5   5   5   5   0   5   5   5   5   5   5   5   5   5   5   5   5   5   5   5  0.06 0.08
  264 L    0  0 -1 -1 -1 -1 -2  0  0  0  1 -1  1  1  0  0  0  3  1  0    8   5   3   3   1   2   2   7   2   5  14   2   3   6   4   7   5   5   6   8  0.06 0.08
  265 E    0 -1  1  1 -3  0  1  0  1 -1 -2  0 -1 -1  2  0  0  0  1 -2   10   3   6   8   0   4   8   7   3   3   4   5   2   2  10   7   7   1   5   3  0.11 0.13
  266 G   -1  0  0  0 -3  0  0 -1  1  0 -1  0  1  0  0  0  0  3  1  0    5   5   5   5   0   5   5   5   5   5   5   5   5   5   5   5   5   5   5   5  0.06 0.08
  267 A    2  0  0  1  0  0 -2  1  0 -2 -2 -1 -1 -2 -1  1  1  0  0  0   16   5   4   8   2   4   2  11   2   2   4   4   1   2   4  11   7   1   4   6  0.12 0.13
  268 S   -1  0  2  0 -1  0  1 -1  0 -2 -3  0  0  1 -1  1  1  2  1 -1    5   5   9   6   1   5   8   6   2   3   3   5   3   7   3  10   8   3   4   5  0.10 0.11
  269 V    0  0  1  1  0  0 -1 -1  0  0  0  0  0  1 -1  0  0  1  0  0    8   5   7   9   2   3   3   5   2   6  11   5   3   6   2   5   7   2   3   6  0.02 0.03
  270 L    1 -2 -1 -1 -5 -1 -2  0 -1  0  2  0  1  0  1 -2 -1  3  0  0   10   2   3   3   0   2   3   8   2   6  20   6   3   4   8   4   4   3   4   6  0.13 0.11
  271 S    0 -1  1  0  0 -1 -1  1 -1 -1 -2  0  0 -1  0  2  1  1  0 -1    7   3   5   5   2   3   5  12   2   4   4   7   2   3   6  13   9   2   4   4  0.11 0.12
  272 A    0  0  0  0  0  0  0  1  0  0 -1  0  0  0  0  0  0  2  0  0    8   4   5   5   3   5   5  10   3   7   6   6   3   3   5   5   6   3   4   6  0.02 0.02
  273 E    0  0  0  0 -2  1  0  0  1  0 -1  0  1  0  1  0  0 -2  1  0    6   6   5   6   0   5   6   6   5   6   6   6   5   5   6   6   6   0   5   6  0.03 0.06
  274 Q    0  0  0  1 -3  1  0  0  0  0  0 -1  0  0  0  0  1  2  1 -1    6   5   5   9   0   6   7   6   2   5   8   3   2   3   4   8   9   3   6   4  0.05 0.07
  275 I    0 -2 -1  1 -2 -1 -1  1 -1  1  0 -1  0 -1  0  0  0  0  0  1    9   1   3   9   0   3   4  10   1   9  11   3   1   2   4   6   6   1   4  11  0.04 0.07
  276 L    0 -2 -1  0 -3 -1 -1 -1 -1  0  0 -1  1  0  1  0  1  1  0  1    5   2   2   7   0   2   4   5   1   5  12   3   4   4   8   7   8   2   3  15  0.06 0.09
  277 N    0 -1  4  1 -2 -2 -2  2 -1 -3 -2 -2 -3 -2 -2  0  2  1  0 -2    9   4  17   8   1   2   2  17   1   2   4   2   1   2   2   7  14   2   3   3  0.30 0.27
  278 L   -1 -3  0 -1 -3 -1 -2 -1 -2  1  1 -2  1  3 -2 -1  0  3  2  1    6   0   4   3   0   2   2   5   1   6  14   3   4  16   2   5   6   4   7   9  0.19 0.18
  279 P    0 -3  2  0 -5 -1 -1  3 -1 -3 -3 -3 -2 -1  5  0 -1  1 -1 -3    8   1  10   4   0   3   4  20   1   2   2   1   1   3  25   6   3   2   2   2  0.52 0.39
  280 N    0 -2  2  0 -4 -2 -2  1 -1  0  0 -2  0  2 -1 -1  0  0  4 -1    9   2  11   5   0   2   1  10   1   5   8   2   3  10   3   4   7   1  13   4  0.18 0.19
  281 N    0  0  4  0 -3 -1 -2  3 -1 -2 -2 -1 -2 -2 -1  0 -1 -1 -1 -2    8   5  18   5   0   3   2  26   1   3   4   4   1   2   3   7   3   1   3   3  0.34 0.28
  282 V    1 -2 -1 -2 -3 -2 -2 -1  0  1  1 -2  0  0  0 -1  1  0  2  1   11   1   2   2   0   1   2   5   2   8  17   2   2   4   4   5   8   1   8  12  0.11 0.13
  283 F    2 -1  1 -2 -1  0 -1  1  0 -1 -1 -1  0  2  0  1 -1 -1  1 -1   16   2   7   1   1   3   3  10   2   3   5   3   2   9   5  11   4   1   6   4  0.11 0.15
  284 A    1 -2 -1 -1 -3 -2 -2  1 -2  1  0 -1 -1  1 -2  0  1  1  2  1   14   1   2   3   0   1   1  11   1   7   9   3   1   5   2   7  10   2   9  10  0.13 0.16
  285 D    1  0  0  1 -2  0  0  1  0 -1 -1  0 -1 -1 -1  1  0  0 -1 -1   11   4   5   7   1   5   7  13   2   3   5   3   2   3   3  11   7   1   2   5  0.07 0.08
  286 Q   -1 -2 -2 -1 -4  2  1 -2  1 -2 -1 -1 -1  2 -2 -1 -1  2  5  0    5   2   2   4   0   8   8   3   3   3   6   4   2   8   2   3   3   3  24   6  0.39 0.32
  287 V    0  0  0  0 -3  1  0  0 -1  0  0  1  0 -2  0  1  1 -1 -1  1    7   6   5   4   0   6   4   6   1   4  10  10   2   1   3   9   8   1   2  10  0.04 0.08
  288 P    0 -2 -1  2 -4 -1  0 -1 -1  0  0  0 -1 -2  4  0  1 -2  0  0    7   2   2  14   0   2   6   4   1   5   8   5   1   2  18   5   8   1   4   6  0.22 0.22
  289 S    0 -2  1  1 -2  0 -1  1 -1 -1 -1 -1  0 -2  0  1  2  1 -1  0    7   1   7   7   1   3   3  11   1   4   5   4   2   1   4  13  13   2   2   6  0.11 0.15
  290 N   -1 -1  1  2 -3  0  0 -1  0  0 -1  0 -1  0  0  0  0  3  1 -1    6   2   8  12   0   4   7   4   2   5   7   6   1   4   5   8   6   4   6   4  0.09 0.12
  291 M    0  0  1  1 -3  1  0  0 -1  0 -1 -1  0 -1 -1  1  1  2 -1  0    8   4   9   9   0   6   6   6   2   6   5   3   2   2   2   9  10   3   2   6  0.07 0.11
  292 M    0  0 -2 -1 -1 -1 -1  0 -2  0  1 -1  1  1  0  0  0  3  0  0   10   4   1   4   1   3   3   6   1   6  14   4   4   6   5   6   4   5   3   8  0.05 0.07
  293 T    0  1  0  0 -4  0  0  3 -2 -3 -2 -1 -2 -3 -2  2  2  0 -1 -2    8   7   5   4   0   3   5  20   1   1   4   3   1   1   2  15  14   1   2   2  0.24 0.25
  294 L    0 -2 -1 -1 -2 -1 -1 -2  0  0  1 -1  0  2  0 -1 -1  2  2  1   11   2   3   4   1   2   4   3   2   6  17   3   1  11   4   4   2   3   9   8  0.13 0.15
  295 L    1 -1  1 -1 -3  0 -1  2  0  0  0 -1 -1  0 -2  0  0  1  1  0   12   3   7   4   0   4   2  18   2   5  10   2   1   4   1   7   6   2   5   5  0.08 0.12
  296 G    2 -4 -2 -2 -4 -2 -2  3 -3 -1  0 -2  0  1  0  0 -1  5  1  0   17   0   2   2   0   1   2  20   0   4   9   2   2   5   5   6   3   8   4   6  0.29 0.26
  297 N    0 -1  3  0 -4 -1 -1  3 -1 -1 -3 -2 -1 -2 -2  1  1 -1 -1 -2    6   3  17   4   0   3   4  25   1   3   3   2   1   2   1   8   9   1   2   3  0.35 0.31
  298 I    0 -2 -2 -2 -3 -1 -2  0 -2  3  1 -1  0  1 -2 -1  0  0  1  2    8   1   2   2   0   2   2   8   1  17  15   5   2   5   2   4   4   1   6  14  0.14 0.16
  299 G    1  0  1 -1 -4 -1 -2  3  0 -2 -3 -1 -1 -2 -1  1  2 -4 -1 -1   12   4   7   4   0   2   2  22   3   2   2   3   2   2   3  10  13   0   3   5  0.24 0.25
  300 Y   -1 -2 -1  1 -5 -3 -1 -2 -1 -1  0 -3 -1  1 -2  0 -1  3  6  0    6   2   2   8   0   1   4   3   1   4   9   1   2   5   3   6   4   3  30   6  0.48 0.39
  301 Q    0  2  1 -1 -3  2 -1 -1  1  0  0  1 -1 -1  0  0  0 -1  0  0    6  12   7   3   0  10   2   4   3   5   8   8   1   2   4   6   5   1   4   6  0.08 0.12
  302 P    0 -1 -1 -1 -3 -1 -1 -1  0  0 -1  0 -1  0  2  1 -1  1  2  0    8   2   3   3   0   3   2   4   2   7   6   6   2   3  11  13   4   2  10   9  0.12 0.16
  303 A    1  0  1 -1 -3  0  0  0  0 -1 -1  1  0  0 -1  1  1  1  0  0   16   3   8   3   0   3   5   6   2   3   5   8   3   5   2   9   9   2   3   5  0.07 0.12
  304 L    0 -1 -1  0 -3 -1  0 -1 -1  1  1 -1  0  1 -1  0  0  1  2  1    7   3   2   6   0   2   5   3   1   8  12   3   2   6   3   7   4   2  11  11  0.06 0.10
  305 N   -1  0  0  0 -3  0  0 -1  1  0 -1  0  1  0  0  0  0  3  1  0    5   5   5   5   0   5   5   5   5   5   5   5   5   5   5   5   5   5   5   5  0.06 0.08
  306 C    0 -1 -1 -1  0  0  0 -2  1  0  1 -1  1  1  0  0  0  2  1  1    6   3   3   4   3   5   4   3   4   7  13   3   4   5   4   5   6   3   6  10  0.03 0.05
  307 Q    0  0  1  1 -3  1  1  0  1 -1 -1  0  0 -1  0  1  0 -3 -1 -1    7   6   9   8   0   5   7   8   3   5   6   6   2   3   4  11   4   0   3   4  0.07 0.08
  308 K   -1  0  0  0 -2  0  0 -1  0  0  0  0  0  1  0  0  1  2  1  0    5   3   4   6   0   4   4   4   2   7  12   8   2   6   5   4   9   4   6   5  0.04 0.06
  309 A    0  0  0  0 -2  0  0  0  1 -1 -1  0  0  0  0  1  0  1  0 -1   10   6   4   4   0   5   4   8   3   4   7   6   3   3   5  10   7   2   3   4  0.04 0.05
  310 G    0 -1  1  0 -3 -1 -1  2  0 -1 -1 -1  0  2 -1  0  0  2  1  0    9   2   7   4   0   3   4  19   2   4   6   3   2  10   3   5   5   3   4   6  0.11 0.14
  311 G    1  0  0  1 -3  0  0  1 -1 -1 -1  0  0 -1  0  1  0 -3 -1 -1   12   4   4  11   0   4   4  12   2   4   5   4   3   3   5  11   4   0   2   5  0.08 0.10
  312 D   -1 -1  0  1 -3 -1 -1 -1  0  0 -1 -1  0  1 -1  0  1  2  3  0    5   2   4   8   0   3   4   6   2   4   6   3   2   7   3   7  10   4  12   8  0.09 0.13
  313 M   -1  0  0  0 -3  0  0 -1  1  0 -1  0  1  0  0  0  0  3  1  0    5   5   5   5   0   5   5   5   5   5   5   5   5   5   5   5   5   5   5   5  0.06 0.08
  314 S    1 -2  2 -1 -2 -1 -2  0 -1  0  0 -1  0  0 -1  1  0 -1  0  0   10   2  11   3   1   3   3   8   2   6  10   4   2   3   4  12   6   1   4   7  0.09 0.10
  315 D   -1 -1  3  3 -1 -1 -2  2 -1  0 -2 -2 -1 -1 -1  0 -1 -1  0  0    6   4  15  13   1   3   2  13   1   5   4   3   1   3   4   7   4   1   3   6  0.23 0.19
  316 Q    0  0 -1  0 -3  1  1  0  0  0 -1  0  0  0  0  0  0  0  0  0    8   5   3   4   0   6   8   7   2   7   7   6   2   3   5   8   7   1   4   7  0.03 0.04
  317 S    0 -1  2  0 -1  0 -1  0 -1  0  0 -1  0  0  0  1 -1  0  0  0    8   3   9   4   1   5   5   9   2   5   7   4   2   4   5  11   4   1   3   8  0.04 0.06
  318 C    0 -1  0  0  0  0  0  0  0  0  0 -1  0  0  0  0  0  1  0  0   10   3   5   4   3   3   6   7   2   5  10   3   3   6   4   9   3   2   3  10  0.01 0.02
  319 Q    0 -1  0  0 -3  1 -1  0  0  0 -1  0  0  0  1  1  0  3  0  0    6   3   4   4   0   8   4   8   2   6   7   5   3   4   7  10   4   5   3   7  0.06 0.09
  320 E   -1  0  0  0 -3  0  0 -1  1  0 -1  0  1  0  0  0  0  3  1  0    5   5   5   5   0   5   5   5   5   5   5   5   5   5   5   5   5   5   5   5  0.06 0.08
  321 F    0 -1 -1 -1 -3 -1 -1 -1  2  0  1 -1  1  3 -1  0  0  1  2  0    9   2   3   3   0   3   4   5   5   5  12   3   3  14   2   6   4   2   8   5  0.12 0.14
  322 Y    0 -1  0  1  0  0 -1  1  1  0 -1 -1  1  0  1  0  0  2  2  0    7   4   4   7   3   3   3  10   3   4   6   3   3   4   6   6   4   3   7   8  0.05 0.05
  323 N    1  0  1  0  1  1  0  0 -3  0 -1  0  1  0  0 -1 -1  2  1 -1   11   6   8   5   3   5   5   7   0   4   5   5   3   5   4   5   4   3   5   5  0.06 0.07
  324 G    0 -1 -1 -1 -6  0 -1  4  0 -1 -1  0 -1 -1 -1 -2  0  0  0 -1    7   4   3   4   0   5   4  29   2   3   6   6   2   3   3   3   7   1   3   5  0.29 0.22
  325 L    0 -2  1 -1 -4 -1 -1 -1 -1  1  2 -1  1  1  0 -1  0 -4  0  0    9   2   6   4   0   2   4   6   1   9  17   4   3   5   5   5   6   0   3   7  0.09 0.08
  326 K    1  0  2  1 -1 -1 -1  0 -1  0 -1  0  0  1  0  0  0  1  0  0   10   4   9   8   1   3   4   8   1   5   6   6   2   6   4   8   5   2   4   6  0.04 0.04
  327 K    1  1  1 -1  0  1 -1  0  0  0  0  0  1  0  1 -1  0  1  0  0   10  10   7   3   2   6   3   7   2   5   8   5   3   4   6   5   5   2   3   6  0.04 0.05
  328 I   -1 -1  0  0 -4  0 -1 -1  1  2  0 -1  2  1 -1  0  1  2  1  1    6   4   4   5   0   4   4   4   4  12   7   4   5   5   3   6   8   3   4   9  0.09 0.08
  329 M   -1  0  0  0  2  0  0 -1  2  0 -1  0  2  1  0 -1  0  4  1 -1    5   5   5   5   5   5   5   5   5   5   5   5   5   5   5   5   5   5   5   5  0.09 0.08
  330 G    0  1  0  0  1  0  0  2  1 -1 -2  0  1 -1  0  0  0  2  0 -1    8   7   4   4   3   4   5  15   3   4   4   5   3   3   5   6   6   3   4   4  0.07 0.07
  331 Y   -1  0  0  0 -3  0  0 -1  1  0 -1  0  1  0  0  0  0  3  1  0    5   5   5   5   0   5   5   5   5   5   5   5   5   5   5   5   5   5   5   5  0.06 0.08
  332 S    1  0  0  1 -2  0  0  1 -1 -1  0  0 -1 -1  0  1  0 -1 -1  0   13   4   5   7   0   4   6  11   1   4  10   5   1   3   4  10   4   1   1   6  0.05 0.07
  333 G    0 -1  0  0 -2  0  0  3 -1 -1 -1  0 -1 -1  0  0  0 -4 -1 -1    8   3   3   5   1   4   6  28   1   4   6   5   1   2   4   6   6   0   2   4  0.18 0.17
  334 L    1 -1  0 -2 -2  0 -1 -1 -1  1  1  0  1  0  0  0  0 -1 -1  1   11   2   4   2   0   4   4   4   1   8  18   5   3   3   3   8   7   1   2   9  0.05 0.09
  335 I    0  0  0  0 -1  1  0 -1 -1  0  0  1  0 -1 -1  0  0 -1  0  0   10   3   4   6   1  10   5   5   1   5  10   8   3   2   3   5   5   1   3  10  0.03 0.06
  336 K    0  1  0  0 -3  0  0  0  0 -1  0  1  0 -1  1  1  0 -3 -1 -1    8  11   4   4   0   3   5   8   2   4   9   9   2   3   6  10   5   0   1   4  0.06 0.08
  337 A    1 -1  0 -1 -2  0 -1  0  0  0  0 -1  0  0  1  1  0  0  0  0   15   3   5   3   0   4   4   8   2   6   9   3   3   5   6   9   6   1   3   7  0.04 0.06
  338 S    1  0  1  0 -2  0 -1  0 -1  0  0 -1  0 -1  0  0  0  1 -1  0   11   4   9   6   0   3   3   7   1   6   8   4   2   2   5   8   7   2   2   8  0.04 0.07
  339 A    1 -1  0 -1 -3  0 -1  1  0 -1  0 -1  0 -1  2  0  0  2  0  0   13   3   5   4   0   3   2  10   2   4   9   2   2   3  11   8   7   3   3   6  0.09 0.12
  340 N    0 -1  1  1 -3  0  0  0 -1  0 -1 -1  0  0  2  0  0  0 -1 -1    7   3   9   8   0   5   4   7   1   6   7   2   3   4  12   6   7   2   2   5  0.09 0.11
  341 L    0 -1  0 -1 -2  0 -1  0 -2  1  1 -1  0  0  1  0  0  0  0  0    8   2   5   4   0   4   4   7   0   8  18   2   3   5   7   7   5   2   3   6  0.04 0.08
  342 Y   -1  0  0  0 -3  0  0 -1  1  0 -1  0  1  0  0  0  0  3  1  0    5   5   5   5   0   5   5   5   5   5   5   5   5   5   5   5   5   5   5   5  0.06 0.08
  343 G    1 -1  0  0 -3  0 -1  3 -2 -2 -1 -1 -1 -2  2  1 -1 -2 -1 -1   11   2   4   4   0   4   3  25   0   2   5   3   1   2  10  11   4   0   2   4  0.22 0.16
  344 T    0 -1  1  1 -2  0 -1  0 -1 -2 -1 -1  0 -2  2  1  1  0 -2 -1    9   4   7   7   0   4   2   7   1   2   7   4   2   2  12  10  12   1   1   4  0.13 0.12
  345 T    0 -1  0 -1 -2  0 -1  1 -2  0  0 -1 -1  0  1  1  1 -2 -1  0    8   3   4   3   1   4   3  12   1   5  10   3   1   3   7  14  12   0   2   5  0.08 0.10
  346 Q    0 -1  1  3 -3  1  1 -1 -1 -2 -2  0 -2 -2  1  1  1 -1 -1 -2    6   2   8  17   0   7   7   4   1   2   4   5   1   1   8  11  10   1   2   3  0.19 0.16
  347 V    0 -1 -1 -1 -2 -1 -1  1 -1  1  1 -1  0  0  0  0  0  0  0  1    7   2   3   3   0   2   3  12   1   9  13   2   2   3   4   7   6   1   4  14  0.04 0.06
  348 V    0 -1  0  1 -2 -1 -1  0  0  0  0 -1  0  1 -1  0  0 -2  1  0    9   3   3   9   0   2   3   6   2   5  13   4   1   7   2   8   7   0   6   9  0.02 0.05
  349 Q    1  1  1 -1 -2  1  0  0 -1 -1 -1  1 -1 -1 -1  1  0 -2 -1  0   13   7   7   2   0   9   3   6   1   3   6   9   1   3   2  11   6   0   2   7  0.07 0.09
  350 K   -1  1  2  2 -3  1  1 -1  1 -2 -2  2 -2 -1 -2  0 -1 -1  0 -2    4   9  11  13   0   5   8   3   4   2   4  15   1   2   1   5   4   1   4   3  0.19 0.16
  351 S   -1 -2  0 -2 -3 -1 -1  0 -2  2  2 -2  3  1 -2 -1 -1 -3 -1  1    3   2   5   2   0   2   3   8   1  11  24   2  10   6   1   4   3   0   1  11  0.17 0.16
  352 N   -2 -1  2  3 -4  1  3 -1  1 -3 -3  3 -2 -4 -3  0  0 -1 -2 -3    3   2   9  15   0   5  20   4   3   1   2  20   1   0   0   6   6   1   1   1  0.42 0.29
  353 G    2 -2 -1  0 -4 -1 -3  5 -4 -3 -2 -1 -3 -4 -2 -2 -2  1 -4 -1   15   3   3   5   0   3   1  49   0   1   4   3   1   1   2   2   2   2   0   6  0.71 0.40
  354 Q   -1 -2  1  5 -4  1  1 -2 -1 -3 -4  0 -4 -2 -3  1  0  0 -2 -3    4   1   7  40   0   5   7   2   1   1   1   7   0   2   0   9   7   2   2   2  0.63 0.38
  355 G    1  0  0  4 -4 -2 -1  3 -3 -3 -3 -2 -4 -3 -3  2  0 -4 -4 -3   12   5   3  26   0   1   2  19   0   1   2   2   0   1   1  14   7   0   0   2  0.46 0.32
  356 V   -2 -3 -1 -1 -4 -3 -2 -3 -1  1  0 -2  0  1 -4 -1  2  8  1  1    3   1   3   3   0   1   3   2   2   7   8   2   2   6   0   6  13  25   4  10  0.69 0.38
  357 S    3 -2 -1  0 -4 -1 -1  4 -4 -4 -4 -2 -2 -5 -1  0  0 -5 -4 -3   26   2   2   6   0   2   4  38   0   0   1   2   1   0   2   6   7   0   0   1  0.68 0.41
  358 G    0 -3 -3 -4 -4 -3 -3  0 -2  0  0 -3  1  4 -2 -2 -2  6  4  1    7   2   1   0   0   1   1   8   1   3  11   1   3  18   2   2   2  12  13  13  0.53 0.32
  359 G   -1 -4 -1 -4 -5 -2 -4  6 -4 -3 -4 -2 -5 -2 -5 -1 -1 -5 -5 -3    4   1   2   0   0   2   1  72   0   1   2   2   0   2   0   4   3   0   0   2  1.46 0.65
  360 Y    0 -5 -5 -5 -5 -4 -5 -1 -2 -1 -1 -5 -1  4 -5 -3 -2  8  6 -1    7   0   0   0   0   0   0   6   1   3   5   0   2  18   0   1   2  22  26   5  1.23 0.58
  361 R   -2  2  6  0 -5  1 -1 -2  0 -2 -3 -1 -3 -5 -2  0  0 -5 -4 -3    2  12  45   3   0   5   3   3   2   2   2   3   1   0   1   7   7   0   0   2  0.81 0.48
  362 V    2 -4 -3 -4 -3 -2 -4 -3 -4  2  3 -2  0  1 -1 -2 -2 -4 -1  2   18   0   1   0   0   2   0   1   0  14  29   2   2   6   3   3   1   0   1  16  0.39 0.28
  363 G    0 -4 -3 -2 -5 -4 -2  6 -5 -3 -6 -4 -5 -6 -3  1 -1 -5 -5 -5    7   1   1   2   0   0   3  69   0   2   0   0   0   0   1   8   3   0   0   0  1.43 0.66
  364 S    2 -4 -4 -4 -3 -3 -3 -1 -4  2  2 -3  1  0 -3 -1  1  1 -2  2   21   0   0   0   0   0   1   3   0  11  25   1   4   4   1   2   8   2   1  14  0.34 0.27
  365 S    0 -2 -2 -1 -3  0 -1 -2  0  0  2 -1  3  0 -2  1  1  1  0  0    9   1   1   3   0   5   3   3   3   3  24   3   9   3   1  10   8   2   3   7  0.13 0.17
  366 L   -2 -4 -1 -5 -3 -4 -3 -4 -1  0 -1 -3  1  3 -3 -4 -2  6  7  0    3   0   3   0   0   0   2   1   1   5   5   1   3  11   1   1   3  10  41   6  1.12 0.56
  367 R   -2  2  1  1 -4  4  2 -4  0 -2 -3  3 -3 -1 -2 -1  0 -3 -3 -3    2  11   5   8   0  17  16   1   2   2   2  19   0   3   1   2   6   0   1   1  0.45 0.32
  368 V    0 -4 -3 -2 -3 -3 -2 -2 -2  2  2 -3  0  1  4 -1 -1 -4 -2  1    8   0   1   2   0   1   2   3   1  13  21   1   1   7  24   3   3   0   1   8  0.44 0.28
  369 F   -1 -2  3  2 -1 -1 -1 -1 -2 -2 -1 -2 -1 -1 -2  1  3  1 -2 -1    3   1  17  13   1   2   3   4   0   2   7   1   1   3   2  11  19   2   1   5  0.25 0.24
  370 D   -2 -2 -1  4 -5  0  4 -1 -2 -3 -4  1 -4 -4  3 -1 -1 -5 -2 -3    3   1   2  24   0   4  25   4   0   2   1   7   0   0  15   4   3   0   2   2  0.59 0.37
  371 H    0  1  3  1 -3  1  0  0  1 -3 -2  1 -2 -3 -1  1  0  1 -2 -3   10   6  16   9   0   8   5   8   3   1   3   9   1   0   2   8   6   2   1   1  0.22 0.18
  372 G   -2 -3  3 -3 -3 -3 -3 -1  1  0  2 -3  0  0 -4 -2  3  4 -1  0    3   1  15   1   0   0   1   5   4   6  24   1   2   3   1   2  19   7   1   5  0.38 0.30
  373 M    0  5  0  0 -4  0 -1 -2  0 -3 -3  0 -1 -4 -3  1  2 -4 -2 -2    6  35   4   5   0   3   3   3   2   1   2   4   2   0   1  11  16   0   1   2  0.54 0.36
  374 F    0 -4 -4 -2 -3 -4 -4 -4 -4  3  3 -4  0  4 -4 -3 -3  1  0  2    7   0   0   2   0   0   1   1   0  17  31   0   1  21   0   2   1   2   2  12  0.64 0.35
  375 S    0 -3 -4 -1 -5 -3 -4  7 -5 -6 -6 -4 -3 -6 -5  0 -2 -5 -5 -5    7   2   0   4   0   1   1  73   0   0   1   0   1   0   0   6   2   0   0   0  1.60 0.71
  376 V    2 -2 -4 -4 -3 -4 -4 -1 -4  1  3 -4 -1  2 -4 -2 -2  0 -3  2   21   2   0   0   0   0   0   4   0   8  31   0   1  10   0   2   1   1   0  16  0.47 0.33
  377 V    2 -3  1 -1 -3 -2 -2  0  0 -2 -3 -3 -1 -4 -1  3  4 -5 -4 -1   15   0   6   3   0   1   2   5   3   2   1   0   2   0   3  27  25   0   0   5  0.49 0.38
  378 Y   -5 -5 -6 -6 -6 -5 -3 -4 -1 -3 -4 -5 -5  2 -6 -5 -2  3  9 -4    0   0   0   0   0   0   2   1   1   1   2   0   0   8   0   0   2   3  76   1  2.50 1.00
  379 N   -3  6  2 -1 -1  1 -2 -4  4 -5 -5  2 -3 -5 -2 -2  0 -5 -2 -4    2  47   8   3   2   5   1   1  10   0   1   9   0   0   2   2   5   0   1   1  1.01 0.53
  380 S   -1 -4 -2 -3 -4 -3 -3  0  0 -2 -4 -3 -2  0 -2  6  0 -5  0 -3    4   0   1   1   0   1   1   6   2   2   1   0   1   4   2  65   4   0   3   1  1.07 0.63
  381 S    0  1 -1 -2 -4  2  2  0 -1 -4 -4  3 -2 -4  0  2 -1 -1 -2 -4    7   6   2   1   0   8  15   6   1   0   1  23   1   0   5  18   3   1   1   0  0.41 0.32
  382 V   -1 -4 -3 -4 -3 -3 -4 -1 -4  3  1 -4  1 -2  1 -1  1 -1 -1  4    4   0   1   0   0   1   0   5   0  19  10   0   3   1   7   6   7   1   2  33  0.47 0.32
  383 T   -1  0  2  4 -2  0  1 -3  1 -2 -3  2 -3 -3 -1  0  2 -2 -2 -2    4   3   8  23   1   2  10   1   4   2   1  15   0   1   3   5  13   1   1   2  0.38 0.28
  384 F   -1 -2 -3 -4  0  0 -3 -3  4  1  2 -3  3  2 -2 -2 -2  1  3  1    4   1   1   0   2   4   0   1  13   8  23   1   8   9   2   2   2   2   9   8  0.38 0.27
  385 N   -2 -1  2  4 -4 -1  2 -2  1 -4 -4  2 -3 -2 -1  0  2 -4 -2 -3    3   2  12  22   0   2  13   2   3   0   1  13   0   2   3   6  14   0   1   1  0.44 0.31
  386 M    0 -3 -3 -3 -3 -3 -2 -3 -2  1  3 -3  2  3 -2 -2 -2 -3 -1  1   10   1   1   2   0   1   2   2   1   7  35   1   4  14   2   2   2   0   1  12  0.37 0.25
  387 K   -2  1  1  3 -4 -1  3 -1  0 -3 -3  2 -3 -2 -2  1  0 -2 -2 -2    3   6   7  16   0   2  23   3   2   1   2  13   0   2   1  10   5   0   1   3  0.35 0.25
  388 G   -1 -3 -1  0 -3 -2 -2  6  0 -2 -3 -3 -4 -4 -3 -1 -3 -4 -4 -4    4   1   3   5   1   2   2  64   2   3   2   1   0   1   2   4   2   0   1   1  1.14 0.50
  389 A   -1 -1  1  5 -4 -1  0  0  3 -4 -4  0 -3 -4 -3  0  1  0 -1 -2    5   3   5  33   0   3   4   7   7   1   1   6   1   1   1   7   9   1   2   2  0.53 0.35
  390 L    2 -2 -1 -1 -2 -1 -1 -1 -2  1  0 -2  0  1 -1 -1  1 -1  2  1   20   2   3   4   0   2   4   5   0   7   9   2   3   6   2   3  11   1   8   9  0.11 0.14
  391 V    0 -1  0  1 -3  0  1 -1 -1 -1 -2  1 -1 -1 -2  2  2 -3 -1  0    9   3   5   8   0   4   8   4   2   3   3  10   1   2   1  14  13   0   1   6  0.13 0.14
  392 A    1 -1  0  0 -2 -1 -1  1 -1  0  0 -1 -1  2 -1  0  0 -1  1  1   12   2   3   6   0   3   2  11   1   6   7   4   1  10   2   6   7   1   5  10  0.05 0.08
  393 I    0  0  0  0 -2  0 -1 -1 -1  0  1  0  0  2 -1  1  1 -2  0  0    7   6   4   4   0   4   4   4   1   4  14   4   3   9   2  12   9   0   3   5  0.04 0.07
  394 T    0 -1  0 -1 -2  0 -1  2 -1 -2 -1 -1 -1 -1  1  2  2  0  0 -1    7   2   5   3   1   5   2  14   1   2   7   2   1   2   8  14  14   1   3   3  0.15 0.15
  395 E    0 -1  2  1 -3  1  0  0 -2 -1 -1 -1 -1  0  2  1 -1 -3  1 -1    9   4  10   8   0   6   4   7   1   2   7   3   1   4  11  10   3   0   6   4  0.12 0.12
  396 L    1 -1 -1 -1 -2 -1 -1  0 -2  1  1 -1  0  2  1  0  0  0  0  1   11   3   3   3   0   2   3   9   1   8  15   2   1  10   6   5   7   1   3   9  0.06 0.07
  397 G    1 -2  2  0 -3 -1 -1  2 -1 -2 -1 -1 -2  0  2  0  0 -3 -1 -2   10   1  12   6   0   3   2  16   1   2   8   3   0   5  10   8   7   0   2   2  0.16 0.15
  398 P    0 -2  0 -1 -2 -1 -2  2 -2 -2 -1 -1 -1 -2  4  0  1 -1 -2 -1    8   2   5   4   1   3   2  17   1   2   6   4   1   1  22   6   8   1   1   5  0.33 0.23
  399 S    2 -2  1 -1 -2  0 -1  1 -1  0  0 -1 -1 -1  0  1  0 -2  1  0   18   1   7   2   0   4   4   9   1   7   8   3   2   2   4  11   7   0   5   6  0.08 0.11
  400 L    0 -1  0 -1 -2 -1 -2  0 -1  1  1 -1  0  2  1  0  0 -2  0  0   10   2   4   3   1   2   1   6   2   7  16   3   2  10   7   6   7   0   2   8  0.05 0.07
  401 G    1 -1  0 -2 -2  0 -2  3 -3 -1 -1 -1 -1 -1  2 -1  0 -3 -2 -1   12   3   5   2   1   4   2  28   0   3   7   3   1   2  11   4   5   0   1   3  0.29 0.21
  402 S    1 -1  1  0 -3 -1 -1  2 -2 -1 -1 -1 -1 -2  1  1  1 -3 -2 -1   11   2   9   6   0   3   2  17   1   3   7   3   1   2   8  11  10   0   1   4  0.17 0.15
  403 V    0 -1  0 -1 -2  0 -1  1 -1  0  0 -1  0  1  0  0  1 -2 -1  1   10   2   4   3   0   6   3  11   1   7  11   3   2   7   4   5  10   0   1  10  0.04 0.07
  404 L    0  0  1  0 -2  0  0  1 -1 -1  0  0 -1  0  0  0  1 -2 -1  0    8   5   8   5   0   3   4   9   1   3  12   7   1   6   5   6   9   0   2   6  0.03 0.05
  405 T    0  0 -1  0 -2  0  0  0 -1  0 -1  0  0  1  1  0  1 -2  1  0    6   5   3   6   0   5   4   7   1   6   4   4   2   6   7   7  10   0   7   9  0.05 0.07
  406 K    0  0  2  2 -3  0  0 -1  1 -2 -3  2 -2 -2  1  1  1 -1 -2 -2    6   5  11  12   0   3   5   5   3   2   2  13   1   2   8  10   7   1   1   2  0.20 0.16
  407 G   -1 -2 -1  0 -1 -1 -2  5 -2 -1 -2 -2 -1  0 -2  0  0 -2  2 -1    4   2   2   4   1   3   3  39   1   3   5   2   2   3   2   7   7   0   7   4  0.44 0.27
  408 S   -1  0  1  4 -3  0 -1 -1 -1 -3 -3  1 -3 -3  0  2  1 -4  0 -2    5   5   5  23   0   3   3   5   1   1   2   7   0   1   6  16   9   0   3   2  0.32 0.25
  409 L    3 -2 -2 -1 -2 -2 -1  1 -2  1  0 -2  1  1 -2 -1  0 -1 -2  1   26   1   2   4   1   1   3  13   1   8  10   1   3   7   1   4   6   1   1   8  0.19 0.18
  410 N   -1  0  2  2 -4  0  1  0  1 -2 -3  2 -3 -3 -3  2  1 -3 -2 -2    3   6   8  12   0   3   7   6   3   2   2  15   0   1   1  16  11   0   1   3  0.28 0.24
  411 I    2 -3 -4 -4 -2 -3 -4  0 -3  1  3 -3  1 -1 -4 -2  0 -1 -3  2   16   1   1   1   0   1   1   6   0   8  33   1   3   3   0   1   6   1   1  15  0.43 0.31
  412 N   -1 -2  3  3 -4 -1  1 -1  0 -3 -3  1 -2 -4  0  1  3 -4 -2 -3    5   1  13  19   0   2   8   4   2   1   2   8   1   1   5   9  16   0   1   2  0.37 0.29
  413 V   -1 -3 -3 -4 -3 -1 -3 -3 -4  4  3 -3  2  1 -4 -3 -2 -3 -2  3    5   1   1   1   0   2   2   2   0  21  30   1   4   6   1   1   2   0   1  18  0.55 0.30
  414 S   -1 -2  1  2 -4  0  0 -3 -1 -2 -3  0 -3 -4  4  0  3 -4 -2 -2    6   2   6  10   0   3   5   1   1   2   2   5   0   1  22   6  22   0   2   3  0.48 0.32
  415 L   -2 -4 -5 -6 -5 -2 -4 -4 -3  0  5 -5  3  0 -5 -4  1  1 -2 -1    4   1   0   0   0   2   1   2   1   5  57   0   6   3   0   1   9   2   1   4  0.91 0.52
  416 P   -2 -7 -6 -7 -8 -6 -4 -7 -7 -6 -8 -5 -4 -6  9 -4 -4 -8 -8 -6    3   0   0   0   0   0   1   0   0   0   0   0   0   0  89   2   1   0   0   0  3.03 1.32
  417 Q    3 -3 -3  4 -5  2  3 -3 -3 -6 -3 -4 -2 -3 -2  0 -4  1 -5 -4   29   1   1  24   0   8  18   2   1   0   3   0   1   1   2   6   0   2   0   1  0.75 0.53
  418 T   -2 -2 -2 -4 -4  2  0 -4 -2  2 -2 -3  4 -2 -2  2  3 -1  1  0    2   2   2   0   0   8   6   0   1  13   2   1  12   2   2  18  18   1   4   6  0.43 0.39
  419 L    3 -6 -6 -5 -5 -5 -4 -6 -5  2  3 -5 -1  3 -6 -4 -2  6  0  2   22   0   0   0   0   0   1   0   0  10  24   0   1  10   0   1   2  12   3  14  0.81 0.49
  420 S   -1 -2  2  1 -5  1  4 -1 -2 -2 -4 -2 -1 -4 -4  2  2 -2 -4 -3    5   2   9   7   0   5  30   4   1   2   2   2   2   1   0  13  13   0   0   2  0.51 0.41
  421 L    0 -5 -6 -6 -5 -4 -6 -3 -5  3  3 -5  0  4 -6 -4 -2 -2 -2  3    7   0   0   0   0   1   0   2   0  14  31   0   2  19   0   1   2   1   1  19  0.83 0.46
  422 A    3 -4 -4 -4 -5 -5 -5  4 -4 -5 -6 -4 -4 -4 -4  5 -2 -7 -4 -4   21   1   0   0   0   0   0  31   0   1   0   1   0   1   1  40   1   0   0   1  1.21 0.72
  423 Y    1 -4 -4 -4 -3 -4 -4  3 -4  1  1 -3 -1  0 -3  1 -1 -4  1  3   10   0   0   0   0   0   1  21   0   9  14   1   1   4   1  10   3   0   4  19  0.35 0.28
  424 A    2 -1 -3 -2 -2 -2 -2  1 -1 -3 -2 -3 -1  3 -4  1  1  1  3 -1   20   3   0   2   1   2   2  12   1   1   2   1   2  15   0  12   8   2  11   4  0.36 0.31
  425 H   -2 -2 -3 -5 -6  1 -5 -5  8 -4 -4 -3 -5  2 -3 -3 -3  4  6 -2    3   2   1   0   0   5   0   1  40   1   2   2   0   7   1   1   2   4  23   4  1.58 0.75
  426 Q   -1  2  1  0 -5  5  0 -3  1 -5 -5  3 -2 -6 -4 -1  1 -2 -3 -4    6   9   5   5   0  30   6   1   3   1   0  20   1   0   0   3   8   1   1   1  0.74 0.49
  427 F    0  1 -1 -1 -2 -1 -1 -1 -1  1  0 -1 -1  2  2 -1 -1  2  1  1    6   8   2   4   1   2   3   6   1   8   6   4   1  10  13   4   3   3   6  10  0.11 0.08
  428 F    0 -3 -2 -3 -2 -2 -2 -2 -3  2  3 -2  1  0 -2 -1  0 -2 -2  2    9   1   2   1   1   1   3   2   1  12  31   2   2   3   2   5   5   0   1  16  0.31 0.22
  429 K    0 -3  4  2 -4 -2 -2 -2 -4 -5 -4 -1 -3 -5  3  1  3 -5 -4 -4    8   1  23  11   0   1   2   3   0   0   1   4   1   0  13   8  20   0   1   1  0.65 0.43
  430 D   -2 -3  1  5 -5 -1  3 -3 -1 -5 -5 -1 -4 -5  3 -1 -1 -3 -4 -4    2   1   6  37   0   3  16   2   2   1   1   3   0   0  14   5   4   0   0   1  0.86 0.47
  431 H   -1  3  0 -1 -4  4 -2 -2  0 -4 -4  5 -3 -5 -2 -2 -1 -1 -3 -4    5  16   4   3   0  18   1   4   2   1   2  32   0   0   2   2   4   1   1   1  0.70 0.44
  432 L   -4 -7 -7 -5 -6 -6 -7 -7 -6 -1  3 -7 -3  4 -7 -5  0 10 -2 -1    2   0   0   1   0   0   0   0   0   3  28   0   0  15   0   1   5  39   1   5  1.97 0.88
  433 R    4  0 -2 -3 -4 -2 -2 -2 -5 -3  0 -2 -2 -5 -5  1  4 -3 -4 -2   34   6   1   1   0   2   3   2   0   1   8   2   1   0   0  10  26   0   0   2  0.65 0.49
  434 I   -2 -6 -6 -6 -5 -6 -6 -3 -6  3  4 -6  1  2 -6 -5 -3 -3 -4  4    2   0   0   0   0   0   0   2   0  13  36   0   3   8   0   0   1   0   0  34  1.03 0.54
  435 E    0 -3  0 -4 -5 -1  2 -1  7 -4  0 -4  3 -1 -5  0 -2 -5  2 -3    8   1   4   0   0   2  15   5  29   0  10   0   8   2   0   7   2   0   7   1  0.76 0.49
  436 G    3 -5 -5 -6 -5 -5 -5  1 -4 -3  0 -5 -2  3 -5 -3 -3 -1  5 -1   29   0   0   0   0   0   0  13   0   1  10   0   1  13   0   2   2   1  23   5  0.85 0.52
  437 V   -2 -5 -1  5 -5 -1 -2  2 -2 -5 -5 -3 -5 -6 -5  4  1 -6 -6 -2    2   0   2  29   0   2   2  14   1   0   1   1   0   0   0  35   8   0   0   3  0.94 0.59
  438 F    1 -5 -5 -6 -4 -5 -5 -4 -3  2  2 -5  0  2 -5 -2 -2  3  4  4   14   0   0   0   0   0   0   1   1  11  16   0   2   8   0   2   1   4  12  28  0.65 0.41
  439 E    0  0  3 -1 -4  3  1 -2 -3 -2 -2  1  0 -3 -4  0  3 -5 -4 -1    7   4  14   2   0  17  10   3   0   2   3   8   3   1   0   5  17   0   0   5  0.36 0.32
  440 R   -6  3 -7 -7 -7 -2 -6 -6  0 -6 -2 -3 -4  0 -7 -6 -6 11  5 -5    0  17   0   0   0   2   0   1   2   0   4   1   0   4   0   0   0  47  19   1  2.45 1.03
  441 T   -1 -5 -3 -4 -5  0 -3 -5 -1  2 -3 -4 -1 -3 -5 -1  6 -6 -1  0    4   0   1   1   0   5   2   0   2  11   1   1   1   1   0   4  59   0   2   5  1.19 0.69
  442 F   -2  2  2  3 -4  1 -1  3  1 -4 -3 -1 -2  1 -4  0 -2 -2  0 -4    2  13  10  15   0   6   4  21   3   0   3   2   1   8   0   6   2   1   3   1  0.37 0.29
  443 W   -7 -7 -8 -8 -7 -7 -8 -7 -4 -7 -6 -8 -7 -2 -8 -7 -7 13  1 -8    0   0   0   0   0   0   0   0   0   0   1   0   0   1   0   0   0  91   4   0  4.82 1.69
  444 S   -2 -3 -1 -2 -5 -4 -3 -1 -3 -6 -6 -1 -6 -6 -5  7 -3 -6 -6 -5    2   1   2   2   0   0   1   4   1   0   0   4   0   0   0  79   1   0   0   1  1.79 0.94
  445 Q    0  3 -1  1 -3  2  1 -2 -2 -3 -3  1 -3 -5 -4  3  0 -5 -4  0    9  16   2   7   0  11   8   2   1   1   1   7   0   0   0  21   6   0   0   6  0.36 0.31
  446 G   -2 -4 -4 -6 -5 -4 -5 -3 -4 -1  1 -5 -1  7 -4 -4 -3  1  5  0    3   1   1   0   0   1   0   2   0   4  14   0   1  45   1   1   2   2  17   5  1.26 0.60
  447 N   -3 -1  1  4 -5  3  2 -1 -1 -5 -4  3 -2 -3 -1 -1 -1 -5 -4 -4    1   2   5  24   0  15  12   4   1   0   1  21   1   1   2   3   3   0   0   1  0.63 0.41
  448 K   -1 -1  0  2 -4  2  4 -2 -2 -3 -4  2 -3 -4 -3  1  0 -4 -3 -2    5   2   4  10   0   8  28   2   1   1   1  14   0   0   1  11   7   0   1   2  0.49 0.34
  449 F   -3 -4 -5 -4 -4 -3 -4 -5 -4  3  5 -4  0  1 -3 -4 -2 -4 -1  1    1   1   1   1   0   1   1   1   0  17  55   1   1   5   1   1   2   0   2   7  0.95 0.47
  450 L   -1  1  1  2 -3  0  2 -1  0 -1 -1  1 -2 -2 -2  0  1 -1 -2  0    5   9   6  12   0   2  12   4   2   3   5  11   1   1   2   5  12   1   1   7  0.15 0.14
  451 V    2 -3 -1 -3 -2 -3 -2 -3 -2  3  0 -2 -1  3 -2 -1  0 -1  0  3   17   1   3   1   0   1   2   2   1  17   8   2   1  13   1   3   5   1   2  20  0.30 0.20
  452 T   -1  0  1  2 -1  0  2 -1 -1 -1 -2  0 -2 -2 -1  1  3 -3 -1 -1    4   5   7  12   1   4  12   3   1   3   3   6   1   1   2   8  19   0   3   5  0.18 0.15
  453 P   -1 -1  2 -1 -2 -1 -1  1 -1  0  0 -1  0  3  0  0 -1 -1  2  0    5   2  11   4   1   1   3  10   1   4   9   3   2  14   5   7   3   0   9   6  0.12 0.11
  454 D    0 -1  2  4 -2  0  1  1 -1 -2 -2 -1 -2 -2  0  1  0 -2 -2 -2    6   2   9  24   1   3   8   9   1   2   5   4   1   2   5   9   5   0   1   3  0.25 0.14
  455 F   -1 -1  2  1 -2  0  0  1 -1 -1 -1 -1 -1  1  0  0  0 -1  0  0    5   2  12   8   1   4   4  12   1   3   7   3   1   9   4   6   6   1   4   6  0.07 0.05
  456 A    1 -1  1  0  0  0  0  1 -1 -1 -1  0 -1 -1  1  0  0 -1 -1  0   11   3   7   4   2   4   6  13   2   4   6   4   1   2   7   6   6   1   2   7  0.05 0.03
  457 N    0  0  2  0 -1  1  0  0  0 -1 -1  0 -1 -1  1  0  1  0  0 -1    6   4  11   6   1   7   4   8   3   4   7   5   2   3   6   8   8   1   3   5  0.05 0.04
  458 A    1 -1  0  0 -1  1  0  0 -1 -1 -1  0 -1 -1  2  0  0  0 -1  0   16   3   5   6   1   6   4   6   1   4   6   6   2   3  11   6   6   1   2   5  0.08 0.05
  459 T    1 -1  0  0 -1  0  0  0 -1  0  0  0  0  0  0  1  1  0  0  0   13   3   4   5   1   3   4   8   2   4   9   4   2   4   4  12   9   2   3   6  0.03 0.03
  460 Y    0 -1  0  0 -1  0 -1  0  0  0  0 -1  0  2  0  0  0 -1  2  0    6   3   5   4   1   4   4   8   2   6  10   4   1  10   4   5   5   1   8   8  0.02 0.02
  461 K    0  0  1  1 -1  1  1  0 -1 -1 -1  1 -1 -1  2  1  0  0 -1 -1    6   4   7   6   1   6   8   7   1   4   6   8   2   2   9  10   5   1   3   5  0.08 0.03
  462 G    0  0  0  0  0  0  0  1  0 -1 -1  0  0 -1  0  0  0 -1 -1  0    7   4   6   5   2   3   6  15   2   4   6   8   2   2   4   7   8   1   2   6  0.05 0.02
  463 L    0  0  0  0 -1  0  0  0  0  0  0  0  0  0  1  0  0 -1  0  0    8   4   3   4   1   5   5   7   2   7  13   4   2   3   6   9   7   1   3   8  0.02 0.01
  464 S    0  0  0  0 -1  0  0  0  0 -1  0  0 -1  0  1  0  0 -1  0  0    6   5   6   7   1   4   6   8   1   4   8   5   1   5   7   9   7   1   3   6  0.04 0.01
  465 G    1  0  0  0 -1  0  0  1 -1  0  0  0  0  0  0  0  0  0  0  0   12   4   3   4   1   4   4  15   1   4  10   6   2   4   4   6   5   1   3   6  0.03 0.01
  466 T    0  0  1  0 -1  0  0  0  0 -1  0  0  0 -1  1  0  1 -1  0  0    6   4  10   6   1   4   6   7   2   4   8   4   2   3   6   7  12   1   3   5  0.05 0.02
  467 V    0  0  0  0 -1  0  0  0  0  0  0  0  0  0  0  0  0  0  0  0    7   5   3   5   1   3   4   7   2   8  11   5   2   6   4   7   5   1   4  11 -0.00 0.00
  468 A    0  0  0  0 -1  0  0  1  0  0  0  0  0  0  1  0  0 -1  0  0   10   4   6   5   1   4   5  10   1   5   8   6   2   4   8   7   5   1   3   5  0.04 0.01
  469 S    0  0  1  0 -1  0  0  1  0 -1 -1  0 -1 -1  0  0  1 -1  0 -1    8   4   6   7   1   5   7  10   3   3   6   4   2   3   5   8   8   1   4   5  0.04 0.01
  470 L    0  0  0  0 -1  0  0  0  0  0  1  0  0  1  0  0  0  0  0  0    6   5   3   5   1   3   5   7   2   6  17   4   3   7   4   6   5   1   3   7  0.00 0.00
  471 D    0  0  0  1 -1  0  1  1 -1 -1 -1  0  0  0  0  0  0 -1 -1  0    7   3   5  11   1   5   8  10   1   5   7   4   2   4   4   7   6   1   2   5  0.04 0.01
  472 S    0  0  1  0 -1  0  0  0  0  0  0  0  0  0  0  1  0 -1  0  0    8   4   6   7   1   4   5   7   2   5   8   5   2   4   4  11   7   1   2   5  0.03 0.01
  473 E    0  0  0  1 -1  0  0  0 -1  0 -1  0  0 -1  2  0  0  1 -1 -1    7   4   5  10   1   5   6   7   1   5   7   4   2   3   9   7   6   2   2   5  0.06 0.02
  474 T    0  0  0  0 -1  0  0  0  0  0  0  0  0  0  1  0  1  0  0  0    7   4   4   5   1   5   5   6   2   5   9   6   2   4   6   6  12   1   4   6  0.03 0.01
  475 L    0  0  0  0 -1  0  0  0 -1  1  0  0  0  0  0  0  0 -1  0  1    8   4   4   4   1   4   5   7   1   9  10   5   3   4   4   6   6   1   3  10  0.00 0.00
  476 K    0  0  0  0 -1  0  0  0  0 -1 -1  1 -1 -1  1  0  0 -1  0 -1    7   5   5   5   1   5   6   8   2   5   7  10   1   3   6   8   6   1   3   5  0.04 0.01
  477 K    0  0  0  0  0  0  0  0  0 -1  0  1  0  0  1  0  0 -1  0  0    7   6   5   4   2   4   7   9   2   4   8   9   1   4   6   6   7   1   3   6  0.03 0.01
  478 M    0  0  0  0  0  0  0  0  0  0  0  0  1  0  0  0  0  0  0  0    8   4   4   4   2   4   5   8   2   5  10   5   5   4   4   6   9   1   3   7  0.01 0.00
  479 V    0  0  0  0 -1  0  0  0 -1  0  0  0  0  0  0  0  0 -1  0  0    9   4   4   4   1   4   5   6   1   6  11   4   2   5   4   7   7   1   3  11  0.00 0.00
  480 G    0  0  0  0 -1  0  0  2 -1 -1 -1  0 -1 -1  1  1  0  0 -1 -1    7   5   5   6   1   5   5  16   1   4   7   4   2   3   7  10   5   1   2   5  0.06 0.02
  481 L    0  0  0  0 -1  0  0  0 -1  0  0  0  0  0  1  0  0  0  0  0    7   5   3   4   1   5   5   7   1   6  10   6   2   3   6   7   8   1   4   6  0.02 0.00
  482 A    1  0  0  0  0  0  0  0 -1  0  0  0 -1  0  0  1  1 -1 -1  0   12   3   6   4   2   4   5   7   1   4   8   5   1   5   5  11   8   1   2   6  0.04 0.02
  483 N    0 -1  2  1 -1  0  0  0 -1 -1 -1  0 -1 -1  1  0  0  0 -1 -1    9   3  14  11   1   3   4   8   1   3   7   6   1   4   6   7   5   2   2   4  0.09 0.05
  484 F    0 -1  0  1 -1 -1 -1  3 -1 -1  0  0 -1  0  0  0 -1 -1  0 -1    9   3   4   7   1   3   3  23   1   4   9   4   1   4   5   6   3   1   4   5  0.10 0.06
  485 K    0  0  0  0 -1  2  0  1 -1 -1 -1  0 -1 -1  0  1  0  0 -1  0    8   3   5   5   1  11   3  13   1   3   7   7   1   3   4  10   6   1   2   6  0.06 0.05
  486 S    0 -1  0  0 -1  0  0  1 -1 -1 -1 -1 -1 -1  1  0  1  0 -1  0    7   4   4   6   1   3   4  13   2   4   7   3   1   3   6   9  12   2   2   8  0.05 0.04
  487 V    0  0  0  1  1  0  0 -1 -1  0  0 -1  0 -1  0  0  0 -2 -1  1    6   5   4  10   4   5   4   4   1   6  11   3   2   3   4   9   7   1   2  11  0.02 0.03
  488 M    0 -1  0  0 -1  0 -1  0  0  0  0 -1  0  1  0  1  1 -1  0  0    7   4   3   5   1   5   3   5   2   4  12   3   3   9   3  11   8   0   3   7  0.02 0.03
  489 N    0 -1  1  0 -2  0  0  0  0  0 -1 -1 -1 -1  0  0  1 -2  1  1    8   2   8   4   1   5   5   6   3   6   6   3   1   1   5   8  11   0   5  12  0.05 0.06
  490 M   -1  0  0 -1 -2 -1  0 -1 -2  1  0  3  0 -1  0  0  0 -2 -1  1    3   3   4   3   1   2   7   4   1  10  10  23   2   2   4   6   5   0   2   9  0.12 0.11
  491 G    0 -2 -1  2 -3  0  2  0  0 -2 -2 -1 -2 -3  3  0  0 -3 -2 -1    7   2   3  14   0   5  17   8   2   2   3   3   1   1  15   5   6   0   1   4  0.30 0.20
  492 A   -2  2  0 -1 -4  2  3 -3 -2 -3  0  2 -1  1 -1 -2 -2 -3  1 -3    3  12   4   3   0   9  23   2   1   1  10  12   1   7   2   1   2   0   5   1  0.34 0.25
  493 G   -3 -2  6  2 -4  1  0  2  2 -3 -4  0 -3 -4 -4 -1 -2 -5 -3 -4    2   2  37  13   0   5   5  14   4   2   2   6   0   1   1   3   2   0   1   1  0.75 0.43
  494 W   -6 -6 -6 -7 -6 -6 -5 -5 -5 -6 -4 -5 -5  4 -7 -6 -5 11  5 -5    1   0   0   0   0   0   1   1   0   0   2   1   0  17   0   0   1  55  20   1  3.03 1.18
  495 R   -4  3  0  2 -6  2  2 -4  4 -6 -6  4 -5 -6 -4  0 -2 -6 -4 -5    1  13   3  13   0   8  13   1   9   0   0  30   0   0   0   6   2   0   0   0  0.83 0.51
  496 D   -4 -4  4  8 -7 -5 -3 -6 -5 -7 -7 -5 -7 -7 -6 -2 -4 -8 -7 -7    1   1  16  77   0   0   0   0   0   0   0   0   0   0   0   3   1   0   0   0  2.36 1.02
  497 T    1 -3  2 -4 -2  0 -3  1 -4 -1 -4 -3 -1 -5 -4  2  4 -5 -5  1   13   1   8   0   1   5   0  10   0   3   0   1   1   0   0  18  29   0   0   9  0.56 0.43
  498 N   -4 -4  2 -2 -6 -3 -5 -3 -4 -3 -3 -4  1  1 -6 -1  0 10  5 -4    2   1  10   2   0   1   1   2   0   1   2   1   3   5   0   6   5  41  16   1  1.75 0.80
  499 T    1  5 -2 -3 -4 -1 -3 -3  3  0 -2 -1 -1  0 -4  0  2 -5 -2  0   12  30   2   1   0   2   0   2   8   4   4   2   1   5   0   7  11   0   1   8  0.45 0.36
  500 F   -2 -5 -6 -6 -5 -5 -6 -3  0  2  0 -5 -1  5 -6 -4 -2  3  6  1    3   0   0   0   0   0   0   3   2  13   8   0   1  22   0   1   2   3  31  10  1.09 0.56
  501 R    4  3 -1 -5 -5 -1 -3 -1 -3 -6 -5  0 -4 -4 -5  3 -3 -6 -5 -5   39  18   3   0   0   3   1   5   0   0   0   6   0   1   0  23   0   0   0   0  0.89 0.58
  502 L   -1 -5 -6 -6 -2 -5 -6 -4 -6  4  4 -5 -2  3 -6 -4 -2 -4 -3  3    5   0   0   0   1   0   0   2   0  21  37   0   0  10   0   1   2   0   1  20  0.89 0.48
  503 G   -3 -7 -5 -6 -7 -7 -7  8 -7 -9 -8 -7 -8 -8 -7 -4 -7 -8 -8 -8    1   0   0   0   0   0   0  97   0   0   0   0   0   0   0   1   0   0   0   0  2.83 1.16
  504 V    4 -5 -4 -5 -4 -4 -5  2 -5 -1 -1 -4  0 -1 -5 -2  3 -5 -1  2   33   0   0   0   0   0   0  16   0   3   6   0   2   2   0   1  20   0   2  13  0.65 0.47
  505 T    0 -1 -1  1 -5  3  3 -3 -2 -3 -4 -3 -3 -5 -4  1  4 -6 -5 -4    7   3   3   7   0  11  20   2   1   1   1   1   0   0   0  11  32   0   0   0  0.70 0.51
  506 Y   -5 -4 -6 -8 -7 -3 -7 -8  2 -5 -4 -7 -6  0 -8 -7 -7  4 10 -5    1   1   0   0   0   1   0   0   4   0   1   0   0   2   0   0   0   5  81   1  3.01 1.23
  507 M    0 -1 -4 -4 -3  4 -2 -5  0  0  2 -1  3  2 -5 -3 -2  2  2  1    7   3   0   0   0  21   2   0   2   3  18   4   6   9   0   0   1   3   6  12  0.43 0.35
  508 G    0 -2  6  1 -4 -3 -3 -2 -2 -3 -1 -3 -4 -4 -5  2  3 -4 -1 -3    8   1  36   8   0   1   1   3   1   1   6   1   0   1   0  12  18   0   2   1  0.75 0.50
  509 K   -3 -2  2  5 -6  1  3 -3 -1 -6 -6  1 -5 -5  3 -1 -2 -7 -6 -6    2   2   9  31   0   5  18   1   1   0   0   7   0   0  16   5   2   0   0   0  0.89 0.52
  510 S    0  1  2  2 -2  3  0 -3 -1 -4 -4  3 -1 -3 -2  0  0  2 -3 -4    9   8  12  10   1  15   3   2   1   1   1  21   2   1   2   5   5   2   0   0  0.42 0.33
  511 L   -5 -6 -7 -8 -4 -6 -7 -6 -6  0  4 -7  2  2 -7 -4 -1 10 -2  0    1   0   0   0   0   0   0   0   0   4  34   0   4   7   0   1   4  38   1   6  1.88 0.83
  512 R    0  1 -3  0 -5  0 -2 -5 -2 -1 -1  0 -2 -4 -5  0  5 -6 -3  0    9   9   0   6   0   4   1   0   1   3   5   7   1   0   0   4  44   0   1   5  0.69 0.50
  513 L   -2 -6 -7 -7 -5 -6 -6 -3 -6  0  6 -6  0  2 -6 -5 -4  2 -3  1    4   0   0   0   0   0   0   2   0   3  67   0   1   9   0   0   1   3   1   9  1.28 0.64
  514 M   -6  8 -1 -6 -7 -3 -2 -3 -2 -4 -4 -1  2 -6 -6 -3 -4 -7 -2 -6    0  75   3   0   0   1   2   2   1   1   2   3   6   0   0   1   1   0   1   0  2.01 0.94
  515 G    5 -4 -4 -5 -2 -4 -5  2 -5 -3 -1 -4 -1  0 -4  0  2 -5 -4 -1   45   1   0   0   1   0   0  15   0   1   5   0   2   5   1   5  15   0   0   4  0.77 0.52
  516 A   -2 -7 -5 -6 -7 -7 -7  7 -7 -8 -8 -6 -7 -8 -7 -4 -5 -7 -8 -8    3   0   0   0   0   0   0  94   0   0   0   0   0   0   0   1   1   0   0   0  2.70 1.11
  517 I   -3 -6 -6 -7 -5 -6 -6 -3 -3  4  1 -6 -1  3 -6 -5 -3  0  6  3    2   0   0   0   0   0   0   2   0  20  11   0   1  11   0   0   1   1  31  18  1.09 0.57
  518 D    5 -2 -1 -4 -2 -1 -4  0 -3 -3 -3 -4  3 -2 -5  1 -1 -1  2 -1   45   2   3   1   1   2   0   7   0   1   1   0   9   1   0  11   4   1   7   5  0.65 0.48
  519 Y   -6 -3 -6 -8 -7 -6 -7 -8  2 -1 -3 -5 -3  5 -6 -4 -5  2  8 -2    0   1   0   0   0   0   0   0   5   3   3   1   1  20   0   1   0   3  60   2  2.19 0.97
  520 D   -2 -5 -1  8 -7 -3  1 -1 -4 -5 -7 -4 -4 -7 -6 -2 -4 -8 -7 -5    4   0   2  72   0   1   9   5   0   1   0   0   1   0   0   3   1   0   0   1  1.90 0.88
  521 Q   -2 -1  0  1 -4  4  3 -3 -2 -3 -3  0 -1 -3  1  0  2 -1 -3 -4    3   2   3   8   0  21  22   1   1   1   2   6   1   1   7   5  13   1   0   1  0.53 0.41
  522 A    1 -3  1 -3 -2  1 -1 -1 -3 -5 -5 -3 -5 -6 -5  5  3 -6 -6 -5   10   1   5   1   1   6   3   4   0   0   0   1   0   0   0  47  20   0   0   0  0.99 0.64
  523 P    3 -6 -6 -5 -6 -4 -6 -3 -6 -6 -6 -5 -6 -3  8 -2 -4 -7 -7 -1   21   0   0   0   0   0   0   2   0   0   0   0   0   1  66   3   1   0   0   5  2.06 0.96
  524 S   -1 -5 -4 -4 -4  2 -4 -2 -5  3 -1 -4 -1 -3 -5  0  2 -5 -1  5    4   0   0   1   0   9   0   4   0  17   4   0   1   0   0   7  12   0   2  38  0.67 0.45
  525 P   -2  1  2  3 -5  0  0 -2 -3 -5 -4 -1 -5 -6  5  0 -1 -6 -4 -4    2   8  11  18   0   4   6   3   0   0   1   4   0   0  29   7   4   0   0   1  0.72 0.44
  526 Q    0 -4  3  5 -5  0  1 -2  3 -6 -5 -1 -5 -6 -2  1 -1 -6 -4 -4    8   0  12  37   0   4  10   2   6   0   1   4   0   0   2  11   3   0   0   1  0.79 0.47
  527 D    0  5  0  2 -5  0  1 -1 -2 -4 -2  0 -3 -5 -1  1 -1 -5 -4 -1    7  31   3  13   0   4   8   4   1   1   3   5   0   0   3   9   3   0   0   4  0.44 0.33
  528 A   -1 -2  1  0 -5 -2 -2 -1 -1 -4 -4 -4 -3 -3 -4  3  5 -5  2 -4    3   2   6   4   0   1   2   4   2   1   1   0   0   1   0  24  40   0   7   0  0.83 0.56
  529 I    1 -2 -4 -5 -3 -3 -4 -5 -4  4  2 -3  0  2  1 -3  0 -4 -1  2   12   2   0   0   0   1   0   0   0  23  16   1   2  11   8   1   7   0   2  13  0.45 0.32
  530 G    0  3 -1  1 -4 -1  0  1 -4 -3 -2 -2 -1 -1 -4  4  1 -5 -3 -3    6  20   2   8   0   1   5   9   0   1   3   0   1   3   0  30   8   0   1   1  0.47 0.39
  531 I   -2 -5 -2 -6 -4 -5 -4 -5 -5  5  2 -5  0  0 -5 -3  0 -5 -2  3    3   0   2   0   0   0   1   1   0  41  22   0   1   4   0   1   7   0   1  16  0.90 0.47
  532 P   -2 -7 -7 -6 -8 -7 -6 -7 -7 -8 -4 -6 -7 -8  9 -6 -6 -9 -8 -7    3   0   0   0   0   0   0   0   0   0   2   0   0   0  94   0   0   0   0   0  3.25 1.31
  533 D   -1 -2 -2  6 -2 -3  1  0 -5 -3 -5 -4 -2 -6 -5 -1  1 -7 -3 -1    6   3   1  53   1   0   8   6   0   2   1   0   1   0   0   3   9   0   1   5  1.07 0.59
  534 S    0 -4  2 -1 -3  1 -2  2 -4 -1 -4 -3 -3 -5 -3  3  3 -6 -5  0    8   0  10   4   0   7   1  16   0   3   0   0   0   0   1  22  20   0   0   6  0.49 0.40
  535 N   -4 -5  3  7 -7 -3 -1 -2 -4 -2 -5 -2 -4 -7 -2 -2 -1 -8 -4 -2    1   0  13  61   0   1   3   2   0   2   1   2   0   0   2   3   4   0   0   3  1.46 0.72
  536 G   -1  7 -3 -5 -5  0  0 -2 -4 -5 -5  0 -4 -7 -6  0  0 -7 -3 -5    5  62   1   0   0   3   5   4   0   1   1   4   0   0   0   6   6   0   1   1  1.40 0.72
  537 Y   -4 -1  0 -2 -4  2 -3 -5  5  0  0  0 -1  1 -5 -3  2  5  3 -1    0   3   5   2   0  11   0   0  15   7   9   7   1   5   0   0  14   7   9   3  0.48 0.37
  538 T   -1  0 -1 -6 -6 -4 -6 -1  4  1  0 -4 -3 -3 -7 -2 -2 10 -2  0    6   6   3   0   0   1   0   5   9   9   9   1   1   1   0   3   3  40   0   6  1.47 0.70
  539 V   -3 -6 -6 -7 -5 -6 -6 -5 -4  2  3 -6 -1  5 -6 -5 -3 -2  5  2    2   0   0   0   0   0   0   1   0   9  24   0   1  27   0   0   1   0  21  13  1.12 0.57
  540 A    1 -5 -3 -5 -2 -5 -5 -1 -4 -6 -6 -5 -6 -4 -5  6  4 -1 -6 -5    9   0   1   0   1   0   0   4   0   0   0   0   0   1   0  60  23   1   0   0  1.48 0.83
  541 F    3 -5 -5 -5 -2 -4 -5  0 -5  1  2 -4  0  2 -5 -3  1 -5 -3  2   28   0   0   0   1   0   0   8   0   8  22   0   2   9   0   0   8   0   0  14  0.52 0.38
  542 G   -5 -7 -5 -6 -8 -7 -7  8 -7 -9 -9 -7 -8 -8 -7 -2 -7 -8 -8 -8    0   0   0   0   0   0   0  98   0   0   0   0   0   0   0   2   0   0   0   0  2.86 1.15
  543 T    4 -5 -5 -5 -2 -4 -5  0 -5  0  1 -4  1  3 -4 -1  0 -4 -1  1   36   0   0   0   1   0   0   9   0   4  16   0   3  12   0   3   7   0   1   9  0.53 0.40
  544 K   -1 -2  0 -3 -5  0 -2  4 -3 -5 -5 -2 -5 -6 -5  3  4 -6 -5 -4    3   2   4   1   0   4   2  29   1   0   0   2   0   0   0  20  30   0   0   1  0.86 0.55
  545 Y   -5 -3 -6 -8 -5 -4 -7 -5 -1 -3 -3 -3 -5  2 -8 -6 -4  6  9 -1    1   2   0   0   0   1   0   1   1   1   2   2   0   8   0   0   1  11  65   4  2.29 0.99
  546 N    1  1  2  1 -5  3  0 -3  4 -5 -4  3 -3 -5 -3  1 -1 -5 -3 -4   14   7   9   7   0  15   5   1   9   0   1  17   0   0   0   8   4   0   1   0  0.48 0.37
  547 F   -2 -3 -3 -4 -4 -4 -4 -4 -3  2  1 -4  2  5 -1 -3  0  6  2  1    4   1   1   1   0   0   0   1   0  13  14   0   5  23   4   1   5  10   6  10  0.63 0.38
  548 R   -2  0  4  3 -5 -1  0  0 -3 -5 -5  2 -5 -5 -2  2  1 -6 -5 -5    2   4  21  18   0   2   6   6   0   0   0  11   0   0   2  17   9   0   0   0  0.60 0.41
  549 G    0  0  3  4 -5  1  1  0 -1 -5 -5  0 -4 -5  0  2 -1 -6 -5 -5    7   4  15  23   0   6   9   6   2   0   0   6   0   0   4  13   3   0   0   0  0.51 0.36
  550 F   -2 -3 -3 -4 -3 -1 -3 -4  0  2  2 -2  2  3 -3 -1 -1  5  0  2    3   1   1   0   0   3   1   1   3  10  23   2   6  15   1   6   3   7   2  14  0.40 0.27
  551 D   -1  0  2  5 -5 -1  1 -2 -3 -5 -4 -1 -4 -6 -4  2  3 -6 -3 -3    4   5  10  31   0   3   7   2   0   0   2   3   0   0   0  14  17   0   1   2  0.65 0.44
  552 L   -2 -5 -6 -6 -4 -5 -6 -6 -6  4  3 -5  2  2 -6 -5 -2  2 -3  4    3   0   0   0   0   0   0   0   0  23  30   0   4   8   0   0   2   3   0  25  0.90 0.47
  553 G   -2 -3  0  6 -6 -3 -1  4 -2 -7 -7 -4 -5 -7 -5  1  0 -7 -6 -6    3   1   5  42   0   1   2  30   1   0   0   0   0   0   0   9   5   0   0   0  1.19 0.63
  554 V    1 -5 -4 -5 -4 -5 -5 -2 -4  1  3 -5  1  4 -5 -4 -2  0  2  3   13   0   1   0   0   0   0   3   0   6  24   0   3  21   0   0   1   1   5  18  0.64 0.40
  555 A    4 -5 -2  0 -4 -3 -3  2 -2 -5 -5 -4 -1 -3 -4  3  1 -6 -2 -3   39   0   1   6   0   0   1  16   1   0   0   0   2   1   0  21   9   0   2   1  0.77 0.52
  556 G   -1 -5 -6 -7 -6 -6 -6 -1  3  0 -1 -6 -3  4 -7 -5 -4 -1  8  1    7   0   0   0   0   0   0   6   6   4   5   0   0  14   0   0   1   1  48   8  1.44 0.71
  557 S    1 -3 -2 -2 -4  0 -1  1 -3  0  1 -3  3 -2 -4  2  2 -4 -3 -1   10   1   1   1   0   5   5  12   0   4  16   0  10   1   0  14  17   0   0   3  0.26 0.28
  558 F   -4 -3 -5 -6 -7 -5 -6 -7  6 -3 -3 -3 -2  4 -7 -6 -6  0  8 -2    2   1   0   0   0   0   0   0  16   1   3   1   1  14   0   0   0   1  56   3  2.04 0.89
  559 T    1 -2 -2  0 -3  0 -1  0 -1  2  2 -2  0 -1 -3  0  0 -4 -2  1   11   1   1   5   0   4   3   9   1  15  22   0   1   3   1   8   7   0   1   7  0.14 0.17
  560 F   -2  0 -2  1 -4  0 -1 -4  1 -1  0  1  2  4 -1 -2 -2  4  3 -1    2   5   1   9   0   5   3   1   4   3   7  11   5  17   4   2   2   5  12   4  0.32 0.26
  561 K    0  0 -1  0 -3  1  1  1  0 -1 -1  2  0  0 -2 -1 -1 -3  0 -1   10   5   2   5   0   7  10  11   2   4   5  16   3   4   1   3   3   0   3   5  0.10 0.12
  562 S   -1  0  1  2 -4  1  2 -1  0 -2 -3  2 -1 -3 -2  1  0 -5 -2  0    4   3   7  12   0   6  16   4   2   2   2  16   2   0   1   9   6   0   1   7  0.25 0.22
  563 N   -1 -1  2  4 -5 -1  2  0 -2 -3 -5  2 -4 -5 -2  1  1 -5 -4 -3    4   3  10  25   0   2  13   6   1   1   0  11   0   0   2  11   9   0   0   1  0.49 0.34
  564 R    0  4 -1 -2 -4  0  1 -1 -2  0 -2  1 -2 -2 -1  0  0 -5 -3  1    8  30   3   2   0   4   8   3   0   5   4   9   0   2   2   5   5   0   0  10  0.31 0.26
  565 S    0 -1  2  3 -4 -1  1 -1  0 -3 -4  1 -4 -4 -2  2  2 -5 -3 -3    5   3  10  17   0   2   9   4   2   1   1   8   0   0   1  20  14   0   0   1  0.40 0.31
  566 S    0 -1  0 -1 -2 -1  0  2 -2  1 -1 -1  0 -1 -1  0  0 -4 -2  2    5   3   4   2   1   2   5  17   0   9   3   2   2   3   3   7   7   0   1  22  0.13 0.16
  567 L    0 -1  1  1 -3 -1  0  0  1  0 -1  0 -1 -1  0  1  1 -2  0 -1    5   2  10   8   0   2   5   8   4   6   7   4   1   2   4  13  11   0   5   4  0.07 0.10
  568 Y   -1 -2  3  1 -3 -1  1 -1  0  0 -2 -1 -3  0 -2 -1 -1  1  5  0    4   1  14   7   1   3  10   4   2   6   4   2   0   3   2   5   3   2  22   8  0.28 0.26
  569 Q    0 -1  2  0 -4  1  1  2 -1 -2 -2 -1 -2 -3 -1  1  1 -4  0 -2    5   2   9   5   0   6  10  19   1   2   3   3   0   0   3  13  11   0   3   3  0.22 0.21
  570 S    1 -1  0  0 -3  0  1 -1  0 -2 -1 -1 -2  2 -2  2  2 -3  0 -2    9   3   4   4   0   3  11   4   2   2   5   3   0  10   1  19  13   0   3   2  0.17 0.20
  571 P    0 -1  1  1 -4 -1  0 -2 -1 -2 -2  0 -1  2  4  0  1 -2  2 -1    7   2   7  10   0   2   4   2   1   2   2   5   1  10  19   7   8   0   8   3  0.28 0.23
  572 N    0 -2  2  2 -4 -1  0  2 -1 -3 -3 -1 -3 -2 -2  2  1 -4  1 -2    5   2  13  11   0   2   5  17   1   1   2   3   0   1   2  17   9   0   7   2  0.29 0.25
  573 I   -1  0  1  2 -3  0  1 -1  1  0  0  2 -1 -2 -2  0  0 -4 -2  0    3   4   8  13   0   4   9   3   4   7  10  13   1   2   1   5   6   0   1   6  0.11 0.12
  574 G    2 -4  1 -3 -4 -3 -4  5 -4 -3 -3 -4 -1 -3 -2  1  0 -5 -1 -2   18   0   7   1   0   1   0  44   0   1   2   0   2   1   2   9   7   0   2   3  0.75 0.45
  575 Q    0  0  2  2 -4  3  1  0  2 -4 -3  1 -2 -2 -2  1  0  0 -2 -3    8   5   9  13   0  13   6   6   6   0   1   9   1   1   1  11   6   1   1   1  0.26 0.22
  576 L    4 -3  0 -3 -2 -1 -2 -1 -1  0  1 -2 -1 -2 -3  0  0 -5 -4  1   41   0   5   1   0   3   1   3   1   5  12   1   1   2   1   4   6   0   0  12  0.40 0.33
  577 R   -2  0  1  1 -5  0 -1  0  6 -2 -2 -1 -1  0 -3 -2 -1  5  3 -2    3   6   8   7   0   3   2   8  23   2   3   3   2   3   1   3   3   9   9   2  0.51 0.34
  578 I    0 -2 -3 -2 -3  0 -1  0 -3  3  2 -2  2  0 -2 -2 -1 -3 -1  1    8   2   1   1   0   4   4   8   0  19  25   1   4   4   2   2   3   0   1  11  0.22 0.20
  579 F   -1 -4 -4 -3 -4 -4 -4 -4 -2  2  2 -4  0  5 -2 -2 -2  2  3  2    6   0   0   1   0   0   1   1   1  12  21   0   1  23   2   2   2   2  10  15  0.55 0.33
  580 S    1 -3  0  0 -4 -2 -2  4 -4 -3 -3 -3 -3 -3 -3  3  2 -5 -2 -4   11   0   3   4   0   1   1  34   0   1   2   0   0   1   1  27  12   0   1   0  0.68 0.44
  581 A    3 -3 -4 -4 -3 -3 -2  0 -4  1  1 -4  1  2 -2 -1  0 -4 -3  2   30   1   0   0   0   0   2   7   0   6  14   0   4  11   1   2   7   0   0  16  0.38 0.31
  582 S   -1 -3  3 -2 -5  3 -2  4 -3 -6 -5 -2 -5 -6 -4  4  0 -6 -3 -5    5   1  12   1   0  14   1  29   0   0   0   1   0   0   0  29   5   0   1   0  0.80 0.50
  583 L    0 -4 -3 -4 -4 -4 -5 -3 -3  1  3 -4  1  3 -5 -3 -2 -1  4  2   10   0   1   0   0   0   0   2   0   6  28   0   4  12   0   1   1   0  15  17  0.55 0.35
  584 G   -1 -1  4 -2 -5 -1 -2  4 -2 -5 -5 -1 -4 -5 -4  2  3 -6 -5 -4    4   3  21   2   0   2   1  28   0   0   0   3   0   0   0  13  22   0   0   1  0.74 0.45
  585 Y   -4 -6 -6 -7 -7 -6 -6 -7  2 -5 -1 -4  0  2 -7 -5 -4  4  9 -3    1   0   0   0   0   0   0   0   4   0   6   1   2   7   0   0   1   4  73   1  2.39 0.94
  586 R   -1  6 -2 -4 -5  1 -1 -4 -2 -5 -4  4 -3 -4 -4  0  0 -5 -2 -4    5  41   1   0   0   4   3   0   0   0   0  27   0   0   0   8   6   0   2   0  0.98 0.51
  587 W   -6 -7 -7 -8 -7 -7 -7 -7 -5 -5 -4 -7 -4  9 -8 -7 -6  6  4 -5    0   0   0   0   0   0   0   0   0   0   0   0   0  78   0   0   0  12  10   0  2.76 0.95

                      K         Lambda
Standard Ungapped    0.1340     0.3181
Standard Gapped      0.0410     0.2670
PSI Ungapped         0.1181     0.3181
PSI Gapped           0.0361     0.2670
