
Last position-specific scoring matrix computed, weighted observed percentages rounded down, information per position, and relative weight of gapless real matches to pseudocounts
           A  R  N  D  C  Q  E  G  H  I  L  K  M  F  P  S  T  W  Y  V   A   R   N   D   C   Q   E   G   H   I   L   K   M   F   P   S   T   W   Y   V
    1 M   -7 -7 -8 -9 -7 -6 -8 -9 -8  0  0 -7 11 -6 -9 -8 -7 -7 -7 -5    0   0   0   0   0   0   0   0   0   5   7   0  88   0   0   0   0   0   0   0  3.62 1.24
    2 K   -4  4  3 -2 -7  1 -2 -5  0  0 -4  5 -4 -3 -5 -3 -1 -7 -4 -4    0  23  13   2   0   5   1   0   2   6   1  38   0   1   0   2   4   0   0   1  0.99 0.49
    3 V    6 -6 -7 -7 -1 -6 -6 -2 -7  2 -4 -5 -5 -6 -6 -3 -2 -7 -6  3   64   0   0   0   1   0   0   2   0   9   1   0   0   0   0   1   2   0   0  19  1.46 0.70
    4 E    3 -4 -5 -3 -1 -2  6  1 -3 -2 -6 -4 -4 -4 -6 -1 -3 -7 -5 -3   20   0   0   0   1   1  55   9   0   2   1   0   0   1   0   4   1   0   0   2  1.23 0.65
    5 I   -4 -8 -8 -8  5 -7 -8 -8 -8  7  2 -7  3 -4 -8 -7 -4 -7 -6  0    1   0   0   0  10   0   0   0   0  61  15   0   7   0   0   0   1   0   0   5  1.82 0.72
    6 L   -6 -7 -8 -8 -2 -7 -8 -9 -8  7  4 -7 -2 -1 -8 -7 -6 -7 -5  2    0   0   0   0   1   0   0   0   0  51  33   0   0   2   0   0   0   0   0  12  1.70 0.69
    7 C    3 -5 -1 -5  4 -5 -5 -3 -5  3 -2 -5 -2 -2 -5  3  2 -6 -5  0   22   0   3   0   8   0   0   1   0  14   3   0   1   1   0  26  14   0   0   7  0.72 0.45
    8 V   -5 -7 -7 -7 -4 -4 -7 -8 -8  6 -4 -7 -4 -3 -7 -5  4 -8 -6  5    0   0   0   0   0   1   0   0   0  41   0   0   0   1   0   1  25   0   0  32  1.65 0.73
    9 G   -5 -8 -6 -7 -9 -8 -8  8 -8 -10 -10 -8 -9 -9 -8 -6 -8 -9 -9 -9    1   0   0   0   0   0   0  99   0   0   0   0   0   0   0   0   0   0   0   0  3.08 1.13
   10 T   -5 -6  1  6 -7 -5 -1 -5 -6 -7 -7 -4 -7 -8 -6  2  5 -8 -7 -6    0   0   6  38   0   0   4   0   0   0   0   1   0   0   0  13  37   0   0   0  1.54 0.74
   11 E   -7 -6 -6 -5 -10 -4  8 -7 -6 -10 -9 -5 -8 -10 -7 -6 -7 -9 -8 -9    0   0   0   0   0   0 100   0   0   0   0   0   0   0   0   0   0   0   0   0  3.18 1.25
   12 L   -6 -7 -8 -8 -6 -7 -7 -8 -7  4  5 -7  0 -2 -7 -7 -5 -7 -6  4    0   0   0   0   0   0   0   0   0  23  50   0   1   1   0   0   0   0   0  23  1.51 0.64
   13 L   -5 -6 -8 -8 -5 -6 -8 -8 -8  0  6 -7  0 -4 -8 -7  0 -7 -6  0    1   0   0   0   0   0   0   0   0   4  81   0   2   0   0   0   5   0   0   6  1.85 0.79
   14 L   -1 -1  1 -3 -1 -2 -2 -1  2  1  3 -1  0 -2 -4  0  1 -4  0 -2    4   3   7   0   1   1   2   6   6   8  31   3   2   1   0   8  11   0   3   2  0.25 0.23
   15 G   -4 -8 -6 -7 -8 -8 -8  8 -8 -10 -9 -7 -9 -9 -4 -5 -6 -8 -9 -9    1   0   0   0   0   0   0  97   0   0   0   0   0   0   1   0   0   0   0   0  2.93 1.11
   16 D   -3  2  1  2 -7  6  1 -4  1 -3 -3  2 -4 -1 -5 -2 -4 -4 -3 -4    2  10   5  13   0  33   9   1   3   2   2  11   0   3   0   3   1   0   1   1  0.80 0.48
   17 I   -5 -1 -6 -7 -6 -6 -7 -6 -7  7 -3 -2 -2 -5 -7 -3  3 -7 -4  2    0   4   0   0   0   0   0   0   0  55   1   2   1   0   0   2  20   0   1  14  1.52 0.68
   18 L    0 -1 -4 -4 -4  0 -4 -5 -2  2  2 -2 -1 -3 -4 -2  1 -6 -4  5    7   3   0   1   0   4   1   0   1   9  19   3   1   1   1   3   9   0   0  37  0.62 0.37
   19 N   -7 -6  7  7 -8 -5 -2 -6 -6 -8 -9 -6 -8 -8 -7 -5 -6 -9 -8 -8    0   0  41  55   0   0   3   0   0   0   0   0   0   0   0   0   0   0   0   0  2.42 0.98
   20 T   -3  0 -5 -5 -6 -4 -4 -2 -7 -5 -5 -2 -6 -7 -6  1  7 -7 -6 -5    2   4   0   0   0   0   1   3   0   1   1   2   0   0   0  11  73   0   0   0  1.87 0.88
   21 N   -7 -6  9 -3 -8 -6 -5 -6  2 -9 -9 -6 -8 -8 -8 -3 -3 -9 -8 -8    0   0  90   1   0   0   1   0   4   0   0   0   0   0   0   2   2   0   0   0  3.10 1.18
   22 A    5 -4 -5 -5 -1 -5 -4  0 -6 -3 -3 -5 -5 -5 -5  5  0 -7 -3 -2   40   1   0   0   1   0   1   8   0   1   2   0   0   0   0  36   4   0   1   3  1.08 0.61
   23 Q    3  0  1 -4 -4  4 -3 -3  1 -4 -2 -1 -4 -3  2  0  0 -3 -1 -2   29   6   6   0   0  20   1   1   3   0   3   4   0   1   9   7   5   0   2   2  0.53 0.39
   24 F   -5 -5 -4 -4 -4 -6 -3 -8  1 -4 -4 -6 -2  5 -8 -5 -3  9  7 -4    1   1   1   1   1   0   2   0   3   1   1   0   1  25   0   1   2  28  30   1  2.11 0.84
   25 L   -2 -7 -7 -7 -6 -6 -7 -7 -7  5  5 -7  2  2 -7 -6 -5 -6 -5 -1    3   0   0   0   0   0   0   0   0  30  49   0   5   9   0   0   0   0   0   3  1.40 0.61
   26 A    6 -6 -5 -6  1 -4 -4  0 -6 -6 -6 -5 -3 -5 -6  4 -1 -7 -6 -5   54   0   0   0   3   1   1   8   0   0   0   0   1   1   0  29   3   0   0   0  1.38 0.71
   27 K   -1  4  0  0 -6  3  3 -2 -1 -5 -4  4 -4 -6 -5  0 -2 -6 -5 -4    5  18   4   6   0  13  18   3   1   0   1  22   0   0   0   6   2   0   0   1  0.67 0.41
   28 E    0  2 -2 -3 -3  3  4 -4  1 -4 -1  2  0  0 -5 -2 -2  3  1 -3    6  12   1   0   1  13  24   1   3   1   5  11   3   4   0   3   2   4   5   1  0.46 0.34
   29 F   -5 -7 -8 -9  5 -7 -8 -8 -8 -3  6 -8  0  2 -8 -7 -6 -3 -6 -3    1   0   0   0  13   0   0   0   0   1  76   0   2   7   0   0   0   0   0   1  1.96 0.82
   30 G    3 -1  3 -2 -3 -3 -2 -2  1 -2 -1 -1 -1  4 -4  0  0 -2  1 -3   23   4  13   2   0   1   2   3   3   2   5   4   2  20   1   7   6   1   4   1  0.38 0.29
   31 A    1 -1  1  2 -4  2  3 -1 -2 -4 -2  2 -2 -4 -3  1 -2 -6 -4 -4   10   3   8  13   0   9  21   5   1   1   4  12   1   1   1   9   2   0   0   0  0.40 0.30
   32 M   -1  0 -2 -4 -2  1 -3 -6  1  3  4 -3  2 -2 -6 -3 -3 -3  1 -1    6   5   2   1   1   6   1   0   4  15  42   1   5   1   0   1   1   0   5   3  0.62 0.37
   33 G   -3 -8 -3 -4 -8 -6 -7  8 -7 -9 -9 -7 -8 -8 -7 -4 -7 -8 -8 -8    2   0   1   1   0   0   0  93   0   0   0   0   0   0   0   1   0   0   0   0  2.72 1.04
   34 F   -4 -6 -6 -7 -5 -6 -6 -5 -1  6  1 -5 -1  3 -7 -6 -5  1  2  3    1   0   0   0   0   0   0   1   2  41  12   1   1  11   0   0   0   2   6  21  1.16 0.53
   35 S   -2  0  2  3 -6  0  3 -3 -1 -4 -5  1 -3 -4  2  1  0 -3 -2 -4    3   5   9  17   0   4  19   2   1   1   0   8   1   1  11  10   7   0   1   1  0.48 0.32
   36 M   -4 -7 -6 -7 -1 -6 -7 -7  2  2  3 -6  1 -3 -4 -4 -2 -7 -5  6    1   0   0   0   1   0   0   0   4   9  23   0   4   1   1   1   3   0   0  52  1.27 0.60
   37 Y    0  0 -2 -1 -2  1 -1 -2  1 -1 -2  2 -2  0 -2  0  0 -1  5 -1    7   5   1   3   1   6   4   3   4   4   4  13   1   4   1   5   7   0  21   5  0.27 0.23
   38 H   -3  5 -3 -5 -4  1  0 -3  4 -5 -3  1 -4  2 -6 -2 -3  0  4 -4    2  31   1   0   0   5   6   3  10   0   2   8   0  10   0   3   2   1  14   1  0.80 0.45
   39 Q   -2  2 -4 -5 -5  4 -3 -6  5  4 -3  0  1 -3 -6 -2 -1 -6 -4  1    3  10   0   0   0  20   1   0  15  24   1   6   4   1   0   2   3   0   0   8  0.81 0.47
   40 A   -2 -2 -2 -3 -2  0  1 -4 -2  1 -1 -3 -1 -2 -5  2  5 -6 -4  2    2   2   2   1   1   3  11   1   1   8   5   1   1   1   0  13  35   0   0  12  0.58 0.40
   41 V    0 -4 -3 -6 -3 -4 -6 -6 -6  1 -2 -5 -4 -5 -5  1  5 -7 -5  5    7   1   1   0   0   1   0   0   0   8   2   0   0   0   0   8  32   0   0  37  1.06 0.57
   42 V   -4 -7 -8 -8  4 -7 -7 -8 -6  4  0 -7 -2 -5 -7 -5 -4 -7 -6  6    1   0   0   0   7   0   0   0   0  23   7   0   1   0   0   1   0   0   0  60  1.78 0.75
   43 G    1 -1 -4 -3 -7 -2 -3  6 -5 -8 -7 -4 -5 -7  3  0 -4 -7 -7 -6   10   4   0   1   0   2   2  59   0   0   0   1   0   0  12   6   1   0   0   0  1.38 0.65
   44 D   -8 -8 -5  9 -10 -7 -5 -6 -7 -10 -10 -7 -10 -10 -8 -7 -7 -11 -10 -10    0   0   0  99   0   0   0   1   0   0   0   0   0   0   0   0   0   0   0   0  3.46 1.29
   45 N   -4  1  6  5 -6 -1  1 -5 -1 -5 -7 -2 -6 -6 -6  0 -3 -8 -4 -4    1   7  37  30   0   2   7   0   1   1   0   3   0   0   0   6   1   0   0   2  1.25 0.62
   46 V   -1  1 -3 -3 -3 -1  3 -4  0  0  1  0  1 -2  4 -2 -3 -2 -3 -2    6   9   1   0   1   2  21   1   2   5  14   7   3   1  21   2   1   1   1   2  0.46 0.33
   47 E    1 -2  0  3 -5  2  4  0 -3 -5 -5  0 -4 -5 -2  1 -2 -6 -3 -3   10   2   4  18   0   8  29   6   0   0   0   5   0   0   2   9   2   0   1   2  0.60 0.39
   48 R    0  5 -3  3 -4  0  2 -5  1 -3 -2 -3 -4 -4 -4 -1 -2 -4 -5 -2    9  33   1  16   0   4  15   0   4   2   5   0   0   0   1   4   2   0   0   3  0.71 0.44
   49 L   -6 -8 -6 -8 -5 -7 -8 -7 -8  7  4 -7  3 -3 -8 -7 -5 -7 -6 -1    0   0   1   0   0   0   0   1   0  49  41   0   5   1   0   0   0   0   0   2  1.79 0.75
   50 K    0  0 -3 -3 -2  0  1 -3 -1  2  1  2  0 -3 -4 -1  0 -4 -1  2    9   6   0   1   1   3   9   2   2  14  12  13   2   1   0   4   6   0   2  16  0.19 0.18
   51 R    2  0  1  1 -6  2  4 -3 -1 -5 -5  1 -4 -4 -5  1  0 -5 -3 -5   14   5   5   8   0   8  32   2   1   0   1   7   0   1   0  10   5   0   1   0  0.60 0.40
   52 E    4 -4 -4 -4  1  0  1 -3 -5 -1 -2 -4 -3 -3 -5  0  1 -6 -2  2   41   0   0   0   3   5  10   1   0   3   3   0   1   1   0   5   9   0   1  16  0.65 0.44
   53 F   -2 -7 -7 -8 -3 -6 -7 -8 -7  4  5 -7  0  3 -7 -5 -4 -3 -3  3    3   0   0   0   0   0   0   0   0  20  45   0   1  11   0   1   0   0   1  17  1.16 0.54
   54 E   -1  5  1  1 -4  2  2 -3  0 -4 -2  3 -3 -6 -5 -1  0 -6 -5 -4    6  27   5   7   0   8  11   1   2   1   4  17   1   0   0   4   5   0   0   1  0.58 0.37
   55 L   -1  3 -1  0 -5  1  3 -4  0  1  0 -1  1 -1 -4 -2  0 -3  0 -1    4  16   3   4   0   7  20   1   2  10   9   1   3   3   0   3   5   0   4   3  0.28 0.24
   56 A    5  0 -5 -5  0 -4 -4 -2 -6 -1  1 -5  4 -1 -6  0 -2 -1 -4 -3   50   5   0   0   2   1   1   3   0   3  14   0  10   2   0   6   2   1   0   1  0.90 0.53
   57 I    0 -1 -2 -2  0  0 -1 -2 -2  0  2 -1  0  1 -4  3  0  2 -1 -1    9   3   1   1   2   4   5   2   1   4  20   4   2   6   0  24   4   2   2   4  0.20 0.21
   58 N    0  0  1  2 -4  2  3  1  0 -5 -3  2 -4 -2 -3  2 -1 -6 -4 -4    7   4   6   9   0  10  18   9   2   0   2  13   0   2   1  13   3   0   0   1  0.38 0.29
   59 R   -4  7  2 -1 -6  0 -1 -1  1 -3 -4  1 -1 -6 -6 -3 -2 -7 -4 -4    1  54   9   3   0   4   4   5   4   2   2   7   1   0   0   2   2   0   0   1  1.21 0.61
   60 A    4 -5 -2 -4  2 -5 -4 -3 -1 -4 -5 -5 -4 -1 -5  4 -2 -5  4  1   32   0   2   1   4   0   0   2   1   0   0   0   0   2   0  27   2   0  13  12  0.85 0.53
   61 D   -5 -1  1  8 -9 -1  0 -3 -4 -6 -9 -3 -6 -9 -5 -2 -3 -9 -8 -7    1   4   6  73   0   3   4   2   0   1   0   1   0   0   0   3   1   0   0   0  2.03 0.87
   62 I   -2 -6 -7 -7  0 -6 -5 -7 -5  4  4 -6  0  3 -7 -6 -3 -2  0  3    3   0   0   0   2   0   0   0   0  21  37   0   2  12   0   0   1   1   3  18  1.00 0.48
   63 V   -4 -7 -8 -8 -2 -6 -8 -8 -8  5  2 -7 -3 -5 -7 -7 -3 -7 -6  6    1   0   0   0   1   0   0   0   0  29  16   0   0   0   0   0   1   0   0  52  1.66 0.71
   64 V   -5 -8 -8 -8 -6 -8 -8 -9 -8  7  1 -8 -2  2 -8 -7 -6 -7 -6  4    0   0   0   0   0   0   0   0   0  56  12   0   1   7   0   0   0   0   0  25  1.79 0.73
   65 T   -3 -6 -4 -6  1 -5 -6 -6 -6  2  1 -5  2  1 -6 -3  5 -6 -4  3    1   0   0   0   3   0   0   0   0  11  14   0   6   6   0   1  33   0   0  23  0.92 0.50
   66 T   -4 -6  2 -5  3 -5 -6 -5 -6 -2 -6 -5 -4 -7 -6  4  6 -7 -6 -5    0   0   9   0   6   0   0   1   0   2   0   0   0   0   0  26  54   0   0   0  1.63 0.80
   67 G   -5 -8 -6 -7 -8 -7 -7  8 -7 -9 -9 -7 -8 -8 -7 -6 -7 -8 -8 -8    1   0   0   0   0   0   0  98   0   0   0   0   0   0   0   0   0   0   0   0  2.97 1.11
   68 G   -5 -8 -6 -7 -8 -7 -8  8 -7 -9 -9 -7 -8 -8 -8 -6 -7 -8 -8 -8    0   0   0   0   0   0   0  98   0   0   0   0   0   0   0   0   0   0   0   0  3.00 1.11
   69 L   -6 -7 -8 -8 -6 -7 -8 -8 -8  2  7 -7 -2 -5 -8 -7 -4 -7 -6 -4    0   0   0   0   0   0   0   0   0  12  85   0   0   0   0   0   1   0   0   0  2.13 0.86
   70 G   -5 -8 -6 -7 -8 -7 -8  8 -7 -9 -9 -7 -8 -8 -8 -6 -7 -8 -8 -8    0   0   0   0   0   0   0  98   0   0   0   0   0   0   0   0   0   0   0   0  3.00 1.11
   71 P   -4 -8 -5 -7 -8 -7 -7 -7 -8 -8 -7 -7 -8 -9  9 -3 -5 -9 -8 -8    2   0   1   0   0   0   0   0   0   0   1   0   0   0  93   2   1   0   0   0  3.27 1.25
   72 T   -5 -4 -6 -7 -7 -7 -7 -7 -8 -7 -7 -7 -7 -8 -7 -5  8 -8 -8 -6    1   1   0   0   0   0   0   0   0   0   0   0   0   0   0   0  97   0   0   0  3.08 1.25
   73 D    0  0 -2  0 -2  2  2 -3  5 -3 -3  2 -2 -2  1  1  0 -3 -3 -2    9   4   1   4   1   8  13   1  14   1   2  14   1   2   6  11   5   0   0   3  0.37 0.28
   74 D   -7 -7 -3  9 -9 -6 -4 -3 -7 -9 -9 -7 -9 -9 -7 -5 -7 -10 -9 -9    0   0   1  95   0   0   0   3   0   0   0   0   0   0   0   1   0   0   0   0  3.18 1.20
   75 D   -8 -8 -5  9 -9 -6 -4 -7 -7 -9 -9 -7 -9 -9 -7 -6 -7 -10 -9 -9    0   0   0  99   0   0   0   0   0   0   0   0   0   0   0   0   0   0   0   0  3.40 1.26
   76 L   -5 -2 -5 -7 -5 -5 -7 -7 -3  5  5 -2  2 -3 -6 -6 -5 -6 -2  1    0   3   1   0   0   0   0   0   1  30  48   3   5   1   0   0   0   0   1   7  1.24 0.57
   77 T   -6 -7 -6 -7 -7 -7 -7 -6 -8 -7 -7 -7 -7 -8 -7  1  8 -9 -8 -6    0   0   0   0   0   0   0   1   0   0   0   0   0   0   0   9  91   0   0   0  2.84 1.19
   78 K    1  4 -2 -5 -2 -3 -4 -5 -3 -4 -2  5 -2 -2 -6 -3 -1 -6  3 -1   13  19   2   0   1   0   0   0   0   1   3  38   1   1   0   1   5   0  11   4  0.91 0.52
   79 E    0 -2 -2  0 -7  4  6 -6  1 -4 -3  0 -4 -4 -1 -2 -4 -7 -6 -5    7   2   1   5   0  17  48   0   4   1   3   5   0   1   3   2   1   0   0   0  1.07 0.60
   80 T    4 -5 -5 -6  1 -5 -5 -3 -6  0 -2 -5 -3 -6 -5  2  4 -7 -6  2   36   0   0   0   3   0   0   2   0   5   4   0   0   0   0  12  21   0   0  16  0.87 0.52
   81 A    2 -6 -7 -7 -1 -6 -6 -4 -7  4  3 -6  1 -1 -6 -4 -3 -5 -5  4   14   0   0   0   1   0   0   1   0  23  23   0   3   2   0   1   1   0   0  30  0.95 0.51
   82 A    7 -6 -6 -7  4 -3 -6 -2 -6 -5 -6 -6 -4 -6 -7  1 -5 -8 -6 -5   76   0   0   0   8   1   0   3   0   1   1   0   1   0   0   9   0   0   0   1  1.91 0.94
   83 E    0  2 -1  2 -5  1  4 -3 -2 -4 -3  4 -3 -7 -5 -1 -1 -7 -6 -5    8  11   2  10   0   6  23   2   1   1   3  25   1   0   0   4   3   0   0   0  0.67 0.44
   84 Y    4 -6 -5 -7  0 -6 -5 -5  1 -2 -1 -5 -1  4 -6 -2 -4 -2  4  1   35   0   0   0   2   0   0   1   3   2   7   0   2  19   0   3   1   1  15  11  0.93 0.54
   85 F    0 -6 -7 -7  2 -3 -7 -7 -5 -2  3 -2  1  6 -7 -4  0 -4 -2 -2   10   0   0   0   4   1   0   0   0   2  30   2   3  37   0   1   6   0   1   2  1.12 0.59
   86 N   -3 -4  4  2 -8  0 -1  6  0 -8 -8 -1 -7 -8 -7 -3 -5 -8 -7 -8    1   1  19  10   0   3   5  53   2   0   0   4   0   0   0   1   0   0   0   0  1.41 0.71
   87 K   -2  3 -4  1  0  0  0 -4 -3 -1  2  1  0 -4 -5 -2  1 -6 -4  2    3  18   0   7   2   5   5   1   0   2  18  10   2   0   0   2   7   0   0  16  0.34 0.29
   88 K   -2  0 -1  1 -7 -2  3 -1 -1 -5 -6  2 -5 -7  5 -1  0 -7 -6 -6    3   4   3   8   0   1  20   5   1   0   0  13   0   0  29   4   7   0   0   0  0.82 0.52
   89 L   -4 -7 -8 -9 -2 -5 -8 -8 -8 -1  6 -7  3 -2 -4 -3 -3 -2 -2 -2    1   0   0   0   1   1   0   0   0   3  77   0   6   1   1   2   1   1   1   2  1.71 0.81
   90 I   -1 -2 -5 -5 -3 -1  2 -6  1  2 -2  1 -3 -3 -6 -3  0 -6 -1  5    5   3   0   0   0   3  13   0   3  12   2   7   0   1   0   1   5   0   2  41  0.73 0.46
   91 F   -3  0 -4 -4 -4 -1  2 -6  1  0  3 -3  0  3 -2 -4 -1 -3  3  0    1   6   0   0   0   2  16   0   3   5  27   1   2  14   2   1   3   0   9   6  0.49 0.35
   92 H   -6  0  4  6 -5 -4 -2 -6  7 -6 -8 -4 -7 -2 -7  0 -6 -8 -1 -5    0   4  16  43   0   1   2   0  21   0   0   1   0   2   0   6   0   0   2   1  1.60 0.78
   93 K    0 -2 -3  1 -7  3  5 -4 -3 -5 -5  0 -5 -7  4 -2 -2 -7 -6 -4    8   2   1   7   0  10  34   2   1   1   1   6   0   0  22   2   2   0   0   1  0.91 0.57
   94 E    1 -2 -1  2 -4  1  5 -3  1 -4 -4  0 -3 -3  0 -2 -2 -6 -2 -2   11   2   2  11   0   5  38   2   3   1   1   6   1   1   5   2   3   0   2   3  0.62 0.43
   95 S    3 -4 -5 -5 -1 -2 -2 -4 -2  1  1 -4  0 -4 -5  1  1  5 -2  2   25   1   0   0   1   1   3   1   1   6  12   0   2   0   0  11  10   8   1  15  0.51 0.38
   96 Y   -2  0 -4 -5 -2 -2  0 -5 -2  0  3 -1  3  2 -6 -3 -4  4  2  1    3   5   1   0   1   2   7   1   1   5  34   3   6   7   0   2   0   6   8   9  0.52 0.35
   97 D    2  2  1  2 -4  2  4 -3 -1 -3 -5  1 -5 -5 -5 -1 -1 -6 -5 -3   18  10   5  11   0   8  24   2   1   1   1   8   0   0   0   5   3   0   0   2  0.52 0.38
   98 E   -2  4  1  0 -6  1  0 -4  5 -2 -3  3 -2 -3 -5 -1 -1  1 -1 -3    4  26   6   5   0   5   7   1  12   3   3  15   1   1   0   4   3   2   2   2  0.57 0.37
   99 I   -6 -7 -7 -8 -2 -7 -7 -8 -8  6  3 -5  6 -4 -8 -6 -4 -7 -6  1    0   0   0   0   1   0   0   0   0  42  26   1  18   0   0   0   1   0   0  10  1.63 0.74
  100 V   -1  2 -2  0 -4  2  4 -3 -1 -3 -3  3 -2 -6 -5 -3  0 -1 -3 -2    6  12   2   4   0   8  28   2   2   2   3  19   1   0   0   1   6   1   1   3  0.59 0.41
  101 K    2  2  1  2 -4  2  3 -1 -1 -3 -4  2 -4 -6 -4  0 -1 -6 -3 -4   15  12   6  11   0   7  20   4   1   1   1  10   0   0   0   6   3   0   1   1  0.44 0.33
  102 F   -5  3 -4 -6 -3 -3 -5 -6  0  1  1  1  2  5 -6 -5 -4  4  5 -3    0  13   1   0   1   1   1   0   2   7  12   8   5  23   0   1   1   5  18   2  0.87 0.48
  103 F   -3 -3 -4 -3 -1 -6 -6 -5 -2 -1  1 -7  1  8 -6 -1 -4 -1  4 -2    2   1   1   2   2   0   0   1   1   3  11   0   3  50   0   5   1   1  14   2  1.44 0.67
  104 N    3  2  0 -1 -4  1  2 -2 -1 -3 -4  3 -3 -5 -2  0  0  0 -3 -3   25   9   4   3   0   5  11   2   1   1   1  18   0   0   1   7   5   2   1   2  0.41 0.32
  105 K    1  3  0  0 -4  2  1 -1  1 -4 -3  3 -3 -4 -1  1 -1 -5 -3 -4   10  18   4   6   0   8   7   4   4   1   3  17   0   1   3   9   3   0   1   1  0.37 0.28
  106 I   -2  6 -2 -4 -3  0 -2 -3 -1 -1  0 -1  0  0 -3 -1  0  0  1 -2    3  43   2   1   1   3   2   2   1   4  10   3   2   4   1   4   5   1   5   3  0.72 0.44
  107 G   -2 -1  2  0 -6 -1 -2  5  1 -3 -6  1 -2 -3  0 -1 -3 -4 -1 -5    3   4  10   6   0   3   2  42   4   2   1   9   1   1   4   4   1   0   2   1  0.71 0.42
  108 K   -2  5 -4  0 -4  0 -1 -2 -2  0 -1  2 -1 -2 -2  0 -2  2 -2 -1    3  35   0   5   0   5   4   3   1   7   7  11   2   1   2   6   2   2   1   5  0.51 0.36
  109 E    0  0  0  0 -4  0  2 -3 -1 -3 -4  1 -3 -5  4 -1  1 -6 -1  1    8   5   4   5   0   3  16   1   2   1   1   8   0   0  19   5  10   0   2   9  0.36 0.30
  110 I   -1 -3 -4 -5 -3 -1 -5 -6 -6  2  2 -4  8  2  1 -4 -2  2 -3  0    4   2   1   1   1   3   1   1   0  10  15   1  36   7   7   1   2   2   1   5  1.04 0.56
  111 S    0 -3  2 -1 -5 -1 -2 -3 -1 -3 -1 -2 -2 -5  4  1  4 -3 -5 -2    7   1  11   4   0   3   2   2   2   2   7   2   1   0  22  10  22   0   0   3  0.56 0.40
  112 E    0 -1 -3  3 -7  1  5 -3 -2 -6 -4  0 -5 -7  4 -1 -1 -1 -4 -5    8   3   1  13   0   5  32   1   1   0   2   5   0   0  18   4   4   1   0   1  0.77 0.49
  113 N    2 -1  5 -2 -3 -1  0 -1 -3 -1 -1 -3 -1 -4 -1  3 -1 -4 -5 -2   19   3  24   1   0   2   5   4   1   4   6   0   1   1   3  20   3   0   0   3  0.47 0.37
  114 N   -1  1  8 -3 -7 -1 -4 -4  0 -3 -2 -2 -1 -3 -7 -3 -1 -4 -6 -3    6   7  59   1   0   3   0   1   2   1   5   3   2   1   0   2   4   0   0   2  1.44 0.73
  115 K   -2  5 -2 -1 -4  0  1 -5 -1 -1  1  3 -1 -1 -3 -4 -3  0  1 -3    3  28   2   3   0   3   9   0   1   4  15  18   1   2   1   1   1   1   5   1  0.55 0.37
  116 K   -5  5 -3 -2 -5  0 -3 -4 -4 -5 -4  6 -3 -6 -6 -1 -4 -8 -7 -5    0  30   1   2   0   4   1   1   0   1   2  50   1   0   0   5   1   0   0   1  1.53 0.76
  117 Q   -7 -6 -5 -5 -9  9 -2 -8 -6 -6 -4 -6  6 -9 -8 -5 -7 -8 -4 -8    0   0   0   1   0  74   2   0   0   1   2   0  19   0   0   1   0   0   1   0  2.80 1.26
  118 A    7 -5 -7 -8  0 -7 -7 -4 -3 -3 -7 -5 -5 -4 -7 -2 -4 -8 -7  0   82   0   0   0   2   0   0   1   1   1   0   1   0   1   0   2   1   0   0   7  2.00 0.95
  119 Y   -4 -1 -3 -2 -3  0  0 -6  0 -2  3 -2  6  0 -6 -3 -1  3  3 -3    1   4   1   3   0   4   8   0   2   1  30   2  17   4   0   2   4   4  11   1  0.64 0.42
  120 F   -5 -3 -7 -7 -4 -6 -7 -8 -4  4  3 -3  0  4 -7 -5 -3 -6 -1  4    0   2   0   0   0   0   0   0   0  20  27   2   2  14   0   0   2   0   2  28  1.03 0.52
  121 P   -6 -8 -8 -8 -8 -8 -8 -7 -8  2 -1 -7 -7 -2  8 -7 -7 -9 -8 -4    0   0   0   0   0   0   0   0   0  12   6   0   0   2  77   0   0   0   0   1  2.64 1.14
  122 E    1 -1 -3  1 -6  1  5 -5 -1 -5 -5  2 -4 -5 -2  1  0 -6 -3 -1   12   3   1   6   0   7  35   0   1   0   1  12   0   0   2   9   5   0   1   4  0.66 0.45
  123 G   -4 -3  1  2 -4 -2 -2  6 -2 -6 -7  1 -7 -7 -4  0 -2 -7 -7 -6    0   2   7  11   0   2   2  56   1   0   0   8   0   0   1   6   2   0   0   0  1.24 0.63
  124 C    6 -6 -6 -4  5 -2 -4 -1 -6 -6 -6 -4 -6 -1 -5  3 -3 -7 -6 -5   56   0   0   1   9   2   1   5   0   0   1   1   0   3   0  19   2   0   0   0  1.34 0.72
  125 T   -1  0 -2 -1 -3  2  3 -5  1  1 -2  1 -2 -4 -5 -1  3 -4 -3  1    4   5   1   3   1   8  21   0   3  10   3  10   1   1   0   3  17   0   1   8  0.39 0.32
  126 I   -1 -3 -6 -7 -3 -5 -5 -6 -5  4  1 -3  1 -2  2 -3 -2 -1 -2  5    5   2   0   0   0   0   0   0   0  20  15   1   3   1  10   2   2   1   1  36  0.82 0.45
  127 L   -5 -7 -8 -8 -6 -7 -6 -7 -7  4  5 -5 -1  3 -6 -6 -4 -6 -3  1    0   0   0   0   0   0   0   0   0  25  50   1   1  12   0   0   1   0   1   8  1.36 0.63
  128 K   -2 -2  0  3 -6  0  1 -4  1 -2 -4  0 -3  1  5 -2 -1 -4 -1 -1    4   2   4  16   0   5   8   1   4   2   2   7   1   7  25   3   4   0   2   4  0.52 0.35
  129 N   -4 -5  9 -1 -4 -2 -3 -3 -3 -7 -6 -4 -6 -7 -5 -3 -3 -7 -6 -4    2   0  80   4   0   2   1   2   1   0   1   1   0   0   1   2   1   0   0   2  2.46 1.00
  130 D   -1 -1 -1  3 -5 -1  2 -4  2 -5 -3  0 -4 -4  6 -1 -2 -7 -4 -4    5   4   3  15   0   3  11   1   5   0   3   5   0   1  35   4   2   0   0   1  0.81 0.48
  131 H   -1  0  3  0 -1 -1 -2 -4  2  0 -1 -1  0 -1 -4 -1  1  1  0  3    4   6  13   6   1   2   2   0   5   4   5   4   2   3   1   3   9   2   3  25  0.25 0.23
  132 G   -4 -6 -4 -5 -8 -7 -8  7 -8 -6  0 -4 -1 -8 -6 -4 -5 -8 -8 -8    1   0   1   1   0   0   0  83   0   1   8   1   2   0   0   1   1   0   0   0  2.21 0.95
  133 T   -3 -5 -4 -7 -6 -4 -6 -7 -7 -1  0 -5  3 -3 -7  1  6  6 -3 -3    2   0   1   0   0   1   0   0   0   3   9   0   7   1   0  10  53  12   1   1  1.49 0.79
  134 A    7 -7 -7 -8 -4 -7 -7 -6 -7 -6 -6 -7 -5 -3 -6 -5 -5 -8 -1  1   84   0   0   0   0   0   0   0   0   0   0   0   0   1   0   0   0   0   3  10  2.18 1.01
  135 P   -3 -6 -4 -5  5 -7 -7 -7 -5 -5 -3 -7 -3 -8  8 -3 -4 -6 -6  0    2   0   1   1  10   0   0   0   0   1   3   0   1   0  69   2   1   0   0   7  2.22 0.99
  136 G   -2 -7 -4 -5 -1 -6 -7  7 -7 -1 -5 -6 -5 -7 -7 -5 -6 -7 -1  0    3   0   1   1   1   0   0  79   0   4   1   0   0   0   0   1   0   0   2   6  2.00 0.86
  137 C   -1 -5 -3 -5  3 -1 -3 -3 -5  2  0 -5  5  5 -6 -1 -2  1 -1  1    6   0   1   0   7   3   1   3   0   9   9   0  17  22   0   5   2   2   2  11  0.66 0.38
  138 I    1 -2 -6 -5 -2 -4 -5 -3 -2  4  0 -2  0  1 -6 -1 -3  6  1  3   11   2   0   0   1   0   0   2   1  21   7   3   2   6   0   6   1  12   5  17  0.61 0.37
  139 I   -4 -6 -6 -7 -2 -5 -6 -6 -4  4  3 -6  3  2 -7 -4 -4  4  1  4    1   0   0   0   1   0   0   1   0  22  22   0   7   8   0   1   1   5   4  26  0.95 0.48
  140 D   -3  1  2  1 -4  2  4 -4  0 -4 -4  1 -2 -3  0 -1 -1 -5 -2 -3    1   9  10   7   0  10  30   1   2   1   1   8   1   1   5   5   4   0   1   2  0.54 0.36
  141 E   -1  0  0  0 -2  0  1  1  2  0  0  1 -1  0  1 -1 -1 -2  0  0    5   3   4   4   1   4   8  10   6   6  10  13   1   4   7   2   3   0   4   6  0.06 0.08
  142 N   -2 -1  5  3 -4  0  2  2  0 -4 -5  0 -3 -5 -1 -2 -3 -5 -5 -4    4   4  27  16   0   4  12  15   2   1   1   6   1   0   3   3   1   0   0   1  0.65 0.38
  143 D   -2  1  3  2 -4  0  1  4 -1 -4 -4  0 -4 -4 -1 -1 -2 -3 -4 -4    3   7  12  11   0   4   7  34   2   1   2   7   0   1   3   4   2   0   0   1  0.57 0.31
  144 K    0  1 -2 -3  5 -1 -3 -1  1 -2 -3  5 -3 -2  0 -1  1 -4 -3  0    6   6   1   1  10   2   1   5   4   2   2  31   0   2   4   4   9   0   1   7  0.48 0.31
  145 V   -1  0 -1 -1 -1  0 -1 -3  1  1  1 -1 -1  0 -1 -1  2  3  0  1    5   6   2   4   1   3   2   1   4  10  13   4   1   4   3   3  14   4   4  11  0.10 0.11
  146 V   -2 -6 -6 -7  2 -5 -6 -6 -4  4  2 -6  0  3 -6 -5 -2 -1  4  4    3   0   0   0   4   0   0   0   0  20  17   0   2  11   0   0   3   1  12  25  0.88 0.45
  147 I   -2 -6 -6 -7 -2 -6 -6 -5  2  5  0 -6  1  4 -7 -6 -4 -3  4  4    4   0   0   0   1   0   0   1   5  27   6   0   4  15   0   0   0   0  12  24  1.03 0.51
  148 L    0 -5 -3 -5  3 -5 -5 -5 -2  2  3 -5  2  4 -5  1 -1 -5 -3  2    7   0   1   0   5   0   0   0   1  13  24   0   4  16   0  10   3   0   0  14  0.59 0.35
  149 L   -5 -6 -7 -7 -6 -6 -7 -7 -7 -3  6 -6  5  3 -7 -6  1 -6 -5 -3    1   0   0   0   0   0   0   0   0   1  63   0  13  10   0   0   9   0   0   2  1.56 0.72
  150 P   -5 -8 -8 -8 -9 -6 -7 -8 -8 -9 -9 -7 -9 -10  9 -7 -7 -10 -9 -9    1   0   0   0   0   0   0   0   0   0   0   0   0   0  97   0   0   0   0   0  3.64 1.45
  151 G   -6 -8 -6 -7 -8 -8 -8  8 -8 -9 -9 -7 -8 -9 -8 -6 -7 -8 -9 -9    0   0   0   0   0   0   0  99   0   0   0   0   0   0   0   0   0   0   0   0  3.09 1.21
  152 P   -6 -8 -8 -8 -7 -8 -8 -9 -8  1 -6 -7 -6 -4  6 -3 -6 -9 -7  6    0   0   0   0   0   0   0   0   0   7   0   0   0   1  39   2   0   0   0  51  2.07 0.95
  153 P   -7 -9 -9 -8 -10 -8 -8 -9 -5 -10 -10 -8 -9 -7  9 -6 -8 -11 -6 -9    0   0   0   0   0   0   0   0   0   0   0   0   0   0  98   0   0   0   0   0  3.70 1.49
  154 R   -1  4  0 -3 -5 -1 -2 -1  2 -3 -4  1 -4  1 -4  3 -2 -1  1 -2    6  21   3   1   0   2   2   5   5   2   1   9   0   7   1  25   2   1   4   3  0.46 0.35
  155 E   -7 -4 -7 -5 -9 -1  8 -8 -7 -5  0 -6 -8 -2 -8 -7 -7 -9 -8 -8    0   1   0   0   0   3  84   0   0   1   9   0   0   2   0   0   0   0   0   0  2.50 1.20
  156 I   -5 -8 -6 -10 -1 -6 -9 -9 -8 -3  3 -8  9  5 -9 -8 -4 -1 -3 -4    1   0   1   0   1   0   0   0   0   1  25   0  44  23   0   0   1   1   1   1  2.18 1.00
  157 I   -4  3 -3 -4 -3  3  2 -6 -1 -1 -4  5 -2 -2 -6 -4  0 -7  0 -4    1  13   1   1   1  14  14   0   1   4   2  35   1   2   0   0   6   0   3   1  0.90 0.57
  158 P    1  1 -2 -2 -3  0 -1 -1  1 -4 -3  0 -3 -2  5 -2 -1 -1  1 -1   14   8   2   2   0   5   4   6   3   1   3   5   1   1  28   2   3   1   5   5  0.48 0.35
  159 M   -6 -8 -8 -9 -8 -4 -8 -6 -8  0  2 -5 10 -6 -9 -3 -4 -8 -7 -1    1   0   0   0   0   1   0   1   0   5  18   1  66   0   0   3   1   0   0   4  2.69 1.17
  160 F   -2 -7 -8 -8 -1 -7 -8 -8 -7  0  2 -8  4  6 -8 -6 -5  7  0  2    3   0   0   0   1   0   0   0   0   4  19   0   9  33   0   1   0  12   2  15  1.42 0.69
  161 R   -3  1  1  2 -4  2  4 -4  1 -3 -1  1 -3 -4  0 -1  1 -4 -2 -3    2   7   6  12   0   8  25   1   3   2   6   8   1   1   4   4   8   0   1   2  0.40 0.31
  162 N   -1 -1  3  2 -6  2  4 -1  3 -4 -4  1 -3 -4 -1 -2  0 -6 -3 -5    5   3  13  12   0   8  23   4   6   1   2   8   0   1   4   3   6   0   1   1  0.48 0.35
  163 Y    1 -1 -3 -3 -3  4  3 -2  2 -3 -2 -1 -2  0 -4  1  1  0  3 -2   10   3   1   1   1  16  17   3   4   1   3   2   1   3   1  10   9   1  11   3  0.37 0.32
  164 V    0 -5 -6 -7  0 -6 -6 -4 -6  4  2 -4  0  0 -5 -5 -4 -6 -3  5    9   1   0   0   2   0   0   1   0  18  20   1   2   4   1   1   1   0   1  38  0.97 0.52
  165 I    0 -1 -3 -3 -2 -1  0 -4 -3  3  3  1  2 -1 -3 -1 -1 -1 -2  1    7   3   1   2   1   2   6   1   1  14  26  10   4   3   1   4   4   1   1  10  0.26 0.22
  166 P   -3 -5 -2 -1 -5 -2 -4 -5 -2 -5 -7 -4 -5 -4  8 -2 -2 -2 -3 -6    3   1   2   4   0   2   1   1   1   1   0   1   0   1  73   3   3   1   1   1  2.16 1.06
  167 Y   -2  4 -4  0 -4 -4 -2 -5  0 -1  0  0 -3  3 -4 -4 -4  5  5 -3    4  19   1   5   0   0   3   1   2   4   9   6   1  12   1   1   1   7  21   2  0.70 0.45
  168 L   -3 -6 -6 -8 -3 -5 -6 -7 -8  3  6 -5  0  0 -4 -6 -5 -3 -6 -1    2   0   1   0   1   0   1   0   0  12  69   1   1   3   1   0   1   0   0   4  1.53 0.77
  169 R    1  3 -1 -2 -1  3  1 -3 -1 -2 -1  3  0 -4 -1  0 -1 -5 -4 -2   11  15   2   2   1  13   9   1   2   3   7  18   2   1   3   6   3   0   0   3  0.34 0.30
  170 K    0  2  0  1 -5  2  2 -1 -2 -5 -2  3 -3 -4 -1  0 -1 -6 -5 -4    9  11   5   7   0  11  12   4   1   0   5  20   0   1   3   8   3   0   0   1  0.40 0.33
  171 Y   -1  2  0 -2 -3  0 -2 -1  2 -1  1  1  0  3 -1 -2 -1  1  2 -1    5  12   4   2   1   4   2   4   5   3  15   8   2  11   4   3   3   2   7   3  0.16 0.15
  172 Q   -1 -1  0  0 -2  1 -1  0  1 -1 -2  0 -2  3  2  2  0 -4 -1 -3    5   3   4   5   1   7   3   6   3   3   4   5   1  12  12  15   6   0   2   1  0.19 0.21
  173 E    0  1  1  1 -4  1  2  1  1 -3 -2  1 -3 -4  1  0  1 -3 -4 -4    7   7   5   9   0   7  11  11   3   1   4   8   0   1   8   7   8   0   0   0  0.23 0.22
  174 G    0  1  0  1 -1  1  1  3  0 -3 -2 -1 -2 -5  1  1  0 -5 -3 -3    9   7   3   8   1   5  11  20   2   1   5   3   1   0   7   9   5   0   1   1  0.23 0.21
  175 T    0  0 -1 -1 -1  0  0 -2  0  1 -1  1  0 -1  1 -1  0 -4  0  2    8   6   2   3   1   4   6   3   3   9   2   8   3   3   7   4   7   0   3  19  0.09 0.13
  176 I   -2 -1 -4 -3 -3 -2 -1 -2 -3  5  2 -1  0  1 -3 -3 -1 -2  0  1    3   4   1   1   0   2   4   3   1  32  21   4   1   5   1   2   3   0   3   9  0.46 0.31
  177 V    0  1 -2 -2  0 -1 -1 -2  2  1  0 -1 -1  1  1 -1 -1 -2  4  1    8   7   1   1   2   3   3   2   6   7   8   4   1   7   6   5   4   0  15  10  0.17 0.17
  178 S   -2 -1 -3 -3  0  1 -2 -5  5 -1 -3 -2  0 -1  0  5  1 -6  0 -2    2   3   1   1   2   6   2   0  12   3   2   2   2   2   4  39   8   0   3   3  0.68 0.50
  179 K   -3  6 -3 -2 -1  0  1 -2  1 -3  0  3 -3 -3 -4 -2 -2 -6 -1 -1    1  37   1   3   1   3   7   3   3   1  10  16   1   1   1   2   2   0   2   4  0.69 0.44
  180 V   -2  0 -1 -1  3 -1 -2 -4 -1  1 -1 -1  2 -1 -3 -1  3 -5  0  3    2   5   2   3   7   2   2   1   1   7   6   4   6   3   1   3  20   0   4  22  0.34 0.28
  181 L   -4 -3 -6 -7 -1 -3 -6 -7 -6  3  4 -4  1  2 -6 -4 -3  1  2  2    1   2   0   0   2   1   0   0   0  16  44   1   3   7   0   1   1   2   6  11  0.89 0.48
  182 R   -3  5  0 -3 -2 -1 -3 -3  2  0 -1  4 -1  1 -3 -2 -2 -1  0 -2    2  28   4   1   1   2   0   2   5   7   6  22   2   6   1   2   2   1   3   3  0.53 0.35
  183 V   -1 -5 -5 -5  0 -3 -4 -5 -1  2  2 -3  0  3 -5 -2  4 -4 -1  3    4   0   0   0   2   1   1   0   1  12  16   2   2  14   0   3  23   0   2  17  0.55 0.36
  184 C    0 -3 -3 -3  4 -2 -5 -4 -1  0 -2 -3 -1  5 -5 -1  2  4  4 -1    8   1   1   1   9   2   0   1   2   6   3   2   1  22   0   3  13   6  12   5  0.61 0.36
  185 G   -2 -3  0 -1  0 -5 -3  6 -1 -4 -3 -2 -1 -4  0 -2 -4  1 -6 -5    2   1   5   4   2   0   2  62   1   1   3   3   2   1   5   3   1   2   0   1  1.20 0.59
  186 I   -3 -1 -3 -5 -2 -2 -3 -6 -2  5  3 -3  3 -2 -4 -3 -1 -1  0  1    2   4   1   0   1   2   1   0   1  35  26   1   7   1   1   2   3   1   3   7  0.71 0.39
  187 G   -1  3 -2 -2 -1 -2 -3  5 -1 -5 -4 -1 -2 -3  2  1 -1  0 -2 -4    4  14   1   2   1   2   1  38   1   0   1   3   1   1  10  11   4   1   1   1  0.61 0.33
  188 E   -6 -5 -5 -4 -9 -3  8 -7 -5 -9 -8  2 -7 -9 -6 -5 -6 -8 -7 -8    0   0   0   0   0   0  87   0   0   0   0  13   0   0   0   0   0   0   0   0  2.57 0.85
  189 S   -1 -3 -2 -2  2 -2 -2 -1 -5 -3 -4 -4 -1 -2 -2  6 -1  1 -2 -5    4   2   2   2   4   2   2   5   0   2   2   0   1   2   2  64   2   2   2   0  1.12 0.51
  190 G    1 -1  3  2 -4  2  1 -1  1 -2 -2  1  0 -2 -2  0  0  0 -1 -2   12   3  14  10   0  11   7   3   4   2   4   8   2   2   1   7   4   1   2   3  0.18 0.14
  191 A   -1 -5 -5 -6  0 -5 -5 -3 -5  3  4 -5  2  0 -5 -2 -1 -5 -4  3    4   0   0   0   2   0   0   3   0  16  43   0   5   3   0   3   3   0   0  17  0.76 0.31
  192 A    4 -4  0  1 -4  1  3 -2 -4 -3 -5 -2  0 -4 -3  0  0 -2 -3 -1   34   0   4   8   0   6  22   2   0   1   0   2   2   1   1   5   6   1   1   5  0.55 0.39
  193 E    0 -2  0  3 -5  2  4 -3 -1  0 -3  0 -2 -4  0 -1  1 -5  0 -2    8   1   3  14   0   8  27   2   1   6   3   5   1   0   4   4   8   0   3   2  0.37 0.28
  194 M    0  3 -2 -2 -2  0  2 -3 -1  0  0  2  2  1 -4 -2  0 -2  0 -1    7  15   1   2   1   4  12   1   1   6   9  15   6   6   0   2   5   1   3   4  0.20 0.19
  195 L   -3 -6 -7 -7  1 -1 -7 -7 -6  3  5 -6  1  1 -7 -6 -2 -6 -1  2    3   0   0   0   3   3   0   0   0  17  45   0   3   6   0   0   3   0   3  14  1.04 0.52
  196 K    1  2  0  0 -1  0  2 -1  0 -1 -1  1  1 -1 -1  0  0 -4 -1 -1   11  12   4   5   2   4  13   5   2   3   7  10   3   2   2   7   4   0   2   4  0.11 0.11
  197 D   -1 -2 -1  6  1  0  2 -1  1 -6 -4  0 -6 -6  1 -1 -2 -7 -2 -3    6   2   3  38   3   4  11   4   3   0   2   5   0   0   7   5   2   0   2   2  0.73 0.44
  198 L   -1 -3 -3 -2 -1 -2 -2 -3 -1  3  3 -2  1  2 -3 -2 -2  5 -1  0    5   2   1   3   1   2   2   2   1  14  31   2   3   9   2   2   2   7   2   6  0.44 0.27
  199 I    1 -3 -3 -2 -2 -1  2 -4 -1  4  1 -2  3  1 -3 -3  0 -1 -1  0    9   1   2   2   1   3  14   2   2  18  14   3   6   6   2   2   5   1   2   6  0.35 0.23
  200 D    1  0  0  4 -1  1  1 -3 -1 -4 -1  1 -1 -3  1 -1 -1 -1 -2 -3   10   5   5  18   1   6  10   3   2   1   7   8   1   1   7   5   4   1   2   2  0.26 0.22
  201 N    1  2  2 -1 -2  0  0  1  0 -3  1  1 -2 -3 -2  0 -1  1 -3 -4   10  11  10   4   1   4   7  10   2   1  13   9   1   1   2   6   3   2   1   1  0.19 0.17
  202 Q   -3 -2 -2 -2 -2  4  0 -1  1 -1  2 -1 -1  1  3 -1 -3  0  0 -2    2   2   2   3   1  17   6   5   3   4  16   4   2   6  15   4   2   1   3   3  0.38 0.30
  203 T    0 -1 -2  1 -1 -1  1 -1 -1 -3 -5  0 -6 -3  4  1  1 -7 -2 -2    8   4   2   9   1   3   9   6   2   2   2   6   0   1  20  10  10   0   1   3  0.37 0.32
  204 N   -2 -2  6  3 -1 -2  1  3  1 -2 -5 -2 -8 -9 -3 -2 -3 -9 -1 -3    4   3  28  12   1   2   8  20   3   3   2   2   0   0   2   3   2   0   2   2  0.78 0.50
  205 P   -4 -9 -9 -4 -1 -3 -3 -4 -3  4  0 -4 -1 -3  5 -5 -4 -1  0  4    2   0   0   1   2   2   2   2   1  18  10   2   2   1  27   1   1   1   4  22  0.95 0.57
  206 T   -1  0 -1 -1 -5  0  2 -2  0 -2 -3  1 -2  0 -3  0  4 -5 -2 -1    4   4   2   3   0   4  16   3   2   2   2   9   1   4   1   7  31   0   1   5  0.44 0.39
  207 I   -1 -2 -4 -4  1 -3 -3 -4 -3  3  2 -1  1  1 -2 -2  0  1  1  2    3   2   0   0   3   0   0   0   0  23  17   5   4   6   2   2   7   2   5  18  0.32 0.25
  208 A    2 -1 -1 -3 -3 -1 -1  3 -1  0 -1 -2  0 -3 -2 -1  2  2 -3 -1   24   3   3   0   0   2   4  24   2   7   5   2   3   0   2   3  13   3   0   2  0.28 0.27
  209 P   -2 -3 -1 -3 -3 -1 -1 -2 -2  2  0 -3  0  2  1 -1  2  2  4  0    2   0   2   0   0   2   5   3   0  14   9   0   1   9   8   4  16   3  15   4  0.25 0.25
  210 Y   -1  2 -1 -1  3 -1  0 -2  0 -1  2 -2  0  0 -4 -2 -2  1  4 -1    4  12   4   3   7   3   5   3   2   3  22   0   1   3   0   2   2   2  18   4  0.23 0.25
  211 A    3 -3 -3 -2  1 -3 -2 -2 -3 -1 -1 -3 -1  1  2  0  0  1  1  1   34   0   0   2   2   0   2   2   0   2   6   0   1   7  10   8   5   2   5  11  0.31 0.30
  212 K   -1  2  0 -2 -4  0 -1  0  3 -2 -3  4 -3 -3 -2  2 -3 -5  1 -3    4  11   4   2   0   4   3   8   7   2   2  25   1   1   2  17   1   0   4   2  0.44 0.37
  213 D   -1  1  0  1 -4 -1  0 -1  0 -2  0  0  2  0  2 -1  0  2 -1 -2    5   7   4   9   0   2   6   5   2   2  10   7   7   5  11   4   7   3   2   3  0.11 0.14
  214 N   -1 -3  1 -1 -3 -3 -4  5  0 -5 -5 -3 -3 -3  4 -1 -2 -1  0 -3    6   1   7   4   1   1   1  42   3   0   1   1   1   2  18   4   3   1   3   2  0.84 0.55
  215 E   -3  0 -4 -1 -3  0  5  1 -1  0 -2  0  0  0 -6 -2 -2 -1  1 -2    1   4   0   4   1   4  39  11   2   6   4   5   2   4   0   2   2   1   5   3  0.57 0.45
  216 V   -4 -4 -3 -5  0 -7 -6 -5 -7  5  0 -3  0 -2 -5 -5 -2 -7 -3  6    1   1   1   1   2   0   0   1   0  26   8   2   2   1   1   1   3   0   1  47  1.26 0.69
  217 T   -3  3 -2  0 -6  1  4 -3  3 -1 -3  1 -2 -2 -5 -1  2 -3 -2 -2    2  14   1   6   0   5  23   2   6   4   2   8   1   2   0   3  14   0   1   3  0.45 0.39
  218 F   -5 -4 -1 -8 -3 -7 -7 -8 -7  4  5 -7  1 -1 -7 -4 -3  0 -3  3    1   1   3   0   1   0   0   0   0  18  45   0   3   3   0   1   1   1   1  21  1.15 0.65
  219 R   -5  7 -3 -4 -7 -2 -4 -4  0 -3 -3  3 -2 -4 -7 -2 -1 -3 -1  0    1  50   1   1   0   1   1   2   2   2   3  18   1   1   0   3   5   0   2   8  1.26 0.75
  220 I   -4 -7 -5 -7 -6 -6 -7 -5 -7  4  5 -7 -1 -1 -5 -4  0 -1 -1  3    1   0   1   0   0   0   0   1   0  20  47   0   1   2   1   1   6   1   2  16  1.10 0.62
  221 T   -1  2 -3 -3 -4 -1 -3 -3 -4 -1 -3 -2 -3  1 -6  3  5 -2 -2 -2    4   9   1   1   0   2   2   2   0   3   3   2   1   6   0  19  40   1   1   3  0.80 0.59
  222 A    4 -3 -4 -3  0 -3 -4  2 -2 -2 -1 -3 -3 -1 -3  0  1 -2  0  0   35   1   0   1   2   1   1  15   1   2   6   1   1   3   1   7  10   1   4   8  0.49 0.40
  223 K   -2  3 -1 -1 -2  0 -1 -4  0  0 -4  4 -3 -3  2  0  0 -2 -1 -1    4  17   3   3   1   3   4   1   2   5   1  25   1   1  11   6   5   1   2   4  0.42 0.34
  224 A    4 -1 -1 -1 -2 -2 -3  4  0 -2 -3 -2 -3 -3  0  0 -2 -5 -3 -2   30   3   2   4   1   1   2  26   3   2   3   3   1   1   4   8   3   0   1   3  0.51 0.39
  225 E    1  0  0  2 -2  0  2  0  1 -2 -2  1 -1 -3  1  1  0 -4 -2 -2   10   5   5  10   1   4  13   6   4   2   3   9   1   1   6   9   7   0   1   3  0.16 0.16
  226 S   -1 -2  3  4 -5  0 -1 -2 -1 -2 -3 -1 -3 -3 -2  3  2 -5 -1 -3    5   2  12  25   0   5   4   2   1   2   2   3   1   1   2  18  11   0   2   2  0.51 0.39
  227 E    0  2 -2  0 -2  2  3 -2  0 -1 -1  2 -2 -2  0 -2 -1 -1 -2 -1    7   9   1   4   1  10  20   3   2   4   6  12   1   1   5   2   4   1   2   5  0.23 0.23
  228 E    1 -1  0  2 -5  1  4 -2 -1 -2 -3  1 -2 -4  0  0 -1 -5 -2 -2   14   4   4   9   0   5  28   3   1   2   3   8   1   1   4   6   3   0   2   3  0.38 0.33
  229 V    1  0 -1  1 -5  1  4 -3 -1 -1 -2  0 -1 -1 -3  0  0 -5 -2 -1   13   4   3   7   0   7  26   2   1   3   4   6   2   3   1   5   6   0   2   5  0.29 0.28
  230 A    4 -1 -2 -2  1 -3 -2 -1 -4  0  1 -3  1 -3 -3 -1 -1 -5  0  1   39   3   2   2   3   1   2   5   0   5  12   1   3   1   1   4   3   0   4   8  0.46 0.37
  231 M    0  1  0  1 -3  2  3 -2  0 -1  0  1  0 -2 -2 -1 -1 -1 -2 -2    6   8   4   9   1   8  20   3   2   3   9   9   3   2   1   4   3   1   1   3  0.19 0.20
  232 K    2  2  1  0 -2  2  2 -3 -1 -4 -2  2 -2 -3 -2  0  0 -5 -3 -2   16  10   6   5   1  10  12   2   1   1   4  13   1   1   2   6   6   0   1   3  0.29 0.28
  233 L    0  0 -3 -1 -1 -1  0 -4 -2  1  4  0  2 -2 -4 -1 -2 -2 -3  0    9   4   1   3   1   3   7   1   1   6  36   6   4   1   0   6   2   1   1   5  0.33 0.28
  234 I   -2 -3 -2 -4  0 -3 -3 -4 -2  4  3 -3  3  0 -3 -3 -2  0 -1  2    3   1   2   1   2   1   1   1   1  23  31   2   7   3   1   2   2   1   2  11  0.58 0.39
  235 E    1  0  1  3 -5  1  3 -2  0 -3 -3  0 -1 -4  0 -1 -1  1 -2 -3   12   5   6  19   0   6  17   3   2   2   3   5   2   0   4   4   3   2   2   2  0.32 0.29
  236 P    0  1  0  0 -1  1  2 -2  0 -2 -3  1 -1 -2  4 -1 -1 -4 -1 -2    9   9   4   5   1   7  13   3   2   3   3   7   2   2  18   5   4   0   2   3  0.27 0.26
  237 M    0 -2 -2 -2  0  0  0 -2 -3  1  1 -1  2  0 -2 -2  0  2  1  2    8   2   2   2   2   5   5   2   0   9  16   3   5   4   2   2   7   3   5  16  0.13 0.16
  238 E    0 -1 -2 -1  0  0  3 -2  0  0 -1  0  0  0 -4 -1 -1  3  0  1    9   4   2   3   3   2  24   3   2   6   5   7   2   4   0   3   4   4   3  12  0.19 0.23
  239 R    0  0  1  1 -1  3  2 -1  0 -3 -3  2 -1 -3 -1  0 -1 -5 -2 -2    9   4   6   8   2  13  15   4   2   2   2  13   1   1   2   6   4   0   1   3  0.25 0.26
  240 K    0  0  0 -1 -4  1  2 -1  2 -1 -1  2  1  0 -1 -1 -1  4  0 -1    8   5   3   3   0   7  13   4   4   4   5  16   3   3   3   3   3   7   3   3  0.18 0.16
  241 V    0 -2 -2 -3  3 -1 -2 -3  2  1  0  0  2  2 -2 -1  0 -2  2  1    9   0   0   0   8   0   1   1   9   9   9   9   9   9   0   1   9   0   9   9  0.12 0.12
  242 R    0  0  0  0  2  0  0 -1  1  0 -1  0  1  0  0  0  0 -2  1  0    5   5   5   5   5   5   5   5   5   5   5   5   5   5   5   5   5   0   5   5  0.03 0.05
  243 E    0  0  0  1 -6  2  2 -2  1 -1 -2  1  1 -1  1 -1  0 -6  0 -2    7   6   5   7   0   9  14   4   3   3   4   8   3   3   8   5   5   0   3   3  0.18 0.18
  244 R   -1  3 -1 -1  1  0 -1 -2  1  2  1  0  0 -1 -2 -2 -1  2 -1  0    5  15   3   3   3   4   4   3   3  10  14   6   3   3   3   3   3   3   3   6  0.15 0.12
  245 L    0 -4 -2 -2  0 -1 -2 -3  0  2  3 -4  1  2 -5 -2 -1  1  0  1    7   0   2   2   2   3   3   2   3  11  32   0   3   8   0   2   3   2   2  11  0.34 0.28
  246 K    0  0  0  0  2  0  0  0  1  0 -1  0  1  0  1  0  0 -3 -1  0    6   6   5   6   5   5   6   6   5   6   6   6   5   5   6   6   6   0   0   6  0.03 0.07
  247 E   -1  0  0  3  0  1  2 -1  1 -1 -2  1  0 -3  2  0  0 -4 -1 -2    4   5   4  16   3   7  13   5   3   3   3   7   3   0   9   5   4   0   3   3  0.19 0.20
  248 N    0 -1  1  0  0  0 -1 -2  2  0 -1  0 -1  2 -2 -1 -1  2  4 -1    7   3   9   7   2   4   4   2   5   5   5   7   2  11   2   3   2   2  15   3  0.18 0.20
  249 V   -2 -2 -5 -5  2 -2 -3 -5 -1  4  1 -2  1  2 -5 -2 -1  1  1  3    3   2   0   0   5   2   2   0   2  23  13   2   3   8   0   3   4   2   5  22  0.50 0.34
  250 Y   -3 -2 -3 -6 -5 -3 -5 -3 -3  2 -1 -3 -3  4 -2 -3 -2  3  6  2    2   2   2   0   0   1   0   2   0  10   4   2   0  19   2   2   2   4  32  14  0.97 0.57
  251 G    1 -1 -3 -2  0 -2 -2  4 -1 -2 -3 -2 -1  1 -1  2  0 -4 -1 -2   13   3   0   3   2   2   2  31   2   3   3   2   1   6   3  15   4   0   2   3  0.39 0.34
  252 V    0 -1  0  1  0  0  2 -1  1 -1 -1 -1  0  0 -1  0  1  1  1  0    6   3   4   8   2   2  18   3   3   4   4   3   2   4   2   7   9   2   6   7  0.10 0.14
  253 G   -1 -1  1  3  0  0  0  2  0 -1 -2  0 -3 -1 -1 -1 -1 -4  0 -2    3   3   8  20   3   4   5  18   3   4   4   6   0   3   3   4   3   0   3   3  0.21 0.21
  254 D   -1 -1  1  3  0  0  1  1  1 -1 -2  0 -3  0  0  0  1 -4  0 -1    4   3   5  21   3   4   7  10   3   3   3   5   0   4   3   7   8   0   3   3  0.17 0.19
  255 T   -1 -1  1  2 -1  1  3 -2 -1 -1 -2  1 -1  0  0  0  1  0 -2 -1    3   3   7  12   1   5  18   3   1   4   4   7   2   4   5   7   8   2   1   4  0.17 0.18
  256 S   -1  0  0  1 -1 -1  2 -1 -1 -4 -3 -1  1 -1  0  3  3 -5 -2 -2    3   4   4   9   1   2  12   4   1   0   3   3   3   3   4  22  17   0   2   3  0.29 0.30
  257 L   -2 -2 -5 -2 -5 -1 -5 -3  0  2  4 -2  4  1 -1 -5 -1 -5  1  0    3   2   0   2   0   2   0   2   2  11  42   2   9   6   3   0   3   0   4   5  0.59 0.40
  258 E    2 -2 -1  0  0  0  4 -2  2 -2 -2 -2  0 -1  1 -1 -1 -5 -1 -1   20   2   2   5   2   3  27   3   5   2   4   2   2   2   6   4   3   0   2   4  0.33 0.31
  259 D    0 -1  0  3  0  1  3 -2  2 -2 -2  0  0 -2 -2  1  0 -5 -1 -2    7   3   3  14   2   7  23   3   4   2   3   4   2   2   2   8   5   0   2   3  0.28 0.27
  260 V    1 -1 -1 -1 -1  1  1 -4  1  1  0  0 -1 -1 -4 -1  1 -1  0  3   12   3   2   3   1   6   8   0   3   6  10   5   1   2   0   3   7   1   3  23  0.18 0.20
  261 L    0 -5 -5 -5  3 -5 -5 -5 -5  3  2 -5  2  1 -5 -1  0 -4  1  4    6   0   0   0   5   0   0   0   0  16  18   0   5   5   0   5   6   0   5  27  0.61 0.33
  262 G    1 -1 -1 -1  0 -1 -1  1  1  1  0 -1  1  0  0 -1 -1 -3  0  0   14   3   3   3   3   3   3  12   5   8  12   4   3   5   3   4   3   0   3   7  0.03 0.06
  263 A    0  2  1  1  0  1  2 -2  1 -2 -2  2 -1 -2 -2  0 -1 -4  0 -1    8   9   6   7   2   6  15   3   3   2   3  13   2   2   2   7   3   0   3   5  0.17 0.16
  264 M   -1  1  0 -4 -1  0 -1 -4  1  0  4  0  2 -2 -4 -3 -1 -1 -1 -1    5   7   5   0   2   5   5   1   4   4  40   5   5   1   1   1   3   1   2   3  0.38 0.28
  265 L   -2 -6 -4 -7  0 -4 -7 -7 -7  0  6 -7  3 -1 -7 -2 -5 -6 -5 -2    3   0   1   0   2   1   0   0   0   4  73   0   7   2   0   4   0   0   0   2  1.52 0.68
  266 I    0  2 -1 -2 -2  1  0 -1 -1  0 -1  3 -1 -3  1  0  1 -1 -3 -1    8  14   3   1   1   5   5   3   2   6   8  17   1   1   7   6   8   1   1   4  0.17 0.16
  267 E    0  0  0  1 -5  2  4 -1 -1 -3 -1  2 -1 -4 -2  0 -2 -5 -3 -3    7   5   4   8   0  11  25   6   1   1   6  14   2   1   2   5   2   0   1   1  0.36 0.27
  268 K   -1  4  2 -3 -3  1 -1 -3  2 -3 -3  4 -2 -3 -4 -1 -1 -5 -1 -3    4  24   9   1   1   6   3   1   5   1   3  25   1   1   0   5   3   0   2   2  0.60 0.35
  269 K   -2  0  3  0 -3  1 -1  4  2 -4 -5  2 -2 -5 -2  0 -3 -5 -4 -4    2   4  13   6   1   6   3  30   6   1   1  15   1   0   2   8   1   0   0   1  0.58 0.34
  270 L   -1 -1 -3 -3 -2  2  0 -3 -1  0  3  2  1 -1 -3 -2 -2  3  0 -1    5   3   1   1   1   8   6   2   2   5  35  12   3   3   1   2   2   4   2   3  0.33 0.24
  271 T   -3  0 -2 -2 -6 -2 -5 -5  0 -6 -4  1 -3 -4 -2  3  6 -2 -4 -4    1   4   2   3   0   1   0   1   2   0   1   9   1   1   3  18  52   1   1   1  1.15 0.64
  272 I   -4 -4 -7 -7 -2 -6 -7 -7 -7  5  4 -6  0  3 -7 -6 -5 -6 -2  3    1   1   0   0   1   0   0   0   0  29  36   0   1  11   0   0   0   0   1  18  1.18 0.54
  273 A    5 -4 -4 -5 -2 -3 -4  0 -5 -1 -4 -5 -3 -3 -5  4  2 -6 -3 -2   42   1   1   0   1   1   1   6   0   4   2   0   1   1   0  25  12   0   1   3  0.89 0.53
  274 T    0 -5 -5 -5  2 -5 -2 -4 -6  3  0 -5 -1  1 -5 -2  4 -6 -4  3    9   0   0   0   4   0   3   1   0  15   8   0   1   6   0   2  28   0   0  23  0.72 0.43
  275 A    6 -6 -6 -7  0 -6 -6 -2 -3 -2 -3 -6 -1 -2 -6  0 -3 -6  3 -1   65   0   0   0   2   0   0   3   1   3   3   0   1   1   0   7   1   0   9   4  1.34 0.69
  276 E   -7 -6 -6  2 -10 -4  8 -8 -6 -9 -9 -5 -8 -1 -7 -6 -7 -9 -8 -8    0   0   0  11   0   0  86   0   0   0   0   0   0   3   0   0   0   0   0   0  2.63 1.11
  277 S   -2 -4 -1 -3 -2  2 -3  1 -2 -4 -5 -3 -6 -4 -1  6 -1 -2 -4 -2    1   0   2   2   1   8   1   9   1   1   1   1   0   1   3  61   3   1   1   3  1.12 0.65
  278 C   -1 -6 -2 -6  9 -6 -6  0 -6 -1  1 -6 -2  2 -6  0 -4 -6 -2  1    6   0   2   0  43   0   0   6   0   4  11   0   1   9   0   7   1   0   1   8  1.38 0.59
  279 T   -4 -3 -3 -6 -6 -6 -6 -6 -6 -1 -4 -6 -5 -3 -6  1  8 -7 -6 -4    1   1   1   0   0   0   0   0   0   4   2   0   0   1   0   8  79   0   0   1  2.10 0.93
  280 G    2 -2  2 -2 -3 -1 -4  6 -3 -7 -7 -3 -1 -5 -6 -2 -4 -7 -4 -7   15   3   8   2   1   3   1  60   1   0   0   1   2   0   0   3   1   0   1   0  1.34 0.60
  281 G    0 -8 -6 -7 -8 -7 -7  8 -7 -9 -9 -7 -8 -9 -7 -1 -7 -8 -8 -8    6   0   0   0   0   0   0  90   0   0   0   0   0   0   0   4   0   0   0   0  2.58 0.95
  282 L    0 -1 -3 -4 -3 -2 -2 -2 -2 -2  4 -2  4  1 -1 -2 -3  0  2 -2   10   4   1   1   0   1   3   3   1   1  43   2  11   5   4   2   1   1   6   1  0.54 0.35
  283 L   -3 -7 -7 -8 -3 -6 -7 -8 -7  4  5 -7  0  3 -7 -5 -3 -6 -4  2    1   0   0   0   0   0   0   0   0  23  51   0   2  10   0   0   1   0   0  11  1.27 0.54
  284 S    4 -5 -2 -5  0  1 -4  1 -1 -4 -2 -4 -3 -1 -4  2  0 -5  2 -3   37   0   2   0   2   7   0   9   1   1   4   0   1   3   0  18   6   0   7   1  0.61 0.41
  285 G    2 -1  1 -1 -3  0  0  0  3 -4 -2  0 -4 -4 -3  3  0  2 -1 -4   21   3   5   3   0   5   5   6   8   0   4   6   0   0   1  22   4   3   2   0  0.34 0.27
  286 R    0  4 -3 -4 -3  2  0 -4 -2 -3  1  1  2 -3 -5 -1  0  5 -2 -3    8  25   1   0   0   9   7   1   1   1  14   7   6   1   0   4   7   8   1   1  0.49 0.33
  287 L   -5 -7 -8 -8  2 -7 -7 -8 -7  4  5 -7  3  2 -7 -7 -5 -6 -5 -1    1   0   0   0   4   0   0   0   0  18  60   0   5   8   0   0   0   0   0   3  1.46 0.61
  288 I    0 -2  0 -4 -1  0 -4 -2  1 -1 -1  0 -2 -3 -4  0  5 -5 -4  0    9   1   4   0   1   5   0   3   4   4   7   6   1   1   0   7  41   0   0   6  0.58 0.38
  289 N    1  0  3  3 -5  1  1  0 -3 -5 -4  0 -3 -5 -3  3 -2 -5 -4 -4   12   6  13  19   0   5   8   8   0   0   1   4   0   0   1  20   1   0   0   1  0.47 0.31
  290 Y   -1 -1  0 -1 -3  0  0 -4  3  3  0 -1 -1  1 -3 -3 -1 -4  0  4    4   3   4   3   0   6   5   1   7  15   6   3   1   6   1   1   3   0   3  29  0.31 0.22
  291 P    1 -4 -2  1 -2 -3  0 -3 -3 -5 -4 -2  0 -5  6  2 -3 -5 -5 -4   12   1   2   8   1   1   7   1   1   0   2   2   3   0  43  14   1   0   0   1  1.04 0.50
  292 G    0 -3  0 -1 -5 -1 -3  6 -3 -3 -4 -2 -4 -5 -2 -2 -1 -1 -5 -4    6   2   4   4   0   3   1  62   1   2   2   2   0   0   2   3   4   1   0   1  1.11 0.47
  293 I    4 -3 -2 -2 -1 -2 -2 -2 -4  1  0 -3 -3 -2 -3  3 -2 -4 -3  1   31   1   1   2   1   1   2   2   0   9  10   1   0   1   1  26   2   0   0   9  0.48 0.32
  294 S    0 -2 -1 -3 -3 -2 -1 -1 -4 -4 -3 -2 -4 -4 -3  6  1 -5 -5 -4    6   2   3   1   0   1   5   4   0   1   3   1   0   1   1  61   8   0   0   1  1.05 0.56
  295 E    2  0  1  2 -3  2  2 -1  0 -4 -3  1 -2 -4 -2  1  0 -4 -3 -2   20   4   6  12   0   9  12   3   2   0   2   8   1   0   1  10   6   0   0   3  0.29 0.22
  296 V   -1 -3 -1 -4  1  0 -3 -4 -1  1 -1 -4 -2  1 -1 -1 -2  3  5  3    5   1   3   0   3   5   1   1   1   8   4   0   1   5   4   5   2   3  24  23  0.51 0.32
  297 F   -3 -3 -5 -2  2 -5 -5 -5 -4 -1  3 -5  0  7 -3 -3 -3 -1  2  0    2   2   0   3   4   0   0   1   0   3  23   0   2  42   1   2   1   1   6   7  1.05 0.48
  298 M    0  1  0  1 -3  0 -1  0  0 -1  1  2  1 -2 -1 -1  0  0 -1  0    8   6   4   8   0   3   3   7   2   3  18  14   3   1   2   3   4   1   2   7  0.06 0.10
  299 E   -1  0 -2 -2 -1  0  1  5  3 -4 -4 -1 -3 -3 -4 -2 -2 -5 -2 -5    4   6   2   2   1   4   9  49   6   1   2   4   1   1   1   3   2   0   2   0  0.80 0.42
  300 G    0 -5 -4 -4 -2 -3 -3  6 -5 -5 -5 -4 -5 -3 -5  3 -2 -5 -5 -4    7   0   0   1   1   1   1  61   0   0   1   1   0   1   0  19   2   0   0   1  1.37 0.61
  301 A    0 -2 -3 -3 -2 -1 -2 -3 -2  2  0 -3  1  2 -4 -2 -1  5  0  3    8   2   1   1   1   3   3   2   1  13   9   1   4  10   1   1   3   8   3  25  0.36 0.23
  302 V   -2 -4 -4 -5 -1 -4 -3 -4 -5  4  0 -4 -1 -2 -4 -3 -2 -4 -2  6    3   1   1   1   1   1   2   2   0  19   6   1   1   1   1   2   2   0   1  55  1.08 0.48
  303 T    1 -3 -2 -3  2  0 -2 -3 -3 -1  0 -3 -1 -3  1  2  4 -2 -3  0   13   1   2   1   5   3   2   1   0   4   7   1   1   1   8  17  26   1   0   6  0.39 0.29
  304 Y   -3  0 -3 -3 -3 -3 -3 -1  4 -4 -3 -4 -3 -2 -1 -4 -3 -3  8 -4    3   5   1   2   1   1   1   6   9   1   3   1   1   0   4   1   1   0  58   1  1.66 0.69
  305 S    2 -3  0  0 -3 -1 -1 -2  1 -4 -3 -3 -2 -4  0  5  1 -1 -4 -4   19   1   4   6   1   3   3   2   3   0   2   1   1   1   4  41   7   1   0   1  0.64 0.41
  306 N   -1 -2  6  0 -2  0 -1 -3 -3 -3 -2 -2 -1 -3  0 -1  1 -5 -2  0    5   1  41   5   1   4   3   2   0   1   5   2   1   1   5   3  10   0   1   7  0.67 0.39
  307 E    0  0 -1  3 -3  2  4 -2  1 -4 -2 -1 -3 -3 -2  0 -1 -2 -2 -2    7   5   3  15   0   9  31   2   3   1   3   4   0   1   1   6   3   1   1   3  0.48 0.32
  308 A    3 -1 -3 -2 -3  0 -1 -2 -1  1  0 -2  2  1 -1  1 -1 -2 -2  2   25   2   1   2   0   4   4   2   1   8   8   1   5   7   2   9   3   0   0  14  0.21 0.19
  309 K   -1 -1 -4 -3 -5 -2 -1 -2 -4 -1 -1  6  0 -3  1 -4 -3 -2 -4 -2    5   2   0   1   0   1   3   3   0   4   5  57   2   1   8   1   1   1   0   3  1.05 0.54
  310 M    0  0  0  0  1  1  1 -2  1  1  0 -1  2 -2 -2  0  0 -3 -2  1    9   4   3   6   4   7  13   3   4   8   7   3   6   1   1   7   6   0   1   9  0.08 0.10
  311 N    0  1  2  2 -3  1  2 -1  1 -2 -3  2 -2 -4 -2  1 -1 -4 -3 -3    7   8  12  10   0   6  13   4   3   2   2  15   1   1   1   9   4   0   0   2  0.29 0.21
  312 R   -2  1  0 -2 -2  0  0 -3  0  1  2 -1  1  0 -3 -1 -1  3 -1  1    2   8   4   2   0   4   6   2   3   9  24   4   4   4   1   3   3   4   2  12  0.15 0.14
  313 L   -1 -4 -2 -3 -2 -1 -3 -3 -4 -1  5 -3 -1 -1 -4 -2 -2 -4 -4  0    5   1   2   2   1   3   1   2   0   2  64   1   1   2   1   3   3   0   0   5  0.93 0.46
  314 G   -1 -3  1  2 -2 -1 -1  5  0 -4 -4  0 -3 -2  0 -1 -3 -4 -3 -4    5   1   6  12   1   3   4  41   3   1   2   5   1   2   5   5   1   0   1   1  0.62 0.33
  315 V   -1 -5 -5 -2 -3 -3 -3 -4 -5  3  0 -3  0 -2 -2 -2 -2 -5 -4  6    5   1   0   2   0   1   1   2   0  12   7   1   2   1   3   3   2   0   0  55  0.99 0.48
  316 K   -1 -1  1  2 -4  0  0 -3  0 -4 -1  1 -3 -4  4  2  0 -4 -4 -4    5   4   6  11   0   4   5   2   2   1   8   8   0   0  21  16   4   0   0   1  0.41 0.28
  317 K    2 -1 -1  1 -3  2  2 -2  0 -4 -2  1 -2 -2  3  0 -1 -4 -2 -3   16   3   2   7   0   9  15   3   2   1   4   8   1   2  14   6   3   0   1   1  0.31 0.24
  318 E    1 -2  0  3 -2  3  5 -2 -3 -5 -4 -1 -4 -5 -2  0 -1 -5 -5 -3   12   2   4  14   1  12  32   3   0   0   1   3   0   0   2   7   3   0   0   2  0.64 0.42
  319 T   -1 -3 -2  0 -3 -1 -2 -4 -3  1  2 -3  0 -2 -3  0  5 -5 -3  0    5   1   2   5   0   2   2   1   1   7  20   1   2   2   1   6  34   0   1   7  0.47 0.34
  320 L   -4 -5 -5 -5 -4 -5 -5 -4 -5  4  5 -4 -1  1 -4 -4 -4 -5 -2 -1    1   0   0   1   0   0   1   2   0  24  55   1   1   6   1   1   1   0   1   2  1.15 0.53
  321 E    2 -1  0  2 -4  1  4 -2 -1 -3 -3  1 -1 -4  0 -1 -1 -3 -4 -3   20   3   5  12   0   5  25   2   2   1   2   7   1   0   4   4   2   0   0   2  0.41 0.29
  322 S    1  1 -1  0 -2  2  2 -2 -1 -3  0  2 -2 -3 -3  1  1 -4 -3 -2   11   7   3   5   1  10  13   2   2   1   9  15   0   1   1   9   8   0   1   2  0.24 0.21
  323 Y    0 -2 -1 -1 -1 -1  0 -3  6 -3 -1 -1 -2  2 -1 -2 -1 -1  5 -2    9   2   3   4   1   3   5   1  20   1   5   3   1   8   3   3   5   1  19   3  0.55 0.32
  324 G    0 -3 -2 -3 -1 -3 -4  6 -4 -4 -2 -3 -4 -4 -3  0  0 -4 -4 -3    7   1   2   1   1   1   1  61   0   1   5   2   0   1   1   6   5   0   1   2  1.14 0.49
  325 A    5 -2 -3 -2 -3 -1 -2 -3  0 -2 -3 -3 -2 -2 -3 -1 -1 -4 -1  2   53   2   1   2   0   2   2   2   2   2   2   1   1   1   1   4   3   0   2  14  0.77 0.42
  326 V   -2 -1 -2 -4 -4 -3 -2 -4 -2 -1 -1 -3 -3 -3 -3 -3  1  3 -2  6    3   3   3   1   0   1   2   1   1   2   4   2   0   1   1   1   7   4   1  60  1.05 0.50
  327 S   -1 -1 -2 -2 -2 -3 -2 -2 -3 -4 -5 -1 -4 -5 -3  6 -1 -5 -4 -4    5   4   1   2   1   1   2   3   1   1   1   4   0   1   1  68   3   0   0   1  1.31 0.66
  328 S    2  0 -2  0 -3  0  4 -2  1 -2 -2  0 -1 -4  1  0 -2 -4 -3 -2   16   4   1   5   0   3  33   2   3   2   4   5   1   0   6   7   2   0   1   3  0.42 0.30
  329 E    0 -1 -2 -1 -4  4  4 -3 -2 -3 -1  1 -3 -2  1 -1 -2 -4 -2 -3   10   2   2   3   0  16  33   1   1   2   6   7   0   2   8   3   2   0   1   1  0.54 0.36
  330 T   -1 -2 -4 -3  6 -1 -3 -4 -4 -1  0 -3 -3 -3 -4 -3  4  0 -1  4    4   3   1   2  17   3   1   1   0   3   7   1   0   1   1   1  26   1   2  26  0.74 0.42
  331 A    6 -3 -4 -2 -1 -2 -4 -2 -4 -3 -2 -3 -2 -4 -4 -2 -3 -5 -4  2   63   1   1   3   1   2   1   3   0   1   3   1   1   0   1   3   1   0   0  14  1.12 0.57
  332 A    1  3 -1 -1  0  1  2 -2 -1  0 -1  2  0 -3 -3  0  0 -3 -1 -1   11  16   1   2   2   5  13   3   1   5   7  12   2   1   1   4   6   0   2   5  0.17 0.16
  333 E    3 -1 -3  1 -3  3  4 -3 -2 -4 -3 -1 -3 -4 -3 -1 -2 -1 -3 -3   24   3   1   6   0  14  32   2   1   1   2   3   1   0   1   5   1   1   1   1  0.66 0.41
  334 M   -2 -1 -5 -5 -4 -1 -4 -4 -2  0  2 -4  9 -1 -5 -4 -3 -4 -4 -2    3   3   1   1   0   2   1   2   1   5  18   1  54   2   1   1   2   0   0   2  1.67 0.70
  335 A    7 -4 -5 -5 -2 -4 -5 -3 -5 -4 -2 -4 -4 -3 -4 -1 -3 -5 -5  0   79   1   0   0   1   1   1   1   0   1   4   0   0   1   0   3   1   0   0   5  1.62 0.76
  336 K    0  1  0  0 -3  2  3 -3 -1  0  0  1  0 -3 -3  0 -1 -4 -3 -1    8   8   4   4   0  10  22   1   2   5  12   9   2   1   0   5   4   0   0   3  0.23 0.21
  337 G    1  0  1 -2 -3  0 -2  5  0 -3 -3 -1 -3 -2 -4  0 -2  0  0 -1   10   6   8   1   1   4   2  39   2   1   3   3   1   2   0   6   2   1   3   5  0.49 0.31
  338 I    3 -3 -4 -5  1 -3 -4 -3 -5  3  1 -4 -1 -3 -3 -1  1 -5 -4  3   25   2   1   0   2   1   0   1   0  14  13   0   1   0   1   3   9   0   0  25  0.54 0.35
  339 A    1  5 -2 -4 -1  1 -3  0 -3 -3  0  2  0 -2 -4 -2 -2 -5 -2 -3   13  36   1   0   1   6   1   7   0   1  11  10   2   2   0   3   1   0   1   2  0.59 0.40
  340 K   -1  2  2  1 -4  2  2 -3  2 -3 -2  3 -1 -3 -3  0  0 -5 -3 -2    6   9   8   8   0   8  15   2   4   1   5  19   1   1   1   6   5   0   0   2  0.31 0.24
  341 T    0  3  0 -2 -3  1 -1 -3  1  0  2  1  0  0 -4 -1 -1 -3 -3  0    7  17   5   2   0   6   2   1   3   6  23  10   1   3   0   2   3   0   0   6  0.21 0.20
  342 A    1 -2 -2 -1  1 -2 -2 -2  1 -2  2 -3  0  3 -3  1  1  2  1 -2   10   1   1   3   4   2   2   2   4   2  19   1   2  13   1  14  10   3   5   1  0.22 0.22
  343 G   -1  0  2  1 -2  2  0  4  1 -5 -4  1 -4 -4 -2 -1 -2 -5 -3 -5    4   4   9   8   1  10   4  37   3   0   2  10   0   1   1   4   2   0   1   0  0.59 0.37
  344 T    4 -4 -2 -4  1 -4 -3 -2 -2 -4 -3 -2 -4 -5 -4  3  3 -5 -5 -1   37   1   2   1   2   0   1   2   1   0   2   2   0   0   0  23  20   0   0   5  0.81 0.52
  345 N   -3 -4  0  7 -6  0  1 -2  0 -3 -5 -3 -5 -6 -3  0  1 -6 -5 -4    2   1   4  56   0   5   7   2   2   1   1   1   0   0   1   6   9   0   0   1  1.23 0.61
  346 I   -3 -4 -5 -6  1 -5 -4 -6 -2  4  2 -5  0  4 -5 -5 -2  4  4  2    1   1   0   0   3   0   1   0   1  23  19   0   2  14   0   0   2   6  14  11  0.79 0.41
  347 G    4 -5 -4 -5  0 -4 -5  5 -5 -5 -4 -4 -5 -5 -4  1 -1 -5 -4 -2   36   0   1   0   2   0   0  39   0   0   2   0   0   0   1  11   3   0   0   3  1.06 0.56
  348 V   -4 -6 -6 -6 -4 -6 -6 -5 -6  5  4 -6 -1 -3 -6 -5 -4 -5 -5  4    1   0   0   0   0   0   0   1   0  29  40   0   1   1   0   0   0   0   0  26  1.24 0.58
  349 S    5 -4 -4 -4 -4 -3 -3  0 -3 -4 -2 -4 -4 -2 -3  4 -3 -5 -2 -1   45   0   0   0   0   1   1   7   1   0   4   0   0   2   1  31   1   0   1   4  0.94 0.56
  350 T   -2 -4 -4 -4 -1 -4 -4 -5 -2  4  1 -4 -2  1 -4 -2  3 -4 -1  4    2   0   1   1   1   0   0   1   1  19  15   0   0   6   0   2  19   0   2  28  0.68 0.39
  351 T   -2 -3 -2 -2 -1  0 -3 -3 -2 -1 -1 -3 -2 -3 -3  3  6 -4 -4 -1    2   1   2   2   1   3   1   2   1   3   6   1   1   1   1  20  48   0   0   3  0.89 0.49
  352 G    1 -4 -3 -3 -3 -1 -3  6 -4 -4 -3 -3 -4 -3 -4 -2 -1 -4 -4 -2   10   1   1   1   1   4   2  63   0   1   3   1   0   1   1   2   4   0   1   3  1.18 0.49
  353 V   -1 -1  0 -3 -3 -2 -1 -3 -1  5  0 -3  1 -1  0 -2 -1 -2  0  3    4   3   5   1   0   2   3   2   1  31   7   1   2   2   5   2   2   1   3  22  0.41 0.24
  354 A    6 -2 -3 -3 -3  0 -1 -2 -2 -2 -3 -2 -2 -2 -2  0 -2 -4 -2 -2   60   2   1   1   0   4   5   2   1   3   2   3   1   2   1   6   2   0   1   2  0.88 0.44
  355 G   -2 -1 -2 -1 -4 -2 -3  6 -3 -4 -3 -2 -4 -4 -2 -2 -2 -4 -4 -3    2   3   2   3   0   2   2  67   1   1   3   2   1   1   3   3   2   0   1   2  1.28 0.49
  356 P   -1 -4 -4  0 -4 -3  1 -3 -4 -3 -4 -3 -4 -3  7 -2 -3 -4 -4 -4    4   1   1   5   0   1  10   2   0   2   2   1   0   1  62   3   2   0   1   1  1.59 0.63
  357 G   -1 -1  1  4  0 -1  0  2 -1 -2 -2 -2 -2 -3 -2  1  1  3 -2 -3    3   3   5  22   2   3   6  17   2   2   3   2   1   1   1  12   8   4   1   2  0.33 0.21
  358 G   -1 -3 -1  0 -2 -2 -1  5 -3 -3 -1  0 -3 -2 -2 -1 -2 -3 -1 -3    4   1   3   4   1   2   3  51   1   2   7   7   1   2   2   5   2   0   2   2  0.71 0.32
  359 G    0 -2  0  0 -3  1  0  4 -2 -3 -3 -2 -2 -2  0  0  0 -2 -2 -3    9   2   3   5   0   6   7  37   1   1   3   2   1   2   4   8   6   1   1   2  0.43 0.25
  360 T   -2 -2 -1  1 -3  0  0 -3  0 -1  1 -2 -1 -1 -1  2  4  0 -2 -2    2   2   2   9   0   5   6   2   2   3  13   2   2   2   2  15  27   1   1   2  0.29 0.24
  361 K    0 -1  0  2 -2  1  3 -1  1 -2 -2  0 -3 -2  2  0 -1 -3 -2 -2    8   3   4  10   1   4  24   5   3   2   4   4   0   2  11   8   2   0   1   2  0.28 0.20
  362 E   -1 -1  0  3 -3  0  4  2 -1 -3 -3 -1 -3 -3 -2 -1 -1 -3 -3 -3    6   3   4  17   0   3  25  19   1   1   2   3   0   1   2   3   4   0   1   2  0.44 0.26
  363 K   -1  1  1  0 -2  1  0 -3  3 -3 -3  5 -3 -3 -2 -2 -2 -3  0 -2    4   5   5   5   1   7   4   2   7   2   2  42   0   1   2   2   2   0   4   3  0.64 0.34
  364 P   -1 -2 -2 -1 -4 -1  1 -1  1 -3 -2 -1 -3 -4  7 -1 -2 -4 -3 -2    4   2   2   4   0   2   8   4   3   1   4   3   1   1  48   4   2   0   1   4  0.99 0.43
  365 V    1 -1  0 -2 -1 -1 -2 -3 -2  1  0 -2 -2 -1  0 -2 -2 -3 -3  5   10   3   5   2   1   3   2   2   1   6   7   2   0   2   5   2   1   0   1  44  0.49 0.29
  366 G   -1 -3  0 -1 -4 -3 -1  6 -3 -4 -3 -2 -4 -3 -2 -2 -2 -4 -3 -4    4   1   4   3   0   1   4  65   0   1   3   3   0   1   2   3   3   0   1   1  1.21 0.49
  367 L   -2 -1 -1 -2 -2  0 -1 -3 -2 -1  2 -1 -1 -1 -3 -2  5 -3 -3 -1    3   3   3   2   1   5   5   2   1   3  21   4   1   2   1   2  39   0   1   3  0.52 0.34
  368 V   -1 -4 -4 -5 -3 -4 -4 -5 -3  1 -1 -4 -1  0 -4 -3 -1 -4 -3  6    4   1   1   1   1   1   1   1   1   7   6   1   1   3   1   2   3   0   1  63  1.21 0.55
  369 Y   -1 -4 -3 -3  4 -4 -4 -4  2 -4 -4 -4 -4  4 -2 -1 -2  7  7 -3    6   1   1   2   7   1   1   1   4   1   1   1   0  14   2   4   2  13  35   1  1.24 0.55
  370 V   -3 -5 -1 -4 -2 -5 -5 -5 -5  6  2 -5  1  2 -5 -4 -3 -3 -2  3    1   0   3   1   1   0   1   1   0  40  18   0   3   9   0   1   1   0   1  17  0.94 0.46
  371 G    5 -5 -5 -4  1 -5 -5  5 -5 -5 -4 -5 -5 -5 -5 -1 -2 -6 -5 -2   45   0   0   1   3   0   0  36   0   0   2   0   0   0   0   4   2   0   0   3  1.22 0.63
  372 L   -2 -5 -6 -6  1 -5 -5 -5 -5  3  4 -4  0  0 -5 -4 -3  0 -1  2    4   0   0   0   3   0   0   1   0  18  46   1   2   3   0   1   2   2   2  15  0.89 0.46
  373 C    4 -2 -3 -1  3 -3 -4 -2  3 -2 -1 -2 -3 -1 -4  2 -1 -4  2 -2   38   2   1   4   5   0   0   3   8   2   7   2   0   2   0  12   3   0   7   3  0.52 0.38
  374 I   -1 -2 -1  2 -1 -1 -1  1  0  0 -2 -2 -1 -2 -3  1  4 -4  1  0    4   1   2  11   1   2   3  11   2   5   3   1   1   1   1   8  31   0   4   6  0.35 0.30
  375 N   -1  1  1  1 -4 -1  1  1 -2 -4 -4  2 -3 -5  5 -1 -2 -5 -5 -4    6   7   7   8   0   3   7  11   1   1   1  14   1   0  26   4   2   0   0   1  0.56 0.36
  376 G   -2 -1  2  3 -5  1  3  3  1 -4 -4  0 -4 -3 -4 -1 -1 -2 -3 -4    3   2   9  17   0   6  17  23   3   1   1   5   0   1   0   3   5   1   1   1  0.50 0.33
  377 K   -1  1  0  0 -4  1  1  4  0 -4 -4  2 -3 -4 -2 -1 -1 -3 -3 -3    3   7   5   5   0   7  10  34   2   1   1  11   1   1   2   4   3   0   1   2  0.49 0.33
  378 V   -1 -2 -2 -3  1 -2 -1 -3 -1  1  0 -2 -1  1 -2  0  4 -4 -1  3    3   1   1   1   3   2   4   1   2   6  10   2   1   5   1   7  29   0   1  19  0.37 0.30
  379 K   -2  0 -1 -1 -2  2  1 -3  2  0 -1  1 -1  2 -3 -1 -1  4  2  0    3   6   2   3   1   9  10   2   6   5   5   8   1  10   1   5   4   6   7   7  0.16 0.17
  380 T    2 -3 -3 -4  0 -2 -2 -1  0  1 -2 -4 -2 -3 -4  1  3 -5 -3  3   18   1   0   0   2   2   3   5   2   8   3   0   1   1   0  12  17   0   1  23  0.43 0.35
  381 R   -2  3 -2 -2 -5  3  1 -4  2  0  0  2 -1  1 -4 -2 -2  1  2  0    2  14   1   1   0  15  11   1   4   5   9  13   1   5   0   2   2   2   7   6  0.33 0.29
  382 K   -3  4 -3 -3 -1  1  3 -4  0 -4 -3  3 -1 -5 -3  0  3 -6 -4 -4    1  20   0   1   1   7  17   1   3   1   3  20   1   0   1   6  16   0   0   1  0.65 0.45
  383 L   -3  0 -4 -5  0 -1 -3 -5  2  1  2 -3  0  5 -5 -4 -4 -3  3  3    1   6   1   0   2   3   2   1   5   6  23   1   1  21   0   1   0   0   8  18  0.60 0.38
  384 N   -2  3  2 -1 -1  2  0 -3  3 -1 -1  2 -2 -1 -3  0  0 -4 -1 -1    2  15  11   3   1  11   4   1   8   3   5  13   1   3   1   6   6   0   2   4  0.28 0.24
  385 M   -5  0 -6 -6 -4 -5 -6 -6  1  0  3 -4  3  6 -5 -4 -3  2  3 -1    1   6   0   0   0   0   0   0   3   5  23   1   8  35   0   1   1   2   8   3  1.04 0.54
  386 P    0  0  1 -1 -4  0 -2  2  1 -2 -3  1 -2 -3  3  2  1 -4 -3 -3    7   5   6   3   0   3   1  14   3   2   1   8   1   1  15  18   9   0   0   1  0.32 0.27
  387 G    0  1  0 -4 -5  1 -4  5  1 -4 -4 -1 -2  0 -4 -1 -2 -3  2 -3    7   7   4   0   0   7   0  45   3   1   2   3   1   4   1   4   2   0   7   2  0.71 0.43
  388 D   -1 -1  3  4 -5 -1  0  0  2 -4 -5 -2 -3 -5  0  3  0 -6 -3 -5    3   3  13  25   0   2   4   7   5   1   0   2   1   0   4  21   6   0   1   0  0.59 0.41
  389 R   -3  8 -6 -4 -8 -2 -5 -7  0 -4 -6 -3 -3 -8  1 -3 -6 -3 -5 -5    2  80   0   1   0   1   0   0   2   1   1   0   1   0   6   2   0   0   0   1  2.32 1.04
  390 Q    0 -1  3  2 -4  2  3 -3  4 -3 -3  0 -2 -5 -3  0 -1 -6 -1 -4    7   3  15  12   0  11  20   1   9   1   2   5   1   0   1   7   3   0   2   1  0.49 0.36
  391 T    0  1  0  2 -4  1  1 -1 -1 -1  0  0  0 -2 -3  1  0  1  1 -2    7  10   3  11   0   5   9   5   1   5  10   6   2   1   0  10   6   2   5   1  0.11 0.13
  392 V   -2 -1  2 -5 -3  0 -5 -3 -1  5  1 -2  0  0 -5 -4 -1 -5 -3  3    3   3   9   0   0   6   0   2   1  29  15   3   1   3   0   0   3   0   0  21  0.59 0.38
  393 R   -4  7 -4 -4 -7  4 -3 -6  0  1 -5  2 -4 -6 -5 -5 -3  1 -6 -2    2  51   0   1   0  16   1   0   2   7   1  11   0   0   0   0   1   2   0   4  1.37 0.72
  394 N   -2  1  1  0 -4  2  3 -3  1  0 -1  1 -2 -3 -3  0  0 -1  0 -2    3   8   8   6   0   8  21   1   3   5   8   7   1   0   1   7   7   1   4   2  0.23 0.22
  395 R   -3  6 -4 -4 -6  1 -3 -4 -3  1  1  0  1  1 -6 -3 -4  1 -1  1    2  39   0   1   0   7   1   1   1   9  11   5   3   5   0   2   1   2   2   9  0.72 0.46
  396 V    4 -5 -5 -5  2 -5 -5 -4 -6  2 -3 -5 -2 -2 -5  3  3 -6 -5  1   33   0   0   0   5   0   0   0   0  10   2   0   1   2   0  23  15   0   0  10  0.83 0.55
  397 V    4 -5 -4 -5  0  1 -5 -1 -6 -2 -4 -3 -2 -6 -4  1  2 -6 -6  3   38   0   0   0   2   6   0   5   0   1   0   1   1   0   1  12  12   0   0  21  0.76 0.53
  398 N   -1 -2  3 -3 -1  1 -2 -4 -1 -1  1  1  5  0 -5 -1  2 -4 -1 -1    5   1  14   1   1   6   2   1   1   3  11  10  16   4   0   3  14   0   2   4  0.36 0.32
  399 A    1 -1 -1 -3 -3  1 -2 -4  2 -1  1  0  3  0 -4 -1  1  1  3  1   15   3   3   1   0   6   2   0   5   3  12   6   8   3   0   2   9   2  10   9  0.22 0.23
  400 V    7 -7 -6 -7 -2 -6 -6  1 -7 -2 -3 -6  0 -7 -6 -2 -3 -8 -7  0   73   0   0   0   1   0   0   9   0   2   3   0   2   0   0   3   1   0   0   6  1.61 0.84
  401 I   -1 -6 -7 -7  0 -4 -7 -5 -6  0  6 -6  4  2 -7 -6 -5 -2 -1 -3    5   0   0   0   2   1   0   1   0   4  66   0  10   8   0   0   0   1   2   1  1.40 0.68
  402 D   -3 -2  4  6 -3 -1  1 -3  2 -1 -4 -2 -4 -1 -5 -2 -3 -3  1 -4    2   2  20  39   1   2   9   1   4   4   2   2   0   3   0   2   1   0   5   1  0.93 0.53
  403 W   -3  0 -5 -5 -3 -1 -2 -6 -1 -1  3 -3  8  0 -7 -4 -4  4  0 -2    2   5   1   1   1   3   3   0   1   3  30   1  34   4   0   1   1   5   3   1  1.12 0.61
  404 I   -3 -7 -8 -8 -6 -7 -7 -7 -7  2  6 -7 -1 -2 -7 -6 -5 -6 -6  2    3   0   0   0   0   0   0   0   0  11  72   0   1   2   0   0   0   0   0  11  1.62 0.75
  405 R   -6  8 -4 -7 -2 -2 -5 -7 -2 -3  0 -1 -3 -3 -7 -4 -6  4  0 -4    0  68   1   0   1   2   0   0   1   2   9   2   1   1   0   1   0   6   4   1  1.80 0.86
  406 R   -5  7 -1 -2 -4  1  0 -6 -1 -6  0  3 -5 -6 -6 -4 -4 -7 -5 -6    0  54   3   2   0   7   5   0   2   0   8  17   0   0   0   1   1   0   0   0  1.41 0.70
  407 E    0  0 -2 -4  0  0  1 -5  4 -2 -2 -1  0  0 -5 -2  0  7  5 -4    9   6   1   0   2   5  10   0   9   3   4   4   2   3   0   3   5  14  20   1  0.65 0.41
  408 I   -5 -7 -8 -8 -6 -5 -8 -8 -8  3  6 -7  1 -4 -8 -7 -5 -7 -5 -1    0   0   0   0   0   0   0   0   0  13  81   0   3   0   0   0   0   0   0   2  1.91 0.84
  409 I   -1 -3 -4  0 -4  2  0 -5 -4  1  4  0  0 -3 -5 -1 -1 -5 -4 -1    4   1   0   5   0  12   5   0   0   9  45   7   2   1   0   4   3   0   0   3  0.55 0.38
  410 N   -2 -2  4  0 -6 -3 -2  5  0 -6 -6  3 -5 -6 -4  0 -3 -6 -5 -6    2   2  19   6   0   0   2  40   3   0   0  18   0   0   0   8   1   0   0   0  0.93 0.49
  411 L   -4 -5 -6 -6 -4 -5 -5 -6 -5  4  5 -5  2  1 -5 -5 -3 -4 -3  2    0   0   0   0   0   0   0   0   0  21  57   0   3   6   0   0   0   0   0  13  1.03 0.38

                      K         Lambda
Standard Ungapped    0.1357     0.3159
Standard Gapped      0.0410     0.2670
PSI Ungapped         0.1924     0.3176
PSI Gapped           0.0589     0.2670
