
Last position-specific scoring matrix computed, weighted observed percentages rounded down, information per position, and relative weight of gapless real matches to pseudocounts
           A  R  N  D  C  Q  E  G  H  I  L  K  M  F  P  S  T  W  Y  V   A   R   N   D   C   Q   E   G   H   I   L   K   M   F   P   S   T   W   Y   V
    1 M   -4 -5 -5 -6 -4 -4 -5 -6 -5  1  1 -5  9 -3 -6 -4  2 -5 -4  1    0   0   0   0   0   0   0   0   0   7  10   0  63   0   0   0  12   0   0   8  1.78 0.67
    2 T    3 -4 -2 -4 -4 -4 -1 -4 -5 -4 -5 -4 -4 -6 -4  3  6 -6 -5 -1   21   0   1   0   0   0   4   0   0   0   0   0   0   0   0  23  45   0   0   4  1.08 0.59
    3 A    4 -3 -2 -3 -4  3 -1 -2 -1 -2 -3 -3 -3 -4  0  2  1 -5 -4  1   32   1   1   1   0  15   2   1   2   2   1   0   0   1   4  18  10   0   0  10  0.52 0.39
    4 A    3  1 -2 -1 -4  0 -2  1 -4 -1 -2 -1 -2 -4  2  2  1 -2 -3 -3   31   7   1   4   0   5   2   9   0   4   2   2   1   0   9  14   7   1   1   1  0.35 0.29
    5 L    0 -1 -1  0 -3 -1 -2 -3 -3  1  3 -1  3 -1 -3  0  1 -4 -3  2    7   3   2   7   0   3   1   1   0   7  27   4   9   2   0   6   8   0   0  13  0.23 0.21
    6 P    3 -3 -2 -4 -6  0  0 -3 -5 -6 -4 -1 -5 -5  7 -2  0 -7 -6 -3   22   1   2   0   0   4   5   1   0   0   2   3   0   0  50   3   5   0   0   1  1.31 0.66
    7 G    2  1  1 -1 -4  0  1  2 -1 -3 -3 -1 -4 -3  0  2  0 -5 -4 -2   15   7   7   3   0   4   9  18   1   1   2   2   0   1   5  19   4   0   0   2  0.30 0.26
    8 I   -1  0 -2 -3 -3 -1 -1 -2 -2  2  1 -1  1  0  2  0  1 -1 -1  1    4   5   1   1   0   2   4   3   1  17  16   2   3   5  11   6   8   1   1  11  0.16 0.16
    9 P    2 -3 -1 -1 -5 -4  0 -1 -5 -2 -3 -3 -5 -3  6 -1 -1 -6 -4  0   16   1   3   4   0   0   7   4   0   2   2   1   0   1  42   3   4   0   1   7  0.92 0.52
   10 L    0  0 -2 -2 -2 -2  1 -3 -2 -1  3 -2  1  0  1 -2 -1 -1 -2  1    9   6   1   1   1   1  10   2   1   2  31   1   3   5   7   3   3   1   1  11  0.22 0.22
   11 E    0  3  0  1 -1  1  3 -2  0 -2 -3  0 -3  0  0  0  0 -4 -1 -2   10  15   4   8   2   7  17   3   2   3   1   4   0   4   5   6   7   0   2   2  0.23 0.21
   12 A    3 -1 -1  2 -4  0  2 -1  1 -3 -3 -1 -4 -5  2  1  0 -3 -2 -2   25   4   2  11   0   3  12   4   3   1   2   2   0   0  12   8   6   0   1   3  0.34 0.29
   13 W    0 -3 -2 -4 -4 -3 -2  1  3 -2  0 -3 -2  3 -1 -2 -1  8  2  0    7   2   2   1   0   1   2  10   6   3   9   2   1  12   3   2   5  22   7   6  0.71 0.40
   14 R   -2  4 -4 -2 -6  1  1 -2 -1 -4 -3  1 -5 -3  5 -2  0 -4 -2 -4    4  23   0   2   0   5   8   3   1   1   2   7   0   2  29   3   6   0   1   1  0.76 0.47
   15 R    0  0 -3 -1 -5  0 -1 -1  0 -3 -2  0 -2  2  4 -1  0  6 -2  0    9   4   1   4   0   4   4   4   2   1   3   5   1   9  23   3   5  10   1   7  0.46 0.32
   16 R    1  4 -1 -2 -5  2  2 -2  1 -4 -4  0 -3 -5 -1  0  2 -6 -3 -3   10  24   3   2   0  11  13   3   3   1   2   4   0   0   3   8  11   0   1   2  0.47 0.36
   17 G   -2 -2 -4 -4 -1  0 -3  3  7 -5 -3 -5 -3 -2 -4  3 -1 -2  1 -2    4   2   0   1   2   4   1  23  25   1   3   0   1   2   1  20   4   1   4   3  0.90 0.54
   18 R   -3  7 -2 -5 -5  4 -1 -3  3 -6 -5  2 -4 -5 -6 -2 -4 -2 -5 -6    3  48   2   1   0  15   4   2   6   0   1  10   0   0   0   4   1   1   0   1  1.36 0.73
   19 T   -4 -2 -3  1 -4 -3 -2 -6 -1 -2 -2 -3 -1  6 -5 -1  3  3  4 -1    1   3   1   7   0   1   3   0   1   2   4   2   1  29   1   5  18   4  12   4  0.82 0.50
   20 L    1 -2 -7 -6 -4 -4 -4 -6 -3  3  1 -5  0  1 -6 -5 -2  6 -5  5   10   2   0   0   0   1   1   0   1  17  11   0   2   5   0   1   2  11   0  33  0.99 0.54
   21 D   -2 -1 -1  3 -5  1  3 -4  1 -3 -4  0 -3 -5 -2  0  3 -7 -4 -2    4   3   3  18   0   5  19   1   4   2   2   6   1   1   2   8  20   0   1   3  0.54 0.40
   22 F    2 -4 -7 -7 -4 -7 -7 -6 -4  3  0 -7 -5  0 -5 -5  0  6 -2  5   16   1   0   0   0   0   0   0   1  12  10   0   0   4   1   1   7  11   2  36  1.05 0.58
   23 K   -1  2  5  4 -5  0  0  2  3 -7 -4  0 -2 -6 -1 -3 -3 -8 -5 -6    5  10  22  20   0   4   5  15   6   0   2   5   1   0   3   2   1   0   0   0  0.71 0.46
   24 G   -4 -6 -3  1 -6 -8 -2  7 -5 -10 -10 -5 -5 -8 -8 -5 -5 -9 -10 -8    2   0   2   8   0   0   3  82   0   0   0   1   0   0   0   1   1   0   0   0  2.36 1.10
   25 F   -2  0 -2 -3 -4 -1 -3 -2  3  2  1 -4  0  1 -5 -4  0  2  2  3    4   5   2   2   0   3   1   4   8  12  15   0   2   5   0   1   6   2   8  21  0.39 0.28
   26 P   -2  6  0  0 -5  1  0 -4 -1 -7 -5  1 -5 -8 -1 -1  1 -4 -6 -4    3  40   5   6   0   6   5   2   1   0   1   9   0   0   4   5  10   0   0   1  0.91 0.56
   27 I   -5 -1 -8 -8 -3 -5 -8 -8 -6  5  3 -7  3  1 -8 -6 -3  3 -2  3    1   4   0   0   1   1   0   0   0  28  29   0   6   6   0   0   1   4   1  17  1.13 0.58
   28 R    0  3 -2 -5 -3 -3 -5 -8 10 -9 -8 -5 -8  4 -6 -2 -5 -8 -3 -5    8  14   2   1   1   1   1   0  52   0   0   0   0  13   1   3   1   0   1   1  2.20 1.02
   29 Y   -1 -9 -9 -10 -2 -8 -9 -5 -3 -2 -2 -9 -5  0 -9 -5 -4  1  9  3    5   0   0   0   1   0   0   1   1   3   3   0   0   4   0   1   1   2  58  20  2.18 1.04
   30 W    1  4 -5 -4 -6  1 -4 -6 -1  0  0 -2 -3 -3 -6 -3 -1  2 -1  4   13  23   0   1   0   6   1   0   2   4  10   2   0   1   0   2   4   2   2  25  0.64 0.44
   31 E   -2  0 -4  4 -4  0  5 -7 -2  0 -4 -2 -2 -5 -6 -1  0 -8 -3  1    3   5   1  18   0   4  36   0   1   6   2   2   1   0   0   4   5   0   1  11  0.80 0.53
   32 A    4  0 -3 -4 -1  1  1  2 -1 -3 -2 -1  1 -3 -4 -1 -2 -5 -2 -1   31   6   1   1   2   7  11  14   2   1   4   3   4   1   1   5   2   0   1   4  0.40 0.34
   33 G   -4 -7 -4 -7 -10 -6 -7  8 -6 -11 -11 -5 -7 -10 -6 -5 -7 -10 -10 -7    1   0   1   0   0   0   0  93   0   0   0   1   0   0   1   1   0   0   0   0  2.88 1.28
   34 Q   -1  0  1  4 -5  2  3 -5 -1 -7 -7 -1 -7 -8 -1  3  0 -8 -7 -6    5   5   6  24   0  10  16   1   2   0   0   3   0   0   3  18   6   0   0   0  0.76 0.52
   35 G    2 -3 -5 -4 -9 -6 -7  7 -7 -10 -10 -3 -9 -9 -1 -3 -5 -9 -9 -8   15   1   1   1   0   0   0  73   0   0   0   2   0   0   4   2   1   0   0   0  2.03 0.99
   36 R   -3 -1 -4  0 -9 -1  2 -7 -4 -7 -6 -2 -3 -5  7 -2 -1 -10 -8 -5    2   3   1   6   0   3  14   0   0   0   1   3   1   1  57   3   4   0   0   1  1.66 0.92
   37 P    2 -6 -6 -3 -6 -7 -7 -7 -5 -3  0 -6 -3 -8  6 -5  2 -9 -8  2   17   0   0   2   0   0   0   0   0   2  10   0   1   0  41   1  11   0   0  14  1.29 0.76
   38 L   -2 -9 -9 -9 -7 -8 -9 -9 -9  3  4 -8  0 -5 -9 -8 -6 -6 -7  5    3   0   0   0   0   0   0   0   0  15  38   0   2   0   0   0   0   0   0  41  1.63 0.79
   39 L   -7 -9 -10 -10 -7 -9 -9 -8 -9  2  5 -9 -1 -3 -9 -9 -7 -3 -7  6    0   0   0   0   0   0   0   0   0   9  47   0   1   1   0   0   0   0   0  42  1.83 0.88
   40 L   -8 -9 -10 -11  1 -9 -10 -11 -9 -5  7 -9  3  3 -10 -9 -8 -8 -4 -5    0   0   0   0   2   0   0   0   0   0  80   0   7   9   0   0   0   0   0   0  2.29 1.06
   41 I   -5 -9 -9 -10  0 -7 -9 -10 -9  5  5 -9 -4 -5 -7 -7 -5 -8 -7  3    1   0   0   0   2   0   0   0   0  24  54   0   0   0   0   0   1   0   0  18  1.70 0.82
   42 H   -4 -9 -6 -10 -11 -8 -9 -6 11 -12 -9 -9 -10 -10 -5 -8 -10 -11 -7 -12    2   0   0   0   0   0   0   1  95   0   0   0   0   0   1   0   0   0   0   0  4.61 1.82
   43 G   -6 -10 -8 -7 -6 -10 -10  8 -10 -12 -9 -9 -10 -11 -10 -8 -9 -10 -11 -11    0   0   0   0   0   0   0  99   0   0   0   0   0   0   0   0   0   0   0   0  3.30 1.44
   44 F   -4 -7  1 -9 -8 -7 -6 -7  0  0 -1 -9 -3  8 -9 -2 -1  5  2 -3    2   0   7   0   0   0   1   0   2   5   6   0   1  55   0   3   4   6   6   2  1.77 0.85
   45 P    0 -8 -4 -6 -4 -8 -8  5 -9 -9 -6 -8 -2 -3  7 -2 -5 -6 -9 -6    7   0   1   0   1   0   0  36   0   0   1   0   1   1  46   4   1   0   0   1  1.81 0.97
   46 S    3 -4 -4  1 -2  3  3  2 -3 -7 -5 -5 -5 -4 -6  2  2 -5 -6 -5   22   0   0   7   1  12  16  14   0   0   1   0   0   1   0  13  12   0   0   1  0.67 0.51
   47 A    0 -6  2  0  0 -2 -4 -4 -1 -6 -2 -6  0  2 -7  5  2  4 -5 -6    6   0   9   6   2   2   1   1   2   0   5   0   2   9   0  39  11   5   0   0  0.86 0.60
   48 A   -1 -3 -5 -6 -4 -6 -7 -1  2  0  1 -1 -4 -7 -8  4  0  9 -6 -3    6   1   0   0   0   0   0   4   5   5  14   4   0   0   0  29   5  23   0   2  1.19 0.72
   49 W   -2  1 -1  2 -8 -1  0 -1  5 -5 -3 -5 -5  3 -6 -2 -3  6  5 -4    4   8   3  11   0   3   6   5  13   1   2   0   0  10   0   3   2  10  17   1  0.83 0.51
   50 D    0 -6  2  2 -4 -2 -3 -3  5 -3 -3 -5  4 -5 -7  2  3 -5 -1 -3    9   0  10  12   0   2   2   2  13   2   3   0  10   0   0  15  16   0   2   1  0.69 0.50
   51 W   -11 -11 -12 -13 -11 -11 -11 -11 -10 -10 -6 -11 -2  4 -12 -9 -11 12  1 -11    0   0   0   0   0   0   0   0   0   0   1   0   1  16   0   0   0  77   5   0  4.52 1.84
   52 H   -1  7 -1  0 -5 -2  0 -5  4 -7 -2 -3 -4 -6 -8 -2  0 -4 -4 -4    6  50   3   5   0   2   6   1   9   0   5   1   0   0   0   4   5   0   1   2  1.23 0.71
   53 Y   -1  2  1  0 -7 -1 -1  0  6 -6 -4  2 -4  2  1 -3 -3 -5  2 -6    4  11   7   5   0   3   4   8  18   0   2  11   0   7   8   2   1   0   7   0  0.57 0.40
   54 L   -5 -7  3 -6 -5  4 -6 -8 -7  1  3 -6  0 -1 -8 -6 -4  4 -4  3    1   0  15   0   0  18   0   0   0   8  28   0   2   3   0   0   1   5   1  19  1.02 0.63
   55 W    2 -6 -7 -8 -7 -2 -7 -6  0  5  2 -7  5 -1 -6 -4 -3  4 -6  1   17   0   0   0   0   2   0   0   3  31  17   0  11   2   0   2   2   5   0   8  1.01 0.57
   56 E    1  1 -4  2 -5 -1  1 -1 -1 -7 -4 -2 -4 -7  6 -2 -1 -6 -6 -3   12   7   1  10   0   3   8   4   1   0   2   3   0   0  38   3   4   0   0   2  0.90 0.60
   57 P    3  2 -4 -1 -5  0  1 -1  1 -2  0 -1 -2 -5  2 -2 -1 -4 -2  0   23  10   0   4   0   4  10   4   3   2  10   3   1   0   9   3   3   0   2   8  0.26 0.26
   58 L   -4 -9 -11 -11 -5 -9 -10 -11 -6 -3  7 -10 -2  1 -10 -9 -8 -3 -8 -4    2   0   0   0   0   0   0   0   0   1  89   0   1   5   0   0   0   0   0   1  2.44 1.14
   59 A    6 -1 -5 -5 -5 -5 -5 -1 -8 -6 -7 -1 -5 -8 -6  2  0 -9 -8 -3   62   4   0   1   0   1   0   5   0   0   0   4   0   0   0  13   6   0   0   2  1.44 0.83
   60 Q    2  2 -2  3 -6  3  3 -1 -3 -7 -6  2 -5 -8 -1 -1 -3 -8 -7 -5   15  11   2  16   0  13  16   5   1   0   1  10   0   0   4   4   2   0   0   1  0.63 0.46
   61 R   -3  5  0  2 -8  0 -1  3  5 -7 -8  0 -5 -7 -5 -1  0 -5 -2 -6    2  25   5   9   0   4   4  19  12   0   0   6   0   0   0   5   6   0   2   1  0.79 0.51
   62 Y   -4  0 -3 -8 -1 -5 -8 -5  6 -8 -6 -7 -5  5 -9 -7 -6  0  8 -7    2   6   1   0   1   1   0   1  16   0   1   0   0  23   0   0   0   1  45   0  2.20 1.04
   63 R   -6  7 -3 -3 -3 -2 -4 -9  5 -9 -6 -2 -4 -4 -3 -4  3 -3 -8 -8    0  56   1   2   1   2   1   0  11   0   1   2   0   1   2   2  18   0   0   0  1.86 0.97
   64 V    0 -9 -10 -10  3 -9 -9 -6 -10  0  0 -9 -5 -6 -9 -8 -4 -6 -8  7    7   0   0   0   5   0   0   1   0   4   8   0   0   0   0   0   1   0   0  73  2.12 1.01
   65 L   -4 -9 -9 -9 -8 -9 -7 -10 -1  7  0 -9 -3 -1 -7 -8 -5  1  4  4    2   0   0   0   0   0   0   0   1  48   7   0   1   2   0   0   1   2  12  24  1.71 0.82
   66 V    7  0 -8 -9 -1 -7 -8 -6 -8 -1 -3 -7 -4 -6 -8 -2 -1 -9 -6  1   70   4   0   0   2   0   0   0   0   3   2   0   1   0   0   3   3   0   0  10  1.73 0.94
   67 C   -3 -8 -9 -9 -1 -8 -8 -9 -5  2  2 -8  1  2  6 -6 -5 -2 -5  2    2   0   0   0   2   0   0   0   0  12  18   0   3   8  42   0   1   1   0  11  1.39 0.77
   68 D   -10 -10 -4  9 -12 -8 -5 -9 -4 -11 -12 -9 -11 -12 -10 -8 -8 -12 -11 -11    0   0   1  98   0   0   1   0   0   0   0   0   0   0   0   0   0   0   0   0  3.65 1.59
   69 L   -7  1 -6 -9 -8  0 -6 -8  1 -4  6 -7  4  0 -4 -7 -7 -4  1 -3    0   9   0   0   0   5   0   0   4   1  61   0   8   3   1   0   0   0   5   2  1.46 0.78
   70 L   -6  5 -8 -9 -9 -6 -8 -8 -8  1  2 -3 -1 -6  6 -6 -8 -9 -7 -5    0  28   0   0   0   0   0   0   0   7  20   1   1   0  40   0   0   0   0   1  1.67 0.92
   71 G   -4 -10 -6 -9 -10 -9 -10  8 -10 -11 -11 -9 -10 -11 -5 -7 -8 -10 -11 -8    2   0   0   0   0   0   0  96   0   0   0   0   0   0   1   0   0   0   0   0  3.12 1.39
   72 F   -3 -8 -8 -9  1 -1 -8 -8  6 -7 -2 -8  2  7 -10 -3 -6 -4  6 -5    2   0   0   0   2   3   0   0  16   0   4   0   4  39   0   3   0   0  24   1  1.96 0.94
   73 G   -5 -7 -2 -9 -10 -9 -10  8 -5 -12 -11 -9 -10 -11 -10 -8 -9 -10 -11 -11    1   0   2   0   0   0   0  96   0   0   0   0   0   0   0   0   0   0   0   0  3.12 1.39
   74 D    0  1 -2  3 -6  1  1  0  2 -5  2 -2 -4  2 -6 -4 -5  2  2 -5    8   9   2  15   0   6   9   9   4   0  17   2   0   9   0   1   0   3   7   0  0.40 0.34
   75 S   -6 -8 -6 -8 -8 -8 -8 -8 -9 -10 -10 -8 -9 -10 -8  7  3 -10 -9 -9    0   0   0   0   0   0   0   0   0   0   0   0   0   0   0  82  17   0   0   0  2.68 1.38
   76 A    1 -3 -5  6 -6 -1  2  1 -5 -7 -5 -4 -7 -8 -3  2 -1 -9 -7 -5   11   1   0  39   0   3  11   9   0   0   1   1   0   0   2  16   3   0   0   1  1.05 0.65
   77 K    1  4 -5 -5 -3 -1 -5 -5 -2 -5 -5  6  0 -5  1 -3 -1 -8 -6 -2   12  17   0   0   1   2   0   1   1   1   1  46   2   0   6   2   3   0   0   4  1.20 0.69
   78 P   -3 -4 -5 -1 -7 -6 -6 -3 -2 -3 -4 -6 -7 -4  8 -4 -4 -7 -5 -4    2   1   1   4   0   0   1   3   1   2   3   1   0   1  75   2   1   0   0   1  2.33 1.12
   79 R    2  3  0  2 -5  0  1 -3 -3 -4 -1 -1 -2 -4  4 -1 -1 -5 -3 -2   14  14   4  10   0   4   8   2   1   1   6   4   1   1  17   5   4   0   1   3  0.36 0.29
   80 A    2 -1 -1  3 -5 -1 -3  2  1 -2 -3 -3 -4 -4  2  0 -1 -2 -4 -1   19   4   3  17   0   2   1  16   3   3   3   1   0   1  11   6   4   1   0   5  0.38 0.31
   81 H    0  2 -1  2 -4 -1  1  2  2 -2 -2 -1 -4  1 -2  0 -1 -1  1 -2    9  12   3  10   0   2   8  14   6   2   3   2   0   6   2   5   5   1   6   2  0.19 0.18
   82 R    2  1  0  4 -4  0 -1  2 -2 -3 -4 -2 -4 -5  0  1 -1 -6 -5 -2   14   9   4  21   0   4   4  16   1   2   2   1   0   0   5   9   4   0   0   3  0.42 0.32
   83 Y   -2 -6 -7 -8 -7 -5 -6 -3 -3 -6 -4 -8 -1 -1 -5 -7 -4  3 10 -6    4   0   0   0   0   1   1   3   0   0   2   0   2   2   1   0   1   4  77   1  2.91 1.31
   84 S   -4  1 -2  4 -3 -3 -3 -2 -2 -8 -7 -4 -7 -7 -6  4  4 -2 -7 -6    1   6   2  23   1   1   2   4   1   0   0   1   0   0   0  31  25   1   0   0  1.15 0.73
   85 L    0 -3 -3 -4 -4 -4 -5 -2 -6  2  3  1  1  3  1 -3  0 -6 -3  2    9   2   1   1   0   0   0   3   0  11  24   9   4  11   8   2   5   0   1  12  0.41 0.30
   86 L    1  1 -3  3 -3  0  2 -1 -1 -4 -1  0 -2  0  1 -2 -1  1 -2 -3   14   7   1  16   0   5  15   5   2   1   6   4   1   5   8   2   4   2   1   2  0.27 0.26
   87 E    2  0  1  1 -3 -1  1  0  3 -4 -1 -2 -4 -2 -5 -1  3 -5 -2 -2   18   4   6   7   0   3  11   6   7   1   7   1   0   2   0   4  18   0   1   3  0.32 0.30
   88 Q   -3 -2 -5 -6 -6  5 -6 -7  2 -1  3 -6  4  1 -8 -5 -4  6  2 -1    2   2   0   0   0  21   0   0   4   3  26   0  10   5   0   1   1  11   7   5  1.05 0.63
   89 A    6 -2 -5 -6 -2 -4 -6 -2 -5  0 -5 -6 -3 -8 -6 -1  0 -9 -4  2   60   3   0   0   1   1   0   3   0   4   1   0   1   0   0   5   6   0   1  13  1.33 0.77
   90 D    1  2  0  4 -3  1  2  2 -3 -6 -5 -1 -5 -7 -6 -1 -1 -8 -7 -4   13  11   5  20   1   7  15  13   0   0   1   4   0   0   0   5   4   0   0   1  0.56 0.41
   91 L   -1  0 -2  5 -7  2 -3 -2 -1 -1  1 -3 -1  0 -6 -4  0 -3 -2  0    5   5   2  32   0  10   1   4   1   4  15   1   2   4   0   1   5   0   2   7  0.54 0.40
   92 Q   -3 -8 -6 -6 -3 -1 -8 -9 -3  4  4 -8  4 -1 -8 -6 -1 -8 -4  4    2   0   0   0   1   3   0   0   1  19  31   0   8   2   0   0   3   0   1  29  1.15 0.61
   93 Q    2  2 -1  0 -3  1  1 -2  3  0  0 -1 -3 -3 -5 -2 -2 -4 -1  2   17  13   2   6   0   5  10   2   8   4   8   3   0   1   0   2   2   0   2  13  0.26 0.24
   94 A    4  1 -4  3 -5  0  1  3 -2 -6 -4 -1 -6 -6 -6 -2 -1 -6 -6 -5   32   8   1  17   0   4   7  17   1   0   2   3   0   0   0   2   3   0   0   1  0.75 0.51
   95 L    0 -9 -9 -10 -5 -8 -9 -9 -8 -2  5 -9 -1  6 -9 -8 -5 -2 -3  1    8   0   0   0   0   0   0   0   0   2  49   0   1  30   0   0   1   1   1   8  1.62 0.81
   96 L   -1 -6 -7 -9  2 -7 -8 -9 -8  3  4 -7  5 -4 -8 -5 -1  3 -6  2    5   0   0   0   3   0   0   0   0  16  41   0  12   1   0   1   3   4   0  14  1.20 0.64
   97 G    1  3 -2  5 -5  2  2 -2 -1 -6 -4  0 -5 -7 -6 -1 -1 -6 -7 -4   11  14   2  29   0   8  13   3   1   0   2   5   0   0   0   4   4   0   0   1  0.71 0.49
   98 R    4  1 -4 -1 -6  3  1 -3  5 -5 -4  0 -3 -6 -6 -1  0 -5 -4 -1   32   7   0   4   0  11  10   2  11   1   1   5   1   0   0   4   6   0   1   4  0.65 0.47
   99 L   -3 -5 -7 -7 -6 -4 -3 -8 -4  0  6 -3 -1  0 -8 -6 -4 -3 -4  1    3   1   0   0   0   1   2   0   0   4  69   2   1   4   0   0   1   1   0   9  1.47 0.75
  100 G   -2 -2  1  1 -4 -1 -2  6  0 -6 -5  0 -5 -6 -6 -3 -5 -5 -6 -4    3   3   5   8   0   3   3  59   2   1   2   5   0   0   0   2   0   0   0   2  1.28 0.65
  101 I   -1 -4 -5 -5 -4 -4 -2 -4  3  4  3 -4 -2 -1 -3 -5 -5 -6  0  4    6   1   0   1   0   1   3   2   6  24  23   1   1   3   2   1   0   0   3  24  0.79 0.43
  102 D   -1  1  0  3 -5  1  3  1 -1 -5 -5  0 -5 -6  0  0  1 -6 -6 -5    5   7   4  17   0   7  21  10   2   0   1   6   0   0   5   7   8   0   0   1  0.49 0.37
  103 E   -4  6 -1  0 -7  3  2 -2  1 -7 -7  3 -6 -7 -4 -1 -4 -7 -6 -6    2  36   3   4   0  11  11   4   3   0   0  16   0   0   1   6   1   0   0   1  1.05 0.61
  104 P    3 -1 -1 -1  0 -1 -2 -2 -2 -3 -3 -1 -3 -3  5 -1 -1 -3 -1 -2   27   4   3   4   2   3   2   3   1   2   3   4   1   1  26   5   4   0   2   3  0.59 0.31
  105 L    2 -5 -5 -5  0 -5 -4 -5 -4  2 -1 -5 -2  3 -5 -4 -1 -2  3  5   15   1   1   1   2   0   1   1   0  11   6   1   1  11   1   1   4   1   9  32  0.77 0.42
  106 H    1 -2 -2 -1 -3 -3 -3 -3  6 -1 -2 -3 -2  2 -4  0  3 -1 -1  2   10   3   2   4   1   1   1   3  21   4   4   1   1   7   1   6  16   1   2  12  0.54 0.32
  107 V   -6 -8 -8 -9 -7 -7 -8 -8 -8  3  5 -8  1  0 -8 -8 -6 -3 -6  5    0   0   0   0   0   0   0   0   0  14  45   0   3   3   0   0   0   0   0  33  1.56 0.76
  108 L    2 -8 -8 -8  0 -6 -8 -3 -7  2  1 -7  0 -3 -8 -5 -5 -7  2  6   14   0   0   0   2   0   0   3   0  11  12   0   2   1   0   0   0   0   6  48  1.24 0.66
  109 A    1 -8 -7 -8 -4 -7 -7  7 -5 -5 -4 -8 -1 -9 -8 -4 -4 -9 -9  0   12   0   0   0   0   0   0  73   0   1   2   0   2   0   0   2   1   0   0   6  1.99 0.98
  110 H   -7 -7  5 -8 -10  0 -5 -7 10 -9 -8 -8  0 -1 -10 -4 -8 -10 -5 -8    0   0  23   0   0   4   1   0  64   0   0   0   3   2   0   2   0   0   0   0  3.07 1.35
  111 D   -4 -8 -6  7 -9 -7 -6 -4 -8 -10 -10 -8 -9 -10 -8  6 -7 -11 -10 -7    2   0   0  47   0   0   0   1   0   0   0   0   0   0   0  49   0   0   0   0  2.33 1.20
  112 Y   -3 -1 -7 -5 -5 -7 -7 -7 -6  3  2 -7  5  1 -8 -5 -5  8  4 -1    3   4   0   1   0   0   0   0   0  13  20   0  13   4   0   1   1  21  13   4  1.37 0.71
  113 G   -5 -10 -8 -9 -10 -9 -9  8 -9 -11 -11 -9 -10 -10 -9 -7 -9 -10 -10 -10    1   0   0   0   0   0   0  98   0   0   0   0   0   0   0   0   0   0   0   0  3.25 1.42
  114 D    4 -8 -3 -1  0 -7 -7  6 -8 -9 -6 -7 -2 -9 -8  0 -2 -9 -9 -6   28   0   1   4   2   0   0  53   0   0   1   0   1   0   0   6   3   0   0   1  1.57 0.84
  115 S    2  0 -3 -6 -5 -2 -4  1 -3 -1  1 -4  4 -1  2  0 -1  4  0 -1   16   6   1   0   0   2   1   9   1   3  15   1   9   3  11   7   4   5   3   3  0.34 0.30
  116 V   -2 -9 -7 -9 -7 -9 -8 -7 -7  5  0 -9 -3 -6 -7 -7 -1 -5 -8  6    3   0   0   0   0   0   0   1   0  27   8   0   1   0   0   0   4   0   0  55  1.80 0.87
  117 A    6 -8 -7 -8  2 -7 -7  3 -8 -6 -5 -7 -3 -8 -7  1 -2 -8 -8 -1   59   0   0   0   4   0   0  20   0   0   1   0   1   0   0   8   2   0   0   4  1.54 0.85
  118 Q   -1 -6 -7 -8 -5  1 -7 -4  1 -4  3 -7  4  2 -7 -5 -2  9  3 -1    6   0   0   0   0   6   0   2   3   1  24   0  10   9   0   1   3  23   8   4  1.28 0.69
  119 E    2  3  0 -2 -3  3  1 -1  1 -2 -1 -2  0 -3 -2 -1  0 -1 -1 -3   19  17   4   2   0  12   8   4   4   2   6   1   2   1   2   4   7   1   2   2  0.33 0.30
  120 L    1 -7 -8 -8 -3 -6 -6 -8 -4 -1  4 -7  4  3 -8 -5  0  3  4  1   10   0   0   0   1   0   0   0   0   3  33   0   9  12   0   1   6   4  12   9  0.96 0.56
  121 L    7 -8 -7 -9  2 -8 -8 -2 -9 -4 -1 -8 -4 -6 -6 -2 -2 -9 -8 -4   77   0   0   0   4   0   0   3   0   1   8   0   0   0   0   3   2   0   0   1  1.96 1.03
  122 A    4 -1 -4 -6 -6 -2 -3 -4 -1 -1  3 -4  0 -4 -6 -1 -1 -6  2  1   30   4   1   0   0   2   2   1   2   4  27   1   3   1   0   5   3   0   6  10  0.61 0.43
  123 R    0  4 -1  2 -3  3  0 -3  0 -4  0  0  1 -1 -6 -2 -1 -3 -3 -3    9  22   3  12   0  12   5   2   2   0  11   5   3   3   0   3   4   0   1   1  0.41 0.33
  124 H    0  2 -1 -3 -1 -1 -3 -5  8 -7 -5 -4 -5  2 -7 -3 -6  1  5 -5    7  11   4   2   1   2   2   1  37   0   2   1   0   8   0   2   0   2  17   1  1.49 0.76
  125 H   -3 -1 -5 -7 -6 -3 -3 -5 -3 -6 -4 -5 -6 -8  8 -3 -6 -9 -3 -7    3   3   1   0   0   1   2   1   1   1   3   1   0   0  79   2   1   0   1   0  2.54 1.25
  126 E    0 -1 -2  5 -6  3  5 -3  1 -6 -6 -2 -5 -4 -3 -2 -3 -5 -5 -4    7   4   2  26   0  11  33   2   3   0   1   2   0   1   1   3   2   0   0   1  0.99 0.59
  127 G    0  3 -1  0 -1  1  0  0  0 -1  0 -1  2 -1 -1  0 -1  0 -1 -1    9  18   3   4   1   5   6   8   2   3  10   3   6   2   3   5   3   2   2   4  0.12 0.10
  128 R   -1  1 -2 -3  1 -2 -2 -2 -2  1 -1 -2 -1  0 -2 -2  0 -3 -2  5    5   7   2   2   3   2   2   4   1   6   6   2   1   3   2   4   6   0   2  40  0.51 0.24
  129 L    0  2 -1  1 -2  0  1  0 -1  0  0  1 -2 -2 -1  0  0 -1 -2 -1    7  13   3   7   1   3  12   8   1   5   9   7   1   2   3   7   5   1   1   5  0.09 0.08
  130 R    1  6 -3 -3 -4 -2 -3  1 -2 -5 -2  1 -5 -6 -4 -1 -1 -6 -5 -3   10  46   1   2   0   2   2   9   1   1   4   9   0   0   1   5   4   0   0   2  1.03 0.57
  131 L   -3 -7 -7 -8 -5 -7 -7 -4 -6  3  4 -7  0 -1 -2 -6 -4 -3 -3  5    2   0   0   0   0   0   0   2   0  15  38   0   2   3   2   1   1   0   1  31  1.19 0.61
  132 A    4  2 -3 -2 -3 -1 -2 -2 -2  0 -2 -1 -2 -4 -4  0  0 -5 -3  3   29   9   1   3   1   3   3   3   1   5   4   4   1   1   1   7   7   0   1  17  0.39 0.29
  133 S    2 -1 -1 -3 -1 -2 -3  2 -2 -1  1 -1  0 -2 -2  2 -1 -4 -3  1   15   4   2   1   1   1   1  16   1   3  13   3   2   1   2  18   4   0   1  10  0.24 0.20
  134 C   -1 -6 -6 -7  1 -4 -6 -4 -5  3  5 -6  3 -1 -6 -4 -3 -4 -5  2    5   0   0   0   3   1   1   2   0  13  48   0   6   2   0   2   1   0   0  15  1.04 0.53
  135 V   -1 -2  0  1  2 -4 -2 -2 -6  2  1 -5 -2 -3 -3 -1  0 -3 -5  4    5   2   5   9   3   0   3   3   0  12  13   0   1   1   2   5   5   0   0  30  0.45 0.32
  136 F    1 -4 -1 -3 -2 -6 -6 -3 -5  2  4 -5  1  2 -3  0 -2 -3 -3  2   11   1   4   2   1   0   0   2   0  11  32   0   3   7   2   7   2   0   1  14  0.52 0.35
  137 L    1 -4 -2 -3  1  1 -5 -1 -6  2  2 -5  1 -1  3 -1 -2 -2 -5  1   10   1   2   2   3   8   0   5   0  11  22   0   4   3  14   4   2   1   0  10  0.38 0.31
  138 N    1 -3  5  2 -5 -4 -4 -3  3 -1 -3 -5 -5 -4  1  3 -2 -7 -3 -2   11   2  26  11   0   0   0   2   7   3   3   0   0   1   7  19   3   0   1   3  0.70 0.49
  139 G    2 -6 -4 -4 -1 -3 -6  4 -4 -3 -5 -6 -5 -4  4  0  1 -5 -5 -2   17   0   1   1   1   1   0  34   0   2   1   0   0   1  23   6   7   0   0   3  0.98 0.61
  140 G    3 -3  1 -3 -5 -4 -4  4 -3 -4 -4 -4 -4 -2  1  0 -2  0  1 -2   20   2   7   1   0   1   1  34   1   1   2   1   0   2   8   7   3   1   5   3  0.66 0.46
  141 L    2 -2 -4 -4 -3 -2 -4  1 -1  1  2 -3  2  0 -1 -2 -2  0  1  2   17   3   0   1   0   1   0  12   2   8  18   2   5   3   4   3   2   1   6  13  0.27 0.23
  142 F   -3 -2 -1 -4 -4 -2 -3  1  2 -1  0 -4  1  5  0 -3  0  2  4 -1    2   3   3   1   0   2   2   9   4   4   9   1   4  21   6   2   6   2  15   5  0.48 0.33
  143 P   -1  1 -2 -1 -5 -1  1 -1 -1 -3 -2  0 -2 -4  6 -2 -2 -3 -2 -3    6   8   2   4   0   3   8   4   2   2   5   5   1   1  40   3   3   0   2   2  0.81 0.53
  144 E   -1  2 -1  2 -6  1  4 -2 -1 -3 -2  0 -2 -3  0  0 -1  4 -3 -4    6  11   3  11   0   5  24   4   1   1   4   5   1   1   5   7   4   6   1   1  0.42 0.33
  145 T    1  0 -1 -1 -4 -1 -1  1 -1 -1 -1 -1  0  1  2  0  1  1 -2  0   12   6   2   4   0   2   5  10   2   4   6   3   2   6  11   6   9   2   1   8  0.10 0.12
  146 H    0  1  1 -1 -3  1  0  0  3  0  1 -1 -1  0  0  0 -1  1  0 -2    7  10   7   3   0   5   6   6   7   5  15   2   1   5   4   5   3   2   3   2  0.09 0.11
  147 R    0  3 -1 -1 -4  0 -1  0  0 -2  0  0  0 -1  0  0  0  2  0  0    6  18   3   3   0   4   4   8   2   2  10   5   3   2   6   8   5   3   3   6  0.11 0.13
  148 P    1 -1 -2  2 -7 -1  0 -3 -2 -3 -1 -2 -3 -1  6 -2 -1 -2 -3 -3   11   4   2  11   0   3   5   2   1   1   6   3   1   3  36   4   3   1   1   2  0.73 0.49
  149 V    1  0 -1 -1 -3 -1 -2  0 -1  1  1 -2  1  2  0 -1  0  2  2  1   12   7   2   3   0   2   2   6   1   7  14   1   3   8   4   4   5   2   6   9  0.08 0.10
  150 L    0 -1 -5 -3 -6 -3 -4 -3 -4  1  3 -4  1  3  0 -3 -2  6  1  1    9   4   0   2   0   1   1   3   0   6  25   1   3  10   5   1   2  12   4   9  0.55 0.35
  151 S    1  0 -1 -1 -3  0 -1  0  0  0  0 -1  0  2  1  0 -1  3  0 -1   13   5   2   2   0   5   4   7   3   6   8   4   3   9   8   7   4   4   3   4  0.08 0.10
  152 Q    0  2 -1  1 -5  4  0 -2  1 -3 -1  0 -1  0  0 -1 -1  3  0 -4    8   9   2   8   0  19   7   3   4   2   5   4   2   4   4   5   4   4   3   1  0.28 0.26
  153 K    1  2 -1 -2 -4  0 -2 -2  0 -1  0  2  1  1  1 -1 -1  2 -1 -1   12  14   3   2   0   3   1   3   2   3  10  13   3   5   7   5   4   3   2   4  0.16 0.17
  154 L    1  0 -4 -3 -2 -2 -2 -3 -4  1  3 -2  0  2  1 -3 -3  1  0  0   13   5   1   1   1   2   3   2   0   8  32   2   2   8   6   2   1   2   3   6  0.38 0.28
  155 L    1  0 -2 -3 -3  0 -2 -2  0  0  2  0  1  1  0 -1 -1  3  0  0   13   6   2   1   1   4   2   3   3   4  22   5   4   7   4   4   4   5   3   6  0.16 0.16
  156 L    2  1 -1 -2 -3 -1 -2  0 -1  0  1 -2  1  0 -1  0 -1  2  0  0   16   9   3   2   0   2   1   7   2   5  18   1   3   4   3   7   4   3   3   7  0.11 0.14
  157 S    1 -1  0  0 -2 -1 -2  1 -1 -2 -1  0 -1 -3  3  1  1  3 -2 -2   10   4   4   5   1   3   2  10   2   3   7   5   1   1  15  12   8   4   1   3  0.20 0.19
  158 P    0  1 -2  0 -6 -1 -2 -1 -2 -2 -1 -1 -4 -2  6 -2 -2  2 -1 -2    8   8   2   6   0   3   3   5   1   3   6   4   0   2  34   4   3   3   3   3  0.60 0.41
  159 L   -1 -3 -2  0 -4 -1 -1 -2 -3  2  3 -2  1  1 -1 -2 -2  2 -1  1    5   1   2   5   0   2   4   3   1  10  33   2   3   6   3   3   2   2   2  11  0.33 0.24
  160 G    0  0  0 -2 -3 -2 -1  3 -1 -1 -1 -1  0  1  4 -1 -1 -1 -3 -1    9   6   5   2   0   2   3  19   2   4   5   4   2   5  18   4   4   1   1   3  0.28 0.23
  161 G    0  1 -2  0 -6 -1  3  2  0 -4 -2 -1 -3  0  2  0 -1  4 -2 -3    8   7   2   4   0   3  20  16   2   1   4   3   0   3  10   6   3   5   1   2  0.32 0.28
  162 L    1  1 -3  0 -3 -2 -2 -2 -1  0  3 -3  1  2 -2 -2  0  2 -1  0   11   8   1   5   0   2   2   3   1   5  25   1   3   9   3   3   5   3   2   7  0.20 0.19
  163 F    0 -4 -5 -5 -4 -1 -4 -3 -6  1  3 -3  2  5 -1 -4 -3 -4  0  2    8   1   0   1   0   3   1   2   0   7  24   2   4  24   3   1   1   0   2  14  0.66 0.40
  164 G    1  0  1 -1 -2  0  0  0 -1  0  0 -1  1 -1  1  0  0 -1 -1  1   13   4   7   2   0   3   7   7   2   5  10   2   4   3   7   6   4   1   2  11  0.05 0.08
  165 R    2  5 -1 -2 -4  1 -1 -2  1 -3 -2  0 -2 -2  0 -1 -2  2 -1 -3   14  32   3   2   0   5   4   3   3   2   4   5   1   2   5   4   3   3   3   2  0.51 0.38
  166 L    1 -2 -3 -2 -3 -4 -3  1 -2  1  3 -4  1  1 -1 -2 -2  3 -1  2   13   2   1   2   0   0   2  10   1   8  26   1   3   5   3   2   2   4   2  12  0.31 0.24
  167 F    0  2 -1 -1 -4 -2 -2 -2 -2  0  1 -1  2  3  0 -1  1 -3 -1  0   10  13   3   4   0   1   2   3   1   4  15   2   5  12   5   3   7   0   2   8  0.18 0.18
  168 D    0  0  2  2 -2  1  1  0 -2 -3 -2 -1 -1 -3  3  1  1 -5 -5 -3    8   5   9  10   1   7  10   7   1   1   3   3   1   1  12  11   9   0   0   2  0.26 0.25
  169 R    0  5 -4 -1 -3 -1  1 -2 -2 -5 -3  0 -2  0  2 -3 -2  0  0 -4    9  34   0   4   1   2   9   3   1   0   3   6   1   5  11   2   3   1   3   1  0.66 0.46
  170 R    1  3  0  0 -4  0  1 -1  0 -1  0  0 -2  1  0  0 -1  1 -1 -1   12  15   4   6   0   3   8   3   2   3   8   6   1   8   4   6   4   2   2   4  0.11 0.14
  171 A    2  0 -1 -1 -3 -1 -2 -1 -3  0  0 -2  2  0 -1  0  0  0  2  0   15   5   3   4   0   3   3   5   0   5  11   2   6   4   2   8   7   1   9   5  0.11 0.14
  172 L   -1 -3 -6 -6 -3 -2 -3 -4 -4  2  4 -5  0  2 -5 -3 -1  2  0  3    5   2   0   0   0   2   2   2   0  12  33   0   2   8   0   2   3   3   4  18  0.65 0.39
  173 A    1  3 -2  1 -4  0  2  0 -2 -2 -1  2 -2 -2  0 -1 -1 -2 -3 -1   11  17   2   7   0   4  12   7   1   2   5  12   1   2   5   3   4   0   1   5  0.21 0.21
  174 R    1  4  0  0 -4  1 -1 -1 -1 -5 -3  2  0 -3  1  0 -2  4 -2 -4   10  23   4   5   0   7   3   5   2   0   3  11   2   1   7   6   3   5   2   1  0.39 0.32
  175 N    1  0  0 -1 -2  0 -2  1  1  0 -1 -2  0  1 -2  0  1  2 -1  1   11   5   4   3   1   5   2   9   4   6   6   1   3   8   2   9   9   3   1  10  0.08 0.11
  176 F   -2 -4 -6 -6 -5 -4 -4 -3 -5  1  4 -5  3  4 -4 -4 -2  4  1  2    3   1   0   0   0   1   1   2   0   7  36   1   6  15   1   1   3   5   5  11  0.79 0.45
  177 A    1  3  0 -1 -1  0  0  1 -2 -2  0  1 -2 -2 -2  0  0  1 -2 -1   13  16   4   3   1   4   6   9   1   2   9  10   1   1   2   6   5   2   2   4  0.15 0.16
  178 K    0  2  0  0 -5  3  1  0  1 -3 -2  1 -2 -1 -1  1 -1 -4 -2 -2    9  11   5   6   0  13   9   8   3   1   5   8   1   3   3  10   3   0   1   2  0.19 0.20
  179 V    1 -1 -5 -3  0 -3 -2 -1 -2  1  2 -1  2  1 -1 -2 -1  2 -1  3   10   3   0   1   2   1   3   5   1   8  16   3   5   5   3   3   3   3   2  22  0.26 0.21
  180 F    1 -4 -4 -4 -3 -3 -3 -4 -1 -3 -1 -4  0  6 -1 -1 -1  3  5  0   10   1   1   1   1   1   2   1   2   1   6   1   2  29   3   5   3   4  20   6  0.90 0.51
  181 G    3  0 -3 -2 -2 -2 -2  4  3 -1 -2 -1 -3 -2 -2  0 -2  0  0 -2   22   5   1   2   1   1   2  27   6   3   4   4   1   2   2   7   2   2   4   3  0.41 0.31
  182 P   -1  0  3  4 -2 -3 -2  0 -1 -4 -4 -2 -3 -6  5 -1  0 -4 -6 -2    5   5  11  22   1   1   2   6   2   1   2   2   1   0  25   4   6   0   0   3  0.69 0.46
  183 R   -1  2 -1  1 -4  2 -1 -1  0 -5 -2  2 -5 -6  4 -1 -2  0 -2 -3    6  12   3   7   0  10   4   5   2   1   4  11   0   0  23   4   3   1   1   2  0.49 0.38
  184 S    1  1 -2  1 -4 -2  1  0  0 -4 -3  0 -2 -3  1  2  2  0 -3 -3   14   7   2   7   0   1  10   6   2   1   3   6   1   1   7  17  12   2   1   1  0.28 0.28
  185 Q    1  2 -1 -1 -3  0 -1 -2  0 -1  0  1 -1 -2  1 -1 -1  3 -1  0   15  13   3   4   0   4   2   3   3   4  10   8   1   2   6   4   4   4   2   8  0.13 0.14
  186 P   -1 -4 -5 -2 -7 -4 -4 -6 -3  2  1 -5 -2  3  5 -4 -4 -3 -4  4    5   1   0   3   0   1   1   1   1  12  11   1   1  10  26   1   1   0   0  24  0.86 0.52
  187 G    0 -4 -1  4 -6 -2 -1  0 -2 -5 -5 -3 -2 -2  1  3  4 -5 -5 -5    7   1   3  19   0   2   4   6   1   1   1   1   1   2   8  18  24   0   0   1  0.65 0.48
  188 E    1  1 -2  4 -6 -1  3 -3  0 -6 -5 -2 -6 -6  3 -2 -2 -2 -5 -3   11   9   2  23   0   2  21   3   2   0   1   2   0   0  16   3   2   1   0   2  0.73 0.51
  189 T    2 -1 -3  2 -4  1  4 -2 -2 -3 -3 -2 -2  1 -1  0  0 -1 -1 -2   17   4   1  11   0   7  24   4   1   1   2   2   1   5   3   6   5   1   3   3  0.38 0.33
  190 E    0 -2 -2  3 -5 -1  3 -2 -2 -2  2 -3  2 -2 -4 -1  0  2  0  0    9   2   2  15   0   2  17   3   1   2  18   1   5   2   1   3   5   3   3   6  0.29 0.26
  191 L   -1  0 -5 -4 -4 -3 -2 -5 -4  3  3 -2  1  0 -1 -4 -2  1 -2  4    5   7   0   1   0   1   2   1   0  14  24   2   4   4   4   1   2   2   2  24  0.52 0.33
  192 D    1  2 -2  5 -6  1  3 -3  0 -4 -3 -1 -2 -5 -5 -2 -2 -1 -6 -1   11   9   2  29   0   6  20   2   2   1   3   3   1   1   0   3   2   1   0   4  0.70 0.47
  193 A    2  3 -2  1 -3 -1  1  0  3  0 -1 -3  0 -1 -3 -1 -2 -5  0 -1   16  15   1   9   0   2   9   6   8   6   7   1   2   2   1   3   2   0   3   4  0.25 0.23
  194 F   -4 -3 -5 -2 -5 -2 -5 -3 -2  2  1 -5  1  4 -4 -5 -4  0  7 -1    2   2   1   2   0   2   1   3   1  11  11   1   3  14   1   1   1   1  39   5  1.19 0.63
  195 W    2  2 -4 -5 -4  0 -1 -1 -1 -1  1 -2 -2  0 -4 -2  0  5  2  1   15  13   1   0   0   5   3   5   2   3  15   2   1   4   1   2   5   7   6  10  0.30 0.26
  196 S    2  3 -3  1 -4  1  1 -1  1 -3 -2  1 -1 -4 -3  1  0 -1 -2 -3   20  16   1   8   0   6  10   4   4   1   3   7   2   1   1   8   5   1   1   1  0.32 0.28
  197 L    2 -1 -2 -1  0 -1 -2 -3 -2 -1  2 -2  0  0  3 -2 -1 -3  1 -2   17   3   2   3   2   3   2   2   1   4  22   2   2   3  17   3   3   0   6   3  0.33 0.28
  198 I    1 -2 -3 -5 -3 -4 -5 -2 -4  0  2 -1  3  3 -2 -1 -1  2  3  0   11   3   1   0   0   0   0   3   0   6  23   5   6  12   2   6   3   3  10   6  0.38 0.28
  199 E    2  4  0  1  0  1  0 -2 -1 -4  0 -1  0 -3 -1  0  0 -3 -2 -3   17  19   4   8   2   6   5   3   1   1   9   3   2   1   3   7   6   0   2   1  0.26 0.25
  200 S    0  4 -2  2 -3  1  0 -3  2 -1 -1  0 -3 -4 -3  1 -2 -1  0 -2    8  23   2  13   1   7   5   2   4   4   8   5   0   0   1   9   3   1   3   3  0.33 0.28
  201 N   -1  1  0  0 -7 -3  1 -3 -2 -5 -6 -1 -2 -5  7 -1 -1  2 -3 -5    5   7   5   5   0   1   8   2   1   1   1   4   1   1  45   5   4   3   1   1  1.09 0.67
  202 Q    0 -2  0  1 -5  1 -1  6 -1 -6 -3 -3 -3 -5 -1 -2 -1 -5 -5 -4    7   3   4   7   0   5   4  50   2   0   3   2   1   0   3   3   4   0   0   1  0.90 0.54
  203 G    4  0  3 -3 -2 -1 -3  2  2 -2 -4 -4 -2  1 -5 -1 -1  1 -4  0   29   5  13   1   1   3   1  15   4   2   1   0   1   6   0   4   5   2   0   7  0.47 0.36
  204 Q    1  4 -2  0 -3  1 -1 -3 -1 -2  0 -1  1  0  0 -1  0 -3 -1  0   14  21   2   5   1   6   3   2   1   2  10   4   4   4   5   4   6   0   2   5  0.21 0.21
  205 R    1  4 -2  1 -6  1  2  0  3 -2 -3  0 -3 -4 -3 -1  0 -6 -3 -4   12  22   2   8   0   5  13   8   8   2   3   5   0   1   1   4   5   0   1   1  0.43 0.32
  206 V    5 -3 -4 -6 -1 -4 -6  1 -6  2 -3 -5 -2 -3 -2  0 -2 -4 -3  2   44   2   1   0   1   1   0   9   0  10   2   0   1   1   2   7   3   0   1  15  0.83 0.53
  207 M    1 -5 -4 -6 -4  2 -5  0 -5  0  2 -5  4  5 -3 -1  0 -3  1 -1   12   0   1   0   0   8   0   6   0   4  18   0   8  21   2   5   5   0   4   4  0.53 0.37
  208 H    0  0 -1 -2  1 -2 -1 -1  3  0  3 -3  0  1 -2 -1 -1  1  0  0    7   6   2   3   4   2   4   4   8   5  25   1   2   6   2   5   3   2   3   6  0.18 0.16
  209 R    2  3  2  2 -3  1  2 -2 -2 -5 -4  0 -5 -5 -5  1 -2  2 -5 -4   16  16  10  10   1   5  14   3   1   0   2   6   0   0   0  10   2   3   0   1  0.48 0.37
  210 L   -1 -2 -2  0 -4 -1 -3 -4 -3  1  3 -5  2  2 -4 -2  1  3  4 -1    6   3   2   5   0   3   1   1   1   8  24   0   5   8   1   3   9   4  12   5  0.39 0.28
  211 I    0 -3 -3 -5  0 -4 -5 -4 -1  2  2 -4  2  3 -4 -2 -1 -3  5  1    9   2   1   1   2   1   1   2   2  10  17   1   5  11   1   3   4   0  20   9  0.59 0.36
  212 R    1  6 -1 -3 -2  1 -1 -1 -2 -6 -2  0 -5 -2 -3 -1  0 -1  0 -5   10  41   3   1   1   5   4   4   1   0   4   4   0   2   2   5   5   1   4   1  0.77 0.49
  213 Y    3 -3  0  2 -2  0 -1 -1 -2 -3 -3 -3  0  0 -4  0 -1  3  4 -4   25   1   4  12   1   5   4   5   1   2   3   1   2   5   1   8   4   4  13   1  0.42 0.33
  214 I    0 -1 -2 -2 -3 -3 -3 -2 -4  3  2 -4  3  1  0 -1 -1 -2  3  1    8   4   2   2   1   1   1   3   0  14  17   1   9   5   4   4   3   1  11  10  0.32 0.23
  215 V    2  1  0  1 -4 -1 -2 -1 -1  0 -1 -2  0  2  2 -2 -1 -2 -3  1   16   9   4   8   0   3   2   5   1   5   7   2   3   8  10   2   4   0   0  10  0.15 0.16
  216 D    0  1  1  3 -3  1  1  1 -3 -4 -1 -2 -1 -3 -2  1  1  0 -4 -3    7   9   5  18   1   6  10  10   0   1   5   2   1   1   2   9  10   2   0   2  0.26 0.22
  217 R    0  3  3  1 -3  0 -1 -1 -1 -3 -1 -1 -1 -2  1  0 -2  4 -2 -2    9  15  14   8   0   3   3   5   2   2   7   2   2   2   8   7   2   6   2   3  0.26 0.23
  218 R    0  3  0 -1 -4 -1 -1  0  0 -1  0  0 -1 -2  1 -1 -2  3 -1  1    9  18   4   4   0   2   3   6   2   3  10   5   1   2   7   4   2   5   2   9  0.15 0.15
  219 E    1  1 -2  1 -4  0  2  1 -1 -3 -2 -1 -3 -1  3 -1 -1  2 -1 -2   13   8   2   7   0   3  13  11   1   2   5   3   1   3  15   4   4   2   2   2  0.24 0.23
  220 Q   -1  0  0  2 -5  4  0 -2  2 -4  1 -3 -1  1 -2  0 -1 -1 -1 -2    4   5   4  12   0  20   7   3   5   1  15   1   2   5   2   6   4   1   2   3  0.31 0.28
  221 R    0  2  0  0 -3  0  0 -1  0 -1  0 -1  0 -1  1 -1  0  0  2 -1   10  14   5   5   1   3   5   6   2   3  10   2   3   2   7   4   6   1   9   5  0.09 0.12
  222 E    2  1  0  1 -4  0  2 -2  0 -2 -2 -1 -3 -3  3 -1 -2 -5 -2  0   17   8   4   9   0   4  12   3   2   3   5   3   1   1  15   4   2   0   2   8  0.27 0.23
  223 R    1  3  0  1 -3  0  1 -1 -1 -3  0  0 -3 -2  1  0  1 -3 -4 -2   10  19   3   8   0   4   7   4   1   1   8   5   0   2   7   8   8   0   0   3  0.22 0.20
  224 W    0 -1 -3 -1 -3 -3 -1 -4 -2 -1  1 -3  3  3  0 -3 -1  7  1 -1    8   3   1   4   0   1   4   1   1   3  15   2   7  11   5   2   4  16   5   5  0.56 0.34
  225 V    1  1 -1 -1 -4  2  0 -1  0  0  1 -1 -1 -1 -1 -1  0 -2 -2  1   14   9   2   4   0  12   7   4   3   5  12   3   1   2   3   3   5   0   1  11  0.13 0.15
  226 A    3  1 -1  3 -4  0  1  1 -1 -4 -3  0 -4 -4  1  0 -1 -6 -3 -3   21   7   2  15   0   5  10  11   1   1   3   5   0   1   7   6   4   0   1   1  0.32 0.27
  227 A    3  2 -2 -1  1  0  0 -2 -1 -2  1 -1  0 -1 -2 -2 -1  1  1  0   25  12   1   3   4   3   5   3   2   2  13   3   2   2   2   3   4   2   4   5  0.21 0.21
  228 L   -1 -3 -3 -2 -3 -3 -3 -1 -2  0  4 -2  2  2 -4 -3 -3 -4  4 -1    6   2   1   2   0   1   2   5   1   5  39   2   5   7   1   2   2   0  12   4  0.58 0.34
  229 Q    0  4 -1 -1 -4  1 -1  0 -1 -4 -1  1 -2 -5  4  0 -1 -5 -4 -4    9  20   3   3   0   7   4   8   2   1   6   6   1   0  17   6   4   0   1   1  0.42 0.32
  230 H    0  3 -1  0 -3  2  1 -2  1 -3 -4  3 -1 -3  0  0  1 -6 -4 -4    7  15   3   5   0   9   9   4   4   1   2  17   1   1   5   5   9   0   0   1  0.36 0.29
  231 G   -1 -2 -4 -5 -3 -3 -2 -3  1  4  3 -4 -1 -3 -5 -1 -2 -2 -2  2    6   2   1   0   1   1   3   3   4  24  31   1   1   1   1   5   3   1   2  12  0.61 0.37
  232 G    1  2 -1  2 -5  2  0 -1  0 -5 -3  1 -4 -6  0  0  3 -6 -5 -4   10  11   3  11   0  11   6   5   2   0   2   9   0   0   4   8  17   0   0   1  0.39 0.33
  233 V    0 -4 -5 -6  4  1 -6 -5 -3  2  0 -2  4 -5  2 -4  0 -7 -5  4    9   1   0   0   7   7   0   1   1   9  10   2  10   0   9   1   5   0   0  27  0.67 0.44
  234 P   -6 -2 -8 -7 -10 -6 -6 -8 -6 -10 -10 -4 -10 -11  9 -6 -9 -11 -10 -10    1   3   0   0   0   1   1   0   0   0   0   1   0   0  92   1   0   0   0   0  3.39 1.58
  235 L    0 -7 -7 -8 -3 -7 -7 -6 -8  0  2 -6  2 -4 -7 -2  5 -8 -6  4    9   0   0   0   1   0   0   0   0   5  16   0   5   1   0   3  32   0   0  28  1.13 0.67
  236 R   -3  0 -8 -5 -4 -1 -3 -4 -1 -3  6 -2  0 -3 -7 -5 -3 -4 -5 -3    2   5   0   1   0   3   2   2   2   1  70   2   2   1   0   1   2   0   0   2  1.41 0.75
  237 V    1 -7 -8 -8 -4 -1 -7 -4 -2  4  3 -7  1  2 -7 -5 -4 -4 -2  4   11   0   0   0   0   3   0   2   1  23  23   0   3   8   0   1   1   0   2  23  0.91 0.51
  238 I   -3 -7 -9 -9 -3 -8 -9 -5 -9  6  4 -8  2 -2 -7 -7 -5 -8 -7  4    2   0   0   0   1   0   0   1   0  34  32   0   4   2   0   0   0   0   0  23  1.48 0.73
  239 D    0 -5 -3 -3 -5 -5 -8 -1  3 -4 -6 -8 -5 -2 -8 -4 -2 12  1 -2    7   1   1   2   0   1   0   5   7   1   1   0   0   2   0   2   3  58   4   4  2.73 1.23
  240 G   -2 -9 -7 -8 -5 -7 -9  8 -9 -10 -9 -8 -9 -9 -8 -3 -6 -9 -9 -9    3   0   0   0   0   0   0  92   0   0   0   0   0   0   0   2   0   0   0   0  2.88 1.29
  241 A    2  1 -3  3 -6  0  3 -1 -3 -5 -4  1  0 -7 -2  0  0 -7 -6 -4   15   7   1  17   0   3  21   5   1   1   2   8   2   0   2   8   7   0   0   1  0.49 0.39
  242 V    1  2  1  2 -4  2  1 -1  3 -5 -1  2 -3 -5 -5 -2 -4 -6 -1 -3   12  12   7  10   0   8  10   5   7   0   7  12   0   0   0   2   0   0   2   2  0.38 0.31
  243 D   -6 -7 -4  9 -6 -6 -4 -1 -7 -7 -7 -7 -8 -7 -6 -6 -7 -8 -8 -8    1   0   1  89   0   0   1   5   0   0   1   0   0   0   0   1   0   0   0   0  2.99 1.30
  244 P    0  3 -3 -4 -6  1 -2 -3 -1 -3 -2  0 -2 -1  5 -2  0 -4 -3 -1    8  18   2   1   0   7   2   2   1   2   4   6   1   3  29   3   6   0   1   4  0.65 0.45
  245 I    0 -5 -5 -7  0 -6 -6 -2 -5  4  0 -6  0  2 -6 -1  0  6 -1  4    8   1   1   0   2   0   0   3   0  18  10   0   2   7   0   6   6  10   2  24  0.75 0.45
  246 S   -2 -5 -2 -6 -2 -3 -2 -4 -4  4  1 -6  0  4 -6  0 -1 -2 -1  3    3   1   2   0   1   2   3   2   0  24  14   0   2  17   0   7   4   0   2  17  0.65 0.39
  247 G   -2 -1  0  2 -7 -3 -3  2  0 -2 -1 -1 -6 -8  6 -2 -1 -8 -6 -4    3   4   4  10   0   1   2  14   2   3   6   3   0   0  38   3   4   0   0   1  0.89 0.57
  248 A    2 -1 -4 -5 -1 -3 -2 -4 -3  1 -1 -2 -2 -2  4 -1 -1 -2  0  3   18   4   1   1   1   1   2   1   1   8   6   2   1   2  23   4   4   1   3  17  0.51 0.38
  249 H    2  1 -2  2 -4  0  3 -3  4 -5 -5  0 -2 -4  0  1 -1 -3 -3 -3   17   7   1  12   0   4  16   2   8   1   1   5   1   1   4  12   4   0   1   1  0.43 0.35
  250 M   -1 -2  0 -1 -2  0 -1  1  5 -1  0 -3  4  1 -2 -1  0 -1 -3  0    5   2   4   3   1   3   4  13  15   3  11   1   9   5   2   5   6   1   1   7  0.29 0.25
  251 V    5 -4 -7 -7 -5 -4 -5  1 -5 -1  1 -6 -2 -2 -4  0 -2 -3 -3  0   46   1   0   0   0   1   1  12   0   4  13   0   1   2   1   8   3   0   1   8  0.84 0.55
  252 E    1  3 -1  2 -6  2  3 -2  2 -3 -4  0 -5 -4 -1 -2 -2 -2 -1 -2   13  15   2   9   0  10  20   3   5   2   2   6   0   1   3   3   3   1   2   3  0.43 0.35
  253 R    1  4 -2 -1 -5  0  1  0 -1 -1 -1  0 -1 -4  1 -2 -1 -1 -4  0   13  21   1   3   0   5  10   8   2   3   6   5   2   0   6   3   4   1   0   6  0.26 0.25
  254 Y    0 -6 -7 -6 -4 -6 -6 -5 -5  0  3 -7  3  4 -7 -1 -2  5  5 -2    8   0   0   0   0   0   0   1   0   4  28   0   7  14   0   6   3   8  17   3  0.94 0.54
  255 R    2  4 -2 -3 -3  1  0 -1  4 -3 -2  2 -3 -5  0 -2 -2 -6 -3 -2   16  21   2   2   1   7   5   4  10   1   4  13   1   0   4   3   3   0   1   3  0.50 0.37
  256 Q    2  4  0  0 -5  1  3 -2  0 -6 -5  2 -3 -5 -1  0 -2 -3 -5 -5   16  20   4   5   0   6  17   3   2   0   1  10   0   1   3   6   3   0   0   1  0.53 0.40
  257 L    1  1 -2  2 -2 -1 -1 -3  1 -1  1 -1 -1  1 -4 -2 -1  2  2  1   13   7   2  11   1   2   4   1   3   3  17   3   2   6   0   2   3   3   7   9  0.18 0.18
  258 V    2 -3 -1 -4  0 -4 -5 -3 -3  3  2 -5  2  0 -1 -3 -4 -6 -1  3   16   2   3   1   2   1   0   2   1  18  21   0   5   4   3   1   1   0   2  17  0.52 0.34
  259 A    0 -1 -4  0 -3 -3 -2 -3 -3 -6 -5  0 -6 -6  7 -1  0 -8 -8 -4    8   4   1   5   1   1   3   2   1   0   1   5   0   1  54   5   6   0   0   1  1.41 0.80
  260 D   -2  1  4  4 -4  2 -2  3  3 -6 -5 -1 -4 -6 -5 -2 -3 -4 -5 -3    3   7  19  21   0   8   2  19   7   0   2   3   0   0   1   3   2   0   0   3  0.73 0.47
  261 A    4 -4 -5 -5 -2 -4 -3 -3 -3 -1  1 -5 -3 -2 -1  3 -2 -4 -4  3   32   1   0   1   1   1   2   2   1   3  13   0   0   2   4  18   2   0   1  17  0.63 0.46
  262 D   -4  4 -3  1 -8  3  3 -5  0 -5 -5  0 -4 -8 -4 -1  3 -8 -3 -3    1  24   1   7   0  12  21   1   2   1   1   6   0   0   1   5  16   0   1   2  0.83 0.56
  263 C   -2 -5 -5 -6 -3 -3 -3  0 -5  1  3 -3  0  3 -4 -2  0  1 -2  3    4   0   0   0   0   1   2   8   0   6  30   2   2  10   1   3   5   2   1  22  0.54 0.36
  264 V   -1  1 -5 -5 -4 -1  2 -4  5  1 -1 -1 -2 -3 -6 -3  0 -2 -2  4    4   8   0   0   0   2  15   2  14   9   5   4   1   1   0   1   5   1   1  26  0.63 0.43
  265 L   -1  0 -2 -5 -5 -4  0 -6 -3  3  2 -3  2 -2  0 -3  0 -2 -2  4    5   5   2   0   0   1   6   0   1  16  16   1   5   1   5   2   6   1   1  26  0.49 0.33
  266 L   -4 -7 -9 -9 -6 -8 -8 -9 -6  4  5 -8  3  3 -8 -8 -6 -3  1  2    1   0   0   0   0   0   0   0   0  18  44   0   5  13   0   0   0   0   5  13  1.32 0.66
  267 D    0 -2 -4  4 -8 -1  3 -4 -3 -8 -5 -2 -8 -8  6 -2 -5 -8 -3 -7    7   2   1  21   0   3  21   2   1   0   1   3   0   0  34   3   0   0   1   0  1.23 0.73
  268 G   -2 -1  2  4 -5 -2  0  5  0 -6 -6 -2 -5 -6 -5 -3 -4 -6 -5 -6    4   4  10  19   0   2   7  42   2   1   1   3   0   0   1   1   1   0   1   1  1.02 0.53
  269 I    4 -4 -6 -7  6 -3 -6 -4 -4  1 -1 -5 -2 -6 -6  0  1 -5 -6  3   29   1   0   0  14   2   0   1   1   8   7   0   1   0   0   8   8   0   0  19  0.87 0.53
  270 G   -4 -8 -6 -8 -9 -8 -9  8 -7 -10 -10 -6 -10 -10 -9 -1 -4 -10 -10 -9    2   0   0   0   0   0   0  91   0   0   0   0   0   0   0   4   1   0   0   0  2.82 1.27
  271 H   -10 -9 -8 -10 -12 -8 -9 -11 12 -12 -9 -9 -10 -10 -11 -9 -10 -11 -7 -12    0   0   0   0   0   0   0   0 100   0   0   0   0   0   0   0   0   0   0   0  4.98 1.94
  272 Y   -4 -7 -7 -10  5 -5 -9 -9 -4 -2  0 -8  5  6 -9 -5 -5  7  4  0    2   0   0   0  11   1   0   0   0   2   8   0  13  26   0   1   1  15  14   6  1.64 0.80
  273 P    1 -8 -9 -8 -5 -8 -8 -8 -9  2  1 -8 -3 -5  7 -4 -3 -9 -6  3   12   0   0   0   0   0   0   0   0  10  12   0   1   0  46   1   1   0   0  16  1.50 0.83
  274 Q   -2 -7 -3 -8 -9  6 -6 -8  7 -4  0 -7  5  0  2 -6 -4 -8 -5 -4    3   0   1   0   0  29   0   0  25   1  10   0  13   4  10   0   1   0   0   1  1.56 0.87
  275 I   -6 -3 -4  3 -8  3  5 -8  4  0  0 -5  2 -3 -7 -5 -4  1 -2 -1    0   1   0  15   0  10  36   0   8   5   8   0   5   1   0   0   1   2   2   5  0.96 0.61
  276 E   -4 -7 -7  3 -10 -4  7 -8 -5 -10 -7 -7 -9 -8 -8 -3  0 -10 -7 -5    2   0   0  13   0   1  74   0   0   0   1   0   0   0   0   3   5   0   0   1  2.26 1.15
  277 A    4  3  0  2  1  2 -1 -5  2 -2 -4  1 -3 -6 -6 -3 -3 -4 -4 -1   31  13   4  11   3   9   4   1   4   3   2   9   1   0   0   1   1   0   0   4  0.58 0.43
  278 P    1 -6 -6 -6 -7 -6 -5 -2 -4 -8 -5 -5 -9 -6  8 -4 -3 -7 -10 -4   10   0   0   0   0   0   1   3   1   0   1   1   0   0  76   2   2   0   0   2  2.45 1.23
  279 A    2 -3 -2  4 -6  1  5 -1  0 -6 -5 -1 -2 -8 -3 -3 -2 -5 -5 -2   14   1   2  23   0   7  31   4   2   0   1   3   1   0   2   2   3   0   0   4  0.80 0.54
  280 A    2  3 -4 -1 -5  3  4 -4 -2 -4  0 -2 -3 -3 -3 -4 -2 -5 -5 -1   16  16   0   4   0  12  25   1   1   1  10   2   1   1   1   1   2   0   0   5  0.59 0.45
  281 V   -4 -8 -8 -9 -5 -8 -8 -9 -8  2  0 -8  0  4 -8 -2  2 -5 -5  6    1   0   0   0   0   0   0   0   0  11   8   0   2  13   0   4  12   0   0  48  1.37 0.71
  282 L    3 -4  5 -4 -1 -4 -4 -2  0  0  1 -5 -1 -4 -6 -1  0 -7 -4  1   24   1  25   0   1   1   1   3   2   6  13   0   2   1   0   4   6   0   0  10  0.65 0.45
  283 E    3  2 -1  1 -5  2  2 -1 -2 -6 -5  1 -4 -7  1 -1 -1 -5 -6 -5   24  13   3   8   0   8  14   5   1   0   1   7   0   0   8   5   3   0   0   1  0.51 0.40
  284 H    3 -1 -4  0 -4 -1  1 -5  3  1  3 -3 -1 -4 -3 -3 -3 -2 -2  0   25   4   1   5   0   3   9   0   6   7  23   1   2   0   2   1   1   1   1   6  0.42 0.33
  285 Y   -2 -8 -8 -8 -7 -6 -8 -8 -5  5  4 -8  2 -1 -8 -7 -4 -2  3  3    3   0   0   0   0   0   0   0   0  29  36   0   4   3   0   0   1   1   8  15  1.26 0.63
  286 L   -1  3 -2 -1 -3  0  0 -3  0  0  3 -1  0 -3 -5 -2 -1 -2 -2  0    5  18   1   4   1   4   7   2   3   6  30   4   2   1   0   2   4   1   1   6  0.36 0.28
  287 A    2  2  0  4 -7  0  3 -1 -1 -6 -5 -1 -6 -7  0  0 -1 -8 -7 -5   17   9   5  21   0   3  16   6   1   0   1   4   0   0   6   7   3   0   0   0  0.57 0.42
  288 F   -7 -10 -10 -11 -10 -10 -10 -10  1 -4 -4 -9 -5  9 -11 -10 -7  8 -2 -8    0   0   0   0   0   0   0   0   3   1   1   0   0  75   0   0   0  17   1   0  3.32 1.37
  289 R   -3 -1 -9 -9 -4 -8 -7 -9 -5  3  6 -8  0  2 -9 -8 -4  0 -6 -1    3   4   0   0   0   0   0   0   0  13  62   0   2   9   0   0   1   1   0   4  1.50 0.74
  290 A    3  0 -1  3 -5  2  2  0 -1 -6 -5  1 -6 -7 -4  1 -2 -7 -6 -5   27   5   3  16   0   7  11   6   2   0   1   9   0   0   1  10   2   0   0   1  0.58 0.43
  291 R   -2  5 -3 -1 -7  3 -1  0 -1 -5 -5  3 -6 -7 -3  2  1 -7 -6 -6    3  32   1   4   0  11   4   6   1   1   1  15   0   0   1  13   7   0   0   0  0.81 0.53
  292 L   -1 -5 -5 -6 -2 -4 -5 -5  2  2  3 -5 -1  2 -5 -3  2 -5 -3  3    5   0   0   0   1   1   0   0   5  11  30   0   1   8   0   2  14   0   1  21  0.67 0.41
  293 D    2  1 -1  3 -5  1  3 -2  0 -5 -5 -1 -3 -6  1  2 -1 -6 -5 -3   16   8   3  14   0   7  22   2   2   0   0   2   1   0   6  13   4   0   0   1  0.48 0.35
  294 D    1 -3 -1  2 -2  1  1 -2 -1 -5 -5 -1 -3 -4  5  1  1 -6 -5 -4   11   1   3  10   1   6   7   2   1   0   0   2   1   1  34  10  10   0   0   0  0.75 0.44
  295 S    4  0 -1 -2  1 -1 -1  0 -1 -3 -2  0 -2 -2  1  2  1 -5 -4 -2   34   4   3   1   3   2   2   6   2   1   3   4   1   2   6  16   9   0   0   2  0.33 0.27
  296 E    1  0 -1  1 -4  2  3 -1  3 -4 -4  1 -3 -5 -1  1 -1 -5 -3 -1   15   5   1   8   0  11  23   3   7   0   0   9   0   0   3  10   1   0   0   5  0.38 0.27
  297 F   -1 -1 -3 -4 -4 -1 -3 -1  1  1 -2 -3 -2  4  4 -1 -1  2  4 -2    5   4   0   0   0   2   0   5   3  11   2   0   0  18  23   5   2   3  16   0  0.53 0.27
  298 S    3 -3  0 -3  1 -2 -2 -2 -3 -4 -4 -2 -3 -4 -3  5  2 -5 -4 -3   23   0   4   0   2   0   0   0   0   0   0   0   0   0   0  58  12   0   0   0  0.91 0.40

                      K         Lambda
Standard Ungapped    0.1425     0.3255
Standard Gapped      0.0410     0.2670
PSI Ungapped         0.1936     0.3176
PSI Gapped           0.0593     0.2670
