
Last position-specific scoring matrix computed, weighted observed percentages rounded down, information per position, and relative weight of gapless real matches to pseudocounts
           A  R  N  D  C  Q  E  G  H  I  L  K  M  F  P  S  T  W  Y  V   A   R   N   D   C   Q   E   G   H   I   L   K   M   F   P   S   T   W   Y   V
    1 M   -3 -4 -4 -5 -4 -3 -4 -5 -4 -1  0 -4 10 -2 -5 -4 -3 -4 -3 -1    0   0   0   0   0   0   0   0   0   0   2   0  98   0   0   0   0   0   0   0  2.26 0.48
    2 A    5 -3 -2 -3 -2 -2 -2  2 -3 -3 -3 -2 -3 -4 -1  2  0 -4 -3 -2   68   0   0   0   0   0   0  14   0   0   0   0   0   0   2  13   3   0   0   0  0.74 0.23
    3 L   -2 -3 -4 -4 -3  2 -3 -5 -2  1  2 -3  7  0 -4 -2 -2 -3 -3  1    1   0   0   0   0  14   0   0   1   7  22   0  44   4   0   2   0   0   0   7  0.84 0.31
    4 T   -2  3  0 -3 -3 -2 -2 -1 -2  1 -1 -1  0 -1 -3  1  1 -3  0  3    0  26   5   0   0   0   0   3   0  10   0   1   3   2   0  10   8   0   4  28  0.28 0.18
    5 V   -3 -5 -5 -5 -3 -5 -5 -6 -5  6  1 -5 -1 -2 -5 -4 -2 -5 -3  4    0   0   0   0   0   0   0   0   0  68   6   0   0   0   0   0   0   0   0  27  1.25 0.36
    6 N   -3 -2  8 -1 -5  1 -2 -3  1 -5 -6  0 -4 -5 -4 -1 -2 -6 -2 -5    1   1  81   0   0   5   0   0   2   0   0   5   0   0   0   3   0   0   1   0  1.63 0.45
    7 T   -2 -3  1 -3 -2  0 -3 -4  6 -3 -4 -3 -3 -4 -3  0  6 -5 -3 -3    0   0   7   0   1   3   0   0  21   0   0   0   0   0   0   5  64   0   0   0  1.17 0.39
    8 N   -4 -3  8 -1 -5 -3 -3 -3 -2 -6 -6 -3 -5 -5 -5 -2 -3 -6 -1 -6    0   0  97   1   0   0   0   0   0   0   0   0   0   0   0   0   0   0   2   0  2.30 0.56
    9 I   -2 -4 -4 -4 -2 -3 -4 -3 -4  4  1 -3  3 -1 -3  0  0 -4  0  3    0   0   0   0   0   0   0   2   0  36   7   0  10   1   1   8   6   0   3  28  0.52 0.22
   10 A    2 -2  2 -1 -2 -1 -2 -1 -2 -2  1 -2  3 -3 -1  3  0 -4 -2 -2   19   0  12   2   0   2   1   2   0   1  15   0  10   0   2  31   3   0   1   0  0.31 0.19
   11 S    5 -3 -1 -3 -3 -2 -3 -2 -3 -4 -4 -3 -3 -4 -3  4 -1 -5 -4 -2   57   0   1   0   0   0   0   0   0   0   0   0   0   0   0  41   0   0   0   0  1.04 0.37
   12 L   -3 -4 -4 -5 -3 -2 -4 -5 -4  1  5 -4  6 -2 -5 -4 -1 -4 -3  0    0   0   1   0   0   1   0   0   0   5  57   0  28   0   0   0   3   0   0   4  0.98 0.32
   13 N   -2  0  6 -1 -4 -2 -2 -3 -2  0 -1 -1  1 -2 -4 -1  2 -5 -2  1    2   6  49   1   0   0   0   0   0   6   4   2   4   1   0   1  13   0   1  10  0.62 0.26
   14 T    5 -3 -3 -3 -3 -3 -3 -2 -4 -2 -3 -3 -3 -4 -3  1  4 -4 -4 -2   54   0   0   0   0   0   0   1   0   2   0   0   0   0   0   5  37   0   0   1  0.90 0.34
   15 Q   -3 -1 -1 -2 -5  6 -1 -4  3 -3  0 -1 -2 -2 -4 -2 -3  2  3 -2    1   1   3   1   0  57   0   0   8   0   8   1   0   0   0   1   0   3  12   2  0.96 0.36
   16 R   -2  6  4 -2 -5  1  0 -3 -1 -5 -4  0 -3 -5 -4 -1 -2 -5 -4 -4    3  56  27   0   0   5   5   0   0   0   0   0   0   0   0   3   0   0   0   0  1.10 0.35
   17 N   -3 -1  6 -1 -4  2 -2 -3  3  0 -4 -2 -1 -3 -4  0 -1 -3  3 -3    1   2  48   0   0  13   0   0   9   6   0   0   1   0   0   4   2   0  13   0  0.82 0.31
   18 L   -2 -4 -5 -5 -3 -4 -4 -5 -4  1  5 -4  5 -1 -5 -3 -2 -3 -1  0    2   0   0   0   0   0   0   0   0   4  71   0  17   1   0   2   1   0   2   1  0.98 0.31
   19 N    0  0  5 -1 -3 -1 -2  1 -2 -3 -3 -1  1 -3 -3  2  1 -4 -3 -2    5   5  38   2   0   2   1  13   0   0   0   1   4   0   0  18   9   0   0   1  0.52 0.22
   20 A    0  0  2 -1 -3  2 -1  0 -1 -1 -1  2 -1 -3 -2  1  1 -4 -2  0    9   3  12   1   0  10   1   6   1   3   3  22   2   0   0  11   8   0   0   7  0.18 0.11
   21 S    2 -2  5 -2 -3 -2 -2 -1  0 -3 -3 -2 -3 -4 -3  3  2 -1 -3 -1   18   0  32   0   0   0   0   1   2   1   1   0   0   0   0  27  16   1   0   3  0.60 0.25
   22 S    0 -1  3 -1 -4  5  0  0 -2 -4 -4 -1 -2 -4 -3  1  2 -4 -3 -3    7   1  17   1   0  40   1   6   0   0   0   1   0   0   0  12  13   0   0   1  0.63 0.27
   23 N    1 -1  2  0 -3 -1  0  1 -2 -2 -3  1 -1 -3 -2  3  0 -4 -2 -1   11   2  13   5   0   1   3  12   0   2   1   9   1   0   0  32   3   0   1   3  0.29 0.15
   24 D    3 -1  1  1 -2  0  0  0 -2 -3 -2  1  0 -2 -1  2  0 -4 -2 -2   29   0   6   6   0   5   4   6   0   0   1   9   3   1   1  23   4   0   0   1  0.26 0.14
   25 L   -1 -3 -2 -4 -3  1 -3 -4 -3  0  4 -2  4 -1 -4 -2 -1 -3 -2  0    3   0   2   0   0   9   0   0   0   0  59   2  14   2   0   2   3   0   0   4  0.60 0.24
   26 N    1 -2  2  1 -3  2 -1  2 -2 -3 -4 -1 -2 -4 -3  3 -1 -4 -3 -2   15   0  11   8   0  10   1  19   0   1   0   1   0   0   0  31   2   0   0   1  0.42 0.19
   27 T   -1 -1  1 -1 -3  2  0 -2 -2 -3 -2  4 -2 -4 -3  1  4 -4 -3 -2    2   0   6   2   0   9   3   1   0   0   2  31   0   0   0   9  33   0   0   1  0.51 0.23
   28 S    3 -3  1 -2 -3 -2 -2 -2  0 -3 -4 -2 -3 -4 -3  5  1 -5 -3 -2   29   0   7   0   0   0   0   0   2   1   0   0   0   0   0  54   5   0   0   1  0.79 0.31
   29 L   -2 -3 -4 -5 -3 -1 -4 -5 -3  3  3 -3  6  0 -4 -3 -2 -3  0  0    1   0   0   0   0   3   0   0   0  25  30   0  32   3   0   0   2   0   4   0  0.76 0.27
   30 Q   -2 -1 -1  1 -5  4  5 -3 -2 -4 -3  0 -3 -5 -3 -1  0 -4 -4 -4    1   2   1   5   0  21  56   1   0   0   2   3   0   0   0   3   7   0   0   0  0.93 0.31
   31 R   -3  6 -1 -3 -5  0 -2 -4  0 -5 -4  4 -3 -5 -4 -2 -3 -5 -4 -4    0  61   2   0   0   3   0   0   2   0   0  31   0   0   0   1   0   0   0   0  1.33 0.37
   32 L   -3 -4 -6 -6 -3 -4 -5 -6 -5  0  6 -5  0 -2 -5 -5 -3 -4 -3  0    0   0   0   0   0   0   0   0   0   1  94   0   0   0   0   0   0   0   0   5  1.37 0.38
   33 T    0 -3 -1 -3 -3 -2 -2 -2 -3 -5 -5 -3 -4 -5 -3  7  0 -5 -4 -4    4   0   1   0   0   0   0   1   0   0   0   0   0   0   0  93   1   0   0   0  1.51 0.46
   34 T   -1 -3 -2 -3 -3 -2 -2 -3 -3 -5 -5 -3 -4 -5 -3  6  2 -5 -4 -4    0   0   0   0   0   0   0   0   0   0   0   0   0   0   0  91   9   0   0   0  1.49 0.46
   35 G   -2 -5 -3 -4 -5 -4 -4  7 -4 -6 -5 -4 -5 -6 -5 -2 -4 -5 -5 -6    0   0   0   0   0   0   0  99   0   0   1   0   0   0   0   0   0   0   0   0  2.11 0.46
   36 Y   -2 -2 -2 -4 -3 -1 -3 -4 -1 -1  4  2  2  2 -4 -1 -2 -2  2 -1    0   0   2   0   0   3   0   0   1   0  49  16   6   8   0   6   0   0   9   1  0.42 0.20
   37 R   -4  7 -3 -4 -4 -1 -2 -4 -3 -5 -5  3 -4 -5 -4 -3 -3 -5 -4 -5    0  82   0   0   0   0   0   0   0   0   0  17   0   0   0   0   0   0   0   0  1.76 0.45
   38 I   -4 -5 -6 -6 -4 -5 -6 -6 -6  7 -1 -5 -1 -2 -5 -5 -3 -5 -4  1    0   0   0   0   0   0   0   0   0  94   0   0   0   0   0   0   0   0   0   5  1.76 0.46
   39 N   -4 -3  8 -1 -5 -3 -3 -3 -2 -6 -6 -2 -5 -6 -5 -1 -1 -6 -5 -5    0   0  95   0   0   0   0   0   0   0   0   1   0   0   0   2   2   0   0   0  2.15 0.53
   40 S   -1  4  1 -1 -1 -1 -2 -2 -2 -4 -4  0 -3 -5 -3  5 -1 -5 -4 -4    0  24   7   1   1   1   0   1   0   0   0   4   0   0   0  60   1   0   0   0  0.87 0.34
   41 A    6 -4 -4 -4 -3 -3 -3 -2 -4 -4 -4 -3 -3 -3 -3 -1 -2 -5 -4 -2   96   0   0   0   0   0   0   0   0   0   0   0   0   1   0   1   0   0   0   1  1.51 0.46
   42 K    3  0 -2 -3 -2 -1 -1  2 -3 -4 -4  4 -2 -4 -3  1 -2 -4 -3 -2   30   2   0   0   1   0   1  17   0   0   0  37   0   0   0  11   0   0   0   1  0.58 0.25
   43 D   -4 -4 -1  8 -6 -3 -1 -4 -4 -6 -6 -3 -6 -6 -4 -3 -4 -7 -6 -4    0   0   0  99   0   0   0   0   0   0   0   0   0   0   0   0   0   0   0   1  2.30 0.54
   44 D   -4 -4  0  8 -6 -3 -1 -4 -4 -6 -6 -3 -6 -6 -3 -3 -4 -7 -6 -6    0   0   2  97   0   0   0   0   0   0   0   0   0   0   1   0   0   0   0   0  2.24 0.53
   45 A    6 -4 -4 -4 -3 -3 -3 -2 -4 -4 -4 -3 -3 -5  0  0 -2 -5 -4 -2   92   0   0   0   0   0   0   0   0   0   0   0   0   0   4   3   0   0   0   0  1.41 0.45
   46 A    6 -4 -3 -4 -3 -3 -3 -2 -4 -4 -4 -3 -3 -4 -3  1 -2 -5 -4 -3   89   0   0   0   0   0   0   0   0   0   0   0   0   0   0  10   0   0   0   0  1.38 0.44
   47 G   -2 -3 -3 -4 -5 -4 -5  7 -5 -6 -6 -4 -5 -6 -5 -3 -4 -5 -6 -6    1   1   0   0   0   0   0  98   0   0   0   0   0   0   0   0   0   0   0   0  2.14 0.52
   48 L   -3 -3 -4 -5 -3  2 -3 -5 -3 -1  5 -3  2 -1 -4 -4 -3  0  1 -1    1   0   0   0   0  13   1   0   0   1  71   0   5   0   0   0   0   1   6   1  0.89 0.35
   49 Q    5 -3 -2 -3 -2  5 -2 -2 -3 -4 -4 -2 -3 -5 -3  0 -2 -5 -3 -2   65   0   1   0   1  29   0   0   0   0   0   0   0   0   0   3   1   0   0   1  1.07 0.42
   50 I   -4 -6 -6 -5 -4 -5 -6 -6 -6  8 -1 -5 -1 -3 -5 -5 -3 -5 -4  0    0   0   0   1   0   0   0   0   0  98   0   0   0   0   0   0   0   0   0   1  1.96 0.55
   51 S    4 -3 -2 -3 -3 -2 -3 -1 -3 -4 -4 -3 -3 -5 -3  5 -1 -5 -4 -3   37   0   0   0   0   0   0   2   0   0   0   0   0   0   0  60   1   0   0   1  1.08 0.42
   52 N   -3 -2  6  1 -5  1  4 -3 -2 -5 -5 -1 -4 -5 -3 -1  1 -5 -4 -4    0   0  42   5   0   4  35   0   0   0   0   1   0   0   0   2  11   0   0   0  0.99 0.37
   53 R   -2  7 -2 -3 -5 -1 -2 -1 -3 -5 -4  4 -4 -5 -4 -1 -2 -5 -4 -5    1  64   1   0   0   0   0   5   0   0   0  23   0   0   0   3   2   0   0   0  1.29 0.42
   54 L   -4 -4 -5 -6 -4 -4 -5 -5 -4 -1  4 -4  8  4 -5 -4 -3 -3 -2 -2    0   0   0   0   0   0   0   0   0   0  37   0  46  17   0   0   0   0   0   0  1.36 0.45
   55 S   -2  5  1 -2 -4  1 -1 -3  1 -3 -4  0 -2 -4 -3 -1  4 -4 -3 -3    1  35   6   1   0   7   3   1   3   0   0   3   0   0   0   2  37   0   0   0  0.73 0.32
   56 N    3 -3  0 -2 -2 -2 -2  1 -3 -3 -3 -2 -2 -4 -3  4  2 -4 -3  0   25   0   2   0   0   1   0   9   0   0   1   1   1   0   0  40  11   0   0   9  0.52 0.27
   57 Q   -3  1  2 -3 -6  8  0 -4 -2 -5 -4  0 -3 -6 -4 -2 -3 -5 -4 -5    0   6  12   0   0  75   2   0   0   0   1   2   0   0   0   0   0   0   0   0  1.62 0.54
   58 I   -1 -4 -4 -4 -3 -3 -1 -4 -4  6 -1 -4  0  1 -4  0  0 -4 -3  2    4   0   0   0   0   0   6   1   0  59   0   0   2   6   0   9   5   0   0   9  0.70 0.31
   59 S   -2  5  4 -2 -4 -1 -2 -1 -2  0 -3  2 -3 -4 -3  0 -1 -5 -3 -3    2  40  21   0   0   1   0   4   0   7   1  15   0   0   0   7   2   0   0   0  0.67 0.29
   60 G   -1 -5 -3 -4 -5 -4 -4  7 -4 -6 -6 -4 -5 -6 -4  0 -2 -5 -5 -5    2   0   0   0   0   0   0  91   0   0   0   0   0   0   0   5   2   0   0   0  1.88 0.50
   61 L   -4 -4 -3 -5 -3 -4 -5 -5 -5  1  6 -3  2 -2 -5 -4 -2 -4 -3 -1    0   0   1   0   0   0   0   0   0   3  87   2   4   0   0   0   1   0   0   0  1.23 0.41
   62 N   -2 -2  4  4 -4  0  0  2 -2 -4 -4  0 -3 -4 -3  0  2 -5 -2 -4    2   0  21  29   0   2   5  18   0   0   0   4   0   0   0   4  15   0   1   0  0.59 0.24
   63 V   -3 -1 -3 -3 -4  6 -1 -4  2 -2 -3 -1  2 -4 -4 -3 -1 -4 -3  3    0   1   0   0   0  54   0   0   6   0   0   1   7   0   0   0   2   0   0  29  1.04 0.43
   64 A    6 -4 -3  0 -3 -3 -3  1 -4 -4 -3 -3 -3 -5 -3 -1 -2 -5 -4 -3   82   0   0   5   0   0   0   9   0   0   1   0   0   0   0   2   0   0   0   0  1.22 0.45
   65 T    1 -1  1 -2 -1  0 -2 -2 -2  1 -1 -1  1 -3 -3  2  0 -4 -2  2   16   2   9   0   1   6   0   2   0   8   2   1   6   0   0  21   4   0   0  23  0.21 0.17
   66 R   -2  6  1 -2 -5  1 -1 -4 -2 -5 -3  2 -3 -5 -4  0  1 -5 -4 -4    2  56   6   2   0   4   2   0   0   0   1  13   0   0   0   7   8   0   0   0  0.95 0.34
   67 N   -4 -3  8 -2 -6 -3 -3 -3 -2 -6 -6 -3 -5 -5 -5 -2 -3 -6  1 -6    0   0  94   0   0   0   0   0   0   0   0   0   0   0   0   0   0   0   6   0  2.31 0.64
   68 A    5 -4 -3 -4 -3 -3 -3 -1 -4 -2 -2 -3 -3 -4 -3  1  1 -5 -4  1   70   0   0   0   0   0   0   3   0   1   1   0   0   0   0   6  10   0   0   8  0.91 0.37
   69 N   -2 -2  6 -2 -5  5 -1 -1  0  0 -3 -1 -3 -5 -4 -1 -3 -5 -4 -4    2   0  47   0   0  35   2   3   2   6   1   1   0   0   0   1   0   0   0   0  1.09 0.42
   70 D   -3 -4  2  7 -6 -3  1 -4 -3 -6 -6 -3 -5 -3 -4 -2 -3 -7 -5 -6    1   0   7  83   0   0   6   0   0   0   0   0   0   1   0   1   0   0   0   0  1.86 0.52
   71 G    1 -4 -3 -4 -4 -4 -4  6 -4 -5 -5 -4 -4 -5 -4 -1 -3 -5 -5 -1   13   0   0   0   0   0   0  78   0   0   0   0   0   0   0   3   0   0   0   6  1.50 0.43
   72 I   -3 -5 -2 -5 -4 -1 -5 -6 -5  7 -1 -4  2 -2 -5 -4 -2 -5 -1  2    0   0   3   0   0   4   0   0   0  75   1   0   5   0   0   0   1   0   2   8  1.23 0.42
   73 S    0 -3  0 -2 -4 -3 -3 -1 -3 -5 -5 -3 -4 -5 -3  7 -1 -5 -4 -4    4   0   3   1   0   0   0   4   0   0   0   0   0   0   0  88   0   0   0   0  1.47 0.53
   74 L   -2 -4 -4 -5 -3 -2 -4 -5 -4  3  4 -4  5  0 -4 -1 -2 -3 -1  2    2   0   0   0   0   1   0   0   0  18  42   0  18   2   0   6   0   0   2  11  0.67 0.28
   75 A    3 -3 -3  0 -2 -3 -3 -3 -4  4  0 -3  2 -3 -3  0 -1 -4 -3  2   34   0   0   5   0   0   0   0   0  29   7   0   6   0   0   6   1   0   0  12  0.45 0.25
   76 Q   -4  1 -3 -2 -6  8 -1 -5 -3 -6 -5  0 -3 -6 -4 -3 -4 -5 -4 -5    0   6   0   1   0  87   1   0   0   0   0   5   0   0   0   0   0   0   0   0  2.11 0.66
   77 T   -3 -4 -3 -4 -4 -4 -4 -5 -5 -2 -1 -4 -3 -5 -4 -1  7 -5 -4  0    0   0   0   0   0   0   0   0   0   2   5   0   0   0   0   0  88   0   0   5  1.68 0.58
   78 A    6 -4 -4 -4 -3 -3 -2 -2 -4 -4 -4 -3 -3 -5 -3 -1  3 -5 -4 -2   79   0   0   0   0   0   1   1   0   0   0   0   0   0   0   1  18   0   0   1  1.27 0.48
   79 E   -4 -3 -2  2 -6 -1  7 -4 -3 -6 -6 -2 -5 -6 -4 -1 -3 -6 -5 -5    0   0   0  10   0   0  86   0   0   0   0   0   0   0   0   3   0   0   0   0  1.77 0.56
   80 G   -2 -4 -3 -4 -3 -4 -4  6 -4 -5 -2 -2 -4 -5 -4  1 -3 -5 -5 -5    1   0   0   0   0   0   0  80   0   0   5   2   0   0   0  11   0   0   0   0  1.52 0.46
   81 A    6 -4 -3 -3 -3 -2 -3  0  2 -4 -4 -3 -3 -4 -3  0 -1 -5 -2 -3   81   0   0   0   0   1   0   5   5   0   0   0   0   0   0   5   1   0   1   0  1.20 0.46
   82 L   -3 -4 -5 -6 -4 -4 -5 -6 -3  0  5 -4  6 -2 -5 -4 -3 -4 -3  0    1   0   0   0   0   0   0   0   1   2  69   0  22   0   0   0   0   0   0   5  1.23 0.42
   83 Q   -1 -1  5  2 -4  1  0  1  0 -3 -4 -1 -3 -4 -3  2  1 -5 -3 -3    3   1  31  11   0   8   4  10   2   1   0   2   0   0   0  16  11   0   0   1  0.51 0.24
   84 Q   -2 -3 -3 -1 -5  1  6 -4 -2 -5 -5 -1 -4 -5 -4  2 -1 -5  1 -4    1   0   0   0   0   4  72   0   0   0   0   1   0   0   0  14   3   0   5   0  1.29 0.47
   85 S   -1 -3 -2 -4  2 -2 -3 -3 -4  3  0 -3  1 -2 -3  1  3 -4 -2  3    1   0   0   0   5   2   0   0   0  20   4   0   3   1   0   9  28   0   1  25  0.47 0.25
   86 T   -1 -3  3 -2 -3  0 -1  0  6 -2 -3 -2 -3 -4 -3  1  4 -4 -2 -1    2   0  15   1   0   3   2   5  22   1   2   0   0   0   0  10  32   0   0   5  0.61 0.30
   87 N   -1 -2  5  3 -4 -1  0 -2 -2 -5 -5 -1 -4 -5 -3  3  0 -5 -2 -4    4   0  36  17   0   1   6   2   0   0   0   2   0   0   0  29   3   0   1   0  0.78 0.33
   88 I   -3 -4  4 -3 -3 -3 -4 -4 -4  5 -1 -3  5 -3 -4 -1 -2 -5 -3  1    1   0  21   0   0   0   0   0   0  48   2   0  16   0   0   5   0   0   0   7  0.85 0.37
   89 L   -2 -4 -5 -6 -3 -4 -5 -4 -5  0  6 -4  1 -1 -5 -4  0 -4 -3 -1    3   0   0   0   0   0   0   1   0   2  84   0   3   2   0   0   5   0   0   1  1.19 0.42
   90 Q   -3 -1  0 -1 -5  7 -1  0 -1 -4 -1  1 -3 -5 -4 -3 -3 -5 -2 -5    0   1   3   2   0  72   0   6   1   0   6   6   0   0   0   0   0   0   1   0  1.38 0.51
   91 R   -3  7 -1 -3 -6 -2 -3 -5 -3 -5 -5  0 -4 -5 -5  0  0 -5 -4 -5    2  81   2   1   0   0   0   0   0   0   0   1   0   0   0   6   7   0   0   0  1.67 0.53
   92 I   -4 -5 -5 -6 -4 -3 -5 -6 -5  3  1 -5  9 -3 -5 -4 -3 -5 -4  2    0   0   0   0   0   1   0   0   0  19   8   0  56   0   0   0   0   0   0  16  1.58 0.54
   93 R   -4  8 -1 -4 -6 -2 -3 -5 -3 -6 -5  2 -4 -6 -5 -2 -2 -6 -3 -5    0  83   2   0   0   0   0   0   0   0   0   8   0   0   0   2   2   0   1   0  1.90 0.60
   94 D   -3 -1 -2  4 -5  0  5 -4 -3 -5 -5 -2 -4 -5  0 -1  2 -5 -5 -3    0   3   0  26   0   3  48   0   0   0   0   0   0   0   5   2  12   0   0   1  1.02 0.41
   95 L   -4 -4 -5 -6 -4 -3 -5 -6 -5  0  6  0  1 -2 -5 -4  0 -4 -4 -1    0   0   0   0   0   1   0   0   0   3  82   7   2   0   0   0   5   0   0   1  1.20 0.45
   96 A    5 -3 -3 -3 -3 -3 -3 -1 -4 -3 -4 -3 -3 -4  1  3  2 -5 -4  0   54   0   0   0   0   0   0   3   0   0   0   0   0   0   5  20  11   0   0   6  0.79 0.38
   97 L   -2 -4  0 -4 -3 -1 -3 -4 -4  2  2 -4  0 -3 -4 -3  1 -4 -3  5    0   0   5   0   0   3   1   0   0   8  20   0   1   0   0   0   9   0   0  52  0.71 0.33
   98 Q   -4 -2 -1 -1 -6  8  1 -5 -3 -6 -5 -1 -4 -6 -4 -3 -4 -5 -5 -5    0   1   2   2   0  84   7   0   0   0   0   2   0   0   0   0   0   0   0   0  2.08 0.69
   99 S    5 -3 -3 -3 -3  1 -3 -1 -4 -4 -4 -2 -4 -5 -3  4 -2 -5 -4 -3   50   0   0   0   0   5   0   3   0   0   0   1   0   0   0  40   0   0   0   0  1.03 0.45
  100 A    5  1 -2 -3 -3  1 -2 -1 -3 -4 -3 -1 -1 -4 -3  2 -1 -5 -4 -3   57   6   1   0   0   7   1   3   0   0   1   2   2   0   0  19   3   0   0   0  0.75 0.37
  101 N   -4  0  8 -2 -5 -1 -3 -3 -3 -6 -6 -3 -5 -6 -5  0  0 -7 -5 -5    0   5  80   0   0   2   0   0   0   0   0   0   0   0   0   7   7   0   0   0  1.88 0.61
  102 G   -1 -4  1  4 -5 -3 -2  6 -4 -6 -6 -3 -5 -5 -4  0 -3 -5 -5 -5    5   0   5  26   0   0   2  58   0   0   0   0   0   0   0   5   0   0   0   0  1.20 0.41
  103 S   -1 -4 -2 -3 -4 -3 -3 -2 -4 -1 -4 -3 -3 -5 -2  3  6 -5 -4 -2    2   0   0   0   0   1   0   3   0   3   0   0   0   0   1  27  63   0   0   1  1.24 0.51
  104 N   -3 -3  7 -2 -2  0 -3 -3 -1 -4 -2  0 -1 -3 -3 -2 -2 -5  2 -3    1   0  70   0   1   4   0   0   1   0   5   5   1   1   1   0   1   0   8   1  1.37 0.51
  105 S   -1 -3  1  1 -3 -1 -1 -2 -3 -3 -4 -2 -4 -5 -3  5  4 -5 -4 -2    1   0   5   6   0   2   3   2   0   1   0   0   0   0   0  49  29   0   0   1  0.86 0.41
  106 D    2 -2  1  4 -3  1  0 -1 -2 -2 -2  0 -3 -4 -2  1  1 -5 -3 -3   18   1   4  34   0   6   3   4   0   2   3   4   0   0   1  11   9   0   0   1  0.44 0.23
  107 A    1 -2 -1  1 -3  0  2 -2 -2 -3 -3  0 -3 -3 -3  3  1 -4 -1  0   12   0   1   9   0   3  17   1   0   0   0   6   0   1   0  32   7   0   2  10  0.37 0.24
  108 D   -1  0  1  7 -6 -2  2 -4 -3 -6 -6 -3 -5 -6 -4 -2 -2 -6 -5 -5    4   5   6  71   0   0   9   0   0   0   0   0   0   0   0   2   2   0   0   0  1.50 0.50
  109 R   -3  7 -3 -4 -5  1  0 -5 -3  0  0  1 -2 -4 -4 -3 -3 -5 -4 -3    1  65   0   0   0   6   5   0   0   6  11   5   0   0   0   0   0   0   0   0  1.20 0.45
  110 A    1  0  0  1 -3  2  1  0 -2 -2 -1  1 -1 -3 -2  1  1 -3 -3 -1   14   5   3   9   0  13   7   5   0   1   7  12   1   0   0   8  10   0   0   5  0.15 0.12
  111 A    4 -3  2 -2 -3  0  0 -2 -2 -3 -3 -1 -1 -1 -3  3  1 -4 -2 -3   43   0   9   0   0   4   4   0   0   0   1   4   2   2   0  22   7   0   1   0  0.53 0.30
  112 L   -2 -5 -3 -5 -3 -4 -5 -6 -5  6  3 -5  2 -2  0 -4 -3 -4 -3  0    3   0   1   0   0   0   0   0   0  52  34   0   4   0   5   0   0   0   0   1  1.01 0.39
  113 Q   -3 -2  2  1 -6  8  0 -4 -2 -6 -5 -1 -4 -6 -4  0 -3 -5 -3 -5    1   0  11   6   0  71   3   0   0   0   0   1   0   0   0   6   0   0   0   0  1.57 0.58
  114 K    1  1  0  3 -4  2  2 -2 -1 -3 -3  3 -3 -4 -3  0 -1 -4 -2 -3   13   6   3  17   0   9  12   1   1   1   2  27   0   0   0   4   3   0   1   1  0.40 0.22
  115 E   -4 -3 -2  0 -6 -1  7 -5 -3 -6 -5 -2 -5 -6 -4 -3  0 -6 -1 -5    0   0   1   2   0   0  88   0   0   0   1   0   0   0   0   0   6   0   2   0  1.86 0.63
  116 V   -1 -4 -4 -5 -3 -4 -4 -5  2  4  0 -4  3  3 -4 -3 -2 -3  1  4    3   0   0   0   0   0   0   0   5  25   7   0   7  15   0   1   1   0   4  31  0.62 0.28
  117 A    0 -1  3  3 -3  2 -1  0 -2 -3 -3  1 -2 -3 -3  1  2 -4  1 -2    7   2  15  18   0  11   0   5   0   1   1   7   0   0   0   9  15   0   5   3  0.31 0.20
  118 A    2 -1 -2 -2 -4  6  1 -3 -3 -5 -4 -1 -3  0 -4  0 -3 -4 -3 -3   22   2   1   0   0  53   6   0   0   0   0   2   0   5   0   7   0   0   0   0  1.00 0.45
  119 Q   -3  3 -5 -5 -4 -1 -4 -5 -4 -1  5 -3  1 -2 -5 -3 -3 -4 -2 -2    2  21   0   0   0   3   0   0   0   1  69   0   2   0   0   1   1   0   1   0  1.02 0.42
  120 Q    0  1  1 -2 -2  1 -1 -1 -2  1  1  1  2 -2 -3  0  1 -3 -2  1    5   9   8   0   0   8   0   4   0   9  14  14   7   0   0   6   8   0   0   9  0.12 0.12
  121 A    0 -2  1  4 -4  1  2 -2 -2 -4 -4  1 -1 -4  1  2  0 -5 -4 -3    8   0   5  27   0   7  14   2   0   0   0   8   1   0   5  16   5   0   0   1  0.45 0.23
  122 E   -3 -3 -3 -1 -7  3  7 -5 -3 -6 -6 -2 -5 -6 -4 -3 -4 -6 -5 -5    1   0   0   1   0  12  85   0   0   0   0   0   0   0   0   0   0   0   0   0  1.93 0.64
  123 L   -1 -5 -5 -5 -3 -5 -5 -5 -5  6  3 -5  0 -2 -5 -4 -3 -5 -3  2    6   0   0   0   0   0   0   0   0  55  26   0   0   0   0   0   0   0   0  12  1.04 0.39
  124 T   -1 -3  5  5 -5 -1 -1 -1  0 -5 -5 -2 -4 -3 -4 -1  1 -6 -4 -3    6   0  29  42   0   2   2   3   2   0   0   1   0   1   0   2   9   0   0   1  0.93 0.37
  125 R   -3  7 -1  0 -6 -2 -2  0 -3 -6 -5 -1 -4 -5 -5 -2 -3 -5  1 -5    2  71   3   6   0   0   1   9   0   0   0   1   0   0   0   2   0   0   6   0  1.37 0.50
  126 I   -3  0  0 -4 -4 -4 -5 -6 -5  6  0 -4 -1 -3 -5 -4 -2 -5 -4  3    0   5   5   0   0   0   0   0   0  63   3   0   1   0   0   0   1   0   0  21  1.13 0.43
  127 S    5 -3 -3 -3 -3 -2 -3  0 -4 -4 -3 -3 -1 -4 -3  4  0 -5 -3 -2   52   0   0   0   0   1   0   6   0   0   1   0   1   0   0  33   3   0   0   2  0.87 0.40
  128 D    0 -1  3  2 -3  0  3  0 -2 -2 -2  1 -3 -4 -2  1  1 -4 -2 -2   10   2  16   9   0   3  21   5   0   2   2   9   0   0   0   9   9   0   1   2  0.29 0.17
  129 T   -1 -1  3  1 -4  4 -1 -2  0 -2 -4 -1 -3 -4 -3  1  4 -5 -4 -2    4   3  13   7   0  22   1   1   2   2   0   2   0   0   0   9  33   0   0   1  0.57 0.31
  130 T   -1  0 -3 -4 -4 -4 -4 -5 -5 -3 -4 -3 -4 -5 -4 -1  7 -6 -5 -3    5   5   0   0   0   0   0   0   0   1   0   0   0   0   0   1  88   0   0   0  1.82 0.64
  131 T   -1 -2  2  2 -4  3  3 -3 -2 -4 -4  0 -3 -4 -3  2  2 -4 -3 -3    2   0   8   9   0  16  25   0   0   0   0   3   0   0   0  17  18   0   0   0  0.55 0.27
  132 F   -5 -6  0 -6 -6 -6 -6 -6 -4 -3 -3 -6 -2  9 -7 -5 -5  0  3 -4    0   0   5   0   0   0   0   0   0   0   0   0   1  84   0   0   0   1   9   0  2.28 0.65
  133 G   -1 -4  7 -1 -5 -3 -3  3 -3 -6 -6 -3 -5 -6 -5 -2 -3 -6 -5 -6    5   0  68   1   0   0   0  25   0   0   0   0   0   0   0   1   0   0   0   0  1.66 0.56
  134 G   -2 -3  0  1 -5 -2 -1  6 -4 -5 -5 -2 -4 -5 -4  0  1 -5 -5 -5    0   1   3   7   0   2   3  65   0   0   0   2   0   0   0   6  10   0   0   0  1.11 0.39
  135 R   -2  2  0 -2 -3  3  0 -3 -2  1 -1  3  1 -3 -3 -1  1 -4 -2  1    1   9   4   1   0  14   3   0   0   9   3  28   5   0   0   3   8   0   0  10  0.31 0.20
  136 K   -2  1  4 -1 -4  0 -1 -3 -2 -3 -3  5 -3 -4 -1 -1 -1 -4  0 -4    2   4  20   2   0   4   0   1   0   1   3  50   0   0   2   4   2   0   4   0  0.74 0.33
  137 L   -4 -5 -6 -6 -4 -5 -5 -6 -5  1  5 -5  2 -3 -1 -5 -2 -5 -4  3    0   0   0   0   0   0   0   0   0   5  60   0   3   0   3   0   2   0   0  24  1.12 0.52
  138 L   -5 -5 -6 -6 -4 -5 -6 -6 -6  0  6 -5  1  2 -6 -5 -4 -5 -4 -1    0   0   0   0   0   0   0   0   0   3  83   0   2   7   0   0   0   0   0   3  1.58 0.65
  139 D   -1 -2  5  5 -4 -1 -1 -2 -3 -4 -5  0 -4 -5 -3  1  0  0 -4 -4    4   1  27  33   0   1   2   2   0   0   1   6   0   0   0  13   5   1   0   1  0.81 0.40
  140 G    0 -2  0 -4 -5 -1 -2  6 -4 -6 -6  0 -5 -6 -2 -1 -1 -5 -5 -5    8   2   4   0   0   3   3  66   0   0   0   5   0   0   2   3   4   0   0   0  1.25 0.63
  141 S   -1  0  1  3 -4  0  0  0 -1 -3 -3  1 -3 -5 -2  3  2 -5 -4 -3    3   5   7  16   0   3   4   6   1   1   2   7   0   0   1  29  15   0   0   1  0.44 0.37
  142 F    0 -1  1  1 -3 -1 -1 -1 -1 -1  0  0  0  3 -1  0  0 -2  2 -1    9   3   7   9   0   3   3   4   1   2   9   6   3  19   2   6   6   0   6   2  0.11 0.14
  143 G    0 -1  2 -1 -3  1  1  3 -2 -2 -3  1 -2 -2 -3  1  1 -4 -2 -2    7   2  10   2   0   6   8  27   0   2   2  10   1   2   0   9   9   0   1   2  0.32 0.25
  144 T   -1 -1  1  0 -3  0  0  2 -1 -2 -3  1 -3 -4 -2  2  3 -4 -2 -1    4   1   6   5   0   4   5  15   1   2   1   9   0   0   2  16  23   0   1   3  0.30 0.27
  145 T    0 -1 -1 -1 -2  0 -1  0 -2  1  1  1  2  1 -2  0  0 -3 -1  0   10   2   2   3   0   4   2   8   0   7  16  10  10   6   1   6   5   0   1   7  0.06 0.12
  146 S    0  0  1  0 -3 -1 -1 -1 -1 -3 -2  1 -2 -2 -2  2  3 -1 -3  0    8   4   8   5   0   1   3   3   1   0   3  11   0   2   1  20  20   1   0   8  0.26 0.26
  147 F   -2 -4 -3 -3 -4 -4 -3 -4 -1  4  0 -3  1  6 -3 -2 -2  0  1 -1    4   0   1   2   0   0   1   1   1  25   6   1   3  40   2   3   2   1   3   3  0.84 0.46
  148 Q    0 -1  0 -1 -4  7 -1 -3  2 -2 -3  0 -3 -2 -4 -1 -1 -4 -1 -3    9   2   3   2   0  53   2   2   5   3   3   3   0   2   0   4   3   0   2   2  0.95 0.58
  149 V    0 -4 -2 -1 -3 -2 -3 -3 -4  3 -1 -3 -1 -3 -1 -1  1 -4 -1  4    9   0   1   4   0   2   1   2   0  22   2   1   1   0   3   3  10   0   2  36  0.48 0.35
  150 G   -1 -3 -1  0 -2 -3 -2  6 -4 -4 -3 -1 -4 -1 -2 -1 -2 -4 -2 -1    4   1   3   6   1   0   2  58   0   0   3   3   0   3   2   4   2   0   1   6  0.87 0.47
  151 S    4  0  0  0 -3 -1 -1 -1 -3 -1 -2 -2  0 -3  0  1  0 -4  0 -1   44   5   5   4   0   2   3   3   0   2   3   0   3   0   3  11   4   0   3   3  0.35 0.33
  152 N   -1  0  4  2 -3  0  0  0  0 -1 -3  1 -3 -1 -3  1  1 -4 -1 -2    4   4  25  13   0   4   3   6   2   3   1   9   0   3   0   8   8   0   2   3  0.28 0.25
  153 A    1 -1  0  2 -2  0  0 -1  0 -1 -1  0  0 -1 -2  2  1 -3 -2 -1   15   2   3  15   0   3   3   4   3   2   5   5   2   2   0  19  11   0   0   5  0.17 0.19
  154 Y    0 -2  3  1 -4 -1 -1  4 -3 -3 -3  0 -3 -4 -1  1 -1 -4 -2 -1    5   1  17   8   0   2   2  33   0   1   2   7   0   0   3   9   3   0   1   6  0.42 0.31
  155 E    1 -1 -1  0 -4  4  3  0 -2 -2 -3  1 -1 -3 -2  0  1 -4 -2 -2   10   1   2   5   0  23  22   6   0   2   1   6   1   1   1   5   9   0   1   3  0.39 0.34
  156 T    1 -1  2  0 -3  2 -1  0 -2 -1 -2  0 -1 -3 -2  0  3 -4 -2  0   15   3  10   3   0  11   2   5   0   3   4   5   1   0   2   5  24   0   1   6  0.22 0.24
  157 I   -1 -3 -1 -1 -3 -2 -1 -1 -3  4  1 -1  1 -1 -3 -2  0 -4 -1  2    6   0   3   3   0   1   4   4   0  34  12   4   3   1   0   1   7   0   1  14  0.32 0.27
  158 D    0 -1  2  1 -3  1  0  2 -2 -2 -2  0  0 -2  0  1  1 -3 -1 -2    8   2  10  10   0   8   3  16   0   2   2   6   4   1   3  13   9   0   2   2  0.19 0.19
  159 I   -1 -3 -2 -2 -3 -1 -2 -2 -3  4  2 -3  1  1 -3 -1  0 -3 -2  2    5   1   1   2   0   3   1   3   0  28  17   0   3   6   0   3   7   0   1  17  0.33 0.26
  160 S    1 -2  2  2 -3  0  0  0  0 -3 -3  0 -1 -2 -3  2  2 -4 -2 -2   10   1   9  13   0   3   4   7   2   0   1   7   1   2   0  17  18   0   1   2  0.28 0.26
  161 L   -1 -3  0 -2 -3 -2 -2 -2 -3  3  3 -2  2  0 -2 -1  0 -3 -2  1    5   0   6   2   0   1   3   3   0  19  33   1   6   3   1   4   5   0   1   6  0.29 0.25
  162 Q   -1  0  1  1 -3  1  0  0  0 -1 -2  1  0 -1 -1  0  0  4  0 -1    5   4   6   8   0   8   6   8   3   3   3  10   3   3   3   9   5   6   3   4  0.12 0.13
  163 N   -1  0  3  3 -4  1  0 -1 -3 -1 -2  1 -3 -4 -4  1  0  4  0 -1    6   4  16  15   0   5   4   6   0   4   4   9   0   0   0  10   5   6   3   4  0.29 0.26
  164 A    1 -3 -1 -2 -3 -1 -2  0 -1  2 -1 -2  5 -1 -2  1  1  2 -1  1   12   0   3   2   0   2   2   6   1  10   4   2  16   3   1  12   7   3   2  11  0.24 0.26
  165 S    0  2  2  2 -1  0 -1  0 -2 -2 -2  0 -1 -2 -1  2  1 -4 -1 -2    6  11  10  15   2   4   2   6   0   2   3   6   1   1   3  14   9   0   2   2  0.21 0.22
  166 A    2 -2  0  0 -3 -1 -2  1 -1 -1 -2 -1 -3 -1 -1  3  1 -4 -1 -1   20   2   4   5   0   2   2  10   2   4   4   3   0   3   2  23   9   0   2   5  0.23 0.26
  167 S    1 -1  0  3 -4  0  0 -1  1 -2 -3  1 -2  0 -2  1  2  2 -1 -2   11   2   4  17   0   3   6   5   3   2   2   9   1   5   1  10  12   3   1   2  0.21 0.22
  168 A    2 -2  2  0 -3 -1  0  0 -3 -2 -2  0 -1 -4 -2  2  2  1 -2 -1   16   2  12   5   0   1   5   7   0   2   3   7   2   0   1  15  13   2   1   4  0.24 0.25
  169 I   -1 -3 -2 -2 -2 -2 -2 -1 -4  2  4 -1  1  0 -1 -1  0  0 -2  1    4   1   2   2   1   1   2   6   0   9  39   4   3   3   4   4   5   1   1   8  0.32 0.26
  170 G    0 -3  0 -1 -5 -3 -1  6 -3 -2 -2 -1 -2 -2 -5  0 -1 -5 -3 -4    8   2   4   3   0   1   4  52   1   2   5   4   1   2   0   6   3   0   1   1  0.83 0.51
  171 S    0 -2  0 -1 -3 -1 -1  1 -2  0  1  0  1 -1 -3  1  1 -3 -2  0    8   1   4   3   0   3   3  13   1   6  15   8   4   3   1   9  12   0   1   6  0.10 0.14
  172 Y    1 -1  1  2 -3  0 -1  1 -1 -1 -1  0 -1  1 -2  1  1 -2  0 -1   11   2   7  12   0   4   2  10   1   3   5   5   1   7   2  12  10   1   4   4  0.11 0.15
  173 Q   -1 -1  0  1 -4  1 -1  2 -1 -2 -2  1 -2  0 -2  1  2 -3  2 -1    5   3   5   9   0   6   4  16   1   1   3   7   1   3   1  10  12   0   9   4  0.18 0.21
  174 V    0 -2 -2 -2 -2 -1 -2 -1 -3  1  1 -1  1  3 -1 -1  1 -3  1  2    7   1   2   2   1   3   2   4   0   8  14   3   3  15   2   4   9   0   4  15  0.18 0.19
  175 G    2 -2  2  0 -4  0 -1  2 -2 -2 -2  0 -2 -2 -3  2  1 -2 -1 -1   20   1   9   6   0   3   3  14   1   2   3   4   1   2   0  16   8   1   2   5  0.23 0.24
  176 S    2 -2 -2 -1 -3 -1 -1  1 -3  1 -1 -1 -2 -2 -2  0  1 -2  0  2   17   1   2   4   0   3   5  11   0   9   5   2   0   2   2   8  11   1   4  15  0.15 0.20
  177 N    0 -2  3  1 -4  0  0  2 -3 -2 -2 -1 -2 -3 -1  1  2 -4 -3  0    9   2  14   8   0   5   5  14   0   2   3   3   1   1   2  11  12   0   1   6  0.22 0.23
  178 G    1 -2 -1 -1 -4  1 -1  3 -4 -2 -2  0  0 -3 -2  1  1 -4 -2 -1   14   2   3   3   0   5   3  26   0   2   3   6   2   1   2  11  11   0   1   5  0.31 0.28
  179 A    1 -1  0  0 -2  1 -1  0 -1 -1 -1  1 -1 -2 -1  1  1 -2 -1  0   15   3   5   4   1   6   3   9   1   4   6  10   1   1   3   8  12   1   1   6  0.09 0.12
  180 G    2 -1 -1  2 -3 -1 -1  2 -2 -1 -2 -1 -2 -1 -2  1  1 -1  0  0   17   2   3  13   0   3   4  15   1   3   4   4   1   3   1   9   7   1   3   6  0.15 0.18
  181 T    1 -3  0  1 -4 -1 -1  1 -3 -2 -1  1 -2 -2 -2  1  3 -4 -2  0   11   0   5   7   0   2   3   9   0   2   6  10   1   2   2  11  20   0   1   7  0.21 0.25
  182 V    0 -1  1  2 -2 -1 -1  0 -1  0  0  0 -1 -1 -1  0  1 -4 -2  1    8   2   6  11   1   2   3   8   1   5   9   7   2   2   2   8  12   0   1  12  0.08 0.12
  183 A    1 -2  0  1 -4 -1 -1  1 -2 -1 -1  1 -2 -3 -1  1  1  5 -1 -1   13   1   4   8   0   2   3  10   1   3   6   9   1   1   3  11  10   9   2   5  0.20 0.22
  184 S    2 -1  1  1 -3  0  0  2 -2 -1 -2  0 -1 -3 -2  1  2 -1 -3  0   16   2   6   8   0   4   4  14   1   3   3   5   1   1   2   9  14   1   1   6  0.18 0.21
  185 V    1 -3 -1  1 -3 -1 -1  0 -2  1 -1 -1 -1 -1 -2 -1  1  4 -1  2   12   1   3   8   0   2   3   7   1   8   6   4   1   2   1   4  11   5   2  19  0.17 0.20
  186 A    3 -2 -1  0 -3 -1 -1  1 -2 -1 -1  0 -2 -2 -1  1  2  2 -2  0   23   2   2   6   0   2   4   9   1   4   5   5   1   1   3  10  13   3   1   6  0.19 0.22
  187 G    1  0  0  0 -2  0  0  0 -1  0  0  0 -1  0 -1  0  1 -1 -1  1   10   4   4   7   0   4   4   9   1   6   7   5   1   4   3   5  11   1   1  14  0.04 0.08
  188 T    1 -2  0  1 -4  0 -1  1 -3  0 -2 -1 -2 -1  0  0  4  0 -1  0   11   1   4   8   0   3   3   9   0   4   4   4   1   2   4   7  25   1   2   5  0.21 0.25
  189 A    2 -2  1  1 -3 -1 -1  0 -2 -1 -1  0 -2  0 -1  1  2  0 -2  0   20   2   6   9   0   3   3   6   1   3   4   6   1   4   2   9  12   1   1   8  0.13 0.18
  190 T    1 -2  1  2 -4 -1 -1  1 -1 -1 -2  0 -2 -2 -2  1  3 -3 -2 -1   11   2   7  10   0   2   4  10   1   3   3   6   1   1   2   9  21   0   1   5  0.21 0.24
  191 A    3 -2  0  1 -3  0 -1  0 -2 -1 -2  0 -2 -1 -1  1  2 -2 -1  0   24   1   4   7   0   4   3   7   1   3   3   6   1   2   3  11  12   1   2   6  0.20 0.24
  192 S    1 -2  2  0 -3  0 -1  1 -2 -1  0  0 -1 -1 -1  1  2 -2 -1  0   12   2  10   6   0   3   4  10   1   3  10   5   1   2   2   9  13   0   1   5  0.10 0.14
  193 G    1 -2  0  3 -4 -1  0  2 -2 -2 -2  0 -1 -2 -3  0  2 -1 -1 -1   15   1   4  16   0   2   5  17   1   2   5   5   2   2   1   5  12   1   2   3  0.24 0.24
  194 I    1 -2 -1  0 -3 -2 -1 -1 -3  1  1 -1  0  0 -2  0  2 -1 -1  1   12   2   3   7   0   1   4   6   0  10  18   4   1   4   1   4  13   1   1   8  0.10 0.15
  195 A    2 -2  0  1 -4 -1 -1  0 -3 -1 -2  1 -2 -3 -2  1  2 -4 -2  0   18   2   5   8   0   2   3   7   0   3   4   9   1   1   1  11  16   0   1   7  0.22 0.25
  196 S    1 -2  0  1 -3  0 -1  0 -2  1  0  0  1  1 -2  0  1 -1 -1  0   11   1   5   8   0   3   3   7   1  11   7   4   4   6   1   6  10   1   2   7  0.05 0.10
  197 G    1 -2  0  1 -3 -1  0  2 -2 -1 -1  0 -2 -1 -2  1  2 -4 -2 -1   11   1   4   7   0   2   8  17   1   4   5   5   1   3   2  10  14   0   1   5  0.16 0.19
  198 T    0 -1  1  1 -2  0  0  0  0  0 -1  0  0  0 -1  0  1 -2  1  0    9   2   6   9   0   4   5   6   2   4   6   5   2   5   3   8   9   0   6   8  0.04 0.07
  199 V    0 -1  0  0 -3  0 -1 -1  0  0 -1  0  0  0  0  0  2  1  0  1   10   3   4   5   0   4   2   5   2   7   5   5   3   3   3   7  18   2   3   9  0.07 0.13
  200 N    0 -1  2  3 -3  0  0 -1  0 -1 -1  0  0 -1 -1  0  2 -4  0  0    6   3  11  17   0   5   3   5   2   3   4   7   2   2   3   5  13   0   3   6  0.15 0.18
  201 L    1 -1  0  0 -3  0 -1 -1  0  1  0  1 -1  0 -1  1  1 -3  0  1   12   2   5   5   0   3   3   4   2   8   7   9   1   5   3   9   9   0   3  10  0.04 0.08
  202 V    1 -1  1  1 -1  0  0  0 -1  0 -1 -1  0  0 -1  1  2  0  0  0   10   2   6   7   1   4   4   8   1   6   4   4   2   5   2   8  13   1   3   7  0.05 0.09
  203 G    1 -2  0  0  0 -1 -1  4 -4  0 -2  0 -1 -2 -2  0  0 -1 -2  0   11   2   4   5   2   3   3  29   0   5   3   5   1   2   2   7   6   1   2   8  0.26 0.23
  204 G    1 -2  1  1 -3  1  1  2 -1 -1 -2  0 -1 -2 -2  1  1 -4 -1 -1   10   1   5   9   0   6  10  15   1   4   2   4   1   2   2   9  10   0   3   5  0.15 0.18
  205 G    2 -2  0  1 -3  1  0  2 -2 -1 -2  0 -2 -2 -1  0  1 -1 -2 -1   18   1   3  10   0   5   6  14   1   4   3   4   1   2   2   7  10   1   1   5  0.16 0.19
  206 Q    0  0  0  1 -2  1  1  0  0 -1 -1  1  0 -1  0  0  0 -3  0  0    9   4   5   8   0   7   7   6   3   4   6   8   3   3   3   6   8   0   3   6  0.05 0.06
  207 V    0  0  1  0 -3  0  0 -1 -2  0 -1  0  0  0  0  1  2 -3  0  0    9   3   6   6   0   5   7   5   0   5   6   5   3   3   4   8  15   0   3   6  0.07 0.11
  208 K    0 -1  0  1 -2  0  0  0  0  1  0  0  0  0 -1  0  0 -3  0  1    7   2   5   9   0   3   5   8   2  12   8   7   2   3   3   4   7   0   4   9  0.02 0.06
  209 N    0 -1  2  2 -3  0  0  0  0 -2 -2  0 -1 -1  0  1  2 -4 -1 -1    9   2  11  13   0   4   4   7   2   2   4   5   2   3   3  10  14   0   2   3  0.14 0.17
  210 I    0 -2 -1 -1 -3 -1 -2 -1 -3  3  0  0  0  0 -1  0  1 -3 -1  2    8   1   3   4   0   2   2   4   0  23   7   5   2   4   2   6   8   0   2  16  0.17 0.20
  211 A    0  0  0  0 -2  1  0  0  1  0 -1  0  1  0  1  0  0 -2  1  0    6   6   5   6   0   5   6   6   5   6   6   6   5   5   6   6   6   0   5   6  0.03 0.06
  212 I    1 -2 -1  0 -3 -1 -1 -1 -2  1  0 -1  0  0 -2  0  1 -1 -1  1   16   2   2   7   0   2   2   5   1  11   9   4   2   4   1   7  10   1   1  13  0.09 0.14
  213 A    2 -1  0  0 -3 -1  0  0 -3 -1 -2  3 -3 -1 -2  1  1 -4 -1  0   17   1   4   6   0   2   5   8   0   3   4  18   0   3   1  10  11   0   2   6  0.18 0.23
  214 A    1 -1  0  1 -3  0  0  0 -2  0 -1  0 -1 -1 -1  0  1  1  0  0   14   1   5  11   0   4   5   7   0   4   7   5   2   2   2   7   8   2   3   8  0.06 0.11
  215 G    0 -1  0  1 -3  0  0  2 -1 -1 -1  0 -1 -1 -1  0  0  0 -1  0   10   2   5   8   0   4   5  18   2   4   5   7   2   2   2   7   8   1   2   8  0.09 0.11
  216 D    1 -2  0  4 -4 -1  0  0 -1 -2 -2  1 -1 -2 -2  1  1 -4 -2 -1   12   1   5  24   0   2   4   7   1   2   3  10   1   2   1   8   9   0   1   5  0.27 0.26
  217 S    1 -1  1  3 -3  0  0  0 -1 -2 -2  0 -1 -1 -1  1  1 -4 -1 -1   11   3   7  16   0   3   6   7   1   2   4   6   1   3   2  11  10   0   3   4  0.14 0.16
  218 A    2 -2 -1 -1 -3 -1 -1  1 -1  1  0 -1  0  0 -1  0  1 -3  0  0   19   1   3   4   0   3   2  11   2  11   6   4   2   5   2   6   8   0   4   8  0.08 0.13
  219 K    0 -1  0  1 -3  0  1  0 -1 -1 -1  1  0 -1 -1  0  1  0  0  0    9   2   5   8   0   4  11   8   1   4   5  10   2   3   2   5  10   1   3   6  0.07 0.10
  220 A    2 -1  0  1 -3  0  1  0 -2 -1 -2  0 -2 -1 -2  1  1 -1  0  0   20   3   5   7   0   4   9   7   0   2   4   7   1   2   2   8  11   1   3   6  0.13 0.17
  221 I    1 -2 -1  0 -3  0 -1  0 -2  1  0 -1  0 -1 -2  0  1 -3  0  2   12   1   2   5   0   4   4   6   1   9  10   4   1   2   1   7  10   0   4  18  0.08 0.13
  222 A    2 -1  0  0 -2  0 -1  0 -1  0 -1  0 -1 -1 -1  0  1 -1  0  0   18   2   4   6   0   5   2   8   1   7   6   7   1   3   3   7   9   1   3   7  0.06 0.10
  223 E    1 -2  1  2 -3  0  0  0 -1 -2 -2  0 -2 -1 -2  1  3 -1 -1 -1   11   1   7  11   0   4   5   6   1   2   3   7   1   2   1  10  20   1   2   5  0.20 0.24
  224 K    1  0  0  0 -2  0  0  0 -1 -2 -1  1 -2  0 -1  1  1 -3  2 -1   13   5   5   5   1   5   6   8   1   2   4  10   1   3   2   8   8   0   8   5  0.09 0.13
  225 M    1 -2 -1 -1 -3 -1 -2 -1 -2  2  1 -1  0  1 -2 -1  1 -2 -1  2   11   1   3   4   0   2   2   5   1  13  13   4   2   8   1   3   9   1   2  15  0.11 0.15
  226 D    0 -1  4  4 -5  0 -1  1 -2 -3 -3  0 -2 -3 -3  0  1 -5 -2 -2    9   3  19  20   0   3   4  11   1   2   2   5   1   1   1   6  10   0   1   2  0.43 0.35
  227 G    2 -1  0  0 -4 -1 -2  3 -1 -2 -2  0 -2 -2 -2  1  0 -5 -1 -1   18   3   4   5   0   3   2  25   2   2   4   5   1   2   2  11   5   0   2   5  0.30 0.27
  228 A    2 -2  1  0 -4  3 -1  0 -1 -1 -1  0  0 -2 -2  1  1 -4 -1 -1   18   1   6   4   0  12   3   7   1   4   5   7   2   2   1  10   9   0   2   5  0.17 0.22
  229 I    1 -1  0  0 -1  0 -1 -1 -2  1  1  0 -1 -1 -2  0  1 -1  0  0   10   2   4   6   1   4   2   5   1  12  13   5   1   3   2   8  12   1   3   7  0.06 0.10
  230 P    1 -1  1  2 -3  0  0  0 -1 -1 -2  0 -1 -2 -1  0  1 -4  0  0   12   3   7  13   0   3   6   7   1   4   3   6   1   2   3   8  10   0   3   7  0.11 0.14
  231 N    1  0  1  1 -3  0  0  1 -2  0 -1  1  0  0 -2  0  1 -3 -1  0   10   5   7   8   0   3   4   9   0   5   6   8   2   4   2   8  10   0   2   6  0.06 0.09
  232 L    1 -2  0  0 -3 -1 -1 -1 -1  1  1  0  1  0 -2  0  0 -1  0  2   11   1   4   5   0   2   3   4   1   8  12   8   3   4   1   6   7   1   3  16  0.07 0.11
  233 S    0 -1  1  2 -3  0  0  0 -2 -1 -2  1 -1 -1 -1  1  1 -1 -1 -1    9   2   7  12   0   4   5   8   1   4   4   9   1   2   3  10  12   1   2   5  0.11 0.14
  234 A    3 -2  0  1 -4 -1  0  0 -1 -1 -1 -1 -1 -1 -2  0  1 -1 -2  1   28   1   5   9   0   3   5   5   1   4   5   4   1   3   2   6   7   1   1   8  0.20 0.23
  235 R   -1  0  0  0  2  0  0 -1  2  0 -1  0  2  1  0 -1  0  4  1 -1    5   5   5   5   5   5   5   5   5   5   5   5   5   5   5   5   5   5   5   5  0.09 0.08
  236 A    1 -1  1  1 -3  0 -1  1  0 -1 -1  0  0 -1 -1  0  1  1  0  0   15   2   6  10   0   3   3   9   2   4   7   5   2   3   2   6   8   2   3   8  0.06 0.10
  237 R    0  0  2  1 -3  0  0  1  0 -1 -2  0  0 -1 -1  1  1 -4  0 -1    9   5   9   7   0   3   5  10   3   4   3   6   3   3   2  10  11   0   3   4  0.10 0.12
  238 T    1 -1  2  0 -3  0  1  0 -1 -1 -2  0  0 -1 -1  0  1  0  0 -1   11   3  11   6   0   5   9   8   1   4   3   6   2   2   2   6  11   1   4   5  0.09 0.13
  239 V    1 -1  0  1 -3  0  0 -1 -2  0  0  0 -1  0 -2 -1  1  0  1  1   14   2   4   7   0   3   4   5   1   4  10   6   1   5   1   4  11   1   5  10  0.06 0.11
  240 F    1 -2  1 -1 -1  0 -1  1 -1  0  0 -1  0  1 -2  0  1  0  0  0   11   2   7   3   1   5   4  12   2   6   8   3   2   5   2   7   8   1   4   6  0.07 0.07
  241 T    1 -1  0  1  0  0 -1 -1 -1 -1  0  1  0  0 -2  0  2  0  0 -1   11   3   5   8   2   4   4   5   2   3   9   9   3   4   2   7  12   1   3   5  0.08 0.09
  242 A    2 -1  0  0 -5 -1 -1  1 -1  0 -1 -1  0  0 -2  0  1  1  0  1   18   4   5   5   0   3   4  10   2   5   6   4   3   4   2   5   7   2   3   8  0.09 0.09
  243 D    0  0  0  0 -2  1  0  0 -1  0  0  0  1  0  1  0  0 -2  1  0    6   6   6   6   0   6   6   6   0   6   6   6   6   6   6   6   6   0   6   6  0.03 0.06
  244 V    1 -1  1  0 -3 -1  0  1 -2  0  0 -1  0  0 -1  1  1 -2 -1  0   12   3   6   5   0   2   5  10   0   6   7   4   2   5   1  13   8   0   2   9  0.06 0.10
  245 S    1 -1  2  1 -3  0 -1  0 -1  0 -1  1 -1  0 -2  1  1 -3 -1 -1   10   3  11   7   0   3   3   6   1   5   7  12   1   5   1  10   9   0   2   5  0.09 0.14
  246 G    2 -1  0  1 -3 -1 -1  2 -2 -1  0  0 -1 -2 -2  0  1 -1 -2  0   17   2   5   8   0   1   3  17   1   4   8   7   1   1   1   7   9   1   1   5  0.14 0.17
  247 V    1 -1  0 -1 -3  1 -1  0 -2  0  0  0  0 -1 -2  0  1 -3 -2  1   16   2   5   3   0   6   3   8   0   6  10   6   2   2   1   7  11   0   1   9  0.08 0.13
  248 T    1 -2  1  1 -3 -1 -1  0 -2 -1 -1  0 -1 -2 -2  1  3 -3 -2  0   14   1   7   7   0   3   3   7   0   4   6   7   1   1   1   9  21   0   1   6  0.20 0.24
  249 G    2 -2  1  1 -3  1 -1  2 -2 -1 -1  0 -1 -1 -2  0  1 -3 -2 -1   20   1   6   8   0   6   3  14   0   3   5   7   1   2   1   7   9   0   2   5  0.16 0.20
  250 G    1  0  1  0 -3  0  1  0 -1  0  0  1 -1 -1 -2  1  1 -3  0  0   10   4   7   5   0   3   9   8   0   6   7   8   1   3   1   9   8   0   4   8  0.05 0.08
  251 S    1 -1  0  0 -3  0  0  0 -2 -1 -1  0  1  1 -1  0  2 -3 -1  0   14   2   5   6   0   4   6   8   0   4   4   6   4   6   2   8  13   0   2   8  0.08 0.13
  252 L    1 -1  0  0 -3 -1 -1  1 -2  0  0  0 -1 -1 -2  0  1 -2 -1  1   17   4   5   5   0   2   3  11   1   6   9   6   1   3   1   6   9   0   2  10  0.06 0.12
  253 N    1 -2  1  1 -3  0  0  0 -2 -1 -1  0 -1 -1 -2  1  1 -3 -1  0   13   1   8   7   0   4   6   8   0   5   6   7   1   2   1  12  11   0   2   5  0.11 0.15
  254 F    1 -1 -1  1 -2 -1  0  0 -2  0  0  0  0  1 -2  0  0  0  1  0   11   3   2   8   0   2   5   9   0   5  10   5   2   9   1   7   7   1   4   6  0.04 0.08
  255 D    1 -2  1  2 -3  0  1  1 -2 -1 -2  0 -2 -1 -2  1  1 -2 -2  0   11   1   7  15   0   4   8  10   1   3   2   6   1   2   1  10  10   1   1   7  0.18 0.20
  256 V    1 -2  0  0 -1 -1 -1  0 -1  1  0  0  0  0 -2  0  1 -3 -1  1   16   1   4   6   1   2   4   8   1   8   9   5   1   6   1   6   7   0   1  12  0.06 0.11
  257 T    1 -1  1  1 -3  1 -1  1 -3 -1 -1  1 -2  0 -2  1  2 -4 -2 -1   12   2   6   9   0   7   2  12   0   3   4   7   1   4   1   8  17   0   1   4  0.18 0.22
  258 V    1 -1  1  0 -2  0 -1  1 -1  1 -1  0  1  0 -1  1  0 -1 -1  0   14   2   7   5   0   4   3  10   1   9   5   6   4   4   2  10   6   1   2   6  0.05 0.09
  259 G    1 -1  1  1 -3 -1  0  2 -1 -2 -1 -1 -1 -1 -2  1  1 -4 -1 -1   13   4   6   8   0   2   6  19   1   2   5   4   1   2   1   8   9   0   2   5  0.15 0.17
  260 S    1 -1  1  0 -3  0  0  1 -1  0 -1  0 -1 -1 -2  1  1 -3 -2 -1   15   2   6   6   0   4   5  11   1   5   6   8   2   3   1  10   9   0   1   4  0.09 0.12
  261 N    1  0  1  2 -3  0  0  1 -2 -1  0 -1 -1 -1 -2  0  1 -3 -1 -1   15   4   6  11   0   3   5  11   1   3   8   3   2   2   1   7  11   0   2   4  0.10 0.14
  262 T    1 -1  0  0 -1  0  0  0 -1  0 -1  0  0 -1 -2  1  2 -4 -2  0   15   2   5   4   1   4   6   6   1   4   6   6   2   2   1  11  17   0   1   5  0.12 0.17
  263 V    1 -1  0  0 -3 -1 -1  1 -2  1  0 -1  0  0 -2  0  1 -3 -1  1   12   4   5   6   0   1   3  14   1   9   8   3   1   4   2   5  10   0   2  10  0.06 0.11
  264 S    1 -1  1  1 -3  0  1  0 -2 -1 -1  0  0 -1 -1  1  2 -4 -2  0   11   2   6   9   0   3  10   7   1   3   4   6   2   3   3   9  13   0   1   6  0.11 0.15
  265 L    2 -1  0  0 -2  0  0  0 -1  0  1  0  0  0 -1  0  0 -3  0  0   19   2   4   4   0   4   4   7   1   6  15   6   2   4   1   6   7   0   3   5  0.05 0.10
  266 A    2 -1  1  0 -2 -1  0  1 -1  0 -1  0  0 -1 -1  1  1 -3 -1  0   19   2   6   4   0   3   5   9   1   5   5   5   2   2   3  10   8   0   2   9  0.08 0.12
  267 G    1 -1  0  1 -3  0 -1  2 -2 -1 -1  0  0 -1 -2  0  1  0 -1 -1   12   3   5   9   0   5   3  19   0   4   5   5   3   3   2   7   9   1   2   4  0.12 0.15
  268 V    1  0  0 -1 -2  0  0  0 -2  0 -1  0  1 -1 -1  0  1 -3 -1  1   16   4   5   3   0   4   4   8   0   5   6   5   4   3   3   5   9   0   2  13  0.05 0.11
  269 T    0  0  0  0  2  0  0 -1  1  0 -1  0  1  0  0  0  0 -2  1  0    5   5   5   5   5   5   5   5   5   5   5   5   5   5   5   5   5   0   5   5  0.03 0.05
  270 S    1 -1  0  0 -3  0  0  1 -1  0  0  0 -1 -1 -1  0  1 -1  0  0   15   3   5   6   0   4   4   9   1   5   8   5   1   3   2   6  12   1   3   8  0.05 0.09
  271 T    1 -2  1  0 -3  0 -1  0 -1 -1 -1  0  0 -2 -2  0  3 -4 -1  0   14   1   6   5   0   4   4   6   1   4   6   7   3   2   1   6  20   0   2   6  0.15 0.20
  272 Q    1 -1  1  1 -3  0  0  0 -1  0 -1  0 -1 -1  0  0  1 -1 -1  0   12   1   8   7   0   5   4   8   1   4   7   6   1   2   3   7  10   1   3   9  0.06 0.10
  273 D    1 -1  1  2 -3  0  0  0 -2  0 -1  0  0 -1  0  1  1 -4 -1  0   12   1   7  13   0   4   5   7   1   5   4   6   3   2   3   9  10   0   2   5  0.11 0.14
  274 L    1  0  0  0 -3  0  0  1 -1  0 -1  0 -1 -1 -2  0  2  0 -1  0   16   4   5   6   0   5   5   9   1   5   4   5   2   2   1   7  13   1   2   7  0.08 0.12
  275 A    2 -2  1 -1 -3  0 -1  0 -2  0 -1  0  2 -1 -2  1  1 -4 -1  1   20   1   6   4   0   4   3   6   1   6   5   5   5   3   2   8  10   0   2  10  0.11 0.17
  276 D    1 -2  1  4 -1  0  0  0 -2 -2 -2  0 -3 -3 -2  1  1 -2 -2 -1   11   2   8  25   1   4   4   7   1   1   5   4   0   1   2   9   8   1   2   5  0.28 0.27
  277 Q   -1  0  0  0 -3  0  0 -1  1  0 -1  0  1  0  0  0  0  3  1  0    5   5   5   5   0   5   5   5   5   5   5   5   5   5   5   5   5   5   5   5  0.06 0.08
  278 L    0 -1 -1  1 -3  0 -1  0  0  1  1 -1  1  0 -1  0  1 -3 -1  1    9   3   2   8   0   4   2   6   2  10  12   4   3   3   3   6  10   0   2  10  0.05 0.09
  279 N   -1  0  0  0  2  0  0 -1  2  0 -1  0  2  1  0 -1  0  4  1 -1    5   5   5   5   5   5   5   5   5   5   5   5   5   5   5   5   5   5   5   5  0.09 0.08
  280 S    1 -1 -1  0 -3  0 -1  2 -3  0 -1  0  1 -1 -1  1  1 -4 -2  0   11   2   2   6   0   4   3  15   0   6   6   4   4   2   2  12  10   0   1   7  0.11 0.16
  281 N    1 -1  2  0 -3  0  0  1 -3 -1 -1  0  0 -1 -1  0  1 -1 -2 -1   14   2  10   6   0   4   6  10   0   3   4   6   3   2   3   7  10   1   1   4  0.08 0.15
  282 S    1 -1  0  1 -3  0 -1  1 -3  0  0  0  0 -1 -1  0  0 -3 -1  0   13   3   4   9   0   4   3  10   0   7   9   4   3   2   2   8   7   0   2   6  0.04 0.11
  283 S    1 -1  0  1 -1  1  0  0 -1  0 -1  0 -1  0  0  0  0 -1  0  0   13   2   5   7   1   8   4   6   1   5   6   6   1   3   3   8   7   1   3   7  0.02 0.09
  284 K    0  0  0  1 -3  1  1  0 -3 -1 -2  1  0 -2 -2  1  1 -1 -2  0    9   6   5   8   0   6   7   6   0   3   3  11   2   1   2   8  10   1   1   8  0.08 0.16
  285 L    1 -1  0  0 -2 -1  0  0 -1  1  0  0  1  0 -2  0  1 -3  0  0   13   2   3   5   0   2   4   6   1   9   9   5   5   3   1   7   9   0   4   7  0.02 0.09
  286 G    1 -1  0  1 -3  0  0  2 -3 -1 -2  0 -1 -2 -1  1  1 -4 -2  0   13   3   4   9   0   3   5  14   0   4   3   4   1   2   3  12   8   0   1   7  0.09 0.16
  287 I    1 -1  0  0 -2  0 -1 -1 -1  1  0 -1  0 -1 -1  0  1 -3  0  1   14   3   4   6   0   4   3   5   1   8   9   3   3   2   2   5   9   0   3  13  0.03 0.11
  288 T    1 -2  1  1 -4  1  0 -1 -3 -1 -2  0 -1 -2 -2  1  2  0 -1  0   14   2   6   7   0   6   5   5   0   3   3   6   2   2   2  11  14   1   2   6  0.10 0.21
  289 A    2 -1  0  0 -3  0 -1  0  0  0 -1  0 -1 -1 -1  1  1 -4  0  0   18   3   4   6   0   4   3   6   2   5   5   5   2   2   2   9  10   0   3   7  0.05 0.14
  290 S    0 -1  1  0 -5  1  0 -1  0 -1 -2  0  1 -1 -1  2  1  2  0 -1    8   4   7   4   0   5   5   5   3   3   3   5   3   3   3  14   8   3   3   5  0.05 0.14
  291 I   -1  0  0  0  2  0  0 -1  2  0 -1  0  2  0  0 -1  0  3  1 -1    5   5   5   5   5   5   5   5   5   5   5   5   5   5   5   5   5   5   5   5  0.03 0.09
  292 N    1  0  2  1 -3  0  1  0 -1  0 -1  0 -1 -3 -2  0  1 -4 -1  0   12   4   9   8   0   4   8   8   1   6   6   4   1   1   1   8  10   0   1   6  0.08 0.14
  293 D    1 -2  0  3 -4  0  1  0 -3 -2 -2  1 -2 -2 -1  0  1 -4 -2 -1   15   1   4  18   0   3   7   7   0   2   4   8   1   1   3   8   8   0   1   5  0.18 0.24
  294 K    1 -1  2  2 -3  1  0  1 -1 -1 -2  1 -1 -1 -2  0  0 -4 -1 -1   12   3  12  11   0   6   3   9   1   5   3   8   1   3   2   7   6   0   1   5  0.10 0.16
  295 G    1  0  1  0 -4 -1 -1  3 -3 -2 -1  1 -2 -3 -1  0 -1  3 -3 -1   15   4   7   6   0   2   3  20   0   2   6  10   1   1   2   7   4   5   1   3  0.19 0.23
  296 V    1 -1  0  0 -3  0 -1  0 -2  0  0  0  0 -1 -2  0  2  0 -2  1   11   3   4   6   0   5   3   7   1   6  10   4   2   2   1   8  13   1   1   9  0.04 0.12
  297 L    1 -2  0  1 -3 -1 -1 -2 -2  1  1  0  0 -1 -2  0  1  0 -1  1   12   1   4   7   0   3   2   3   0  10  12   6   2   3   1   7   9   1   1  12  0.05 0.13
  298 T    0 -2  1  1 -4 -1  0  0 -1 -1 -2  0 -2 -1 -2  1  3  0 -1  0    8   1   7   9   0   3   4   6   1   3   4   7   0   2   1   9  23   1   2   6  0.16 0.25
  299 I    1 -1 -1  0 -3  0 -1  0 -2  2  0 -1  0 -1 -2  0  1 -1 -1  1   15   3   3   5   0   5   3   7   0  13  10   4   2   2   1   5   9   1   2   9  0.04 0.12
  300 T    1 -2  1  2 -3  1  0  0 -3 -1 -1  0 -1 -2 -2  0  2 -1 -2  0   12   1   8  12   0   6   4   7   0   4   4   7   1   2   2   6  13   1   1   7  0.11 0.19
  301 S    1 -2  1  2 -3  0  0 -1 -2  0 -1 -1 -1 -2 -2  2  1 -2 -2 -1   15   2   7  12   0   4   4   4   1   5   5   3   2   1   2  16  11   0   1   3  0.16 0.22
  302 A    1  0  0  0 -2  1  0  0  0 -1 -1  0 -1 -1 -1  1  1 -3  0  0   16   4   5   4   0   6   4   7   2   4   5   7   2   3   2  11   8   0   3   5  0.06 0.11
  303 T    1  0  1  0 -3  1  0  1 -2 -1 -1  0 -1 -1 -2  0  2 -3 -2  0   12   5   6   7   0   7   4   9   0   4   6   5   1   3   1   5  16   0   1   6  0.10 0.16
  304 G    1 -2  1  1 -3 -1 -1  2 -1  0 -1  0  0 -1 -2  0  0 -3 -2  0   12   1   9   8   0   3   3  17   1   6   7   5   2   2   1   8   6   0   1   7  0.11 0.15
  305 E    1  0  1  2 -3  2  1  0 -1 -1 -1  0 -1 -1 -2  0  0 -3 -2 -1   11   4   7  12   0  10   8   7   1   3   6   7   1   3   1   6   6   0   1   5  0.11 0.14
  306 N    0 -1  2  1 -3  1 -1 -1 -1  0  0  0  0 -1 -1  1  1 -3 -1  0   10   3  11   8   0   7   3   5   1   6   9   7   2   3   2  10   8   0   2   5  0.06 0.11
  307 V    1 -1  0  0 -2  1 -1  0 -1  1  0  0  0 -1 -2  0  1 -3 -1  1   11   2   5   5   0   6   2   9   1   9  11   5   3   2   1   5  11   0   1  10  0.05 0.10
  308 K    0  0  1  0 -3  0  1 -1 -1 -1 -1  2  0 -2 -2  1  1 -1 -2 -1    9   4   7   5   0   3   8   3   1   4   8  15   2   2   1  13  10   1   1   4  0.11 0.16
  309 F    0 -1  0  0 -2 -1  0 -1 -1  1  0 -1  0  2 -1  0  0  0  1  1    8   2   5   6   0   2   6   4   1   8  12   3   2  11   2   5   7   1   6  10  0.04 0.08
  310 G    0 -1  1  0 -3  1  0  2 -1 -1 -1  0 -1 -2 -2  1  1 -3 -1  0   10   2   8   6   0   6   5  14   1   4   4   6   1   2   1  10  10   0   2   6  0.10 0.14
  311 A    1 -1  1  1 -3  0 -1  0 -1  0  0 -1  0  0 -1  0  0 -3  0  0   14   3   9  10   0   4   3   7   1   5   8   2   2   4   2   8   6   0   3   8  0.06 0.10
  312 Q    0  0  1  2 -3  1  1  0 -2 -1 -1  1 -2 -2 -1  1  1 -1 -1 -1    9   5   8  11   0   7   8   6   0   4   5   8   0   2   2   9   8   1   3   4  0.11 0.14
  313 T    0  0  1  1 -2  0  0  0  0  0 -1  0  0  0  0  1  1 -2  0  0    9   3   9   7   0   3   5   6   3   6   6   5   3   5   3   9   8   0   4   5  0.03 0.05
  314 G    0 -1  1  0 -2  0  0  2  0  0 -1  0  0  0 -1  0  0 -3  0  0    9   3   6   5   0   4   5  16   3   7   5   5   3   4   3   6   8   0   4   5  0.05 0.07
  315 T    1 -1  2  2 -3  0  0  0  0 -1 -1  1 -1 -1 -2  1  2 -3 -1 -1   11   3   9  11   0   5   5   6   3   3   4   8   1   2   1   8  13   0   2   4  0.12 0.15
  316 A    2 -2  1  0 -3 -1  0  0 -1 -1 -1 -1 -1 -1 -1  1  1  0 -1  0   23   1   8   6   0   3   4   8   1   4   6   4   2   3   3   8   7   1   2   5  0.09 0.15
  317 T    0 -1  1  0 -3  1  0 -1 -2  0 -1  1 -1  0 -1  0  1 -1 -1  0    9   3   7   5   0   8   7   5   0   9   4   8   2   4   3   8  12   1   2   5  0.07 0.12
  318 A    1  0  1  1 -3  1  0  0 -1 -1  0  0  0  0 -1  1  1 -3 -1  0   16   4   6  10   0   6   6   5   1   4   8   4   2   4   1   9   8   0   2   5  0.07 0.11
  319 G    1 -1  2  1 -3  0  0  2 -1  0 -1  0 -1 -1 -2  0  0 -3 -1 -1   12   3  10   8   0   5   6  17   1   5   4   4   1   3   1   7   6   0   2   4  0.12 0.15
  320 Q    1  0  0  0 -3  1  0  1 -1 -1 -1  0  0 -1 -1  0  1 -3 -1 -1   12   4   4   5   0   9   6  13   2   4   7   5   2   3   2   7  10   0   2   4  0.08 0.11
  321 V    0 -1  0  1  0  0  0 -1  0  1  0  0  0  0 -1  0  0 -3  0  0   10   2   6   8   2   4   4   4   2  10  10   5   2   3   2   8   7   0   3   8  0.02 0.05
  322 A    1 -1  2  0 -3  1  0  0  0  0 -1  0  0 -1 -1  0  1  1 -1 -1   15   3   9   5   0   6   5   5   2   6   4   7   2   2   2   7  12   2   2   4  0.09 0.13
  323 V    1 -1  1  0 -2 -1 -1 -1  0  2  0 -1  0  0 -1  0  0  1  0  1   12   2   6   5   0   3   2   3   2  14   8   4   2   4   2   7   7   2   3  11  0.05 0.09
  324 K    1  0  1  1 -3  1  0 -1  0 -1 -1  1  0 -1 -1  1  1  1 -1 -1   11   6   8   7   0   7   4   4   2   3   4  11   2   2   2   9  11   2   2   5  0.09 0.13
  325 V    1 -1  0  1 -2  0  0 -1 -2  1  0  0  0  0  0  0  0  1  0  1   11   2   5   9   0   4   5   5   0  10   8   5   3   3   3   5   7   2   4  10  0.03 0.07
  326 Q    0  0  2  2 -4  1  0  1 -2 -1 -2  2  0 -1 -1  0  0 -2 -1 -1    7   3  10  11   0   5   6  10   0   4   3  15   2   3   2   6   7   0   2   4  0.13 0.16
  327 G    1 -1  1  1 -4  0 -1  3 -1 -1 -2  0 -2 -3 -1  0  0 -4 -3  0   15   3   9  10   0   3   4  21   2   3   3   5   1   1   2   7   6   0   1   7  0.20 0.20
  328 S    1 -1  1  1 -3  0  0  1 -2 -1 -1  0 -1  0 -2  1  1 -2  0 -1   13   2   6   8   0   3   5  11   0   4   5   7   2   6   1   8  10   0   3   5  0.07 0.11
  329 D    1 -1  1  4 -4  0  0 -1 -2  0 -3  0 -2 -2 -3  0  1 -5 -2  0   11   3   7  26   0   3   5   4   1   5   2   6   1   1   1   8   9   0   1   6  0.32 0.29
  330 G    1 -2  1  1 -1  0  0  3 -2 -1 -1 -1  1 -1 -2  0  0 -3 -1  0   11   1   6   8   1   4   5  22   1   4   6   4   4   3   1   6   5   0   3   6  0.13 0.15
  331 K    1  0  1  1 -3  0  1 -1 -1  0 -1  2 -1 -2 -1  1  1 -4 -2 -1   12   3   8   8   0   5   9   4   1   6   5  13   1   1   3   9   8   0   1   3  0.11 0.14
  332 F    0 -2  0  1 -3 -1  0 -1 -1  1  0 -1 -1  2 -3  0  1 -1  1  1    7   2   3   9   0   2   7   4   1   8  11   3   1   9   0   7   9   1   5  12  0.07 0.12
  333 E    0  0  1  2 -3  1  1  0 -2 -1 -1  0  0 -2 -2  0  1 -4 -2 -1   10   6   8  11   0   8   9   6   1   4   7   5   2   2   1   7  10   0   1   5  0.11 0.14
  334 A    2 -2  0  0 -3  0  0  0 -1  1  0  0  0 -1 -1  0  1 -3  0  0   18   1   4   6   0   3   5   7   1   9   6   5   3   2   2   6   8   0   4   8  0.06 0.11
  335 A    2 -1  0  0 -3 -1  0  0 -1  0 -1  0 -1  0 -1  1  1 -3  0  0   21   2   4   4   0   2   5   9   1   6   4   6   1   4   2  10  10   0   3   7  0.10 0.15
  336 A    1 -1  1  1 -2 -1 -1  0 -2  0 -1  0 -1  0 -1  0  2 -1  0  0   13   2   7  10   1   2   3   7   0   5   5   6   1   5   2   5  14   1   4   6  0.08 0.13
  337 K    1 -1  1  1 -2  0  0  0 -1  0 -1  1  0  0 -2  1  1  0  0 -1   14   1   7   9   1   4   4   7   1   5   5   8   2   3   1   9  10   1   4   3  0.08 0.12
  338 N    0 -1  3  2 -3 -1  0  0 -2  0 -2  0 -1 -1 -1  1  1 -4 -1 -1   10   3  16  12   0   2   4   7   0   7   3   5   1   3   3   9  10   0   2   3  0.17 0.20
  339 V    0 -1  1  0 -2  0 -1  0 -1  0  0 -1  0  0 -1  0  1 -3  0  0    9   2   9   4   0   5   4   6   1   7  13   3   2   4   2   6   9   0   4   8  0.03 0.08
  340 V    1 -1  0  0 -3  1 -1  0 -1  0  0  0  0  0 -1  0  1 -3  0  0   13   2   5   6   0   7   2   8   1   7   7   5   2   3   2   7  13   0   3   5  0.07 0.12
  341 A    1 -1  1  1 -3  2  0  0 -1 -1 -1  1 -1 -2 -1  0  1 -4 -2 -1   15   2   7   9   0  11   4   6   1   4   4  10   1   2   2   6  10   0   1   5  0.14 0.19
  342 A    1 -1  0  1 -3  0  1  0 -2  0 -1  0 -1 -1 -1  1  1 -1 -2  0   16   2   4   9   0   3   9   6   0   5   6   4   1   3   2  11  10   1   1   6  0.09 0.14
  343 G    1 -2  1  1 -1  0 -1  2 -1 -1 -1  0  0 -1 -2  0  0 -1 -1  0   10   1   6  11   1   4   3  21   1   3   6   5   2   2   1   5   7   1   2   6  0.13 0.15
  344 T    0 -1  1  0 -3  0  0  0 -2  0 -1  1 -1  0 -2  1  2 -3 -1  1    9   1   7   6   0   3   4   9   0   4   5   9   1   4   1   9  15   0   2  10  0.09 0.14
  345 A    1 -1  0  1 -3  1  0  1 -2 -1 -1  0 -1  0 -2  0  1 -4 -1  0   16   3   6   8   0   5   4   9   1   4   5   7   1   4   1   7  11   0   1   8  0.09 0.14
  346 A    2 -1  0  0 -3  0  0  1 -2  0 -1  1  0  0 -2  1  0 -4 -1 -1   21   2   5   4   0   4   4   9   0   5   6   8   3   4   1   9   7   0   2   5  0.11 0.16
  347 T    1 -2  2 -1 -3 -1  0  0 -2  0 -2  0 -1 -1 -2  1  2 -4 -1  0   12   1  10   4   0   2   4   7   0   6   3   6   2   3   1  12  17   0   2   7  0.17 0.22
  348 T    0 -2  0  0 -3  1  0  0 -2 -1 -1  1  0 -2 -2  1  2 -2 -2  0    7   1   5   5   0   8   4   7   0   4   6   8   2   2   2  13  16   1   1   6  0.13 0.19
  349 T    1 -2  0  1 -4  0 -1  0 -2 -1 -2  0 -1 -2 -2  2  3 -4 -2  0   14   1   3   7   0   4   4   7   1   3   4   4   2   2   1  14  20   0   1   8  0.22 0.26
  350 I    1 -1  0  1 -3  0  0  0 -1  0  0  0  0  0 -2  1  1 -2 -1  0   15   2   5   7   0   5   4   6   1   7   7   6   2   4   1   8   8   1   2   9  0.05 0.10
  351 V    1 -1  0  0 -3  0  0  0 -2  1  0  0  0  0 -2  0  1 -2 -2  1   14   2   5   4   0   4   5   7   1   9   7   5   2   4   1   8   9   1   1  11  0.06 0.11
  352 T    1  0  1  2 -3  1  0  0 -2 -1 -1  0 -1 -1 -2  1  1 -4 -2 -1   11   4   8  10   0   6   4   8   1   3   5   7   1   3   1  10  12   0   1   5  0.11 0.15
  353 G    1 -1  1  1 -4  1  0  3 -2 -1 -1  1 -1 -1 -2  1 -1 -2 -1 -2   10   2   7   7   0   6   6  22   1   3   7   7   1   3   1   9   3   1   2   3  0.17 0.18
  354 Y    1  0  0  0 -3  1  0  0 -1 -1  0  1  0 -1 -2  1  1 -3  0  0   13   4   4   5   0   7   7   6   1   4   8   8   2   3   1   9   7   0   3   6  0.05 0.09
  355 V    0 -1  0  1 -3  1 -1  0 -2  1  0 -1  0 -1 -2  0  1 -1 -2  1    9   2   6   7   0   7   2   9   1  10  12   4   2   2   1   6  10   1   1  10  0.06 0.11
  356 Q    1 -1  0  1 -3  2  0 -1 -1 -1 -1  1 -1  0 -1  0  1 -1  0  0   11   2   3   8   0  12   5   5   1   4   5  10   1   4   2   7   8   1   3   6  0.08 0.14
  357 L    1 -1  0  1 -3 -1 -1  0 -2  1  0  0  0  1 -2  0  0 -3 -1  1   14   2   4   8   0   3   4   6   1   8  10   5   2   7   1   8   7   0   1  10  0.05 0.09
  358 N    1 -2  1  1 -3  0 -1  1 -1 -1 -2  0 -1  0 -2  1  1 -1 -1 -1   13   1   7   9   0   4   3  12   1   4   4   5   2   6   1  12  10   1   1   5  0.12 0.16
  359 S    1 -2  1  2 -3  0  0  1 -2 -2 -2  0  0 -1 -1  1  1 -4 -2 -2   15   1   6  12   0   4   5  12   1   2   3   6   3   3   3  11   9   0   1   3  0.16 0.19
  360 P    1 -1  2  0 -3  0  0  0 -2 -1 -1  1 -1 -1  1  1  1 -1 -1  0   14   3   9   6   0   3   4   7   1   3   4   8   1   3   6  11  10   1   2   5  0.10 0.14
  361 T    1 -1  1  1 -2  0  0  0 -1 -1 -1  0  0 -2 -2  0  2 -4 -1  0   11   2   8   8   1   4   7   8   1   2   6   5   2   1   1   7  16   0   2   7  0.11 0.16
  362 A    1 -1  0  0 -3  0  0  1 -1 -1 -1  1  0 -1 -1  1  1 -1 -1  0   13   2   5   5   0   4   4  13   1   3   5  10   2   3   3   9   7   1   2   9  0.07 0.11
  363 Y    1 -1  0 -1 -2 -1 -1  1  0  0  0  0  0  1 -1  0  1 -2  1  1   11   2   4   3   0   3   4  11   2   6   7   6   3   6   2   6   8   0   5  11  0.04 0.08
  364 S    2 -2  0  1 -3  1  0  0 -1 -1 -2 -1 -2 -1 -2  1  3 -4 -2 -1   16   1   5   8   0   5   6   6   1   4   3   4   1   3   2  13  18   0   1   4  0.21 0.24
  365 V    1 -2 -1 -1 -2 -1 -1  0 -2  2  1 -1  0 -1 -1 -1  0 -2 -1  2   15   1   2   3   1   2   3   8   1  14  13   3   2   2   2   5   6   0   2  15  0.12 0.14
  366 S    2 -1  0  2 -3 -1  1  1 -3 -1 -2 -1 -1 -2 -1  1  1 -4 -2 -2   16   2   5  15   0   3   8  11   0   4   3   4   2   2   2   9  10   0   2   3  0.19 0.21
  367 G    1 -2  0  0 -3  0  0  3 -1  0 -1 -1  0  0 -2  0  0 -1 -1  0   13   1   5   6   0   4   5  22   1   5   6   3   2   5   1   5   8   1   2   6  0.13 0.15
  368 T    1 -1  1  1 -3  0 -1 -1 -1 -1 -2  1 -1 -2 -1  1  2  0 -1 -1   11   2   8   8   0   3   3   5   1   4   4  11   2   2   3   9  18   1   3   5  0.14 0.19
  369 G    1 -1  0  1 -3 -1  0  2 -1 -1 -2  0 -1 -1 -1  0  2  0 -1 -1   12   2   5   7   0   3   5  16   1   3   3   4   2   3   2   5  17   1   2   4  0.16 0.19
  370 T    1 -1  1  0 -3  0 -1  1 -3 -1 -1 -1  0 -1 -1  0  3  1  0  0   11   2   7   6   0   4   2  10   0   4   4   4   3   2   2   7  18   2   3   8  0.12 0.18
  371 Q    1 -1  0  0 -1  1  0  1 -1 -1 -1  0  0 -1 -1  0  1 -3 -1 -1   11   2   4   6   1   8   5  13   1   2   7   7   3   3   2   7   9   0   2   5  0.07 0.10
  372 A    2 -1  0 -1 -1 -1 -1  1 -3  0 -1  0  0 -1 -1  0  1  0 -1  0   23   3   4   3   1   2   3  12   0   7   5   5   3   3   3   6   9   1   2   6  0.11 0.16
  373 S    2 -2  0  0 -3 -2 -1  1 -3  0  0  0 -1 -1 -1  1  2 -4 -2 -1   20   2   5   5   0   1   2   9   0   6   8   5   2   2   3  13  12   0   2   3  0.15 0.19
  374 Q    2 -1  1  0 -3  2  1  0 -1 -2 -2  1  0 -2 -1  0  1 -4 -1 -1   16   2   6   6   0  10   8   8   1   2   4   8   2   2   3   7   9   0   2   4  0.13 0.17
  375 V    2 -3 -1 -1  0  0  0  0 -3  1  1 -1  0 -1 -2  0  1 -1 -1  1   17   0   2   4   2   5   5   6   0   9  12   4   1   2   2   5  10   1   1  12  0.09 0.14
  376 F    1 -1  0  1 -2  0  0  1 -1  0  0 -1  0  0 -1  0  1 -2 -1 -1   16   2   5   7   0   3   7  12   1   5   9   3   2   4   2   6  10   0   1   4  0.06 0.09
  377 G    1 -2  0  0 -2 -1 -1  2 -2  1  0 -1  0 -1 -1  0  1 -3 -1  0   15   1   4   5   0   3   3  16   1   9   9   4   3   2   2   7   9   0   2   5  0.09 0.13
  378 N    1 -1  1  1 -3  0  0  1  0 -1 -1  1 -1 -2 -1  1  1 -3 -2  0   12   2   7  10   0   3   6  11   3   4   4   8   1   1   2   8  12   0   1   6  0.11 0.13
  379 A    3 -2  1  1 -3 -1 -1  0 -3 -1 -1 -1  1  0 -1  1  1 -4 -2  0   25   1   6   7   0   2   3   6   0   4   5   3   3   3   3   9   9   0   1   7  0.15 0.19
  380 S    1 -1  0  0 -3  0  0  1 -2 -1 -1  0  1  0 -1  0  1 -3 -1 -1   17   3   3   6   0   3   4  10   0   3   6   6   6   5   2   7  12   0   1   4  0.09 0.13
  381 A    2  0  0  1 -3 -2 -1  1 -2 -1 -1  1 -2 -1  0  0  2 -4 -1  0   19   4   4   7   0   1   4  10   0   3   5   8   0   3   4   6  15   0   2   6  0.13 0.17
  382 A    2 -2  0  0 -3 -1 -1  1 -2 -1 -1  0 -1 -1  0  1  1 -2 -1  0   25   1   4   6   0   2   3  12   1   4   5   5   2   2   3   9   8   1   2   5  0.14 0.17
  383 Q    1 -1  1  1 -3  1  1  0 -1 -1 -1  0 -1 -1 -1  0  2 -3 -1 -1   14   3   6   9   0   8   7   5   1   3   4   6   1   2   2   7  14   0   2   5  0.12 0.14
  384 K    1 -2  0  1 -3 -1  0  0 -2  0 -1  1 -1  0  1  0  1 -3 -1  0   17   1   5  10   0   2   5   5   0   4   7   8   2   4   6   5  10   0   2   8  0.09 0.12
  385 S    0 -1  0  1 -3  0  0  0 -1  0  0  0  0 -1 -1  0  2 -2 -2  0   10   2   3  10   0   3   6   8   1   5   9   6   2   2   2   6  17   1   1   8  0.08 0.12
  386 S    1 -2  0  0 -3 -1 -1  2 -3 -1 -1  0 -1 -1 -1  1  3 -3 -2 -1   10   1   3   6   0   2   3  14   0   2   7   7   1   3   3   9  21   0   1   5  0.17 0.20
  387 V    1 -2 -1 -2 -3 -1 -1 -1 -3  1  0 -1  0  0 -2 -1  1 -4 -3  3   13   1   2   2   0   2   4   5   0   6   6   5   2   4   2   4  10   0   0  29  0.21 0.23
  388 A    2 -1  0  2 -3  1  0  1 -1 -2 -2  1 -2 -2 -2  1  0 -3 -1 -1   20   3   5  11   0   6   6  10   1   2   4   8   1   1   1   9   7   0   2   4  0.16 0.18
  389 S    1 -2  2  2 -3 -1 -1  2 -3 -3 -3  0 -1 -3 -1  1  1 -4 -3 -1   12   1  10  14   0   1   4  17   0   1   1   6   1   1   2   9  11   0   1   5  0.28 0.25
  390 V    1 -1 -2  0 -2 -2 -2 -1 -3  2  2  0  0 -1 -1 -1  1 -3 -2  1   11   2   2   5   0   1   2   4   0  18  19   5   2   2   3   3  11   0   0   9  0.14 0.16
  391 D    1 -2  2  4 -4 -1  0 -1 -3 -2 -2  0 -3 -4 -1  1  0 -4 -4 -2   13   2  12  30   0   2   4   3   0   3   4   5   0   0   3  11   6   0   0   2  0.43 0.32
  392 I    1 -2 -2 -1 -2 -1 -1  0 -3  2  0 -1  1 -1 -2 -1  1 -3 -2  3   10   2   1   3   0   2   4   6   0  15   7   3   4   2   2   3   9   0   0  25  0.19 0.20
  393 S    1 -1 -1  1 -3 -1  0 -1  0 -2 -2  1 -1 -2 -2  2  3 -4 -2 -1    9   2   1   8   0   2   4   5   2   2   4  10   1   2   1  21  20   0   1   3  0.25 0.26
  394 T    1 -2  1  1 -3  0 -1  0 -3 -2 -3 -1 -3 -4 -2  2  4 -4 -4 -1   10   2   5   7   0   3   3   6   0   2   2   3   0   0   1  17  34   0   0   5  0.46 0.38
  395 A    1  0 -1 -1 -2  2  0  0  0 -1 -1  0 -1 -1 -2  0  0 -3  0  1   17   4   2   4   0  13   4   6   3   2   7   4   1   3   1   4   7   0   3  14  0.09 0.15
  396 D    2 -1  1  1 -3  0  0  1 -2 -2 -2  1 -1 -2  0  1  1 -3 -2 -1   18   2   6   9   0   5   5  13   0   2   3   7   1   1   4  11   8   0   1   4  0.16 0.16
  397 G    1 -1  2  1 -2  0 -1  3 -2 -2 -3  0 -2 -2 -2  1  0 -4 -2 -1   12   3  14  10   1   3   2  21   0   1   2   7   1   2   1   9   5   0   2   4  0.24 0.21
  398 A    5 -3 -2 -3 -3 -3 -2 -1 -4 -2 -1 -1 -1  0  0  1  1 -4 -2 -2   50   0   2   1   0   0   2   3   0   2   6   3   1   5   4   9   9   0   1   2  0.59 0.44
  399 Q    0 -1  2  1 -4  4  1 -1 -1 -4 -2  0 -1 -4 -3  1  1 -2 -1 -3    8   2  12   9   0  22   8   3   1   0   4   5   2   0   0   9  11   1   2   0  0.35 0.30
  400 N    1  0  2  1 -3  1  1  0 -2 -2 -2  1 -1 -1 -2  1  0 -3 -1 -1   16   6  12   7   0   8   7   5   0   2   3   7   2   2   0  11   5   0   2   4  0.15 0.15
  401 A    4  0 -1 -3 -3 -1 -2 -2 -3 -2 -2 -1  0 -4  2  1  1 -4 -3  1   40   5   2   0   0   2   2   2   0   2   2   3   2   0  10   9   7   0   0  10  0.44 0.35
  402 I   -1 -4 -1 -4 -3 -1 -4 -2 -4  4  3 -4  3  0 -4 -3 -1 -4 -3  3    4   0   3   0   0   2   0   3   0  31  24   0   7   3   0   0   2   0   0  17  0.59 0.35
  403 A    2  0  1  0 -3  0  0  1 -1 -2 -2  1 -1 -2 -2  1  1 -3 -2 -1   23   4   9   6   0   4   5  10   1   2   2   9   2   2   0   8   9   0   1   3  0.16 0.17
  404 V    1  0  0  0 -1 -1 -1 -1 -1  2 -1  0  0 -2 -3  1  1 -3 -1  1   14   5   6   4   1   2   2   5   2  15   3   8   2   0   0   9   9   0   1  14  0.09 0.14
  405 V   -2 -3 -4 -5 -3 -4 -4 -5 -4  5  2 -4  2  0 -4 -3 -2 -4 -1  3    2   1   0   0   0   0   0   0   0  39  22   0   6   3   0   2   1   0   2  19  0.78 0.37
  406 D   -2 -3  0  7 -5  1  0 -3 -4 -4 -5 -2 -5 -5 -4  0 -1 -6 -5 -5    2   1   4  66   0   5   3   2   0   1   1   2   0   0   0   8   3   0   0   0  1.40 0.59
  407 N    2 -1  3  1 -2  1  0 -1 -1 -2 -2  1 -2 -2 -2  1  1 -3 -1 -2   20   2  15   8   1   5   5   4   1   2   2   9   0   1   0  13   9   0   2   1  0.23 0.19
  408 A    6 -2 -3 -3 -3 -2 -2 -3 -4 -2 -2 -3  3 -2 -3 -1 -1 -4 -2 -1   67   2   1   1   0   2   2   1   0   1   4   1   7   2   0   1   3   0   1   3  0.93 0.50
  409 L   -2  0 -4 -4 -3 -2 -2 -5 -4  5  3 -3  2 -1 -4 -4 -2 -4 -3  0    3   7   0   0   0   1   3   1   0  39  33   0   4   2   0   1   1   0   0   3  0.72 0.37
  410 A    2 -1  1  1 -3  1  1 -1  0 -3 -3  3 -3 -3 -2  2  0 -4 -2 -3   16   1   8   7   0   8   8   3   2   1   1  22   0   1   0  14   6   0   1   0  0.31 0.24
  411 A    0  1  1  0 -3  2  0 -2 -1 -1 -2  2 -1 -1 -2  1  2 -3  1  0    7   6   6   5   0  10   4   2   1   2   2  15   1   2   0  10  13   0   7   7  0.15 0.16
  412 I   -2 -5 -5 -5 -3 -4 -5 -5 -5  3  2 -4  1 -3 -5 -4 -3 -5 -4  6    3   0   0   0   0   0   0   0   0  17  15   0   3   0   0   0   0   0   0  58  1.13 0.51
  413 D    0 -2  2  5 -4 -2 -2  1 -3 -3 -2 -3 -4 -4 -3  3 -1 -5 -4 -4    6   1   9  36   0   0   0  10   0   2   5   0   0   0   0  25   3   0   0   1  0.68 0.38
  414 A    2 -2  0  1 -3 -1  0  0 -1 -3 -3  1 -2 -3 -1  3  1 -4 -3 -3   20   1   5   8   0   1   4   5   1   0   1   8   1   1   2  31  10   0   0   1  0.39 0.28
  415 Q    0 -1  0 -1 -3  3  1 -2  2 -1  0  1 -1  0 -2  0  1 -3  0  0   10   2   4   1   0  18   9   1   6   3   9   8   1   4   0   7   8   0   3   6  0.14 0.13
  416 R   -2  7 -3 -4 -5  4 -2 -4  0 -3 -4 -1 -3 -5 -4 -3 -3 -4 -4 -1    2  65   0   0   0  17   1   1   2   2   1   1   0   0   0   1   0   0   0   6  1.42 0.54
  417 A    4 -3  3 -3 -3 -2 -2 -1 -3 -4 -4 -2 -3 -4 -1  3  0 -4 -4 -2   42   0  14   0   0   0   2   2   0   0   1   0   0   0   2  28   3   0   0   2  0.73 0.38
  418 D   -1  2  2  2 -3  1  2 -1 -1 -3 -3  1 -2 -2 -2  1  1 -3 -2 -2    4  10  10  14   0   6  15   3   0   1   2   9   1   2   1  10  10   0   1   1  0.26 0.15
  419 L   -3 -4 -4 -5 -3 -4 -4 -5 -4  1  5 -4  2  1 -4 -2 -3 -3 -1 -1    1   0   0   0   0   0   1   1   0   8  69   0   5   6   0   4   0   0   2   1  1.00 0.40
  420 G   -1 -4 -1 -1 -4 -3 -1  6 -4 -5 -5 -3 -4 -5 -4 -1 -3 -4 -4 -3    3   1   2   2   0   0   4  77   0   1   1   1   0   0   1   4   1   0   0   2  1.47 0.49
  421 A    6 -3 -3 -3 -3 -3 -3 -1  2 -4 -4 -3 -3 -4 -3  1 -2 -4 -3 -3   75   1   1   1   0   0   1   3   5   1   1   1   0   0   1   9   1   0   0   1  1.21 0.49
  422 V    0 -2 -1 -2 -2 -1 -2 -3 -2  1 -1  0  1  1 -3  0  2 -1  1  3    6   1   2   1   0   1   2   1   0   7   3   6   3   8   1   8  16   1   5  29  0.21 0.17
  423 Q   -3 -1 -3 -3 -4  7  0 -4 -1  1 -1 -2  0 -4 -3 -2 -3 -4 -3 -2    2   2   1   1   0  67   4   1   1   8   6   1   2   0   1   2   1   0   0   2  1.34 0.54
  424 N   -3 -2  8 -2 -4 -3 -3 -3 -2 -5 -5 -2 -2 -5 -4  0 -1 -5 -4 -3    1   1  77   1   0   0   1   1   0   1   1   2   1   0   1   7   4   0   0   1  1.76 0.59
  425 R   -2  7  1 -3 -5  0 -3 -3 -3 -5 -4 -1 -4 -4 -4 -3 -3 -4 -4 -4    2  77   8   1   0   3   1   2   0   1   1   1   0   0   1   1   1   0   0   1  1.70 0.57
  426 F   -3 -4 -4 -4 -3 -4 -4 -4 -4  0  4 -4  2  6 -4 -4 -3 -2 -1 -1    1   1   1   1   0   0   1   1   0   4  45   1   4  36   1   1   1   0   0   3  1.01 0.38
  427 K   -2 -1  1  4 -4  2  4 -1 -1 -4 -4 -1 -3 -4 -3  1  0 -4 -3 -4    2   2   7  22   0  11  31   5   1   0   1   1   0   0   1  10   4   0   1   1  0.60 0.29
  428 N    0 -2  1  0 -3 -2 -2 -1  7 -3 -3 -2 -3  1 -3  3 -1 -3  2 -2    6   1   7   4   0   1   1   3  28   1   1   1   0   6   1  28   2   0   6   3  0.64 0.32
  429 T    2 -2  1 -3 -3 -3 -3 -2 -3  0 -3 -3  0 -3 -3  0  5 -4 -3  0   17   1   6   1   0   0   1   1   0   5   1   1   2   0   1   3  51   0   0   7  0.72 0.37
  430 I   -1 -3 -3 -4 -3 -1 -3 -3 -4  6  0 -3  1 -2 -3 -2 -2 -4 -3  3    5   1   1   1   0   4   1   1   0  56   4   1   3   0   1   3   1   0   0  16  0.81 0.34
  431 D    1  1  5  1 -3  0  0 -2 -2 -3 -3  0 -3 -3 -2  2  1 -4 -3 -2   10   8  31   6   0   2   4   2   0   1   1   6   0   0   1  15  10   0   0   2  0.41 0.22
  432 N   -2 -3  8  0 -4 -2 -3 -2 -2 -4 -4 -3 -4 -4 -4  0 -1 -5 -3 -3    2   0  75   4   0   0   1   1   0   0   2   1   0   0   1   5   4   0   1   2  1.57 0.55
  433 L   -3 -3 -1 -4 -3  1 -3 -4 -3  1  5 -3  0 -2 -4 -3 -2 -3  0  0    1   1   3   1   0   9   1   1   0   5  69   1   0   0   1   1   1   0   3   4  0.82 0.36
  434 T    1 -1  3  2 -3  2  0  1 -2 -3 -3  0 -2 -4 -2  1  1 -3 -3 -3   10   1  17  14   0  12   2  13   0   1   1   6   0   0   1  11   9   0   0   1  0.33 0.19
  435 N    0  0  5 -2 -3 -2 -2 -2 -2 -2 -2 -2 -1 -2 -3  1  3 -4 -3  1    9   4  33   1   0   0   1   1   0   1   2   1   1   1   0  12  21   0   0  11  0.50 0.29
  436 I    1 -2 -1 -2 -2  1  0 -2 -2  2 -1 -2  2 -2 -2  1  3 -3 -1  1   14   0   2   1   0   8   5   2   0  16   1   1   6   0   0  13  21   0   1   8  0.23 0.19
  437 S    1 -2  2 -2 -2  0 -1 -1  2 -1 -3 -1 -2 -3 -2  3  0 -4 -3  2   14   1   9   1   0   5   2   3   5   2   1   3   0   0   0  34   3   0   0  16  0.33 0.24
  438 E   -2 -1  2  0 -4  0  6 -3 -2 -2 -4 -1 -3 -4 -3  1  1 -4 -4 -3    2   3  10   2   0   2  56   1   0   3   1   1   0   0   0   8   9   0   0   1  0.84 0.39
  439 N   -3 -3  8  0 -4 -2 -3 -1 -1 -5 -3 -3 -1 -5 -4  1 -1 -5 -4 -4    1   0  75   3   0   1   0   3   1   0   2   0   1   0   0   8   2   0   0   0  1.58 0.56
  440 A   -1 -3 -4 -4 -3 -3 -4 -4 -4  1  4 -3  4 -2 -4 -2  0 -3 -3  3    4   0   0   0   0   0   0   1   0   4  49   0  12   0   0   2   6   0   0  20  0.65 0.31
  441 T    1 -2  1 -1 -3  2  0 -2 -2 -3 -3 -2  0 -3 -3  4  3 -4 -3 -3   11   0   7   2   0  11   3   1   0   0   1   0   3   1   0  34  25   0   0   0  0.52 0.30
  442 N    5 -1 -1  0 -3 -1  0 -1 -3 -3 -2 -2 -2 -2 -3  3 -1 -4 -3 -2   52   2   2   5   0   2   5   2   0   0   2   0   1   2   0  21   1   0   0   2  0.59 0.33
  443 A    5 -3 -3 -3 -3 -3 -3 -2 -3 -4 -4 -3 -3 -4 -3  4 -1 -4 -4 -3   60   0   0   0   0   0   0   1   0   0   0   0   0   0   0  33   2   0   0   0  1.07 0.47
  444 R   -1  4  1 -2 -4  3  3 -3 -1 -4 -3  2 -1 -4 -3 -2 -2 -4 -3 -4    6  31   7   0   0  13  25   0   0   0   1  12   2   0   0   1   0   0   0   0  0.69 0.32
  445 S   -1 -3 -2 -3 -3 -3 -3  1 -3 -4 -5 -3 -4 -4 -3  6 -1 -5 -4 -4    2   0   0   0   0   0   0  10   0   0   1   0   0   0   0  83   0   0   0   0  1.41 0.57
  446 R   -3  7 -1 -3 -5  4 -2 -3 -2 -4 -4 -1 -3 -4 -4 -2  0 -4 -4 -3    1  65   2   0   0  19   0   1   0   0   1   0   0   0   0   1   7   0   0   1  1.32 0.48
  447 I   -3 -3 -5 -5 -3 -4 -5 -5 -5  7 -1 -4 -1 -3 -4 -4 -3 -4 -3  1    1   1   0   0   0   0   0   1   0  87   2   0   0   0   0   1   0   0   0   5  1.66 0.54
  448 K   -2  5 -2 -2 -4  3  2 -3 -2 -3 -1  2  1 -4 -3 -2  0 -2 -2 -3    2  36   0   0   0  16  17   1   0   1   5   9   4   0   0   1   5   0   1   1  0.61 0.29
  449 D   -4 -4 -1  8 -5 -3 -1 -4 -3 -5 -5 -3 -5 -5 -4 -2 -3 -5 -5 -5    1   0   1  90   0   0   1   1   0   0   1   0   0   0   0   2   0   0   0   1  2.07 0.60
  450 T    4 -3 -3 -3  0 -2 -3 -2 -3 -2 -2 -2 -2 -3 -3  0  4 -4 -3  2   42   0   0   0   2   0   1   1   0   1   1   0   0   0   0   4  30   0   0  15  0.64 0.33
  451 D   -4 -4  1  8 -5 -3 -1 -4 -3 -5 -5 -3 -5 -5 -4 -3 -3 -6 -5 -5    1   0   5  89   0   0   0   1   0   0   1   0   0   0   0   0   0   0   0   0  2.05 0.59
  452 F   -3 -4 -4 -5 -4 -3 -4 -4 -2  0 -1 -4  7  6 -4 -4 -3  0  5 -1    1   0   0   0   0   0   0   1   0   4   1   0  33  33   0   1   0   1  22   3  1.22 0.43
  453 A    6 -3 -3 -4 -3 -3 -3 -2 -4 -3 -4 -3 -3 -4 -2  0 -2 -4 -4 -2   90   0   0   0   0   0   0   1   0   0   1   0   0   0   1   3   0   0   0   0  1.45 0.51
  454 A    1  0 -1 -1 -3  2  0 -2 -2 -2 -3  4 -2 -4 -2  0  2 -4 -3 -2   13   3   1   2   0  10   5   1   0   1   1  35   1   0   0   6  16   0   0   3  0.40 0.23
  455 E   -2 -2 -3 -1 -5  0  7 -4 -3 -5 -5 -2 -3 -5 -3 -2 -2 -5 -4 -3    2   0   0   0   0   1  88   1   0   0   1   0   1   0   0   1   1   0   0   1  1.70 0.55
  456 T   -2 -3 -3 -4 -3 -3 -3 -4 -3 -1 -1 -3  7 -3 -3  0  4 -4 -3  2    2   0   0   0   0   0   0   1   0   1   1   0  36   0   0   7  33   0   1  17  0.88 0.39
  457 A    3 -3 -2 -3 -2 -2 -2 -2 -3 -2 -2 -2  4 -3 -2  3  3 -4 -3  0   28   0   0   0   0   0   0   1   0   0   1   0  13   0   0  24  21   0   0   8  0.50 0.28
  458 A    0 -1  5  0 -4  1  3 -2 -1 -3 -4  0 -3 -3 -3  0 -1 -4 -3 -3   11   1  35   3   0   6  26   1   1   1   1   3   0   1   0   6   2   0   0   1  0.59 0.27
  459 L   -3 -3 -4 -4 -3 -2 -4 -4 -3 -1  3 -3  7  4 -4 -2 -3 -2  3 -1    1   0   0   0   0   2   0   1   0   1  27   0  34  18   0   2   0   0  11   1  0.87 0.35
  460 S   -1 -3 -1 -3 -3 -1 -2 -3 -3 -2 -3 -2 -2 -3 -3  3  6 -4 -3 -1    3   0   1   0   0   1   1   1   0   1   1   0   0   1   1  23  60   0   0   4  0.96 0.40
  461 K   -2  5 -2 -3 -4  1 -1 -3 -2 -4 -4  6 -3 -4 -3 -2 -2 -4 -3 -4    2  32   1   0   0   3   1   1   0   0   1  56   0   0   0   1   1   0   0   1  1.18 0.41
  462 N    2 -2  4 -1 -3  2 -1 -1 -1 -2 -2 -1 -1  0 -2  1  0 -3 -1 -2   27   0  24   1   0  10   2   2   1   1   3   1   2   6   0  10   6   0   2   1  0.30 0.20
  463 Q   -3 -1  5 -2 -4  6 -1 -3 -1 -4 -4  1 -2 -5 -3 -1 -2 -4 -3 -4    1   0  30   0   0  52   1   1   0   0   1   7   1   0   0   4   0   0   0   1  1.21 0.45
  464 V   -3 -5 -5 -5 -3 -4 -5 -5 -5  7 -1 -4  0 -2 -4 -4 -1 -4 -3  3    0   0   0   0   0   0   0   0   0  75   1   0   2   0   0   0   2   0   0  16  1.34 0.44
  465 L   -4 -4 -5 -6 -3 -4 -5 -6 -5  0  6 -3  2 -2 -5 -5 -3 -4 -3  0    0   0   0   0   0   0   0   0   0   3  89   1   3   0   0   0   0   0   0   2  1.37 0.46
  466 Q   -1 -2  1 -2 -2  6  0 -3 -2 -2 -2 -1  1 -4 -3  2  0 -4 -3 -3    3   0   7   0   1  54   3   0   0   2   4   0   5   0   0  14   6   0   0   1  0.84 0.40
  467 Q   -4 -2 -3 -1 -6  8  1 -5 -2 -5 -5 -2 -3 -6 -4 -2 -3 -5 -4 -5    0   0   0   2   0  89   6   0   0   0   0   0   0   0   0   1   0   0   0   0  2.10 0.67
  468 A    6 -4 -3 -4 -3 -3 -3 -2 -4 -3 -4 -3 -3 -4 -3  1 -1 -5 -4 -1   84   0   0   0   0   0   0   0   0   0   0   0   0   0   0   9   1   0   0   4  1.28 0.48
  469 G    2 -3 -2 -3 -3 -3 -3  5 -3 -4 -4 -3 -4 -4 -3  3 -1 -4 -4 -4   17   0   0   0   0   0   0  52   0   0   0   0   0   0   0  26   3   0   0   0  0.99 0.36
  470 T   -1 -2  0 -3 -3  3 -2 -3 -3  2 -2 -2 -1 -3 -3  1  5 -4 -3 -1    2   0   3   0   0  20   0   0   0  15   1   0   1   0   0   9  45   0   0   1  0.67 0.34
  471 A    4 -3 -2 -3 -3 -2 -2 -2 -3 -3 -4 -2 -3 -4 -3  5  1 -4 -3 -3   36   0   0   0   0   1   0   1   0   1   0   0   0   0   0  53   6   0   1   0  0.93 0.40
  472 I   -2 -4 -5 -6 -3 -4 -5 -5 -5  3  0 -4  8 -2 -5 -4 -3 -4 -3  4    1   0   0   0   0   0   0   0   0  16   3   0  49   0   0   0   0   0   0  31  1.33 0.47
  473 L   -4 -2 -6 -6 -4 -4 -5 -6 -5  0  6 -5  2 -2 -5 -5 -3 -4 -3 -1    0   2   0   0   0   0   0   0   0   1  92   0   3   0   0   0   0   0   0   2  1.41 0.47
  474 A    6 -3 -3 -4 -3 -2 -3 -1 -4 -4 -4 -2 -3 -5 -3  2 -2 -5 -4 -2   78   0   0   0   0   1   0   1   0   0   0   1   0   0   0  17   1   0   0   1  1.17 0.45
  475 Q   -3 -2 -3 -3 -6  8 -1 -5 -2 -6 -5  0 -3 -6 -4 -3 -3 -5 -4 -5    1   0   0   0   0  94   0   0   0   0   0   4   0   0   0   1   1   0   0   0  2.25 0.69
  476 A    6 -4 -3 -4 -3 -3 -3 -2 -4 -4 -4 -3 -3 -5 -3 -1 -1 -5 -4 -3   96   0   1   0   0   0   0   0   0   0   0   0   0   0   0   2   2   0   0   0  1.57 0.54
  477 N   -4 -2  8 -1 -5 -2 -3 -2 -2 -6 -6  3 -5 -6 -4 -2 -3 -6 -5 -5    0   1  80   0   0   0   0   1   0   0   0  18   0   0   0   0   0   0   0   0  1.79 0.55
  478 Q   -1 -1 -2 -3 -5  8 -1 -4 -1 -5 -4 -1  0 -5 -4  1 -2 -5 -4 -3    5   0   0   0   0  74   1   0   1   0   0   1   2   0   0  12   1   0   0   1  1.46 0.53
  479 L    1  1 -1 -2 -2  2 -1 -2 -2  0  1 -1  1 -2 -3  1  0 -3 -2  2   10   8   2   0   0  12   1   1   0   4  16   0   5   1   0  17   6   0   0  17  0.15 0.14
  480 P   -2 -4 -3 -2 -5 -2 -3 -3 -4 -5 -5 -3 -5 -6  8 -1  0 -6 -5 -5    1   0   1   2   0   2   0   2   0   0   0   1   0   0  80   5   7   0   0   0  2.13 0.54
  481 Q   -3 -1  2 -1 -5  7  0 -3 -1 -5 -5 -1 -3 -6 -4  1 -2 -5 -4 -5    0   1   9   2   0  73   4   1   0   0   0   1   0   0   0   9   0   0   0   0  1.48 0.52
  482 A    1 -1  3 -2 -3  3 -1  2 -2 -2 -1 -1  2 -3 -3  2  1 -1 -3 -2   12   1  16   0   0  18   0  14   0   1   5   0   7   1   0  16   8   1   0   1  0.30 0.20
  483 V    3 -4 -5 -5 -3 -4 -4 -4 -5  2 -1 -4  0 -2 -4 -3 -2 -5 -3  6   24   0   0   0   0   0   0   0   0   6   0   0   2   1   0   0   0   0   0  66  0.99 0.39
  484 L   -3 -4 -5 -5 -3 -4 -5 -5 -5  0  6 -4  2 -2 -5 -1 -2 -4 -3 -1    0   0   0   0   0   0   0   0   0   1  86   0   5   0   0   6   1   0   0   0  1.21 0.42
  485 S   -1 -1  0 -2 -3  4 -1  0 -2 -4 -4  2 -2 -3 -3  4  0 -4 -3 -3    2   2   3   0   0  24   0   7   0   0   0  12   1   1   0  45   4   0   0   0  0.66 0.32
  486 L   -4 -5 -6 -6 -4 -4 -5 -6 -5  0  6 -5  1 -2 -5 -5 -4 -4 -3 -1    0   0   0   0   0   0   0   0   0   1  98   0   1   0   0   0   0   0   0   0  1.57 0.48
  487 L   -4 -5 -6 -6 -4 -4 -5 -6 -5  0  6 -5  1 -1 -5 -5 -4 -4 -3 -1    0   0   0   0   0   0   0   0   0   0  97   0   2   1   0   0   0   0   0   0  1.55 0.48
  488 R   -3  5 -2 -3 -5  6 -1 -4  0 -5 -4  2 -3 -5 -4 -2 -3 -4 -3 -4    0  42   0   0   0  49   0   0   1   0   0   8   0   0   0   0   0   0   0   0  1.31 0.40

                      K         Lambda
Standard Ungapped    0.1205     0.3071
Standard Gapped      0.0410     0.2670
PSI Ungapped         0.1255     0.3181
PSI Gapped           0.0384     0.2670
