
Last position-specific scoring matrix computed, weighted observed percentages rounded down, information per position, and relative weight of gapless real matches to pseudocounts
           A  R  N  D  C  Q  E  G  H  I  L  K  M  F  P  S  T  W  Y  V   A   R   N   D   C   Q   E   G   H   I   L   K   M   F   P   S   T   W   Y   V
    1 M   -2 -3 -3 -4 -2 -2 -3 -4 -3  3  2 -3  5  2 -3 -3 -1 -2 -1  2    0   0   0   0   0   0   0   0   0  18  21   0  35  11   0   0   0   0   0  15  0.45 0.10
    2 D   -1  0  1  4 -3  0  3 -1 -1 -2 -3 -1 -2 -3 -2  1  0 -4 -3  0    0   7   5  36   0   0  22   4   0   0   0   0   0   0   0   9   6   0   0  11  0.41 0.10
    3 S    1  0  1  0 -3  0  1  2 -2 -3 -1  3 -2 -3 -2  2  0 -3 -3 -2    9   0   5   4   0   0   7  16   0   0   9  31   0   0   0  18   2   0   0   0  0.24 0.10
    4 I   -2 -1 -4 -4 -3 -3 -4 -4 -3  3  2 -3  5  3  1 -3 -2 -2 -1  1    0   4   0   0   0   0   0   0   0  26  19   0  24  16   7   0   0   0   0   3  0.48 0.16
    5 R   -2  5  3 -2 -4  0 -1 -3  3 -1 -2  2  3 -3 -3 -2 -1 -4 -2 -3    0  38  18   0   0   3   0   0  10   4   0  13  12   0   0   0   3   0   0   0  0.57 0.20
    6 D   -2 -2 -1  4 -5  0  6 -3  1 -5 -5 -1 -4 -5 -3  0 -2 -5 -4 -4    0   0   0  20   0   0  72   0   3   0   0   0   0   0   0   6   0   0   0   0  1.19 0.30
    7 K   -1  0 -1 -1 -4  0  5 -3  3 -4 -3  3 -3  1 -3 -1  0 -4 -2 -3    3   3   0   0   0   0  45   0  10   0   0  25   0   7   0   0   6   0   0   0  0.62 0.21
    8 C   -5 -8 -7 -8 12 -8 -8 -4 -8 -6 -6 -8 -6 -7 -8 -6 -6 -7 -7 -6    0   0   0   0  99   0   0   1   0   0   0   0   0   0   0   0   0   0   0   0  4.27 1.14
    9 G    0 -6 -4 -5 -6 -5 -2  7 -6 -8 -8 -5 -7 -7 -6 -1 -5 -7 -7 -7    7   0   0   0   0   0   3  86   0   0   0   0   0   0   0   4   0   0   0   0  2.14 0.82
   10 V   -5 -6 -7 -7 -5 -6 -6 -7 -7  7  2 -6 -2 -2 -6 -6 -4 -6 -5  3    0   0   0   0   0   0   0   0   0  62  15   0   0   1   0   0   0   0   0  20  1.63 0.66
   11 F    0 -5 -5 -4 -4 -5 -5 -2 -4  1  1 -5 -1  6 -5 -4 -3  2  2  3    9   0   0   1   0   0   0   3   0   6  15   0   1  37   0   1   1   3   5  19  0.84 0.43
   12 A    4 -6 -5 -5 -6 -5 -6  6 -6 -7 -7 -5 -6 -7 -6 -1 -5 -7 -7 -6   31   0   0   0   0   0   0  66   0   0   0   0   0   0   0   3   0   0   0   0  1.80 0.76
   13 V    1 -5 -5 -5 -1 -3 -5 -4 -4  4  0 -3  0  4 -5 -4 -1  1  2  3   12   0   0   0   1   1   0   1   0  24   6   2   2  20   0   0   3   2   7  20  0.65 0.37
   14 S   -2 -2 -3  2  2 -3 -2 -4  0  1  1 -1 -1  2 -3 -1 -2  5  4  1    2   1   0  12   5   0   2   0   3  10  12   4   0   8   1   4   2   8  15  12  0.34 0.25
   15 S    1 -2  3  1 -4 -2 -2  3 -2 -5 -4  1 -4 -2 -3  2 -1  0 -4 -4    9   1  14   9   0   1   2  26   1   0   1  10   0   2   0  20   2   1   0   0  0.50 0.34
   16 P   -1 -1  2  0 -1  0 -1 -2  2 -1 -1  1 -2  0  1  0  0 -3  2  0    4   2  14   5   1   2   3   2   6   3   4  12   0   5   8   7   5   0   9   8  0.13 0.14
   17 K   -2  1  1  0 -3  1  1  0 -1 -3 -4  3 -2 -4 -1  0  0  6 -2 -2    2   9   6   5   1   5  11   7   1   1   0  20   1   0   3   5   6  11   1   3  0.36 0.25
   18 E    0  0  3  4 -5  0  3  1 -2 -3 -5  1 -3 -5  0 -1 -2 -5 -3 -4    7   4  15  23   0   3  18   9   1   1   0   8   0   0   5   2   2   0   1   0  0.51 0.32
   19 V    2 -3  0  1 -3 -1  0  0 -3  2 -2 -2 -2 -1 -1  0 -1 -1 -2  3   19   0   6   9   0   2   5   6   0  13   1   2   0   3   3   5   2   1   1  21  0.19 0.21
   20 N    2 -2  1 -1 -2 -2 -2 -2 -2  0 -1 -1 -2  1 -2  3  1 -3 -2  1   16   2   9   2   0   1   2   1   1   6   6   3   0   6   2  24   8   0   0  12  0.20 0.20
   21 I    1  0  0 -1 -2 -1 -1 -1 -1  0  0  0 -1  0  2  0  0 -2  1  1   17   4   5   3   0   2   2   3   1   7   7   7   0   4   9   4   6   0   6  12  0.07 0.09
   22 Q   -2  2  0  0 -2  1  2 -2  1 -3 -3  3 -1 -1  2  0 -2 -4  0 -2    2  12   5   6   1   5  12   3   3   1   2  21   1   2  11   6   0   0   3   2  0.31 0.22
   23 L   -3 -2 -4 -1 -1 -3 -3 -4  0  1  3  1  1  3 -4 -2  1 -3  2  1    0   2   0   4   1   0   1   1   2   9  28   9   3  13   0   2   8   0   8   9  0.32 0.25
   24 V    2 -1 -3 -4 -2 -3 -3 -3 -4  2  3 -2 -1  0 -3 -1  1 -4 -2  2   18   4   0   0   1   0   1   1   0  10  26   1   0   4   0   5  10   0   1  17  0.32 0.24
   25 V   -2  0 -4 -3 -1 -2 -3 -5  2  0  0  0  1  1 -5 -1 -2  0  7  0    4   5   0   1   1   1   1   0   4   5   9   6   3   4   0   4   2   1  43   5  0.84 0.45
   26 E   -2  1 -1  1 -4  0  1 -3 -1 -3  0  1 -2  0 -4 -1 -1 -1  6 -3    3   8   3   7   0   4  11   1   1   0  11   8   0   3   0   5   2   0  30   1  0.48 0.32
   27 G    2 -3 -3 -3 -1 -2 -4  5 -4 -2 -1 -2  1 -5 -2  1 -3 -5 -5 -3   16   1   0   1   1   1   0  50   0   2   8   2   4   0   1  10   1   0   0   1  0.83 0.43
   28 I   -1 -5 -6 -6 -4 -3 -5 -6 -6  0  6 -4  3 -2 -6 -1 -2 -5 -4 -2    5   0   0   0   0   1   1   0   0   4  73   1   7   1   0   5   2   0   0   1  1.26 0.59
   29 R   -2  1  0 -1 -2  0 -1 -3  2  1  1  1  1  1  0 -1 -1 -2  4 -1    3   8   6   2   0   3   3   1   5   8  12   9   5   6   5   3   3   0  16   3  0.16 0.17
   30 L    4  1 -3 -4 -4 -2 -2  1 -4 -3 -1  0 -2 -4 -4  2 -1  3 -3 -1   43   8   0   0   0   2   2  10   0   1   6   5   0   0   0  13   2   4   1   3  0.55 0.38
   31 L   -3 -4 -5 -4 -2 -5 -4 -6 -6  1  6 -5  5 -1 -6 -5 -4 -5 -4 -2    2   1   0   1   1   0   1   0   0   6  70   0  14   1   0   0   0   0   0   1  1.39 0.61
   32 Q   -2  1 -4 -3 -6  7  3 -4 -3 -3 -5  1  0 -4 -5 -1 -4 -6 -5 -4    3   6   0   1   0  52  19   1   0   2   1   7   3   1   0   4   0   0   0   1  1.27 0.66
   33 H   -6 -5  1 -4 -7 -4 -1 -6 10 -7 -7 -5 -6 -5 -7 -4 -4 -6  4 -4    0   0   6   1   0   0   4   0  74   0   0   0   0   0   0   1   1   0  11   2  2.82 1.02
   34 R   -6  9 -5 -6 -8 -4 -5 -4 -5 -7 -7 -1 -6 -7 -6 -5 -6 -7 -6 -7    0  96   0   0   0   0   0   1   0   0   0   1   0   0   0   0   0   0   0   0  2.89 1.07
   35 G   -4 -6 -4 -5 -6 -6 -4  8 -6 -7 -7 -5 -6 -7 -6 -2 -5 -6 -7 -7    0   0   0   0   0   0   1  94   0   0   0   0   0   0   0   2   0   0   0   0  2.50 0.91
   36 Q   -4 -2 -1  0 -5  6 -1 -3  2 -5 -5 -2 -2 -1  3 -3 -1 -4  4 -5    0   1   3   5   0  41   2   2   4   0   1   1   1   2  14   0   4   0  16   0  1.03 0.57
   37 E   -2 -4 -3  5 -7 -2  6 -3  0 -6 -6 -3 -6 -7 -5 -1 -3 -7 -6 -3    3   0   1  35   0   1  47   2   2   0   0   1   0   0   0   4   2   0   0   3  1.38 0.68
   38 S    3  0  0 -3 -4 -3  0  3 -4 -5 -5 -1 -4 -5 -4  4 -1  2 -3 -4   21   4   4   1   0   0   5  19   0   0   0   2   0   0   0  35   2   3   1   0  0.69 0.45
   39 A    5 -4 -3 -4  2 -1 -2 -1 -4 -4 -4 -4  1 -1 -4  2  0  2 -2  0   45   0   1   0   4   3   2   3   0   0   0   0   4   3   0  17   5   3   1   8  0.66 0.44
   40 G    0 -3 -4 -3  1 -5 -4  7 -5 -1 -5 -4 -5 -3 -5 -2 -5  0 -5 -2    6   1   0   1   3   0   1  73   0   4   1   1   0   1   0   2   0   2   0   3  1.53 0.66
   41 I   -4 -5 -4 -6 -5 -5 -4 -6 -5  6  1 -4  1 -1 -6 -5 -2 -4  4  2    0   0   1   0   0   0   1   0   0  51   9   1   3   2   0   0   3   0  15  13  1.21 0.56
   42 A    3 -3 -4 -5  4 -3 -3 -4 -3  0 -3 -4 -3 -2 -4  2  0  0 -1  4   29   1   0   0   9   1   1   0   1   3   1   0   0   1   0  15   6   1   2  28  0.68 0.44
   43 Y   -2 -4 -4 -5 -1 -4 -4 -2 -2  2  1 -4  1  3 -5 -2  0  3  3  3    3   0   0   0   1   0   1   3   1   9  13   0   4  11   0   3   7   3  12  27  0.49 0.31
   44 A    0 -2  0  0  1 -1 -2 -1 -1 -1  1 -2  0 -1 -1  3  0  2  0  0    5   2   4   5   3   2   1   5   1   4  16   1   2   3   2  28   3   3   3   6  0.18 0.21
   45 E   -1  0  2  3 -2 -1  1 -1 -1 -3 -2  0 -3 -1  0  2  0 -1 -3 -2    4   5  10  16   1   2  11   5   1   1   3   5   0   3   4  20   6   1   0   3  0.24 0.21
   46 N   -2 -3  3  3 -3 -1  0  5  2 -5 -5  1 -5 -5 -4 -1 -4 -5 -4 -5    2   1  12  15   1   3   6  40   5   0   1   8   0   0   0   4   0   0   0   1  0.82 0.43
   47 G   -2  0  1  1 -4  0  2  4  0 -3 -4  3 -4 -4 -3 -1  0 -4 -3 -3    2   4   6   8   0   5  13  28   2   1   2  17   0   0   1   3   5   0   1   2  0.43 0.28
   48 E   -1  2  3  1 -2  0  1  0  2 -3 -3  1 -3 -2 -2  2  0 -4 -3 -3    3  11  15   8   1   2   8   7   6   1   2  11   1   2   1  14   5   0   1   2  0.28 0.21
   49 I   -3 -4 -2 -3 -3 -3 -4 -4 -3  4  3 -3  4  2 -3 -3 -2 -1 -3  2    1   0   2   1   0   1   1   1   1  27  23   2  12  10   1   2   1   1   0  13  0.64 0.34
   50 L   -1  2  0  0  0  0  1  1  0 -1 -1  1 -1  0 -2  0  0 -1 -1 -1    4  14   3   3   2   3  13  11   2   4   4  10   1   4   1   8   4   1   2   5  0.10 0.10
   51 T   -1  1 -2 -2  2 -2 -1 -2 -2  2  1 -2  0  0 -3  0  2  0 -1  2    4   9   1   2   5   1   5   2   0  14  12   1   2   3   1   6  14   1   2  14  0.15 0.15
   52 I   -2 -1 -3 -2 -2 -2 -1 -2  2  4  0 -2  0  3 -3 -2 -1 -2  3  2    2   3   1   2   1   1   4   3   4  24   7   3   2  15   1   2   2   0  10  12  0.36 0.22
   53 K   -3  3 -3 -3 -1 -2  0 -3 -2 -5 -4  7 -4 -5 -4 -2 -2 -5 -4 -4    2  15   1   1   1   1   5   2   1   1   2  61   0   1   1   3   2   0   0   1  1.32 0.59
   54 G    1  1  0  2  0 -1  1  4 -1 -3 -4  0 -1 -1 -2 -1 -3 -4 -3 -3   14   7   3  12   2   2  10  31   1   1   1   4   2   3   2   2   1   0   1   1  0.39 0.24
   55 S   -1  1 -1 -2 -3 -1  0 -2  0  0  0  2  3 -2  1  0  0 -3 -2  2    4   7   2   1   0   1   5   2   2   3   9  12  11   1   6   6   6   0   1  19  0.16 0.16
   56 G   -2 -3 -1 -3 -4 -3 -2  6 -3 -2 -4 -2 -4 -4 -3  0 -3  0 -4 -3    3   1   3   1   0   1   2  67   0   3   2   2   0   1   1   7   1   1   1   2  1.28 0.49
   57 L   -2 -1 -2 -2 -3 -2 -2 -3 -1  0  4  1  1  1  0 -2 -1  2  2 -1    1   4   1   3   0   1   2   2   2   5  41   9   3   5   4   2   5   3   7   2  0.34 0.22
   58 V    0 -3 -1 -3 -2 -3 -2 -4 -4  2  0 -3  0 -1  4 -3 -2 -4 -3  4    9   2   3   1   1   1   2   1   0   9   7   1   2   2  20   1   2   0   1  36  0.60 0.32
   59 D    0  0  2  1 -3  0  2 -1  1 -2 -3  1 -1 -2 -2  2  0 -2 -1 -2    8   4   9   7   0   2  17   5   4   2   2   7   1   1   1  16   7   1   2   3  0.20 0.16
   60 E   -3  0  2  5 -5  1  4 -4  0 -4 -4 -1 -2 -5 -4 -2 -1 -5 -3 -4    2   4   8  33   0   5  29   1   2   1   2   3   1   0   1   3   3   0   1   1  0.86 0.43
   61 V    0 -3 -2 -4 -1 -3 -4 -4 -2  3  1 -3 -1 -2 -4 -1 -2 -4 -2  5    9   1   2   1   1   1   1   1   1  19  12   1   1   1   1   4   1   0   1  40  0.62 0.34
   62 F    1 -1 -3 -2 -2 -3 -3 -1 -3  1  1 -3 -1  5 -3  0 -2  1  1  0   15   3   1   2   1   0   1   6   0   8  11   1   1  29   1   8   1   2   3   7  0.39 0.26
   63 K   -1  1  1  3 -2  0  1  0  0 -3 -2  2 -3 -2  1  0  0 -4 -2 -3    4   9   8  17   1   4  10   6   2   1   5  12   0   2   8   5   5   0   1   1  0.23 0.17
   64 E   -1  0 -1  3 -4  2  4 -2  1 -3 -4  1 -3  0  1  0 -2 -4  1 -3    4   5   3  15   0   7  28   3   4   1   1   7   0   4   6   6   1   0   4   1  0.43 0.28
   65 N    0 -1  2  3 -3  0  1  1  0 -3 -3  1 -1 -1 -1 -1  0 -3  1 -3    6   3   9  21   0   4   9  11   2   1   2   9   2   3   3   3   5   0   5   1  0.24 0.18
   66 L   -1  0  1 -2 -3 -1  0 -1  0  1  2  0  0  0 -1 -1  0 -2  1  0    6   7   7   1   0   1   6   3   2  11  23   6   2   4   3   4   5   0   5   3  0.07 0.10
   67 N   -1 -1  2  0 -3  0  1 -1  0  1  1  0  0 -1  0  0 -1  0 -1 -1    3   2  12   5   0   3  12   3   2   9  18   4   2   3   5   8   3   1   1   2  0.09 0.13
   68 K    0  1  0  0 -3  0  2 -1  1 -1  0  1  0  0 -1  0  0 -3 -2 -1    7   8   3   5   0   2  18   5   4   4   8  10   2   4   2   8   5   0   1   3  0.10 0.11
   69 F    0 -1  0  1 -3  0  0  0  1  0  1  0  0  0  1  1 -1 -2  2 -1    6   3   3   7   0   2   5   6   3   5  15   8   2   3   6  12   2   0   8   3  0.05 0.08
   70 I    1 -1 -2 -2  0 -1  0  2 -1  0  1 -1  1 -1  0  1  0 -3  1  0   10   2   1   2   2   1   6  15   1   5  17   3   5   1   5  10   5   0   5   4  0.09 0.11
   71 K   -1  0  2 -1 -3  0  0  2  0 -2 -2  1  0 -3 -1  1  0  5 -2 -3    3   5   9   3   0   5   7  19   2   2   4  11   2   0   3   9   6   9   1   1  0.26 0.19
   72 N    1 -1  1 -2  1 -1 -2  3  2  0 -2 -2 -1 -2 -2  0  1 -2  0 -1   14   2   8   2   3   3   2  24   7   5   2   1   2   2   1   6   8   0   3   4  0.22 0.18
   73 G    3 -4 -3 -3 -1 -3 -3  4 -3 -3 -2 -3 -2  1 -3  0 -3 -2  0 -1   27   1   1   1   1   1   1  37   1   1   3   1   1   5   1   8   1   0   4   5  0.62 0.34
   74 I   -4 -5 -5 -5 -4 -4 -5 -5 -5  6  2 -4  0 -2 -4 -4 -3  2 -3  2    1   1   1   1   0   1   1   1   0  55  19   1   1   1   1   1   1   3   0  11  1.21 0.49
   75 G    4 -5 -4 -4 -4 -4 -4  6 -5 -4 -3 -4 -4 -5 -4 -1 -3 -5 -5 -2   31   0   0   0   0   0   1  53   0   1   3   0   0   0   0   4   1   0   0   3  1.25 0.56
   76 H   -2 -4 -2 -5 -1 -4 -4  0 10 -2 -5 -4 -5  0 -5 -4 -4 -5  0 -5    4   0   1   0   2   0   1   6  71   2   1   1   0   4   0   1   1   0   3   1  2.47 0.87
   77 V   -1 -2  2 -4  0 -3 -2 -1 -2  1 -2 -4 -3 -4 -4 -2  4 -5 -4  4    5   3   9   0   2   1   2   4   1   6   2   0   0   0   0   2  26   0   0  36  0.66 0.41
   78 R   -2  8 -3 -4 -5 -2 -3 -4  0 -5 -3  1  0 -5 -4 -4 -4  0 -4 -4    4  70   1   1   0   1   1   1   2   1   3   7   2   1   1   1   1   2   0   1  1.67 0.67
   79 Y   -4 -3 -1 -5 -5 -3 -5 -5  0 -4  1 -2  4  2 -5 -2 -4  6  7 -4    1   2   3   0   0   1   0   1   2   0  12   2  10   7   0   3   0  10  44   0  1.35 0.60
   80 S    4 -2 -1 -3 -4 -2 -1 -1 -1 -3 -3 -2 -2 -4  2  3 -1 -5 -1 -3   35   2   3   1   0   1   4   5   1   1   2   2   1   0  11  25   4   0   2   1  0.56 0.38
   81 T   -3 -4  0 -1 -4 -4 -4 -2 -1  1 -4 -4 -2  2  0 -1  6 -5 -2 -2    1   0   4   3   0   0   0   3   2   7   1   0   1   8   4   4  57   0   1   2  1.05 0.57
   82 S    2  0  2 -2 -2  0  2 -3  2  0 -2  0 -1 -3 -1  1  1 -4 -2 -1   17   4   9   0   1   4  17   1   6   5   2   4   1   1   2  12   8   0   1   4  0.23 0.21
   83 G   -1 -4  1  0 -5 -4 -1  6 -2 -5 -5 -4 -5 -5 -4  2  1 -5 -5 -3    5   0   5   4   0   0   5  54   1   0   1   0   0   0   0  13   8   0   0   2  1.03 0.51
   84 K    1  0  0  2  0 -1  0  1 -2 -3 -2  0 -2 -3  2  1 -1 -3  0 -2   12   6   5  11   2   2   6  10   1   1   4   6   0   0  11  12   3   0   4   3  0.17 0.14
   85 S    0 -1  0  1 -2 -1 -1  1 -1  0 -2  0 -2 -2  1  1  0 -3  1  1    7   4   3  10   1   1   3  10   1   5   3   4   0   1   6  12   7   0   6  16  0.09 0.12
   86 S   -1 -1  0  0 -3 -1 -1  1  0 -2 -3  1 -1 -3 -3  3  2  5  1 -1    3   3   4   6   0   2   4  12   2   2   1   8   1   1   0  21  12   8   5   5  0.29 0.25
   87 I   -1 -1 -2 -1 -3 -2 -1 -2 -1  2  1 -1  0 -1  0  0  1  6  1  0    4   4   2   3   0   1   4   3   2  14  17   4   2   2   4   6   9  11   5   5  0.21 0.17
   88 E    0  1  0  1 -2  0  2  1  0 -1 -1  0 -1 -2 -1  0  0 -3  1 -1    8   9   4   7   0   4  15  10   2   3   7   4   1   1   2   7   4   0   6   4  0.09 0.10
   89 E   -2  0  5  0 -3 -2  2  3  1 -3 -2  0  0 -5 -3 -2 -3 -5 -4 -4    2   6  30   4   1   1  15  19   3   1   6   4   2   0   1   2   1   0   0   0  0.60 0.37
   90 A    4 -3 -1 -4  4 -2 -3 -1 -4 -1 -3 -2  0 -4  1  0  1 -4 -2  1   40   1   2   1   8   1   1   4   0   3   1   2   2   0   7   6   9   0   1   9  0.51 0.34
   91 Q   -4 -3 -3 -3 -5  6 -2 -4  8 -5 -4 -2  3 -3 -5 -2 -4 -5  1 -5    1   0   0   1   0  39   2   2  33   0   2   2   6   1   1   3   1   0   5   1  1.61 0.71
   92 P   -4 -5 -5 -5 -5 -4 -4 -5 -5 -5 -3 -4 -5 -5  8 -2 -4 -5 -5 -5    1   1   1   1   0   1   1   1   0   1   3   1   0   0  84   3   1   0   0   1  2.62 0.92
   93 L   -3 -3 -4 -1 -4 -3 -3 -4  2  2  1 -4  0  6 -4 -2 -2  4  1  0    2   1   1   4   0   1   1   1   4  10  15   1   2  38   1   3   2   5   3   7  0.75 0.35
   94 G    1  0  0 -1  1  0  0  1  0 -1 -1 -1 -2 -1 -2  1  2  0  0  0    9   5   4   2   3   4   4  11   2   2   5   3   0   2   1  14  13   1   3   9  0.08 0.11
   95 D    0 -2  1  1 -3 -1 -1  2  1 -1  0 -1 -1  0 -1  0  1 -3 -1 -1    8   1   7  11   0   1   3  20   4   3  10   4   1   4   3   6   9   0   2   4  0.11 0.11
   96 S   -1 -2  0  2 -4 -1  1  3  1 -3  0  1 -1 -3 -3 -1 -1 -4  0 -3    4   1   3  11   0   1  11  28   3   1  12   8   1   1   0   3   4   0   4   1  0.29 0.22
   97 K   -2  1  1  4 -4  1  3  0  0 -2 -4  1 -3 -3 -1  0 -1 -4 -1 -2    1   9   7  21   0   4  20   6   2   2   1   7   0   1   3   7   3   0   2   3  0.37 0.25
   98 I   -1 -2 -3 -4 -1 -1 -3 -1 -3  3  1 -3  1  2 -4 -2 -2  5  1  2    5   2   1   0   1   3   1   4   0  20  13   1   3   9   0   3   1   9   5  18  0.39 0.24
   99 V    4 -4 -3 -4  4 -3 -3 -1 -2  0 -2 -3  0 -4 -3  2  1 -2 -3  1   39   0   0   0   8   0   0   4   1   4   3   0   2   0   0  16   8   1   1  10  0.58 0.37
  100 V   -3 -4 -5 -5 -4 -4 -5 -1 -4  4  3 -4  1  2 -4 -4 -3 -4 -1  3    1   0   0   0   0   0   0   5   0  24  32   0   2   7   0   1   1   0   2  22  0.74 0.36
  101 A    4 -4 -4 -4  1 -4 -4 -2 -4 -1 -2 -4 -2 -4 -4 -1 -1 -5 -4  5   35   0   0   0   3   0   1   3   0   2   3   0   1   0   0   4   4   0   0  41  0.85 0.46
  102 F   -5 -4 -3 -3 -1 -3 -3 -3  9  1 -1 -5 -4  3 -5 -5 -5 -5  0  0    0   0   1   2   2   1   1   3  54   8   7   0   0  11   0   0   0   0   2   8  1.68 0.69
  103 N   -4 -4  8  4 -6 -4 -2 -4 -3 -6 -6 -4 -5 -6 -5 -3 -4 -6  0 -6    1   0  70  18   0   0   2   1   0   0   1   0   0   0   0   0   0   0   3   0  2.06 0.82
  104 G   -4 -2 -4 -5 -6 -5 -5  7 -5 -6 -6 -5 -6 -6 -1 -4 -5 -6 -6 -6    1   2   0   0   0   0   0  89   0   0   1   0   0   0   3   0   0   0   0   0  2.24 0.83
  105 T   -2 -1  3  0 -4  1  3 -2 -1  0 -3  0 -2 -4 -1  0  2  0 -3  0    2   2  16   3   0   5  21   2   1   7   1   6   1   0   2   8  12   2   0   8  0.29 0.24
  106 I   -4 -5 -1 -5  0 -5 -5 -6 -5  5  4 -5 -2  1 -5 -5 -2 -5 -4  2    0   0   3   0   2   0   0   0   0  38  36   0   0   5   0   0   2   0   0  10  1.03 0.51
  107 S   -1 -1 -2  0 -3 -2  0 -3 -3  0 -1 -2 -2 -1 -1  2  3  0  2  1    5   3   0   5   0   1   7   2   0   4   6   2   0   2   2  18  22   1   9  10  0.26 0.26
  108 N   -3 -4  7  1 -5 -3 -3 -1  0 -5 -5 -2 -2 -5 -4  1 -1 -5 -4 -2    2   1  60   7   0   1   1   4   2   1   1   2   1   0   1  11   3   0   0   3  1.39 0.65
  109 Y    1 -2 -3 -1 -4 -2 -2 -3  4 -2 -1 -1 -3  2 -2 -3 -1  0  6 -2   14   2   1   4   0   1   2   2  10   1   6   4   0   9   2   1   3   1  32   2  0.67 0.40
  110 Y   -1  1  1  1 -3  0  1  0  0 -1 -1  1 -1 -1 -1 -1 -1  2  0  0    5  10   7   8   0   3  11   8   2   5   6  10   1   3   2   3   3   4   4   6  0.08 0.08
  111 Q    0  0  1  1 -3  1  3 -2 -2 -1 -2  0 -1 -3  1  0  1 -4 -2 -1    9   4   6   9   0   6  22   2   1   3   3   6   1   1   6   8   7   0   1   5  0.21 0.18
  112 F   -2  0  2 -1 -3 -3 -2 -4 -2  1  4 -3  0  1 -4 -2 -3  0  0  0    3   6  12   3   0   0   2   1   1   9  41   1   2   5   1   3   1   1   4   5  0.40 0.29
  113 G   -2  5 -3  0  0 -1  1  0 -1 -2 -3  2 -3 -1 -3 -1 -1 -4 -3 -3    2  39   1   6   2   2   8   8   1   2   2  11   0   3   1   5   4   0   0   2  0.58 0.36
  114 S    0  3  2  0 -1  0  0 -2  2 -3 -2  0 -3 -4 -3  1  2 -4 -3 -2    7  19  10   6   2   4   7   2   6   1   3   5   0   0   1  12  13   0   0   3  0.29 0.24
  115 F   -1 -2 -2 -1  0 -2 -1 -1  1  0  1 -1  1  1 -2  1  3 -3  0 -1    5   1   0   4   2   0   4   5   3   5  16   4   4   6   2  10  21   0   3   3  0.13 0.17
  116 R    0  1  1  1  0  1  1  0  1 -2 -1  1  0 -1 -2  0  0 -3 -1 -1    6  10   7   9   2   6  11   6   4   1   5   8   2   2   1   8   5   0   1   5  0.10 0.10
  117 V   -1 -2  1 -1 -1 -3 -1 -3 -3  1 -2 -2  0  0 -2  2  4 -2 -1  1    3   2   8   3   1   0   4   2   0   8   2   2   2   3   2  14  29   1   2  11  0.33 0.30
  118 D   -4 -5 -2  8 -6 -2 -1 -5 -5 -6 -3 -4 -6 -3 -1 -4 -2 -6 -6 -4    2   0   1  78   0   2   2   0   0   0   3   0   0   2   3   0   3   0   0   1  1.99 0.89
  119 T    0 -4 -1 -4  0 -2  0 -1 -4 -4 -3 -2 -4 -5 -2  4  5 -2  0 -2    8   0   2   0   2   1   5   5   0   0   2   2   0   0   1  29  34   1   3   2  0.71 0.51
  120 E   -4 -3 -1  0 -6  0  7 -3 -4 -6 -4  0  0 -6 -5 -2 -3 -6 -2 -6    1   1   3   5   0   3  67   2   0   0   2   6   3   0   0   3   2   0   1   0  1.44 0.77
  121 F    0 -1  0 -2  0 -3 -2 -2 -2  1  1 -2 -1  2 -3 -2  0 -4 -1  4    8   3   4   2   2   0   3   3   1   8  10   1   1   9   1   3   5   0   1  35  0.31 0.27
  122 I    1 -4 -2 -5 -4 -2 -4 -2 -4  5  2 -3  0 -1 -1 -2 -1 -4  0  1   11   0   2   0   0   2   0   4   0  35  21   2   2   2   3   2   3   0   3   9  0.50 0.36
  123 Y    3 -3 -2 -1  1 -3 -3 -1  0  1  1 -1  0  1 -2 -1  0 -3  2  0   27   0   2   3   3   0   0   5   3   7  15   3   2   7   2   3   6   0   7   4  0.18 0.23
  124 K    0  0  1 -1  2  2  0 -1  5 -2 -3  2 -3 -1 -2  0 -2 -3  3 -2    7   5   7   2   4   8   7   5  15   3   2  11   0   3   2   6   2   0  10   3  0.26 0.25
  125 F   -1 -4 -2 -1 -3 -3 -4 -1 -1  1  3 -2  0  3 -4  0  0  1  3  0    5   0   1   4   0   0   0   5   1   7  29   2   2  12   0   7   5   1  11   7  0.30 0.27
  126 F   -1 -1 -1 -1  1 -1 -1 -2 -2  2  2 -1  1  1 -3 -1 -1  3  2  0    3   4   3   5   3   3   3   3   0  12  20   3   4   7   0   6   3   4   7   7  0.11 0.14
  127 K    1  1  0  0  2  0  0  0  1 -1 -1  1  1 -3  1  0  0  2 -2 -2   11   9   4   6   5   3   6   5   3   5   7   9   4   0   6   8   4   3   0   0  0.08 0.12
  128 Q   -1  2  0  1 -4  2  2 -3  3 -2 -1  0 -1 -2 -3  0 -1  4  1 -3    4  13   4   8   0   9  14   1   8   2   8   5   1   1   1   7   3   7   4   1  0.30 0.26
  129 K   -1  2  0 -1 -2  1  2 -1  0 -1 -1  2  0 -1  0  0 -1 -3  1 -1    5  10   6   2   1   7  13   6   2   3   8  13   2   3   4   7   2   0   6   3  0.11 0.14
  130 L   -1 -2 -2 -2 -2 -1 -1 -2  0  2  3 -2  3  0  0 -1 -1 -3  1  0    4   1   2   3   0   2   3   4   2  10  34   2   8   3   4   5   2   0   5   5  0.25 0.22
  131 A    0  1  1  1 -2  1  1 -1 -1 -2 -3  2 -2 -3 -2  1  0  2  0 -2    8   9   6   9   1   5  11   5   1   3   1  13   1   1   1  11   6   3   3   3  0.17 0.16
  132 F   -1  0  1 -1  0  1  1  1  0 -1 -1  2  0 -1  1 -1  0 -2  0 -2    5   4   6   3   2   5  12  11   2   4   7  16   2   2   7   2   5   1   3   2  0.11 0.12
  133 R   -1  2  1  0 -4  0  1  2  2 -3 -2  1 -1 -3  1 -1 -1 -4  0 -3    5  11   6   5   0   3  10  18   5   1   5  10   2   0   8   3   3   0   3   1  0.23 0.19
  134 S   -1 -1  1  4 -4 -2  1  1  0 -3 -2  0 -1 -1 -1  1  0 -4 -1 -2    3   3   5  26   0   0  10  11   3   2   5   4   1   2   3  11   5   0   2   2  0.31 0.24
  135 I   -3 -2 -3 -1  0 -3  0 -4 -2  4  3 -2  2  0 -1 -3 -1  2 -1  1    1   3   1   4   2   0   6   1   1  22  30   2   5   3   3   1   3   3   2   7  0.38 0.27
  136 P   -1 -1 -1  0 -1 -1  2 -1 -1  0  0  1  0  2  3 -2 -2 -3 -2  0    5   3   3   6   1   2  17   4   1   6   8   8   2   9  14   2   2   0   1   8  0.17 0.18
  137 D   -1  0  0  4 -5  1  5 -2  0 -3 -3 -1 -2 -5 -2 -1 -2  0 -2 -3    5   4   4  23   0   6  35   2   2   2   2   4   1   0   2   4   2   1   1   1  0.65 0.41
  138 T    4  1 -2 -1 -3 -2 -1  0 -3 -1 -2  0 -3 -4 -1  1  0  0 -1 -1   37   9   1   3   0   1   4   8   0   3   4   6   0   0   3   8   5   1   2   5  0.31 0.28
  139 V    0 -4 -3 -3 -3 -2 -1 -3 -4  4  2 -2  3  1 -4 -2 -2 -2 -1  2    8   0   1   1   0   1   5   1   0  22  22   2   7   6   0   2   2   1   1  16  0.40 0.27
  140 K    0  3 -2 -2 -1  1  2 -3 -1  0  0  3 -1 -2 -2  0 -1 -4 -1 -1    6  18   1   2   1   6  14   1   1   5   8  18   1   2   1   5   3   0   2   4  0.25 0.22
  141 E    0  1  2  2 -4  0  2 -2  1 -2 -2  1 -1 -2 -3  0  0  3  1 -1    6   6   9  10   0   4  17   3   4   1   3  11   2   1   0   6   4   4   5   4  0.21 0.18
  142 F    2 -2 -3 -3  0 -2 -2 -1 -2  1  1 -2  1  1 -3  1  2 -3  0  1   22   1   0   0   1   1   2   4   1   8  13   2   4   6   1  10  13   0   3  11  0.20 0.21
  143 M    0 -3 -2 -3  1 -2 -4 -4  0  1  3 -3  3  2 -3 -2 -2 -1  2  1    6   1   2   1   2   2   0   1   2   6  34   2   8   8   1   2   2   1   9  11  0.37 0.26
  144 K    0  1  1  1 -3  0  1 -1 -1 -2 -1  2 -1 -3  1  0  1 -3 -1 -2    9   7   8   8   0   4  10   4   1   1   6  14   1   0   8   6   8   0   3   2  0.16 0.14
  145 V    0  2  0  1 -3  2  2 -2 -1 -1 -1  2  0 -2 -2  0  0 -3  0 -1    9  11   4   7   0   8  13   2   1   2   5  14   3   1   0   5   4   0   5   6  0.15 0.14
  146 V   -1 -1 -4 -5  2 -3 -4 -5 -1  3  3 -4  1 -1 -1 -3 -1 -4 -3  2    4   3   0   0   4   0   0   0   2  19  38   0   3   2   4   1   4   0   0  14  0.49 0.30
  147 D   -2  3  2  3 -4  0  0 -2  0 -1 -3  2  0 -1  0 -1  0 -4 -1 -1    1  17   9  17   0   3   6   1   2   3   0  14   2   3   5   3   5   0   2   6  0.26 0.21
  148 G   -1 -3 -1 -1 -5 -4 -4  6 -4 -2 -3 -1  0 -3 -3 -1 -3 -5 -2 -5    4   1   3   3   0   0   0  68   0   3   2   4   3   1   1   4   1   0   1   0  1.19 0.54
  149 G    2 -1 -1 -1  2 -1 -1  0 -1 -1 -2  0  0  1  2  1  0 -3 -2  0   26   2   2   3   6   2   3   6   1   3   2   5   2   8   9  11   4   0   0   5  0.15 0.15
  150 Y    0 -4 -4 -4 -4 -4 -4 -1  0 -2 -2 -4 -1  6 -4 -2 -2  2  6 -2    9   0   0   0   0   0   0   6   2   2   2   0   1  35   0   3   3   2  30   2  0.95 0.44
  151 S    3 -3  0 -2  2 -2 -2  1 -3 -2 -2 -2 -2 -1  0  3  2 -4 -3  0   27   0   4   0   5   0   0   9   0   0   3   0   0   3   5  26  12   0   0   6  0.32 0.25
  152 V   -1 -3 -2 -2  1 -3 -3 -2 -2  2  2 -3  2  4 -1 -1  0 -1  2  1    3   0   2   2   3   0   0   2   0  11  21   0   6  21   3   3   5   0   9   7  0.25 0.17
  153 A    1 -2  0 -2  0 -2 -1 -1 -3  2  1 -2  1  0 -2 -1  1 -3 -2  2   14   1   5   1   2   0   3   3   0  12  17   1   3   3   1   3   8   0   0  24  0.15 0.13
  154 I    0 -3 -3 -4  3 -3 -3 -2 -3  3  2 -3  2  0 -3 -2 -1  1  0  2    9   0   0   0   7   0   0   3   0  17  23   0   7   4   0   0   2   2   3  21  0.31 0.20
  155 L    0 -2 -4 -4  1 -3 -4  0 -1  2  2 -1  3  1 -4 -2 -1  2  1  0    7   2   0   0   3   0   0   9   2  11  25   4  11   7   0   2   2   3   6   6  0.29 0.25
  156 L   -1 -1  0  2  0 -1 -2 -1 -1  0 -1 -3  2  1 -4  1  3  0 -1 -2    5   2   5  15   2   3   1   4   2   6   6   0   7   6   0  11  22   1   1   1  0.24 0.27
  157 N    0  2  1  1 -1  0  0 -1  1 -2 -3  2 -3 -3  0  2  2 -4 -2 -1    5  11   8   7   1   4   4   4   3   3   1  11   0   1   4  16  12   0   1   4  0.18 0.19
  158 D   -1  1  1  4 -5  0  2  1  4 -5 -5 -1 -4 -5  1 -1 -2 -5 -4 -5    6   9   7  24   0   3  13  10  11   0   0   3   0   0   6   4   2   0   0   0  0.54 0.37
  159 E   -2 -1  2  2 -4 -1  0  3  2 -4 -3  0 -3 -1 -2  0  0  3  1 -4    2   4   9  12   0   1   7  21   5   0   3   7   0   3   1   7   7   4   6   0  0.28 0.24
  160 E   -1  1 -1 -1 -3  0  1  1 -1 -2 -3  2  0 -1  3  0  0 -3  0 -2    4   9   2   3   0   4   9  13   1   2   2  15   3   2  13   5   8   0   3   2  0.22 0.19
  161 I    0 -2  0  0 -3  1  0  0  2  0 -1  0  1  1 -3  0  0  4  1  0    6   0   6   6   0   6   6   6   6   6   6   6   6   6   0   6   6   6   6   6  0.09 0.13
  162 V    0 -2 -3 -4 -2 -2 -1  0  0  3  0 -3  2  2 -4 -3  0  2  2  2    7   2   0   0   1   1   5   9   2  21   7   0   6  10   0   0   5   3  10  13  0.24 0.21
  163 V    4 -4 -2 -4  1 -4 -4  1 -4  1  0 -4  0 -1 -4 -2 -1 -4 -2  2   40   0   2   0   3   0   0  11   0   8   9   0   2   2   0   0   3   0   1  19  0.49 0.35
  164 F    2 -1 -2 -4 -1 -3 -4 -3  0  1  1 -2  0  2 -4 -2 -2  2  4  2   20   4   2   0   1   0   0   1   2   8  15   1   2   9   0   1   1   2  14  17  0.33 0.26
  165 R   -1  7  1 -4 -5 -1 -3 -2 -3 -4 -3  2 -4 -2 -4 -2 -1 -5 -4 -2    5  59   8   0   0   2   0   3   0   0   2  10   0   2   0   1   4   0   0   3  1.09 0.52
  166 D    1 -4  0  7 -5 -2 -2 -1 -2 -3 -5 -2 -3 -5  0 -1 -2 -5 -1 -5   13   0   2  61   0   1   0   4   1   2   0   2   1   0   4   3   2   0   3   0  1.14 0.53
  167 P   -1  4 -2 -2 -1 -1  0 -2  0 -2 -3  0 -3 -4  5 -2 -2 -4 -1 -2    4  27   2   1   2   2   6   3   3   2   3   3   0   0  32   2   2   0   3   2  0.72 0.36
  168 K   -1  1  0 -1 -3 -1  0 -2  0  2  0  1  1  1 -2  0 -1  1  1  0    3   8   6   4   0   2   5   1   2  17  11  10   4   8   1   6   3   2   4   3  0.06 0.10
  169 G    1 -1  0 -3 -4 -3 -3  5  0 -4 -1  1 -4 -4 -4 -1 -2 -4 -4 -4   11   3   5   0   0   0   0  52   3   0   7  11   0   0   0   4   2   0   0   0  0.80 0.40
  170 F    0 -1  0 -2  3 -2 -1 -2 -3  2  2 -1  0  2 -3 -2 -2  3 -1  0    8   4   6   3   7   0   4   2   0  13  24   3   1  10   1   2   1   5   1   7  0.17 0.15
  171 H   -1  6  0 -3 -3 -1 -1 -4  3 -3 -5  3 -4 -5 -2  2 -1 -5 -4 -3    4  44   5   0   1   1   3   0   6   1   0  17   0   0   1  14   3   0   0   1  0.87 0.46
  172 P   -2 -5 -2 -5 -6 -5 -3 -4 -3 -6 -1 -2 -5 -7  8 -1 -3 -7 -6 -6    3   0   2   0   0   0   1   1   1   0   8   2   0   0  77   4   2   0   0   0  2.17 0.83
  173 V    0 -5 -6 -6 -4 -5 -5 -3 -5  0  5 -5  4 -1 -5 -4 -2 -4  0 -1   10   0   0   0   0   0   0   2   0   3  69   0  10   1   0   0   1   0   3   1  1.12 0.55
  174 V    0 -4 -1 -4  2 -2 -3 -4  0  1  1 -3  0  0 -4  0  0 -3  3  4   10   0   3   0   5   1   1   0   2   7  12   0   1   3   0   7   4   0  10  34  0.37 0.28
  175 L   -1 -4 -4 -5 -1 -2 -4 -1 -3  4  2 -4  3  1 -4 -3 -2 -1  2  2    5   0   0   0   1   1   0   6   0  24  22   0   9   6   0   1   1   1   9  13  0.46 0.28
  176 G    3 -3 -3 -2  1 -4 -4  5 -4 -2 -2 -2 -3 -3 -3 -2 -3 -1  0 -2   24   1   0   2   3   0   0  50   0   3   4   2   1   1   1   1   1   1   3   2  0.86 0.44
  177 F   -1  2 -1 -1 -2  0  3 -1  3 -1 -1  2 -2  0 -3 -2 -1  0  1  0    3  10   2   2   1   2  23   4   7   4   4  13   0   3   0   1   2   1   6  10  0.22 0.21
  178 L   -1  2  0  0 -2 -2  0  2  0 -2 -1  1  0  0 -2  0  1 -3  1 -2    2  12   5   6   1   0   4  18   2   2   8  11   2   5   1   5  11   0   5   1  0.14 0.16
  179 E   -2 -2  0  4 -2 -1  2  3 -2 -3 -4  1 -2  0 -1 -1 -2 -5 -2 -3    2   1   3  29   1   3  13  21   1   1   1   8   1   4   4   3   1   0   1   2  0.49 0.32
  180 G   -2 -3  2  4 -4  0  1  4 -3 -4 -5 -3 -5  1 -4  0 -2 -5 -3 -3    2   1   8  28   0   4   9  29   0   1   0   1   0   7   0   5   1   0   0   2  0.70 0.42
  181 S   -1  0  0  0  2  0  0 -1  2  0 -1  0  1  0 -3  0  0  3  1  0    5   5   5   5   5   5   5   5   5   5   5   5   5   5   0   5   5   5   5   5  0.06 0.10
  182 L    0 -3 -1 -3 -1 -3 -3 -4 -1  2  0 -1  2  1 -2 -1  0  3  4  2   10   0   3   1   1   0   0   0   1  12   8   4   5   6   1   3   4   5  19  15  0.28 0.21
  183 I    0  1 -1 -4  1 -3 -3 -3 -2  2  0 -1  0  3 -4 -2 -1  0  4  2   11   9   4   0   4   0   0   1   0  12   9   2   2  12   0   0   4   1  16  14  0.25 0.20
  184 V   -1 -2 -3 -3  0 -2 -3 -3 -2  2  1 -1  2  3 -3  0 -1  4  1  2    4   0   0   0   2   0   0   0   0  13  14   5   5  17   0   7   3   6   4  17  0.24 0.14
  185 S    3 -2  0 -2  1  1  0  0 -2  0 -2 -2 -2 -1 -2  2  1 -4 -3 -1   35   0   4   0   3   8   3   5   0   8   0   0   0   2   0  22   8   0   0   2  0.29 0.20
  186 S    0 -2  1  2 -3 -1  0 -2 -2 -4 -4  1 -3 -1 -3  5  1 -4 -3 -3    5   0   4  10   0   0   4   0   0   0   0   7   0   3   0  61   4   0   0   0  0.68 0.34
  187 E    0 -2  2  1 -2 -1  1  1  3 -2 -2 -1 -2 -2 -2  1  1 -2  2  0   10   0  10  10   0   0  10  10  10   0   0   0   0   0   0  10  10   0  10  10  0.17 0.12
  188 D   -1 -1  0  1 -3  0  2 -1 -2  0 -1 -1  0 -1  2 -1  0 -3  0  0    5   3   4  10   0   4  17   4   0   8   6   3   3   3  12   4   5   0   4   6  0.14 0.13
  189 S    1  1 -1 -3  3 -1 -1 -2 -3  1 -1  1  1  0  0  0  0  1 -2  0   11  10   2   0   8   2   3   1   0   8   5  10   6   5   5   9   7   2   0   8  0.12 0.15
  190 V    4 -4 -1 -2  2  0 -2 -1 -4  0 -1 -1  1 -2  1  0 -2  1 -2 -1   45   0   3   1   5   3   3   3   0   5   5   3   4   2   6   4   1   2   1   3  0.44 0.35
  191 I   -1 -2 -2 -5 -4 -4 -5 -3 -4  4  3 -2  2  2 -5 -2 -2 -4 -1  1    6   2   2   0   0   0   0   2   0  24  34   2   5   9   0   3   2   0   2   7  0.54 0.33
  192 R   -1  2  0  2 -3 -1  1 -2  0  0  0  0 -1 -1 -2 -1  0  0  0 -1    5  15   4  13   0   2   8   1   2   8  12   6   1   3   1   4   4   1   4   4  0.11 0.13
  193 Q    0  0  1  0 -3  0  1 -1  1  0 -1 -1 -1 -1  2 -1 -1 -3  0  1   10   6   6   6   0   3   9   5   4   8   5   3   1   2  10   3   3   0   3  12  0.08 0.09
  194 L   -1 -4 -2 -2 -1 -2 -1 -2 -1  2  3 -3  2  1 -4 -1  0 -4  0  2    5   0   2   3   1   1   4   3   1  13  31   1   5   5   0   3   4   0   3  14  0.29 0.23
  195 G   -1 -3  0  1  5 -2 -1  4 -2 -2 -4 -2  0 -1  0  0  1 -5 -4 -4    3   1   3  10  12   1   4  32   1   2   1   2   2   3   5   5  11   0   0   0  0.52 0.36
  196 G    1  0  0  1  1 -1 -1  2  0 -1 -2  0 -1 -1  1  0 -1 -3  0 -1   11   4   5   7   3   2   3  21   2   5   4   7   2   3   7   4   3   0   4   4  0.11 0.11
  197 S   -1  1  0  2 -5  1  4 -1  0 -3 -3  1 -1 -5 -3  1  1 -5 -4 -3    5   6   4  12   0   6  28   4   2   2   2   8   2   0   1   9   8   0   0   2  0.40 0.32
  198 V   -1 -1  1  0 -1 -1  0 -3  1  0  0 -1 -1  3  0 -1  0  1  2  1    5   3   8   6   1   1   8   1   4   6   8   2   1  15   5   3   6   2   6  10  0.11 0.13
  199 L   -1  0 -2  1  0 -3 -1 -2 -2  4  0 -1 -1  0 -4 -2 -1  3  1  2    4   6   2   9   2   0   4   3   1  26   7   3   1   4   0   3   3   4   4  14  0.23 0.22
  200 K   -2  5 -2 -1 -5  1  1 -3  1 -2 -3  1 -2  1 -4 -2  0  3  1 -2    4  35   2   2   0   6  11   1   3   3   2   6   1   5   0   1   6   5   4   3  0.55 0.39
  201 H   -2 -1 -2  3  0  0  4 -2  2 -1 -2 -2 -2  0 -2  1 -1 -5 -2  0    2   2   1  18   2   4  26   3   5   4   5   2   1   4   2  10   3   0   1   6  0.34 0.30
  202 I   -3 -5 -5 -4  0 -4 -1 -5 -3  3  2 -5  0  2  1 -2 -4  5  0  3    1   0   0   1   2   0   4   0   1  14  18   0   2  10   9   3   0   8   3  24  0.58 0.38
  203 L    1  0 -1  0 -3  0  3 -3  0 -3 -1  2  2 -3  1  0 -1  0 -3 -2   10   5   2   5   0   3  25   1   2   1   7  11   6   1   6   6   3   1   1   2  0.27 0.26
  204 P   -1 -4 -1  1 -6 -5 -2  0 -1 -6 -4 -5 -6 -3  8 -5 -5 -7 -6 -5    5   1   3   7   0   0   3   7   2   0   2   0   0   2  65   0   0   0   0   1  1.83 0.88
  205 S   -1 -4 -3 -1 -7 -2 -3  7 -2 -7 -7 -3 -7 -7 -2 -2 -5 -7 -7 -7    5   1   1   4   0   2   2  76   1   0   0   1   0   0   3   3   0   0   0   0  1.80 0.83
  206 E   -3 -3 -3  0 -2 -1  6 -4  4 -3 -6 -1 -5 -6 -4 -2  1  0 -5 -4    2   1   1   5   1   2  60   2   8   2   0   3   0   0   1   3   8   1   0   1  1.29 0.71
  207 M    1 -4 -5 -5 -1 -3 -3 -4 -5  4  2 -4  3 -2  2 -2 -2 -2  0  3   10   0   0   0   1   1   1   1   0  23  16   0   8   1  11   3   2   1   3  17  0.50 0.34
  208 I    0 -2 -5 -3 -4 -4 -2 -4 -4  3  1 -3  1  1 -5 -4 -3 -4  4  5    7   3   0   1   0   0   2   1   0  14  10   2   3   6   0   0   1   0  13  37  0.65 0.41
  209 I   -2  0 -4 -3 -4 -3 -2 -5 -1  4  0 -1  1  1 -4 -1  0  0  1  3    3   5   0   2   0   0   3   0   1  25   8   5   3   6   0   4   4   1   5  25  0.42 0.30
  210 M   -1 -1 -3 -3  0 -2 -3 -4 -4  3  1 -3  0  2 -5 -1 -1  6  3  2    4   3   1   1   2   2   1   1   0  18  11   2   1   8   0   4   4  11   9  17  0.46 0.31
  211 K   -1  2  0  3 -1  0  2 -1  0 -4 -4  2 -3 -3 -2  1  1 -4  0 -4    3  10   3  15   1   4  13   5   2   0   1  14   1   1   1  11  11   0   4   0  0.32 0.28
  212 N   -1  2  1  2 -4  0  2  0  1 -2 -1  1 -2 -2 -1  0 -1 -4 -3 -2    4  12   7  15   0   4  14   7   4   2   6  10   1   2   3   5   2   0   0   2  0.21 0.19
  213 G   -3 -3  3  3 -5  0  1  4 -1 -5 -3  0 -4 -3 -4  0 -2 -1  0 -5    1   1  12  15   0   4  10  33   1   0   3   6   0   1   0   7   2   1   4   0  0.57 0.38
  214 K   -2  0  0 -1 -3 -1  2  4 -1 -1 -3  2 -3  0 -4  1 -1 -4 -4 -2    1   5   3   3   0   1  14  28   1   4   1  13   0   4   0  12   3   0   0   3  0.35 0.29
  215 I   -1  0 -1  0  0 -1  0 -2  1  2  0 -1  1  1 -2 -2  0 -3 -1  3    3   7   3   5   2   2   6   3   4  14   8   2   3   6   1   2   4   0   1  24  0.12 0.15
  216 L   -1  1 -1 -2  0  0  1 -1  1  1  0  2 -1 -1 -1  1  1 -3 -1  0    3   6   1   0   2   2  10   4   4  13   8  14   0   3   3  10   8   0   1   8  0.09 0.14
  217 Y    0  0 -2 -2 -2 -2 -1 -1  0  0 -2  1 -2  2 -2  2  0 -3  3  0    7   4   1   2   1   1   3   4   2   5   2   9   1  10   1  21   6   0  12   8  0.20 0.22
  218 D   -2  0 -1  2 -4 -1  2 -2  0 -1 -2  0 -2 -1 -4  2  0  4  2 -1    1   5   2  12   0   1  17   3   2   5   4   6   0   3   0  17   4   6   8   4  0.27 0.26
  219 K   -1  2 -1  1 -2  2  1 -2  0  0 -2  2 -2  0 -3  1 -1  0  1 -2    3  12   2   7   1   9  11   2   2   8   2  16   1   4   0  10   2   2   5   2  0.21 0.21
  220 V   -2 -1  0 -3  1  0 -1 -2  1  2  0  0  0  0  1 -1 -1 -3  1  3    2   3   4   0   3   6   4   2   3  14   7   7   1   4   6   3   3   0   4  23  0.15 0.17
  221 I    0  0  0 -1  1 -1  0  0 -1 -1 -1  0  0  1  2  0 -1 -2  1  0    5   7   4   4   4   2   5   9   1   2   6   4   2   8  12   6   3   0   4  10  0.08 0.09
  222 Y    0 -1 -1  0  0  0  1  1 -2 -1  0  0  0  1  0  0  0  1  1 -1    9   1   3   5   2   3  10  11   0   2   9   5   3   8   5   7   4   2   6   5  0.04 0.07
  223 E    0 -1  0  1 -2  0  1  1 -2 -3 -2  1 -2  0  2  0 -1  4 -1 -3    9   2   3   9   1   5  11  12   1   1   3  10   0   5  11   7   3   6   1   1  0.21 0.19
  224 E   -1  2  1  0 -2  0  3 -1  2 -3 -3  1 -3 -5  3  0 -1 -5 -4 -1    5  11   6   4   1   2  21   5   5   1   1  10   0   0  13   6   4   0   0   5  0.33 0.27
  225 K    1  1 -2 -2 -4  1  1 -2 -3 -1 -2  1 -2 -3  3  0  1 -4 -3  1   10   9   1   1   0   6  11   3   0   4   3  11   1   1  14   6   7   0   0  11  0.24 0.22
  226 N    0  0  1  0 -3  1  0 -2  2  0  0  0  1 -2  1  0  0 -3  1  0    6   6   6   6   0   6   6   0   6   6   6   6   6   0   6   6   6   0   6   6  0.07 0.11
  227 Y   -1  1 -1 -1  1  0 -1  1  2 -1 -1  1  0 -1  2  0 -1 -3  1 -1    4   9   3   4   4   5   3  10   6   3   7   9   3   3  10   5   3   0   6   3  0.10 0.12
  228 A    1  2  0 -1  0  0  0 -3  3 -2 -3  2  0 -1 -1  1  0 -4 -1 -2   14  13   5   2   2   3   4   0   7   2   0  16   3   3   2  13   5   0   2   2  0.25 0.27
  229 T   -1  0 -3 -4 -4  0 -3 -2  4  1  0 -1  1  1  2  0  1 -3  1  0    4   4   0   0   0   4   0   3  12   9  10   3   3   7  11   8  11   0   5   6  0.23 0.24
  230 C   -1 -2 -5 -1 10 -5 -2 -5 -5 -2 -5 -5 -5 -1  2 -1 -4 -5 -5 -4    5   3   0   3  64   0   3   0   0   2   1   0   0   3  10   4   0   0   0   0  2.17 0.80
  231 S    3  0 -3 -2 -3 -1 -1 -3 -3  2  0 -2  0 -1 -3  2  0  1 -3  1   25   5   0   2   0   2   4   0   0  16   8   2   1   2   0  18   4   2   0   9  0.25 0.24
  232 F   -1 -5 -5 -5 -5 -5 -5 -5  0  1  1 -5  3  7 -5 -4 -1 -3  2 -3    5   0   0   0   0   0   0   0   2   6  10   0   8  56   0   0   5   0   4   0  1.34 0.58
  233 E   -4 -2 -1  1 -6 -2  7 -2  1 -5 -2 -1 -5 -5  0 -3 -4  3 -4 -5    0   2   2   6   0   0  66   4   4   0   4   3   0   0   4   0   0   4   0   0  1.28 0.63
  234 Y   -3  0 -1 -5 -5 -1 -4 -2  2 -2 -1 -3  0  4 -5 -3 -2  4  7 -2    1   6   3   0   0   3   0   4   5   2   5   1   2  15   0   1   2   5  41   3  0.96 0.48
  235 I    0 -4 -4  0 -3 -4 -4 -4  0  5  0 -4 -2  1 -4 -3 -3 -4 -1  4    6   0   0   7   0   0   0   1   2  31   7   0   0   7   0   1   0   0   2  34  0.70 0.36
  236 Y    0  1 -3 -4 -4 -3 -3 -4  3 -3 -3 -3 -3  3  1 -3 -3 -1  7 -3    9   9   0   1   0   0   1   1   8   1   1   1   0   8   8   1   1   0  51   1  1.03 0.35
  237 F    1 -1  0  0 -3  1  2 -2 -1 -1  0  0  1  1 -2  0  1 -2  0 -1   11   0   4   4   0   8  22   1   0   4   8   4   4   9   0   4  12   0   4   0  0.14 0.12
  238 A    3 -2  1  0 -2  0 -1  1 -2 -2 -1 -1  1 -2 -2  2 -1 -3  0 -2   37   0   6   4   0   4   1  12   0   0   7   0   5   0   0  18   0   0   4   1  0.26 0.17
  239 R   -1  5  0  2 -4  2  0 -2  1 -1 -2  0 -2 -3 -3 -2 -2 -3  0 -3    5  48   3  11   0   9   3   3   4   4   4   0   0   0   0   1   0   0   4   1  0.56 0.26
  240 P    1 -3 -1 -2 -3 -2 -2 -2  0  0  0 -2 -2  0  6 -1 -1 -4 -3  1   17   0   2   2   0   2   2   2   2   4   7   0   0   5  39   2   2   0   0  12  0.65 0.26
  241 D   -1  0  1  6 -4  0  1 -2 -3 -2 -4 -2 -4 -1 -3  0  0 -5 -4 -2    4   5   7  49   0   4   6   2   0   2   1   0   0   3   0   7   6   0   0   3  0.72 0.35
  242 S    1 -3 -1  0 -3  0  0 -3  1 -4 -3 -2 -3 -2 -3  5  1 -4  0 -3   10   0   1   5   0   5   6   0   3   0   3   0   0   2   0  53   5   0   4   0  0.64 0.39
  243 N    0 -1  2  0  0  0  0 -2  1  1 -1  1 -1  0 -2  0  1 -3  0  1    4   2  10   5   2   2   4   0   4  10   2  12   1   4   0   7   9   0   3  16  0.08 0.11
  244 I   -1 -1 -4 -1 -3 -3 -4 -4 -4  5  1 -3  3  2 -4 -2 -2 -3  0  3    4   3   0   4   0   0   0   0   0  38  10   0   7   8   0   3   0   0   2  18  0.50 0.28
  245 D   -1 -2  1  3 -2 -1  2  2  1 -2 -1 -1 -2  2 -3 -1 -2 -1  1 -3    3   0   7  21   1   2  14  17   4   2   8   3   0  10   0   1   0   1   4   0  0.26 0.19
  246 G   -1 -3  0  2 -4 -1  0  5  1 -4 -3 -2 -4 -4 -4 -2 -3 -4  0 -1    5   1   5  11   0   2   5  53   3   0   2   2   0   0   0   1   0   0   3   4  0.75 0.34
  247 H   -1  2 -1 -2 -3  2 -1 -1  0  1 -1  3 -1 -3 -3  0  0 -1 -2  2    1  14   1   1   0  11   1   4   2   7   5  20   1   0   0   6   6   1   1  17  0.20 0.19
  248 S    0  0  4 -1 -2 -1  0  1  0 -3  0 -2 -1 -3  0  2 -1  0 -3 -3    5   4  22   2   1   1   6  12   2   0  12   0   1   0   5  23   2   1   0   0  0.28 0.23
  249 V    0 -4 -4 -4 -3 -4 -4 -4  1  2  0 -4 -1 -3 -4 -2  0 -4 -3  6    8   0   0   0   0   0   0   0   3  11   6   0   0   0   0   3   5   0   0  61  0.84 0.41
  250 Y    0 -1  1 -1 -2  1  0  0  2  0 -1  0  1  1 -2  0 -1 -2  2  0    8   0   7   0   0   7   8   8   7   8   1   8   7   7   0   8   0   0   7   8  0.08 0.13
  251 L    0  0  1  2 -1  0  3 -2 -1 -2 -1  0  1 -3 -2  1  0 -2 -3 -2    9   4   6  11   1   2  25   2   1   1   6   5   5   0   0  13   4   1   0   2  0.24 0.18
  252 A    2 -2 -3 -2  0 -2 -3 -3 -3  1 -1 -3  0  3 -3  1  1 -3 -1  2   22   2   0   3   1   0   1   1   0   5   3   0   3  15   0  10  11   0   1  20  0.27 0.21
  253 R   -1  8 -3  0 -6 -2 -3 -5 -3 -5 -5 -1 -4 -5 -5 -4 -4 -5 -5 -5    5  85   0   5   0   0   0   0   0   0   1   0   0   0   0   0   0   0   0   0  2.03 0.71
  254 I   -2  2 -2 -1 -3  0  0 -1  3  0 -1  2  0 -1 -3 -2 -1 -1  2  1    2  16   0   3   0   3   8   5   9   5   6  14   2   2   0   0   3   1  10  12  0.19 0.19
  255 R    0  3  1 -1 -2  1  1 -3  1 -3 -2  3 -3 -3 -3  0  0  2 -1 -2   10  20   9   2   1   5   9   0   3   0   3  20   0   0   0   5   4   3   3   3  0.33 0.23
  256 L   -1 -1 -4 -5  3 -2 -4 -5 -4  1  4 -4  6  0 -4 -2 -1 -4 -2 -1    6   3   0   0   6   1   0   0   0   6  37   0  27   4   0   3   3   0   1   1  0.73 0.38
  257 G    1  0 -3 -3 -4 -1 -1  6 -4 -5 -5 -3 -4 -5 -4 -1 -1 -4 -4 -4   10   6   0   0   0   3   5  64   0   0   1   1   0   0   0   4   4   0   0   1  1.09 0.44
  258 E   -1  3 -1  0 -1  1  4 -2  0 -3 -2  3  0 -4 -3 -1 -1 -4 -3 -1    4  16   2   5   2   4  28   2   2   0   4  20   2   0   0   3   2   0   0   4  0.42 0.25
  259 L    1  1 -1 -2  0  1  1 -3  0  0  0  1  1 -1 -2 -1  0 -2  2  0   14   8   3   0   2   6  10   1   2   7  11  10   5   2   0   1   4   0  11   5  0.10 0.13
  260 L   -4 -4 -5 -5  2 -4 -5 -5 -5  2  5 -4  2 -2  0 -4 -3 -4 -4  0    1   0   0   0   4   0   1   1   0   8  68   0   5   0   4   1   0   0   0   5  1.09 0.46
  261 A    5 -1 -3 -4  2 -3 -3  0  0  0 -3 -1 -3  0 -3  0 -2  2  1 -1   48   4   0   0   4   0   0   7   3   5   1   4   0   4   0   6   0   3   6   3  0.54 0.40
  262 E   -1  2  0  1  1  2  3 -1  2 -2 -2  1 -2 -3  0  0  0 -3  0 -3    4  10   4   6   4   8  19   5   5   3   5  11   0   0   4   4   5   0   3   0  0.21 0.21
  263 K    0  0  0  0  2  1  0  0  2  0 -1  0 -1  0 -2  0  0 -2  1  0    6   6   6   6   6   6   6   6   6   6   6   6   0   6   0   6   6   0   6   6  0.03 0.07
  264 H    0 -1  1  1  1 -1  1 -1  3  0  0 -1  0  1 -2  1  0 -2  1 -1    8   2   6   6   4   2  11   4   8   5   8   3   3   6   0  13   3   0   5   3  0.07 0.11
  265 P   -1  0 -1  1 -4  0 -1 -1 -3  0 -2  2 -1 -2  5 -1 -1 -4 -1 -2    4   5   3   9   0   5   2   5   0   6   3  16   2   1  28   3   3   0   3   2  0.45 0.28
  266 A    1 -1  0 -1  1  0 -1 -1  0  1  0 -1  0 -2 -2 -1 -1  0  0  2   15   3   4   4   3   4   4   4   3  11   7   3   2   0   0   2   2   2   3  22  0.07 0.11
  267 N   -1  0  2  4 -3  1  2 -1  2 -2 -2  1 -2 -3  0  0 -1 -4 -3 -3    3   3   8  24   0   5  16   3   5   2   3  12   0   0   3   7   3   0   0   1  0.34 0.19
  268 G    2 -2 -1 -1  0 -1  0  1 -2  1 -1  0 -1 -1  0  0  0 -3 -2  1   30   0   3   4   2   0   6  11   0  10   3   6   0   2   5   2   4   0   0  10  0.14 0.14
  269 D   -1  0  2  5 -4 -1  1  0 -2 -4 -4 -1 -3 -3  1  0 -2 -3  1 -3    6   6   9  44   0   0   7   6   0   0   1   1   0   0   6   6   1   0   5   1  0.56 0.25
  270 I    0 -2 -1 -2  1 -2 -1 -3 -2  1  1 -2  1  1 -2 -1  0 -1  2  2    7   0   4   0   4   0   5   1   0  11  16   1   6   5   0   5   6   0  12  16  0.12 0.10
  271 V    0 -3 -4 -4 -2 -3 -3 -2 -4  2  2 -3  0 -2 -3 -2 -1 -4 -2  5    4   0   0   0   0   0   0   3   0  11  15   0   0   0   0   0   3   0   0  61  0.56 0.19
  272 V    0 -3 -3 -2  0 -2  0 -2 -3  3  0 -2  1 -2 -3  0  0 -3 -2  3    4   0   0   0   2   0  11   3   0  23   5   0   3   0   0   7   4   0   0  38  0.27 0.13
  273 P    1 -3 -1 -2 -3 -2  1  3 -2 -1 -2 -2 -2 -3  4 -1 -1  0  0  2   10   0   3   0   0   0  10  25   0   0   0   0   0   0  21   2   2   1   4  22  0.38 0.14
  274 V    0 -3 -3 -3 -2 -3 -3 -1 -3  3  0 -3  1 -2 -3  1  0 -4 -2  4    4   0   0   0   0   0   0   5   0  18   3   0   5   0   0  16   3   0   0  47  0.38 0.17
  275 P   -2 -3 -3 -3 -4 -3 -3 -4 -4 -4 -1  1 -3 -5  8 -1 -3 -5 -4 -4    0   0   0   0   0   0   0   0   0   0   8  10   0   0  77   4   0   0   0   0  1.84 0.34
  276 D   -3 -1  1  7 -5 -1  3 -3 -2 -4 -3 -2 -4 -5 -3 -1 -2 -5 -4 -4    0   4   5  70   0   0  16   0   0   0   3   0   0   0   0   2   0   0   0   0  1.16 0.28
  277 S    0 -1  0 -1 -2 -1 -1  0 -2 -1 -1 -1 -2  0 -1  4  2 -3 -2 -1    3   2   2   1   0   2   1   6   0   5   4   1   0   5   2  47  18   0   0   3  0.31 0.15
  278 S    1 -2 -1 -2 -3 -2 -2  5 -2 -3 -3 -2 -3 -3 -2  2 -1 -3 -3 -3   12   1   0   1   0   0   1  58   0   1   1   1   0   0   1  21   1   0   0   1  0.80 0.19
  279 R   -1  2  0 -3  0 -2 -2 -2 -3  1  1 -2  1  1 -3 -1  1  0 -1  2    2  17   4   0   2   0   2   3   0   7  17   0   4   6   0   2   9   1   2  23  0.17 0.14
  280 P    2 -3 -2 -1 -1 -2 -2 -3  0  1 -1 -1 -1 -1  3  1  0 -3  0  2   21   0   0   3   1   0   0   0   3   9   5   3   0   3  17   9   6   0   4  16  0.25 0.15
  281 I    3 -1 -2 -3  0 -2 -2  0 -1  0 -2  0 -2 -1 -3  2  0 -1  2 -1   36   4   1   0   2   0   0   4   1   7   1   8   0   2   0  17   3   1  10   4  0.28 0.19
  282 A    6 -1 -4 -4 -3 -3 -3 -1 -4 -4 -3 -3 -3 -5 -3  0 -2 -5 -4 -3   85   3   0   0   0   0   0   3   0   0   2   0   0   0   0   6   1   0   0   0  1.30 0.47
  283 L    0  1 -1 -2 -3 -1  0 -3 -1  2  2 -1  1  1 -3 -1 -1 -3 -2  0   10  12   3   2   0   1   6   0   1  20  20   1   4   8   0   5   2   0   0   4  0.14 0.12
  284 G    1 -3  1 -3 -4  0 -1  5 -1 -4 -4  0 -1 -4 -3 -1 -3  0 -1 -3   13   0   6   0   0   5   4  56   2   0   1   6   1   0   0   2   0   1   2   1  0.78 0.28
  285 F   -3 -4 -4 -5 -2 -4 -4 -5 -2  1  1 -4  0  5 -5 -4 -3  3  7  0    1   0   0   0   1   0   0   0   0   7  13   0   1  25   0   0   0   3  41   6  1.08 0.36
  286 S    6 -4 -1 -4 -3 -3 -3 -1 -4 -4 -4 -3 -3 -2 -3  3 -2  1 -4 -3   68   0   3   0   0   0   0   3   0   0   0   0   0   2   0  22   0   2   0   0  1.04 0.44
  287 R    0  3  0  1 -4  3  3 -2  0 -4 -3  1 -1 -4  0  0 -1 -4 -2 -3    6  21   3   5   0  13  24   1   1   0   1   6   2   0   5   7   3   0   1   1  0.42 0.20
  288 K    2  1 -1 -2 -3  1  2 -1  0 -1 -2  2  0 -2 -2  0 -1 -3  0 -1   26   7   1   0   0   5  19   4   2   4   3  14   2   1   0   3   2   0   4   2  0.21 0.15
  289 S    1 -3 -3 -3 -1 -2 -3 -3 -3 -1  4 -2  0 -2 -3  3  0  2 -3 -2   12   0   0   0   1   1   0   0   0   2  43   2   1   0   0  29   4   3   0   0  0.46 0.27
  290 H   -2 -2  2 -1 -2 -2 -1  6  1 -5 -5  0 -4 -5 -4 -1 -3 -4 -4 -5    1   2  12   3   1   1   3  63   3   0   0   7   0   0   0   3   0   0   0   0  1.04 0.37
  291 I    0 -1 -3 -3 -1 -2 -3 -4 -2  4  1  2  0 -2 -3 -2  0 -4 -3  2    8   4   0   1   1   0   0   0   1  37  14  15   1   0   0   2   4   0   0  11  0.35 0.21
  292 P    0 -2 -4 -3 -5 -1  0 -3 -4 -5 -4 -2 -4 -5  8 -2 -2  2 -4 -3    8   2   0   1   0   3   5   1   0   0   1   2   0   0  69   1   1   3   0   1  1.72 0.50
  293 L   -3 -1 -2 -4 -3 -3 -3 -4  0  2  2 -3  1  4 -4 -3 -3 -1  5  0    0   3   1   1   0   0   1   0   2  10  25   0   3  21   0   1   0   0  24   5  0.63 0.27
  294 E    1  1 -1  1 -3  1  3 -1 -1 -1 -1  0 -1 -3  0  0 -1 -3 -2  0   16   7   2   8   0   5  26   3   1   3   5   2   2   0   3   4   1   0   0  10  0.19 0.13
  295 E    0 -1 -1  0 -3  1  2 -3 -2  0  1 -1  4 -1  1 -1 -1 -2  0 -1    6   2   2   6   0   7  19   1   0   4  13   2  15   1   7   2   4   0   5   2  0.17 0.14
  296 P    4 -3 -3 -3  0 -3 -2  5 -3 -3 -2 -3 -3 -2 -2 -1 -1 -4 -4 -1   35   0   0   0   2   0   2  41   0   0   3   0   0   1   2   2   4   0   0   4  0.70 0.30
  297 L   -2 -3 -4 -4 -3 -3 -3 -4 -3  3  3 -3  0  4 -4 -3 -2 -2 -1  2    1   1   0   1   0   0   2   1   0  19  38   1   1  21   1   1   1   0   0  13  0.59 0.24
  298 V   -2 -3 -2 -4  0 -3 -3 -4 -1  4  0 -1  2 -1 -3 -3 -1 -3 -1  4    2   1   1   1   2   0   1   1   2  26   6   6   5   1   1   1   3   0   1  41  0.53 0.25
  299 R   -1  5 -2  0 -4  0  0 -3  0 -3 -3  4 -3 -4 -1 -1 -2 -4 -3 -3    6  36   1   6   0   2   3   1   2   1   1  31   0   1   3   4   1   0   0   1  0.68 0.27
  300 T   -2 -1  6  0 -3  0 -2 -2 -2 -2 -2  1 -3 -3  0  0  2 -4 -3 -1    2   3  47   2   0   3   1   1   0   2   3   7   0   0   4   5  14   0   0   4  0.65 0.29
  301 I   -1  5  0 -2 -3  1 -1 -1  4 -1 -2  1 -2 -3 -1 -1 -1 -3 -2 -2    5  40   3   1   0   5   2   5  11   6   4   5   0   1   4   3   3   0   0   2  0.46 0.22
  302 S   -2  2 -1  0 -3 -2 -1 -2  2 -2 -2 -2 -2  2 -3 -1 -2 -1  7 -1    1  11   3   6   0   1   3   3   5   2   3   1   0   5   1   6   2   0  44   4  0.67 0.28
  303 S    0  0 -2 -2 -2 -2 -2 -2 -2  1 -1  0  1 -1  1  1  0  0 -1  3    6   5   1   2   0   1   1   1   1  10   3   6   4   2   8  10   7   1   1  30  0.16 0.13
  304 V    0 -1 -1 -2 -3  0 -1  5 -1 -2 -3  0 -2 -3 -1  0 -2 -3 -2 -3    5   2   3   1   0   5   4  54   1   3   2   6   1   1   2   4   2   0   1   2  0.64 0.25
  305 R   -3  7 -1 -2 -4  0 -1 -2 -2 -4 -4  0 -3 -4 -3 -1 -3 -4 -3 -4    1  73   2   2   0   3   2   3   0   1   1   2   0   1   1   3   1   0   1   1  1.43 0.48
  306 S    0 -1  0 -1 -2  0 -2 -2 -3 -1 -2 -2 -2 -3 -2  3  5 -3 -3 -2    5   2   3   4   0   3   1   3   0   3   4   1   0   1   1  26  41   0   1   2  0.56 0.30
  307 F    1 -2 -3 -4 -3 -3 -3 -3 -3 -2  0 -3  2  7 -3 -3 -1 -2  2 -2   13   2   1   1   0   1   1   2   0   1   8   1   6  53   1   1   3   0   4   1  0.92 0.35
  308 I   -1 -3 -4 -4 -3 -2 -2 -4 -4  6  2 -3  0 -2 -3 -2  0 -3 -1  1    4   1   1   1   0   2   3   1   0  51  20   1   2   1   1   2   5   0   1   5  0.66 0.30
  309 M    0  0 -2 -1 -3  2  1 -2  0  0  1  2  4 -2 -1 -1  0 -3 -2 -1    6   4   1   2   0  12   8   3   3   4  13  13  15   0   2   4   4   0   0   4  0.17 0.15
  310 P   -2 -2 -2  1 -4  0 -1 -1 -1 -4 -4 -2 -3 -2  7  0 -1 -4 -4 -2    2   1   2   8   0   3   4   4   1   1   1   2   0   2  55   7   3   0   0   4  1.15 0.39
  311 T   -1 -1  1  3 -3 -1  1  0 -1 -3 -3  0 -2 -3  1  1  3 -4 -3 -1    1   2   8  17   0   1  11   7   1   1   1   4   1   0   7  14  20   0   0   4  0.31 0.19
  312 Q   -1  1 -1  1 -3  5  1  0  1 -2 -2  0  0 -2 -1 -1  0 -3 -3  0    3   6   2   8   0  33   5   6   4   2   4   4   2   1   2   3   6   0   0   8  0.32 0.23
  313 D    0  2  0  1 -3  0  2 -2 -2 -1 -2  2  0  1 -2  0  0 -3 -1 -2   10  13   3   7   0   3  16   1   0   5   3  16   3   7   0   7   3   0   2   2  0.17 0.13
  314 K   -1  0 -1  1 -3  1  2 -3 -2  1  1  0  1 -2 -2 -1  0 -3 -1  0    4   6   2  11   0   9  16   1   0  10  16   4   5   0   1   2   5   0   1   7  0.13 0.11
  315 R   -3  7 -3 -4 -5  0 -2 -2 -3 -5 -3  2 -4 -2 -4 -1 -2 -5 -4 -4    1  72   0   0   0   2   1   3   0   0   2   9   0   2   0   4   2   0   0   1  1.46 0.53
  316 N   -1  0  1  1 -3  1  2 -2  2  0  0  1  0 -2 -2  0 -1 -3 -2  0    4   3   7   8   0   6  19   2   6   5   8  12   2   1   1   6   2   0   0   7  0.14 0.11
  317 E    1  1  0 -1 -2  0  0 -2  0  0  1  1  0  0  1  1  0 -3 -1  0   12   7   4   4   0   3   3   1   2   8  14   8   1   6   7  11   2   0   0   5  0.05 0.07
  318 V    1 -2  2 -1 -3 -1  0  3  0 -1 -1  1 -1 -3 -2  1 -1 -3 -1  0   13   0  10   2   0   0   5  26   2   5   5   9   1   0   0   9   2   0   2   7  0.20 0.15
  319 L   -1 -3 -4 -2 -2 -2 -2 -4 -4  3  1 -3 -1 -2 -3 -2 -2 -4 -3  5    3   1   1   3   1   1   2   1   0  20  10   1   0   0   1   2   1   0   0  51  0.69 0.31
  320 E    0  3  0 -2 -3  3  1 -1  3 -3 -2  3 -2 -3 -1 -1 -1 -3  0 -2   11  18   4   1   0  14   6   4   8   1   2  19   1   1   3   1   2   0   3   3  0.32 0.19
  321 E   -1  0 -1 -1 -2  0  1 -2 -2  1  2 -1  3 -1 -2 -1 -1 -3 -2  1    2   6   4   2   0   4  10   3   0   7  27   3  11   1   1   5   1   0   0  11  0.15 0.14
  322 K    1 -1 -1 -1 -4 -1 -2 -3 -3 -1 -3  6 -3 -4 -3 -1 -1 -4 -3 -1   11   1   3   3   0   1   1   1   0   3   1  60   0   0   1   4   4   0   0   5  0.81 0.38
  323 F   -1 -3 -4 -4 -3 -1 -2 -4 -2  1  4 -3  3  3 -4 -2 -2 -2  2 -1    5   0   0   0   0   2   2   1   0   7  44   0   9  14   0   3   0   0   7   2  0.51 0.26
  324 G   -1  1  6 -1 -4  0  0  0 -2 -2 -4 -1 -3 -4 -2  2 -1 -4 -2 -2    2   6  43   1   0   4   4   8   0   2   1   2   0   0   1  20   1   0   1   3  0.68 0.34
  325 V    1 -2 -3 -3 -3 -3 -2 -3 -4  1  0 -2 -2 -2  6 -1  0 -4 -3  2   12   2   0   0   0   0   1   2   0   8   7   2   0   1  37   3   5   0   0  18  0.70 0.31
  326 V   -2 -4 -1 -4 -3 -2 -4 -3 -4  5  1 -2  2 -2 -4 -3 -2 -4 -3  4    1   0   4   0   0   1   0   2   0  33  12   3   5   0   0   2   0   0   0  37  0.71 0.34
  327 A   -1  3 -1  0 -3 -1  1  1 -1  0 -3  3 -2 -3  0  0 -1 -4 -2  0    5  19   1   4   0   1   8  11   2   9   0  21   0   0   4   7   1   0   1   6  0.24 0.18
  328 D    0 -2  0  2 -4  0  2  3  2 -4 -3  0 -3 -4 -2  2 -1 -2 -2 -3    6   0   2  12   0   2  17  23   6   0   3   5   0   0   1  19   1   1   1   1  0.37 0.24
  329 A    1  0 -1  1 -2  0  1 -2 -1  1  0 -1 -1 -1 -2  0  0 -3 -1  2   14   5   3   9   1   3  10   1   1   6  12   3   1   1   0   4   4   0   1  20  0.08 0.10
  330 V   -3 -5 -6 -6 -4 -5 -5 -6 -5  4  1 -5  0  1 -5 -4 -2 -5 -3  6    1   0   0   0   0   0   0   0   0  22  12   0   1   6   0   0   2   0   0  56  1.09 0.46
  331 R    1  3  0  0 -5  1  3 -3  0 -3 -4  4 -3 -3 -3 -1 -2 -5 -4 -3   12  16   3   4   0   3  25   0   2   2   0  27   0   1   0   3   1   0   0   1  0.56 0.31
  332 G   -3 -4  1  2 -6 -4 -3  7 -5 -5 -7 -3 -6 -6 -3 -3 -4 -6 -6 -6    0   1   7  10   0   0   1  77   0   1   0   1   0   0   1   0   0   0   0   0  1.65 0.59
  333 K   -2  4 -3 -4 -4  1 -2 -5 -4 -6 -5  7  0 -6 -4 -3 -4 -6 -5 -5    2  22   0   0   0   4   0   0   0   0   0  69   3   0   0   0   0   0   0   0  1.57 0.62
  334 R   -2  6  2 -1 -5 -1  0 -3  0 -4 -4  1 -4 -5 -4  1  2 -5 -4 -2    2  47   9   4   0   1   4   1   2   0   0   7   0   0   0   8  13   0   0   3  0.76 0.38
  335 I    0 -5 -5 -6  4 -5 -5 -5 -5  4  0 -5 -2 -3 -3 -4 -1 -5 -4  6    7   0   0   0   8   0   0   0   0  20   5   0   0   0   1   0   2   0   0  56  1.02 0.44
  336 V    0 -4 -5 -5 -1 -4 -4 -2 -5  4  2 -4  0 -1 -4 -2 -2 -4 -3  4    8   0   0   0   1   0   0   3   0  33  18   0   1   1   0   4   0   0   0  32  0.68 0.31
  337 L   -3 -5 -5 -2 -3 -4 -5 -6 -5  2  5 -5  2 -2 -5 -4 -3 -4 -3  3    1   0   0   3   0   0   0   0   0  10  58   0   3   0   0   0   0   0   0  25  0.95 0.39
  338 I   -2 -5 -6 -6 -3 -5 -5 -6 -6  5  1 -5 -1 -3 -5 -4 -1 -5 -4  6    1   0   0   0   0   0   0   0   0  32   9   0   0   0   0   0   2   0   0  56  1.22 0.46
  339 D   -5 -5 -2  8 -7 -4 -2 -5 -5 -7 -7 -1 -7 -7 -5 -4 -4 -8 -7 -7    0   0   0  97   0   0   0   0   0   0   0   3   0   0   0   0   0   0   0   0  2.55 0.76
  340 D   -5 -5 -2  8 -7 -4  0 -5 -4 -7 -7 -4 -6 -7 -5 -3 -1 -8 -6 -6    0   0   0  94   0   0   3   0   0   0   0   0   0   0   0   0   3   0   0   0  2.43 0.73
  341 S   -1 -4 -3 -3 -4 -3  1 -1 -4 -1 -2 -3  4 -4 -4  6 -2 -5 -3 -2    3   0   0   0   0   0   9   3   0   4   3   0  13   0   0  62   0   0   1   3  0.92 0.48
  342 I   -4 -5 -6 -2 -4 -5 -5 -6 -6  7  1 -5  3 -1 -5 -5 -3 -5 -4  1    0   0   0   3   0   0   0   0   0  70  10   0   8   2   0   0   0   0   0   7  1.35 0.49
  343 V    1 -4 -2  1 -3 -2 -3 -4 -4  2 -1 -4 -2 -1 -4 -2  0 -5 -3  5   15   0   1  11   0   1   0   0   0  10   3   0   0   3   0   1   4   0   0  49  0.60 0.33
  344 R   -3  6 -2 -4 -5 -2 -3 -4 -3 -5 -5 -1 -4 -5 -4  1  5 -5 -4 -4    0  51   1   0   0   0   0   0   0   0   0   2   0   0   0  12  35   0   0   0  1.29 0.53
  345 G   -1 -5 -4 -4 -6 -5 -5  7 -5 -7 -7 -5 -6 -6 -5 -3 -5 -6 -6 -6    3   0   0   0   0   0   0  97   0   0   0   0   0   0   0   0   0   0   0   0  2.31 0.66
  346 N    0  0  1 -1 -3 -2 -1  2 -3 -1 -1 -2 -3 -4 -3  1  5 -5 -4 -2    5   5   7   2   0   0   3  16   0   4   5   0   0   0   0   8  44   0   0   1  0.51 0.30
  347 T   -3 -2  0 -4 -4 -2 -4 -4 -4 -4 -4 -2 -4 -5 -4  1  7 -6 -5 -3    0   1   4   0   0   1   0   0   0   0   0   2   0   0   0   9  82   0   0   0  1.64 0.61
  348 M   -1 -4 -4 -4 -2 -2 -4 -4 -4  4  2 -3  5 -2 -4  2 -2 -4 -3  1    4   0   0   0   0   1   0   0   0  28  21   0  16   1   0  23   0   0   0   6  0.58 0.31
  349 K    1  4 -1 -1 -4  0 -1 -2 -3 -1 -2  4 -1 -4 -3  0 -1 -5 -3 -2   12  26   2   2   0   2   2   2   0   4   2  33   1   0   0   5   4   0   0   3  0.50 0.27
  350 R    0  2  1 -1 -3  2  2 -1  0 -1 -1  2 -2 -3 -2 -1  1 -4 -3 -1   10  16   7   1   0  10  15   4   2   5   4  12   0   0   0   2   9   0   0   3  0.22 0.15
  351 I    2 -4 -4 -4 -3 -2 -4 -1 -4  4  1 -3  0 -2 -4 -1  0 -4 -3  3   18   0   0   0   0   1   0   4   0  34  15   0   1   0   0   2   7   0   0  17  0.48 0.26
  352 I    2 -2 -4 -4  2 -3 -4 -4 -4  3  0 -3  0 -3 -4 -1 -1 -4 -3  4   21   2   0   0   5   0   0   0   0  21   5   0   2   0   0   5   3   0   0  35  0.56 0.28
  353 T   -1  2  0  2 -4  4  2 -2 -1 -3 -2  2 -1 -2 -1  0 -1  0 -2 -3    4  13   2  10   0  21  13   1   0   1   2  16   1   2   3   4   3   1   1   1  0.35 0.20
  354 M    0  0 -2 -4 -3 -2 -3 -3 -1  2  2 -1  5  0 -4 -1  0 -3 -2  1    7   7   2   0   0   0   0   1   1  11  26   5  21   3   0   4   5   0   0   8  0.34 0.22
  355 L   -2 -5 -6 -6 -4 -5 -5 -6 -5  1  6 -5  1 -1 -5 -5 -4 -4 -4  0    3   0   0   0   0   0   0   0   0   5  86   0   1   1   0   0   0   0   0   4  1.40 0.49
  356 R   -2  6 -3 -2 -6 -1  0 -5  0 -5 -5  4 -1 -3 -4 -3 -3 -5 -2 -5    3  54   0   1   0   0   5   0   2   0   0  30   2   1   0   0   0   0   2   0  1.27 0.47
  357 K    0  3  0  3 -4  1  4 -2  0 -3 -3  2 -3 -4 -3  0 -2 -5 -3 -3    8  16   3  16   0   3  29   2   2   2   1  11   0   0   0   5   1   0   0   0  0.49 0.24
  358 A    5 -3 -1 -1  1 -1  0 -2 -1 -3 -1  0 -1 -3 -3  1 -1 -4 -1 -1   54   0   3   2   3   3   5   0   2   0   6   5   2   1   0   9   1   0   2   3  0.50 0.30
  359 G   -3 -5 -2 -2 -6 -4 -3  7 -5 -7 -7 -3 -6 -6 -5 -3 -4 -6 -6 -6    0   0   1   2   0   0   1  93   0   0   0   2   0   0   0   0   0   0   0   0  2.08 0.60
  360 A    6 -4 -4 -5 -3 -4 -4 -3 -5 -3 -4 -4 -3 -5 -2 -2 -2 -5 -4  1   85   0   0   0   0   0   0   0   0   0   0   0   0   0   2   0   1   0   0  12  1.42 0.54
  361 K    0  5 -1 -2 -5 -1  0 -3 -3 -4 -3  4 -2 -5 -3  0  1 -5 -4 -3    6  35   1   2   0   0   5   1   0   0   2  34   0   0   0   6   7   0   0   1  0.76 0.34
  362 E   -1  0 -2  0 -6  0  6 -3  0 -5 -5  2 -4 -6 -2 -1 -3 -5 -4 -5    4   5   1   4   0   2  63   1   2   0   0  13   0   0   2   4   0   0   0   0  1.07 0.43
  363 I   -2 -5 -6 -6 -4 -5 -5 -6 -6  5 -1 -5 -2 -3 -5 -4 -2 -5 -4  6    2   0   0   0   0   0   0   0   0  33   0   0   0   0   0   1   1   0   0  64  1.40 0.49
  364 H   -4 -1 -1 -3 -5 -1 -3 -5  9 -1 -2 -3 -4 -2 -5 -2 -3 -3  5 -3    0   3   2   1   0   1   0   0  60   4   3   1   0   0   0   2   1   0  20   2  1.71 0.53
  365 V    1 -4 -4 -5 -3 -3 -4 -4 -4  1  2 -4  3  1 -4 -3 -2 -4 -2  5   13   0   0   0   0   0   0   0   0   5  18   0   9   6   0   0   0   0   1  46  0.63 0.29
  366 R    3  5 -3 -4  3 -2 -3 -1 -3 -3 -1 -1 -3 -4 -4 -2 -3 -5 -4 -1   33  43   0   0   7   0   0   3   0   0   7   1   0   0   0   1   0   0   0   5  0.77 0.35
  367 I   -1 -4 -4 -4 -1 -4 -4 -4 -5  6  0 -4 -1 -2 -2 -1 -1 -4 -3  4    5   0   0   0   1   0   0   0   0  55   1   0   0   1   2   6   1   0   0  26  0.86 0.33
  368 G    4 -2 -2 -3 -1 -2 -2  1  0 -3 -3 -2 -3 -1  1  2  1 -4 -3 -1   46   1   0   0   1   0   0  10   3   0   1   0   0   3   5  15  10   0   0   2  0.48 0.25
  369 S    1 -3 -2 -2  3 -2 -2 -2  4 -4 -4 -2 -3 -4 -3  5 -1 -4 -3 -3   13   0   0   0   7   0   1   1  10   0   1   0   0   0   0  63   0   0   0   1  0.95 0.37
  370 P   -2 -4 -4 -4 -5 -4 -3 -4 -4 -5 -5 -3 -4 -5  8 -3 -3 -5 -5 -4    2   0   0   0   0   0   1   1   0   0   1   0   0   0  91   1   0   0   0   1  2.63 0.58
  371 M   -1 -1 -3 -1 -4 -1  0 -3 -3 -1 -3  1  0 -4  6 -2 -1 -4 -3  0    3   2   0   3   0   1   7   1   0   4   2  12   3   0  48   1   2   0   0   9  0.93 0.28
  372 I   -1 -3 -3 -3 -2 -3 -3 -3 -3  3  2 -3  0  1 -3 -2  0 -3 -2  3    4   1   1   1   0   1   1   1   0  25  24   1   0   7   1   1   4   0   0  28  0.42 0.17
  373 K    0  3 -2 -2 -1 -1 -1 -2 -1  2  0  1  0 -2 -2  0  0 -3 -2  1    5  23   1   1   1   1   3   1   1  16   5  12   2   1   1   7   4   0   1  15  0.17 0.11
  374 Y   -1  0 -1 -1 -1 -1 -1  1  3 -2 -2 -1 -2  2 -2  1 -1  4  4 -2    5   7   2   4   1   1   4  12   8   1   3   3   0   8   1  12   1   7  19   1  0.25 0.12
  375 P   -1 -1 -1 -2 -3  0  0 -1 -1 -3 -3 -1 -3 -3  7  1 -1 -3 -2 -3    3   4   2   1   0   5   5   4   1   1   2   3   0   1  52  11   2   0   2   1  0.99 0.25
  376 C    0 -5 -1 -2 10 -4 -2 -3 -2 -4 -4 -4 -4 -4 -4 -2 -3 -4 -4 -3    6   0   3   2  77   0   4   1   1   0   1   0   0   0   0   2   0   0   0   0  2.28 0.52
  377 Y   -2 -1 -2 -3 -3 -1 -3 -2 -1  0 -1 -1 -2  4  3 -1  0 -1  5 -1    1   3   2   0   0   2   1   2   1   5   3   3   0  19  18   2   8   0  24   4  0.48 0.20
  378 M   -3 -3 -3 -4 -4 -3 -1 -4  4 -2 -1 -2  3  3 -4 -2 -3  0  7 -3    0   0   0   0   0   0   4   0  10   1   5   2  11  10   0   2   0   1  51   0  1.10 0.35
  379 G   -1  0 -2 -3 -4  0 -3  7 -3 -5 -5 -3 -4 -5 -4 -1 -1 -4 -4 -4    2   5   0   0   0   4   0  80   0   0   1   0   0   0   0   2   3   0   0   0  1.41 0.38
  380 I   -1 -4 -4 -4  2 -3 -4 -3 -4  5  1 -3  3  0 -4 -3 -1 -3 -2  3    3   0   0   0   4   0   0   2   0  43  12   0   8   2   0   0   1   0   0  21  0.60 0.23
  381 D   -3 -3  1  6 -4 -1  1 -3 -2 -4 -4  0 -4  2 -3 -1 -3 -4 -3 -3    1   0   5  58   0   2   9   0   0   0   1   6   0  12   0   3   0   0   0   2  0.98 0.32
  382 F    0 -3 -1 -3 -2 -2 -3 -2 -3  2 -1 -1  4  3 -1 -1  3 -2  1  1    6   0   2   0   0   0   0   2   0  13   1   3  14  15   2   0  28   0   3   7  0.31 0.20
  383 P    0 -3 -3 -2 -4  1 -2  0 -3 -4 -2 -2 -3 -2  7  0 -2 -1 -4 -4    7   1   0   2   0   8   0   9   0   0   4   0   0   2  56   8   0   1   0   0  1.20 0.34
  384 K   -1  1 -1  1 -3 -1  1 -1 -1 -2 -3  0 -3 -4  3  2  3 -4 -3 -2    2   8   1   6   0   1  10   4   1   2   1   6   0   0  16  18  23   0   0   1  0.37 0.18
  385 R    0  4  0  1 -2  0  2 -3 -1 -1 -3  2 -1 -2 -1  0 -1 -4 -1 -2    8  33   3   7   1   1  12   0   0   4   0  15   2   2   2   6   1   0   1   2  0.36 0.18
  386 E   -1  2  1  1 -3  0  3 -2  1 -3 -2  2 -2 -3 -2  1  0 -4 -2 -1    4  11   8   6   0   1  23   0   4   1   2  17   1   0   1  13   4   0   0   4  0.30 0.15
  387 E   -1 -1  0  2 -4  1  5 -3  2 -1 -4  1 -3 -4 -3 -1 -1 -4 -2 -2    3   1   3   9   0   6  49   0   6   4   0   9   0   0   0   1   3   0   1   3  0.62 0.26
  388 L   -3  0 -5 -3 -3 -4 -4 -5 -4  0  5 -4  3 -2 -5 -4 -3 -4 -3 -1    0   6   0   2   0   0   0   0   0   3  80   0   6   0   0   0   0   0   0   2  1.06 0.37
  389 I    0 -2 -5 -5 -3 -4 -4 -5 -4  6  2 -4  1 -2 -4 -3 -2 -4 -3  3    9   2   0   0   0   0   0   0   0  55  14   0   3   0   0   0   0   0   0  15  0.79 0.30
  390 A    5 -3 -3 -3 -2 -2 -3  0 -3 -3 -1 -2 -2  0 -3  1  0 -4 -1 -1   60   0   0   0   0   0   0   6   0   0   5   2   0   4   0  12   5   0   2   2  0.62 0.29
  391 H    2 -1  3  1 -2  0  0 -2  3 -3 -3  0 -3 -2 -3  1  0  0  0 -2   25   2  18   8   1   3   4   1  10   0   0   4   0   1   0  13   3   1   4   1  0.31 0.18
  392 N   -1  1  4  0 -3  1  0  1  2 -3 -3  1 -2 -2 -2  0  0  0 -1 -1    4   8  27   4   0   5   4   9   7   0   0   9   1   2   1   5   6   2   1   5  0.26 0.14
  393 K   -2  3 -1 -3 -3  0 -2 -2  2  0  2  1  3  0 -1 -2 -2 -3  0 -1    0  18   3   0   0   2   0   3   6   6  28  11  12   3   2   0   0   0   2   2  0.25 0.17
  394 S   -1 -1  2  3 -3 -2  0  0 -2 -4 -4 -1 -3 -4  1  4  2 -5 -4 -3    1   2   8  17   0   0   5   5   0   0   0   3   0   0   7  37  15   0   0   0  0.52 0.25
  395 E   -1 -3 -1  2 -2 -1  1 -3  0  2  0 -2 -1 -2  0 -1 -1 -4 -3  3    3   0   2  12   0   2  12   0   3  16   8   1   0   0   6   3   2   0   0  31  0.24 0.17
  396 K   -1  0  0  4 -5  0  5 -1 -2 -5 -4  0 -3 -5  1 -1 -1 -5 -4 -4    5   4   3  22   0   1  45   5   0   0   0   4   0   0   5   3   2   0   0   0  0.71 0.28
  397 E    0 -1  0  1 -4  1  5 -2 -2 -4 -2  0 -3 -4 -3 -1 -1 -4 -1 -3    8   1   5   6   0   3  57   2   0   0   5   5   0   0   0   3   3   0   2   1  0.72 0.30
  398 I   -1 -4 -5 -5 -3 -4 -3 -5 -5  5  1 -2  3 -2 -4 -3 -2 -4 -3  3    6   0   0   0   0   0   2   0   0  50  10   2   9   0   0   0   1   0   0  21  0.81 0.31
  399 G    2  4 -2 -3  3  0 -1 -2 -3 -2 -3  2 -3 -4 -3 -1  1 -4 -3 -1   23  33   1   0   9   3   1   1   0   2   1  12   0   0   0   2   9   0   0   3  0.50 0.25
  400 N   -1  3  0  2 -4  2  3 -2  0 -4 -4  3 -2 -4 -3 -1 -2 -4 -1 -3    4  17   3  10   0   7  25   1   1   0   0  25   1   0   0   2   0   0   2   1  0.54 0.23
  401 E    0 -1 -3 -3 -3  0  0 -3 -1  1  0  0  1  2 -3 -1 -1  0  5  1   10   1   0   0   0   4   7   0   1  12   8   6   3   7   0   2   2   1  25  11  0.27 0.17
  402 L   -3 -4 -4 -4 -2 -2 -4 -5 -4  5  3 -4  1  0 -4 -3  0 -2 -2  2    0   0   0   0   0   2   0   0   0  46  25   0   1   4   0   1   6   1   0  12  0.68 0.26
  403 N   -2 -2  2  1 -4 -1  1  5 -3 -2 -4 -2 -3 -4 -3 -1  0 -4 -4 -2    0   2  12   6   0   2  13  50   0   3   0   0   0   0   0   1   6   0   0   4  0.69 0.26
  404 A    5 -3 -3 -3  2 -3 -3 -2 -3 -2 -2 -3 -2 -2 -3  0  2 -4 -3  1   61   0   0   0   4   0   0   0   0   0   3   0   0   2   0   3  11   0   0  12  0.70 0.31
  405 D   -3 -4  0  8 -6 -3 -1 -4 -4 -3 -6 -2 -5 -6 -1 -3 -1 -7 -6 -5    1   0   3  85   0   0   1   0   0   2   0   1   0   0   3   0   4   0   0   0  1.83 0.53
  406 S   -1 -3 -2 -3 -3  0 -2  0 -3 -4 -5  0 -4 -5 -3  6  2 -5 -4 -4    1   0   0   0   0   4   1   5   0   0   0   6   0   0   0  68  14   0   0   0  0.99 0.42
  407 I   -3 -4 -5 -6 -2 -4 -5 -6 -5  3  5 -4  0  1 -5 -4 -3 -4 -3  2    0   0   0   0   1   0   0   0   0  15  66   0   0   5   0   0   0   0   0  14  0.97 0.34
  408 E    2  0  0 -1 -1 -1  1  0  1 -1 -2  0 -2 -1 -2  0  2 -3  0  0   20   5   3   2   1   1  10   8   5   5   1   5   0   3   0   4  16   0   4   6  0.10 0.09
  409 F   -4 -4 -5 -6 -5 -4 -5 -5  1 -3 -3 -5 -3  5 -6 -3 -4  6  7  1    0   0   0   0   0   0   0   0   3   0   0   0   0  28   0   1   0  13  45  11  1.53 0.43
  410 L   -3 -4 -4 -5 -3 -1 -4 -6 -1  2  5 -4  0 -2 -3 -3 -3 -4 -3 -1    0   0   1   0   0   3   1   0   2  12  79   0   0   0   1   1   0   0   0   1  1.04 0.36
  411 S   -1 -1 -2  2 -3 -1 -1 -3 -3 -4 -5 -2 -4 -5  3  5  2 -5 -4 -4    0   2   0  10   0   1   2   0   0   0   0   1   0   0  13  60  12   0   0   0  0.90 0.37
  412 V   -1 -3 -2 -4 -3 -1 -1 -4 -2  3  3 -2  2 -1 -2 -2 -1 -4 -2  2    3   0   1   0   0   3   5   0   1  25  35   1   5   0   2   2   1   0   0  16  0.41 0.19
  413 E    0 -2  1  4 -5 -1  6 -4 -2 -5 -5  0 -4 -5 -2  0 -2 -5 -4 -4    6   0   5  24   0   0  54   0   0   0   0   6   0   0   1   4   1   0   0   0  1.00 0.35
  414 E    1 -1  1  2 -4  0  2  4 -1 -4 -4  0 -3 -4  0  0 -2 -4 -4 -3   10   1   6  13   0   3  18  33   1   0   0   3   0   0   5   4   1   0   0   2  0.46 0.18
  415 M   -2 -4 -5 -5 -3 -4 -5 -5 -4  0  5 -4  5  2 -5 -4 -3 -3  1  0    1   0   0   0   0   0   0   0   0   3  63   0  15   8   0   0   0   0   5   4  0.92 0.32
  416 L   -1  2 -2 -2 -3  0  0 -3  0  2  1  2  1 -1 -3 -2  0 -3  0  1    2  13   0   1   0   3   8   1   2  17  10  17   4   2   0   0   4   0   4  10  0.14 0.11
  417 Q    0  3  0  0 -2  2  2 -3 -2 -4 -3  4 -3 -4 -3  0 -1 -4 -3 -3    9  21   5   5   1   6  16   0   0   0   1  30   0   0   0   4   2   0   0   1  0.53 0.23
  418 G    4 -3 -3 -3  0 -3 -3 -2 -4  2 -1 -2 -2 -3 -3  2 -1 -4 -3  1   50   0   0   0   1   0   0   1   0  16   3   1   0   0   0  17   2   0   0   8  0.57 0.28
  419 I   -1 -4 -4 -4  3 -4 -4 -5  1  4  2 -4  0 -1 -4 -2 -1 -4 -2  3    4   0   0   0   7   0   0   0   5  38  19   0   1   2   0   1   4   0   1  19  0.55 0.23
  420 G    0 -1  1 -1 -4 -2 -1  5 -2 -3 -4 -1 -4  0 -4 -1 -2 -4 -3 -4    5   4   8   3   0   1   4  58   0   2   1   4   0   6   0   3   1   0   0   0  0.78 0.27
  421 R    0  2  1  0 -3  0  2  1  1 -2 -2  2 -1 -3 -1  0  0 -3 -2 -1    9  13   9   3   0   2  14  12   3   1   2  13   2   0   2   3   7   0   1   4  0.17 0.09
  422 R   -1  2  2  2  1  0  2 -1 -1 -2 -3  1 -2 -2  0 -1  0  0 -1 -2    1  17  11  14   5   2  13   5   0   2   1   9   0   1   5   2   5   1   2   2  0.23 0.12
  423 D   -1 -1  3  2 -3  0  1  2  0 -4 -4  1 -3 -4 -1  1  0 -4 -3 -3    4   2  18  10   0   2  12  20   2   0   0  10   0   0   2  13   4   0   0   1  0.36 0.16
  424 L   -1 -3 -4 -4 -1 -3 -3 -4 -1  1  3 -3  0  4 -4 -1 -2 -2  3  2    3   0   0   0   1   1   1   0   1   5  36   0   0  17   0   5   0   0  13  14  0.47 0.20
  425 C   -3 -6 -4 -2 11 -5 -6 -5 -5 -4 -4 -5 -4 -5 -6  0 -3 -5  1 -1    1   0   1   2  78   0   0   0   0   0   0   0   0   0   0   8   0   0   5   5  2.50 0.60
  426 N   -1 -2 -1 -1 -1 -2 -1 -2  0 -1  1 -1  3  0 -3 -1  3 -2  2  0    5   1   1   2   1   0   5   1   2   1  16   4  10   4   0   2  30   0  10   5  0.22 0.17
  427 A    4 -1 -2 -2 -3 -2  0  3 -1 -2 -2 -1 -2 -3 -2  0 -2 -4  0 -1   43   2   1   1   0   0   6  21   2   1   4   3   0   0   1   6   0   0   4   5  0.39 0.21
  428 C   -3 -6 -5 -6 11 -5 -6 -5 -5 -4  0 -6 -4 -4 -5 -1 -4 -5  0 -2    0   0   0   0  80   0   0   0   0   0   8   0   0   0   0   5   0   0   3   3  2.58 0.60
  429 F   -5 -5 -6 -6 -5 -6 -6 -6 -4 -2  1 -6  3  8 -6 -5 -5 -2  1 -3    0   0   0   0   0   0   0   0   0   1   9   0   7  82   0   0   0   0   1   0  2.01 0.53
  430 S   -2 -3  3  3 -4 -2  1  0 -3 -3 -3 -2 -3 -4 -3  1  4 -5 -4 -2    1   0  17  21   0   0   7   6   0   0   1   0   0   0   0   6  40   0   0   1  0.66 0.28
  431 G   -2 -1  0 -2 -2 -3 -4  7 -4 -6 -3 -1 -4 -5 -4 -2 -4 -5 -5 -5    0   4   5   1   1   0   0  82   0   0   3   5   0   0   0   0   0   0   0   0  1.47 0.39
  432 I   -1  0  3  3  0  0  3 -3  0 -2 -2  2 -2 -3 -3 -1 -1 -4 -2  0    2   4  18  17   2   3  20   0   1   1   1  14   1   1   0   2   0   0   1  11  0.33 0.16
  433 Y   -3 -4 -2 -3 -5 -4 -4 -6  2 -4 -4 -4 -4  2 -6 -4 -4 -1  9 -4    2   0   2   2   0   0   0   0   4   0   0   0   0   4   0   0   0   0  87   0  2.25 0.52
  434 P   -2 -4 -3 -4 -5 -4 -3 -2 -4 -4 -4 -3 -4  2  8 -3 -3 -5 -3 -2    1   0   1   0   0   0   0   3   0   0   0   0   0  11  79   0   0   0   0   4  2.03 0.41
  435 L   -2 -3 -3 -3 -2 -1 -1 -4 -3  3  1 -3  0  1 -3 -1  2  2 -1  3    0   0   0   0   0   3   4   0   0  18  15   0   1   7   0   2  17   3   0  29  0.31 0.14
  436 K   -1  2 -1  2 -4  1  2 -2 -2 -3 -3  3 -2 -4  2 -1  0 -4 -3 -3    3   9   0  15   0   3  17   1   0   0   2  32   0   0  10   2   7   0   0   0  0.43 0.14
  437 F   -1 -2 -3 -2  1 -3 -3  0 -1  3  2 -3  0  1 -1 -2 -1 -2 -1  2    3   2   0   3   3   0   0  11   2  32  19   0   0   8   2   0   0   0   0  13  0.18 0.07
  438 N   -2  0  3  3 -3  0  2 -2 -1 -3 -3  1 -3 -3  2  1  0 -3  0 -3    0   5  17  25   0   0  13   0   0   0   0   9   0   0  11   8   3   0   6   0  0.40 0.09
  439 Y   -1 -1 -2 -1 -3 -2 -1 -3  1  2 -1 -1 -1  1 -3 -2 -2  5  5  2    4   3   0   5   0   0   2   0   3  16   0   6   0   2   0   0   0   9  28  22  0.34 0.10
  440 N    0 -2  1  4 -3  1  3 -2 -1 -3 -3 -1 -2  0 -2  0 -1 -2  2 -1    6   0   6  35   0   5  23   0   0   0   0   0   0   4   0   5   0   0  10   6  0.40 0.09
  441 S    0 -1 -1  1 -3  2  3 -2 -1 -2  0  0 -1 -1  0  0  0  1 -2 -1    7   0   0   8   0  11  36   0   0   0  12   3   0   2   3   7   3   3   0   4  0.24 0.07
  442 T    2  0  0 -1 -2  2  2 -1 -1 -2 -1  0 -1 -1 -1  2  1 -3 -2 -1   20   6   2   0   0  10  16   3   0   0   4   3   0   3   0  20  10   0   0   0  0.19 0.05
  443 E    0 -1  0  0 -3  0  5 -3  1 -3 -3  0 -2 -1 -2  0 -2 -2  3 -1    8   0   3   2   0   0  55   0   4   0   0   3   0   0   0   3   0   0  16   7  0.49 0.13
  444 L   -1  1 -3 -4 -2 -2 -3 -4 -2  0  3 -1  1  2 -3 -2 -2 -1  2  1    3   9   0   0   0   0   0   0   0   0  51   3   2  11   0   0   0   0  11   8  0.32 0.09
  445 E    0  2  0  2 -3  2  4 -2 -1 -3 -3  1 -2 -4  0  1 -1 -4 -3 -3   10  13   4  10   0   5  42   0   0   0   0   4   0   0   3   9   0   0   0   0  0.44 0.08
  446 R    0  4 -1 -2 -3  1 -1 -1  1 -1 -1  2 -1 -1 -2  1 -1 -3 -1 -2    4  33   0   0   0   9   0   4   4   4   7  11   0   4   0  20   0   0   0   0  0.24 0.06
  447 I    1  0 -1 -3 -1 -2 -2 -2 -2  2  2 -2  1 -1 -2 -1  0 -3 -2  2   22   6   4   0   0   0   0   0   0  17  19   0   6   0   0   0   5   0   0  21  0.15 0.04
  448 F   -2  3 -1  0 -3 -1 -2 -1 -1 -2 -1  0 -1  5 -3  0  0 -1  1 -2    0  33   0   5   0   0   0   6   0   0   0   0   0  43   0   8   5   0   0   0  0.34 0.07
  449 G    1 -1  1 -1 -2 -1 -1  4 -2 -3 -3  1 -2 -3 -2  2  0 -3 -3 -2   16   0   5   0   0   0   0  40   0   0   0  13   0   0   0  26   0   0   0   0  0.43 0.05
  450 K   -1  5 -1 -1 -4  1  3 -3 -1 -3 -3  3 -2 -3 -2 -1 -1 -3 -2 -3    0  56   0   0   0   0  26   0   0   0   0  19   0   0   0   0   0   0   0   0  0.63 0.05

                      K         Lambda
Standard Ungapped    0.1394     0.3200
Standard Gapped      0.0410     0.2670
PSI Ungapped         0.1473     0.3173
PSI Gapped           0.0451     0.2670
