
Last position-specific scoring matrix computed, weighted observed percentages rounded down, information per position, and relative weight of gapless real matches to pseudocounts
           A  R  N  D  C  Q  E  G  H  I  L  K  M  F  P  S  T  W  Y  V   A   R   N   D   C   Q   E   G   H   I   L   K   M   F   P   S   T   W   Y   V
    1 M   -5 -5 -6 -7 -5 -4 -6 -7 -5 -3 -1 -5 11 -4 -6 -5 -4 -5 -5 -3    0   0   0   0   0   0   0   0   0   0   1   0  99   0   0   0   0   0   0   0  3.26 0.73
    2 S    1 -2  1 -1 -3 -1  1  0 -2 -2 -4  1 -3 -4 -2  3  2 -5 -4 -2   14   0   8   2   0   0  10   7   0   2   0   7   0   0   1  30  17   0   0   1  0.41 0.21
    3 K   -1  1  3  2 -4  2  2  0 -1 -4 -4  3 -2 -4 -2 -1 -1 -4 -3 -2    3   6  13  10   0  12  13   6   1   0   0  24   1   0   1   3   4   0   0   2  0.40 0.18
    4 T    0 -2  1 -2 -2 -1 -1 -2 -1 -1 -3  1 -3 -3  5  2  1 -4 -1  0    5   1   7   2   0   1   3   2   2   2   1   8   0   1  28  17   8   0   3   8  0.46 0.19
    5 I    1 -2 -3 -2 -2 -3 -3 -2 -2  3  2 -3  1  3 -3 -1 -2 -2  1  1   13   1   0   3   0   0   1   2   1  23  18   1   3  17   0   5   1   0   4   7  0.30 0.15
    6 I   -3 -5 -6 -6 -4 -5 -6 -6 -6  5  3 -5 -1 -3 -5 -5 -3 -5 -4  5    1   0   0   0   0   0   0   0   0  36  23   0   0   0   0   0   0   0   0  40  1.23 0.39
    7 E   -1  3 -1  0 -2  2  4 -3  0 -4 -4  1 -3 -4 -3  2  1 -5 -4 -2    3  17   2   4   1   9  28   0   2   0   1   6   0   0   0  16   9   0   0   3  0.51 0.24
    8 F   -3 -5 -6 -6 -4 -5 -6 -6 -5  3  5 -5 -1  5 -6 -5 -4 -4 -2  0    1   0   0   0   0   0   0   0   0  20  50   0   1  24   0   0   0   0   0   3  1.15 0.37
    9 K   -1  3  0  2 -4  1  3 -4  0 -2 -3  3 -3 -5 -3  0  0 -5 -4 -1    4  19   3  12   0   6  18   0   2   2   1  18   0   0   0   5   5   0   0   5  0.45 0.21
   10 N   -2  0  6  1 -5 -1 -2  3  4 -6 -6 -1 -5 -5 -4  0 -3 -6 -4 -5    3   5  37   8   0   3   1  22  11   0   0   4   0   0   0   6   0   0   0   0  0.88 0.33
   11 V   -2 -6 -6 -6 -3 -5 -6 -6 -6  4  2 -5 -2 -3 -5 -5 -3 -6 -4  6    2   0   0   0   0   0   0   0   0  23  15   0   0   0   0   0   0   0   0  58  1.30 0.41
   12 S   -1  1  0 -2 -1  1 -1 -2 -1 -2 -3  0 -3 -3 -3  3  4 -4 -2  1    3   7   3   1   1   6   2   2   1   1   0   4   0   1   0  27  27   0   1  11  0.41 0.24
   13 K   -5  1 -4 -5 -7 -2 -3 -5 -3 -6 -5  8 -3 -7 -5 -4 -4 -7 -6 -5    0   5   0   0   0   0   0   0   1   0   1  92   1   0   0   0   0   0   0   1  2.23 0.64
   14 T   -1  3 -1 -1 -2  0  0 -2  1 -1 -3  1 -3 -2 -3  2  2 -3 -1  0    3  22   2   2   1   4   4   1   3   5   1   6   0   2   0  22  13   0   2   6  0.30 0.18
   15 Y   -6 -6 -6 -7 -6 -6 -6 -7 -3 -4 -4 -6 -4  8 -7 -6 -6 -2  8 -5    0   0   0   0   0   0   0   0   0   0   0   0   0  53   0   0   0   0  47   0  2.54 0.64
   16 A   -1 -2 -1  1 -3 -1  0  5 -2 -3 -3 -1 -3 -3 -2 -1 -1 -3 -3 -3    5   2   1   7   0   2   7  56   1   2   3   3   1   1   1   3   3   0   1   2  0.76 0.21
   17 D    0 -2  1  5 -3 -1  1 -1 -2 -3 -3  0 -3 -3 -1  1  0 -3 -3 -3    8   1   6  42   0   2   6   5   0   1   2   4   0   1   2  11   4   0   1   1  0.60 0.20
   18 T   -1 -2  2  2 -3 -1 -1  1  0 -1 -1 -1 -2  2 -1  0  0 -2  0  1    2   1  13  16   0   2   2  14   2   2   3   2   0  12   3   4   5   0   2  12  0.17 0.10
   19 D   -1  0  0  1 -2  1  2  2  1 -2 -2  1 -1 -2  0  0 -1 -2 -1 -1    4   5   4   7   1   7  15  19   4   2   4  10   1   1   4   3   3   0   1   3  0.17 0.06
   20 T    0  0  0 -1 -1  1  0 -1  0  0 -1  0  0  0  0  0  2 -1 -1  1    8   3   5   3   1   6   6   4   3   4   6   8   2   4   3   6  16   1   2  12  0.05 0.03
   21 T   -1  0 -2 -2  0  0 -1 -3 -2  0  1  0 -1 -2  0 -1  3 -2 -1  2    4   5   1   1   2   3   3   1   1   5  14   4   1   1   5   2  28   0   2  16  0.21 0.14
   22 V    5 -5 -5 -5 -3 -4 -4 -3 -5  2 -3 -4 -3 -4 -4 -2 -3 -6 -4  4   50   0   0   0   0   0   0   0   0  13   0   0   0   0   0   0   0   0   0  36  1.09 0.40
   23 L   -3 -5 -6 -6 -4 -5 -5 -6 -6  2  3 -5 -1 -3 -5 -5 -3 -5 -4  6    1   0   0   0   0   0   0   0   0  11  33   0   0   0   0   0   0   0   0  53  1.20 0.39
   24 K   -2  0  2  5 -5  0  1 -3  2 -5 -5  3 -4 -5 -1  0 -1 -6 -4 -4    3   5  10  34   0   2   6   1   5   0   0  24   0   0   2   5   2   0   0   0  0.71 0.27
   25 D   -2  0  4  5 -4  0  0  2  2 -5 -6 -1 -5 -5 -2 -1 -2 -6 -4 -5    2   4  22  35   0   3   4  15   5   0   0   2   0   0   2   4   2   0   0   0  0.79 0.29
   26 I   -2 -5 -5 -6 -3 -5 -5 -6 -5  4  3 -5  0  2 -5 -4 -2 -4 -3  4    2   0   0   0   0   0   0   0   0  25  33   0   1   8   0   1   1   0   0  30  0.87 0.30
   27 S   -3 -4  5  4 -3 -2 -2 -3 -1 -6 -6 -3 -5 -5 -4  4  0 -4 -5 -5    1   0  33  25   0   0   1   0   1   0   0   0   0   0   0  34   4   0   0   0  1.14 0.41
   28 F   -4 -5 -6 -7 -4 -4 -5 -7 -6  1  6 -5  1  3 -6 -5 -4 -4 -3 -1    0   0   0   0   0   0   0   0   0   6  78   0   2  10   0   0   0   0   0   3  1.40 0.42
   29 E   -1 -1  1  4 -4  0  2 -2  1 -4 -4 -1 -3 -4 -3  2  2 -5 -1 -3    5   2   6  28   0   4  15   1   3   0   0   3   0   0   0  14  15   0   2   1  0.51 0.23
   30 L   -4 -6 -6 -6 -4 -6 -6 -7 -6  7  0 -6 -1 -3 -6 -5 -3 -6 -4  4    0   0   0   0   0   0   0   0   0  68   4   0   0   0   0   0   0   0   0  26  1.69 0.48
   31 E    0  3  1 -1 -5  1  3 -1  1 -4 -4  2 -2 -2  1 -1 -2 -4  1 -4    9  16   7   2   0   5  26   3   3   0   0  12   0   1   7   1   0   0   5   0  0.41 0.20
   32 E    0  2  0  1 -4  2  3 -3  1 -5 -4  3 -3 -5  2  0 -2 -5 -3 -4    9  10   3   9   0   9  20   1   3   0   0  17   0   0  11   6   1   0   0   0  0.48 0.21
   33 G   -3 -2  2 -4 -6 -4 -5  7 -5 -7 -7 -3 -6 -7 -6 -3 -5 -6 -6 -7    0   2  10   0   0   0   0  85   0   0   0   1   0   0   0   0   0   0   0   0  2.01 0.54
   34 K   -3 -3 -3 -2 -7  0  7 -5 -1 -7 -6  1 -5 -7 -5 -1 -2 -6 -4 -6    1   0   0   0   0   2  82   0   1   0   0   8   0   0   0   3   2   0   1   0  1.82 0.56
   35 F   -6 -7 -7 -7 -4 -7 -7 -7 -5 -3  0 -7  0  9 -7 -6 -6 -3 -1 -4    0   0   0   0   0   0   0   0   0   1   7   0   2  89   0   0   0   0   0   0  2.66 0.65
   36 Y   -4 -5 -6 -6 -4 -5 -5 -6 -3  2  3 -5  0  6 -6 -5 -4 -3  3  3    0   0   0   0   0   0   0   0   0   9  25   0   1  33   0   0   0   0  10  22  0.99 0.32
   37 T    1 -4 -3 -4 -1 -4 -4 -4 -5 -4 -5 -4 -4 -6 -4  4  6 -6 -5 -3    8   0   0   0   1   0   0   0   0   0   0   0   0   0   0  27  63   0   0   0  1.48 0.51
   38 L   -4 -5 -6 -7 -4 -5 -6 -7 -6  1  6 -5  3  2 -6 -5 -4 -4 -3 -2    0   0   0   0   0   0   0   0   0   7  77   0   7   9   0   0   0   0   0   0  1.45 0.44
   39 L   -5 -6 -7 -7 -5 -6 -6 -7 -6 -2  7 -6 -1 -3 -6 -6 -5 -5 -5 -2    0   0   0   0   0   0   0   0   0   0  99   0   0   0   0   0   0   0   0   1  2.02 0.57
   40 G   -4 -6 -4 -5 -6 -6 -6  8 -6 -8 -8 -5 -7 -7 -6 -4 -5 -6 -7 -7    0   0   0   0   0   0   0 100   0   0   0   0   0   0   0   0   0   0   0   0  2.63 0.64
   41 A   -1 -6 -6 -6 -7 -5 -5 -4 -6 -7 -7 -5 -6 -8  9 -3 -5 -8 -7 -6    5   0   0   0   0   0   0   1   0   0   0   0   0   0  93   1   0   0   0   0  3.00 0.72
   42 S   -3 -5 -3 -4 -5 -4 -4 -4 -5 -6 -7 -4 -5 -6 -5  7 -2 -7 -6 -6    0   0   0   0   0   0   0   0   0   0   0   0   0   0   0 100   0   0   0   0  2.33 0.70
   43 G   -4 -6 -4 -5 -6 -6 -6  8 -6 -8 -8 -5 -7 -7 -6 -4 -5 -6 -7 -7    0   0   0   0   0   0   0 100   0   0   0   0   0   0   0   0   0   0   0   0  2.63 0.64
   44 S   -4 -7 -6 -7 11 -6 -7 -6 -7 -6 -6 -6 -6 -7 -7  2 -4 -7 -6 -5    0   0   0   0  82   0   0   0   0   0   0   0   0   0   0  18   0   0   0   0  3.32 0.75
   45 G   -4 -6 -4 -5 -6 -6 -6  8 -6 -8 -8 -5 -7 -7 -6 -4 -5 -6 -7 -7    0   0   0   0   0   0   0 100   0   0   0   0   0   0   0   0   0   0   0   0  2.63 0.64
   46 K   -5 -2 -4 -5 -7 -3 -3 -6 -5 -7 -6  8 -5 -7 -5 -4 -5 -7 -6 -6    0   0   0   0   0   0   0   0   0   0   0 100   0   0   0   0   0   0   0   0  2.59 0.70
   47 S   -4 -5 -4 -5 -5 -4 -5 -5 -6 -5 -5 -4 -5 -6 -5  1  8 -6 -6 -4    0   0   0   0   0   0   0   0   0   0   0   0   0   0   0   7  93   0   0   0  2.30 0.67
   48 T   -4 -5 -4 -5 -5 -5 -5 -6 -6 -5 -5 -5 -5 -6 -5 -2  8 -7 -6 -4    0   0   0   0   0   0   0   0   0   0   0   0   0   0   0   0 100   0   0   0  2.57 0.72
   49 I   -3 -4 -4 -5  3 -4 -4 -5 -5  2  3 -4 -1 -3 -4 -1  5 -5 -4  1    1   0   0   0   7   0   0   0   0  13  28   0   1   0   0   3  40   0   0   7  0.82 0.33
   50 L   -5 -6 -7 -7 -5 -6 -6 -7 -6 -1  7 -6  0 -3 -6 -6 -5 -5 -5 -3    0   0   0   0   0   0   0   0   0   1  98   0   1   0   0   0   0   0   0   0  1.99 0.56
   51 N   -5  8  0 -5 -7  1 -3 -6 -4 -6 -5  0  4 -6 -6 -4 -4 -6 -5 -5    0  75   5   0   0   6   0   0   0   0   0   4  11   0   0   0   0   0   0   0  1.89 0.55
   52 I   -4 -5 -6 -7 -2 -4 -6 -6 -5  3  2 -5  9 -3 -6 -4 -2 -5 -4 -1    1   0   0   0   1   0   0   0   0  17  20   0  58   0   0   1   2   0   0   1  1.83 0.54
   53 I   -4 -6 -6 -6 -4 -6 -6 -7 -6  7  3 -6  0 -3 -6 -5 -4 -5 -4  1    0   0   0   0   0   0   0   0   0  69  23   0   1   0   0   0   0   0   0   7  1.59 0.46
   54 A    6 -5 -5 -5 -2 -4 -4  1 -5 -3 -5 -4 -4 -6 -4  0 -3 -6 -5 -4   84   0   0   0   0   0   0  11   0   1   0   0   0   0   0   4   0   0   0   0  1.61 0.52
   55 G   -4 -6 -4 -5 -6 -6 -6  8 -6 -8 -8 -5 -7 -7 -6 -4 -5 -6 -7 -7    0   0   0   0   0   0   0 100   0   0   0   0   0   0   0   0   0   0   0   0  2.63 0.64
   56 L   -6 -6 -7 -7 -6 -5 -7 -7 -5 -3  1 -7 -3  9 -7 -5 -6 -3 -1 -4    0   0   0   0   0   1   0   0   0   0  15   0   0  84   0   0   0   0   0   0  2.48 0.62
   57 L   -3 -3 -1  1 -5 -1  7 -5 -3 -2 -1 -3 -3 -5 -4 -3 -1 -6 -2 -1    1   0   3   5   0   1  70   0   0   2   6   0   0   0   0   1   3   0   2   6  1.23 0.44
   58 D   -1  0  0  1 -3  2  2 -3  1 -2 -2  0 -1 -1 -2  1  3 -3  0 -1    3   3   4   9   0  10  17   0   3   2   4   6   1   3   1   7  21   0   3   3  0.24 0.15
   59 A    1 -5 -5 -5 -3 -2 -4 -5 -6 -1 -4 -4 -5 -6  8 -4 -3 -7 -6  0   14   0   0   0   1   1   0   0   0   3   2   0   0   0  71   0   1   0   0   7  1.99 0.54
   60 T   -3 -4  0  4 -4 -3 -1 -4 -4 -5 -5 -3 -4 -6 -4  3  6 -6 -5 -4    0   0   3  24   0   0   3   0   0   0   0   0   0   0   0  18  51   0   0   0  1.21 0.44
   61 D    1  0  0  0 -3  0  3  1  1 -4 -4  0 -3 -4 -3  4  0 -5 -3 -3   13   4   3   4   0   3  18   9   3   0   0   4   0   0   0  33   5   0   0   0  0.45 0.23
   62 G   -4 -6 -4 -5 -6 -6 -6  8 -6 -8 -8 -5 -7 -7 -6 -4 -5 -6 -7 -7    0   0   0   0   0   0   0 100   0   0   0   0   0   0   0   0   0   0   0   0  2.63 0.64
   63 D   -1  3  0  2 -3  2  3 -3  0 -4 -4  1 -3 -4 -3  0  1 -5 -3 -2    5  17   2  12   0  11  23   1   2   0   0   8   0   0   0   8   8   0   0   2  0.46 0.21
   64 V   -4 -6 -6 -6 -4 -6 -6 -7 -6  7  0 -6 -1 -2 -6 -5 -4 -6 -4  4    0   0   0   0   0   0   0   0   0  70   5   0   0   1   0   0   0   0   0  24  1.73 0.48
   65 I   -2  1 -3 -4 -3 -2 -1 -4  0  1  3 -1  1  3 -4 -2 -1  0  3  0    1  11   0   0   0   1   3   0   2   9  29   2   3  12   0   3   4   1  14   3  0.35 0.18
   66 L   -4 -5 -6 -6 -4 -5 -6 -6 -4  4  4 -5  0  4 -6 -5 -4 -4 -1  0    0   0   0   0   0   0   0   0   0  30  45   0   1  19   0   0   0   0   1   5  1.09 0.35
   67 D    0 -2  2  6 -5  0  1  2  1 -5 -5 -2 -5 -3 -4 -2 -3 -5 -2 -5    7   2   8  45   0   3   9  16   3   0   1   1   0   2   0   2   0   0   1   0  0.83 0.30
   68 N   -3 -5  0  2 -6 -4 -1  7 -4 -7 -7 -4 -6 -6 -5 -2 -4 -6 -6 -6    0   0   4  13   0   0   4  76   0   0   0   0   0   0   0   2   0   0   0   0  1.69 0.47
   69 K   -1  3 -1 -1 -4  4  3 -4 -1 -3 -4  4 -3 -5 -4 -2 -1 -5 -4 -1    4  18   2   2   0  19  17   0   1   1   1  25   0   0   0   2   4   0   0   5  0.64 0.27
   70 R   -2  1  1  6 -2 -1  1 -4 -2 -3 -3 -1 -4 -5  1  0 -2 -6 -5 -2    2   8   5  50   1   1   7   0   1   1   3   2   0   0   8   6   1   0   0   3  0.83 0.31
   71 I   -2 -5 -6 -6 -3 -3 -5 -6 -5  6  1 -5  4 -3 -5 -5 -3 -5 -4  4    2   0   0   0   0   1   0   0   0  46   8   0  10   0   0   0   0   0   0  32  1.16 0.37
   72 N    0 -2  4 -1 -4 -2 -1 -2 -1 -3 -3 -2 -3 -5 -4  1  5 -5 -4 -1    9   1  23   3   0   1   3   3   1   1   2   1   0   0   0   9  39   0   0   4  0.67 0.30
   73 D    0  1  3  3 -4  0  0  2  3 -4 -4  0 -1 -2 -1  0 -1 -3 -1 -3    6   7  16  17   0   3   4  14  10   0   1   5   1   2   2   6   3   0   2   0  0.33 0.16
   74 L   -2 -1 -4 -4 -3 -2 -3 -5 -3  3  3 -2  1 -2 -4 -3  0 -2 -3  3    2   3   0   0   0   1   1   0   0  15  36   2   2   0   0   1   7   0   0  27  0.57 0.24
   75 P   -1 -2 -4 -3 -6 -2 -2 -5 -3 -6 -6  0 -5 -7  8 -2 -1 -7 -6 -6    5   2   0   1   0   1   2   0   0   0   0   5   0   0  76   3   3   0   0   0  2.12 0.56
   76 A    3 -6 -5 -5 -6 -5 -5 -5 -6 -2 -6 -5 -5 -7  8 -2 -2 -7 -6 -2   21   0   0   0   0   0   0   0   0   3   0   0   0   0  70   2   3   0   0   2  2.07 0.58
   77 N   -3 -3  5 -1 -5  0  2 -4  6 -5 -5 -3 -4  0 -5 -2 -3 -1  5 -5    2   0  32   3   0   3  13   0  18   0   0   0   0   4   0   2   0   1  21   0  1.09 0.39
   78 K   -2  3 -2 -2 -5  3  1 -5  1 -5 -4  6 -3 -6 -4 -2 -3 -6 -4 -5    2  16   1   2   0  13   8   0   3   0   1  51   0   0   0   1   0   0   0   0  1.10 0.40
   79 R   -6  9 -5 -6 -8 -3 -4 -7 -4 -7 -6 -2 -6 -7 -6 -5 -5 -7 -6 -7    0 100   0   0   0   0   0   0   0   0   0   0   0   0   0   0   0   0   0   0  2.91 0.75
   80 N   -3 -2  4  4 -5  1  0  1  2 -6 -5 -1 -5 -5  4 -2 -3 -6 -4 -5    1   1  21  23   0   8   4  10   4   0   0   3   0   0  24   0   0   0   0   0  0.85 0.32
   81 V   -2 -5 -5 -6 -3 -5 -5 -6 -6  4  1 -5  3 -2 -5 -4  1 -5 -4  5    1   0   0   0   0   0   0   0   0  27   9   0   6   1   0   0   9   0   0  45  1.01 0.35
   82 H   -1 -4  7 -3  0 -4 -4  4  1 -6 -6 -4 -5 -6 -5 -1 -3 -6 -5 -5    6   0  53   0   2   0   0  31   3   0   0   0   0   0   0   3   0   0   0   1  1.47 0.47
   83 T   -4 -5 -5 -6 -5 -3 -5 -6 -5  0 -1 -5  8 -2 -5 -3  6 -5 -5  0    0   0   0   0   0   1   0   0   0   5   4   0  39   1   0   0  46   0   0   4  1.63 0.55
   84 I   -4 -6 -7 -7 -5 -6 -6 -7 -7  0 -3 -6  2 -5 -6 -5 -4 -7 -5  7    0   0   0   0   0   0   0   0   0   2   0   0   5   0   0   0   0   0   0  93  2.18 0.62
   85 F   -7 -7 -7 -8 -7 -8 -8 -8 -6 -4 -4 -8 -4  9 -8 -7 -6 -3 -1 -5    0   0   0   0   0   0   0   0   0   0   0   0   0 100   0   0   0   0   0   0  3.29 0.78
   86 Q   -5 -3 -4 -5 -8  9 -2 -6 -4 -7 -7 -3 -5 -8 -6 -5 -5 -7 -6 -7    0   0   0   0   0 100   0   0   0   0   0   0   0   0   0   0   0   0   0   0  3.12 0.85
   87 S   -2 -2  5  2 -5 -1 -3 -3  1 -6 -6  0 -5 -6 -4  5 -1 -6 -5 -5    2   1  34   9   0   2   0   0   4   0   0   6   0   0   0  40   2   0   0   0  1.08 0.41
   88 Y   -6 -6 -7 -8 -7 -6 -7 -8 -3 -6 -4 -6 -5 -1 -8 -6 -6 -2 10 -6    0   0   0   0   0   0   0   0   0   0   1   0   0   0   0   0   0   0  98   0  3.46 0.85
   89 A    7 -5 -5 -6 -4 -5 -5 -2 -5 -5 -5 -5 -5 -6 -5 -1 -4 -6 -6 -4   96   0   0   0   0   0   0   1   0   0   0   0   0   0   0   3   0   0   0   0  2.07 0.63
   90 L   -5 -6 -7 -7 -5 -6 -6 -7 -6  0  6 -6 -1 -3 -6 -6 -5 -5 -5 -1    0   0   0   0   0   0   0   0   0   4  93   0   0   0   0   0   0   0   0   3  1.90 0.55
   91 F   -6 -7 -7 -8 -7 -7 -8 -7 -5 -4 -3 -7 -4  9 -8 -7 -6  3 -1 -5    0   0   0   0   0   0   0   0   0   0   1   0   0  96   0   0   0   3   0   0  3.10 0.74
   92 P   -5 -6 -4 -5 -7 -5 -5 -6 -7 -7 -7 -5 -6 -8  9 -4 -4 -8 -7 -7    0   0   1   0   0   0   0   0   0   0   0   0   0   0  97   1   1   0   0   0  3.24 0.79
   93 N   -6 -5  1 -5 -8 -4 -5 -7 11 -8 -7 -5 -5 -5 -7 -5 -5 -7 -3 -8    0   0   5   0   0   0   0   0  94   0   0   0   0   0   0   0   0   0   0   0  3.69 0.86
   94 M   -5 -4 -6 -7 -5 -5 -6 -7 -6 -2  3 -4 10 -3 -7 -6 -5 -5 -1 -3    0   1   0   0   0   0   0   0   0   0  26   1  70   0   0   0   0   0   2   0  2.42 0.67
   95 N   -3 -4  4  0 -4 -4 -4 -4 -3 -5 -5 -3 -4 -6 -5  3  6 -6 -5 -4    0   0  24   5   0   0   0   0   0   0   0   0   0   0   0  20  51   0   0   0  1.32 0.48
   96 V   -3 -6 -7 -7 -4 -6 -6 -7 -7  3 -2 -6 -3 -4 -6 -5 -4 -6 -5  7    1   0   0   0   0   0   0   0   0  13   2   0   0   0   0   0   0   0   0  83  1.88 0.55
   97 F    3  0 -3 -4 -4 -2  1  0 -1 -3 -1 -2 -3  5 -4 -2 -2  1  3 -3   30   5   0   0   0   1   9   7   1   0   4   1   0  27   0   1   1   2   8   0  0.55 0.27
   98 D   -3 -2 -1  5 -7  3  5 -3 -3 -6 -6 -1 -5 -7 -4 -3 -4 -6 -5 -6    1   1   2  33   0  12  46   2   0   0   0   3   0   0   0   0   0   0   0   0  1.35 0.45
   99 N   -6 -5  9 -3 -7 -4 -5 -5 -4 -8 -8 -4 -7 -7 -6 -4 -4 -8 -6 -7    0   0 100   0   0   0   0   0   0   0   0   0   0   0   0   0   0   0   0   0  3.08 0.79
  100 V   -4 -6 -6 -7 -4 -6 -6 -7 -6  5  0 -6 -2 -4 -6 -5 -4 -6 -4  6    0   0   0   0   0   0   0   0   0  32   7   0   0   0   0   0   0   0   0  60  1.57 0.47
  101 A    6 -4 -5 -5 -3 -4 -2  1 -5 -5 -5 -4 -3 -6 -4  0 -3 -6 -5 -4   81   1   0   0   0   0   2  11   0   0   0   0   1   0   0   4   0   0   0   0  1.56 0.52
  102 F   -6 -6 -7 -7 -6 -7 -7 -7 -3 -4 -4 -7 -4  8 -7 -6 -6 -2  6 -5    0   0   0   0   0   0   0   0   0   0   0   0   0  69   0   0   0   0  30   0  2.60 0.66
  103 A   -2 -6 -4 -5 -6 -5 -6  7 -6 -7 -7 -5 -6 -7  3 -3 -5 -6 -7 -7    2   0   0   0   0   0   0  81   0   0   0   0   0   0  16   1   0   0   0   0  2.06 0.57
  104 L   -5 -6 -7 -7 -5 -6 -7 -7 -6 -2  7 -6  0 -3 -2 -6 -5 -5 -5 -3    0   0   0   0   0   0   0   0   0   0  96   0   1   0   2   0   0   0   0   0  1.97 0.57
  105 K   -3  5 -1 -2 -6  1  2 -4 -3 -5 -5  5 -2 -5 -4 -1 -1 -6 -5 -4    0  27   2   1   0   4  15   0   0   0   0  41   1   0   0   4   3   0   0   1  1.02 0.37
  106 I   -2  0 -2 -5 -2  0 -4 -5 -4  3  2 -3  7 -3 -5 -2 -2 -5 -3  2    1   6   2   0   1   5   0   0   0  20  14   1  30   0   0   3   1   0   0  16  0.76 0.31
  107 K   -1  5 -3  0 -6  2 -1 -4 -2 -5 -2  5 -3 -5 -4 -2 -3 -5 -4 -5    5  38   0   5   0   9   2   0   1   0   4  32   0   0   0   2   0   0   0   0  0.99 0.36
  108 G   -3  2  0 -3 -5 -2 -3  4 -2 -6 -6  6 -5 -6 -4 -3 -4 -6 -5 -6    0  10   5   0   0   0   0  32   1   0   0  50   0   0   0   1   0   0   0   0  1.26 0.43
  109 V   -2  0 -4 -4 -2 -2 -3 -5 -4  2  2  0  4 -1 -4 -3  0  0 -2  4    2   4   0   0   1   1   1   0   0   8  20   8  13   1   0   0   6   1   1  32  0.47 0.23
  110 D    0 -2  0  1 -4 -3 -2  0 -3 -5 -5  0 -4 -5  6  2 -2 -6 -5 -4    9   2   4   9   0   0   2   7   0   0   0   5   0   0  40  19   2   0   0   0  0.93 0.32
  111 K    0  3 -1 -1 -5 -1  1 -2 -2 -5 -4  6 -3 -5 -1 -1 -2 -5 -4 -4    9  14   2   2   0   2   7   3   0   0   0  53   0   0   2   3   1   0   0   1  0.88 0.34
  112 K    3 -1  0  1 -3  0  1 -1 -2 -4 -4  1 -3 -4  0  2  0 -5 -4 -2   34   2   4  10   0   4  10   4   1   0   1  10   0   0   3  13   5   0   0   1  0.38 0.21
  113 E   -2 -3 -3  2 -6  1  6 -5 -3 -3 -4 -1 -4 -6 -4 -2 -1 -6 -1 -3    3   1   0  11   0   4  66   0   0   2   1   2   0   0   0   2   3   0   3   2  1.25 0.44
  114 I   -1  2 -5 -6 -3 -2 -4 -6 -5  7 -1 -3  0 -4 -6 -4 -3 -6 -4  1    4  14   0   0   0   2   0   0   0  65   3   1   1   0   0   0   1   0   0   8  1.26 0.42
  115 A    1  3  0  2 -4  1  2 -2  0 -4 -4  3 -3 -5 -3 -1 -1 -5 -3 -3   13  16   4  11   0   5  15   2   2   0   1  24   0   0   1   3   3   0   0   1  0.45 0.21
  116 K    1  3 -1  1 -5  2  3 -2 -1 -3 -4  2 -3 -5  0 -1  0 -5 -3 -3   11  14   1   9   0   9  25   1   1   1   1  15   0   0   4   3   5   0   0   1  0.46 0.22
  117 R   -2  7 -3 -4 -6  0 -1 -5 -4 -6 -4  4 -3 -6 -5 -3 -2 -6 -5 -5    2  61   0   0   0   4   4   0   0   0   1  25   0   0   0   0   2   0   0   0  1.55 0.49
  118 V   -1 -6 -6 -7 -3 -6 -6 -6 -7  1 -3 -6 -1 -4 -6 -4 -1 -6 -5  7    6   0   0   0   0   0   0   0   0   5   0   0   1   0   0   1   2   0   0  85  1.80 0.54
  119 S    1  2  0  1 -4  0  2  0  0 -3 -2  3  1 -3 -3  0  0 -4 -3 -3   15  10   3  10   0   3  13   5   2   1   4  18   4   1   0   5   5   0   0   0  0.24 0.15
  120 E   -1  2 -1  1 -6  1  5 -4  0 -5 -5  1 -4 -4 -4 -2 -2  1  0 -4    5  12   2   8   0   6  47   0   2   0   0   8   0   1   0   2   1   2   3   1  0.81 0.32
  121 S    5 -4 -5 -5 -3 -3 -4 -2 -4  1 -1 -4  6 -2 -4 -1 -2 -5 -2  1   51   0   0   0   0   1   0   2   0   8   4   0  20   1   0   2   2   0   1   8  0.90 0.37
  122 L   -5 -5 -7 -7 -4 -5 -6 -7 -6 -1  7 -6  0 -3 -7 -6 -4 -5 -5 -2    0   0   0   0   0   0   0   0   0   2  95   0   2   0   0   0   0   0   0   1  1.92 0.56
  123 K    2  1  0  2 -5  0  4 -2 -1 -5 -5  3 -4 -5 -3  0 -2 -5 -4 -4   16   8   3  13   0   2  27   3   2   0   0  19   0   0   0   6   1   0   0   0  0.56 0.25
  124 L   -4 -3 -6 -5 -4 -1 -4 -6 -5  0  5 -4  7 -1 -6 -3 -1 -5 -4 -1    1   1   0   1   0   3   1   0   0   4  54   0  29   2   0   1   3   0   0   1  1.22 0.42
  125 V   -3 -6 -7 -7 -4 -6 -6 -7 -7  1 -2 -6  2 -4 -6 -5 -3 -7 -5  7    0   0   0   0   0   0   0   0   0   5   1   0   4   0   0   0   1   0   0  89  2.01 0.58
  126 R   -2  3  2  0 -5  5  1  1  3 -5 -5  3 -4 -5 -4 -2 -3 -5 -4 -5    2  17   9   4   0  26   6  13   6   0   0  17   0   0   0   1   0   0   0   0  0.72 0.30
  127 L   -5 -6 -7 -7 -5 -5 -6 -7 -6  0  6 -6  5 -3 -6 -6 -5 -5 -5 -2    0   0   0   0   0   0   0   0   0   4  84   0  12   0   0   0   0   0   0   0  1.78 0.53
  128 D    0 -1 -1  2 -4  0  3  1 -2 -3 -4  0 -3 -4  0  1  1 -5 -4 -3    8   2   1  13   0   3  27  12   1   1   1   4   0   0   5  13   8   0   0   1  0.40 0.20
  129 G    0 -1  0  1 -5  0  1  5  2 -5 -5 -1 -4 -5 -1 -1 -2 -5 -4 -5    9   2   3   9   0   5   9  46   6   0   0   3   0   0   2   4   1   0   0   0  0.72 0.27
  130 F   -3 -4 -5 -6 -5 -3 -5 -6  1 -2  2 -4  4  6 -6 -5 -3 -2  5 -2    1   1   0   0   0   1   0   0   4   0  19   1  10  39   0   0   1   0  23   2  1.25 0.40
  131 E    4 -1 -3 -2 -4 -1  4  3 -3 -4 -4 -1 -3 -5 -4 -1 -2 -5 -5 -3   39   3   0   1   0   1  28  21   0   1   1   2   0   0   0   2   1   0   0   1  0.79 0.34
  132 K   -1  0  3  4 -5  1  1  0  2 -5 -5  2 -4 -5 -2  0 -1 -5 -2 -4    4   5  14  26   0   6   9   6   6   0   0  16   0   0   1   4   2   0   1   0  0.54 0.23
  133 R   -5  8 -4 -6 -8 -2 -4 -6 -3 -7 -6  0 -5 -6 -6 -4 -5 -7 -5 -7    0  95   0   0   0   0   0   0   0   0   0   3   0   0   0   0   0   0   0   0  2.66 0.70
  134 S   -2  3 -1 -2 -5 -1  0 -4 -1 -3 -2  3  3  1 -2 -1 -2 -2  5 -3    2  17   3   2   0   1   5   0   1   0   3  25   8   5   1   4   2   0  20   1  0.53 0.26
  135 I   -4 -6 -6 -6 -6 -4 -5 -6 -6  3 -5 -5 -5 -6  8 -4 -2 -7 -6  0    0   0   0   0   0   0   0   0   0  16   0   0   0   0  74   0   3   0   0   5  2.28 0.61
  136 T    1  1  1  2 -4  0 -1 -1  4 -4 -3  0 -3 -3 -3  2  0 -2 -1 -3   14  10   8  12   0   2   3   5  13   0   1   5   0   0   0  17   6   1   2   1  0.32 0.18
  137 K   -2 -1 -3 -2 -6  7  3 -4 -2 -6 -5  0 -3 -7 -5  0 -4 -6 -5 -5    2   2   1   1   0  62  20   0   0   0   1   4   1   0   0   5   0   0   0   0  1.58 0.53
  138 L   -5 -6 -7 -7 -5 -5 -6 -7 -6  1  6 -6  5 -3 -6 -6 -5 -5 -4 -2    0   0   0   0   0   0   0   0   0   5  83   0  12   0   0   0   0   0   0   0  1.74 0.52
  139 S   -3 -5 -3 -4 -5 -4 -4 -4 -5 -7 -7 -4 -6 -7 -5  7 -3 -7 -6 -6    0   0   0   0   0   0   0   0   0   0   0   0   0   0   0 100   0   0   0   0  2.40 0.73
  140 G   -4 -6 -4 -5 -7 -6 -6  8 -6 -8 -8 -6 -7 -7 -6 -4 -6 -7 -7 -7    0   0   0   0   0   0   0 100   0   0   0   0   0   0   0   0   0   0   0   0  2.68 0.67
  141 G   -4 -6 -4 -5 -7 -6 -6  8 -6 -8 -8 -6 -7 -7 -6 -4 -6 -7 -7 -7    0   0   0   0   0   0   0 100   0   0   0   0   0   0   0   0   0   0   0   0  2.68 0.67
  142 Q   -5 -3 -4 -5 -7  9 -1 -6 -4 -7 -7 -3 -3 -8 -6 -4 -5 -6 -6 -7    0   0   0   0   0  98   1   0   0   0   0   0   0   0   0   0   0   0   0   0  3.02 0.83
  143 K   -4  4 -4 -4 -7  8 -2 -6 -4 -7 -6  2 -4 -7 -5 -4 -5 -6 -5 -6    0  21   0   0   0  69   0   0   0   0   0   9   0   0   0   0   0   0   0   0  2.05 0.63
  144 Q   -5 -3 -4 -5 -8  9 -2 -6 -4 -7 -7 -3 -5 -8 -6 -5 -5 -7 -6 -7    0   0   0   0   0 100   0   0   0   0   0   0   0   0   0   0   0   0   0   0  3.12 0.85
  145 R   -6  9 -5 -6 -8 -3 -4 -7 -4 -7 -6 -2 -6 -7 -6 -4 -5 -7 -6 -7    0 100   0   0   0   0   0   0   0   0   0   0   0   0   0   0   0   0   0   0  2.91 0.75
  146 V   -4 -6 -7 -7 -5 -6 -6 -7 -7  3 -3 -6 -3 -4 -6 -5 -4 -7 -5  7    0   0   0   0   0   0   0   0   0  12   0   0   0   0   0   0   0   0   0  88  2.08 0.60
  147 A    7 -5 -5 -6 -4 -5 -5 -4 -6 -5 -5 -5 -5 -6 -5 -1 -4 -7 -6 -4   98   0   0   0   0   0   0   0   0   0   0   0   0   0   0   2   0   0   0   0  2.18 0.65
  148 I   -4 -6 -6 -7 -4 -5 -6 -7 -6  5  5 -6  0 -2 -6 -5 -4 -5 -4  0    0   0   0   0   0   0   0   0   0  33  61   0   1   1   0   0   0   0   0   5  1.40 0.43
  149 A    7 -5 -5 -6 -4 -5 -5 -3 -6 -5 -5 -5 -3 -6 -5 -3 -4 -7 -6 -4   99   0   0   0   0   0   0   1   0   0   0   0   0   0   0   0   0   0   0   0  2.20 0.66
  150 R   -6  9 -5 -6 -8 -3 -4 -7 -4 -7 -6 -2 -6 -7 -6 -5 -5 -7 -6 -7    0 100   0   0   0   0   0   0   0   0   0   0   0   0   0   0   0   0   0   0  2.94 0.76
  151 A    7 -5 -5 -5 -2 -5 -5 -3 -5 -5 -5 -4 -5 -6 -5  0 -4 -6 -6 -2   92   0   0   0   1   0   0   1   0   0   0   0   0   0   0   5   0   0   0   2  1.93 0.60
  152 I   -4 -6 -7 -7 -4 -5 -6 -7 -6  4  6 -6  0 -3 -6 -6 -4 -5 -4  1    0   0   0   0   0   0   0   0   0  21  71   0   1   0   0   0   0   0   0   7  1.44 0.44
  153 I    2 -6 -6 -6 -4 -5 -6 -6 -6  3 -2 -5 -3 -4 -5 -4 -3 -6 -5  6   16   0   0   0   0   0   0   0   0  15   0   0   0   0   0   0   0   0   0  69  1.49 0.48
  154 D   -3 -3  6 -2 -3 -3 -4 -4 -3  2 -1  0  2  2  1 -3 -1 -5 -2 -1    1   0  41   0   0   0   0   1   0  15   5   6   6  11   6   0   2   0   0   4  0.71 0.32
  155 R   -3  4  0  0 -6  2  5 -4  2 -6 -5  3 -4 -5 -4 -2 -3 -5 -3 -5    1  23   3   4   0   9  35   0   5   0   0  16   0   0   0   2   0   0   1   0  0.89 0.34
  156 P   -5 -7 -6 -6 -7 -6 -6 -7 -7 -7 -7 -5 -7 -8  9 -4 -5 -8 -7 -7    0   0   0   0   0   0   0   0   0   0   0   0   0   0  99   1   0   0   0   0  3.40 0.82
  157 K   -1  3 -2  0 -5  2  2 -2 -3 -5 -4  5 -3 -5  0  1 -2 -5 -4 -4    5  15   1   4   0  10  11   2   0   0   1  38   0   0   4   9   1   0   0   0  0.70 0.29
  158 V   -2 -6 -6 -6 -4 -5 -6 -6 -6  2  2 -5  0 -4 -6 -5 -3 -6 -4  6    2   0   0   0   0   0   0   0   0   7  19   0   1   0   0   0   0   0   0  69  1.42 0.45
  159 L   -5 -6 -7 -7 -5 -6 -6 -7 -6  0  6 -6  0 -2 -6 -6 -4 -5 -4  1    0   0   0   0   0   0   0   0   0   3  85   0   1   1   0   0   0   0   0  10  1.66 0.50
  160 L   -5 -6 -7 -7 -5 -6 -7 -7 -7 -2  7 -6 -2 -3 -7 -6 -5 -5 -5 -2    0   0   0   0   0   0   0   0   0   0  99   0   0   0   0   0   0   0   0   1  2.10 0.59
  161 L   -5 -5 -7 -7 -2 -5 -6 -7 -6 -2  6 -6  5  2 -6 -6 -4 -5 -4 -3    0   0   0   0   1   0   0   0   0   0  76   0  15   8   0   0   0   0   0   0  1.63 0.50
  162 D   -6 -6 -3  9 -8 -4 -3 -6 -5 -7 -8 -5 -7 -8 -6 -4 -5 -9 -7 -7    0   0   0 100   0   0   0   0   0   0   0   0   0   0   0   0   0   0   0   0  2.96 0.75
  163 E   -5 -4 -4 -2 -8 -2  8 -6 -4 -8 -7 -3 -6 -8 -5 -4 -5 -7 -6 -7    0   0   0   0   0   0  99   0   0   0   0   0   0   0   0   1   0   0   0   0  2.65 0.74
  164 S   -4 -6 -6 -6 -4 -5 -5 -6 -6 -7 -7 -5 -7 -8  9  0 -5 -8 -7 -7    0   0   0   0   0   0   0   0   0   0   0   0   0   0  93   6   0   0   0   0  3.06 0.76
  165 L   -5 -6 -7 -7 -5 -6 -7 -7 -6 -2  7 -6  2 -1 -7 -6 -5 -5 -4 -2    0   0   0   0   0   0   0   0   0   0  94   0   4   2   0   0   0   0   0   1  1.94 0.56
  166 S   -1 -5 -3 -4 -5 -4 -4  5 -5 -6 -6 -4 -5 -6 -5  6 -3 -6 -6 -6    4   0   0   0   0   0   0  38   0   0   0   0   0   0   0  58   0   0   0   0  1.52 0.52
  167 A    6 -5  5 -4 -4 -4 -4 -3 -4 -5 -5 -4 -5 -6 -5 -2 -4 -6 -5 -4   74   0  25   0   0   0   0   0   0   0   0   0   0   0   0   1   0   0   0   0  1.68 0.56
  168 L   -5 -6 -7 -8 -5 -6 -7 -8 -7 -2  7 -6 -2 -3 -7 -6 -5 -5 -5 -3    0   0   0   0   0   0   0   0   0   0 100   0   0   0   0   0   0   0   0   0  2.14 0.60
  169 D   -6 -6 -3  9 -8 -4 -3 -6 -5 -7 -8 -5 -7 -8 -6 -4 -5 -9 -7 -7    0   0   0 100   0   0   0   0   0   0   0   0   0   0   0   0   0   0   0   0  2.96 0.75
  170 M    4  0 -4 -5 -4 -3 -3 -4 -2 -3  3  3  0 -2 -4 -3 -3 -4  2 -2   35   4   0   0   0   0   0   0   1   0  29  19   2   1   0   0   0   0   8   1  0.61 0.31
  171 K   -4  1  0 -4 -7  3 -3 -5 -3 -6 -4  7 -5 -7 -5 -4 -4 -7 -5 -6    1   4   4   0   0  12   0   0   0   0   1  78   0   0   0   0   0   0   0   0  1.81 0.56
  172 L   -5 -6 -7 -7 -5 -6 -7 -7 -6  0  7 -6  0 -3 -7 -6 -5 -5 -5 -2    0   0   0   0   0   0   0   0   0   3  96   0   1   0   0   0   0   0   0   1  1.97 0.56
  173 R   -6  9 -5 -6 -8 -3 -4 -7 -4 -7 -6 -2 -6 -7 -6 -5 -5 -7 -6 -7    0 100   0   0   0   0   0   0   0   0   0   0   0   0   0   0   0   0   0   0  2.94 0.76
  174 K   -2  2 -3 -1 -5  3  4 -3 -1 -2 -2  3 -3 -5 -4 -2  0 -5 -4  0    1   9   0   1   0  12  33   1   1   3   4  22   0   0   0   0   5   0   0   7  0.62 0.28
  175 D    0  0 -1  2 -5  4  4 -3  3 -5 -5 -1 -3 -5 -4  0 -1 -5 -2 -4    7   3   1   9   0  24  32   1   8   0   0   3   0   0   0   7   4   0   1   0  0.76 0.32
  176 M   -5 -6 -6 -7 -6 -5 -6 -7 -6 -3  0 -6 11 -4 -7 -6  0 -6 -5 -1    0   0   0   0   0   0   0   0   0   0   6   0  86   0   0   0   5   0   0   3  2.95 0.78
  177 Q   -5  5 -4 -5 -7  8 -2 -6 -1 -6 -4 -2 -4 -7 -5 -4 -5 -6 -5 -6    0  26   0   0   0  70   0   0   1   0   2   0   0   0   0   0   0   0   0   0  2.14 0.66
  178 Y   -2 -2 -1 -1 -3 -2  0 -3 -2  2  1 -2  1  3 -4 -1  0 -2  3  1    2   2   4   2   0   1   6   1   0  16  16   1   4  12   0   4   6   0  13  10  0.23 0.14
  179 E   -3 -4 -4 -1 -8 -1  8 -6 -4 -7 -6 -2 -6 -6 -5 -4 -5 -3 -6 -6    2   0   0   2   0   1  92   0   0   0   1   2   0   0   0   0   0   0   0   0  2.24 0.66
  180 L   -5 -6 -7 -7 -5 -6 -6 -7 -6  5  5 -6 -1 -3 -6 -6 -4 -5 -4 -1    0   0   0   0   0   0   0   0   0  32  67   0   0   0   0   0   0   0   0   0  1.58 0.47
  181 R   -3  5 -3 -2 -3 -1 -3 -5 -4 -1 -4  6  0 -6 -5 -2 -3 -6 -5 -2    1  34   0   2   1   1   0   0   0   4   1  49   3   0   0   2   1   0   0   2  1.27 0.44
  182 E    0  4  1  1 -5  2  2 -3  2 -4 -3  1 -2 -5 -4  0 -1 -5 -3 -4    9  28   7   6   0  11  13   1   6   0   2   8   1   0   0   5   3   0   0   0  0.52 0.23
  183 L   -4 -6 -7 -7 -4 -5 -6 -7 -6  5  5 -6  1 -3 -6 -6 -4 -5 -4 -1    0   0   0   0   0   0   0   0   0  39  57   0   3   0   0   0   0   0   0   1  1.46 0.45
  184 Q   -4 -3 -4 -5 -7  8 -2 -6  5 -7 -6 -1 -5 -7 -6 -4 -5 -6 -5 -6    1   0   0   0   0  81   0   0  14   0   0   3   0   0   0   0   0   0   0   0  2.48 0.72
  185 Q   -2  5  0 -1 -5  4  1 -4  1 -5 -4  3 -3 -5 -4 -2 -1 -3 -3 -4    2  30   3   3   0  21   9   0   4   0   1  20   0   0   0   2   4   0   0   0  0.79 0.31
  186 S   -2  4  0  0 -5  3  4 -4 -2 -5 -5  3 -2 -6 -4 -1  0 -5 -4 -5    1  21   4   3   0  13  28   0   0   0   0  20   1   0   0   4   4   0   0   0  0.78 0.31
  187 L   -2 -5 -6 -6 -4 -5 -5 -6 -6  1  5 -5  0 -1 -5 -4  0 -5 -3  3    2   0   0   0   0   0   0   0   0   5  62   0   1   2   0   1   6   0   0  21  1.06 0.37
  188 G   -3 -4 -1 -3 -6 -4 -4  7 -5 -7 -7 -3 -6 -7 -6 -4 -5 -6 -7 -6    0   1   3   1   0   1   1  91   0   0   0   1   0   0   0   0   0   0   0   0  2.23 0.59
  189 I   -4 -6 -6 -6 -4 -6 -6 -5 -6  7  1 -4  0 -2 -6 -5  0 -6 -4  2    0   0   0   0   0   0   0   1   0  73   8   1   1   1   0   0   6   0   0   8  1.57 0.47
  190 T   -3 -5 -4 -5 -4 -5 -5 -6 -6 -5 -5 -5 -5 -6 -5 -2  8 -7 -6 -4    2   0   0   0   0   0   0   0   0   0   0   0   0   0   0   0  98   0   0   0  2.53 0.74
  191 F   -2 -5 -5 -6 -2 -5 -5 -6 -5  0 -3 -5 -2  8 -6 -1  3 -3 -1  0    4   0   0   0   1   0   0   0   0   4   1   0   1  59   0   5  18   0   0   7  1.43 0.46
  192 I   -4 -6 -6 -6 -4 -6 -6 -7 -6  6  1 -6 -1 -2 -6 -5 -4 -6 -4  5    0   0   0   0   0   0   0   0   0  45   9   0   0   1   0   0   0   0   0  45  1.49 0.45
  193 F   -5 -6 -6 -7 -6 -5 -6 -7  1 -2 -1 -6  3  6 -7 -5 -5 -2  7 -2    0   0   0   0   0   0   0   0   2   2   5   0   6  38   0   0   0   0  44   2  1.85 0.52
  194 V   -4 -7 -7 -7 -5 -6 -6 -7 -7  0 -3 -6 -3 -5 -6 -6 -4 -7 -5  8    0   0   0   0   0   0   0   0   0   1   0   0   0   0   0   0   0   0   0  99  2.38 0.66
  195 T   -4 -5 -4 -5 -5 -5 -5 -6 -6 -5 -5 -5 -5 -6 -5 -2  8 -7 -6 -4    0   0   0   0   0   0   0   0   0   0   0   0   0   0   0   1  99   0   0   0  2.64 0.76
  196 H   -6 -5 -4 -6 -8 -4 -5 -7 11 -8 -8 -5 -6 -6 -7 -6 -6 -7 -3 -8    0   0   0   0   0   0   0   0 100   0   0   0   0   0   0   0   0   0   0   0  4.04 0.92
  197 D   -5 -6 -2  8 -8 -4 -2 -5 -5 -7 -8 -5 -7 -8 -6 -4 -5 -9 -7 -7    0   0   1  99   0   0   0   0   0   0   0   0   0   0   0   1   0   0   0   0  2.88 0.73
  198 Q   -5 -2 -4 -5 -8  9 -2 -6 -4 -7 -7 -3 -5 -8 -6 -5 -5 -6 -6 -7    0   1   0   0   0  99   0   0   0   0   0   0   0   0   0   0   0   0   0   0  3.04 0.84
  199 E    0 -3 -2  1 -5 -1  6  0 -2 -5 -5 -2 -4 -6 -4  1 -1 -6 -4 -3    6   0   1   7   0   1  58   7   0   0   1   1   0   0   0  11   4   0   0   2  1.00 0.39
  200 E   -5 -4 -4 -3 -8 -2  8 -6 -4 -7 -7 -3 -6 -8 -5 -4 -5 -7 -6 -5    0   0   0   0   0   0  99   0   0   0   0   0   0   0   0   0   0   0   0   1  2.64 0.74
  201 A    7 -5 -6 -6 -4 -5 -5 -4 -6 -5 -5 -5 -5 -6 -5 -2 -4 -7 -6 -4  100   0   0   0   0   0   0   0   0   0   0   0   0   0   0   0   0   0   0   0  2.25 0.67
  202 L   -5 -5 -7 -7 -5 -5 -6 -7 -6 -1  6 -6  7  0 -6 -6 -4 -5 -4 -2    0   0   0   0   0   0   0   0   0   2  71   0  25   3   0   0   0   0   0   0  1.72 0.52
  203 A    3 -4 -1 -4 -4 -4 -4 -4 -4 -4 -4 -3 -3 -5 -4  3  5 -6 -4 -2   26   0   2   0   0   0   0   0   0   0   0   0   0   0   0  24  43   0   0   2  1.07 0.43
  204 M   -5 -6 -6 -7 -5 -5 -6 -7 -6  2  2 -6 10 -4 -7 -6 -5 -6 -5  1    0   0   0   0   0   0   0   0   0  10  14   0  70   0   0   0   0   0   0   7  2.29 0.64
  205 S    1 -5 -3 -4 -5 -4 -4 -4 -5 -6 -6 -4 -5 -6 -5  7 -2 -7 -6 -5    9   0   0   0   0   0   0   0   0   0   0   0   0   0   0  91   0   0   0   0  2.05 0.66
  206 D   -6 -6 -2  8 -5 -3 -2 -5 -2 -7 -8 -5 -7 -8 -6 -3 -3 -8 -7 -7    0   0   1  95   0   1   0   0   1   0   0   0   0   0   0   1   1   0   0   0  2.69 0.70
  207 W   -5  7 -3 -5 -6 -1 -1 -6 -2 -5 -5  0 -3 -5 -5 -4  1  2 -1 -4    0  74   0   0   0   2   4   0   1   0   0   3   1   0   0   0   9   3   2   1  1.72 0.53
  208 V   -4 -6 -7 -7 -1 -6 -7 -7 -7  7 -1 -6  0 -4 -6 -6 -4 -6 -5  4    0   0   0   0   1   0   0   0   0  71   1   0   1   0   0   0   0   0   0  25  1.85 0.52
  209 F    5 -5 -5 -5  0 -4 -4 -2 -5  1 -2 -4  0  2 -4 -2 -3 -5 -3  3   50   0   0   0   2   0   0   3   0   7   2   0   2   8   0   0   0   0   0  25  0.85 0.36
  210 I   -4 -6 -7 -7 -5 -6 -6 -7 -7  2 -2 -6 -3 -4 -6 -5 -4 -7 -5  7    0   0   0   0   0   0   0   0   0   7   2   0   0   0   0   0   0   0   0  91  2.10 0.60
  211 M   -5 -6 -7 -7 -6 -5 -6 -7 -6 -1  1 -6 10  4 -7 -6 -5 -5 -4 -3    0   0   0   0   0   0   0   0   0   2   9   0  75  14   0   0   0   0   0   0  2.60 0.70
  212 N   -3  1  7  1 -4  0 -1 -3  3 -6 -6  1 -5 -4 -5  1 -3 -5 -2 -6    1   6  54   6   0   3   4   1   7   0   0   7   0   1   0  10   0   0   1   0  1.17 0.41
  213 E    1  1  1  3 -4  2  1  1  2 -4 -4  3 -3 -5 -3  0 -2 -5 -4 -3   13   6   7  18   0  10   9   9   5   0   1  18   0   0   0   4   1   0   0   1  0.41 0.20
  214 G   -3 -6 -4 -5 -6 -6 -6  8 -6 -8 -8 -5 -7 -7 -6 -4 -6 -7 -7 -7    1   0   0   0   0   0   0  99   0   0   0   0   0   0   0   0   0   0   0   0  2.62 0.66
  215 E   -2  4  0 -2 -3  0  1 -4  1  0 -2  3 -2 -4 -4 -2 -1 -3  0  1    1  29   5   1   0   3  10   0   3   5   2  19   1   0   0   1   2   0   3  13  0.46 0.23
  216 I   -2 -6 -6 -6 -4 -6 -6 -7 -6  7  0 -6 -1 -1 -6 -5 -4 -6 -4  4    2   0   0   0   0   0   0   0   0  64   7   0   0   2   0   0   0   0   0  25  1.55 0.46
  217 V   -1 -1 -3 -1 -4  5  5 -5 -1 -3 -1 -2  2 -5 -4 -3 -2 -5 -4  0    6   3   0   3   0  30  35   0   1   1   6   1   5   0   0   0   2   0   0   8  0.81 0.35
  218 Q   -5 -3 -4 -5 -8  9 -2 -6 -2 -7 -7 -3 -5 -8 -6 -5 -5 -6 -6 -7    0   0   0   0   0  99   0   0   1   0   0   0   0   0   0   0   0   0   0   0  3.06 0.84
  219 S   -2 -4 -3 -1 -1 -3 -4 -5 -5  5  2 -3  1 -1 -5 -1 -2 -5 -2  3    1   0   1   4   1   1   0   0   0  35  16   1   4   1   0   6   1   0   1  26  0.63 0.26
  220 G    1 -5 -3  2 -6 -5 -3  7 -5 -7 -7 -5 -6 -6 -5 -2 -5 -6 -6 -6   12   0   0  12   0   0   1  73   0   0   0   0   0   0   0   2   0   0   0   0  1.68 0.49
  221 T    0 -1 -2  0 -3 -3 -2 -3 -3 -4 -4 -3 -4 -5  1  3  6 -6 -4 -3    8   3   1   5   0   0   1   1   0   1   1   1   0   0   6  19  54   0   0   0  0.98 0.40
  222 P   -2 -6 -6 -6 -7 -6 -5 -4 -6 -7 -7 -5 -7 -8  9 -5 -5 -8 -7 -4    3   0   0   0   0   0   0   1   0   0   0   0   0   0  94   0   0   0   0   1  3.10 0.77
  223 T    0  2  0  1 -3  1  1 -2  1 -1 -2  0 -1  0 -2  0  0  0  0  0    7  17   3   7   0   8  12   1   3   4   2   5   1   4   1   5   7   1   4   8  0.14 0.10
  224 D   -2 -1 -1  5 -4  0  6 -4 -3 -5 -6 -1 -3 -6 -4 -2 -1 -6 -5 -4    3   3   3  29   0   2  48   1   0   0   0   2   1   0   0   2   4   0   0   1  1.14 0.40
  225 I   -3 -6 -6 -6 -4 -6 -6 -7 -6  7  3 -6 -1 -3 -6 -5 -3 -6 -4  2    1   0   0   0   0   0   0   0   0  63  23   0   1   0   0   0   1   0   0  11  1.49 0.44
  226 Y   -6 -6 -7 -8 -7 -6 -7 -8 -3 -6 -6 -6 -6 -1 -8 -6 -6 -2 10 -6    0   0   0   0   0   0   0   0   0   0   0   0   0   0   0   0   0   0 100   0  3.58 0.87
  227 D   -2  1  3  3 -6  0  5 -3  1 -5 -5 -2 -3 -2 -4 -1 -2 -6 -2 -5    2   6  13  16   0   3  47   1   3   0   0   1   1   2   0   2   2   0   1   0  0.93 0.35
  228 E    0  4  1 -1 -3  2  3 -4  3 -5 -4  1 -3 -2 -4  0 -1 -4  0 -4    6  27   6   2   0   7  23   0   8   0   1   6   0   1   0   5   4   0   3   0  0.56 0.25
  229 P   -5 -7 -7 -6 -7 -6 -6 -7 -7 -7 -7 -5 -7 -8  9 -5 -6 -8 -7 -7    0   0   0   0   0   0   0   0   0   0   0   0   0   0 100   0   0   0   0   0  3.45 0.83
  230 I    3  1  0 -2 -1  1  0 -2 -2  0 -3  2 -2 -4 -3  0 -1 -4 -3  0   33   8   5   0   1   7   6   1   1   7   1  15   0   0   0   4   3   0   0   7  0.31 0.19
  231 N   -4 -4  6  1 -1 -3 -3 -4 -3 -5 -6 -4 -5 -6 -5  3  4 -6 -5 -5    0   0  47   5   1   0   1   0   0   0   0   0   0   0   0  18  27   0   0   0  1.34 0.47
  232 H    1  5 -2 -2 -3 -1  0 -3  2 -2  0  0 -2 -4  0  0  0 -5 -3 -1   15  32   0   1   0   1   6   0   6   1  11   5   1   0   4   8   5   0   0   3  0.39 0.22
  233 F   -6 -6 -7 -8 -7 -6 -6 -7 -4 -4 -4 -7 -3  9 -8 -6 -6 -1  2 -5    0   0   0   0   0   0   0   0   0   0   0   0   0  92   0   0   0   1   5   0  2.92 0.71
  234 V   -2 -6 -7 -7 -4 -6 -6 -7 -7  1 -3 -6  0 -5 -6 -4 -2 -7 -5  7    2   0   0   0   0   0   0   0   0   4   0   0   2   0   0   1   2   0   0  90  2.01 0.59
  235 A    7 -5 -5 -5 -4 -4 -5 -3 -4 -5 -5 -4 -5 -6 -5  0 -3 -6 -6 -4   93   0   0   0   0   0   0   0   0   0   0   0   0   0   0   6   0   0   0   0  1.98 0.61
  236 D   -3  1  2  5 -5  1  1  0 -2 -5 -5 -1 -3 -5 -4  1  1 -6 -5 -5    1   6  10  38   0   7   7   8   1   0   0   3   1   0   0  12   8   0   0   0  0.71 0.28
  237 F   -7 -7 -7 -8 -7 -8 -8 -8 -6 -4 -4 -8 -4  9 -8 -7 -6 -3 -1 -5    0   0   0   0   0   0   0   0   0   0   0   0   0 100   0   0   0   0   0   0  3.29 0.78
  238 I   -4 -6 -7 -7 -4 -6 -6 -7 -7  7  1 -6  2 -3 -6 -6 -4 -6 -5  3    0   0   0   0   0   0   0   0   0  71   9   0   4   0   0   0   0   0   0  15  1.70 0.49
  239 G   -4 -5 -4 -5 -7 -6 -6  8 -6 -8 -8 -5 -7 -7 -6 -4 -6 -7 -7 -7    0   0   0   0   0   0   0 100   0   0   0   0   0   0   0   0   0   0   0   0  2.65 0.67
  240 E   -3  1 -1  3 -5  2  5 -4 -2 -4 -3  2 -4 -5 -4 -1  1 -5 -4 -3    1   6   2  14   0   7  43   1   0   0   2  11   0   0   0   3   9   0   0   1  0.76 0.31
  241 S    2 -4  1 -3 -2 -2 -3 -3 -4  1 -2 -3  0 -4 -3  4  3 -5 -4  0   15   0   8   0   1   1   0   0   0   8   2   0   2   0   0  37  18   0   0   7  0.59 0.30
  242 N   -4 -5  9 -3 -7 -4 -4 -5 -4 -7 -8 -4 -5 -7 -6 -3 -3 -8 -6 -7    1   0  97   0   0   0   0   0   0   0   0   0   0   0   0   1   1   0   0   0  2.89 0.76
  243 I   -3 -1 -4 -4 -3 -3 -4 -5 -4  4  2 -3  1  4 -5 -3 -1 -4 -2  2    1   4   0   1   0   1   0   0   0  32  23   1   3  17   0   1   3   0   0  12  0.66 0.26
  244 L   -4 -5 -6 -6 -4 -5 -6 -6 -5  4  4 -5  1  5 -6 -5 -4  0 -1  1    0   0   0   0   0   0   0   0   0  21  39   0   3  24   0   0   0   1   1  10  1.00 0.33
  245 N   -1  0  1  3 -5 -1  3 -3  0 -4 -4  0 -3 -4  4  0  0 -5 -3 -4    5   5   6  19   0   2  21   1   2   0   1   6   0   0  18   8   5   0   1   0  0.53 0.23
  246 G    3 -4 -4 -5  0 -5 -5  6 -5 -4 -5 -4 -4 -6 -4 -2 -3 -6 -5 -2   28   0   0   0   2   0   0  62   0   1   0   0   0   0   1   1   1   0   0   3  1.41 0.44
  247 R   -2  3 -2 -1 -3  1  2 -4 -1  0 -2  2 -1 -4 -2 -1  3 -4 -3  0    2  16   1   2   0   6  14   0   1   6   1  13   1   0   1   3  25   0   0   8  0.38 0.21
  248 M   -1 -2 -5 -5 -3 -2 -3 -4 -4  2  1 -3  5 -1 -4 -3 -2 -4 -2  5    3   3   0   0   0   1   1   1   0  12  10   1  17   2   0   1   1   0   1  45  0.78 0.31
  249 I    0 -1 -1  0 -2 -1  0 -2 -1  2  1  0  0 -2 -3 -1  1 -2 -2  2    8   3   2   6   0   1   6   3   1  16  11   7   1   0   0   3  12   0   0  18  0.12 0.10
  250 E    0  1 -1  3 -4  1  4  1 -1 -5 -5  1 -3 -5 -2  1 -1 -5 -4 -4    8   6   2  14   0   6  32   9   1   0   0   7   0   0   2  10   2   0   0   0  0.51 0.23
  251 D   -1  2  1  4 -1  0  1  0  0 -3 -4  0 -3 -4 -2  0 -1 -5 -2 -2    6  13   4  32   2   3   9   6   2   1   1   5   0   0   2   7   4   0   1   3  0.40 0.19
  252 Y    1  0  0 -1  2 -1 -1  1  0 -1  0  0 -1  0 -2 -1 -1  0  2  0   14   5   4   3   6   2   4  15   2   4   7   5   1   4   1   3   2   1  12   7  0.07 0.07
  253 L    0  1 -1 -1 -1  0  0 -1  0  1  1  0  0 -1 -2  0  1 -3 -1  1    9   8   1   3   1   4   4   3   2   6  20   5   2   2   1   4   8   0   1  16  0.06 0.07
  254 V    0 -2 -4 -3  0 -3 -3 -4 -4  2  0 -4 -1 -2 -2 -2  0 -5 -3  5    8   2   1   2   2   1   2   1   0  11   8   0   0   1   2   2   4   0   0  55  0.72 0.29
  255 E   -1  2  0  1 -3  1  3 -1  0 -2 -1  1 -1 -2 -2  0  1 -2 -2 -1    5  14   4   9   0   5  21   3   2   2   6   6   1   1   1   6   9   0   0   3  0.21 0.13
  256 F    0 -2 -2 -2 -1 -2 -2 -1 -2  2  1 -2  0  3 -2 -1  0  0 -1  2   10   1   1   2   1   1   2   4   1  16  16   1   2  15   2   4   4   1   1  16  0.19 0.12
  257 N    1 -1  2  2 -1  0  1  2  0 -2 -1 -1 -2 -1  0  0 -1 -3 -1 -1   11   2  11  13   1   3   8  17   2   1   7   3   0   3   4   6   3   0   3   3  0.14 0.09
  258 G   -1 -3  1  0 -3 -2 -2  6 -3 -3 -3 -3 -3 -3 -3 -1 -1 -5 -4 -2    3   1   7   5   1   1   2  62   0   2   2   1   0   1   1   4   3   0   0   4  0.96 0.32
  259 Q    0  1 -1  0 -1  1  1  1  1 -1 -1  1 -1 -1 -1  0  0 -2  0 -1    7   7   1   4   1   8  10  12   4   4   8  10   1   2   2   5   6   0   3   5  0.06 0.05
  260 K    0  2  0  1 -2  1  1  0  0  0 -1  1 -1 -2  0  0  1 -3 -2  0    5  12   3   7   0   5  10   7   3   5   5   9   1   1   4   5  10   0   1   7  0.08 0.06
  261 F   -1 -1 -3 -3 -2 -2 -2 -2  0  2  2 -2  0  4 -3 -2 -1 -1  1  2    3   3   0   1   1   1   2   2   2  13  22   3   2  21   0   2   3   1   3  14  0.31 0.15
  262 E    0  1 -1  1 -2  0  2 -2  0  0 -1  0 -1 -2  2  0  0 -1 -2  0    8   9   1   8   1   3  20   1   2   6   5   5   1   1   9   4   6   1   0   9  0.15 0.10
  263 A    2 -1 -2 -3  6 -2 -2  0 -2  0  0 -2 -1 -3  0  0  0 -4 -2  1   20   4   2   1  20   1   2   6   1   5   8   2   1   1   4   5   5   0   1  13  0.31 0.16
  264 V    0  0 -1 -1  0 -1 -1 -2 -1  0  1  0 -1 -2  3 -1  0 -4 -2  2    9   6   2   4   2   1   3   1   2   3  13   5   1   1  14   4   6   0   1  23  0.16 0.11
  265 D    1 -1  1  4 -3 -1  0 -1  0 -3 -2  0 -3 -4  2  0  0 -4 -2 -2   12   3   8  30   0   2   6   5   2   1   3   4   0   0  10   7   4   0   1   2  0.36 0.17
  266 G    1  1  0 -1 -1  0  0  1  1 -1 -1  1  0 -1  0  0  0 -3 -1  0   18   6   3   3   1   3   6  13   4   2   4  10   2   2   4   5   4   0   1   8  0.08 0.06
  267 G    1 -1  1  1 -3 -1 -1  4  1 -4 -4 -1 -3 -2  2  0 -1 -4 -3 -3    9   3   8   6   0   3   4  37   3   0   1   2   0   2  11   5   3   0   0   1  0.47 0.19
  268 M    0 -1 -2 -2 -1 -2 -2 -2 -1  1  1 -2  2  3 -2 -1  0 -2  0  2   11   3   1   1   1   1   1   2   2   9  15   2   6  15   2   4   4   0   2  19  0.18 0.11
  269 R    1  2  0  0 -3  1  1  0  1 -3 -2  2 -2 -3  1  1  0 -2 -2 -2   12  13   5   4   0   6   7   9   3   0   2  12   0   0   6   9   7   1   1   3  0.18 0.10
  270 K    1 -1 -1  0 -3 -1  1 -1 -1 -1 -1  1 -1 -3  4  0  0 -4 -3  1   15   2   2   4   0   2   9   3   1   3   5   9   1   0  19   4   6   0   0  13  0.26 0.14
  271 N   -2 -3  4  0 -4 -3 -3  6 -2 -6 -5 -2 -3 -5 -4 -1 -2 -6 -5 -4    2   1  18   4   0   1   1  61   1   0   1   2   1   0   1   4   1   0   0   1  1.21 0.39
  272 E    0 -1 -1  3 -4  2  4  1 -2 -4 -4  0 -2 -5 -3  0 -1 -5 -3 -3    8   2   1  19   0  12  26  13   1   0   0   4   1   0   0   7   4   0   0   1  0.51 0.23
  273 P    0  2  0  0 -4  1  1 -2  0 -2 -3  3 -2 -4  3  0  0 -3 -3 -2   10  12   4   5   0   5   8   3   3   2   1  18   0   0  16   6   5   0   0   2  0.33 0.16
  274 I    1 -4 -5 -5  0 -4 -4 -2 -4  2  1 -4 -2 -3 -5 -3  0 -5 -3  5   13   0   0   0   2   0   0   4   0   8  10   0   0   0   0   0   5   0   1  55  0.82 0.32
  275 E   -1  0  0  1 -1  1  1 -2  1 -1 -1  0 -1 -2 -2  0  2  1 -1  0    4   3   3   9   1   5  11   1   4   3   7   7   1   1   1   7  19   3   2   8  0.13 0.10
  276 V    0 -5 -5 -6 -3 -4 -5 -5 -5  3  3 -5  0  1 -5 -4 -2 -4 -2  5    7   0   0   0   0   0   0   0   0  14  30   0   2   4   0   0   1   0   1  41  0.84 0.30
  277 V    2 -4 -3 -4  1 -3 -3  0 -4  0  0 -3  1 -2 -4  3  0 -4 -1  3   20   0   0   0   3   0   0   6   0   2   8   0   4   1   0  24   4   0   2  26  0.41 0.24
  278 I   -3 -5 -6 -6 -3 -5 -6 -6 -6  6  3 -5  0 -2 -5 -5 -3 -5 -4  4    1   0   0   0   0   0   0   0   0  44  24   0   1   1   0   0   0   0   0  28  1.18 0.37
  279 R   -6  9 -5 -6 -8 -3 -4 -6 -4 -7 -6 -2 -6 -7 -6 -5 -5 -7 -6 -7    0 100   0   0   0   0   0   0   0   0   0   0   0   0   0   0   0   0   0   0  2.90 0.75
  280 P   -5 -6 -6 -6 -7 -5 -5 -6 -6 -7 -6 -5 -7 -8  9 -4 -5 -8 -7 -7    0   0   0   0   0   0   0   0   0   0   0   0   0   0  98   1   0   0   0   0  3.30 0.80
  281 E   -5 -4 -3 -2 -8 -2  8 -5 -4 -7 -7 -3 -6 -7 -5 -4 -5 -7 -6 -7    0   0   1   0   0   0  98   1   0   0   0   0   0   0   0   0   0   0   0   0  2.55 0.72
  282 D    0  3  0  4 -5 -1  0 -2  2 -5 -5  3 -3 -5 -4  0 -2 -5 -3 -4   10  18   4  25   0   2   3   2   5   0   0  24   0   0   0   5   0   0   1   1  0.62 0.26
  283 I   -2 -5 -6 -5 -4 -5 -5 -4 -6  6  3 -5  2  0 -5 -4 -3 -5 -3  3    3   0   0   1   0   0   0   1   0  45  23   0   4   4   0   0   0   0   0  18  1.00 0.33
  284 W   -1  4 -1  1 -3  1  1 -2  2 -1 -3  1 -2 -3 -3  1  0 -2 -1 -1    5  25   2   8   0   5  11   1   5   4   1   8   0   0   0  10   7   1   2   4  0.30 0.17
  285 F   -3 -5 -6 -5 -1 -5 -4 -6 -5  4  4 -5  1  1 -4 -4 -3 -4 -2  2    1   0   0   0   1   0   1   0   0  27  43   0   3   7   1   1   0   0   0  15  0.90 0.31
  286 T    1 -1  1 -1  1 -1  0  0  1 -1 -2 -1 -2 -3 -2  2  2 -3 -1  1   11   2   5   3   3   2   6   6   3   1   3   3   0   0   0  18  16   0   2  13  0.16 0.13
  287 L    1  0 -1  0 -3  0  2 -1  1 -3 -2  1 -2 -3  3  0  0 -4 -2 -2   16   6   2   6   0   2  15   4   4   0   5   7   0   0  16   7   6   0   0   2  0.26 0.13
  288 P    2 -1 -1  0 -3  0  1  0 -1 -2 -2 -1 -3 -4  5  0  0 -4 -3 -1   18   2   3   4   0   5   9   6   2   3   4   3   0   0  27   6   4   0   1   5  0.41 0.18
  289 D    1 -1  0  3 -2  0  2  3 -1 -4 -4 -1 -3 -5  0  0 -1 -5 -4 -3   12   2   4  19   1   2  18  22   1   0   1   3   0   0   4   6   3   0   0   1  0.43 0.20
  290 E    0  0  0  3 -3  2  3 -1  0 -3 -3  1 -2 -4  0  0 -1 -4 -3 -1   10   3   4  16   0   8  24   4   2   1   1   9   0   0   4   5   4   0   1   4  0.33 0.17
  291 G    1 -3  5 -1 -3 -2 -1  5  0 -4 -5 -2 -4 -3 -1 -1 -2 -5 -4 -3   10   1  29   2   0   1   3  39   2   1   0   1   0   1   3   3   1   0   0   2  0.82 0.31
  292 K    1  1 -1 -1 -1  1 -1  1  1 -1 -1  1  0 -1 -1  1  0 -3 -1  0   10  10   2   3   1   6   2  12   5   3   5   9   4   2   1  10   7   0   1   7  0.07 0.06
  293 F   -2 -4 -5 -5 -2 -2 -5 -5 -1  3  4 -5  1  3 -5 -4 -2 -1 -2  2    3   0   0   0   0   2   0   0   2  16  42   0   3  15   0   0   2   1   0  12  0.73 0.28
  294 N    0  2  0  0 -3  1  1 -2  0 -1 -3  1 -2 -4  2  1  2 -4 -3 -1    9  11   4   4   0   6  12   1   2   3   1  10   0   0   9  11  12   0   0   5  0.23 0.14
  295 V    2 -5 -4 -5  2 -5 -5  6 -6 -4 -5 -5 -3 -6 -5 -3 -3 -6 -6  1   19   0   0   0   4   0   0  66   0   1   1   0   1   0   0   0   1   0   0   9  1.47 0.48
  296 K   -2  3 -2 -2 -3  0  1 -4  0  0 -2  2 -1 -3 -4 -1  3 -4 -1  1    1  18   1   1   0   3   9   0   3   6   2  12   1   1   0   2  26   0   2  12  0.40 0.24
  297 V   -3 -6 -7 -7 -4 -6 -6 -7 -7  4  0 -6 -2 -4 -6 -5 -3 -6 -4  6    2   0   0   0   0   0   0   0   0  25   6   0   0   0   0   0   0   0   0  67  1.65 0.52
  298 D   -1  2 -1  2 -2  0  2 -3 -1 -1 -1  1 -1 -3 -3  0  2  1 -2  1    5  11   1  11   0   4  14   0   1   4   6  10   1   0   0   6  13   2   0  10  0.18 0.14
  299 T   -1 -1  1  3 -4  0  3 -1  2 -4 -2 -1 -2 -2 -3  2  1 -4 -3 -4    3   3   5  17   0   3  23   4   6   0   4   2   1   2   0  15   9   0   0   0  0.40 0.22
  300 Q    0  2 -1 -3 -2  1 -1 -3  0  1  0 -1  0  0 -3  1  0 -3 -2  2    6  15   2   1   0   8   2   0   2  10   8   3   2   4   0  12   6   0   0  18  0.17 0.14
  301 L    0 -2  0 -3 -3 -2 -2 -2 -1  3  1 -3  1 -1 -4  0  1 -4 -1  3    8   2   4   0   0   1   3   2   2  22  12   0   3   2   0   8   8   0   2  22  0.28 0.17
  302 F   -6 -6 -4 -5 -7 -6 -7 -7 -1 -5 -4 -7 -5  7 -7 -6 -6 -2  8 -5    0   0   1   1   0   0   0   0   1   0   0   0   0  48   0   0   0   0  50   0  2.55 0.69
  303 R   -2  1 -3 -4 -3  1 -3 -4  0  0  3  2  3  0 -4 -2 -1 -3  0  0    2   9   0   0   0   6   0   0   3   5  34  14   8   3   0   2   4   0   3   6  0.35 0.20
  304 G   -4 -7 -5 -6 -7 -6 -6  8 -6 -8 -8 -6 -7 -8 -7 -5 -6 -7 -7 -8    0   0   0   0   0   0   0 100   0   0   0   0   0   0   0   0   0   0   0   0  2.75 0.73
  305 V    0 -3  0  3 -3 -2 -1 -1 -1 -1 -2 -2  1 -1 -1  2  1 -3 -2  2    7   0   4  23   0   1   3   4   1   2   1   1   5   2   3  15  11   0   1  17  0.28 0.19
  306 H   -1 -1  0  1 -4  1 -1 -4  7 -2 -3 -2  0 -1 -4  0  2 -4  1  0    4   3   3   7   0   8   2   0  30   2   2   1   3   3   0   7  12   0   5   8  0.59 0.28
  307 Y   -2 -4 -1 -4 -3 -2 -4 -5 -1  1  1 -4 -1  0 -5 -2  3  4  5  2    1   0   3   1   0   2   0   0   1   8  14   0   1   3   0   3  21   6  22  13  0.56 0.27
  308 E   -3  3  0  1 -5  2  4 -4  2 -3 -1  0 -1 -3 -4 -2 -2 -5 -3 -2    0  19   3   8   0  10  34   0   5   1   7   4   1   1   0   2   2   0   0   2  0.61 0.29
  309 I   -2 -5 -5 -5  0 -4 -5 -5 -2  3  2 -4  3  1 -5 -1  0 -3  6  2    2   0   0   0   2   0   0   0   0  16  17   0   7   4   0   5   5   0  28  13  0.72 0.30
  310 V   -1  1 -2 -1  0  0  1 -3  2  1  0  0  0  0 -3 -1  1 -1  0  2    3  10   1   2   2   4  11   1   6  11   7   4   3   4   0   3   8   1   2  17  0.11 0.10
  311 A    0 -4 -5 -5  3 -3 -4 -2 -4  3  2 -4  0 -2 -5 -3 -1 -5 -4  5    8   1   0   0   6   1   0   3   0  14  16   1   2   1   0   1   2   0   0  45  0.75 0.31
  312 Y    0  2 -1  1 -4  1  3 -2  1 -1 -2  1 -1 -2 -3  0  0 -3  0 -1    8  14   2   8   0   4  21   3   3   3   4   7   1   2   0   5   5   0   4   5  0.20 0.13
  313 D   -1 -3 -1  3 -1 -2 -2 -2 -3  0  2 -3 -1 -2 -3  0  2 -2 -3  2    4   0   2  16   1   1   1   3   0   5  25   1   1   1   1   6  17   1   0  13  0.28 0.19
  314 E    1 -2 -1  2 -1  0  2  2 -1 -3 -3 -1 -2 -4  2  0 -1 -1 -3 -2   15   1   2  14   1   5  18  14   1   1   2   3   1   1   9   5   3   1   0   2  0.29 0.17
  315 F    0 -1  2  2 -2  0  0  2  0 -2 -1 -1 -1  0 -1  1 -1 -2 -1 -1    8   2  11  15   1   3   5  15   3   2   8   3   1   5   2   9   2   1   1   3  0.14 0.10
  316 N   -1 -2  2  0 -1  1 -1  5 -1 -2 -3 -1 -3 -2 -3 -1 -2 -5 -4 -2    3   2   8   4   1   6   4  51   1   2   3   3   0   2   1   3   2   0   0   3  0.70 0.29
  317 N   -1  1  2  1 -3  1  0  0  0 -1 -1  1  0  0 -1  0  0 -3  0 -1    4  10  10   6   0   8   6   5   2   3   3   8   2   4   3   7   8   0   4   5  0.09 0.07
  318 E   -1  1 -1  1 -3  1  4 -3 -1  0  0  0  0 -3  0 -1  0 -4 -2  0    4   7   2   7   0   4  29   1   1   7  10   5   3   0   4   3   6   0   1   6  0.24 0.16
  319 W   -2 -1 -4 -4 -1 -2 -4 -4 -3  2  2 -4  1  3 -3 -2 -1  7  0  2    3   3   0   1   1   2   1   1   0  14  19   0   4  14   1   2   3  15   2  14  0.60 0.25
  320 L   -1  0 -2 -3 -2  0 -2 -4 -3  2  2  0  3  0 -2 -1  0 -4 -1  2    4   5   2   1   1   3   2   0   0  14  21   7  10   3   1   3   6   0   1  17  0.23 0.15
  321 I    1 -2 -2 -3 -3 -2 -3 -4 -5  3  0 -4  0 -2 -2 -1 -1 -5 -2  5   11   2   1   1   0   2   1   1   0  18   6   0   1   1   2   4   3   0   1  44  0.63 0.29
  322 H   -1  2  1  1 -2  3  0 -3  5 -4 -3  1 -2 -2 -1  0 -1 -4  0 -2    5  12   8   8   1  12   5   1  16   0   2   9   1   1   3   6   3   0   3   3  0.35 0.19
  323 S    1  0  1 -1 -2  1  0  0 -1 -2 -2 -1 -1 -3  1  2  1 -4 -3  0   13   6   6   3   1   6   5   5   1   2   3   1   1   0   7  21  10   0   0   8  0.18 0.14
  324 T    0 -1  1  1 -4  2 -2 -2  0 -2 -1 -1 -2 -3  2  0  4 -4 -1 -1    6   3   5  10   0  10   1   3   2   2   5   2   0   1  10   7  28   0   2   3  0.32 0.21
  325 H   -1  2  4  2 -4  1  0 -2  2 -1 -3  1 -2 -3  0 -1 -1 -5 -2 -2    5  12  24  11   0   6   5   2   6   3   3   7   1   1   4   2   4   0   1   2  0.34 0.19
  326 K    0  2  0  1 -3  1  0  0 -1 -1 -2  1  0 -2  3  1 -1 -2 -1 -2    6  14   3   8   0   6   5   7   1   4   4   9   3   2  13   9   3   0   2   2  0.17 0.11
  327 A    2 -1 -2 -2 -2 -3 -2 -3  1 -1  1 -2 -2  3  2  0 -1  3  2  0   18   4   1   2   1   0   1   1   4   3  13   2   0  14  10   6   3   5   8   6  0.24 0.16
  328 I    0  1 -1  0 -4  2  3 -3 -1 -1 -2  1 -3 -3  2  0  0 -4 -2 -1   10   8   3   5   0   8  19   1   1   3   3  10   0   0  12   5   6   0   1   5  0.26 0.16
  329 V    1 -2 -4 -2 -4 -2  1 -4 -3  2  0 -3 -2 -2  4 -3 -1 -3 -2  3   10   2   0   2   0   1  12   1   0  10   7   1   0   1  19   1   2   0   1  28  0.46 0.25
  330 G   -3 -5 -1  0 -7 -4 -5  7 -5 -8 -8 -4 -7 -7 -5 -4 -5 -7 -7 -6    1   0   3   5   0   1   1  86   0   0   0   1   0   0   0   1   0   0   0   0  2.17 0.65
  331 E    1 -2 -1  4 -5  3  4 -3 -2 -5 -5 -1 -4 -6 -4  1  0 -6 -5 -5   10   1   1  28   0  12  25   1   0   0   1   2   0   0   0  10   6   0   0   0  0.79 0.36
  332 T    0  2 -1  0 -4  1  3 -3  0 -3 -3  2 -1 -4  0  0  1 -4 -3 -1    7  14   3   4   0   6  21   1   2   1   1  12   1   0   5   7  10   0   0   4  0.32 0.19
  333 V   -1 -5 -7 -7 -2 -6 -6 -6 -7  3 -1 -6 -3 -4 -6 -5 -3 -6 -1  7    5   0   0   0   1   0   0   0   0  16   5   0   0   0   0   0   1   0   2  69  1.57 0.53
  334 G    0  0 -2 -1  0 -2 -1  3  1 -3 -2 -1 -2  0 -2  0  0  5  2 -1    7   7   1   2   2   1   3  26   4   1   3   2   1   5   1   7   8   8   8   3  0.30 0.18
  335 L   -2 -5 -6 -6  1 -5 -6 -6 -6  4  4 -5  0  0 -6 -5 -4 -5 -4  3    4   0   0   0   3   0   0   0   0  22  48   0   2   3   0   0   0   0   0  19  1.06 0.39
  336 D    0  1  0  1 -1  0 -1  1  2 -3 -3  0 -3 -1 -3  2  1 -1  2 -2    7   7   3   9   1   3   3  13   6   0   1   4   0   2   0  17  11   1   7   3  0.19 0.15
  337 F   -5 -7 -7 -8 -2 -7 -7 -7 -6  2 -1 -7 -2  6 -5 -7 -6 10 -1  1    0   0   0   0   1   0   0   0   0  11   7   0   1  27   1   0   0  42   1   9  2.21 0.64
  338 D    0  1  1  3 -4  1  1 -2  2 -3 -2  0 -2 -4  2  0  0 -3 -3 -3   10   8   8  20   0   6   8   2   7   1   3   5   1   0   9   5   5   0   0   1  0.29 0.17
  339 P    1 -1 -4 -1 -6 -1 -1 -3 -2 -5 -4 -1 -4 -5  7 -1 -2 -7 -6 -2   12   4   1   3   0   2   4   1   1   0   1   3   0   0  55   5   2   0   0   3  1.32 0.48
  340 E    0  0  0  4 -4  0  5  0  0 -4 -5 -1 -4 -1 -4 -1 -2 -5 -1 -4    7   5   4  20   0   3  37   7   2   1   1   3   0   3   0   5   1   0   2   0  0.65 0.30
  341 A    2 -1  1  5 -3 -2 -2  0  3 -4 -4 -1 -4 -5 -4  1 -3 -2 -4 -3   19   4   7  35   0   1   1   6   8   0   2   4   0   0   0   9   1   1   0   2  0.66 0.31
  342 I    1 -5 -4 -5  4 -4 -4 -1 -5  4  1 -4  2 -2 -2 -1 -1 -5 -4  2   15   0   0   0  10   0   1   5   0  29  14   0   5   1   2   4   3   0   0  11  0.53 0.25
  343 H   -2  3 -1 -4 -2  1 -3 -4  7 -1 -1 -2 -2  1 -5 -2 -2  2  0  2    2  18   3   0   1   6   0   0  28   2   7   2   0   6   0   2   1   3   3  14  0.70 0.32
  344 I    1 -5 -6 -6 -3 -5 -5 -5 -6  4  1 -5 -1  0 -4 -4 -1 -5 -3  5   11   0   0   0   0   0   0   0   0  25  12   0   1   3   0   0   3   0   0  44  0.99 0.38
  345 M   -4 -5 -6 -7 -5 -5 -6 -7 -5  2  5 -5  6  0 -5 -5 -4 -5 -3  1    0   0   0   0   0   0   0   0   0  12  48   0  24   4   1   0   0   0   1  10  1.26 0.44
  346 R   -1  4  1  0 -4  1  1 -1  3 -4 -4  3 -3 -4  1 -1 -2 -4 -3 -2    5  29   7   5   0   5   7   3   7   0   1  18   0   0   7   2   0   0   0   3  0.52 0.23
  347 L    0  1  0 -1 -2 -1 -1 -2 -2 -1  1  2 -1  1  1 -1 -1 -3  0  0    8   6   4   3   1   1   4   2   0   3  16  21   1   9   8   1   4   0   3   7  0.11 0.10
  348 N   -1 -2  4  1 -3 -1 -1  2 -1 -4 -4  0 -1 -4  4  1 -1 -2 -4 -4    3   2  24   8   0   2   2  16   1   0   1   4   1   0  21   9   2   1   0   1  0.56 0.22
  349 E    2 -2 -2  1 -5  1  6 -3 -1 -5 -4 -2 -4 -5 -3 -2 -2 -5 -3 -4   16   1   0   6   0   5  62   1   1   0   1   0   0   0   1   1   2   0   1   0  1.09 0.38
  350 T    0 -2 -1 -1 -3 -2 -1  0 -1 -2 -3  0 -2 -2 -2  4  4 -4 -1 -1    6   1   2   2   0   1   2   5   1   1   0   4   1   1   1  38  27   0   1   4  0.47 0.23
  351 E   -1 -1 -1  1 -5  1  6 -3 -2 -4 -4 -1 -4 -2 -3 -1 -2 -4 -4 -4    5   2   1   6   0   6  67   1   0   1   1   2   0   2   0   4   1   0   0   0  1.06 0.32
  352 E    1 -2 -1  4 -4  2  4 -1 -2 -4 -4  0 -3 -3 -3 -2 -1 -5 -4 -3   13   0   1  28   0   7  36   3   0   0   0   5   0   1   0   0   2   0   0   2  0.69 0.24
  353 E   -1 -2 -2  4 -5  0  5 -1 -2 -3 -4 -1 -1 -5 -3 -1 -2 -5 -4 -2    4   0   0  27   0   1  50   4   0   2   1   2   2   0   0   3   1   0   0   3  0.86 0.27
  354 F   -3 -3 -3 -1 -4 -2  2 -4 -2  1 -1 -2 -1  6 -4 -2 -2  3  2 -2    0   0   0   3   0   0  15   0   0   9   4   1   1  50   0   3   2   3   6   0  0.73 0.22
  355 D    1 -1  2  6 -4 -2  0 -2 -3 -2 -4 -2 -4 -4 -3 -2 -1 -5 -3 -3   14   2   8  63   0   0   3   1   0   4   0   0   0   0   0   0   3   0   1   0  0.98 0.25
  356 A    4  0 -1 -2  0 -1 -1 -1 -1 -1 -2  2 -1 -3  1  0 -1 -4 -3  0   49   4   2   0   2   2   2   2   2   2   1  16   1   0   5   1   1   0   0   8  0.34 0.15
  357 R   -2  6 -1  0 -4 -1  0  2 -2 -3 -4  0 -3 -4  0 -1 -2 -4 -1 -2    1  54   1   5   0   0   4  19   0   1   0   0   0   0   4   4   1   0   2   2  0.67 0.20
  358 I   -2 -3 -3 -1 -2 -3 -3 -4 -3  4  3 -2  1  0 -3 -2  0 -3 -1  2    1   0   0   4   0   0   0   0   0  30  38   3   1   3   0   1   5   0   2  12  0.42 0.13
  359 E   -1 -2  0  3 -5  1  6 -3 -2 -4 -4  0 -3 -5 -3  0 -2 -5 -4 -2    3   0   4  16   0   2  65   0   0   0   0   2   0   0   0   5   1   0   0   3  0.96 0.24
  360 E    0  0 -1 -1 -3  0  2 -1 -1 -2 -3  1 -2 -2 -2  3  1 -3  1 -1    7   6   1   1   0   2  18   4   0   1   1   7   0   0   0  31   7   0   9   5  0.25 0.11
  361 Y   -2 -3 -3 -3 -3 -3 -3 -4  1 -1 -1 -1  0  2 -4 -1 -2  0  7  2    0   0   0   2   0   0   0   0   2   0   3   4   2   3   0   5   0   0  59  20  0.99 0.25
  362 V   -1 -2 -1  1 -4  0  5 -1 -2 -2  0  0 -2 -3 -3  0 -1 -4 -3  0    4   0   1   7   0   2  53   3   0   0  11   2   0   0   0   7   2   0   0   9  0.47 0.16
  363 E   -1 -2  0  3 -4  1  4  0 -1 -1 -3  0 -2 -2 -1 -1 -1 -4 -3  0    1   0   4  24   0   3  37   9   0   3   1   2   1   1   2   1   2   0   0   9  0.42 0.13
  364 E   -1 -2 -1  4 -4  0  4  0 -2 -2 -3 -1  1 -3 -2 -1 -1 -4 -3 -1    2   0   0  29   0   1  40   9   0   1   1   0   5   1   0   3   2   0   0   7  0.52 0.15
  365 E   -1 -1  0  4 -4  0  5 -2 -1 -4 -4 -1 -3 -4 -1 -1 -1 -4  0 -4    3   2   1  23   0   1  59   2   0   0   0   0   0   0   1   1   2   0   5   0  0.78 0.18
  366 E   -1 -1  2  3 -3  1  2 -2  4 -2 -3 -1 -2 -3 -2  0  0 -4 -2 -1    1   0  12  26   0   9  15   0  14   1   0   0   0   0   0   6   8   0   0   7  0.39 0.09
  367 T    0 -1 -1  2  2  1  5 -3  0 -3 -1  1  0 -3 -2 -1 -1 -4 -3 -2    6   0   0  10   7   0  57   0   3   0   5   7   3   0   0   0   3   0   0   0  0.51 0.11
  368 V    0  1 -1  3 -3  0  2 -2 -2  0 -1 -1 -1 -2 -2 -1 -1 -3 -2  2    7   9   0  26   0   0  23   0   0   5   3   0   0   0   0   0   0   0   0  25  0.24 0.06
  369 G    0 -1 -1 -1 -2  1  0  4 -2 -2 -1 -1 -1 -2 -2  1 -1 -3 -2 -1    0   0   0   0   0  14   7  44   0   0  11   0   0   0   0  16   0   0   0   6  0.32 0.04
  370 L    0 -2 -2  1 -2 -1 -1 -3 -2  1  2  0  1 -1 -3 -2 -1  5 -1  0   10   0   0  14   0   0   0   0   0   9  42  11   0   0   0   0   0  12   0   2  0.21 0.04
  371 A    1 -2 -1 -2 -1 -2 -2  0 -3  3  0 -2  0 -1 -2  0 -1 -3 -2  2   21   0   4   0   0   0   0  10   0  36   2   0   0   0   0   5   0   0   0  22  0.17 0.04
  372 N   -2  1  5  3 -3  1  1  1  1 -4 -4  0 -3 -4 -2  0 -1 -4 -3 -3    0   6  51  16   0   5   8  11   2   0   0   0   0   0   0   0   0   0   0   0  0.53 0.06
  373 A    4 -2 -2 -2 -1 -1 -2  3 -2 -2 -2 -1 -2 -3  2  0 -1 -3 -1 -1   62   0   0   0   0   0   0  26   0   0   0   0   0   0  10   0   0   0   2   0  0.48 0.06
  374 V   -2 -3  0 -1 -2 -2 -1 -3 -3  3  0 -2  0 -1  4 -2 -1  5 -1  1    0   0   6   5   0   0   2   0   0  36   4   0   0   0  30   0   0  12   0   5  0.49 0.05
  375 E    0 -1 -1  2 -4  2  5 -2 -1 -4 -3  1 -2 -4 -2 -1 -1 -3 -3 -3    7   0   0   4   0   5  82   0   0   0   0   2   0   0   0   0   0   0   0   0  0.79 0.08
  376 E   -1 -1 -1  1 -4  2  5 -2 -1 -4 -3  0 -2 -3  3 -1 -1  3 -2 -3    0   0   0   0   0   7  70   2   0   0   0   0   0   0  16   0   0   6   0   0  0.74 0.08
  377 E    1 -1 -1  1 -3  1  5  1 -1 -2 -3  0 -2 -3 -2  0 -1 -3 -3 -1   17   0   0   6   0   0  62   9   0   0   0   0   0   0   0   0   0   0   0   6  0.47 0.06
  378 N   -1  4  1  2 -3  0  2 -2 -1 -1 -1  1 -1 -2 -2 -1 -1  4 -2 -2    3  37   6  12   0   0  22   0   0   5   7   0   0   0   0   0   0   7   0   0  0.32 0.04
  379 A   -1 -1  3  3 -3  0  1 -2  4 -2 -3 -1 -2 -2  2  0 -1 -3  1 -2    6   0  19  21   0   0  10   0  21   3   0   0   0   0  12   0   0   0   7   0  0.36 0.03
  380 E    0  1  0  2 -3  1  5 -2 -1 -3 -3  1 -2 -4 -2  1 -1 -3 -2 -3    6   5   0   7   0   0  67   0   0   0   0   3   0   0   0  12   0   0   0   0  0.58 0.06
  381 E   -1 -1 -1  1 -4  1  5 -3 -1 -3 -1  0 -2 -3  1 -1 -1 -3 -3 -3    2   0   0   3   0   0  83   0   0   0   7   0   0   0   5   0   0   0   0   0  0.70 0.07
  382 E   -2 -1  4  4 -4  0  3 -1  0 -4 -4  0 -3 -4 -2  0 -1 -4 -3 -3    0   0  34  40   0   0  21   0   0   0   0   6   0   0   0   0   0   0   0   0  0.61 0.03
  383 A    2 -2 -1 -2 -2 -1 -1  2 -2 -2 -3 -1 -2 -3  5  1  0 -3 -3 -2   35   0   0   0   0   0   0  16   0   0   0   0   0   0  38  12   0   0   0   0  0.67 0.01
  384 A    2 -1  0  2 -1  0  0  0 -1 -2 -2 -1 -2 -3 -1  3  1 -3 -2 -1   35   0   0  19   0   0   0   0   0   0   0   0   0   0   0  45   0   0   0   0  0.33 0.01
  385 I   -1 -2 -2 -1 -2 -1  1  1 -2  3  0 -2  0 -1 -2 -1 -1 -3 -2  1    0   0   0   0   0   0  19  19   0  61   0   0   0   0   0   0   0   0   0   0  0.15 0.01
  386 Q   -1  0  0  3 -3  2  2 -2  4 -2 -1  0  2 -2 -2 -1 -1 -3 -1 -2    0   0   0  26   0  18  19   0  19   0   0   0  18   0   0   0   0   0   0   0  0.32 0.01
  387 E   -1  0  0  3 -4  1  4 -2  5 -3 -3  0 -2 -3 -2  0 -1 -3 -1 -3    0   0   0  18   0   0  57   0  26   0   0   0   0   0   0   0   0   0   0   0  0.57 0.01
  388 A    3 -1  0 -1 -1 -1 -1  0 -1 -2 -2 -1 -1 -2 -1  3  1 -3 -2 -1   58   0   0   0   0   0   0   0   0   0   0   0   0   0   0  42   0   0   0   0  0.35 0.00
  389 V    0 -2 -1 -2 -1 -2 -2 -3 -3  2  0 -2  0 -1 -2  0  3 -3 -1  3    0   0   0   0   0   0   0   0   0   0   0   0   0   0   0   0  42   0   0  58  0.25 0.00
  390 K    2  1 -1 -1 -2  3  1 -1 -1 -2 -2  2 -1 -3 -1  0  0 -3 -2 -1   42   0   0   0   0  29   0   0   0   0   0  29   0   0   0   0   0   0   0   0  0.29 0.00
  391 E   -1  0  4  1 -3  1  4 -1  0 -3 -3  0 -2 -3 -2  0 -1 -3 -2 -3    0   0  42   0   0   0  58   0   0   0   0   0   0   0   0   0   0   0   0   0  0.55 0.00
  392 A    3 -1  0 -1 -1 -1 -1  0 -1 -2 -2 -1 -1 -2 -1  3  1 -3 -2 -1   58   0   0   0   0   0   0   0   0   0   0   0   0   0   0  42   0   0   0   0  0.35 0.00
  393 L    0 -2 -1 -2 -1 -1 -2 -2 -2  0  3 -1  1  0 -2  2  0 -2 -1  0    0   0   0   0   0   0   0   0   0   0  58   0   0   0   0  42   0   0   0   0  0.19 0.00
  394 E   -1  0  0  2 -4  2  5 -2  0 -3 -3  1 -2 -3 -1  0 -1 -3 -2 -3    0   0   0   0   0   0 100   0   0   0   0   0   0   0   0   0   0   0   0   0  0.74 0.01
  395 N   -2  0  5  1 -3  0  0 -1  6 -3 -3  0 -2 -2 -2  0 -1 -3  0 -3    0   0  58   0   0   0   0   0  42   0   0   0   0   0   0   0   0   0   0   0  0.59 0.00
  396 T    0 -1  0 -1 -1 -1 -1 -2 -2 -1 -1 -1 -1 -2 -1  1  5 -3 -2  0    0   0   0   0   0   0   0   0   0   0   0   0   0   0   0   0 100   0   0   0  0.46 0.00
  397 M   -1 -1 -2 -3 -2  0 -2 -3 -2  1  2 -1  6  0 -3 -2 -1 -2 -1  1    0   0   0   0   0   0   0   0   0   0   0   0 100   0   0   0   0   0   0   0  0.33 0.00
  398 E   -1 -1  1  5 -4  1  4 -2 -1 -3 -3  0 -3 -4 -1  0 -1 -4 -3 -3    0   0   0  50   0   0  50   0   0   0   0   0   0   0   0   0   0   0   0   0  0.69 0.00
  399 L   -2 -2 -4 -4 -1 -2 -3 -4 -3  2  4 -3  2  0 -3 -3 -1 -2 -1  1    0   0   0   0   0   0   0   0   0   0 100   0   0   0   0   0   0   0   0   0  0.45 0.00
  400 T    0 -1  0 -1 -1 -1 -1 -2 -2 -1 -1 -1 -1 -2 -1  1  5 -3 -2  0    0   0   0   0   0   0   0   0   0   0   0   0   0   0   0   0 100   0   0   0  0.46 0.00
  401 E   -1  0  0  2 -4  2  5 -2  0 -3 -3  1 -2 -3 -1  0 -1 -3 -2 -3    0   0   0   0   0   0 100   0   0   0   0   0   0   0   0   0   0   0   0   0  0.73 0.00
  402 L   -2 -2 -4 -4 -1 -2 -3 -4 -3  2  4 -3  2  0 -3 -3 -1 -2 -1  1    0   0   0   0   0   0   0   0   0   0 100   0   0   0   0   0   0   0   0   0  0.45 0.00
  403 A    4 -2 -2 -2  0 -1 -1  0 -2 -1 -2 -1 -1 -2 -1  1  0 -3 -2  0  100   0   0   0   0   0   0   0   0   0   0   0   0   0   0   0   0   0   0   0  0.40 0.00
  404 E   -1  1  0  1 -3  4  4 -2  0 -3 -3  1 -1 -3 -1  0 -1 -3 -2 -2    0   0   0   0   0  50  50   0   0   0   0   0   0   0   0   0   0   0   0   0  0.60 0.00
  405 T    3 -1 -1 -1 -1 -1 -1 -1 -2 -1 -1 -1 -1 -2 -1  1  3 -3 -2  0   50   0   0   0   0   0   0   0   0   0   0   0   0   0   0   0  50   0   0   0  0.31 0.00
  406 V    0 -3 -3 -3 -1 -2 -3 -3 -3  3  1 -2  1 -1 -3 -2  0 -3 -1  4    0   0   0   0   0   0   0   0   0   0   0   0   0   0   0   0   0   0   0 100  0.34 0.00
  407 N   -2  0  6  1 -3  0  0  0  1 -3 -4  0 -2 -3 -2  1  0 -4 -2 -3    0   0 100   0   0   0   0   0   0   0   0   0   0   0   0   0   0   0   0   0  0.72 0.00
  408 E   -1 -1  1  5 -4  1  4 -2 -1 -3 -3  0 -3 -4 -1  0 -1 -4 -3 -3    0   0   0  50   0   0  50   0   0   0   0   0   0   0   0   0   0   0   0   0  0.69 0.00
  409 I   -1 -3 -3 -3 -1 -3 -3 -4 -3  4  2 -3  1  0 -3 -3 -1 -3 -1  3    0   0   0   0   0   0   0   0   0 100   0   0   0   0   0   0   0   0   0   0  0.38 0.00
  410 L   -2 -2 -4 -4 -1 -2 -3 -4 -3  2  4 -3  2  0 -3 -3 -1 -2 -1  1    0   0   0   0   0   0   0   0   0   0 100   0   0   0   0   0   0   0   0   0  0.45 0.00
  411 Q   -1  0  0 -1 -3  4  1 -2  6 -3 -3  0 -1 -2 -2  0 -1 -2  1 -3    0   0   0   0   0  50   0   0  50   0   0   0   0   0   0   0   0   0   0   0  0.56 0.00
  412 K   -1  2  0 -1 -3  1  1 -2 -1 -3 -3  5 -1 -3 -1  0 -1 -3 -2 -2    0   0   0   0   0   0   0   0   0   0   0 100   0   0   0   0   0   0   0   0  0.51 0.00
  413 Q   -1  1  0  0 -3  6  2 -2  0 -3 -2  1  0 -3 -1  0 -1 -2 -2 -2    0   0   0   0   0 100   0   0   0   0   0   0   0   0   0   0   0   0   0   0  0.64 0.00
  414 E   -1  0  0  1 -4  2  5 -2  0 -3 -3  1 -2 -3 -1  0 -1 -3 -2 -2    0   0   0   0   0   0   0   0   0   0   0   0   0   0   0   0   0   0   0   0  0.00    0.00
  415 N   -2  0  6  1 -3  0  0  0  1 -3 -3  0 -2 -3 -2  1  0 -4 -2 -3    0   0   0   0   0   0   0   0   0   0   0   0   0   0   0   0   0   0   0   0  0.00    0.00
  416 E   -1  0  0  1 -4  2  5 -2  0 -3 -3  1 -2 -3 -1  0 -1 -3 -2 -2    0   0   0   0   0   0   0   0   0   0   0   0   0   0   0   0   0   0   0   0  0.00    0.00
  417 P   -1 -2 -2 -1 -3 -1 -1 -2 -2 -3 -3 -1 -2 -4  7 -1 -1 -4 -3 -2    0   0   0   0   0   0   0   0   0   0   0   0   0   0   0   0   0   0   0   0  0.00    0.00
  418 E   -1  0  0  1 -4  2  5 -2  0 -3 -3  1 -2 -3 -1  0 -1 -3 -2 -2    0   0   0   0   0   0   0   0   0   0   0   0   0   0   0   0   0   0   0   0  0.00    0.00
  419 S    1 -1  1  0 -1  0  0  0 -1 -2 -2  0 -1 -2 -1  4  1 -3 -2 -2    0   0   0   0   0   0   0   0   0   0   0   0   0   0   0   0   0   0   0   0  0.00    0.00
  420 E   -1  0  0  1 -4  2  5 -2  0 -3 -3  1 -2 -3 -1  0 -1 -3 -2 -2    0   0   0   0   0   0   0   0   0   0   0   0   0   0   0   0   0   0   0   0  0.00    0.00
  421 N   -2  0  6  1 -3  0  0  0  1 -3 -3  0 -2 -3 -2  1  0 -4 -2 -3    0   0   0   0   0   0   0   0   0   0   0   0   0   0   0   0   0   0   0   0  0.00    0.00
  422 K   -1  2  0 -1 -3  1  1 -2 -1 -3 -2  4 -1 -3 -1  0 -1 -3 -2 -2    0   0   0   0   0   0   0   0   0   0   0   0   0   0   0   0   0   0   0   0  0.00    0.00
  423 E   -1  0  0  1 -4  2  5 -2  0 -3 -3  1 -2 -3 -1  0 -1 -3 -2 -2    0   0   0   0   0   0   0   0   0   0   0   0   0   0   0   0   0   0   0   0  0.00    0.00
  424 S    1 -1  1  0 -1  0  0  0 -1 -2 -2  0 -1 -2 -1  4  1 -3 -2 -2    0   0   0   0   0   0   0   0   0   0   0   0   0   0   0   0   0   0   0   0  0.00    0.00
  425 G    0 -2  0 -1 -2 -2 -2  5 -2 -4 -4 -2 -3 -3 -2  0 -2 -2 -3 -3    0   0   0   0   0   0   0   0   0   0   0   0   0   0   0   0   0   0   0   0  0.00    0.00
  426 A    4 -1 -2 -2  0 -1 -1  0 -2 -1 -1 -1 -1 -2 -1  1  0 -2 -2  0    0   0   0   0   0   0   0   0   0   0   0   0   0   0   0   0   0   0   0   0  0.00    0.00
  427 N   -2  0  6  1 -3  0  0  0  1 -3 -3  0 -2 -3 -2  1  0 -4 -2 -3    0   0   0   0   0   0   0   0   0   0   0   0   0   0   0   0   0   0   0   0  0.00    0.00
  428 K   -1  2  0 -1 -3  1  1 -2 -1 -3 -2  4 -1 -3 -1  0 -1 -3 -2 -2    0   0   0   0   0   0   0   0   0   0   0   0   0   0   0   0   0   0   0   0  0.00    0.00

                      K         Lambda
Standard Ungapped    0.1336     0.3141
Standard Gapped      0.0410     0.2670
PSI Ungapped         0.1985     0.3177
PSI Gapped           0.0608     0.2670
