
Last position-specific scoring matrix computed, weighted observed percentages rounded down, information per position, and relative weight of gapless real matches to pseudocounts
           A  R  N  D  C  Q  E  G  H  I  L  K  M  F  P  S  T  W  Y  V   A   R   N   D   C   Q   E   G   H   I   L   K   M   F   P   S   T   W   Y   V
    1 M   -1 -2 -3 -4 -2 -1 -3 -3 -2  1  2 -2  7  0 -3 -2 -1 -2 -1  0    0   0   0   0   0   0   0   0   0   0   0   0 100   0   0   0   0   0   0   0  0.66 0.07
    2 I   -1 -1 -2 -3 -2 -1 -2 -3 -2  3  1  1  3 -1 -2 -1  1 -3 -2  2    0   0   0   0   0   0   0   0   0  32   0  21  17   0   0   0  13   0   0  17  0.19 0.05
    3 K   -2  3 -1 -2 -4  1  0 -2  1 -4 -3  6 -2 -4 -2 -1 -1 -4 -2 -3    0  17   0   0   0   0   0   0   3   0   0  80   0   0   0   0   0   0   0   0  0.76 0.11
    4 R   -2  6 -1 -2 -4  1 -1 -3  2 -3 -3  2 -2 -3 -3 -1  1 -3 -2 -3    0  65   0   0   0   6   0   0   8   0   0   7   0   0   0   0  14   0   0   0  0.70 0.10
    5 A    5 -2 -3 -3 -1 -2 -2 -1 -3  0 -2 -2 -1 -3 -2  0 -1 -3 -3  0   86   0   0   0   0   0   0   0   0   8   0   0   0   0   0   0   0   0   0   6  0.61 0.13
    6 L   -2 -3 -4 -4 -2 -3 -4 -5 -4  2  5 -3  1  2 -4 -3 -2 -2 -1  0    0   0   0   0   0   0   0   0   0   7  86   0   0   7   0   0   0   0   0   0  0.69 0.11
    7 I   -2 -3 -4 -4 -2 -3 -4 -4 -4  4  3 -3  1  1 -3 -3 -1 -3 -1  3    0   0   0   0   0   0   0   0   0  44  30   0   0   5   0   0   0   0   0  22  0.48 0.08
    8 S    0 -2  0 -1 -2 -1 -1 -1 -2 -3 -4 -1 -3 -4 -2  6  1 -4 -3 -3    0   0   0   0   0   0   0   0   0   0   0   0   0   0   0 100   0   0   0   0  0.94 0.18
    9 V   -1 -3 -4 -4 -2 -3 -3 -4 -4  2  2 -3  0 -1 -3 -3 -1 -4 -2  5    0   0   0   0   0   0   0   0   0   0  17   0   0   0   0   0   0   0   0  83  0.66 0.13
   10 F    0 -2 -1 -2 -2 -1 -1 -2 -1 -3 -3 -1 -2  1 -2  5  0 -1  4 -2    0   0   0   0   0   0   0   0   0   0   0   0   0   7   0  72   0   0  21   0  0.60 0.14
   11 N   -3 -2  2  6 -4 -1  2 -2 -1 -4 -4 -1 -4 -3 -2 -1 -2 -4  0 -4    0   0  10  78   0   0   7   0   0   0   0   0   0   0   0   0   0   0   4   0  1.06 0.14
   12 K   -2  1 -1 -2 -4  0  0 -3 -2 -4 -4  6 -2 -4 -2 -1 -2 -4 -3 -3    0   0   0   0   0   0   0   0   0   0   0 100   0   0   0   0   0   0   0   0  1.08 0.18
   13 N    1  0  0 -1 -2  0  2 -2 -2 -2 -2  1 -2 -3 -2  1  4 -3 -2 -1    9   6   3   0   0   0  16   0   0   0   0   7   0   0   0   7  52   0   0   0  0.39 0.09
   14 G    0 -2  2 -1 -3 -2 -1  5 -2 -4 -4  0 -3 -3 -3 -1 -2 -3  1 -3    4   0  13   0   0   0   3  65   0   0   0   7   0   0   0   0   0   0   7   0  0.73 0.10
   15 I   -2 -3 -4 -4 -2 -3 -4 -4 -3  4  3 -3  1  0 -3 -3 -1 -2  1  2    0   0   0   0   0   0   0   0   0  43  41   0   0   0   0   0   0   0   7   8  0.48 0.09
   16 L    0 -2 -2 -1 -2 -2  0 -3 -3  2  2 -1  1 -1 -3 -2  0 -3 -2  3    7   0   0   5   0   0   7   0   0  14  27   5   0   0   0   0   3   0   0  32  0.18 0.05
   17 K   -2 -1  0  4 -4  0  4 -3  1 -3 -3  0  0 -4  2 -1 -1 -4 -3 -3    0   0   0  31   0   0  42   0   3   0   0   3   5   0  13   0   3   0   0   0  0.61 0.09
   18 L   -2 -3 -4 -4 -3 -4 -4 -4 -3  1  2 -4  0  6 -4 -3 -2 -1  1  1    0   0   0   0   0   0   0   0   0   7  27   0   0  59   0   0   0   0   0   7  0.70 0.11
   19 A    4 -2 -2 -3 -1 -2 -2  0 -3  0  0 -2 -1 -2 -2  1 -1 -3 -2  1   69   0   0   0   0   0   0   3   0   5   7   0   0   0   0   4   0   0   0  11  0.41 0.10
   20 K   -1  2  1 -1 -4  3  1 -2 -1 -4 -3  5 -2 -4 -2 -1 -1 -4 -3 -3    3   3   5   0   0  18   6   0   0   0   0  65   0   0   0   0   0   0   0   0  0.65 0.11
   21 F    1  0  0 -1 -3 -1  1  3 -2 -3 -3  1 -2  2 -2  0 -1 -2 -1 -2   12   3   4   0   0   0  12  35   0   0   0  15   0  14   0   5   0   0   0   0  0.28 0.06
   22 L   -2 -3 -4 -5 -2 -3 -4 -5 -4  1  5 -3  1  0 -4 -3 -2 -3 -2  0    0   0   0   0   0   0   0   0   0   0 100   0   0   0   0   0   0   0   0   0  0.86 0.14
   23 N    0  0  0 -1 -2  0  0 -2  4  0 -1  1 -1 -2 -2  0  0 -3 -1  2    9   4   5   0   0   0   6   0  18   4   3  12   0   0   0  10   3   0   0  25  0.12 0.05
   24 E    2  1  0  0 -3  1  3 -2 -1 -3 -2  1 -2 -3 -2  1 -1 -3  0 -2   24   6   2   2   0   5  34   0   0   0   2  11   0   0   0  10   0   0   4   0  0.30 0.06
   25 K    0  2  0 -1 -2  2  1 -2  1 -1  2  1  0 -1 -2 -1 -1 -2  1 -1   10  14   3   0   0  11  12   0   4   0  31   5   0   0   0   3   0   0   7   0  0.13 0.04
   26 G   -1 -3  1  1 -4 -2 -2  6 -2 -5 -5 -2 -4 -4 -3 -1 -2 -4 -4 -4    0   0   8   8   0   0   0  84   0   0   0   0   0   0   0   0   0   0   0   0  1.13 0.13
   27 V   -2 -3 -4 -4 -2 -3 -3 -4 -2  2  1 -3  0  3 -3 -3 -1  6  2  3    0   0   0   0   0   0   0   0   0  19   7   0   0  17   0   0   0  14   9  34  0.48 0.07
   28 E   -1  1  0  2 -4  2  4 -1 -1 -4 -3  2 -2 -4 -2  0  0 -3 -3 -3    0   7   0  12   0   7  47   4   0   0   0  13   0   0   0   5   4   0   0   0  0.50 0.07
   29 I   -2 -3 -4 -4 -2 -3 -4 -4 -4  4  3 -3  1  0 -4 -3 -1 -3 -2  2    0   0   0   0   0   0   0   0   0  51  46   0   0   0   0   0   0   0   0   3  0.57 0.09
   30 L   -2 -3 -4 -4 -2 -3 -3 -4 -3  3  3 -3  1  0 -3 -3 -1  4  0  3    0   0   0   0   0   0   0   0   0  26  40   0   0   0   0   0   0   7   3  24  0.43 0.07
   31 S    3 -2 -1 -1 -1 -1 -1  0 -2 -3 -3 -1 -2 -3 -2  4  0 -3 -2 -2   29   0   0   0   0   0   0   4   0   0   0   0   0   0   0  67   0   0   0   0  0.57 0.11
   32 T    0 -2 -1 -2 -2 -1 -1 -2 -2 -2 -2 -1 -2 -3 -2  3  6 -3 -2 -1    0   0   0   0   0   0   0   0   0   0   0   0   0   0   0  22  78   0   0   0  0.75 0.14
   33 G    0 -3 -1 -2 -3 -2 -3  6 -3 -5 -5 -2 -3 -4 -3  0 -2 -3 -4 -4    0   0   0   0   0   0   0  93   0   0   0   0   0   0   0   7   0   0   0   0  1.28 0.13
   34 G   -1 -3 -1 -2 -3 -3 -3  6 -3 -5 -5 -2 -4 -4 -3  0 -2 -3 -4 -4    0   0   0   0   0   0   0  96   0   0   0   0   0   0   0   4   0   0   0   0  1.35 0.14
   35 T   -1 -2 -1 -2 -2 -2 -2 -2 -3 -2 -2 -2 -2 -3 -2  1  6 -3 -3 -1    0   0   0   0   0   0   0   0   0   0   0   0   0   0   0   5  95   0   0   0  0.92 0.16
   36 Y    3  0 -2 -2 -2 -1 -1 -1 -1 -2 -1  2 -1  0 -2  0 -1 -1  4 -1   51   3   0   0   0   0   0   0   0   0   6  17   0   0   0   0   0   0  23   0  0.31 0.09
   37 K    0  3 -1 -1 -3  2  0 -2 -1 -2 -2  4 -1 -3 -2  0  1 -3 -2 -1    7  14   0   0   0   7   3   0   0   0   0  48   0   0   0   0  12   0   0   7  0.37 0.07
   38 H    2 -1 -2 -2 -1  0 -1 -2  0  0  1  0  1  1 -2  0  1 -2  1  1   27   0   0   0   0   4   0   0   2   3  16   8   4   7   0   3   9   0   6  10  0.08 0.03
   39 L   -2 -3 -4 -4 -2 -3 -4 -4 -4  3  4 -3  1  0 -4 -3 -2 -3 -2  1    0   0   0   0   0   0   0   0   0  24  76   0   0   0   0   0   0   0   0   0  0.63 0.10
   40 K    1  3  0  2 -3  1  1 -2 -1 -3 -3  3 -2 -3 -2  1 -1 -4 -2 -2   14  20   0  18   0   3   6   0   0   0   0  30   0   0   0  10   0   0   0   0  0.36 0.06
   41 E    1 -1  2  3 -3  1  5 -1 -1 -4 -3  0 -3 -4 -2  0 -1 -4 -3 -3   14   0  11  14   0   2  55   3   0   0   0   0   0   0   0   0   0   0   0   0  0.56 0.09
   42 N    4 -1  2 -1 -2  0  0 -1 -1 -1 -2  0 -2 -3 -2  1  0 -3 -2 -1   59   0  18   0   0   3   3   0   0   4   0   3   0   0   0  10   0   0   0   0  0.36 0.08
   43 G   -1 -2  1 -2 -3 -2 -2  6 -2 -4 -4 -1 -3 -4 -3 -1 -1 -3 -4 -4    0   0   9   0   0   0   0  81   0   0   0   5   0   0   0   0   5   0   0   0  0.97 0.10
   44 I   -1 -3 -3 -4 -1 -3 -3 -4 -3  3  2 -3  1  1 -3 -1 -1 -2  0  3    0   0   0   0   0   0   0   0   0  18  30   0   0   4   0   5   0   0   2  40  0.33 0.06
   45 P    1 -1 -1  0 -3  1  2 -1 -2 -3 -3  1 -2 -4  5  0  0 -4 -3 -2   14   0   0   2   0   7  22   2   0   0   0   9   0   0  37   0   6   0   0   0  0.66 0.06
   46 V    1 -3 -3 -3  5 -2 -3 -3 -3  1  0 -2  0 -2 -3 -1  1 -3 -2  4   12   0   0   0  18   0   0   0   0   3   0   0   0   0   0   0  14   0   0  52  0.37 0.08
   47 I   -1  0  1  0 -2 -1  1 -3 -2  3  0  0  0 -2 -2 -1  1 -3 -2  1    0   8   9   3   0   0  17   0   0  35   2   3   0   0   0   0  15   0   0   6  0.13 0.05
   48 E    1  0  0  3 -3  1  3 -1 -1 -3 -3  1 -2 -3  0  1  0 -3 -3 -2   12   3   0  21   0   3  28   2   0   0   0  13   0   0   3  13   2   0   0   0  0.35 0.04
   49 V   -1 -3 -4 -4 -2 -3 -3 -4 -4  3  0 -3  0 -1 -3 -2 -1 -4 -2  5    0   0   0   0   0   0   0   0   0  17   0   0   0   0   0   0   0   0   0  83  0.63 0.11
   50 S    0 -1  2  2 -2  0  2 -1 -1 -3 -3 -1 -2 -3 -2  4  0 -4 -2 -3    4   0  10   9   0   0  18   0   0   0   0   0   0   0   0  58   0   0   0   0  0.46 0.08
   51 E   -1 -1  1  5 -4  0  3 -2 -1 -3 -4  1 -3 -4 -2  0  0 -4 -3 -3    4   0   3  47   0   0  26   0   0   0   0  13   0   0   0   0   7   0   0   0  0.60 0.08
   52 V   -1 -3 -3 -4 -2 -2 -3 -4  1  3  1 -3  0  1 -3 -2 -1 -1  3  3    0   0   0   0   0   0   0   0   6  19  10   0   0   5   0   0   0   0  15  45  0.32 0.06
   53 T   -1 -2 -1 -2 -2 -1 -2 -2 -3 -2 -2 -1 -1 -3 -2  1  6 -3 -2 -1    0   0   0   0   0   0   0   0   0   0   0   0   0   0   0   0 100   0   0   0  0.93 0.15
   54 G   -1 -1  1 -1 -3  0 -1  5  2 -4 -4  1 -3 -4 -3 -1 -2 -3 -3 -4    0   0   8   0   0   6   0  69   7   0   0  11   0   0   0   0   0   0   0   0  0.77 0.09
   55 F    0  1 -3 -3 -3 -2 -3 -3 -2 -1 -1 -2  0  6 -3  0 -2  0  2 -2    8  10   0   0   0   0   0   0   0   0   0   0   3  69   0  10   0   0   0   0  0.61 0.10
   56 D   -2 -2 -2 -1 -4  0  1 -3 -2 -4 -4 -1 -3 -4  8 -1 -2 -4 -4 -3    0   0   0   2   0   3  14   0   0   0   0   0   0   0  80   0   0   0   0   0  1.74 0.13
   57 E   -2 -1  1  1 -4  1  6 -3  3 -4 -4  0 -3 -4 -2 -1 -2 -4 -2 -3    0   0   7   0   0   0  83   0  10   0   0   0   0   0   0   0   0   0   0   0  0.88 0.12
   58 I   -2 -3 -3 -4  0 -2 -3 -4 -3  3  2 -3  7 -1 -3 -3 -1 -3 -2  1    0   0   0   0   3   0   0   0   0  33   7   0  58   0   0   0   0   0   0   0  0.62 0.12
   59 L   -2 -3 -4 -4 -2 -2 -3 -4 -3  1  4 -3  4  1 -3 -3 -1 -2 -1  1    0   0   0   0   0   0   0   0   0   0  59   0  27   4   0   0   0   0   0  10  0.50 0.08
   60 D   -1 -2  1  5 -4 -1  1  3 -1 -4 -4 -1 -3 -3 -2 -1 -2 -3  0 -3    4   0   5  57   0   0   4  24   0   0   0   0   0   0   0   0   0   0   5   0  0.66 0.08
   61 G    0 -3 -1 -2 -3 -2 -2  6 -2 -4 -4 -2 -3 -3 -2 -1 -2 -3 -3 -3    1   1   0   1   0   0   1  90   0   1   1   1   0   0   1   1   1   0   0   1  1.12 0.10
   62 R   -2  6 -1 -2 -4  0 -1  0 -1 -3 -1  1 -2 -3 -3 -2 -2 -3 -3 -3    0  85   0   0   0   0   0   8   0   0   7   0   0   0   0   0   0   0   0   0  0.87 0.12
   63 V   -1 -3 -3 -4 -1 -3 -3 -4 -4  2  2 -3  0 -1 -3 -1 -1 -3 -2  5    0   0   0   0   0   0   0   0   0   0  15   0   0   0   0   8   0   0   0  77  0.46 0.10
   64 K   -1  1 -1 -2  3  1  0 -2 -2 -3 -3  6 -2 -4 -2 -1 -1 -4 -3 -3    0   0   0   0   8   0   0   0   0   0   0  92   0   0   0   0   0   0   0   0  0.81 0.13
   65 T   -1 -2  3 -1 -2 -1 -1 -2 -2 -2 -2 -1 -2 -3 -2  1  6 -3 -2 -1    0   0  18   0   0   0   0   0   0   0   0   0   0   0   0   0  82   0   0   0  0.72 0.13
   66 L   -3 -3 -5 -5 -2 -3 -4 -5 -4  1  5 -4  1 -1 -4 -4 -2 -3 -2  0    0   0   0   0   0   0   0   0   0   0 100   0   0   0   0   0   0   0   0   0  0.99 0.20
   67 H   -3 -2 -1 -3 -5 -1 -2 -4 10 -5 -5 -2 -3 -3 -4 -2 -3 -4  0 -5    0   0   0   0   0   0   0   0 100   0   0   0   0   0   0   0   0   0   0   0  2.21 0.32
   68 P   -2 -4 -4 -3 -4 -3 -3 -4 -4 -4 -4 -2 -4 -5  8 -2 -3 -5 -5 -4    0   0   0   0   0   0   0   0   0   0   0   0   0   0 100   0   0   0   0   0  2.60 0.28
   69 K    2  2  2 -1 -3  0  1 -1 -1 -3 -3  3 -2 -1 -2  0 -1 -3 -2 -2   33   9  13   0   0   0   8   0   0   0   0  33   0   3   0   0   0   0   0   0  0.34 0.11
   70 I   -2 -4 -4 -4 -2 -3 -4 -5 -4  5  1 -3  0 -1 -4 -3 -1 -4 -2  4    0   0   0   0   0   0   0   0   0  51   9   0   0   0   0   0   0   0   0  40  0.67 0.14
   71 H   -3  1 -1 -3 -4 -1 -2 -4  9 -4 -3 -2 -3  3 -4 -2 -3 -3  1 -4    0   9   0   0   0   0   0   0  77   0   0   0   0  14   0   0   0   0   0   0  1.47 0.25
   72 G    2 -3 -2 -2 -3 -3 -3  6 -3 -4 -4 -2 -3 -4 -3 -1 -2 -4 -4 -3   26   0   0   0   0   0   0  74   0   0   0   0   0   0   0   0   0   0   0   0  1.09 0.17
   73 G    0 -3 -2 -2 -4 -3 -3  7 -3 -5 -5 -3 -4 -4 -3 -1 -3 -4 -4 -4    7   0   0   0   0   0   0  93   0   0   0   0   0   0   0   0   0   0   0   0  1.44 0.20
   74 I   -2 -4  0 -3 -2 -3 -4 -4 -4  5  2 -3  0 -1 -4 -3 -2 -3 -2  2    0   0   9   0   0   0   0   0   0  70  20   0   0   0   0   0   0   0   0   2  0.63 0.16
   75 L   -2  1 -4 -5 -2 -3 -4 -5 -4  0  5 -3  1 -1 -4 -3 -2 -3 -2  0    0   9   0   0   0   0   0   0   0   0  91   0   0   0   0   0   0   0   0   0  0.80 0.18
   76 A    4 -2 -2 -2  3 -2 -2  3  1 -2 -2 -2 -2 -3 -2  1 -1 -3 -2 -1   55   0   0   0   9   0   0  20   4   0   1   0   0   0   0   6   0   0   0   0  0.45 0.11
   77 I   -1  4  0  1 -2  2  0 -2 -1  0 -1  1 -1 -2 -1 -1 -1 -2 -2 -1    2  39   5  11   0  10   1   2   1   7   5   8   1   1   1   2   1   0   1   4  0.27 0.06
   78 R   -2  6 -1 -2 -4  1 -1 -3 -1 -3  0  2 -1 -3 -3 -2 -2 -3 -2 -2    1  69   0   0   0   4   0   1   0   0  12   9   0   0   0   1   0   0   0   0  0.77 0.15
   79 D   -1  0  3  4 -3 -1  1  3 -1 -4 -4 -1 -3 -4 -2 -1 -1 -4 -3 -3    3   4  16  40   0   0   8  25   0   0   1   0   0   0   0   1   0   0   0   0  0.55 0.10
   80 N   -1  0  1  0  3  1  0 -2 -1  1  1  0  0 -1 -2  0  0 -2 -2  0    3   3  11   7   9   8   4   1   0  12  23   7   0   0   1   3   4   0   0   3  0.06 0.03
   81 K    0  1  0  3 -3  1  2 -2 -1 -3 -3  2 -2 -3  3  0 -1 -3 -2 -2    8   7   0  22   0   6  12   1   0   1   1  17   0   0  17   6   1   0   0   1  0.40 0.08
   82 E    1 -1  0  3 -2  1  2  0 -1 -2 -3 -1 -2 -3 -2  2  0 -3 -2 -1   11   0   0  23   0   6  17   4   0   0   1   0   0   0   0  25   2   0   0   7  0.31 0.09
   83 H    1  1  0  3 -3 -1 -1 -2  8 -4 -3 -1 -3 -3 -3 -1 -2 -4 -1 -3   14   7   0  23   0   0   0   0  51   0   1   0   0   0   0   0   0   0   0   0  0.84 0.20
   84 M    0  0 -2 -2 -2  1 -1 -3 -2  2  1 -1  3 -1 -2 -1 -1 -3 -2  2   10   6   0   0   0  12   4   0   0  17  14   2  13   0   0   0   0   0   0  20  0.15 0.07
   85 D    2  0  0  2 -2  1  2 -1 -1 -2 -2  2 -2 -3 -1  0 -1 -2 -2 -2   27   1   4  18   0   6  13   1   0   1   2  15   0   1   1   4   1   0   1   1  0.24 0.07
   86 T    1 -1  0  3  4  1  2 -1 -1 -2 -2 -1 -2 -2 -1  0  0 -2 -2 -1   13   1   1  21  15   9  16   1   0   1   2   1   0   1   1   4   6   0   1   4  0.25 0.07
   87 I    0 -2 -3 -3 -2 -2 -3 -3 -3  1  3 -2  5 -1 -3  0 -1 -2 -2  0    9   0   0   0   0   0   0   0   0   6  43   0  27   0   0  12   0   0   0   0  0.38 0.13
   88 K    1  2  0  0 -2  1  1 -1 -1  0 -2  2 -1 -3 -2  0  0 -3 -2 -1   19  11   5   5   0   5  12   4   0  12   1  16   0   0   0   3   5   0   0   0  0.14 0.05
   89 N    0  0  0  2 -3  1  3  0 -1 -3 -3  1 -2 -3 -1  1  0 -3 -2 -2    8   5   3  13   0   4  32   8   0   1   1   5   0   0   1  12   5   0   0   1  0.30 0.07
   90 K   -1  2  1 -1 -2  1 -1 -2  5 -2  1  0 -1  0 -2  1 -1 -2  0 -2    1  13   8   1   0   9   1   1  23   1  19   3   0   4   1  12   1   0   3   1  0.22 0.09
   91 G   -1 -2  1  1 -3  0 -2  5  1 -4 -4 -1 -3 -2 -3  0 -2 -3 -3 -4    0   0   8   9   0   4   0  63   5   0   0   2   0   3   0   3   0   0   0   0  0.74 0.15
   92 I   -2 -3 -4 -4 -2 -3 -3 -4 -3  5  2 -3  2  1  1 -3 -2 -2  0  1    0   0   0   0   0   0   0   0   0  57  12   0   7   7   7   0   0   0   3   4  0.48 0.14
   93 T    0 -1  1  1 -3  1  4  1  2 -3 -3  0 -2 -3  0  0  0 -4 -2 -2    5   0   7   8   0   5  36  10   7   0   0   2   0   0   4   4   7   0   0   3  0.34 0.10
   94 P    0 -2 -2 -2 -3  2 -2 -3 -3 -2  1 -1 -1 -1  6  0  0 -4 -3 -2    6   0   0   0   0  11   0   0   0   0  17   3   0   2  48   7   5   0   0   0  0.84 0.16
   95 I   -2  0 -4 -4 -2 -3 -4 -1 -4  5  1 -3  0  0 -4 -3 -2  4 -2  2    0   7   0   0   0   0   0   5   0  61  11   0   0   3   0   0   0   7   0   6  0.52 0.16
   96 D   -2  0  1  6 -4 -1  1  1  1 -4 -2 -1 -3 -4 -3  0 -2 -4 -3 -4    0   5   3  60   0   0   3  14   5   0   7   0   0   0   0   5   0   0   0   0  0.71 0.17
   97 M   -2 -3 -4 -4  2 -3 -3 -4 -3  1  3 -3  4  2 -4 -3 -2 -2  1  1    0   0   0   0   7   0   0   0   0   4  41   0  21   9   0   0   0   0   6  13  0.45 0.12
   98 V   -1 -3 -3 -4 -2  2 -3 -4 -3  1  0 -3  0 -2 -3 -2  0 -4 -2  5    0   0   0   0   0  12   0   0   0   0   6   0   0   0   0   0   5   0   0  78  0.66 0.20
   99 V    0 -3 -3 -4  2 -3 -3 -4  1  3  0 -3  3  1 -3 -2 -1 -3 -1  4    6   0   0   0   6   0   0   0   5  14   0   0  12   7   0   0   0   0   0  51  0.41 0.14
  100 V   -1 -4 -4 -5  6 -4 -4 -4 -4  1  0 -4 -1  0 -4 -3 -1 -4 -2  5    0   0   0   0  22   0   0   0   0   0   3   0   0   5   0   0   0   0   0  70  0.81 0.21
  101 N   -3 -2  7  2 -4 -1  2 -2 -1 -5 -5 -1 -4 -5 -3 -1 -1 -5 -4 -4    0   0  81   7   0   0  12   0   0   0   0   0   0   0   0   0   0   0   0   0  1.25 0.25
  102 L   -2 -1 -4 -5  4 -3 -4 -5 -4  0  5 -3  1 -1 -4 -3 -2 -3 -2  0    0   5   0   0  12   0   0   0   0   0  83   0   0   0   0   0   0   0   0   0  0.80 0.20
  103 Y   -3 -3 -4 -5 -4 -3 -4 -5  0 -3 -2 -4 -2  4 -5 -3 -3  1  9 -3    0   0   0   0   0   0   0   0   0   0   0   0   0  12   0   0   0   0  88   0  1.80 0.31
  104 P   -2 -3 -3 -3 -4 -2 -2 -3 -3 -4 -4 -2 -4 -4  8  1 -2 -5 -4 -3    0   0   0   0   0   0   0   0   0   0   0   0   0   0  83  12   0   0   0   0  2.00 0.26
  105 F   -3 -4 -4 -4 -4 -4 -4 -4 -3 -2 -1 -4 -1  7  3 -3 -3 -1  1 -2    0   0   0   0   0   0   0   0   0   0   0   0   0  77  19   0   0   0   0   0  1.25 0.23
  106 F    0  3 -1 -1 -3  2  1 -2 -1 -2 -2  2 -1  0  1 -1 -1 -3 -1  0   10  19   0   3   0  15   7   0   0   0   0  21   0   7   7   0   0   0   0   9  0.24 0.08
  107 D   -1  0  0  4 -4  3  4 -2 -1 -4 -3  2 -2 -4 -2 -1 -2 -4 -3 -3    5   0   0  25   0  17  37   0   0   0   0  13   0   0   0   0   0   0   0   0  0.60 0.13
  108 K   -1 -1 -1 -2 -2 -1 -1 -2  4 -1 -2  0 -1 -3 -2  0  5 -3 -2  0    1   1   1   1   0   0   1   1  12   1   1   8   0   0   1   1  64   0   0   6  0.58 0.16
  109 V   -1 -2 -2 -2 -1  0 -2 -2 -2  3  0 -2  0 -1 -2 -1  0 -2 -1  4    2   1   1   1   0   7   1   2   1  21   2   1   1   1   1   2   5   0   1  50  0.29 0.09
  110 K    1  1 -1 -2 -2  1  0 -2 -2 -1 -1  4 -1 -3 -2  0  2 -3 -2 -1   18   6   1   1   0   3   1   1   0   4   3  44   0   0   1   1  15   0   0   1  0.31 0.10
  111 E    0  0 -1  0 -3  1  2 -2 -1 -2 -3  0 -2 -3  5  1 -1 -3 -2 -2    6   4   1   3   0   7  21   1   0   4   1   6   0   0  35  11   1   0   0   1  0.60 0.10
  112 N    1 -2  2  4 -3  0  0  2 -1 -3 -3 -1 -2 -3 -2  0  1 -3 -3 -2   12   1  13  34   0   3   3  18   0   1   1   1   0   0   1   1  10   0   0   1  0.39 0.09
  113 I    1  0 -2 -1  7 -2 -2 -2 -3  1 -1 -2 -1 -2  1 -1 -1 -3 -2  2   11   6   1   4  31   0   1   1   0   8   3   1   0   0   7   1   1   0   0  24  0.39 0.10
  114 S    1 -2 -1  2 -2 -1  0 -2 -2 -2  0 -1 -1 -2 -2  2  3 -3 -2 -1   13   0   0  16   0   0   2   1   0   0  12   1   0   0   0  22  30   0   0   1  0.27 0.10
  115 F   -2 -2 -3 -2 -2 -1  1 -3 -2  1  2 -2  1  4 -1 -2 -2  2  2  0    1   0   0   0   0   2  12   1   0   6  27   1   5  25   4   1   1   3   7   5  0.25 0.08
  116 E    2 -2 -1  3 -2  0  3 -1 -2 -2 -2 -1 -2 -3  0 -1 -1 -3 -3  0   24   0   0  22   0   0  28   3   0   0   1   1   0   0   5   1   1   0   0  12  0.33 0.11
  117 E   -1 -2 -1  3  4  0  4 -2 -2 -2 -2 -1 -2 -3 -2 -1 -1 -3 -3  0    3   0   0  20  12   3  40   1   0   0   3   1   0   0   0   1   3   0   0  13  0.42 0.12
  118 K    4 -2 -2  1  1 -1 -1  1 -2  0 -1  0 -1 -3 -2  0 -1 -3 -2  0   50   0   0  12   3   0   0   8   0   6   6   7   0   0   0   0   0   0   0   5  0.25 0.11
  119 V   -2 -3 -3 -3 -2  1 -2 -4 -3  4  0 -2  0 -2 -3 -2 -1 -3 -2  4    0   0   0   0   0  12   0   0   0  41   1   0   0   0   0   0   0   0   0  42  0.54 0.16
  120 E   -2 -1 -1  3 -4  0  6 -3 -1 -4 -4 -1 -3 -4 -2 -1 -2 -4 -3 -4    0   0   0  12   0   0  83   0   0   0   1   0   0   0   0   0   0   0   0   0  1.17 0.24
  121 F   -2 -1  6  0 -3  2  1 -2  0 -3 -3  0 -1  1 -3 -1 -1 -2  3 -3    0   0  51   0   0  14   6   0   0   0   1   4   2   7   0   0   0   0  12   0  0.59 0.17
  122 I    0 -4 -5 -4 -3 -4 -4 -4 -5  7  0 -4  0 -2 -4 -3 -2 -4 -3  1   11   0   0   0   0   0   0   0   0  89   0   0   0   0   0   0   0   0   0   0  1.03 0.26
  123 D   -3 -3  0  8 -5 -2  0 -3 -3 -5 -5 -2 -5 -5 -3 -2 -3 -6 -5 -5    0   0   0 100   0   0   0   0   0   0   0   0   0   0   0   0   0   0   0   0  1.87 0.33
  124 I   -3 -4 -4 -4 -3 -4 -4 -5 -5  7  0 -4  0 -2 -4 -3  1 -4 -3  2    0   0   0   0   0   0   0   0   0  86   0   0   0   0   0   0  10   0   0   3  1.03 0.26
  125 G   -1 -4 -2 -3 -4 -3 -3  7 -3 -5 -5 -3 -4 -5 -3  1 -2 -4 -4 -4    0   0   0   0   0   0   0  90   0   0   0   0   0   0   0  10   0   0   0   0  1.48 0.26
  126 G   -1 -4 -2 -3 -4 -3 -4  7 -4 -6 -5 -3 -4 -5 -4 -2 -3 -4 -5 -5    0   0   0   0   0   0   0 100   0   0   0   0   0   0   0   0   0   0   0   0  1.82 0.33
  127 P   -2  1 -3 -3 -4 -2 -3 -4 -3 -2 -3 -2 -3 -4  7  0 -2 -5 -4  2    0   8   0   0   0   0   0   0   0   0   0   0   0   0  63   8   0   0   0  21  1.36 0.26
  128 T    3 -2 -2 -2 -2 -2 -2 -2 -3 -2  0 -2 -2 -3 -2  2  4 -4 -3 -1   40   0   0   0   0   0   0   0   0   0   8   0   0   0   0  14  38   0   0   0  0.53 0.20
  129 M   -3 -3 -4 -5 -3 -3 -4 -5 -4  0  4 -3  8 -1 -4 -4 -3 -3 -3 -1    0   0   0   0   0   0   0   0   0   0  37   0  63   0   0   0   0   0   0   0  1.30 0.35
  130 I   -2 -4 -4 -5 -2 -4 -4 -5 -4  4  3 -4  1 -1 -4 -3 -2 -3 -2  3    0   0   0   0   0   0   0   0   0  38  41   0   0   0   0   0   0   0   0  21  0.69 0.19
  131 R   -3  8 -2 -4 -5 -1 -2 -4 -2 -5 -4  0 -3 -5 -4 -3 -3 -5 -4 -4    0 100   0   0   0   0   0   0   0   0   0   0   0   0   0   0   0   0   0   0  1.86 0.40
  132 A    4 -2 -1 -2 -2  1 -1 -1 -2 -3 -3 -2 -3 -4 -2  4 -1 -4 -3 -2   42   0   0   0   0   8   0   0   0   0   0   0   0   0   0  50   0   0   0   0  0.73 0.27
  133 A    6 -3 -3 -3 -2 -2 -3 -1 -3 -3 -3 -2 -3 -4 -2  0 -2 -4 -4 -2   98   0   0   0   0   0   0   0   0   0   0   0   0   0   0   2   0   0   0   0  1.23 0.36
  134 A    6 -3 -3 -4 -2 -2 -3 -2 -3  1 -2 -2  2 -3 -3 -1 -2 -4 -3 -1   82   0   0   0   0   0   0   0   0  11   0   0   7   0   0   0   0   0   0   0  0.89 0.32
  135 K   -2  1 -2 -2 -5  0  1 -3  3 -5 -4  7 -3 -5 -3 -2 -2 -5 -3 -4    0   3   0   0   0   0   7   0   7   0   0  84   0   0   0   0   0   0   0   0  1.21 0.35
  136 N   -3 -2  7  0 -4 -2 -2  0 -1 -4 -4 -2 -3 -4 -3  0 -2 -5 -3 -4    1   0  82   0   0   0   0   7   0   0   1   0   0   0   0   5   0   0   0   0  1.36 0.34
  137 F   -3 -2 -2 -3 -4 -2 -2  0  7 -3 -2 -3  2  3 -3 -2 -3  5  4 -3    1   0   0   0   0   0   0   7  41   0   1   0   8  14   0   1   0   8  16   0  0.89 0.25
  138 Q    2  4  0 -2 -3  2  0  0 -2 -3 -3  3 -2 -4  0 -1 -1 -4 -3 -3   23  26   4   0   0   8   2   7   0   0   0  25   0   0   3   0   2   0   0   0  0.41 0.16
  139 D    0  2  1  4 -4 -1  1  0  4 -4 -4  0 -3 -2 -3  0 -2 -4 -2 -4    7  12   4  37   0   0   4   7  15   0   0   5   0   1   0   7   0   0   0   0  0.49 0.17
  140 V   -2 -4 -4 -5  3 -4 -4 -5 -5  1 -1 -1  0 -3 -4 -3 -2 -5 -3  6    0   0   0   0   6   0   0   0   0   0   0   4   2   0   0   0   0   0   0  88  1.08 0.36
  141 V    2 -2 -2 -2  0 -2 -2 -1 -3  0  0 -2  1 -2 -2  0  3 -3 -2  1   30   0   0   0   1   0   0   3   0   3  10   0   5   0   0   5  26   0   0  14  0.26 0.14
  142 V   -1 -3 -4 -3 -2 -3 -1 -4 -4  3  0 -3 -1 -2 -3 -3  0 -4 -2  5    2   0   0   0   0   0   6   0   0  16   0   0   0   0   0   0   3   0   0  69  0.71 0.25
  143 L   -2 -3 -4 -4  2 -3 -4 -4 -4  3  2 -3  0 -2 -3 -3 -1 -3 -2  5    0   0   0   0   6   0   0   0   0  13  22   0   0   0   0   0   0   0   0  55  0.64 0.22
  144 T    1 -3 -2 -3  5 -2 -3  0 -3  0  0 -1 -1 -3 -3  1  2 -4 -3  3    8   0   0   0  16   0   0   6   0   0   6   5   0   0   0  14  13   0   0  33  0.31 0.17
  145 D   -3 -2  3  6 -4  1  1 -3  3 -4 -5  0 -4 -4  0  0 -2 -5 -3 -4    0   0  13  52   0   8   6   0   8   0   0   3   0   0   5   5   0   0   0   0  0.83 0.25
  146 V    0 -3  2 -2 -4 -1 -2 -3  3 -2 -2 -2 -3 -4  6 -1 -2 -5 -3 -1   10   0  14   0   0   2   0   0   8   2   4   0   0   0  52   3   0   0   0   6  1.05 0.27
  147 N    2 -1  2  2 -2 -1  0  1  1 -2 -1  0 -2  0 -2  2 -1 -3 -2 -2   19   0  10  12   0   0   4  13   4   0   5   5   0   5   0  20   0   0   0   2  0.18 0.10
  148 D   -1 -2  1  7 -4  1  0 -2 -2 -4 -4 -2 -3 -4 -2 -1 -2 -4 -3 -3    4   1   6  74   0   5   1   1   0   1   1   1   0   1   1   1   1   0   0   1  1.14 0.28
  149 Y   -3 -3 -3 -4  2 -3 -3 -4  0 -2 -1 -3  1  2 -3 -3 -3  0  8 -2    1   1   1   1   6   1   1   1   0   1   5   1   5   3   1   1   1   0  69   1  1.25 0.31
  150 D    2 -1  0  2 -3  1  3 -1 -2 -3 -3  0 -2 -3  2  0  0 -3 -3 -2   24   0   2  13   0   5  24   3   0   0   1   4   0   0  11   6   4   0   0   3  0.33 0.13
  151 D    0  1  0  1 -2  1  1  1 -2 -1 -1  1  0 -3 -1  0  1 -3 -2 -1    6   7   1  10   0   5   9  14   0   2   6  12   5   0   1   6  11   0   0   4  0.11 0.06
  152 V    0 -4 -4 -4 -2 -3 -4 -4 -4  3  1 -3  2  1 -4 -3 -1 -3 -2  4    7   0   0   0   0   0   0   0   0  21  10   0   6   6   0   0   2   0   0  48  0.54 0.20
  153 I   -1 -3 -4 -4 -3 -3 -3 -4 -4  3  4  0  0 -1 -4 -1 -2 -3 -2  0    3   0   0   0   0   0   0   0   0  23  60  10   0   0   0   4   0   0   0   0  0.58 0.23
  154 D    1  0 -1  1 -3  0  4 -2 -2 -3 -2  2 -2 -4 -2  0  1 -4 -3 -3   16   2   0   5   0   0  37   1   0   0   4  19   0   0   0   7   7   0   0   0  0.41 0.19
  155 Q    3  0 -2  0 -3  0  5 -2 -2 -4 -2 -1 -3 -4 -2  0 -1 -4 -3 -3   29   5   0   2   0   2  52   0   0   0   3   0   0   0   0   5   2   0   0   0  0.65 0.26
  156 I   -2 -3 -4 -4 -3 -3 -4  0 -4  4  3 -3  5 -1 -4 -3 -2  4 -2  0    0   0   0   0   0   0   0   9   0  36  26   0  20   0   0   0   0   7   0   0  0.59 0.23
  157 E    0  2  0  2 -3  0  3 -2 -1 -3 -3  2 -2 -3 -2  1 -1 -4 -3 -3   10  14   3  14   0   0  24   0   0   0   1  16   0   0   0  14   2   0   0   0  0.37 0.14
  158 K    1  2  1  0 -3  2  1  1 -1 -3 -2  2 -2 -3 -2  1  0 -3 -3 -2   14  14   5   4   0   9   7   9   0   0   2  21   0   0   0  10   6   0   0   0  0.26 0.11
  159 T    1  1  3  2  2  0 -1 -2  1 -2 -3 -1 -2 -2 -2  1  2 -3 -2 -2   12   9  18  13   5   2   0   1   5   2   1   0   0   2   0  14  16   0   0   0  0.24 0.12
  160 G   -1 -2  1  2 -4  1 -2  5 -3 -4 -2  1 -3 -4 -3 -1 -2 -4 -4 -4    0   0   5  12   0   9   0  58   0   0   5   9   0   0   0   2   0   0   0   0  0.77 0.24
  161 E   -1 -2  2  4 -4  1  2  2 -2 -4 -4 -1 -3 -4 -3  1  0 -4 -4 -4    2   0   9  30   0   7  17  20   0   0   0   0   0   0   0   9   4   0   0   0  0.53 0.18
  162 V   -1 -2  0 -3 -2 -2 -3  0 -3  1  2 -2  0  0 -3 -1  2 -3 -2  2    3   0   5   0   0   0   0   9   0   6  29   0   0   3   0   2  15   0   0  24  0.19 0.12
  163 A    0  1 -1  2 -2  0 -1  0 -2 -3 -3  0 -2 -3  0  3  2 -4 -3 -2    7   9   0  13   0   4   0   7   0   0   0   4   0   0   5  35  14   0   0   0  0.33 0.16
  164 Y   -1  1 -2  0 -3  2  1 -3 -1 -1  2 -1  0  0 -3 -2 -2 -1  4 -1    5  12   0   6   0  11  14   0   0   0  28   0   1   2   0   0   0   0  18   2  0.24 0.15
  165 N    1  0  0  2 -4  1  4 -2  1 -4 -4  2 -3 -4 -1  0  0 -4 -3 -3   14   3   4  12   0   4  38   0   4   0   0  14   0   0   1   2   4   0   0   0  0.47 0.18
  166 T   -2 -1 -2  0 -3 -2 -2 -3 -1 -2  0 -2 -2  2 -3  0  5 -3  0  0    0   3   0   4   0   1   0   0   1   0  10   0   0  11   0   3  60   0   2   5  0.59 0.27
  167 K   -3  7 -1 -3 -5 -1 -2  0 -2 -5 -4  2 -3 -5 -4 -2 -3 -5 -4 -5    0  81   2   0   0   0   0   9   0   0   0   8   0   0   0   0   0   0   0   0  1.42 0.40
  168 K   -1  4  0  0 -4  2 -1  0 -2 -3 -1  2 -2  2 -3 -1 -2 -3 -1 -3    2  26   3   6   0   9   0   9   0   0   7  19   0  14   0   4   0   0   0   0  0.29 0.15
  169 R   -2  2  1  1 -3  2 -1 -2  0 -2  0  1  2  0 -3 -1 -2  5  1 -2    1  15   6   8   0  16   0   2   1   0   8  11  10   4   0   4   0   9   5   0  0.25 0.14
  170 L   -1 -3 -4 -5 -3 -3 -4  0 -4  0  5 -4  2  1 -4 -3 -2 -3  0 -1    5   0   0   0   0   0   0   9   0   0  74   0   4   5   0   0   0   0   2   0  0.69 0.25
  171 A    5 -3 -2 -3 -2 -2  0 -2 -3 -2 -2 -2  3  0 -2  2 -1 -4 -3 -2   60   0   0   0   0   0   7   0   0   0   0   0  11   5   0  17   0   0   0   0  0.61 0.27
  172 G    2  1 -2 -3 -2  0 -2  1 -3  2  2 -1  0 -2 -3 -1 -1  1 -2  0   27  11   0   0   0   4   0  10   0  16  23   0   0   0   0   2   2   2   0   3  0.17 0.13
  173 K   -1  2 -2 -2 -4  0  0  0 -2 -4 -3  5  1 -4 -3  0  0 -4 -3 -3    2   7   0   0   0   0   5   8   0   0   0  60   5   0   0   6   7   0   0   0  0.66 0.26
  174 V    5 -3 -3 -3 -2 -2 -3 -2 -3 -1 -2 -2 -2 -3 -3  1  0 -4 -3  3   60   0   0   0   0   0   0   0   0   0   0   0   0   0   0   8   5   0   0  27  0.67 0.28
  175 F   -4 -4 -4 -5 -4 -5 -5  0 -3 -2  1 -5 -1  7 -5 -4 -4 -1  3 -2    0   0   0   0   0   0   0   8   0   0  16   0   0  69   0   0   0   0   6   0  1.26 0.35
  176 N    1  1  1 -1 -3  2  3  0 -1 -3 -3 -1 -2 -2 -3 -1  0 -2  3 -3   16   7   8   0   0  11  27   8   0   0   0   0   0   0   0   0   6   0  16   0  0.34 0.18
  177 L   -2  3 -1 -3 -4 -1 -2 -4  8 -4 -1 -2 -1  0 -4  0 -1 -4  1 -4    2  17   0   0   0   0   0   0  53   0   5   0   2   5   0  10   4   0   2   0  1.01 0.33
  178 M   -2 -3 -2 -3  2 -2 -2  0 -3 -2 -2 -2  2  0 -3 -1  6 -3 -2 -1    1   0   0   0   5   0   0   9   0   0   1   0   8   4   0   0  65   0   0   4  0.72 0.29
  179 S    4 -2 -2 -3 -2 -2 -2  1 -3 -2 -2 -2  3 -2 -2  1  0 -3 -3 -1   56   0   0   0   0   0   0  10   0   0   1   0  14   2   0  11   3   0   0   0  0.52 0.23
  180 A    3 -2  2  0  5  1 -1 -2 -2 -3 -3  1 -2 -4 -2  1  0 -4 -3 -2   38   0  12   5  15   7   2   0   0   0   0   8   0   0   0   8   5   0   0   0  0.41 0.19
  181 Y   -4 -4 -4 -5 -4 -4 -4 -5  1 -3  0 -4 -3  3 -5 -4 -4  5  8 -3    0   0   0   0   0   0   0   0   2   0   7   0   0   9   0   0   0   8  74   0  1.74 0.43
  182 D   -4  0  1  7 -6  2 -1 -1 -3 -5 -6 -2 -5 -6 -4 -2 -3 -6 -5 -5    0   4   5  79   0   9   0   3   0   0   0   0   0   0   0   0   0   0   0   0  1.56 0.47
  183 G    3 -2 -2 -1 -3 -1  1  0 -2 -3 -2  2 -2 -3 -2  2  1  1 -3 -1   34   0   0   2   0   1  10   7   0   0   3  14   0   0   0  13   9   3   0   3  0.30 0.21
  184 A    3 -1 -2  1 -2 -2 -2 -2 -3 -1  0 -2  3 -2  0  1  0 -3  1  0   36   3   0   8   0   0   0   0   0   1   9   0  10   0   4  14   6   0   5   4  0.26 0.22
  185 I   -1 -1 -5 -5 -4 -4 -2 -5 -5  6 -1 -4  5 -3 -5 -4 -3 -5 -4  1    6   3   0   0   0   0   3   0   0  63   0   0  20   0   0   0   0   0   0   5  1.13 0.48
  186 S    3 -3 -3 -3 -3  0 -3 -3  1 -3 -1 -3 -3 -2 -3  3  0 -2  5 -2   32   0   0   0   0   4   0   0   4   0   5   0   0   0   0  28   3   0  22   2  0.60 0.37
  187 R   -2  3  4  2 -4  0  1 -1  2 -4 -4  1 -3 -4 -3  0  0 -5 -3 -4    1  20  25  12   0   3   7   5   6   0   0   8   0   0   0   6   7   0   0   0  0.50 0.26
  188 F   -2 -3 -3 -2 -4 -3 -2 -4 -2 -2 -1 -2 -2  3 -4 -3  2  6  6  0    3   0   0   3   0   0   2   0   0   0   4   2   0  11   0   0  17  11  39   7  0.87 0.39
  189 L   -2 -4 -4 -5 -3 -3 -4 -4 -4  1  3 -2  4  5 -4 -2 -3 -2 -1  1    3   0   0   0   0   0   0   0   0   5  31   2  15  28   0   4   0   0   0   9  0.68 0.33
  190 L    0  2  1 -2 -2  1  0 -2 -1 -2 -1  1  0 -1 -1  1  1  1 -2 -1    9  16   7   0   0   7   3   2   1   0   7   6   3   4   2  13  12   2   0   5  0.13 0.13
  191 E   -1  1 -1  1 -4  1  4  1  0 -4 -4  2 -3 -4 -2  0  0 -4 -3 -3    4   7   0   6   0   6  35  11   2   0   1  13   0   0   0   8   5   0   0   0  0.46 0.25
  192 D   -1  1 -1  4 -4  2  3  1 -2 -3 -2  0 -3 -4 -2  0 -2 -4 -3 -3    4   6   0  26   0   9  25  11   0   1   6   3   0   0   1   5   1   0   0   1  0.46 0.25
  193 E    1  0 -1  0 -2  1  0 -1  2 -2 -2  0  0  3  2  1  0 -2  0 -2   12   4   1   7   0   6   5   5   6   1   1   4   2  15  10  10   8   0   3   1  0.15 0.13
  194 Y    0 -3  1  0 -3 -2  1 -3 -2 -2  0 -1 -2  5 -1  0 -2  3  3 -2    7   1   7   6   0   0   9   1   0   1   7   3   0  32   3   6   1   4  12   1  0.41 0.25
  195 P   -3  0  1 -3 -4 -3 -3  1 -3 -1 -4 -3  1 -4  6  0  0 -4 -4 -3    1   6   7   1   0   0   1  10   0   5   1   1   5   0  48   7   5   0   0   1  1.03 0.43
  196 E    0  1  1  1 -3  1  2  0  1 -3 -1  1  0 -3  0 -1 -2  3 -2 -3   10   8   8   7   0   4  19   6   3   0   6  11   3   0   5   3   0   6   0   0  0.23 0.20
  197 Y   -2  1 -2  0 -4  0  2 -1 -2  0 -1  1 -2  2 -3 -1  1  4  3 -2    1   8   0   5   0   4  13   6   0   7   6  10   0   9   0   4   8   5  12   0  0.23 0.22
  198 L   -1 -1 -1 -2  1  1  0 -1 -2  1  1 -1  2  1  1 -1  0 -2  1  1    3   3   3   0   3   7   7   5   0   8  12   3   8   6   7   4   4   0   5  10  0.06 0.10
  199 A    1 -1  2 -2 -2  2  0  0  0 -2 -1 -1 -2 -1 -2  2  2 -3 -2 -1   12   2  11   0   0  10   4   6   3   0   7   2   0   3   0  15  19   0   0   4  0.19 0.19
  200 V    1 -1 -2 -3  1  0 -2 -1 -2  2  1 -1  0  0 -2  0  0 -2  0  1   12   4   0   0   4   6   0   4   0  18  16   3   2   2   0   7   7   0   3   9  0.10 0.12
  201 P    0  0  2  1 -2  0  0  0 -2 -2 -1  0 -2 -3  0  2  2 -3 -3 -1    7   4  11   9   0   4   4   8   0   0   9   4   0   0   4  17  14   0   0   4  0.16 0.15
  202 Y   -1 -3  0 -3 -3  0 -3  0  1 -1  1 -3  1  5 -1 -3 -3 -1  4 -2    4   0   4   0   0   5   0   9   4   3  14   0   4  26   4   0   0   0  19   0  0.47 0.31
  203 K   -1  0 -1  1 -3  0  2 -1  2 -1 -1  1  1 -3  1  0  0 -3 -2  1    4   4   0   9   0   4  13   4   7   4   5  12   7   0   7   4   4   0   0  11  0.13 0.15
  204 K    0  1  1  1 -3  1  1  0  2 -2 -1  0 -1  0  1 -1  0 -3 -1  0    7   7   7   7   0   7   7   7   7   0   7   7   0   7   7   0   7   0   0   7  0.08 0.10
  205 K   -2  2 -2 -1 -2  2  4 -3 -2 -2 -2  3 -2 -4 -2 -1 -2 -4 -3  1    2  10   1   0   1   6  39   0   0   1   3  17   0   0   1   3   0   0   1  13  0.50 0.24
  206 M   -2 -1 -2 -1 -3  3  0 -1 -2  1  2  1  3  1 -3 -1 -1 -3 -1  0    1   2   1   2   0  17   4   6   0   7  23   9  11   6   0   2   3   0   2   3  0.17 0.14
  207 D    0  0  0  2 -2  0  2  1 -1 -2 -2  0 -2 -3  1  0  0 -3 -3 -2    6   6   2  15   1   3  19  14   1   2   5   4   0   0   7   6   6   0   0   2  0.20 0.10
  208 L   -2 -4 -4 -5 -1 -3 -4 -5  2  0  5 -4  4 -2 -4 -4 -2 -4 -3 -1    3   0   0   0   1   0   0   0   5   1  73   0  11   0   0   0   2   0   0   1  0.99 0.36
  209 R   -4  7 -3 -4 -6 -1 -2 -2 -3 -6 -5  4 -4 -6 -4 -3 -4  0 -4 -5    0  66   0   0   0   0   0   3   0   0   0  30   0   0   0   0   0   1   0   0  1.61 0.50
  210 Y   -5 -5 -3 -6 -2 -5 -5 -3  1 -5 -4 -5 -4  0 -6 -5 -5  6  9 -5    0   0   1   0   1   0   0   3   2   0   0   0   0   0   0   0   0  10  83   0  2.47 0.66
  211 G   -2 -4 -3 -4 -5 -4 -3  7 -4 -6 -6 -4 -5 -5 -1 -3 -4 -5 -5 -5    0   0   0   0   0   0   2  91   0   0   0   0   0   0   3   0   0   0   0   0  1.90 0.49
  212 E   -2 -3 -3 -2  7 -2  5 -1 -3 -3 -4 -2  3 -4 -4 -2 -1 -4 -4 -3    2   0   0   1  26   0  50   5   0   1   0   0   8   1   0   0   4   0   0   0  1.12 0.42
  213 N   -4 -3  8 -1 -5 -3 -3 -3 -2 -5 -6 -3 -5 -5 -4 -2  0 -6 -5 -5    0   0  89   2   0   0   0   0   0   0   0   0   0   0   0   0   5   0   0   0  2.13 0.61
  214 P   -2 -4 -2 -4 -5 -3 -4 -1 -4 -5 -5 -3 -5 -5  8  0 -3  2 -5 -5    2   0   1   0   0   1   0   6   0   0   0   0   0   0  78   7   0   3   0   0  2.10 0.55
  215 H   -4  0  4  2 -5  0 -2 -1  8 -5 -5 -2 -4 -4 -2 -3 -3 -5 -2 -5    0   5  23   9   0   4   0   4  49   0   0   0   0   0   2   0   1   0   0   0  1.35 0.44
  216 Q   -4 -2 -3 -3 -6  9  0 -5 -1 -5 -5 -2 -3 -6 -2 -3 -4 -5 -4 -5    0   0   0   0   0  90   3   0   1   0   0   0   0   0   2   0   0   0   0   0  2.18 0.66
  217 T   -1  2 -2 -1 -4  2  1 -2 -2 -4 -4  4 -3 -4  2  1  0  3 -3 -3    5  10   0   2   0   8  10   1   0   0   1  35   0   0   8  10   6   4   0   1  0.50 0.25
  218 A    5 -4 -3 -3 -3 -1 -2  0 -4 -4 -4 -3 -2 -5  5 -1 -3 -5 -4 -3   53   0   1   1   0   2   1   5   0   0   0   1   1   0  33   2   0   0   0   0  1.13 0.41
  219 A    5 -2 -1 -2 -3 -3 -2 -2 -3 -3 -3 -3 -3  1 -3  2 -1 -1 -1 -2   66   1   2   2   0   0   1   0   0   0   1   0   0   6   0  12   2   1   2   2  0.83 0.37
  220 F   -1  2 -2 -2 -1 -1 -2 -2 -2  0  2 -1  0  3 -2 -1 -1  2  1  0    4  14   1   1   1   3   1   3   0   2  23   4   1  18   1   3   2   2   6   8  0.17 0.11
  221 Y   -1 -3 -3 -3 -3 -3 -3 -3 -1  1  1 -3  0  1 -3 -3 -2  4  7  0    4   1   1   1   0   1   1   2   0   9  11   1   2   4   1   1   1   5  48   5  0.86 0.28
  222 E   -1  3 -1 -1 -1  1  3 -2 -1 -2 -2  1 -2  0 -2  0  0 -2  2 -1    5  22   1   2   1   4  25   2   1   3   2   6   0   3   1   7   4   0   9   4  0.28 0.16
  223 A    0  1 -1  0 -1  0 -1 -2 -1  1  1  0  2 -1  1  0  0 -3 -2  0    6  13   2   5   1   3   2   1   1  11  14   4   7   2   7   8   7   0   0   6  0.07 0.07
  224 A    1  0  0 -1 -2 -1  0 -2 -1  0  0  0 -1  0  1  0  0 -2  1  1   13   6   6   3   0   2   6   2   1   2   8   4   0   5   7   3   6   0   7  19  0.05 0.07
  225 F   -1 -1  1  0 -1  0  1  0 -1 -1 -1  0  2  1  0  0  0 -2  0  0    3   1   6   6   1   5  13   7   1   2   4   4  11  10   4   6   5   0   2   8  0.06 0.07
  226 G    0 -1 -1  0 -3  0  1  4 -2 -2 -2  0 -1 -2  2 -1 -1 -3 -3 -2    7   2   2   4   0   4  12  37   0   1   3   5   2   2   9   3   3   0   0   3  0.35 0.15
  227 D   -1  0  2  3 -2  1  3 -1  0 -3 -3  1 -3 -4  0  0 -1 -1 -3 -3    5   5  11  23   1   4  23   3   2   0   2   6   0   0   4   6   3   1   0   1  0.38 0.16
  228 G    0 -2 -1 -1 -3 -1 -1  4  0 -1  0 -2 -1  0  0  0 -1 -2  0 -1    6   1   2   4   0   3   2  38   3   2  15   2   0   5   5   5   1   0   3   3  0.28 0.13
  229 A    1 -2  0 -1 -1 -1  0  3 -2 -2 -1 -1 -2 -1  0  2  1 -3 -2 -1   12   1   3   2   1   1   5  25   0   2   6   3   1   2   4  22   8   0   0   4  0.22 0.12
  230 M   -1 -1 -1  0 -1 -1  2 -3 -2  1  1  0  1 -1 -1 -1  0 -1 -1  1    1   4   2   5   2   1  17   1   0  12  18   5   6   2   3   4   6   1   1  10  0.08 0.08
  231 K    2 -2 -2 -2 -3 -2 -1  2 -3 -1  3 -1  0 -2  1 -1 -1 -3 -2 -2   24   2   1   2   0   0   5  15   0   0  34   4   2   0   6   4   1   0   1   0  0.23 0.17
  232 G    1 -3  0  1 -3  0 -1  1 -1 -1 -3 -2 -3 -2  5  0  0 -4 -2 -3   10   0   4  10   0   4   2  11   2   5   0   0   0   1  37   7   6   0   1   0  0.61 0.18
  233 F    2 -3 -4 -4  2 -3 -3 -3 -3  2  1 -3  0  3 -3 -1 -1 -2  0  2   28   0   0   0   4   0   0   1   0  18  10   0   1  20   0   1   1   0   1  16  0.35 0.17
  234 E   -1  2 -1 -1 -4  2  3 -2  0 -1 -3  4 -2 -4 -2 -1  1 -4 -3 -2    2  12   2   1   0   6  26   1   2   4   0  30   0   0   0   1  12   0   0   2  0.46 0.19
  235 Q   -1  0 -3 -3 -3  4 -1 -4 -2  2  0 -1  0  0 -3 -2 -1 -1 -1  3    2   5   0   0   0  29   0   0   0  13   4   3   1   3   0   0   2   1   1  35  0.41 0.22
  236 L   -3 -2 -4 -4 -3  0 -4 -5 -1  2  5 -3  1 -1 -4 -1 -2 -3 -2  0    0   1   0   0   0   5   0   0   2  10  71   0   1   1   0   5   0   0   0   4  0.71 0.26
  237 N   -1 -2  5 -1  0  3  0 -1  4 -4 -4  0 -2 -4 -3  2 -1 -1 -2 -4    3   0  36   0   3  14   3   2  13   0   0   3   0   0   0  21   0   1   0   0  0.62 0.25
  238 G   -1 -4 -2 -3 -4  0 -4  7 -4 -5 -5 -3 -4 -5  0 -2 -3 -4 -5 -5    1   0   0   0   0   5   0  87   0   0   0   0   0   0   5   1   0   0   0   0  1.59 0.38
  239 K   -1  3  0 -2 -4  0 -1 -3 -2 -4 -4  6 -3 -4  1  0 -1 -4 -3 -3    3  13   2   1   0   1   1   0   0   0   1  62   0   0   5   5   2   0   0   1  0.78 0.26
  240 E    0 -2 -2 -1 -4  1  4 -3  5 -4 -4 -1 -3 -4  5 -1 -2 -4 -3 -4    6   0   0   1   0   4  31   0  16   0   0   2   0   0  36   2   1   0   0   0  0.96 0.28
  241 L    0 -1 -2 -2 -2 -1 -1 -2  1  0  2  0  2 -1  4 -1 -1 -2 -1 -1    7   2   1   2   1   1   2   2   6   3  30   6   7   1  21   2   2   0   1   3  0.27 0.09
  242 S   -1 -3 -2 -2 -3 -3 -3  5 -3 -5 -5 -2 -4 -5  0  5 -1 -5 -4 -4    0   0   0   0   0   0   0  45   0   0   0   0   0   0   5  50   0   0   0   0  1.02 0.34
  243 Y   -3 -2 -3 -4 -4 -1 -3 -4  2 -3 -2  2  0  4 -4 -3 -2  0  7 -3    0   0   0   0   0   2   0   0   5   0   2  16   2  13   0   0   1   0  56   0  1.11 0.32
  244 N   -3 -3  5 -2 -3 -2 -3 -3 -2  5 -2 -3 -2 -3 -3 -2  1 -4 -3  0    0   0  42   0   0   0   0   0   0  41   0   0   0   0   0   0  12   0   0   2  0.76 0.29
  245 N   -3 -3  8 -1  2 -2 -2 -3 -2 -5 -5 -2 -4 -5 -4 -2 -2 -5 -4 -5    0   0  90   0   5   0   0   0   0   0   0   0   0   0   0   0   0   0   0   0  1.84 0.46
  246 I   -2 -3 -4 -4 -3 -3 -4 -4 -3  3  3 -3  2  3  0 -3 -2 -2  1  0    0   0   0   0   0   0   0   0   0  23  40   0   4  16   5   0   0   0   5   2  0.51 0.18
  247 K   -1  0 -2 -3  1 -2 -2 -4 -3  0  4 -1  1 -2 -3 -2  2 -3 -2  1    6   5   2   0   3   0   2   0   0   1  48   5   3   0   0   0  20   0   0   6  0.35 0.19
  248 D   -4 -4 -1  8 -6 -3 -1 -4 -3 -6 -6 -3 -6 -6 -4 -3 -3 -7 -6 -6    0   0   0 100   0   0   0   0   0   0   0   0   0   0   0   0   0   0   0   0  2.22 0.51
  249 M    4 -3 -3 -3 -2 -2 -3 -1 -3  1 -1 -2  1 -3 -2 -1  1 -4 -3  1   56   0   0   1   0   0   0   2   0  11   5   0   4   0   1   1   9   0   0  11  0.48 0.23
  250 D   -3 -3  0  5 -4 -2  1 -3 -3 -2  2 -2 -1  2 -3  0 -2 -4 -2 -2    0   0   3  46   0   0   8   0   0   1  23   0   1  11   0   6   0   0   0   2  0.59 0.24
  251 I    3 -1  6 -1 -3 -2 -1 -1 -1 -2 -1 -2 -3 -4 -3  0  0 -4 -2 -2   30   2  47   0   0   0   1   1   0   3   6   0   0   0   0   3   3   0   2   1  0.62 0.26
  252 A    5 -3 -2 -3 -2 -2 -3  3 -3 -3 -3 -2 -3 -4 -3  2 -1 -4 -3  0   57   0   0   0   0   0   0  20   0   0   0   0   0   0   0  14   1   0   0   7  0.69 0.27
  253 W   -3 -3 -5 -6 -1 -4 -5 -5 -4  0  3 -4 -1  1 -5 -4 -3 10  3  1    1   2   0   0   1   0   0   0   0   4  29   0   0   3   0   0   0  43   8   9  1.44 0.35
  254 K   -1  1  3 -1 -4  5  2 -2  2 -4 -3  1 -2 -2 -2 -1 -2 -4 -3 -3    5   8  16   1   0  39  11   2   6   0   1   5   0   2   1   3   0   0   0   2  0.56 0.23
  255 V   -1 -4 -4 -5  4 -3 -4 -4 -4  3  4 -4  2  1 -4 -3 -2 -3 -2  1    5   0   0   0  13   0   0   0   0  20  43   0   5   5   0   0   1   0   0   8  0.56 0.20
  256 V    1 -4 -4 -5  2 -3 -4 -4 -4  1  2 -4  0 -2 -4 -3 -2 -4 -3  5   13   0   0   0   5   0   0   0   0   4  22   0   1   0   0   0   0   0   0  55  0.65 0.25
  257 N   -2  4 -1 -2  3  2 -1 -3 -2 -2 -3  4 -2 -2 -3  0 -1 -1  0 -3    1  27   2   0   7  11   0   0   0   3   1  33   0   1   0   9   1   1   3   0  0.52 0.22
  258 E   -2 -2  0  3 -5  0  5 -4 -1 -4 -4 -1 -3  0 -3  0 -2 -3  4 -4    1   0   3  15   0   1  51   0   0   0   0   1   0   3   0   6   1   0  19   0  0.79 0.29
  259 F   -2 -4 -4 -5 -3 -4 -4 -5  1  0  4 -4  1  5 -5 -4 -3 -2  2 -1    2   0   0   0   0   0   0   0   4   2  54   0   3  30   0   0   0   0   5   1  0.80 0.26
  260 D    0  0  0  4 -3  0  0 -1 -1 -3 -4  3 -3 -4  1  0  1 -4 -3 -3    7   4   1  27   0   2   3   3   0   0   0  26   0   0   7   7  10   0   0   1  0.40 0.17
  261 E    0  2 -1  0 -4  2  4 -2  2 -3 -3  3 -2 -4 -2 -1  0 -4 -3 -3   11   9   0   4   0   7  36   2   5   1   0  19   0   0   0   1   5   0   0   0  0.47 0.19
  262 T    1 -4 -3 -3 -4 -3 -2 -1 -4 -2 -4 -3 -4 -5  8 -2 -1 -5 -5 -3   12   0   1   0   0   0   1   6   0   3   0   0   0   0  73   0   3   0   0   1  1.76 0.39
  263 V    4 -3 -2 -3  3 -2 -2  0 -3 -2 -2 -2 -2 -4 -1  1  2 -4 -3 -1   56   0   0   0   7   0   0   3   0   1   3   0   0   0   2  11  16   0   0   2  0.60 0.25
  264 C    4 -4 -4 -4  7 -3 -3  0 -4 -2 -3 -3 -2 -4 -3 -1 -2 -4 -4  2   53   0   0   0  27   0   0   5   0   0   0   0   0   0   0   2   0   0   0  14  0.91 0.31
  265 C    3 -2 -3 -4  3 -3 -3 -3 -4  1 -1 -2 -1 -3 -3 -1  1 -4 -3  4   37   1   0   0   6   0   0   0   0   6   1   1   0   0   0   1  10   0   0  36  0.48 0.23
  266 A    0 -3 -2 -3 -2 -3 -3 -2 -3  4  0 -3 -1 -2 -3  3 -1 -4 -3  1    7   0   0   0   0   0   0   2   0  39   5   0   0   0   0  37   0   0   0   9  0.50 0.25
  267 L   -3 -4 -4 -5 -1 -4 -4 -5 -4  2  1 -4  2  5 -4 -4 -2 -2  0  4    0   0   0   0   1   0   0   0   0  11  12   0   5  36   0   0   0   0   1  33  0.72 0.25
  268 K   -3  0 -2 -3 -6 -1 -1 -4 -3 -5 -5  8 -4 -6 -3 -2 -3 -5 -4 -5    0   0   0   0   0   0   0   0   0   0   0 100   0   0   0   0   0   0   0   0  1.83 0.50
  269 H   -4 -3 -2 -4 -6 -2 -3 -5 11 -6 -6 -3 -4 -4 -5 -4 -5 -5 -1 -6    0   0   0   0   0   0   0   0 100   0   0   0   0   0   0   0   0   0   0   0  3.07 0.60
  270 N    1 -3  3 -2 -2  0 -2 -2 -3  0 -1 -2  2 -3 -3  0  1 -4 -3  4   16   0  18   0   0   4   0   2   0   0   1   0   7   0   0   4   8   0   0  40  0.36 0.20
  271 S   -2 -3  6 -1 -4 -2 -2 -2 -2 -5 -5 -2 -4 -5 -3  4  1 -5 -4 -4    0   0  48   0   0   0   0   1   0   0   0   0   0   0   0  43   8   0   0   0  1.09 0.34
  272 P   -3 -5 -5 -4 -6 -4 -4 -5 -5 -5 -6 -4 -5 -6  9 -3 -4 -6 -6 -5    0   0   0   0   0   0   0   0   0   0   0   0   0   0 100   0   0   0   0   0  2.98 0.54
  273 C    4 -4 -4 -4  9 -4 -4 -3 -4 -3 -3 -4 -3 -4 -4  0 -1 -5 -4 -3   37   0   0   0  53   0   0   0   0   0   0   0   0   0   0   7   3   0   0   0  1.56 0.38
  274 G   -1 -4 -3 -3 -5 -4 -4  7 -4 -6 -6 -4 -5 -5 -4 -1 -4 -5 -5 -5    1   0   0   0   0   0   0  96   0   0   0   0   0   0   0   2   0   0   0   0  1.94 0.41
  275 V    4 -3 -4 -4 -2 -3 -3 -3 -4  2 -1 -3 -1 -1 -2 -1 -1 -4 -3  3   49   0   0   0   0   0   0   0   0  13   1   0   0   3   1   1   1   0   0  31  0.60 0.24
  276 A    6 -4 -3 -4 -3 -3 -3  1 -4 -4 -4 -3 -3 -4 -3  0 -2 -5 -4 -2   90   0   0   0   0   0   0   8   0   0   0   0   0   0   0   2   0   0   0   0  1.27 0.38
  277 I   -1 -1 -3 -4 -2 -2 -2 -4 -2  3  1 -3  0 -1 -3 -1  0  4  2  4    1   3   0   0   0   2   1   0   1  19  11   0   0   0   1   5   5   7   7  37  0.38 0.16
  278 G    2  0 -2  0 -2 -2 -2  5 -3 -4 -4 -1 -3 -4 -3  1 -1 -4 -3 -3   22   6   0   5   1   0   1  52   0   0   0   2   0   0   0   9   1   0   1   0  0.72 0.22
  279 E    1 -1  0  2 -2  0  1  0 -2 -1  1  0 -1 -2 -2  0  1 -3 -2 -1   13   2   2  17   0   1  12   5   0   3  17   8   0   0   1   8   8   0   0   4  0.12 0.08
  280 N   -1 -2  1  4 -2 -1  0 -1 -2 -4 -4 -1 -3 -4  5  1  1 -5 -4 -3    2   1   7  26   1   1   5   5   0   0   0   1   0   0  29  11  12   0   0   0  0.66 0.19
  281 P   -2 -2 -4 -4 -3 -3 -2 -2 -4  3  4 -2  1 -1 -2 -3 -2 -3 -3  2    2   1   0   0   0   0   2   3   0  16  56   2   1   0   2   0   0   0   0  14  0.54 0.19
  282 L    1  0  0  1 -2  0  1 -1 -1 -1  0  0 -1 -1 -2  1  1 -3 -1  0   20   7   4   8   0   2  10   2   1   3  12   2   0   1   0  14   7   0   2   7  0.09 0.06
  283 D   -1 -1  0  4 -3  1  4 -2 -1 -3 -4  0 -3 -4 -2  0  2 -4 -3 -3    5   2   1  24   0   7  36   1   1   1   0   2   0   0   1   5  13   0   0   0  0.57 0.19
  284 A    6 -3 -3 -3  0 -2 -2 -1 -3 -2 -3 -2 -2 -4 -2  0  1 -4 -3 -1   85   0   0   0   2   0   0   0   0   2   0   0   0   0   0   2   7   0   0   2  0.88 0.24
  285 Y   -3 -3 -4 -4 -4 -3 -1 -5  1 -1  1 -3 -1  2 -4 -3 -3  3  7 -1    0   0   0   0   0   0   6   0   3   3  15   0   0   6   0   0   0   4  60   2  1.01 0.23
  286 K    2  1  0  1 -2  0  1 -2  0  0 -1  1 -1 -3 -2  0  0 -3 -2  0   28  10   4   8   0   2  11   0   3   8   3  11   0   0   0   2   5   0   0   5  0.14 0.07
  287 K    0  5 -1 -2 -2  0 -1 -3  0 -3 -1  3 -1 -3 -3 -1 -1  0  0 -3    9  45   2   0   1   2   0   0   2   0   5  25   1   0   0   0   2   1   3   0  0.56 0.16
  288 A    6 -3 -3 -3  2 -2 -2 -1 -3 -2 -3 -2 -2 -4 -2  0 -1 -4 -3 -1   89   0   0   0   5   0   0   0   0   1   0   0   0   0   0   4   0   0   0   2  0.98 0.26
  289 F   -3  4 -1 -2  1 -1 -2 -4  1 -1  0 -1 -1  3 -4 -2 -2  2  4 -2    0  36   3   2   5   0   0   0   4   5   8   0   0  12   0   0   0   3  21   1  0.44 0.15
  290 E    1  0 -1  1 -3  0  1  3 -1 -2 -2  0  2 -1 -2 -1 -2  1  0 -2   14   5   1   7   0   4  13  30   1   1   0   4  10   2   0   1   0   3   3   1  0.24 0.09
  291 C    4 -3 -2 -3  4 -2 -2  0 -3 -1 -2 -2 -2 -3 -2  1  1 -4 -3  0   53   0   0   0  13   0   0   6   0   1   0   0   0   0   0   8  10   0   0   9  0.49 0.16
  292 D   -3 -3  0  7 -5 -2  1 -3 -3 -5 -5 -2 -5 -5 -3  0 -3 -6 -5 -5    0   0   0  93   0   0   3   0   0   0   0   0   0   0   0   5   0   0   0   0  1.69 0.31
  293 D   -2  5 -1  1 -4 -1 -1 -3 -2 -4 -3  0 -3 -4  4  0 -2 -4 -3 -4    0  51   1   8   0   0   2   0   0   0   1   0   0   0  27   9   1   0   0   0  0.89 0.20
  294 T   -2 -1 -3 -3 -2 -1  0 -4 -3  3  1 -1  6 -2 -3 -2  0 -3 -2  2    0   2   0   0   0   1   6   0   0  20   5   5  35   0   0   0   6   0   0  20  0.43 0.16
  295 S    3 -2 -1 -2  3 -2 -2 -2 -3 -3 -4 -2 -3 -4 -2  5  0 -4 -3 -3   23   0   0   0   8   0   0   0   0   0   0   0   0   0   0  69   0   0   0   0  0.83 0.24
  296 I    4 -2 -2 -2  0 -2 -2 -1 -3  1 -3 -2 -2 -3 -2  4  0 -4 -3 -1   44   0   0   0   2   0   0   0   0  10   0   0   0   0   0  44   0   0   0   0  0.60 0.20
  297 F   -4 -4 -5 -5 -4 -4 -5 -5 -2 -2 -1 -4 -2  8 -5 -4 -4  0  5 -3    0   0   0   0   0   0   0   0   0   0   0   0   0  76   0   0   0   0  24   0  1.65 0.30
  298 G   -1 -4 -2 -3 -4 -3 -4  7 -4 -6 -5 -3 -4 -5 -4 -2 -3 -4 -5 -5    0   0   0   0   0   0   0 100   0   0   0   0   0   0   0   0   0   0   0   0  1.83 0.30
  299 G   -2 -3 -1  5 -4 -2 -1  5 -3 -5 -5 -2 -4 -5 -3  0 -2 -5 -4 -5    0   0   0  41   0   0   0  54   0   0   0   0   0   0   0   4   0   0   0   0  1.08 0.22
  300 I    1 -4 -4 -4  2 -3 -4 -3 -3  3  0 -3  0  5 -4 -2 -1  3  0  2   14   0   0   0   5   0   0   0   0  25   0   0   1  33   0   0   3   5   0  14  0.45 0.14
  301 V    1 -4 -4 -4  0 -3 -4 -3 -4  5  1 -3  0 -2 -3 -2 -1 -4 -2  4   13   0   0   0   2   0   0   1   0  44   6   0   0   0   0   0   0   0   0  34  0.56 0.16
  302 A    5 -3 -3 -3 -2 -2 -2 -1 -3  0 -2 -2 -2 -3 -2  1 -1 -4 -3  2   73   0   0   0   0   0   0   2   0   3   1   0   0   0   0   5   0   0   0  15  0.67 0.21
  303 L   -2 -3 -4 -4 -1 -3 -4 -4 -3  2  4 -3  1  3 -4 -3  0 -2 -1  2    1   0   0   0   1   0   0   0   0   7  50   0   1  15   0   0   5   0   0  20  0.48 0.13
  304 N   -1 -2  6 -1 -3 -1 -2 -2 -1 -4 -4 -1 -3 -4 -3  4  0 -5 -3 -4    0   0  50   0   0   0   0   0   0   0   0   2   0   0   0  45   3   0   0   0  0.96 0.25
  305 K   -2  5 -1  4 -5  0  1 -2  0 -4 -4  0 -2  0 -3 -1 -1 -4 -3 -4    2  43   0  30   0   4   6   3   2   0   0   1   1   5   0   2   2   0   0   0  0.67 0.21
  306 V   -1 -1 -2 -2 -2 -1  2 -3 -2  0 -2  1 -1 -3  4 -1  1 -4 -3  1    3   2   0   0   1   0  21   0   0   5   2  13   1   0  24   2  13   0   0  14  0.41 0.15
  307 I   -2 -4 -4 -5  7 -4 -4 -5 -4  2  1 -4  1  1 -4 -3 -2 -4 -2  4    0   0   0   0  32   0   0   0   0   8  14   0   3   5   0   0   0   0   0  37  0.86 0.23
  308 D   -3 -3  1  7 -5 -2  0 -3 -3 -5 -5 -2 -5 -5 -2 -1  1 -6 -5 -5    0   0   3  82   0   0   2   0   0   0   0   0   0   0   2   3   8   0   0   0  1.51 0.34
  309 K    1  0 -2 -1 -2  0  2 -2 -1  0  1  1  0 -2 -1 -1  0 -3 -2  1   18   5   0   2   0   1  18   2   1   4  16  12   1   0   2   0   3   0   0  14  0.11 0.08
  310 P    3 -1 -1  2 -2  1  3 -2 -2 -2 -2  1 -2 -3  1  1  0 -4 -2 -2   33   0   0  10   1   4  25   0   0   1   4   7   0   0   5   6   3   0   0   2  0.32 0.14
  311 A    0 -3 -2 -3  3 -3 -3 -2 -4 -1  0 -3  2 -3 -3  0  6 -4 -3  0    9   0   0   0   6   0   0   1   0   1  11   0   6   0   0   2  60   0   0   4  0.77 0.29
  312 A    7 -4 -4 -4 -3 -3 -3 -2 -4 -4 -4 -3 -3 -5 -3 -1 -2 -5 -4 -3  100   0   0   0   0   0   0   0   0   0   0   0   0   0   0   0   0   0   0   0  1.62 0.44
  313 E   -1  2  0  0 -4  2  4 -2 -2 -3 -1  3 -1 -4 -3  0 -1 -4 -3 -3    4  13   5   2   0   7  30   1   0   1   6  24   2   0   0   3   3   0   0   1  0.43 0.17
  314 E    0 -1 -3 -2  0  0  1 -3 -2  2  2  0  1  1 -3 -1 -1 -2  0  0   10   1   0   0   2   4  10   1   0  15  26   9   4   9   0   3   0   0   4   3  0.13 0.09
  315 M   -3 -4 -5 -5 -3 -4 -5 -5 -5  5  3 -4  3 -2 -4 -4 -2 -4 -3  2    0   0   0   0   0   0   0   0   0  52  30   0   9   0   0   0   1   0   0   9  0.91 0.26
  316 V    1  1  2 -1 -3  0 -1 -1  2 -2 -3  3 -1 -3 -2  2 -1 -4 -2 -1   16   5  11   1   0   3   1   2   7   1   0  27   2   1   0  17   0   0   0   4  0.28 0.14
  317 K    0  4 -1  1 -4  1  1  0  0 -4 -3  2 -2 -4  0  0 -1 -4 -3 -3    6  35   1   6   0   5  11   6   2   0   1  12   1   0   3   7   3   0   0   1  0.40 0.14
  318 I   -1 -2  2 -1 -2  2  4 -3 -1  1 -1  0 -1 -3 -3  0  0 -4 -3 -1    3   0  10   0   1   9  36   1   1  15   6   2   1   0   0   8   5   0   0   3  0.31 0.16
  319 F   -3 -4 -5 -5 -4 -4 -4 -5 -2  0 -2 -4 -2  5 -5 -3 -2 -1  5  4    0   0   0   0   0   0   0   0   0   1   0   0   0  32   0   1   1   0  27  38  1.06 0.31
  320 L   -1 -3 -2 -3  1 -2 -3 -3 -3  0  2 -3 -1  2 -3  3  0 -3  0  1    3   0   0   0   4   0   0   0   0   2  23   0   0  10   0  38   4   0   2  14  0.33 0.18
  321 E   -3 -3 -2  5 -6 -1  6 -4 -3 -5 -5 -2 -5 -6 -3 -2 -3 -6 -5 -5    0   0   0  42   0   0  58   0   0   0   0   0   0   0   0   0   0   0   0   0  1.47 0.36
  322 I   -1 -4 -3 -4  1 -4 -4  4 -4  2 -1 -4 -1 -3 -4 -2 -2 -4 -3  4    3   0   0   0   4   0   0  38   0  13   2   0   1   0   0   0   0   0   0  40  0.67 0.23
  323 V   -2 -5 -5 -5 -3 -4 -5 -5 -5  5  1 -4 -1 -2 -4 -4 -2 -5 -3  5    0   0   0   0   0   0   0   0   0  44   6   0   0   0   0   0   0   0   0  50  1.07 0.29
  324 I    1 -4 -3 -4  0 -4 -4 -4 -4  5  0 -4 -1 -2 -4 -2 -2 -4 -3  3   17   0   1   0   2   0   0   0   0  55   4   0   0   0   0   1   0   0   0  19  0.70 0.23
  325 A    6 -4 -4 -4 -2 -3 -3 -1 -4 -3 -4 -3 -3 -4 -3 -1 -2 -5 -4 -2   98   0   0   0   0   0   0   2   0   0   0   0   0   0   0   0   0   0   0   0  1.43 0.38
  326 P   -2 -5 -4 -4 -5 -4 -4 -5 -5 -5 -5 -3 -5 -6  9 -3 -3 -6 -5 -5    2   0   0   0   0   0   0   0   0   0   1   0   0   0  96   0   1   0   0   0  2.74 0.47
  327 D    1 -2  0  3 -3 -1  1  4 -2 -4 -4 -1 -3 -4 -3  2 -1 -4 -4 -3    9   1   2  25   0   0   8  32   0   0   0   3   0   0   0  18   2   0   0   0  0.55 0.17
  328 F   -2 -4 -4 -5 -4 -4 -4 -5 -1  0 -2 -4 -2  6 -5 -4 -3  0  7  0    2   0   0   0   0   0   0   0   0   4   0   0   0  35   0   0   0   0  53   6  1.44 0.33
  329 T    0 -2 -1  2 -2 -1  4 -3 -2 -4 -4 -1 -3 -4 -2  2  3 -4 -3 -3    5   0   1  13   0   0  35   0   0   0   0   0   0   0   0  18  28   0   0   0  0.62 0.22
  330 A    0 -2 -2  3 -4  0  3 -2 -2 -4 -4  0 -2 -5  5 -1 -1 -5 -4 -3    9   0   0  20   0   3  27   1   0   0   0   4   1   0  31   1   3   0   0   0  0.78 0.20
  331 D    0 -2 -1  2 -4  0  5  3 -2 -4 -4  1 -3 -5 -2 -1 -2 -4 -4 -4    7   0   0  11   0   1  46  23   0   0   0   7   0   0   1   3   1   0   0   0  0.66 0.21
  332 A    6 -3 -3 -4 -2 -3 -3 -1 -4 -2 -3 -3 -3 -4 -3  0  1 -4 -4  0   83   0   0   0   0   0   0   1   0   1   0   0   0   0   0   1   7   0   0   7  1.01 0.31
  333 L   -3 -1 -4 -5 -3 -2 -4 -5 -4  1  5 -2  2  0 -4 -4 -2 -3 -1  2    0   3   0   0   0   1   0   0   0   5  66   3   4   1   0   0   0   0   2  16  0.69 0.22
  334 E    1 -1 -1  2 -4  1  5 -2 -2 -4 -3  1 -3 -4 -2  0 -1 -4 -4 -3   16   2   1   9   0   4  53   2   0   0   1   6   0   0   1   4   1   0   0   0  0.67 0.22
  335 V   -2 -3 -3 -4 -3 -3 -3 -5 -4  5  2 -3  0  0 -4 -3 -1 -4  0  3    1   1   1   0   0   0   1   0   0  53  15   1   1   2   0   0   3   0   2  17  0.65 0.21
  336 L   -3 -4 -5 -5 -3 -4 -4 -5 -5  1  6 -4  1  1 -5 -4 -2 -3 -2  0    0   0   0   0   0   0   1   0   0   3  85   0   1   6   0   0   1   0   0   3  1.08 0.30
  337 K    2  1 -1 -2 -3  1  0 -1 -2 -3 -3  4 -1 -3 -2  2  0 -4 -3 -3   20   5   0   0   0   3   3   3   0   1   0  41   1   1   0  18   5   0   0   0  0.47 0.19
  338 S    1  1  1 -1 -3  1  1  0 -2 -3 -3  3 -1 -4 -2  1  1 -4 -3 -2   18   7   8   1   0   7   6   6   0   0   0  25   2   0   0  11   8   0   0   1  0.29 0.12
  339 K   -3  3 -1 -3 -5 -1 -1 -3 -3 -5 -5  7 -3 -5 -3 -2 -3 -5 -4 -5    0  15   2   0   0   0   0   1   0   0   0  82   0   0   0   0   0   0   0   0  1.43 0.37
  340 K   -1  3 -2 -3 -5  0 -1 -2 -3 -5 -4  7 -3 -5 -2 -1 -3 -5 -4 -4    3  14   0   0   0   2   1   1   0   0   0  76   0   0   1   1   0   0   0   0  1.20 0.33
  341 N   -3  0  7  0 -4 -1 -2  0 -1 -5 -5  2 -4 -5 -3  0 -2 -5 -4 -4    1   3  70   3   0   1   0   5   0   0   0  12   0   0   0   3   1   0   0   0  1.18 0.31
  342 L   -2 -2 -4 -4 -3 -3 -4  1 -3  2  3 -3  0 -1 -4 -3 -2 -2  2  3    0   2   0   0   0   0   0  15   0  15  32   0   0   0   0   0   1   0  12  24  0.38 0.16
  343 R   -2  6  1 -3  2 -1 -2 -2 -2  1  0  1 -2 -3 -4 -2 -2 -4 -3 -1    1  56   7   0   5   0   0   2   0   9   8   6   0   0   0   1   1   0   0   4  0.66 0.23
  344 V   -2 -2 -3 -4 -3  1 -2 -4 -2  4  2 -1  0  1 -4 -3 -2 -2  2  2    1   1   0   0   0  10   1   0   0  33  18   5   1   4   0   0   0   0  10  17  0.36 0.16
  345 I   -3 -4 -5 -5  0 -4 -5 -5 -4  5  4 -4  3  1 -4 -4 -2 -3 -2  1    0   0   0   0   2   0   0   0   0  41  41   0   7   6   0   0   0   0   0   4  0.76 0.23
  346 K   -1  2  0  3 -3  2  2 -3 -2 -1 -2  2 -1 -3 -2 -1  0 -4 -3  0    1  12   3  22   0  13  13   0   0   5   3  13   2   0   0   0   5   0   0   9  0.29 0.13
  347 A    0 -3 -3 -3  4 -3 -3 -3 -4  3  1 -3  1 -1  4 -1  0 -4 -3  1    6   0   0   0  10   0   1   1   0  23  15   0   5   1  22   3   6   0   0   8  0.44 0.15
  348 N    0 -1  2  3 -4  2  2  1 -1 -4 -4  0 -3 -4  2  0 -1 -4 -3 -3    6   1  14  24   0   9  11  14   1   0   0   4   0   0   9   5   3   0   0   0  0.41 0.13
  349 E    0 -1 -1  1 -4  0  3  0 -1 -1 -2 -2  0  1  0 -2 -2  0  5 -2    9   2   3   8   0   4  23   7   0   4   1   0   4   5   4   0   0   1  24   1  0.30 0.16
  350 K   -1  0 -1  1 -3  0  0 -3 -1  0  0 -1  1  0 -1 -1 -1  4  3  0    5   6   3  13   0   2   6   0   1   7   8   3   7   2   2   2   3   7  15  10  0.14 0.09
  351 P    1 -1  0  0 -3 -1  0 -2 -3 -3 -2  0 -3 -3  6 -1  1 -4 -1 -2   12   3   4   5   0   1   6   2   0   1   5   6   0   1  42   2   8   0   2   2  0.70 0.20
  352 S    2  1 -1 -1 -3  1 -1 -2 -2 -2 -3  1 -1 -1  5  0  0 -4 -1 -2   19   9   2   2   0   8   2   1   0   2   1   7   2   3  28   8   4   0   2   2  0.44 0.17
  353 D    0  1 -1  2 -4  0  2 -3  0 -3 -3 -1 -3 -4  5 -1 -1 -4  0 -3    8   9   2  12   0   3  16   1   3   1   2   1   0   0  32   3   3   0   3   1  0.60 0.21
  354 N    1  1  0 -1 -2  0  1  0 -1 -2 -2  1 -2  2  1  0  0 -2 -1 -1   16   7   4   2   0   2  10   8   0   1   3  11   0  11   8   4   8   0   2   2  0.11 0.07
  355 F   -1 -2 -2 -2 -1 -1 -1 -2 -2  2  2 -1  1  1 -1 -1  0  0  1  1    3   1   1   2   1   2   4   2   0  19  23   5   3   5   2   4   6   2   6  10  0.12 0.08
  356 E   -3 -2  0  3 -5  0  6 -4 -1 -3 -2 -1 -4 -4 -3 -2 -2 -5 -2 -3    1   0   3  19   0   1  61   0   1   2   5   2   0   1   0   1   1   0   1   2  1.00 0.35
  357 L   -1  1 -2 -3 -2 -1 -1 -3  2  1  0  1  0  3 -3 -1  0 -2  1  1    2  12   1   0   0   2   2   0   8  10  10   9   2  15   0   2   8   0   5  12  0.15 0.11
  358 A   -2  5 -2 -3 -5  0 -2 -2 -2 -3 -4  6 -3 -5 -3 -1 -1 -5 -4 -1    2  29   0   0   0   1   0   3   1   1   0  52   0   0   0   3   3   0   0   4  0.97 0.34
  359 K   -2  1  0  1 -3  3  2 -2  1 -3 -1  1 -2 -2 -1  2  1 -4 -2 -3    0   7   2  10   0  19  11   1   4   0   6   6   0   2   2  19  10   0   0   0  0.29 0.16
  360 V   -1 -4 -5 -5 -3 -4 -4 -5 -5  3  0 -4  2 -3 -3 -4 -2 -5 -3  6    3   0   0   0   0   0   1   0   0  19   6   0   5   0   1   0   1   0   0  62  0.97 0.33
  361 D   -1 -4  0  4 -3 -3 -2 -3 -1 -2 -1 -3 -1  5 -4 -1 -2 -2  3 -2    5   0   5  28   1   0   1   1   1   2   4   0   1  34   0   4   1   0  12   1  0.68 0.27
  362 G   -3 -5 -1 -4 -5 -4 -5  7 -5 -6 -6 -4 -5 -2 -5 -2 -4 -5 -5 -6    0   0   2   0   0   0   0  95   0   0   0   0   0   2   0   1   0   0   0   0  2.07 0.51
  363 A   -1 -4 -3 -4 -4 -4 -4  5 -4  3  0 -4 -1 -2 -4 -2 -3 -4 -4  1    1   0   0   0   0   0   0  51   0  24   7   0   1   1   0   2   0   0   0  12  0.79 0.28
  364 M   -1  0 -3 -3 -2 -2 -3 -2 -1  2  2 -2  3  0 -3 -1  3 -1 -1  1    3   6   0   0   0   0   0   3   2  12  18   0  10   4   0   3  31   1   1   6  0.29 0.18
  365 L   -3 -4 -5 -5 -3 -4 -5 -5 -4  2  3 -4  1  5 -5 -4 -3 -2 -1  2    0   0   0   0   0   0   0   0   0  13  36   0   3  32   0   0   0   0   0  15  0.83 0.27
  366 V   -1 -1 -3 -2 -3  0  4 -4 -2  1  0 -2 -1 -2 -3 -1 -1 -1 -1  4    4   3   0   0   0   4  31   0   0   5   8   1   1   1   0   3   2   1   2  35  0.39 0.22
  367 Q   -2 -2 -3 -3 -6  9 -1 -5 -3 -5 -4 -2 -3 -6 -4 -2 -4 -5 -4 -5    2   0   0   0   0  92   0   0   0   0   2   0   0   0   0   2   0   0   0   0  2.21 0.62
  368 S    0 -1  1  1 -3  2  2  2  0 -3 -2  1 -2 -2 -1  1 -1  2 -3 -3    5   0   5   9   0  10  15  19   2   0   3  10   1   1   1  11   2   3   0   1  0.26 0.13
  369 A   -1  6 -2 -3 -4  0 -1 -3  1 -4 -3  0 -3  0 -3  2 -1 -1 -1 -4    4  50   0   0   0   4   3   0   3   0   1   3   0   5   0  21   2   1   1   0  0.76 0.30
  370 D   -3  0  6  5 -4 -1 -1 -3 -2 -4 -4 -2 -4  1 -2 -2 -2 -4 -2 -3    2   5  41  33   0   2   2   0   0   0   1   0   0   7   1   0   0   0   1   2  0.91 0.31
  371 N   -1  0  3  3 -3  0  2 -2 -1 -1 -1  0 -2 -2 -3  0  1 -4 -3 -1    3   5  21  16   0   3  17   1   1   3   6   3   0   1   0   4  11   0   0   3  0.31 0.16
  372 K    0  0  0 -1 -2 -1 -1  0 -2  0  1  0  0  0  0 -1 -1 -2 -1  1   11   6   4   2   0   2   3  10   0   6  19   8   0   5   5   3   3   0   2  12  0.03 0.05
  373 L   -1  0 -1  0 -2  1 -1 -2 -2  1  1  1  1 -1  1 -1 -1 -3 -2  1    3   3   2   6   0   6   1   2   0  12  13  14   6   3   7   4   3   0   0  13  0.08 0.08
  374 T   -1 -2 -3 -2 -3 -3 -1 -4 -4  4  2 -3  0 -1  1 -2  1  0 -1  1    5   2   0   2   0   0   6   0   0  37  17   1   1   1   7   1  10   1   1   8  0.34 0.19
  375 E    0  0  2  4 -4 -1  2  0 -2 -4 -3  0 -3 -4 -2  1  1 -5 -4 -3    7   5  13  30   0   0  12   6   0   0   3   5   0   0   1   9   9   0   0   0  0.44 0.19
  376 K   -1  0  2  4 -4  1  3 -2 -2 -4 -4  1 -3 -4 -2  0  0 -5 -4 -4    5   5   8  27   0   5  23   2   0   0   1  10   0   0   1   6   7   0   0   0  0.51 0.21
  377 M    1 -2  0 -1  0 -1 -1 -1 -2 -1  0  1  0  0  1  1  0  5 -1 -1   13   0   6   3   2   2   2   3   0   3  14  10   1   5   7  11   4  10   0   2  0.16 0.12
  378 E   -2  0  3  2 -4  0  3 -3  0 -2 -2  2 -3 -3 -2  0  1 -3 -3 -2    1   4  21  11   0   3  21   0   1   3   4  15   0   1   1   3   9   0   0   3  0.36 0.19
  379 V   -2 -4 -4 -5  0 -4 -4 -5 -4  3  2 -4  0  1 -3 -2  1 -3  2  4    0   0   0   0   2   0   0   0   0  20  20   0   1   4   1   2  10   0   7  32  0.53 0.24
  380 V    0  0 -4 -4 -3 -3 -3 -3 -4  0  0 -2 -1 -1  1 -2  2 -4 -3  5    5   5   0   0   0   0   1   2   0   2   6   2   1   2   7   1  12   0   0  54  0.57 0.29
  381 T    0 -2 -2 -2  1 -2 -2 -3 -3  0 -3 -1 -3 -1 -1  2  5 -4 -3  0    7   1   1   1   3   1   2   0   0   4   1   3   0   3   3  15  49   0   0   6  0.60 0.30
  382 D    1  0  3  2 -4  2  3  0 -1 -4 -4  3 -3 -4 -3 -1 -2 -4 -3 -3   13   4  16  10   0   8  18   8   0   0   1  19   0   0   0   1   1   0   0   2  0.41 0.21
  383 K   -1  5  4 -2 -2 -1  0 -3 -2 -5 -3  3 -3 -2 -1 -1 -2 -5 -4 -4    4  39  24   0   1   0   5   1   0   0   2  16   0   2   3   3   0   0   0   0  0.78 0.32
  384 K    1 -1 -1  0 -4  3  2 -2  0 -4 -4  4 -3 -5  2 -1  0 -5 -4 -2   13   0   2   5   0  17  14   2   2   0   0  29   0   0   8   2   4   0   0   2  0.48 0.24
  385 P   -1 -4 -2  0 -4 -3  1 -3 -4  0  1 -3 -2  1  6 -3 -2 -1 -3  0    6   0   1   7   0   0   8   1   0   7  13   0   0   8  41   0   1   1   0   5  0.74 0.28
  386 T   -1 -3  0  0  0 -3 -2 -2 -3  0  1 -3 -2 -3  2  3  4 -4 -4 -2    1   0   4   6   2   0   0   1   0   5  14   0   0   0  11  25  31   0   0   0  0.47 0.27
  387 D    1 -2 -1  3 -5  1  3 -3 -2 -4 -4  0 -4 -5  5 -1 -3 -5 -4 -3   11   2   1  19   0   5  24   0   1   0   1   5   0   0  28   3   0   0   0   1  0.75 0.30
  388 E    1  1  1  2 -4  4  4 -2  0 -4 -4  1 -3 -5 -3 -1 -2 -4 -3 -3   12   7   5   9   0  23  28   2   2   0   0   7   0   0   0   2   1   0   0   1  0.57 0.26
  389 E    4 -3 -1 -1 -4  1  5 -2 -3 -3 -4 -1 -3 -5 -3  0  0 -5 -4 -2   34   0   2   1   0   5  43   1   0   1   1   1   0   0   0   5   4   0   0   1  0.76 0.34
  390 M    1  1 -2 -3 -3  0 -2 -3 -2  1  2  3  1 -2 -3 -2 -1  0  0  0   15   7   1   0   0   5   1   0   0  10  22  23   5   0   0   0   2   1   4   6  0.22 0.17
  391 R   -1  5 -1  2 -5  0  2 -4  0 -1 -3  3 -3 -4 -3 -1 -1 -5 -2 -3    4  33   1  11   0   3  16   0   1   5   1  19   0   0   0   3   2   0   1   0  0.57 0.26
  392 D   -1 -4  0  8 -6 -3 -1 -4 -4 -6 -6 -4 -6 -6 -4 -3 -2 -7 -6 -6    5   0   3  86   0   0   1   0   0   0   0   0   0   0   0   0   3   0   0   0  2.00 0.57
  393 M   -2 -4 -6 -6 -4 -4 -5 -6 -5  0  6 -5  5 -2 -5 -5 -4 -4 -3 -1    3   0   0   0   0   0   0   0   0   2  79   0  14   0   0   0   0   0   0   1  1.35 0.45
  394 I   -1  0 -3 -2 -2 -1 -1 -4 -4  3  4  0  1 -2 -4 -3 -1 -4 -3  1    3   6   1   1   0   2   4   0   0  22  43   5   3   0   0   0   3   0   0   6  0.41 0.21
  395 F   -3 -5 -5 -6 -4 -5 -5 -6 -4  4  1 -5 -1  7 -5 -4 -3 -3 -1  2    2   0   0   0   0   0   0   0   0  27  11   0   0  47   0   0   0   0   0  12  1.15 0.39
  396 G    5 -4 -2 -4  1 -3 -3  3 -4 -4 -4 -3 -4 -5 -3  2 -1 -5 -4 -3   61   0   1   0   3   0   0  18   0   0   0   0   0   0   0  13   3   0   0   0  0.96 0.39
  397 M   -3 -5 -6 -6 -4 -4 -5 -6 -5 -3  4 -5  4 -1 -6 -3  0 10  0 -3    1   0   0   0   0   0   0   0   0   0  36   0  11   2   0   1   7  40   1   0  1.71 0.50
  398 K    1  1 -3 -4 -3 -1 -3 -4 -2  5  0  2 -1 -1 -4 -2 -2 -4 -1  0   13   7   0   0   0   2   1   0   1  45   8  16   0   1   0   1   0   0   2   3  0.49 0.27
  399 V    1 -4 -4 -4 -2 -4 -4 -4 -4  1 -2 -4 -2 -1 -4 -1  4 -1 -3  5   13   0   0   0   0   0   0   0   0   7   0   0   0   2   0   1  32   1   0  43  0.77 0.35
  400 V    0 -3 -2 -3  2 -2  3 -4 -4  0  4 -3  0 -2 -4 -2 -1 -4 -3  2   10   0   2   0   4   0  21   0   0   1  43   0   1   0   0   1   3   0   0  14  0.44 0.25
  401 K    0  2 -2 -3 -5  1  0 -4  0 -2 -4  6 -2 -5 -3 -1 -1 -5 -4 -4   10   9   0   0   0   4   5   0   2   3   0  61   1   0   0   4   2   0   0   0  0.93 0.37
  402 Y   -1 -4 -1 -3 -5 -3 -4  3  4 -4 -3 -4 -4  2 -5 -3 -4 -1  7 -4    6   0   2   1   0   0   0  21  11   0   1   0   0   5   0   1   0   0  51   0  1.21 0.40
  403 V   -1 -4 -4 -4 -3 -4 -4 -5 -5  0 -2 -4 -2 -4 -4 -2  5 -5 -4  5    3   0   0   0   0   0   0   0   0   1   0   0   0   0   0   0  49   0   0  46  1.16 0.43
  404 K   -3  1 -2 -3 -5  6 -1 -4 -3 -5 -4  4 -3 -5 -4 -1  3 -5 -4 -4    0   5   0   0   0  47   0   0   0   0   0  28   0   0   0   1  19   0   0   0  1.14 0.42
  405 S   -2 -4 -2 -1 -4 -3 -3 -3 -4 -5 -6 -3 -4 -5 -4  7 -1 -6 -2 -5    0   0   0   2   0   0   0   0   0   0   0   0   0   0   0  97   0   0   1   0  1.80 0.59
  406 N   -5 -4  9 -2 -6 -3 -3 -2 -2 -7 -7 -3 -5 -6 -5 -2 -3 -7 -5 -6    0   0  98   0   0   0   0   2   0   0   0   0   0   0   0   0   0   0   0   0  2.49 0.65
  407 A    3 -3 -1 -3 -3 -1 -3 -1 -3 -5 -5 -3 -4 -5 -3  6 -1 -5 -4 -4   25   0   2   0   0   2   0   3   0   0   0   0   0   0   0  67   0   0   0   0  1.13 0.43
  408 I   -2 -5 -5 -6 -3 -5 -5 -6 -6  4 -1 -5  0 -3 -5 -4 -3 -5 -4  6    2   0   0   0   0   0   0   0   0  27   2   0   1   0   0   0   0   0   0  67  1.28 0.41
  409 V    0 -5 -5 -5  8 -5 -5 -3 -5  3  1 -5 -2 -3 -5 -3 -3 -5 -4  3    7   0   0   0  37   0   0   2   0  19  11   0   0   0   0   1   0   0   0  24  1.07 0.34
  410 V   -3 -4 -5 -6 -4 -4 -5 -3 -2  1  0 -5  0  4 -5 -4 -4 -1  8  0    1   0   0   0   0   0   0   3   0   7  10   0   2  18   0   0   0   0  55   5  1.34 0.41
  411 V    4 -4 -4 -4  0 -4 -4 -2 -4  0 -2 -4 -2 -3 -4 -2  0 -5 -4  5   39   0   0   0   2   0   0   1   0   3   1   0   0   0   0   1   6   0   0  47  0.79 0.33
  412 K   -2  2  0 -3 -4 -1 -2 -1  1 -4 -1  6 -2 -2 -3 -2 -1 -4  0 -3    1  11   3   0   0   1   0   4   4   0   6  60   1   1   0   2   2   0   3   1  0.80 0.33
  413 N   -1 -1  3  6 -5 -2  0  1  0 -5 -6 -2 -5 -6 -2 -2 -2 -6 -5 -5    5   2  16  60   0   0   3   9   2   0   0   0   0   0   2   0   1   0   0   0  1.14 0.37
  414 G   -2 -3  1 -2 -3 -4 -2  7  0 -6 -5 -2 -5 -6 -5 -3 -4 -5 -5 -6    0   1   5   2   1   0   3  82   2   0   1   2   0   0   0   0   0   0   0   0  1.58 0.44
  415 A    2  0 -3 -3  3  6 -2 -4 -3 -3 -3 -2  3 -4 -4 -2 -1 -4 -4  1   19   4   0   0   7  47   0   0   0   0   0   0   9   0   0   0   2   0   0  11  0.85 0.38
  416 A    3 -4 -3 -4  2 -3 -3 -3 -4 -1 -3 -3  1 -4 -3 -1  5 -5 -4  1   27   0   0   0   5   0   0   0   0   3   0   0   3   0   0   1  52   0   0   9  0.85 0.36
  417 V   -3 -5 -5 -5 -3 -4 -5 -5 -5  6  1 -4  1 -2 -5 -4  1 -5 -3  4    0   0   0   0   0   0   0   0   0  48   8   0   2   0   0   0   8   0   0  34  0.99 0.34
  418 G    1  0 -3 -3 -5 -4 -4  7 -4 -6 -6 -3 -5 -6 -4  0 -4 -5 -5 -5   10   5   0   1   0   0   0  80   0   0   0   0   0   0   0   5   0   0   0   0  1.56 0.43
  419 I   -3 -5 -5 -6 -2 -5 -5 -6 -5  6  1 -5  2 -2 -5 -4 -3 -5 -3  4    0   0   0   0   1   0   0   0   0  62   9   0   4   0   0   0   0   0   0  25  1.20 0.38
  420 G    0 -5 -3 -4 -5 -5 -5  7 -5 -7 -6 -4 -5 -6 -5 -3 -4 -5 -6 -6    5   0   0   0   0   0   0  95   0   0   0   0   0   0   0   0   0   0   0   0  2.13 0.53
  421 G    5 -3 -3 -4 -1 -3 -2  1 -4 -3 -3 -3  2 -4 -1  0  3 -5 -4 -2   56   1   0   0   1   0   1   9   0   0   0   0   5   0   3   4  21   0   0   0  0.75 0.34
  422 G   -2 -5 -2 -1 -5 -4 -5  7 -5 -6 -6 -4 -5 -6 -5 -2 -4 -1 -6 -6    1   0   1   3   0   0   0  91   0   0   0   0   0   0   0   2   0   1   0   0  1.94 0.50
  423 Q   -4 -2 -2 -2 -6  7  4 -5 -2 -6 -5  1  0 -6 -4 -3 -3 -5 -4 -5    0   0   0   0   0  66  24   0   0   0   0   8   2   0   0   0   0   0   0   0  1.60 0.52
  424 V    0 -1 -3 -3 -5  7 -1 -4 -3 -4 -3 -1  3 -5  1 -2  0 -5 -4  0    8   1   0   1   0  59   0   0   0   0   0   2  10   0   7   0   4   0   0   7  1.07 0.43
  425 N   -2 -3  3  5 -4 -2 -1 -3 -3 -5 -5 -3 -4 -5 -4  5 -2 -6 -5 -5    1   0  12  33   0   0   1   0   0   0   1   0   0   0   0  53   0   0   0   0  1.12 0.42
  426 R   -4  8  0 -2 -3 -2 -2 -5 -3 -2 -3 -1 -4 -5 -5 -3 -3 -6 -5 -4    0  86   4   2   1   0   1   0   0   3   2   0   0   0   0   0   1   0   0   1  1.79 0.53
  427 I   -2 -4 -4 -5 -3 -4 -4 -5 -5  4 -1 -1 -1 -2 -5 -4 -2  6 -3  5    2   0   0   0   0   0   0   0   0  31   1   5   0   1   0   0   0  13   0  46  1.03 0.36
  428 W   -3 -2 -1  3 -1 -3 -3  3  7 -5 -5 -3 -2 -2 -4 -3 -4  7  1 -5    1   2   1  17   1   0   0  24  30   0   0   0   1   1   0   0   0  17   5   0  1.10 0.36
  429 P    0 -4 -4 -4  8 -2 -2 -4 -4 -1 -3 -4 -2 -4  3  2 -2 -5 -4  1    9   0   0   0  39   2   2   0   0   3   0   0   1   0  13  20   0   0   0  12  1.03 0.36
  430 A    3 -3 -3 -3  1 -3 -1 -3 -4 -1 -2 -3 -2  2 -2 -1  4 -2 -2  1   33   0   0   1   3   0   3   0   0   3   1   0   0   9   1   1  34   0   0  11  0.51 0.28
  431 K   -4  4 -3 -2 -6  1  2 -5 -3 -5 -2  5 -1 -5 -4 -2  0 -5 -4 -5    0  26   0   1   0   5  13   0   0   0   5  41   1   0   0   1   6   0   0   0  0.95 0.48
  432 D    0  0 -2  1 -3 -1  2 -3 -1  2  2  1  0 -1 -2 -1  0 -4 -3  0    7   6   1   7   0   2  14   0   2  16  24   8   1   2   1   3   5   0   0   3  0.15 0.17
  433 A    5 -1  0 -2 -4 -3  1  0 -1 -4 -3 -2  0 -1 -4 -1 -1 -5 -4 -3   56   4   4   2   0   0  11   8   1   0   2   1   3   3   0   2   3   0   0   0  0.66 0.42
  434 M    0 -1 -4 -4 -1 -3 -4  2 -4  3  1 -2  1  1 -4 -3  0  6 -1  1   10   3   0   0   1   0   0  16   0  21  13   3   3   5   0   0   5  13   1   7  0.40 0.26
  435 E   -1  1  0  2 -3  0  2 -1  2  0  0  1  0 -1 -3 -1  0  1 -1 -1    2   7   4  11   0   3  14   4   6   5  12  11   3   2   0   3   5   2   1   4  0.10 0.11
  436 R   -1  4 -1  1 -5  0 -1 -2  1 -5 -2  5 -4 -5 -4  0 -1 -5 -4 -4    3  24   3   7   0   3   3   3   3   0   3  42   0   0   0   5   2   0   0   0  0.77 0.41
  437 G    4 -1 -1 -1 -3  1 -2  0 -3 -4 -2  2 -3 -2  0 -1 -1 -5 -2 -1   48   2   3   3   0   8   0   5   0   0   2  13   0   2   5   3   2   0   1   3  0.49 0.35
  438 K    0 -2  1  3 -3  1  0 -2 -2 -1  0  0  0  0 -3 -2  0 -3  3 -1    9   1   7  21   0   7   4   2   0   3  11   7   2   3   0   0   6   0  11   5  0.19 0.19
  439 G   -1  2  1  1 -4  1  0  0 -2 -1 -3  2 -3 -4  0  0  2  1 -3 -2    3  14   8   9   0   7   4   7   0   5   1  14   0   0   5   4  16   3   0   1  0.24 0.20
  440 A   -1 -5 -1  2 -5 -2 -1  6 -5 -6 -3 -2 -5 -5 -5 -3 -4  7 -4 -6    4   0   3  11   0   2   4  55   0   0   3   2   0   0   0   0   0  16   0   0  1.29 0.54
  441 A    1 -2 -2 -4  0 -2 -2 -3  1 -1 -1 -3 -2  3 -4  1  0  6  2  3   12   1   1   0   2   1   2   0   5   0   2   0   0  14   0  13   4  12   7  24  0.42 0.25
  442 V    1 -3 -4 -4  0 -3 -4 -3 -4  1  3 -3  1 -2 -4  0  0 -4 -2  3   12   1   0   0   2   0   0   1   0   5  37   0   2   0   0   7   4   0   1  28  0.46 0.25
  443 L    0  5 -4 -5 -1 -1 -3 -5 -3 -1  3 -2  4 -3 -4 -3 -3 -4 -4  0    7  38   0   0   1   3   0   0   0   1  31   0  13   0   0   0   0   0   0   6  0.75 0.36
  444 A    2 -1 -3 -3 -4  5 -2  2 -1 -1 -1 -2 -2 -2 -3  0 -2 -4 -3  0   23   2   0   0   0  31   0  19   1   3   5   0   0   1   0   5   1   0   0   9  0.48 0.30
  445 S    1 -3 -1 -3  0 -3 -3 -3  6 -5 -5 -3 -4 -5 -4  6  0 -6 -3 -4    8   0   2   0   2   0   0   0  19   0   0   0   0   0   0  66   3   0   0   0  1.30 0.53
  446 D   -4 -4 -1  7 -6 -3  1 -4 -4 -6 -6 -2 -6 -6  5 -2 -4 -7 -6 -6    0   0   1  60   0   0   8   0   0   0   0   2   0   0  27   2   0   0   0   0  1.61 0.53
  447 A    4 -1 -2 -3 -2  1 -2  2 -3 -2 -4  2 -2 -4 -3  0 -2 -4 -2 -3   45   3   1   0   1   8   0  18   0   2   0  17   1   0   0   4   1   0   1   0  0.60 0.32
  448 F   -1 -5 -5 -6 -4 -5 -5 -5 -4 -2 -2 -5  0  7 -6 -4 -2 -3  1  4    6   0   0   0   0   0   0   0   0   0   0   0   2  57   0   0   3   0   2  29  1.39 0.49
  449 F   -4 -5 -6 -6 -4 -5 -2 -6 -4 -1  4 -5  1  7 -6 -5 -4  1 -1 -2    0   0   0   0   0   0   3   0   0   2  37   0   3  52   0   0   0   1   0   0  1.36 0.47
  450 P   -2 -3 -5 -3 -6 -1 -3 -5 -5 -6 -4  0 -2 -7  8 -2 -3 -7 -6 -5    2   1   0   1   0   3   1   0   0   0   2   5   1   0  82   2   1   0   0   0  2.31 0.65
  451 F   -6 -6 -6 -7 -6 -6 -7 -7 -5 -1 -2 -6  0  9 -7 -6 -5  2  0 -4    0   0   0   0   0   0   0   0   0   3   1   0   2  91   0   0   0   2   0   0  2.53 0.70
  452 G    0  4 -1 -3 -4 -1 -2  1  0 -2 -2  2 -3 -3  2  0  0 -4 -3  0    6  29   1   0   0   1   0  14   2   1   3  15   0   1   9   5   6   0   0   7  0.37 0.22
  453 D   -3 -2 -1  7 -6 -1  2 -4 -3 -6 -5 -1 -5 -6  0 -2 -3 -7 -5 -6    2   2   1  70   0   2  14   0   0   0   0   3   0   0   4   2   0   0   0   0  1.48 0.50
  454 I   -1 -3  4  2  0 -2 -2  4 -3 -4 -5 -1 -4 -5 -4  1 -1 -5 -4 -3    3   0  24  11   2   1   1  40   0   1   0   4   0   0   0  11   2   0   0   1  0.74 0.31
  455 V   -2 -5 -5 -5 -3 -4 -2 -5 -5  5  2 -4  0 -2 -5 -4 -1 -5 -3  4    2   0   0   0   0   0   4   0   0  45  17   0   1   0   0   0   2   0   0  29  0.89 0.35
  456 E   -3  3 -1  4 -5  0  3 -1 -2 -4 -3  2 -3 -4 -2  0 -2 -5 -2 -3    0  15   0  24   0   3  25   3   0   0   3  14   0   0   1   7   1   0   1   1  0.56 0.27
  457 E    0  6 -2 -4 -1 -1  0 -4  1 -1 -1  0 -3 -4 -4 -3 -2 -4  0  0    8  52   1   0   2   1   5   0   3   3   7   3   0   0   0   0   2   0   3   9  0.69 0.33
  458 A    5 -4 -2 -4  2 -3 -3  0 -4 -2 -1 -3 -3 -4  2 -1 -2 -5 -4  0   65   0   1   0   5   0   0   5   0   1   6   0   0   0   9   2   1   0   0   5  0.84 0.39
  459 H    1 -1  0  3 -2 -1  1 -1  4  0 -2 -1 -1 -1 -3  0 -1 -4  0 -2   18   3   3  21   1   0   8   2  14  10   3   4   1   2   0   5   1   0   3   1  0.23 0.18
  460 K    0  5 -1  0 -5  2  1 -3 -2 -3 -2  3 -3 -5 -3 -2 -2 -5 -4 -4   10  37   1   5   0   9   6   1   0   1   4  23   0   0   0   1   1   0   0   0  0.66 0.31
  461 N    2 -2  0  4 -3  2  0 -3  2 -4 -4 -2 -3 -2 -3  3 -1 -4  0 -2   17   0   3  25   0  10   4   0   5   0   0   0   0   2   0  24   2   0   4   3  0.46 0.27
  462 G   -3 -4  5 -3 -5 -4 -4  6 -4 -6 -6 -2 -5 -6 -5 -3 -2 -1 -5 -6    0   0  32   0   0   0   0  64   0   0   0   2   0   0   0   0   1   1   0   0  1.56 0.51
  463 I    0 -5 -5 -5 -3 -4 -5 -5 -5  3 -1 -4 -2 -2 -5 -4 -2 -5 -3  6    9   0   0   0   0   0   0   0   0  16   2   0   0   1   0   0   0   0   0  70  1.19 0.44
  464 K   -1  2 -1 -2 -2  2  1 -3 -2 -2 -4  4 -3 -4 -3  2  3 -4 -3 -3    4  11   0   1   1   8   7   0   0   2   0  29   0   0   0  15  21   0   0   0  0.51 0.27
  465 A    3 -4 -4 -2  2 -3 -3 -2  1 -2 -3 -3 -3  1 -4 -1 -1  1  7 -2   32   0   0   3   5   0   0   2   2   2   0   0   0   5   0   3   2   1  43   1  0.90 0.36
  466 I   -3 -5 -5 -6 -3 -5 -5 -6 -6  6  1 -5 -1 -2 -5 -4 -3 -5 -3  4    0   0   0   0   0   0   0   0   0  58   8   0   0   0   0   0   0   0   0  34  1.25 0.40
  467 I    5 -4 -4 -2  0 -3 -3 -2 -4  2 -1 -3 -1 -3 -3 -2 -2 -5 -3  3   54   0   0   3   2   0   0   0   0  13   5   0   1   0   0   0   0   0   0  22  0.67 0.32
  468 Q    0 -2 -3 -3  0  7  2 -4  3 -3 -5 -2 -3 -5 -4 -2 -3 -5 -4 -4    9   0   0   0   3  66  14   0   6   2   0   0   0   0   0   1   0   0   0   0  1.36 0.49
  469 P    2 -4 -2 -2 -4 -3 -3 -4 -4 -5 -5 -3 -4 -5  8  1 -1 -6 -5 -3   15   0   2   2   0   0   0   0   0   0   0   0   0   0  68   9   2   0   0   1  1.74 0.46
  470 G   -1 -4 -3 -4 -5 -4 -4  7 -4 -5 -3 -2 -4 -5 -4 -2 -2 -5 -5 -5    2   0   0   0   0   0   0  88   0   0   3   2   0   0   0   1   2   0   0   0  1.73 0.47
  471 G   -2 -5 -1 -4 -5 -4 -4  7 -4 -5 -6 -4 -5 -5 -4 -1 -4 -5 -5 -3    1   0   2   0   0   0   0  89   0   0   0   0   0   0   0   3   0   0   0   3  1.82 0.48
  472 S   -1 -4 -2 -3 -4 -3 -3 -3 -4 -5 -5 -3 -4 -1 -4  7 -1 -6 -4 -5    1   0   0   0   0   0   0   0   0   0   0   0   0   3   0  96   0   0   0   0  1.76 0.60
  473 I   -1 -3 -2 -3 -3 -1 -3 -4 -4  4  2 -2  3 -2 -4 -3  0 -4 -3  3    4   0   2   1   0   3   1   0   0  36  16   3   8   0   0   0   4   0   0  23  0.49 0.22
  474 R   -2  7  1 -4 -5  0 -2 -3 -3 -5 -4  1 -1 -5 -4 -3 -3 -5 -4 -5    3  79   7   0   0   2   0   2   0   0   0   4   2   0   0   0   0   0   0   0  1.56 0.48
  475 D   -4 -4 -1  8 -6 -3 -1 -4 -4 -5 -6 -3 -5 -6 -4  0 -2 -6 -5 -5    0   0   0  88   0   0   0   0   0   0   0   0   0   0   0   7   2   0   0   0  1.99 0.54
  476 Q    0 -2 -1  5 -4  1  2 -1  1 -4 -4 -1 -3 -1 -1 -1 -1  0 -1 -3    9   1   1  41   0   8  15   3   4   0   1   3   0   3   2   2   4   2   2   0  0.55 0.23
  477 E    0 -2  3  2 -4  2  4 -2  3 -1 -2 -1 -3 -4 -3 -1 -2 -4 -3 -2    8   0  14  11   0   9  37   1   7   4   4   1   0   0   0   1   0   0   0   2  0.51 0.24
  478 S   -2 -4 -1 -5 -1 -4 -4 -5 -5  1 -2 -4 -2 -3 -4  1 -1 -5 -3  6    0   0   3   0   1   0   0   0   0   4   0   0   0   0   0  10   2   0   0  78  1.14 0.42
  479 I   -2 -3 -5 -5 -3 -4 -5 -5 -5  7  0 -3 -1 -1 -5 -4 -1 -5 -3  2    2   1   0   0   0   0   0   0   0  77   3   1   0   2   0   0   3   0   0   9  1.25 0.41
  480 D    1 -2 -1  3 -4  2  5 -3 -2 -4 -4  1 -2 -5 -3  0 -2 -5 -4 -2   16   0   1  16   0   9  40   0   0   0   0   8   1   0   0   4   1   0   0   3  0.63 0.28
  481 G    4 -1 -3 -3  2 -2 -2 -2 -3 -2 -3 -1  0 -2 -3  0  4 -4 -3 -1   49   4   0   0   4   0   1   1   0   1   0   2   2   2   0   3  27   0   0   4  0.63 0.31
  482 C    4 -5 -5 -5 10 -5 -5 -4 -5 -4 -3 -5 -4 -5 -5 -1 -2 -5 -5 -1   37   0   0   0  57   0   0   0   0   0   1   0   0   0   0   2   1   0   0   3  1.92 0.53
  483 N   -2 -1  6  5 -5  0 -1 -3  1 -5 -6 -1 -5 -5 -4 -2 -3 -6 -4 -5    3   2  46  36   0   3   2   0   4   0   0   4   0   0   0   0   0   0   0   0  1.22 0.41
  484 K    0  0 -1  0 -5  1  5 -2 -2 -5 -4  4 -3 -5 -3 -1 -2 -5 -4 -4    7   3   2   3   0   6  40   2   0   0   0  35   0   0   0   2   1   0   0   0  0.77 0.29
  485 Y    1 -2 -2 -4  0 -1 -3 -4  5 -3 -1 -1 -3  1 -4 -1 -3 -1  7 -3   14   1   1   0   2   2   0   0  15   0   6   4   0   2   0   4   0   0  48   0  0.96 0.34
  486 G   -2 -1  3  2 -5  2 -1  5 -2 -5 -5 -1 -4 -5 -4 -1 -3 -5 -4 -5    0   2  17  13   0  10   2  53   0   0   0   2   0   0   0   1   0   0   0   0  0.92 0.30
  487 I   -1 -4 -5 -5 -3 -4 -5 -5 -5  5  0 -4  7 -2 -5 -4 -3 -4 -3  3    4   0   0   0   0   0   0   0   0  40   3   0  34   0   0   0   0   0   0  18  1.07 0.36
  488 S    4 -3 -3 -2 -2 -3 -3 -3 -4  0 -2 -3 -2 -2 -3  0  3 -4 -3  3   45   0   0   2   0   0   0   0   0   2   0   0   0   1   0   3  25   0   0  22  0.62 0.29
  489 M   -3 -2 -5 -6 -4 -3 -5 -6 -1 -2  1 -4 10  1 -5 -3 -3 -4 -2 -2    1   2   0   0   0   0   0   0   2   0   9   0  78   7   0   1   1   0   1   0  1.91 0.55
  490 V    3 -3 -3 -4  2 -3 -3 -3 -3  1 -1 -2  0 -1 -3  0 -1 -3  2  3   38   0   0   0   4   0   0   0   0   8   1   1   2   2   0   4   3   0   7  29  0.43 0.23
  491 M   -2 -4 -4 -4 -2 -2 -1 -5  3 -2 -1 -1  3  7 -5 -3 -3 -2  2 -3    3   0   0   0   1   1   5   0   9   0   3   3   7  61   0   1   1   0   6   0  1.13 0.36
  492 T   -1 -3  0 -2 -1 -1 -3 -4 -4 -2 -4 -3 -3 -5 -3  2  7 -5 -4 -2    3   0   3   2   1   2   0   0   0   1   0   0   0   0   0  13  74   0   0   0  1.20 0.43
  493 G   -2 -4  1 -2 -5 -3 -3  6  3 -5 -5 -2 -4 -5  1 -1 -3 -5 -4 -3    0   0   7   1   0   0   0  70   8   0   0   2   0   0   6   3   0   0   0   2  1.21 0.35
  494 I   -2 -2 -2 -3 -3  2 -2 -4 -3  4  2 -2  3 -1 -2 -2  0 -3 -2  2    1   1   1   0   0  14   2   0   0  33  18   1   8   1   2   2   4   0   1  12  0.37 0.19
  495 R   -4  8 -3 -4 -6 -2 -3 -5 -3 -6 -5  0 -4 -6 -5 -4 -4 -6 -5 -5    0 100   0   0   0   0   0   0   0   0   0   0   0   0   0   0   0   0   0   0  2.36 0.60
  496 H   -2 -3 -2 -4 -2 -3 -4 -4  4  0  5 -4  0 -2 -4  1 -2 -4 -2  0    2   0   1   0   1   0   0   0  15   1  64   0   0   0   0  12   0   0   0   4  0.76 0.31
  497 F   -5 -6 -6 -7 -5 -6 -6 -6 -4 -3 -2 -6 -3  9 -7 -5 -5 -2  0 -4    0   0   0   0   0   0   0   0   0   0   0   0   0 100   0   0   0   0   0   0  2.65 0.61
  498 K   -3  3 -2 -4 -5 -2 -2 -4  9 -5 -2  2 -3 -3 -4 -2 -4 -5  0 -5    1  15   0   0   0   0   0   0  60   0   5  16   0   1   0   2   0   0   1   0  1.53 0.45
  499 H   -5 -3 -3 -4 -6 -3 -3 -5 11 -7 -6 -4 -5 -4 -5 -4 -5 -6 -1 -6    0   0   0   0   0   0   0   0 100   0   0   0   0   0   0   0   0   0   0   0  3.32 0.73

                      K         Lambda
Standard Ungapped    0.1370     0.3176
Standard Gapped      0.0410     0.2670
PSI Ungapped         0.1677     0.3176
PSI Gapped           0.0513     0.2670
