
Last position-specific scoring matrix computed, weighted observed percentages rounded down, information per position, and relative weight of gapless real matches to pseudocounts
           A  R  N  D  C  Q  E  G  H  I  L  K  M  F  P  S  T  W  Y  V   A   R   N   D   C   Q   E   G   H   I   L   K   M   F   P   S   T   W   Y   V
    1 M   -2 -2 -3 -4 -2 -1 -3 -3 -2  1  1 -2  7  3 -3 -2 -1 -2  0  0    0   0   0   0   0   0   0   0   0   0   0   0  85  15   0   0   0   0   0   0  0.68 0.11
    2 K   -1  4 -1 -1 -4  3  2 -2 -1 -3 -3  4 -2 -4 -2 -1 -1 -3 -2 -3    0  27   0   0   0  23  13   0   0   0   0  37   0   0   0   0   0   0   0   0  0.55 0.06
    3 Y   -2 -2 -2 -3 -3 -1  0 -4  4 -2 -2 -2 -2  2 -3 -2 -2  1  8 -2    0   0   0   0   0   0   9   0  13   0   0   0   0   0   0   0   0   0  78   0  1.05 0.15
    4 Y    1 -2 -2 -3 -2 -2 -2 -3  0 -2  0 -2 -1  1  2  0 -2  0  6 -1   18   0   0   0   0   0   0   0   0   0   9   0   0   0  12   5   0   0  56   0  0.58 0.11
    5 K    0  2  0  2 -3  2  0  1 -1 -3 -3  2 -2 -3 -2  1  0 -3 -2 -2    6  17   0  15   0  11   0  12   0   0   0  19   0   0   0  14   5   0   0   0  0.28 0.05
    6 W    0  1 -2 -3 -3 -1 -1 -3 -1  0 -1 -1 -1  3 -3  0 -1  7  4 -1   11  11   0   0   0   0   5   0   0   8   0   0   0  16   0  10   0  21  17   0  0.47 0.08
    7 T    0  0 -1 -2 -2  0  0  2 -2 -1  0 -1 -1 -2 -2  0  3 -3 -2  0    8   8   0   0   0   4   4  23   0   0   9   0   0   0   0   4  30   0   0  10  0.18 0.06
    8 Q   -1  1 -1  1 -3  2  4  1 -1 -3 -2  0  0  1  1 -1 -1 -2 -1 -2    1  10   0   4   0  10  39  14   0   0   1   0   3  10   7   1   0   0   0   0  0.30 0.07
    9 K    0  1  1  1 -3  2  0 -2 -1 -3 -3  2 -2 -3  1  1  2 -3 -2 -2    6   7   5  11   0   9   3   0   0   0   0  21   0   0   5  15  17   0   0   0  0.28 0.07
   10 G    0  1 -1 -1 -2 -1 -1  2 -2 -3 -3 -1 -2 -2  2  3  2 -3  0 -2    3   8   0   3   0   0   0  18   0   0   0   0   0   0  12  30  20   0   5   0  0.33 0.09
   11 E   -1 -1 -1  2 -3  1  5 -2 -1 -2 -2  0  2 -2 -1  0 -1 -2 -2 -2    2   1   1  12   0   1  56   2   0   1   2   1   9   1   1   6   1   0   1   1  0.47 0.10
   12 G   -1  1 -1 -2 -3 -2 -1  5 -2 -3 -2 -1 -2 -3 -2 -1 -2 -3 -3 -1    1   9   0   0   0   0   6  68   0   0   6   0   0   0   0   1   0   0   0   5  0.70 0.12
   13 R   -2  6 -1 -2 -4  0 -1 -3 -1 -4 -3  3 -2 -4 -3 -1  0 -3 -3 -3    1  75   0   0   0   0   0   1   0   0   1  14   0   0   0   1   5   0   0   0  0.99 0.20
   14 K   -1  1 -2 -3 -2  0 -1 -3 -2  2  0  1  0  1 -2 -2  0 -2  1  2    1   9   0   0   0   5   0   1   0  17   7  15   0   6   0   1   3   0   5  30  0.15 0.07
   15 I   -2 -3 -1 -3 -2 -2 -3 -3 -2  3  1 -2  5  2 -3 -2  0 -2  2  1    1   0   4   0   0   0   0   0   0  28   7   0  27  10   0   0   7   0   7   7  0.34 0.13
   16 G    1 -1 -1  0 -2 -1 -2  4 -2 -2 -2 -1 -2  0  1  0  1 -3 -2 -1   11   3   0   5   0   3   1  39   0   0   1   0   0   6   6   6  13   0   0   4  0.33 0.10
   17 K    0  1  1  2 -2  0  0 -2 -1 -1 -2  1 -1 -3  0  0 -1 -3 -2  2    7  12   8  15   0   3   6   1   0   0   1  13   0   0   3   6   0   0   0  25  0.15 0.08
   18 I    1 -2 -2 -2 -2  0  0 -2 -2  2  1 -2  2 -2 -2  0  2 -3 -2  0   17   0   0   0   0   5   5   0   0  18  17   0   8   0   0   7  20   0   0   0  0.17 0.10
   19 G    0 -2 -1 -1 -3 -2  0  5 -2 -4 -4  1 -3 -4 -3  0 -1 -3 -3 -2    6   0   0   3   0   0   7  59   0   0   1  12   0   0   0   5   3   0   0   3  0.70 0.17
   20 D   -2 -1  2  4 -4  0  2  0 -2 -1 -2  1 -3 -4  0  1 -1 -4 -3 -3    0   0  11  35   0   2  14   5   0   5   3  11   0   0   3   9   3   0   0   0  0.43 0.14
   21 Y   -2  0 -2  0 -4 -1 -2 -2  4 -2 -1 -1  1  1 -4 -3 -3  7  6 -2    2   4   0   7   0   3   0   2  12   2   6   2   5   4   0   0   0  15  33   2  0.67 0.21
   22 C    0 -1 -1  3  4 -2 -1 -2 -3  0 -2 -1 -2 -1  3  0  1 -4 -3  1    9   3   0  23  14   0   2   0   0   4   0   2   0   2  13   4   8   0   0  15  0.29 0.13
   23 L   -2 -1 -3 -3 -2  0  0 -4 -1  1  3 -2  2  0  0 -1 -1 -2  1  1    0   2   0   0   0   3  10   0   2   9  40   0   7   2   4   4   2   0   5   9  0.22 0.12
   24 Y   -2  0 -3 -3 -3 -2 -1 -3  0  0 -1 -2 -2  0 -2 -2  4  5  5 -1    0   5   0   0   0   0   3   2   1   5   4   2   0   1   1   0  35  10  26   4  0.58 0.25
   25 E    0  0  0  2 -3  2  3 -3  3 -3 -2  0 -2 -3 -2  1 -1 -4 -1 -1    8   5   2  11   0   8  30   0   8   0   4   1   0   0   0  16   1   0   2   5  0.34 0.17
   26 K   -1  3  0  1 -4  0  2 -2  1 -3 -3  2 -3 -3  0  1 -1 -3  1 -3    3  23   3   9   0   2  15   1   3   1   1  18   0   0   5   9   1   0   6   0  0.35 0.16
   27 T    0 -1  1 -1 -2 -1  0  2  1 -1 -1 -1 -2 -2 -2  1  2 -3 -2 -1    6   2   8   2   0   2   8  19   4   4   5   1   0   1   0  14  22   0   0   3  0.20 0.13
   28 I   -2 -2 -1 -2 -2  0 -2 -1 -1  2  2 -1  2  1 -3 -2  0 -2  1  1    1   0   3   3   0   5   0   5   1  18  25   3   7   6   0   0   5   0   6  12  0.18 0.12
   29 T    2  0  0  0 -2 -1  0  0 -1 -1 -2  0 -1 -2  1  1  2 -3 -1  0   21   5   4   5   0   1   4   5   1   3   1   3   1   1   6  10  20   0   2   7  0.16 0.11
   30 E    0 -1 -2  1 -4  0  3  0 -1 -3 -4  0 -3 -1  4  0 -1 -3  2 -3    7   3   0   7   0   4  26   6   1   1   0   6   0   2  22   4   2   0   8   0  0.45 0.21
   31 E   -1 -2 -1  2 -4  2  3  2 -1 -3 -3  0 -3 -4 -1  1 -1 -4 -3 -1    3   1   2  11   0   9  27  16   1   1   2   4   0   0   3  10   1   0   0   7  0.32 0.18
   32 K    0  1 -1  2 -4  0  1  0  1 -3 -1  1 -1 -2  4 -1  0 -4 -3 -2    9   9   2  12   0   3   8   7   4   1   5   7   2   1  22   3   4   0   0   1  0.32 0.15
   33 C   -1  0 -2 -1  3 -1  0 -2  0  1  0 -1  0  2  0 -1 -1  4  0  1    5   5   1   2   7   1   9   3   4  11   5   3   1  10   4   4   2   7   1  15  0.09 0.09
   34 E    0 -1 -1  1 -4  1  4 -3 -1 -3 -2  1 -3 -4  4  0 -2 -4 -2 -3    7   2   2   7   0   6  29   1   1   2   4   9   0   0  23   5   1   0   1   0  0.53 0.23
   35 E    0  0  1  1 -3  1  3  0  1 -1 -2  0 -2 -2  0  0  0  1  0 -1    6   4   8   6   0   5  26   5   4   4   2   5   1   0   5   5   5   2   5   3  0.18 0.12
   36 N   -1  0  2  2 -3  0  1  0 -1 -2 -1  0 -2 -2  1  0  0 -3  0 -1    4   6  12  14   0   4  10   9   0   2   5   5   0   1   8   8   5   0   4   4  0.15 0.08
   37 K    0  0 -1  1 -3  0  2 -1  1 -1 -1  1  1 -1  0  0  0 -2  1 -1    8   5   0   8   0   3  17   4   5   2   4  12   6   1   3   6   5   0   6   4  0.11 0.08
   38 P   -1  0 -1 -1 -3  1  2 -2 -2 -2 -1  1 -1 -1  4 -1 -1 -3  0 -1    5   5   1   2   0   7  20   2   0   1   9   8   1   3  22   3   4   0   5   3  0.34 0.17
   39 N    0  1  2  2 -3  1  3 -2 -1 -2 -1  0 -2  0  0  0  1 -3 -2 -1    7   7  10  13   0   4  22   2   0   1   6   3   0   4   5   4   8   0   1   3  0.21 0.13
   40 I    0 -1 -2 -1 -2 -1  1  0  0  1  1 -1  2 -1 -1 -1 -1 -2  1  1   10   3   1   3   0   1  11   6   3  10  17   4   9   2   2   1   2   0   5  10  0.06 0.08
   41 T    0  0 -1  1 -3  0  1  0  0  0 -2  0 -2 -3  2  1  2 -3 -2 -1    8   5   1   8   0   2   9   7   2   6   3   7   0   1  12  10  15   0   0   3  0.17 0.11
   42 Q   -1  1 -1 -1 -3  3  2 -1 -2 -1  0  2 -1 -3  2 -1 -1 -3 -1 -1    4   9   2   3   0  14  14   3   0   5   9  17   1   1   9   4   2   0   3   3  0.21 0.15
   43 T   -1  0  2  0 -3  2  2  2 -1 -2 -2  1 -2 -4 -1  0  1 -4 -3 -2    3   4   9   5   0  10  15  19   1   2   3  10   0   0   3   4  10   0   1   2  0.25 0.16
   44 Y   -2  0 -1  2 -3 -1  1 -2  0  2 -1  0 -1  0  1  0  0 -3  2  0    1   5   2  16   0   1  11   3   2  17   4   5   2   3   7   5   6   0   8   4  0.12 0.12
   45 G   -2  3  0  1 -4  0  1  2 -1 -3 -4  2 -3 -2 -2  0 -1 -4 -1 -3    1  16   3   9   0   3  11  20   1   1   1  17   0   1   1   6   4   0   2   1  0.33 0.20
   46 S   -2  0  3 -1 -3 -1  2 -2  0 -1 -2 -1 -2 -3  1  1  2 -1 -2  1    1   4  14   2   0   1  19   2   2   3   4   2   0   1   6  10  18   1   1  10  0.25 0.22
   47 F   -4 -5 -4 -6 -5 -4 -5 -5  1  0  1 -5  6  5 -6 -5 -1  0  5  0    0   0   0   0   0   0   0   0   3   5  12   0  23  24   0   0   3   1  23   5  1.08 0.48
   48 K   -2 -1  1 -2 -4  1  2 -4 -3  1 -1  1 -1 -2 -3  0  3 -4 -1  2    1   3   6   1   0   7  14   0   0   9   4   7   1   1   0   6  24   0   2  15  0.28 0.25
   49 F   -4 -5 -6 -6 -2 -5 -6 -6 -6  4  4 -5  1  2 -5 -3 -4 -5 -3  3    0   0   0   0   0   0   0   0   0  24  41   0   3   8   0   2   0   0   0  21  0.97 0.44
   50 I   -2 -2  7 -2 -6 -2 -3 -3 -2 -3 -4 -4 -5  0  4  0 -1 -1 -2 -3    4   2  47   1   0   1   1   1   1   2   1   0   0   4  21   6   4   1   1   2  1.08 0.54
   51 Y   -4 -5 -6 -6 -4 -4 -5 -6 -2  2  2 -5  5  5 -6 -3 -4  0  2  2    0   0   0   0   0   0   0   0   1  13  19   0  17  27   0   2   0   1   5  13  0.93 0.44
   52 G   -4 -7 -5 -6 -7 -6 -4  8  0 -8 -8 -6 -7 -8 -7 -5 -6 -7 -7 -8    0   0   0   0   0   0   1  97   2   0   0   0   0   0   0   0   0   0   0   0  2.63 0.91
   53 P   -6 -4 -7 -6 -8 -6 -6 -7 -4 -8 -8 -6 -7 -9  9 -4 -4 -9 -8 -5    0   1   0   0   0   0   0   0   0   0   0   0   0   0  96   1   1   0   0   1  3.27 1.10
   54 S   -2 -3 -1 -4 -5  7 -2 -5  2  1 -1 -3 -2  0 -5  0 -2 -5 -3  1    3   0   3   0   0  52   0   0   5   8   5   0   0   5   0   6   2   0   1  10  1.03 0.57
   55 A   -1 -5 -4 -4 -8 -3 -5 -7 11 -8 -6 -6 -6 -3 -7 -4 -3 -7 -3 -8    6   0   0   1   0   1   0   0  88   0   0   0   0   1   0   1   1   0   0   0  3.39 1.12
   56 G   -1 -6 -6 -6 -7 -6 -5  0 -6 -4 -6 -5 -2 -8  8 -3 -5 -8 -7 -2    6   0   0   0   0   0   0   8   0   1   0   0   1   0  78   2   0   0   0   4  2.32 0.87
   57 G    4 -4 -4 -3 -2 -4 -4  3 -5 -3 -4 -4 -2 -5 -3  4 -1 -6 -4  0   38   0   0   1   1   0   0  21   0   1   0   0   1   0   1  27   2   0   0   7  0.83 0.48
   58 L    2 -3 -3 -5 -4 -3 -4 -4 -4  1  2 -4  3 -2 -4  0  4  4 -3 -1   17   1   1   0   0   1   0   0   0   9  20   0   8   1   0   7  28   6   0   1  0.56 0.37
   59 L   -4 -2 -3 -4 -5 -2  1 -4  9  0 -1  0 -4 -4  2 -3 -3 -5 -2 -4    1   2   0   1   0   1   9   1  53   7   6   6   0   0  10   1   1   0   0   0  1.48 0.60
   60 E   -3 -5 -4 -4 -6 -4  4  6 -5 -7 -7 -4 -6 -7 -5 -4 -3 -6 -6 -6    1   0   0   0   0   0  32  65   0   0   0   0   0   0   0   0   1   0   0   0  1.75 0.71
   61 T   -2 -5  0 -5 -2 -2 -4 -4  3 -1 -3 -4 -4 -4  5 -1 -1 -6 -4  5    2   0   5   0   1   2   0   1   8   2   1   0   0   1  29   4   3   0   0  41  0.99 0.51
   62 I   -2 -4 -4 -5 -3 -2 -2 -1 -1  1  4 -4  3  2 -3 -1 -2 -3  0  1    3   0   0   0   0   2   3   6   1   8  42   0   8  10   1   4   1   0   2   8  0.48 0.30
   63 K   -2  7 -1 -5 -2  1 -3 -3  4 -4 -4  0 -4 -6 -6 -2 -2 -6 -1 -6    3  62   3   0   1   5   0   2  10   1   1   5   0   0   0   3   2   0   3   0  1.40 0.63
   64 F   -3 -5 -2 -6 -1 -5 -6 -6 -5  2  4 -5  1  4 -4 -3 -4 -2 -1  1    1   0   2   0   1   0   0   0   0  10  48   0   3  21   1   2   0   0   2   7  0.90 0.44
   65 I   -2  1 -2  0 -3 -1 -1 -5  1  3  0  1  0 -2 -4 -2  0 -1 -3  3    1   8   2   5   0   1   5   0   4  22   5  12   1   1   0   1   5   1   0  25  0.33 0.26
   66 I   -2 -5 -6 -7  0 -5 -6 -6 -6  2  5 -5  1  2 -6 -5 -3 -5 -4  2    3   0   0   0   2   0   0   0   0  11  58   0   3   7   0   0   1   0   0  15  1.04 0.48
   67 T   -2  0 -1  0 -4  1  4 -4  0 -2 -2  1 -3 -1 -4  0  2 -1  0  0    2   4   2   4   0   5  31   0   2   1   3  10   0   3   0   5  16   1   3   6  0.39 0.30
   68 T   -3 -5 -5 -6  0 -1 -5 -6 -5  2  4 -5  4 -2 -4 -3  2 -5 -4  3    1   0   0   0   2   3   0   0   0  11  40   0  10   1   0   1  12   0   0  19  0.77 0.41
   69 N   -1 -2  2  6  0  0  4 -4 -1 -4 -5 -1 -3 -5 -3 -2 -4 -6 -1 -5    5   2   8  45   2   3  23   0   1   1   1   2   0   0   1   2   0   0   2   0  1.01 0.50
   70 G   -3 -6 -2  2 -7 -5 -5  7 -6 -8 -8 -6 -7 -7 -6 -3 -6 -7 -7 -7    1   0   1  11   0   0   0  85   0   0   0   0   0   0   0   1   0   0   0   0  2.20 0.82
   71 E   -5 -5 -3  3 -8 -3  8 -4 -3 -8 -7 -3 -7 -8 -6 -4 -4 -7 -7 -7    0   0   1  12   0   0  84   1   1   0   0   0   0   0   0   0   0   0   0   0  2.23 0.91
   72 K   -2  3  0 -1 -4  0  0 -3 -2  2 -2  1 -1 -2 -4 -1  2 -2  1  1    0  16   4   3   0   3   6   2   1  14   2   9   1   1   0   3  17   0   6  13  0.24 0.23
   73 I   -3 -7 -7 -7 -2 -6 -7 -7 -7  6 -2 -6  0 -4 -5 -6 -4 -7 -5  6    1   0   0   0   1   0   0   0   0  46   2   0   2   0   0   0   0   0   0  48  1.69 0.68
   74 L   -1  0 -2 -2 -3 -1  1 -5 -3  2  1  1 -1 -3 -4 -2  1 -5 -3  4    3   5   1   2   0   3  12   0   0   9  10   9   1   0   0   1  11   0   0  34  0.39 0.30
   75 G   -2  3  1  4 -5 -1  2 -1  3 -5 -5  2 -4 -5 -3  0 -3 -4 -1 -5    3  18   5  23   0   1  13   5   7   0   0  14   0   0   0   8   1   0   2   0  0.59 0.35
   76 I    4 -4 -5 -5  4 -3 -4 -3 -5  1  0 -4 -1 -3 -4 -1 -2 -5 -4  3   40   1   0   0   9   1   0   1   0   8   8   0   1   1   0   3   2   0   0  25  0.74 0.43
   77 D   -3 -1 -1  4 -5 -2  4 -5 -3  2 -3  0 -3 -4 -4 -2  0 -6 -3  0    1   3   2  25   0   0  31   0   0  12   1   5   0   0   0   1   7   0   1   8  0.65 0.40
   78 A   -2 -6 -4 -5 -3 -5 -5  3 -3 -1 -3 -5 -4 -3  7 -4 -3 -6  0  0    4   0   1   0   1   0   0  24   0   4   2   0   0   1  51   0   2   0   4   7  1.36 0.60
   79 E   -4  0 -1  1 -6 -1 -1 -4  7 -5 -4 -2 -4  1 -6 -4 -2 -3  7 -2    1   4   2   9   0   3   3   1  22   0   1   2   0   5   0   0   3   0  40   2  1.25 0.58
   80 V   -2 -4 -1 -5 -4 -3 -4 -4 -5  5  3 -2  1 -3  0 -2 -2 -5 -4  3    2   0   3   0   0   1   0   1   0  31  25   3   3   0   4   3   2   0   0  22  0.65 0.35
   81 Y   -4 -5 -3 -6 -7 -4 -4 -5 11 -5 -2 -3 -5 -1 -7 -4 -6 -2  4 -7    1   0   1   0   0   0   1   1  76   1   4   1   0   2   0   1   0   1  11   0  2.78 0.97
   82 K   -5  8 -5 -6 -4 -1 -4 -6 -5 -5 -6  1 -5 -4 -6 -4  0 -7 -6 -3    0  80   0   0   0   2   0   0   0   0   0   7   0   1   0   1   7   0   0   2  2.13 0.85
   83 N   -1 -6  0 -5  2 -5 -6  7 -5 -4 -4 -2 -2 -6 -6 -2 -2 -6 -3 -6    4   0   4   0   4   0   0  75   0   1   2   3   1   0   0   2   2   0   1   0  1.64 0.67
   84 R   -1  0 -4 -2 -2 -3 -2 -5  0  4  0 -3  3  3 -5 -2  2 -2 -2  1    3   7   0   3   1   0   2   0   3  24   8   0   9  15   0   1  16   0   0   7  0.42 0.30
   85 E   -3 -3 -3 -2 -8 -1  8 -4 -3 -8 -6 -4 -6 -8 -6 -3 -5 -7 -6 -7    1   1   1   1   0   1  90   2   1   0   1   0   0   0   0   1   0   0   0   0  2.29 0.94
   86 I   -2  1 -3 -5 -6 -1 -2 -5 -4 -2 -3  7 -1 -4 -5 -3 -2  0 -2 -5    4   6   1   0   0   1   2   0   0   3   2  72   2   1   0   1   2   1   2   0  1.48 0.69
   87 V   -3 -3 -1 -5 -2 -3 -4 -5 -1  3  4 -2  4 -1 -5 -3 -1 -5 -1 -1    2   1   4   0   1   1   1   0   2  19  46   3  12   1   0   2   3   0   2   1  0.72 0.40
   88 I    3 -5 -5 -5  3 -4 -4  0 -5  2  1 -4  5  0 -4 -2 -2 -5 -4  1   31   0   0   0   6   0   0   8   0  12  10   0  16   4   0   2   1   0   0   9  0.57 0.37
   89 S   -4 -2 -4 -1 -5  0  7 -5 -4 -2 -4 -1  0 -6 -3 -2 -2 -7 -5 -3    0   1   0   1   0   4  74   0   0   3   2   3   2   0   1   2   2   0   0   2  1.55 0.73
   90 G   -1  2  3 -2 -4  0 -1  3  2 -2 -3  0 -3 -1 -4  0  0 -1  3 -2    3  11  16   2   0   4   2  21   4   2   1   5   0   2   0   6   5   1  13   3  0.33 0.25
   91 L   -4  6 -2 -3 -4 -1 -3 -4 -1 -3  0  4  1 -4 -5 -3 -3 -6 -3 -3    1  44   2   1   0   2   0   1   1   1   9  30   4   1   0   1   1   0   1   1  1.08 0.54
   92 T   -2 -3  2  2 -4 -2 -1 -2  1 -3 -3 -1 -2 -3  3  1  5 -5 -3 -4    2   1  10  11   0   1   3   2   3   1   2   2   1   1  14   8  37   0   1   0  0.61 0.40
   93 V   -1 -5 -4 -6 -3 -5 -6 -6 -2  0 -1 -5 -2  3  1 -5 -4  7  7  0    5   0   1   0   0   0   0   0   0   5   4   0   1  13   8   0   0  13  42   7  1.35 0.60
   94 D   -1 -1  1 -1 -3  0  0 -2  1  1  1 -1  1 -1  0 -1  1  2  0  0    4   4  10   2   0   4   8   2   4  11  17   3   3   2   4   2   9   3   4   6  0.06 0.10
   95 D   -3 -1 -1  1 -6  7  1 -3 -1 -6 -5  1  0 -5 -5 -3 -1 -6 -5 -4    2   2   2   9   0  54   9   2   1   0   1   9   3   1   0   1   3   0   0   1  1.21 0.63
   96 A    3 -3  2 -2  1 -3 -3  1 -2  1 -2 -3  0  2 -3  0 -1 -2  2  1   28   1  11   1   3   0   1   9   1  10   2   0   2   9   0   5   2   0   8   8  0.28 0.25
   97 L   -1 -4 -3 -5  0 -3 -4 -4 -5  4  3 -2  2 -1  0 -3  0  1 -2  2    3   0   1   0   2   0   0   1   0  28  27   3   4   2   4   1   5   2   1  15  0.53 0.31
   98 L   -1 -3 -4 -5 -5 -2 -4 -3  1 -1 -2 -2 -1  0  7 -3  0 -5  2  0    5   1   0   0   0   2   0   1   4   3   3   3   1   4  49   1   7   0   8   6  1.08 0.51
   99 R   -3 -3 -2 -6 -3 -3 -5 -6  1  2  3 -3  0  2 -6 -5 -3  0  6  0    1   2   2   0   1   1   0   0   3   9  31   1   1   7   0   0   1   1  33   6  0.89 0.45
  100 V    1 -4 -3 -4  0 -4 -4 -4 -4  0 -1 -4  2  3 -3  0  3 -4 -2  3   13   0   1   0   2   0   0   0   0   5   5   0   4  12   1   8  22   0   1  26  0.50 0.35
  101 E   -2 -3 -1  5 -2 -1  5 -2 -4 -6 -4 -3 -2 -6 -1 -1  0 -6 -3 -5    3   1   2  38   1   1  35   2   0   0   1   0   1   0   3   4   7   0   1   0  1.03 0.52
  102 R   -5  8 -4 -6 -3 -2 -4 -6 -2 -7 -6  0 -5 -7 -6 -3 -5 -7 -6 -7    0  91   0   0   1   1   0   0   1   0   0   4   0   0   0   1   0   0   0   0  2.56 0.92
  103 I   -2 -4 -4 -5 -3 -3 -4 -5 -1  4  3 -4  4 -1 -1 -2 -2  2 -3  2    3   1   0   0   0   0   0   0   2  28  26   0  12   2   4   3   1   3   0  14  0.61 0.33
  104 N   -2 -5  2  6  8 -4 -1 -5 -5 -5 -6 -4 -5 -6 -5  0 -2 -7 -6 -3    3   0   9  42  32   0   3   0   0   0   0   0   0   0   0   7   2   0   0   2  1.54 0.63
  105 A   -2 -5 -5 -6 -6 -5 -5  4 -3  0 -4 -5 -3 -1 -3 -2 -5  2  8 -1    3   0   0   0   0   0   0  34   0   5   1   0   0   1   1   2   0   2  46   5  1.42 0.62
  106 P   -2 -4  0 -2  1 -2 -2 -4  0  4  2 -4  1 -1  0 -2 -1 -4 -3  3    2   0   6   2   3   2   2   0   2  25  22   0   3   2   5   1   3   0   0  20  0.40 0.26
  107 F    2 -4 -2  1  7 -3  1 -2  0 -5 -5 -4 -2  1 -4  3  0 -5 -4 -4   17   0   1   9  25   0   8   2   2   0   0   0   1   6   0  25   4   0   0   0  0.81 0.45
  108 S    2 -4 -2 -3 -2 -2 -3 -1 -2 -3 -4 -3  3 -4  4  4  1 -6 -4 -2   15   0   2   0   0   1   0   4   1   1   0   0   8   0  20  38   7   0   0   2  0.75 0.46
  109 A   -1 -2 -1 -1  1 -2 -4 -4  1  2  0 -3  6  3  0 -2 -1 -4  0  1    6   2   3   4   4   1   0   1   4  12   8   0  24  11   4   1   3   0   2   8  0.38 0.28
  110 S    2 -3  2 -3  2 -2 -3 -1  0  1 -2 -3  0  1 -1  2  0 -4 -2  0   21   0  11   0   5   1   0   5   3   9   2   0   2   7   3  18   5   0   1   6  0.22 0.22
  111 H   -4 -4  5 -3 -4  2 -3 -4  7 -2 -4 -4  1 -2 -3 -2 -1  0  2 -3    1   0  32   0   0  11   1   1  31   2   1   0   3   1   1   1   4   1   8   1  1.17 0.56
  112 T    0 -3  3  0 -2  1  4 -1 -3 -3 -2 -2 -2 -5 -1  1  1 -5 -4 -3    7   0  18   4   1   4  35   3   0   1   3   0   1   0   3   8  10   0   0   1  0.56 0.37
  113 I   -1 -3 -2 -3 -2 -1 -2 -4  5  1  2 -3  2  0 -4 -2  0  3  2  0    5   0   1   1   1   3   2   0  18  10  21   0   6   3   0   2   7   5   7   6  0.39 0.26
  114 S    4 -4 -2 -4  3 -4 -4  2 -4 -1 -1 -4 -3 -5 -1  0  1 -5 -4 -1   44   0   1   0   7   0   0  16   0   4   5   0   0   0   3   5   9   0   0   5  0.61 0.37
  115 F   -3 -5 -4 -6 -3 -5 -2 -6 -1 -3 -2 -5 -3  5 -6 -1 -1  5  8 -3    2   0   0   0   1   0   3   0   1   1   3   0   0  24   0   6   4   8  45   2  1.49 0.61
  116 L    2 -2 -4 -5  7 -4 -4 -4 -1  0 -1 -4  0 -3 -4  1  0 -3 -1  3   17   2   0   0  27   0   0   0   2   4   6   0   2   0   0   9   5   0   2  22  0.73 0.38
  117 L   -2  1  0  0 -3  1  1 -1  0  0  3 -1  4 -3 -4 -1  0 -4 -3 -1    2   7   4   6   0   6   8   4   3   3  33   2  11   0   0   3   6   0   0   1  0.25 0.23
  118 A    5 -5 -4 -5  2 -4 -4  1 -5 -1 -1 -4 -4 -5 -4 -1  1 -5 -5 -2   61   0   0   0   4   0   0  11   0   4   5   0   0   0   0   3   8   0   0   2  0.94 0.50
  119 V   -1 -5 -5 -6 -2 -5 -5 -5 -6  3  1 -2  1 -1 -1 -4 -2 -1 -4  6    4   0   0   0   1   0   0   0   0  18  10   3   3   2   3   0   2   1   0  53  0.91 0.44
  120 E   -5 -2 -4 -1  0 -2  8 -6 -4 -7 -6 -3 -2 -7 -5 -2 -5 -6 -6 -6    0   2   0   2   2   0  89   0   0   0   0   0   1   0   0   2   0   0   0   0  2.16 0.84
  121 D   -1  3  1  1 -4  2  1 -2  0 -4 -4  4 -2 -4 -3 -1 -1 -5 -1 -4    3  15   6   9   0  10   9   2   2   1   1  34   1   0   0   3   3   0   2   0  0.57 0.32
  122 S    2 -4 -4 -5 -3 -3 -2 -3 -4  2  4 -4  3 -2 -4 -1 -3 -4 -3 -1   21   0   0   0   0   1   3   2   0  10  46   0   8   1   0   4   1   0   0   2  0.62 0.36
  123 L    1 -4 -5 -5  1 -3 -4 -3 -3  1  4 -4  4  0 -5  0 -1 -4 -2 -1   13   0   0   0   2   1   1   1   0   5  47   0  13   4   0   6   4   0   1   2  0.63 0.36
  124 E   -2 -1  2  0 -6  0  1  6 -2 -6 -6  0 -5 -5 -4 -2 -4 -6 -4 -6    1   3  11   6   0   3   9  57   1   0   0   7   0   0   1   1   0   0   1   0  1.06 0.47
  125 L   -2 -1 -5 -5  3 -2 -4 -5 -4  6  1 -3  2 -2 -5 -3 -1  2 -2  2    2   4   0   0   6   2   0   0   0  45  12   1   4   0   0   1   3   2   1  15  0.75 0.38
  126 E   -3 -2 -2  2 -1  1  6 -2 -2 -5 -6  0 -4 -6 -3 -1  1 -6 -3 -4    1   1   1  11   2   6  56   2   0   0   0   5   0   0   1   5   7   0   1   1  1.00 0.50
  127 Q    0 -5 -3 -5  1 -2 -3 -5 -5  4  0 -4 -1 -3  0 -3 -1 -5 -4  5    7   0   1   0   2   1   2   0   0  27   7   0   1   0   5   1   2   0   0  44  0.81 0.41
  128 D   -2 -5 -1 -3 -4 -5 -5 -3 -6 -6 -3 -4 -6 -7  8  0 -1 -7 -6 -6    2   0   4   1   0   0   0   2   0   0   3   1   0   0  76   7   3   0   0   0  2.17 0.78
  129 Y   -2  1 -1  1 -5  0  4 -4 -2 -1  0  1 -2 -3  2 -2 -3  2  0 -3    2   7   2   8   0   3  34   0   0   4   9  10   0   0  10   1   1   3   3   1  0.44 0.29
  130 P   -4  7  0 -1 -6 -2 -1 -5 -3 -6 -4  1 -3 -6 -3 -1 -2 -6 -4 -5    0  70   5   3   0   0   4   0   0   0   1   6   0   0   2   5   2   0   1   0  1.53 0.62
  131 T    6 -4 -3 -3  2 -4 -4  0 -4 -1 -1 -4 -3 -4 -4  0 -1 -5 -4  0   63   0   1   1   4   0   0   5   0   3   5   0   0   0   0   5   3   0   0   8  0.90 0.47
  132 Q   -1  1  0  0 -4  5  2 -3  0 -2 -2  3 -2 -4 -3  0 -1 -4 -2 -2    5   8   3   3   0  30  12   1   1   2   3  18   1   0   0   6   2   0   1   2  0.52 0.31
  133 L   -2 -2 -4 -3 -3 -1 -3 -5  1 -1  1 -1  0  2 -5 -4 -2  5  7  0    2   2   0   2   0   2   1   0   3   3  12   5   2   6   0   1   2   8  43   6  0.93 0.43
  134 K   -3 -2 -5 -5 -4 -4 -5 -4 -5  5  4 -2  2 -2 -5 -3 -2 -2  0  1    1   2   0   0   0   0   0   1   0  42  35   3   4   1   0   1   2   1   3   6  0.82 0.37
  135 R   -5  8 -4 -5 -7 -3 -4 -3  0 -6 -6 -2 -5 -6 -6 -4 -5 -6  0 -6    0  91   0   0   0   0   0   2   2   0   0   0   0   0   0   0   0   0   3   0  2.38 0.78
  136 I    0 -2 -2 -1 -3 -3 -1 -3 -4  1  0 -2  2 -1 -3  0  2 -4 -3  4    6   1   2   3   0   0   3   1   0   7   6   2   5   2   0   7  16   0   0  38  0.38 0.26
  137 A   -1 -5 -6 -6 -4 -5 -5 -6 -5  6  3 -5  4  1 -5 -4 -1 -4 -3  1    4   0   0   0   0   0   0   0   0  47  27   0   9   5   0   0   3   0   0   4  0.99 0.41
  138 E    1 -4 -4 -4 -1 -2 -3 -3 -2  1  2 -3  4  2 -4 -2  1  3  1  2   11   0   0   0   1   1   1   1   1   7  16   0  16  11   0   1  10   4   4  14  0.36 0.25
  139 I    2 -2 -1 -1  3 -1 -2  0  1 -2  1 -2  3 -2 -2  1 -1 -4 -2 -1   23   1   2   4   8   2   2   7   4   1  17   1   9   1   2  14   2   0   1   2  0.21 0.20
  140 E    0 -3 -4 -2  0 -2  7 -3 -3 -2 -3 -3 -5 -6 -4 -3 -4 -5 -5 -5    7   0   0   0   2   0  80   3   0   3   3   0   0   0   0   0   0   0   0   0  1.65 0.67
  141 L   -1 -3 -4 -5 -1 -3 -4 -1 -4  2  4 -4  3  1 -4 -2 -2 -3 -1  0    4   1   0   0   1   1   0   5   0  14  52   0   7   6   0   3   1   0   1   3  0.63 0.32
  142 E    0 -2  4  0 -1  0  2  0  2 -3 -4 -1 -2 -3 -3  2  2 -4 -2 -3    7   0  20   3   1   2  14   6   6   1   0   3   1   1   0  17  13   0   1   1  0.36 0.25
  143 R   -3  8 -4 -5 -6 -2 -3 -5  2 -1 -5  0 -4 -5 -5 -4 -4 -6 -5 -5    2  83   0   0   0   0   0   0   4   4   0   3   0   0   0   0   0   0   0   0  2.03 0.72
  144 I   -2 -5 -5 -5  3 -3 -5 -5 -5  6  2 -4  2 -2 -5 -3 -2 -4 -3  2    2   0   0   0   6   1   0   0   0  51  18   0   5   1   0   2   2   0   0  10  0.93 0.40
  145 R    2 -1  0 -3 -1  2 -2 -2  6  1  0 -2  0 -1 -4  0 -1 -4 -1 -1   22   3   3   0   1  11   0   2  21   8  10   1   3   3   0   7   4   0   1   2  0.36 0.28
  146 N   -1 -4  4  1 -5 -3 -3 -2 -1 -5 -6 -3 -5 -5 -3  6 -1 -6  1 -3    4   0  21   6   0   0   0   2   1   0   0   0   0   0   1  57   2   0   5   1  1.09 0.56
  147 H   -5 -3 -2 -4 -7 -4 -4 -3 11 -2 -4 -5 -5 -3 -6 -5 -3 -1 -1 -6    0   1   2   1   0   0   0   3  83   3   2   0   0   1   0   0   2   1   1   0  2.86 0.91
  148 L   -2 -4 -3  0 -2  0 -3 -5 -2  3  4 -4  3 -1 -2 -2 -2 -4 -2 -1    2   0   1   6   1   5   1   0   1  14  53   0   6   2   2   2   2   0   1   1  0.62 0.33
  149 F   -2 -3 -4 -4 -2 -3 -3 -3 -1  1  3 -2  3  2 -3 -2 -1  0  2  2    1   1   0   1   1   0   1   3   1   6  36   3   7   9   1   2   3   1   8  15  0.42 0.25
  150 V    1 -5  2  0  4 -3 -4  0  1 -3 -3 -4 -2  1 -5 -2 -1  9  0 -1   15   0  10   5  10   1   0   7   3   1   2   0   1   6   0   2   5  25   2   5  0.88 0.48
  151 I   -1 -5  0 -5 -1 -4 -5 -5 -2  3  4 -4  2  0 -5 -3 -1  0 -2  2    5   0   5   0   1   0   0   0   1  19  39   0   5   4   0   2   3   1   1  12  0.62 0.37
  152 S    3 -3 -3 -3 -2 -2 -3  5  1 -5 -3 -2 -1 -3 -4  0  1 -5 -2 -4   21   1   0   1   1   1   1  47   4   0   2   2   2   1   0   6   7   0   2   0  0.84 0.48
  153 R    1 -1 -2 -2  1 -1 -2  0  1  0  0 -2  0  0  0  1  2 -4 -2  0   15   4   1   2   3   1   2   6   5   7  10   1   2   5   4   8  19   0   0   6  0.12 0.16
  154 L    0 -4 -3 -4 -3  0 -3 -1  4  1  2 -4  3  3 -5 -2 -1 -2  3  0    7   0   1   0   0   5   0   6  11   7  19   0   7  15   0   2   3   0  12   4  0.40 0.30
  155 T    4 -4 -3 -4  3 -4 -4  3 -4 -2  1 -4  0 -1  0 -1 -1 -5 -3 -1   35   0   1   0   6   0   0  21   0   2  13   0   3   3   4   4   3   0   0   4  0.51 0.37
  156 E   -1 -3  0  1 -4 -1  0  0  3  1  2 -1  4 -1 -3 -2 -1 -4 -1  0    6   0   5   9   0   2   8   7   8   9  19   3  12   1   0   1   4   0   2   4  0.19 0.21
  157 T    0 -4 -2  6 -5 -1  1 -2 -4 -1 -2 -3 -2  0 -1  0  0 -6 -5 -2    9   0   1  44   0   2   9   2   0   4   4   1   1   5   3   5   7   0   0   2  0.70 0.44
  158 T    0 -5 -5 -5 -1 -4 -3 -2 -5  4  3 -3  2  1 -3 -3 -1 -4 -3  2   10   0   0   0   1   0   1   3   0  26  25   1   5   6   1   1   4   0   0  16  0.53 0.34
  159 S   -1 -5 -3  0 -3 -5  0  7 -2 -7 -5 -2 -6 -7 -6 -1 -5 -6 -6 -6    4   0   1   5   1   0   8  73   1   0   1   2   0   0   0   4   0   0   0   0  1.62 0.72
  160 L    4 -3 -2 -2 -2 -1 -3  0  4 -3  1 -4  1  4 -4 -1 -3 -4  0 -2   34   1   1   3   1   3   1   6   9   0  14   0   3  17   0   3   0   0   3   2  0.50 0.39
  161 N    0 -1 -1  0 -3  1  1 -1  1 -1  1  0  3  1 -3  0  0  1  1 -1    7   2   1   4   0   5  13   3   4   3  12   5  11   6   0   6   4   2   7   4  0.10 0.15
  162 V   -1 -3  1 -4 -4 -2 -3 -4 -5 -1 -2 -4 -4 -4 -2  2  6 -2 -3  0    4   1   5   0   0   2   1   1   0   3   4   0   0   1   2  16  52   1   1   7  0.93 0.58
  163 P    0 -3 -3 -3 -3 -3 -2  0 -4 -1  2 -4  2 -2  5 -2 -2 -5 -1  1   10   2   1   1   0   0   3   8   0   3  17   0   6   1  32   1   2   0   2  10  0.60 0.38
  164 T    0 -5 -2 -2 -4 -3 -4 -1 -4  1  1 -5  4  6 -1 -2 -2  2  0 -1    9   0   2   2   0   1   1   5   0   6  12   0  10  36   3   4   3   2   1   3  0.63 0.39
  165 Y   -1 -3 -1 -2 -4 -1 -3 -3 -1  0  3 -2  6  2 -4 -1  0 -1  1 -2    6   1   3   2   0   3   1   1   1   4  28   2  21  10   0   4   6   1   4   1  0.44 0.33
  166 H   -5  1 -3 -4 -5  1 -4 -6  4 -2 -2  0 -3  1 -5 -2 -3  9  6 -4    0   8   1   1   0   5   1   0   9   2   4   6   0   4   0   2   2  26  27   1  1.32 0.63
  167 L    2 -4 -3 -4  4 -3 -4  2 -4  1  2 -4  1 -1 -1  0  0 -4 -3  0   23   0   1   0   9   0   0  15   0   7  19   0   3   3   3   5   7   0   0   5  0.34 0.28
  168 L   -2 -4 -4 -1 -1 -1 -1 -3 -1 -1  0 -4  3  6 -2  0 -2  5  0 -1    3   0   0   4   2   4   4   2   2   4   9   0   7  36   2   7   2   7   2   3  0.60 0.41
  169 H    1  3  0 -1 -4  1  2 -1  3 -2 -2  1  1 -3 -3 -1 -1  2  0 -2   11  18   5   2   0   7  12   5   7   2   3   8   4   0   0   3   4   3   4   2  0.24 0.23
  170 L    0 -2 -1  1 -3  0  2 -2  0  1  2 -1  1  0 -1 -1 -1 -3  0  0    8   0   2  11   0   3  15   3   2   9  22   3   3   5   3   2   2   0   4   3  0.12 0.16
  171 V   -3  7 -4 -5  1 -1 -2 -3  0  0 -5  0  0 -1 -5 -2 -2 -6 -5 -2    2  63   0   0   4   2   3   2   2   6   0   3   2   3   0   3   2   0   0   2  1.29 0.73
  172 E   -3 -2 -4  1 -7 -1  7 -4 -1 -7 -6 -1 -6 -7 -5 -4 -2 -6 -6 -6    2   2   0   6   0   2  77   1   1   0   0   2   0   0   0   0   3   0   0   0  1.82 0.85
  173 K   -1  2  0  1 -3  0  1 -2  1  0  1  2  1 -2 -1 -1 -1 -1  0 -1    3  11   3   8   0   3   8   3   3   5  13  18   5   1   3   2   4   1   3   3  0.13 0.15
  174 V    0 -5 -5 -4  1 -4 -5 -3 -5  4  2 -4  1  1 -4 -2 -2 -1 -2  3    7   0   0   1   3   0   0   2   0  30  21   0   3   5   1   3   2   1   1  20  0.60 0.35
  175 N   -3  0 -1 -5 -2  1 -4 -3 -2  0  3 -3  6  0 -5 -2 -3 -1  3 -1    2   4   3   0   1   8   0   2   1   4  31   1  22   2   0   3   1   1  12   3  0.63 0.42
  176 R   -3  2  0  6 -4  1  2 -3 -1 -4 -4  0 -3 -5 -4 -1 -1 -5 -1 -3    1  11   4  41   0   7  13   2   1   1   1   5   1   0   0   4   4   0   2   1  0.77 0.45
  177 L   -1 -3 -4 -4 -1 -3 -3 -4 -3  3  3 -4  3  2 -3 -3 -2 -1 -1  2    4   1   0   1   1   1   1   1   1  20  34   0   6  10   1   1   2   1   1  11  0.55 0.32
  178 I   -1 -4  0 -4 -3 -3 -4 -4 -2  2  2 -1  2  5 -5 -3 -2  2  3 -1    4   0   5   0   0   1   0   1   1  10  20   4   6  26   0   1   2   2  12   3  0.57 0.34
  179 G    0 -3 -2  1 -6  1  6 -3 -4 -4 -3 -1 -3 -4 -4 -1 -2 -5 -4 -2    7   1   2   5   0   5  61   2   0   1   3   3   0   1   0   3   2   0   1   3  1.14 0.61
  180 K    2  2 -2  0 -1  0  1 -2 -1  0  0  1  2 -3 -3 -1  0  1 -1 -2   20  14   1   4   1   4  12   1   1   6   8  10   6   1   0   3   4   2   2   2  0.17 0.19
  181 M    1 -4 -4 -5  0 -4 -4 -4 -4  3  2 -4  1 -1 -3 -2  1 -2  1  3   14   0   1   0   2   0   1   1   0  20  20   0   3   2   1   2  10   1   5  19  0.45 0.31
  182 C   -1 -4 -3 -4  6 -2 -4 -1 -5 -3 -3 -4 -4  0 -4  3  5 -1 -2 -2    4   0   0   0  14   2   0   6   0   1   1   0   0   4   1  24  36   1   2   3  0.87 0.54
  183 G   -4 -6 -1 -5 -6 -5 -6  7 -6 -7 -7 -5 -6 -6 -6 -3 -5 -6 -6 -4    0   0   3   0   0   0   0  90   0   0   0   0   0   0   0   1   0   0   0   1  2.34 0.92
  184 H    3 -2  3 -3 -1  0 -2  1  4 -4 -2 -3  1 -3 -4  1 -2 -4 -2 -3   32   1  14   0   1   4   2  10   9   0   5   0   4   1   0  11   2   0   1   1  0.46 0.35
  185 R   -3  8 -4 -5 -6 -3 -2 -4 -1 -6 -5 -2 -5 -3 -5 -2 -2 -5 -5 -5    2  83   0   0   0   0   2   2   1   0   1   0   0   1   0   3   2   0   0   1  2.16 0.88
  186 Y   -2 -4 -4 -3 -2 -2 -4 -5 -4  2  2 -3  7  2 -3 -3 -2 -3  1  2    3   0   1   1   1   1   1   1   0   9  19   1  26   9   1   1   2   0   5  16  0.69 0.39
  187 F   -2 -3  2 -1 -4  0 -1 -2  6  0 -1 -3  2  0 -2 -2  3 -4  0 -2    2   0  11   3   0   4   3   3  22   5   7   1   5   4   2   1  23   0   3   1  0.51 0.35
  188 F    1 -2  0 -3 -1 -1 -3 -2  5 -2 -1 -1  1  2  2 -1  0 -2  4 -1   12   2   4   0   1   2   1   2  14   2   6   3   4   7  10   4   7   0  15   3  0.32 0.25
  189 G    2 -3  4  0  0 -2 -2  2 -1 -3 -4 -2  1 -4 -1  3 -1 -5 -4 -2   17   1  19   4   2   1   1  13   2   1   1   2   4   0   3  24   3   0   0   2  0.45 0.33
  190 V    0 -3 -1 -3  0 -4 -4 -4 -1  0 -1 -4  0  4 -5 -2 -2  3  7  0    8   1   3   2   2   0   0   1   1   6   5   0   2  13   0   3   3   3  39   6  0.88 0.46
  191 N   -2 -3  2 -3  2 -3 -3 -1 -1  3 -1 -2  3  3  0 -1 -1 -2  1  1    2   0  13   0   4   1   0   5   1  19   3   2   8  15   5   3   4   0   4  10  0.29 0.25
  192 A   -2  6 -3 -2  1 -1 -3 -3 -4  1 -2  0 -1 -3 -4 -2 -1  1 -2  1    3  47   1   2   3   2   1   2   0   9   3   4   1   1   0   2   4   2   1  11  0.76 0.45
  193 I   -3 -5 -4 -5 -4 -5 -5 -5 -3  5 -1 -5 -2  0  5 -4 -3 -5 -3  3    2   0   1   0   0   0   0   0   1  34   5   0   1   4  31   0   1   0   1  17  1.09 0.54
  194 N   -4 -3 -2 -2 -6 -5 -3  7 -5 -6 -5 -4 -6 -6 -5 -3 -5 -6 -6 -6    0   2   1   2   0   0   1  87   0   0   2   1   0   0   0   1   0   0   0   0  2.11 0.84
  195 G   -4 -5 -2 -3 -6 -5 -2  7 -5 -6 -6 -3 -6 -6 -3 -3 -4 -6 -6 -6    0   0   1   1   0   0   4  84   0   0   1   2   0   0   1   2   1   0   0   0  2.05 0.82
  196 V   -3 -3 -4 -5 -2 -3 -5 -5 -5  2  1 -2  3 -1 -5 -3 -2 -5 -4  6    2   1   1   0   1   1   0   0   0   8  13   2   6   2   0   1   2   0   0  57  1.04 0.52
  197 N    2  4 -1 -2 -3 -1 -1 -2  2 -3 -2  1 -2 -2 -1  0 -1 -1  1 -2   20  29   3   2   0   1   3   2   4   1   4   8   1   2   2   7   3   1   5   3  0.39 0.29
  198 C    0  4 -1 -1  2  2 -1 -3  0 -1 -1  1 -1  0 -3 -2 -1  3  2 -2    8  25   3   3   5  10   3   2   2   3   6   7   2   3   1   2   2   4   7   3  0.27 0.22
  199 D   -3 -3  1  8 -6 -1  0 -4 -5 -6 -6 -2 -6 -6 -3 -3 -3 -7 -4 -6    2   2   7  74   0   2   5   1   0   0   1   2   0   0   1   1   1   0   1   0  1.90 0.79
  200 F   -1 -4 -5 -4 -3 -4 -4 -3 -4  4  4 -4  1  2  0 -3 -2 -1 -1  1    5   0   0   1   0   1   1   2   0  21  40   0   3  10   4   1   1   1   2   7  0.62 0.34
  201 G   -3 -3 -1  2 -5 -2 -2  0  0 -4 -3  0 -3 -4  6  1  1 -3 -4 -4    1   1   3  11   0   2   2   7   2   1   3   5   1   1  41  10   9   0   1   0  0.88 0.47
  202 N    0 -1 -1  3 -4  0  2 -3 -1 -3 -2  1 -3  1  2 -1 -2  6 -2 -3    9   3   3  17   0   3  13   1   2   1   3   9   0   6  12   3   2  10   0   1  0.41 0.29
  203 L   -1 -1 -3 -2 -1 -2  1 -1 -2  3  3 -2  1 -1 -3 -2 -1 -5 -2  2    5   3   1   2   1   2  10   6   1  14  26   2   3   2   1   3   4   0   2  13  0.28 0.22
  204 L    0  0 -2  3 -1  0  2 -2 -1 -2  0  1  1  1 -2 -2 -2 -1 -1 -3    8   6   2  19   1   3  15   3   1   2  11   8   3   6   2   2   3   1   2   2  0.25 0.23
  205 R    0  3 -2  3 -7  0  1 -2 -1 -6 -4  4 -3  2 -4 -2 -2 -1 -3 -6    7  17   2  17   0   5   7   3   1   0   2  21   1   7   1   3   3   1   1   0  0.59 0.43
  206 I   -2 -4 -4 -4  3 -2 -5 -5 -7  5  2 -5  1  2 -7 -5 -1  2 -2  2    3   1   1   2   5   2   1   1   0  31  19   1   3   9   0   1   3   2   2  14  0.80 0.46
  207 I   -1  2 -1  0 -2  0  0 -2 -1  1  2  1  0 -2 -2 -2 -1  0  1 -1    5  10   2   7   1   3   8   3   2   8  23   7   2   2   2   3   3   1   4   4  0.13 0.15
  208 D    1 -1  0  5 -3  0  3 -2 -2 -4 -5  1 -4 -4 -3 -3 -2 -2  0 -4   10   3   4  33   1   5  17   3   1   1   2   8   1   1   2   2   3   1   3   1  0.73 0.50
  209 I   -2 -2 -4 -4 -2 -2 -4 -5 -2  0  1 -3  3  7 -4 -4 -3  5  1  0    4   2   1   1   1   2   1   1   1   6  13   2   6  37   1   1   2   7   4   6  1.00 0.56
  210 T    0  0 -3 -3  5 -2  1 -3 -5  2  2 -1  2 -2  0 -2  0 -5 -3  1    6   6   1   1  11   1  10   2   0   9  18   4   4   1   5   3   5   0   1  11  0.29 0.24
  211 K   -2  2  0  3 -7  0  3 -4 -2 -4 -5  4 -3 -7  0 -1 -1 -2 -3 -4    3   9   4  15   0   3  17   1   1   1   1  26   1   0   5   6   4   1   1   1  0.64 0.47
  212 E   -1  3 -2  0 -6  2  2 -2  1 -4 -4  2 -2 -2 -2 -1 -1  2  2 -3    6  17   2   5   0   9  15   4   3   1   2  10   1   1   2   5   4   2   8   2  0.39 0.33
  213 F   -4 -2 -5 -5 -1 -4 -5 -7 -4  2  3 -4  3  6 -5 -5 -3 -2  1  1    1   3   1   1   1   1   1   0   0  12  24   1   7  31   1   1   2   1   4   8  0.96 0.54
  214 K   -2  2 -1  2 -3 -1  1 -3 -2  0  0  2 -2 -4  3 -2 -1 -6 -3 -1    3   9   2  12   0   2   9   2   1   5  11  14   1   0  16   2   4   0   1   4  0.32 0.29
  215 Q   -1 -1 -1  3 -7  0  5 -4 -3 -5 -6  2 -3 -4  0 -2 -4 -3 -3 -5    5   4   3  17   0   4  41   2   1   1   1  10   1   1   5   2   1   0   1   1  0.93 0.62
  216 I   -2  0 -5 -2 -3 -4  0 -5 -2  2  2 -3  3  2 -6 -4 -2  0  5  1    3   6   0   2   1   1   6   1   1  13  18   1   7   9   0   1   2   1  21   8  0.60 0.41
  217 F   -1 -3 -2  0 -1  0  4 -4  1  1  0 -2  1  1 -4 -3 -2 -2  4  0    5   1   2   5   1   4  24   1   3   8   9   2   4   5   1   1   2   0  14   7  0.39 0.33
  218 D   -1  0  2  5 -7 -1  3 -3 -1 -3 -5  2 -3 -7 -2 -1  0 -7 -6 -5    5   6   7  31   0   2  18   2   1   2   1  10   1   0   2   4   6   0   0   1  0.73 0.51
  219 G   -1  0 -3 -2 -3 -2  0  0 -3  2  4 -3  3 -2 -5 -4 -1 -2 -5  1    5   5   1   3   0   2   7   7   0   9  38   2   7   1   1   1   4   1   0   7  0.47 0.35
  220 L   -3 -7 -7 -8 -1 -7 -7 -7 -7  2  5 -5  1  4 -7 -4 -3 -1  0  1    2   0   0   0   1   0   0   0   0  11  47   1   3  17   0   1   2   1   3  10  1.13 0.62
  221 L   -2 -2  0 -2 -2 -3 -1 -5 -3  1  2 -3  1  1 -5 -1  5 -6 -2  0    3   2   4   2   1   1   5   1   1   7  20   1   3   5   0   4  33   0   1   5  0.55 0.43
  222 E   -2  1  3  3 -6 -1  3  1  1 -6 -6  1 -6 -5 -4 -1  1 -6 -2 -5    4   8  15  15   0   2  19  10   3   0   1   7   0   0   1   4   9   0   2   1  0.55 0.42
  223 S   -4 -4  8  3 -8 -3 -4 -2 -1 -4 -6 -6 -8 -8 -8 -1 -4 -9 -8 -8    2   1  68  14   0   1   1   3   1   1   1   0   0   0   0   4   1   0   0   0  2.16 1.10
  224 R   -1  5 -1 -2 -7 -3  1 -4 -3 -4 -5 -1 -4 -4  5 -1 -2 -4  2 -4    4  32   3   2   0   1  10   1   1   1   1   4   0   1  26   4   2   0   6   1  0.96 0.62
  225 I   -4 -7 -3 -7 -6 -5 -5 -5 -7  7 -1 -7  1 -4 -5  0  2 -2 -6  1    1   0   2   0   0   0   1   1   0  58   6   0   4   1   1   6  11   1   0   7  1.45 0.76
  226 F   -3 -6 -7 -8 -4 -7 -7 -5 -7  2  0 -5 -1  6 -7 -5 -3  8  0  2    3   0   0   0   0   0   0   1   0  11  10   1   1  35   0   1   2  20   3  12  1.53 0.76
  227 I   -2  3 -3 -4 -2  0 -2 -2 -1  2  1  4  1 -4 -5 -3 -3  0 -1  0    3  14   1   1   1   5   3   3   1  10  14  28   3   1   0   2   1   2   2   6  0.47 0.36
  228 D    2 -1 -2  2 -5  4  1 -1  0 -4 -1  1  1 -6 -5  0 -3 -6 -3 -4   16   3   2  13   0  18   8   6   2   1   8   9   4   0   0   7   1   0   1   1  0.40 0.37
  229 R   -5  9 -7 -8 -1 -5 -6 -5 -7 -9 -8 -2 -8 -9 -8 -7 -7 -9 -8 -9    1  94   0   0   1   0   0   1   0   0   0   2   0   0   0   0   0   0   0   0  3.18 1.35
  230 L   -2 -6  1 -6  1 -5 -6 -5 -4 -1  3 -6  2  0 -6 -1  5 -2 -3  0    3   0   6   0   3   0   0   1   0   3  29   0   5   4   0   4  35   1   1   6  0.86 0.55
  231 Q   -1  3 -2 -3 -1  2  2 -5 -2  0 -4  3 -2 -5 -5 -3 -3 -4 -4  4    6  13   2   1   1   8  13   1   1   4   0  20   1   0   0   1   2   0   0  25  0.61 0.44
  232 E   -5 -3  2  4 -8 -4 -2  6 -2 -9 -9 -5 -8 -8 -7 -3 -3 -8 -4 -8    0   2  10  24   0   1   3  54   1   0   0   0   0   0   0   2   2   0   1   0  1.57 0.79
  233 N   -4 -5 -2 -8 -2 -7 -8 -8 -5  5 -1 -4 -3 -3 -8 -5  0 -8 -6  6    1   1   3   0   1   0   0   0   0  33   5   1   0   1   0   0   5   0   0  49  1.56 0.76
  234 G    1 -8 -5 -7 -2 -8 -8  7 -8 -7 -7 -8 -9 -9 -8 -4 -5 -9 -9 -9    9   0   0   0   1   0   0  86   0   0   1   0   0   0   0   1   1   0   0   0  2.47 1.10
  235 K   -2 -1 -5 -7  0 -4 -2 -5 -1  3 -2 -1 -2 -1 -1 -4  0 -6  3  5    3   3   0   0   2   1   3   1   1  16   2   4   1   2   3   1   5   0   8  44  0.85 0.51
  236 I   -3 -7 -8 -8 -4 -7 -8 -8 -8  5  4 -7  3 -2 -8 -7 -6 -7 -1  3    2   0   0   0   0   0   0   0   0  27  42   0   7   1   0   0   0   0   2  20  1.37 0.67
  237 I   -3 -4 -3  1 -6 -4 -4 -2 -4 -3 -2 -2  3 -7  2  5  4 -8 -7 -5    1   0   1   8   0   1   1   3   0   2   4   3   6   0  12  37  22   0   0   0  0.90 0.63
  238 D    3  3 -3 -2 -4  0 -1 -1 -2 -5 -2  3 -3 -4  2 -3 -1 -6 -2 -4   25  15   1   3   0   3   4   4   1   0   5  21   1   0  11   1   3   0   1   1  0.53 0.40
  239 E   -2 -3 -3  2 -7  1  6 -6 -3 -6  0  0 -3 -5 -5 -3 -2  0  2 -5    4   1   1  10   0   6  47   0   1   0   9   6   1   0   0   2   3   2   7   0  0.98 0.61
  240 N   -2  1 -2  4 -4  2  2  3 -2 -4 -4 -1  1 -4 -5 -2 -1 -3 -4 -2    3   7   1  21   0   8  14  24   1   1   2   4   3   1   0   2   4   0   0   3  0.53 0.38
  241 S    7 -7 -7 -7  1 -5 -6 -4 -5 -1 -2 -6 -1 -3 -6 -3 -3 -1 -5  1   74   0   0   0   3   0   0   1   0   3   4   0   1   1   0   1   1   1   0   8  1.65 0.86
  242 I   -2 -4 -5 -6 -1 -4 -5 -6 -6  4  0 -5 -1 -5 -5  1  4  1 -4  3    3   1   0   0   2   0   0   0   0  23  10   0   1   0   0  11  27   2   1  18  0.83 0.47
  243 G   -5 -7 -6 -6 -7 -7 -7  8 -7 -8 -8 -7 -7 -8 -7 -6 -7 -7 -8 -8    0   0   0   0   0   0   0  96   0   0   0   0   0   0   0   0   0   0   0   0  2.91 1.10
  244 P   -2 -5 -7 -6 -3 -6 -6 -5 -7 -2 -6 -6 -6 -7  8 -5 -5 -7 -5  2    4   1   0   0   1   0   0   1   0   2   1   0   0   0  72   1   1   0   0  15  2.30 0.97
  245 A   -1 -4  2 -5  2 -4 -5 -2 -4  1 -1 -5  7 -1 -2 -2  2 -5 -4  3    5   0  10   0   3   1   0   3   0   8   6   0  23   3   2   2  10   0   0  20  0.69 0.41
  246 A    3 -6 -6 -4 -3 -5 -6 -2 -6 -1  5 -4 -1 -4 -4 -1 -4 -6 -5  0   24   0   0   1   0   0   0   4   0   3  53   1   1   0   1   4   0   0   0   5  1.00 0.53
  247 R   -7  9 -6 -7 -9 -4 -6 -8 -6 -8 -8 -2 -7 -8 -8 -7 -7 -8 -7 -8    0  96   0   0   0   1   0   0   0   0   0   2   0   0   0   0   0   0   0   0  3.27 1.26
  248 A    6 -6 -6 -6 -1 -6 -6  4 -6 -7 -7 -6 -6 -7 -6  1 -4 -7 -7 -5   53   0   0   0   1   0   0  32   0   0   0   0   0   0   0  10   1   0   0   1  1.57 0.76
  249 A    1 -4 -5 -5  1 -5 -5 -5 -6 -6 -3 -5 -3 -7 -4  7  2 -7 -6 -5   10   1   0   0   2   0   0   1   0   0   3   0   1   0   1  67  13   0   0   1  1.60 0.81
  250 G   -4 -6 -2 -4 -7 -6 -7  8 -7 -8 -8 -7 -7 -8 -7 -5 -4 -7 -8 -8    1   0   2   1   0   0   0  91   0   0   0   0   0   0   0   1   1   0   0   0  2.62 1.01
  251 L   -2 -6 -5 -6 -3 -4 -5 -5 -3  4  2 -5  1 -2 -6 -4 -4 -2 -1  5    3   0   1   0   1   1   1   1   1  24  18   1   3   2   0   1   0   1   2  40  1.02 0.49
  252 A    2  0  1  3 -1  0  0 -2 -2 -5 -4  1 -5 -5  4 -1 -3 -6 -3 -2   20   4   5  15   1   4   7   2   1   0   1  10   0   0  20   4   1   0   1   3  0.50 0.34
  253 Y   -5  0 -3 -5 -3 -3 -5 -7  2 -1 -1 -3  0  2 -7 -2 -2 10  6 -2    1   6   2   1   1   1   1   0   4   3   7   2   2   7   0   3   3  34  21   3  1.58 0.69
  254 D   -8 -3 -5  9 -9 -6 -5 -7 -7 -9 -9 -7 -9 -9 -7 -6 -7 -9 -9 -9    0   2   0  97   0   0   0   0   0   0   0   0   0   0   0   0   0   0   0   0  3.29 1.24
  255 A    0 -6 -5 -6 -2 -3 -5 -4 -4  2  4 -5  1 -3 -4 -4 -2 -3 -3  3    8   0   1   0   1   1   1   1   0  11  44   0   4   1   1   1   2   0   1  22  0.87 0.44
  256 R   -7  9 -6 -5 -4 -5 -6 -8 -6 -8 -6 -4 -7 -8 -8 -7 -7 -8 -7 -8    0  96   0   1   1   0   0   0   0   0   1   0   0   0   0   0   0   0   0   0  3.24 1.22
  257 K   -2  4 -2 -4 -4  0 -2 -5 -3 -1 -1  6  0 -2 -5 -3 -3  1 -3 -1    4  19   2   1   0   4   2   0   1   3   6  44   2   1   0   1   1   2   1   5  0.91 0.49
  258 D    2 -2  0  3 -2 -1  0 -3 -1 -1 -2  0 -1 -2 -4  1  1 -2  0  1   15   2   5  20   1   2   6   1   1   3   4   5   2   2   0  11   8   1   3  11  0.24 0.21
  259 F    0 -1  0  3 -5  4  3  0  2 -4 -3 -2  0 -1 -4  0 -1 -5  0 -3    7   3   3  16   0  17  18   6   5   1   3   1   2   3   1   6   3   0   3   2  0.40 0.30
  260 K   -4 -1 -2 -2  0 -3 -4 -2  2 -6 -5 -1 -6 -6  8 -4 -3 -3 -3 -6    1   4   3   2   2   1   1   3   5   1   1   4   0   0  66   1   1   1   1   1  1.87 0.79
  261 A   -4 -3 -6 -4 -4 -4 -4 -5  1 -4 -3 -6 -4 -1 -5 -5 -2 -1 10 -4    1   2   0   1   0   1   1   1   3   1   3   0   0   1   1   1   3   1  76   2  2.53 0.97
  262 L    2 -4 -3  1  3 -2  3  1 -4 -4  1 -3 -2 -3 -1  2 -1 -2 -3 -3   17   0   1   9   7   1  19   9   0   0  13   0   1   1   3  14   2   1   1   1  0.35 0.29
  263 P    3 -2 -2 -2  4 -4 -3  1 -3  1 -1 -2 -2 -1 -1 -1 -1 -4 -1  2   22   2   2   2   8   0   1  12   0   9   6   2   0   2   3   3   3   0   2  18  0.29 0.23
  264 Y   -7 -7 -6 -8 -8 -7 -7 -8 -1 -7 -4 -5 -6  0 -8 -7 -7 -4 10 -7    0   0   1   0   0   0   0   0   1   0   2   1   0   3   0   0   0   0  90   0  3.52 1.29
  265 E   -1 -1  1  5 -4 -1  2  0 -3 -6 -5  0 -5 -2  2 -1 -3 -2 -4 -3    5   3   6  36   0   3  15   9   1   0   1   5   0   2   9   4   1   1   0   2  0.70 0.41
  266 D   -2  2  2  3 -3  2  4 -5 -1 -5 -4  1  0 -4 -3 -2  0 -6 -2 -4    3  10   9  14   1   8  30   0   1   0   2   9   3   1   1   2   5   0   1   1  0.62 0.40
  267 L   -5 -6 -7 -7 -4 -6 -7 -7 -1  1  4 -6  2  5 -6 -4 -4 -4  4  1    0   0   0   0   0   0   0   0   1   7  41   0   4  20   0   1   1   0  13   9  1.14 0.55
  268 G   -3 -4  1  6 -4 -1  3  1 -2 -6 -7  0 -6 -7 -1 -2 -3 -8 -6 -3    2   0   5  43   0   2  17  12   1   0   0   5   0   0   3   3   2   0   0   2  1.02 0.54
  269 F   -8 -5 -8 -9 -8 -8 -8 -9 -7 -3 -3 -4 -3  9 -3 -7 -6  6  2  0    0   1   0   0   0   0   0   0   0   2   3   1   1  72   2   0   0   8   5   6  2.48 0.97
  270 R   -4  0  0  5 -5  0  4 -5 -2 -5 -6  3 -5 -7 -4 -2  0 -7 -4 -5    1   6   5  33   0   3  23   1   1   1   0  17   0   0   0   3   5   0   1   0  0.96 0.52
  271 T   -4 -5 -7 -7 -5 -5 -3 -4 -5  4 -2 -6  1 -5  3 -4 -2 -7 -1  5    1   0   0   0   0   0   2   1   0  24   3   0   3   0  15   1   2   0   2  45  1.19 0.59
  272 V   -2 -4 -4 -4  2  1 -5 -7 -4  3 -5 -4 -4 -1  7 -3 -4 -7 -4  3    4   1   1   1   4   6   0   0   1  14   0   1   0   2  45   1   1   0   1  18  1.29 0.64
  273 I   -4 -3 -5 -6 -3 -5 -5 -6 -6  1  0 -4 -1 -1 -6 -3  4  5 -2  5    1   1   0   0   0   0   0   0   0   8  10   1   1   3   0   2  26   6   1  38  1.00 0.53
  274 T    0  2 -3  0  0  2  2  4 -1 -5 -3 -2 -3 -1  0 -1 -2 -1  0 -4    7  12   0   4   2   8  12  30   1   0   3   1   1   3   4   5   1   1   3   1  0.41 0.29
  275 Q   -2 -1  0  3 -5  1  2 -4 -1 -3 -5  3 -4 -4 -1  0  4 -5 -1 -2    2   2   3  14   0   6  12   0   1   1   1  17   0   1   4   6  23   0   3   2  0.51 0.36
  276 E   -1  0  3  2 -4  0  3  2  1 -4 -3  0 -3 -5 -4 -1  0 -5 -2 -3    6   5  13  12   0   3  22  14   3   1   2   5   1   0   0   4   6   0   2   2  0.39 0.28
  277 A   -2 -6 -4 -6  4 -5 -7  7 -7 -8 -8 -5 -6 -7 -6 -2 -5 -7 -6 -7    2   0   1   0   8   0   0  82   0   0   0   0   0   0   0   3   0   0   0   0  2.28 0.91
  278 D   -7 -7 -3  9 -3 -6 -3 -6 -6 -8 -8 -6 -7 -8 -6 -4 -6 -8 -7 -8    0   0   1  94   1   0   1   1   0   0   0   0   0   0   0   1   0   0   0   0  3.02 1.13
  279 S    2 -4  1 -5  8 -5 -5 -4 -6 -1 -4 -5 -5 -6 -4  3 -1 -6 -6  3   15   1   7   0  28   0   0   1   0   4   1   0   0   0   1  18   4   0   0  19  1.09 0.55
  280 F   -4 -4 -5 -6 -6 -5 -5 -7  2 -4  1 -5  0  4 -7 -5 -6  6  8 -3    2   1   1   0   0   0   1   0   4   1  14   1   2  13   0   1   0   9  48   1  1.76 0.75
  281 G    5 -5 -2  5 -3 -5 -3  0 -2 -6 -6 -5 -6 -7 -5  1 -2 -7 -6 -5   40   0   1  35   1   0   1   7   1   0   0   0   0   0   0  11   2   0   0   0  1.23 0.64
  282 R   -6  9 -4 -7 -8 -2 -6 -7 -6 -6 -7 -3 -7 -8 -7 -5 -6 -8 -7 -8    1  94   1   0   0   2   0   0   0   1   0   0   0   0   0   1   0   0   0   0  3.05 1.17
  283 F   -1 -5 -1 -6  1 -4 -5 -5  1  0  0 -5  3  4 -6 -3  0 -1  7  1    4   0   3   0   3   1   0   1   3   5   8   0   6  14   0   2   7   1  35   8  0.96 0.49
  284 L   -1  0 -3 -4  0 -1 -2 -5 -3  1  3  0  5  0 -5 -3 -2  0  0  0    6   6   1   1   2   3   3   0   0   6  34   6  13   4   0   1   2   1   3   6  0.44 0.29
  285 V   -2 -7 -4 -7  3 -5 -7 -6 -7  3  0 -6  0 -4 -7 -6 -3 -7 -6  6    2   0   1   0   7   0   0   0   0  14   9   0   2   0   0   0   1   0   0  61  1.50 0.67
  286 R   -2  1 -2 -3  3 -1 -2  0  2  0  0  0  2  1  1 -1  0 -2  2 -1    1   8   0   0   8   0   0   8   8   8   8   8   8   8   8   1   8   0   8   0  0.11 0.14
  287 G   -1 -1 -1 -4  1 -1 -3 -2  1  1  0 -1  3  3 -1 -1 -1  6  1  1    4   3   3   0   3   3   0   3   3   8  10   3   8  12   3   5   3  10   4  10  0.26 0.20
  288 M    0  1  0  2 -1  1  3 -2  0 -2  0  1  0  0 -3 -1 -1 -3  0 -2    6   6   4  11   2   5  23   3   2   2  11   8   2   4   1   2   2   0   3   2  0.19 0.14
  289 E   -4 -4 -4  3 -6  2  7 -5 -4 -6 -5 -3 -5 -6 -4 -4 -4 -5 -5 -5    1   1   0  12   0   8  71   1   0   1   1   1   0   0   1   1   1   0   0   1  1.81 0.68
  290 I   -1 -5 -5 -6  1 -3 -5 -5 -5  4  1 -5  8 -1 -4 -3 -1 -5 -4  2    5   0   0   0   3   1   0   0   0  19  11   0  38   3   1   1   4   0   0  13  1.09 0.53
  291 I   -2  4 -3 -2 -4 -1  0 -3  1  0  0  1  0  2 -3 -2 -2  3  2 -2    3  28   1   2   0   2   7   1   4   5  12   7   3   8   1   1   2   4   8   2  0.36 0.27
  292 E   -2 -2  1 -2 -5  6  5 -5 -2 -4 -4 -1 -1 -5 -4 -3 -1 -5 -5 -1    2   1   6   1   0  36  37   0   1   1   1   2   1   0   0   1   4   0   0   5  1.13 0.59
  293 S    0 -4 -3 -2 -2 -4 -4 -3 -5 -4 -6 -4 -5 -4 -2  7 -2 -6 -5 -4    7   0   0   2   1   0   0   1   0   1   1   0   0   1   2  81   1   0   0   1  1.71 0.81
  294 A    0 -3 -1 -4  2 -3 -4 -4 -3  4  3 -3  1 -1 -4 -2 -1 -2 -2  2    7   1   3   1   4   1   0   1   1  25  31   1   3   1   0   3   3   1   1  13  0.49 0.29
  295 K   -1  4  1  3 -5 -1  1 -2 -1 -4 -3  4 -4 -4 -4  0 -2 -5 -1 -3    4  24   6  14   0   1   7   3   1   1   2  26   0   1   0   6   1   0   2   1  0.59 0.35
  296 I   -4 -4 -6 -6 -4 -5 -6 -6 -5  7  3 -4  2 -2 -5 -5 -2 -5 -1 -1    0   1   0   0   0   0   0   0   0  60  24   1   4   1   0   0   2   0   2   1  1.41 0.60
  297 L    0 -5 -5 -5  2 -3 -5 -5 -5  6  1 -5  2 -3 -5 -3 -2 -5 -4  2    8   0   0   0   4   1   0   0   0  50  13   0   4   0   0   1   3   0   0  12  0.99 0.46
  298 V   -2  5 -2  0 -3  1  3 -3  0 -3 -1  2 -1 -3 -4 -2 -2 -2 -1 -2    2  28   1   4   1   7  23   1   2   1   6  13   2   1   0   2   1   0   2   3  0.55 0.34
  299 E   -1  0  0 -2 -5  8  1 -3  0 -5 -4 -1 -4 -2 -4 -2 -3 -3 -2 -5    5   4   4   2   0  63   6   2   2   0   1   2   0   2   0   2   1   0   1   1  1.43 0.68
  300 L    4 -4 -4 -5  8 -3 -4 -2 -5  1  0 -4 -2 -2 -4 -2 -2 -1 -3  0   37   1   0   0  28   1   0   2   0   7   9   0   1   2   0   2   1   1   1   5  0.99 0.48
  301 H   -2 -4 -5 -5  0 -4 -4 -5 -3  3  4 -4  2  0 -3 -2 -2 -4 -2  2    3   1   0   0   2   0   1   1   1  18  48   0   3   3   1   3   1   0   1  11  0.72 0.36
  302 D    0  1  1  4 -3  0  3 -2 -1 -4 -3  1 -4 -2 -1 -1 -2 -4 -4 -3    9   9   7  24   1   4  21   2   2   1   2  10   0   2   3   3   2   0   0   1  0.47 0.29
  303 E   -1  3  2  0 -3  2  0 -1  1 -3 -1  3  2 -3 -3 -1 -2  2 -2 -3    3  14  10   4   0  10   6   5   3   1   7  19   6   1   0   3   2   3   1   1  0.29 0.23
  304 I   -3 -4 -5 -4 -4 -4 -5 -3 -3  3  4 -4  6 -1 -5 -4 -2 -4  2 -1    2   1   0   1   0   0   0   2   1  15  44   0  19   2   0   1   3   0   6   2  0.90 0.44
  305 K   -2  0 -2 -2 -5 -2 -1 -3 -3 -3 -4  1 -3 -6  7 -2 -2 -6 -5 -3    3   6   2   2   0   2   4   2   1   2   2   7   1   0  59   3   2   0   0   2  1.44 0.62
  306 N    0 -1  0  2 -4  0  3  1 -1 -3 -4  0 -2 -4  2  0  0 -2 -2 -3    9   2   5  13   0   3  22   9   1   1   1   6   1   1  10   7   5   1   1   2  0.32 0.24
  307 S   -2 -4 -1 -1  2 -3 -1  6 -1 -3 -4 -3 -3 -3 -1  0  0 -5 -4 -2    2   1   3   4   4   1   4  55   2   1   2   1   1   1   4   7   6   0   1   3  0.89 0.46
  308 N   -2 -3  0  2 -6 -1  1  0 -1 -5 -5 -1 -1 -3  6 -1 -1 -6 -4 -4    3   1   5  11   0   2  10   8   1   1   1   4   2   2  40   5   3   0   0   1  0.88 0.48
  309 N   -2 -1 -1 -2 -4 -1 -1  2 -1  3 -1 -1 -1 -1  2 -2 -1 -1  2  2    2   3   3   3   0   2   3  16   1  20   4   4   1   1   9   2   3   1   7  14  0.23 0.21
  310 E    0  2 -1  0 -1  0  2 -3 -1 -1 -2  3  1 -2  1 -1 -1 -4 -1  0    8  13   3   4   1   3  12   1   1   4   3  18   4   2   6   2   3   0   3   8  0.18 0.17
  311 R    0  1  1 -2 -4 -2 -2 -3 -1  1  1 -1  0 -3 -1 -1  0  1  0  4    8   7   7   2   0   1   2   2   1   6  11   4   2   0   3   3   7   2   3  29  0.22 0.22
  312 G    0 -1 -1 -1 -1 -2  0 -1 -2  0 -1 -1 -1 -3  4  1  2 -4  0  0    9   4   2   3   1   1   6   5   1   5   5   3   2   1  18   8  15   0   4   7  0.24 0.22
  313 K   -2 -1  0  0 -5 -1  1 -1  0 -1 -1  3  1 -1  2 -1 -1 -1  0  0    3   3   4   6   0   2  10   4   2   4   5  22   4   2  10   4   4   1   4   7  0.23 0.23
  314 N   -1  1  1 -1 -1 -2 -2  1  0  0  0  1  0 -1  2 -1  0  2 -2  1    4   8   9   3   1   1   2  10   3   5   8  10   2   2   9   2   5   3   1  11  0.10 0.13
  315 H   -1  0 -1 -1  0  0 -1 -2  2  1  0  0  0  2  1 -1 -1  1  2 -1    4   4   3   3   3   3   4   3   5  10   9   7   3  12   8   3   4   2   6   4  0.09 0.11
  316 K   -2  2 -1 -2 -1 -1  0 -1  1 -1 -2  4  2 -1  0 -2 -1 -5 -1 -2    3  12   3   2   1   2   6   6   3   5   4  29   5   3   6   3   3   0   2   3  0.36 0.31
  317 Q   -1  0 -1 -1  1  0 -1 -3 -2  2  1  0  1  0  2 -1  0 -3  0  1    5   5   3   3   3   5   3   0   0  14  12   6   5   4  13   3   4   0   3   9  0.12 0.14
  318 G    0 -1  0  0 -4 -1  0  0  1 -1 -2  0 -3 -1  5 -1 -1 -4  0 -1    7   3   4   4   0   3   5   7   3   3   3   5   0   3  34   4   4   0   3   4  0.51 0.34
  319 G    2 -1 -1  2 -2 -1  2 -1 -1 -3 -3  2 -2 -3  2  0 -1 -1 -2 -1   19   3   3  11   1   2  13   4   1   1   2  14   1   1  11   6   3   1   2   4  0.27 0.25
  320 G   -2 -3 -1 -2 -2 -1 -4  7 -2 -4 -5 -2 -1 -2 -2 -2 -3 -6 -6 -6    3   1   3   2   1   3   1  69   1   1   1   2   2   2   3   3   2   0   0   0  1.39 0.68
  321 E   -3 -2 -4  2 -2  1  6 -4  0 -2 -4 -1 -3 -2 -5 -1 -2 -6 -2 -3    2   2   0  12   1   6  55   1   2   3   1   3   1   2   0   3   2   0   2   2  1.09 0.63
  322 G    2 -2 -2 -4  1 -3 -3  1  0  1 -1 -3 -1  0 -2 -1  2 -1  3  2   16   2   1   0   3   0   0  12   3   6   3   0   1   3   2   4  13   1  10  19  0.27 0.26
  323 L   -3 -3 -4 -3  0 -3 -1 -5 -1  1  0 -2 -1  3 -5 -3 -1  1  8 -1    2   1   1   1   2   1   5   1   1   8   8   3   1   9   0   2   4   2  45   4  1.07 0.57
  324 A    2 -2 -1 -2  2  0 -2  1  2 -1 -3 -2  0 -1 -3  1  1  3  0  1   16   1   2   1   4   4   1  13   6   2   1   2   2   3   0  10  11   4   4  13  0.21 0.22
  325 R    2  5 -2 -4  1 -2 -2 -2 -1 -3 -3 -1 -1 -1 -1  0 -1  1  3 -1   19  30   1   0   3   1   2   3   2   1   2   3   1   3   3   8   3   2  10   3  0.46 0.36
  326 V   -1 -3  1 -3 -4 -3 -3 -2 -1  3 -2 -4 -1 -2 -4  0  2 -5 -1  4    5   1   7   1   0   1   1   4   2  15   3   0   1   1   0   7  13   0   2  35  0.51 0.37
  327 E   -6 -5 -5 -4  1 -3  8 -7 -5 -7 -7 -4 -6 -7 -6 -5 -6 -7 -6 -7    0   0   0   0   3   0  93   0   0   0   0   0   0   0   0   0   0   0   0   0  2.68 1.20
  328 S    5 -4  0 -3  0  1 -3  1  2 -5 -4 -4 -2 -5 -3  3 -1 -2 -4 -2   42   0   5   1   2   6   1   9   4   0   1   0   1   0   1  20   2   1   0   2  0.70 0.47
  329 P    1 -5 -5 -4 -6  0 -4  0  0 -6 -6 -5 -1 -6  8 -1 -2 -1 -6 -6   10   0   0   1   0   5   1   6   2   0   0   0   2   0  62   6   3   1   0   0  1.69 0.80
  330 S   -4  6  1 -5 -6 -2 -4 -3 -1 -4 -3  5 -5 -6 -4 -2 -1  0 -5 -5    1  48   5   0   0   1   0   2   1   1   3  29   0   0   1   3   3   1   0   0  1.31 0.66
  331 G   -4 -6 -4 -5 -6 -5 -6  8 -6 -7 -6 -5 -6 -6 -6 -4 -5 -6 -6 -6    1   0   0   0   0   0   0  94   0   0   1   0   0   0   0   0   0   0   0   0  2.51 0.92
  332 D   -2 -1 -4  1 -2  0  7 -5 -3  0 -4 -2 -2 -4 -4 -3 -1 -6 -5 -2    2   3   0   6   1   4  65   0   0   5   2   1   1   1   1   1   3   0   0   4  1.28 0.66
  333 L   -1 -5 -1 -2  0 -2 -5 -4 -3  2  3 -4  2  4 -5 -3 -3 -3  1  1    4   0   3   3   2   2   0   1   0  11  34   0   4  17   0   1   1   0   5  11  0.54 0.33
  334 A   -1  0 -3 -5 -1 -3 -4  5 -3 -1 -2 -4 -1  1 -5 -2 -1 -4  2 -1    5   5   1   0   1   1   0  50   0   5   4   0   2   7   0   2   4   0   9   4  0.79 0.45
  335 Y   -3 -6 -6 -7  3 -5 -6 -7  4  1 -2 -6  0  4 -6 -5 -3  0  7  3    2   0   0   0   6   0   0   0  10   8   2   0   2  14   0   0   1   1  35  20  1.25 0.61
  336 Y   -5 -2 -4 -5 -6 -2 -6 -5  4 -4 -2 -3 -1  4 -7  0 -2  1  8 -3    0   2   1   1   0   2   0   1   8   0   3   2   1  13   0   8   3   2  53   2  1.58 0.73
  337 V   -2 -5 -6 -2 -3 -5 -5 -4 -5  4  4 -5  3  0 -6 -4 -2 -5  1  3    3   0   0   3   0   0   0   1   0  20  35   0   6   3   0   1   2   0   5  21  0.77 0.42
  338 K   -1  2 -3 -4 -1 -2  0 -2 -3  2 -2  1  0 -2 -5 -3 -1 -1 -3  4    5  13   1   0   1   1   7   4   0  10   2  10   2   1   0   1   3   1   0  36  0.44 0.34
  339 L    1 -4 -3 -2 -3 -3 -4  2 -4  0 -1 -4 -2 -1 -3  5  1 -6 -3 -2   10   0   0   1   0   0   0  15   0   6   7   0   1   3   1  42   9   0   1   3  0.60 0.45
  340 N   -4  1  4  6 -2 -1  1 -1 -4 -7 -5  0 -6 -7 -5 -2 -2 -7 -6 -5    1   7  17  49   1   2   7   4   0   0   1   6   0   0   0   2   3   0   0   1  1.17 0.60
  341 N   -3 -4  1  2 -6 -2 -2  6 -3 -7 -7  0 -6 -7 -4 -2 -3 -7 -3 -4    1   1   6  12   0   2   2  62   0   0   0   6   0   0   1   2   2   0   1   1  1.31 0.63
  342 G   -1 -3  2  0 -5  0 -2  5 -3 -6 -3  2 -5 -6 -2  2  0 -1 -5 -4    3   1   9   4   0   5   1  37   0   0   3  12   0   0   2  18   4   1   0   1  0.66 0.42
  343 I   -2  4  0 -2 -5  0 -1 -4 -1 -2 -1  4 -1 -1 -4 -1  1 -5 -1  0    1  21   4   2   0   3   3   1   1   2   6  28   1   3   0   4  10   0   2   6  0.44 0.33
  344 I   -3 -4 -5 -3 -1 -5 -5 -5 -6  2  1 -4 -1 -3  7 -5 -3 -7 -6  2    2   1   0   2   1   0   0   1   0  10  13   1   1   1  52   0   1   0   0  14  1.38 0.67
  345 D   -4  1  0  0 -6 -2 -1 -5 -2 -4 -4  0 -3  0  0 -2 -2  5  7 -2    0   7   4   7   0   1   5   1   1   0   1   6   1   3   6   3   3   8  41   3  0.98 0.55
  346 S   -5  8 -3 -1 -8  0 -2 -5  1 -7 -7 -1 -2 -5 -3 -3 -5  1 -1 -7    1  74   1   4   0   3   2   1   3   0   0   2   1   0   2   2   0   2   2   0  1.84 0.83
  347 V   -1 -4 -5 -6  5 -5 -5 -6 -3  2  2 -5  2  1 -5 -2 -2  5 -1  3    6   0   0   0  12   0   0   0   1   9  19   0   6   6   0   3   2   9   1  25  0.72 0.40
  348 S   -2  4 -2 -3 -6 -1 -1 -4  5 -2 -4  5 -2 -4 -5 -2 -4 -6  0 -4    3  23   1   1   0   2   4   1  13   3   1  42   1   1   0   3   0   0   3   1  1.05 0.57
  349 L   -2 -6 -6 -6  0 -5 -6 -5 -3  6  1 -6  2  2 -3 -4 -3  2  1  3    4   0   0   0   2   0   0   1   1  42  12   0   4   7   1   0   1   3   4  19  0.92 0.47
  350 L   -6  8 -4 -2 -7 -1 -4 -7 -2 -2 -4  1 -3 -7 -6 -1 -5 -7 -4 -1    0  75   0   2   0   2   0   0   1   3   2   7   1   0   0   4   0   0   0   4  1.90 0.85
  351 T    3 -1 -2  0  0 -4 -2 -1 -4 -4 -5 -3 -4 -1  1  1  4 -6 -5 -1   23   4   1   5   2   0   2   5   0   0   0   0   0   3   8  12  32   0   0   4  0.57 0.42
  352 P    0 -7 -6 -6 -1 -6 -6 -4 -7 -2 -7 -6 -4 -8  8 -2 -4 -8 -7 -5    9   0   0   0   1   0   0   1   0   3   0   0   1   0  80   3   1   0   0   0  2.50 1.00
  353 S   -1 -3 -3  0  3 -3 -4  2 -5 -5 -5 -4 -3 -6 -5  5  3 -6 -4 -3    3   1   0   5   5   1   0  15   0   0   1   0   0   0   0  48  20   0   0   1  1.00 0.60
  354 Q   -2 -5 -5 -7 -4 -2 -5 -6 -3  0 -1 -4  0  8 -7 -3 -3  3  4 -1    3   0   0   0   0   2   1   0   1   5   5   1   2  55   0   2   2   4  13   4  1.47 0.64
  355 V    2  0  0 -2  1 -1 -3 -2  0  2 -1 -2  2 -1  1  0  1  0 -1  1   17   4   6   1   3   3   0   1   2  12   3   2   7   3   6   7   8   1   1  12  0.13 0.17
  356 N   -4 -3  8 -2 -7 -4 -5 -3  7 -5 -4 -5 -2 -5 -6 -3 -2 -7 -1 -6    1   1  62   1   0   0   0   2  21   1   2   0   1   0   0   1   3   0   2   0  1.94 0.85
  357 L   -2 -3 -6 -6 -2 -3 -6 -4 -5  3  5 -5  2  0 -5 -4 -3  3  0  0    3   1   0   0   1   1   0   1   0  18  53   0   4   3   1   1   1   5   3   5  0.93 0.48
  358 N    1  0 -1 -1  0  5  0  0 -1 -2 -2 -1 -1 -2  1  1 -2 -2 -1 -3   12   5   2   2   2  31   6   6   1   2   4   2   1   2   7   9   2   0   2   1  0.38 0.33
  359 L    4 -5 -3 -5  0 -3 -4  0 -5  2  0 -4 -1 -3 -1  0  0 -5 -3  1   42   0   1   0   2   0   0   7   0  10  10   0   1   1   3   8   4   0   1  10  0.53 0.38
  360 F   -2 -5 -6 -6  1 -5 -6 -6 -5  1  4 -5  5  3 -5 -4 -3  3  1  1    2   0   0   0   3   0   0   0   0   6  44   0  15  11   0   1   1   4   4   8  0.92 0.47
  361 L    1  0 -1  2 -4  0  2 -1  0 -2 -1  0 -1 -4  4 -1 -1 -5 -4 -1   11   4   3  13   0   3  12   4   2   2   7   4   1   0  22   4   2   0   0   4  0.35 0.26
  362 K    0  0 -2  0 -4  1  3 -4  3 -2 -2  2 -1  0  0 -1  0 -2  2 -1    8   3   1   4   0   7  22   0   7   3   3  14   2   4   4   3   5   0   6   6  0.25 0.24
  363 S    1 -5 -6 -6 -1 -4 -5 -4 -3  3  3 -4  7 -3 -5 -2 -2 -5  0  0   12   0   0   0   1   0   0   1   1  13  26   0  32   0   0   4   2   0   3   5  0.97 0.53
  364 V    1 -5 -4 -5  4 -4 -5 -2 -5  2  3 -4  4  0 -4  1 -1 -5 -2  1   10   0   1   0  10   0   0   2   0   9  29   0  11   4   0  10   3   0   1  10  0.52 0.35
  365 I   -2  3 -3 -3 -4  1  1 -4 -2  0 -2  4 -2 -5  3 -2 -1 -6 -3  0    2  17   0   0   0   5   9   0   1   6   4  29   1   0  12   2   3   0   1   8  0.55 0.38
  366 N   -4  0  1  0 -7 -3 -4  7 -1 -8 -8 -1 -5 -7 -6 -4 -3 -7 -6 -7    1   5   5   5   0   1   1  75   2   0   0   3   0   0   0   1   2   0   0   0  1.73 0.76
  367 T    0 -2  1 -1  3  1  0  0  5 -3 -2 -2  2 -1 -4  0  0 -1  1 -1    9   2   7   3   8   5   6   7  19   1   3   1   6   2   0   5   7   1   6   4  0.33 0.27
  368 I   -2  1 -1 -1 -4  2  0 -4  2  0  1  2  4 -1 -3 -1  0 -4  0 -1    2   6   2   3   0   9   6   1   5   6  15  12  15   3   1   3   6   0   3   3  0.24 0.23
  369 F   -3 -6 -6 -6 -4 -5 -6 -7 -4  4  4 -6  0  1 -4 -4 -4 -5 -2  3    1   0   0   0   0   0   0   0   0  24  41   0   2   6   1   1   0   0   1  21  1.02 0.50
  370 T    6 -5 -4 -1 -4 -2 -3 -2 -1 -5 -5 -3 -1 -6 -1  2  1 -6 -5 -4   64   0   0   4   0   2   1   2   2   0   0   1   2   0   3  12   7   0   0   0  1.12 0.62
  371 D   -7 -7 -1  9 -9 -4 -3 -5 -6 -8 -9 -6 -8 -9 -7 -5 -6 -9 -3 -8    0   0   2  95   0   0   0   0   0   0   0   0   0   0   0   0   0   0   1   0  2.97 1.12
  372 F    2 -5 -5 -6 -2 -5 -5 -3 -5  2  2 -5  2  2 -5 -3 -2 -5 -3  4   20   0   0   0   0   0   0   1   0  12  16   0   5   8   0   1   2   0   1  35  0.72 0.42
  373 Q   -1 -5 -4 -5 -4 -1 -1 -4 -2  2 -1 -4  3 -2  4 -2 -1 -4 -4  4    5   0   1   0   0   2   3   1   1  13   3   0   7   1  24   3   4   0   0  31  0.71 0.43
  374 F    4 -4 -3 -5 -3 -3 -4 -3 -2  0  1 -4 -1  0 -1  0  2 -5 -4  1   39   0   1   0   0   0   0   1   1   6  14   0   1   5   2   5  14   0   0  11  0.53 0.39
  375 N    0 -6 -1 -6 -1 -6 -6 -5 -6  7  0 -6 -1 -3 -6 -3  1  0 -3  2    8   0   4   0   1   0   0   1   0  56   5   0   1   0   0   1   9   1   0  12  1.14 0.57
  376 W   -1 -5 -2 -6 -4 -4 -5 -5 -5  5  3 -5  2  2 -4 -4 -2  2  3  2    4   0   2   0   0   0   0   0   0  31  25   0   4   6   1   0   2   2   9  13  0.73 0.40
  377 E    2 -3 -1 -1 -3 -4 -2  5 -3 -1 -1 -2 -1 -4 -5 -1 -2 -2 -5 -1   20   1   3   3   0   0   3  45   1   4   7   2   2   1   0   3   2   1   0   4  0.67 0.39
  378 S   -2 -5 -1 -5 -5 -2 -5 -3 -4 -6 -6 -5 -4 -7 -5  7  4 -7 -3 -6    2   0   2   0   0   1   0   2   0   0   0   0   0   0   0  70  20   0   1   0  1.68 0.84
  379 F   -3 -5 -5 -6  2  0 -5 -6 -5  5  3 -5  3  3 -6 -2 -1 -3  0  0    1   0   0   0   5   4   0   0   0  31  27   0   6  11   0   3   4   0   2   4  0.74 0.40
  380 G   -4 -6  2  8 -8 -4 -3  1 -3 -8 -8 -5 -7 -2 -6 -5 -5 -8 -4 -8    2   0   8  78   0   0   0   9   0   0   0   0   0   2   0   0   0   0   1   0  2.19 0.89
  381 I   -2 -6 -5 -6 -5 -5 -5 -5 -6  5  0 -5  0  0  6 -4 -3  0  1  2    3   0   0   0   0   0   0   1   0  29   6   0   2   4  37   0   1   1   5  11  1.13 0.55
  382 W   -4 -7 -4 -7  9 -6 -7 -7 -7  2 -3 -7 -3  1 -7 -4 -2  3 -2  5    0   0   1   0  35   0   0   0   0  10   0   0   0   5   0   1   2   4   1  40  1.69 0.70
  383 V    0 -5 -5 -6 -4 -4 -5 -3 -3  3  2 -5  5  5  2 -3 -2 -4 -1  1    7   0   0   0   0   0   0   2   1  16  15   0  15  23  10   1   2   0   1   8  0.67 0.38
  384 S    1 -5 -4 -5 -1 -5 -5  6 -5 -6 -5 -4 -6 -6  3  3 -4  0 -6 -4    9   0   0   0   1   0   0  52   0   0   1   0   0   0  13  21   0   1   0   1  1.23 0.58
  385 E   -3 -4 -3  3 -1 -2  7 -1 -4 -7 -7 -3 -6 -7 -5 -1 -4 -7 -6 -6    1   0   0  15   1   0  73   5   0   0   0   0   0   0   0   4   0   0   0   0  1.69 0.70
  386 I    1 -5 -6 -6  3 -5 -5 -5 -6  4  1 -5  0 -3 -5 -4 -3 -5 -4  5   11   0   0   0   7   0   0   0   0  27  10   0   1   0   0   0   0   0   0  44  0.99 0.44
  387 G   -2 -5 -3  8 -7 -4  1 -3 -5 -7 -7 -4 -7 -7 -5 -4 -5 -8 -7 -7    3   0   0  89   0   0   7   2   0   0   0   0   0   0   0   0   0   0   0   0  2.38 0.80
  388 V   -1 -3 -4 -4 -1 -3 -3 -4 -4  3  2 -3  1 -1 -3 -2 -1 -3 -2  4    0   0   0   0   0   0   0   0   0  15  20   0   0   0   0   0   0   0   0  64  0.41 0.05
  389 M   -1 -2 -1  3 -2 -1 -1 -2 -2  0  0 -2  2  3 -2  0 -1 -2  0  1    0   0   0  27   0   0   0   0   0   0   0   0  21  22   0  13   0   0   0  17  0.15 0.02
  390 L   -2 -3 -4 -4 -1 -3 -3 -4 -3  3  4 -3  2  0 -3 -3 -1 -2 -1  2    0   0   0   0   0   0   0   0   0  40  60   0   0   0   0   0   0   0   0   0  0.41 0.02
  391 K   -1  2  0  0 -3  3  3 -2  0 -3 -3  4 -1 -3 -1  0 -1 -3 -2 -3    0   0   0   0   0  26  21   0   0   0   0  53   0   0   0   0   0   0   0   0  0.48 0.01

                      K         Lambda
Standard Ungapped    0.1395     0.3197
Standard Gapped      0.0410     0.2670
PSI Ungapped         0.1855     0.3176
PSI Gapped           0.0568     0.2670
