
Last position-specific scoring matrix computed, weighted observed percentages rounded down, information per position, and relative weight of gapless real matches to pseudocounts
           A  R  N  D  C  Q  E  G  H  I  L  K  M  F  P  S  T  W  Y  V   A   R   N   D   C   Q   E   G   H   I   L   K   M   F   P   S   T   W   Y   V
    1 M   -2 -3 -4 -4 -3 -2 -3 -4 -3  0  1 -3  9 -1 -4 -3 -2 -3 -2 -1    0   0   0   0   0   0   0   0   0   0   0   0 100   0   0   0   0   0   0   0  1.56 0.28
    2 P    2  1  0 -2 -3  0 -1 -2 -2 -3 -3  4 -2 -4  4  1 -1 -4 -3 -2   22   3   3   0   0   0   0   0   0   0   0  43   0   0  20   8   0   0   0   0  0.56 0.14
    3 L   -2 -4 -4 -5 -2 -3 -4 -5 -4  4  4 -4  1  1 -4 -3 -2 -3 -2  1    0   0   0   0   0   0   0   0   0  34  57   0   1   4   0   0   0   0   0   4  0.73 0.20
    4 T    0 -2  1 -2 -2 -2 -2 -2 -3 -3 -3 -2 -2 -4 -2  3  5 -4 -3 -2    4   0   8   0   0   0   0   0   0   0   0   0   0   0   0  26  62   0   0   0  0.84 0.26
    5 A    2 -3 -3 -3 -3 -2 -2 -2 -3 -3 -2 -2 -3 -4  6  2 -1 -4 -4 -1   22   0   0   0   0   0   0   0   0   0   4   0   0   0  50  19   0   0   0   4  1.09 0.26
    6 L    0  0  0  1 -2  0  1 -2 -2  1  2  0  0 -2 -2  0  0 -3 -2 -1    7   7   4  11   0   4   8   0   0  10  29   7   0   0   0   6   6   0   0   0  0.10 0.07
    7 E   -1 -2 -1  5 -4  2  4 -3  2 -4 -2 -1 -3 -4 -3 -1 -2 -4 -3 -4    5   0   0  43   0  12  30   0   6   0   5   0   0   0   0   0   0   0   0   0  0.79 0.24
    8 I   -1 -4 -4 -4 -2 -4 -4 -4 -4  5  1 -4  2 -2 -4 -3 -2 -4 -2  4    5   0   0   0   0   0   0   0   0  53   7   0   4   0   0   0   0   0   0  30  0.77 0.24
    9 K   -2  4  1 -2 -4  4  0 -3  3 -4 -3  2 -2 -4  0 -1 -1 -4 -2 -3    0  35   6   0   0  22   4   0  11   0   1  13   0   0   4   0   3   0   0   0  0.64 0.22
   10 D   -2  0  5  0 -4  3  1 -2  1 -3 -4  1 -2 -4 -3  0  0 -4 -3 -2    0   2  42   2   0  16  10   0   3   0   0  11   0   0   0   6   5   0   0   4  0.58 0.21
   11 K   -2  0 -1  0 -4  3  2 -3  3 -1 -1  3  0 -3  0 -1 -2 -4 -2  0    0   2   0   3   0  19  12   0  11   3   5  31   3   0   4   0   0   0   0   7  0.37 0.17
   12 T    0 -1 -1 -1 -3  3  3 -2 -2 -3 -3  0 -2 -4 -2  2  3 -4 -3 -1    8   0   0   0   0  16  26   0   0   0   0   3   0   0   0  17  26   0   0   4  0.46 0.20
   13 F    0 -5 -5 -5 -4 -5 -5 -5 -3 -2  0 -5 -2  8 -5 -4 -4 -1  1 -3    9   0   0   0   0   0   0   0   0   0   5   0   0  86   0   0   0   0   0   0  1.69 0.41
   14 S   -1  0  1  2 -3  0  3 -2  1 -4 -4  2 -3 -4 -2  2  2 -4 -3 -3    0   3   5  12   0   0  23   0   5   0   0  19   0   0   0  19  14   0   0   0  0.44 0.19
   15 S    0  2 -1 -2 -2  1  0 -1 -2  0 -1  2 -1 -3  0  0  1  2 -2  1    8  14   0   0   0   5   5   3   0   3   3  16   0   0   3   8  12   4   0  17  0.15 0.11
   16 K    0  3 -1 -1 -3  0 -1  1 -2 -1 -2  2 -2 -3 -2  1  0 -4 -3  1    5  23   0   3   0   3   0  10   0   2   0  17   0   0   0  12   5   0   0  20  0.24 0.15
   17 F    0 -1 -3 -4 -3 -2 -3 -2 -3  1  2  1  4  5 -4 -3 -2 -2  0 -1    8   3   0   0   0   0   0   3   0   6  20  10  17  33   0   0   0   0   0   0  0.45 0.21
   18 R   -2  6  0 -3 -4 -1 -2  1  1 -4 -2  2 -3 -4 -3  0 -2 -4 -3 -4    0  60   3   0   0   0   0  12   3   0   4  11   0   0   0   5   0   0   0   0  0.85 0.28
   19 G    0 -4 -2 -3 -4 -4 -4  7 -4 -5 -5 -3 -4 -5 -4 -2 -3 -4 -5 -5    8   0   0   0   0   0   0  92   0   0   0   0   0   0   0   0   0   0   0   0  1.78 0.42
   20 Y   -4 -4 -4 -5 -4 -4 -4 -5 -1 -3 -1 -4 -3  2 -5  0 -3  0  8 -3    0   0   0   0   0   0   0   0   0   0   4   0   0   6   0   8   0   0  82   0  1.88 0.48
   21 S   -1  0  2  5 -4 -1  2 -1  0 -4 -4 -1 -3 -4 -3  1 -2 -5 -3 -4    3   6  12  44   0   0  15   2   3   0   0   2   0   0   0  13   0   0   0   0  0.70 0.23
   22 E   -2  1 -2 -2  0  0  3 -3 -2 -1 -3  3 -2 -4  4 -1 -1 -4 -3  1    0   6   0   0   2   2  21   0   0   2   0  28   0   0  21   2   1   0   0  13  0.53 0.23
   23 E    1  2 -1  4 -4  1  2 -1  0 -3 -4  1 -3 -4 -2 -1 -1 -4 -3 -2   13  16   0  30   0   5  17   3   2   0   0   8   0   0   0   0   4   0   0   2  0.47 0.20
   24 E   -1 -1 -1  3 -5  3  5 -3  1 -4 -4  1 -3 -5 -3 -1 -2 -4 -3 -4    5   0   0  14   0  19  48   0   4   0   0   7   0   0   0   3   0   0   0   0  0.84 0.31
   25 V   -2 -4 -4 -4 -2 -4 -4 -4 -4  2 -1 -4 -1 -2 -4 -3 -2 -4 -3  6    1   0   0   0   0   0   0   0   0   6   1   0   0   0   0   0   0   0   0  89  1.27 0.40
   26 N   -1 -1  3  6 -4  0  1 -2  2 -4 -4 -2 -4 -4 -3 -1 -2 -4 -3 -4    4   3  13  60   0   3   4   0   6   0   1   0   0   0   0   3   0   0   0   0  0.99 0.30
   27 E    2 -2  0  4 -3  1  3  0 -2 -3 -3 -1 -2 -3 -2  0 -1 -4 -3 -2   26   0   2  26   0   4  21   5   0   0   1   0   0   0   0   6   3   0   0   3  0.42 0.18
   28 F   -3 -4 -4 -4 -4 -4 -4 -4 -2 -2  0 -4 -2  7 -4 -3 -3  0  6 -2    1   0   0   0   0   0   0   0   0   0   6   0   0  56   0   0   0   0  33   0  1.45 0.39
   29 L   -3 -4 -4 -5  2 -3 -4 -5 -4  1  5 -4  3 -1 -4 -4 -3 -3 -3  1    0   0   0   0   4   0   0   0   0   5  71   0   9   0   0   0   0   0   0   8  0.92 0.34
   30 E    1  0  1  2 -3  1  2  0  0 -1 -1  0 -2 -3 -2  0 -1 -4 -3  0   16   5   9  15   0   9  15   5   2   3   4   6   0   0   0   3   0   0   0   8  0.19 0.13
   31 I   -1  2  0  1 -3  2  2 -3  2 -1 -2  1 -1 -3 -2  1  1 -4 -2 -2    2  16   2  10   0  13  15   0   5   4   2   5   2   0   0  10  13   0   0   0  0.31 0.18
   32 V   -1 -4 -1 -4 -3 -3 -1 -4 -4  1  3 -3  0 -2 -4 -3 -1 -4 -3  5    4   0   3   0   0   0   5   0   0   5  30   0   0   0   0   0   3   0   0  50  0.64 0.31
   33 V    3  0 -2 -1  0 -1  1 -2  0  0 -1 -2  1 -2 -3  2 -1  4 -2  0   29   5   0   3   2   0   9   0   3   7   5   0   4   0   0  17   0   7   0   7  0.24 0.20
   34 D    0  2  2  1 -3  2  2  0  0 -3 -2  1 -2 -4 -2  0  0 -4 -3 -2    8  14  11   9   0  14  16   7   2   0   3   6   0   0   0   2   5   0   0   3  0.27 0.16
   35 D    0  0  0  2 -3  3  3 -2 -1 -3 -2  0 -2 -3 -2  1  0 -3  1 -2    7   2   3  10   0  16  27   2   0   0   4   5   0   0   0  10   7   0   7   2  0.34 0.20
   36 Y   -2 -3 -4 -4  0 -3 -4 -4 -3  2  2 -3  3  2 -4 -2  0  6  3  1    2   0   0   0   2   0   0   0   0  11  22   0   9  10   0   2   5  15  12   8  0.57 0.24
   37 E    1  1 -1  2 -4  1  4 -3 -2 -3 -4  0 -3 -4 -3  1  1 -4 -3 -2   10   8   0  11   0   6  39   0   0   0   0   3   0   0   0  10  10   0   0   3  0.52 0.26
   38 D    0  3 -1  3 -4  2  2 -1 -2 -3 -3  1 -3 -4 -3  0  0 -4 -3 -2   10  22   0  19   0  13  13   2   0   0   0   6   0   0   0   5   7   0   0   2  0.43 0.22
   39 L    0 -3 -4 -1 -3 -3 -3 -4  0  1  4 -3  2  1 -4 -3 -1 -3  0  2    7   0   0   4   0   0   0   0   3   3  55   0   5   4   0   0   2   0   3  13  0.51 0.26
   40 I    0  0  0 -1 -2  0  1 -3  1  0  1  0 -1  0 -2  0  1 -2  1  0    6   5   4   2   0   3  13   0   5   8  18   5   0   2   0   8  13   0   6   3  0.08 0.10
   41 R    1  2  0  2 -3  2  3 -1  0 -1 -3  1  0 -4 -2  0 -1 -4 -3 -2   19  13   2  10   0   9  21   3   3   4   0   5   3   0   0   7   0   0   0   0  0.30 0.18
   42 R   -1  4 -2  2 -5  1  4 -2 -2 -5 -4  0 -3 -5 -3 -2  0 -5 -4 -4    3  28   0  12   0   6  42   3   0   0   0   2   0   0   0   0   5   0   0   0  0.79 0.35
   43 N   -1  0  5 -2 -3 -1 -2 -3  3  1  1 -1 -1 -3 -3  0 -1 -4 -2  0    2   4  37   0   0   2   0   0   9   9  17   3   0   0   0   6   3   0   0   8  0.39 0.25
   44 R    2  1  0 -1 -3  2  2 -2 -2  0 -3  2  0 -3 -2  0 -1 -4 -3 -2   27   9   5   2   0   9  13   0   0   7   0  18   3   0   0   5   2   0   0   0  0.29 0.20
   45 E    1  2 -1  2 -4  1  3 -1 -2 -1 -2 -1  1 -4 -3  0 -1 -4 -3 -2   13  16   0  14   0   5  30   3   0   5   2   0   6   0   0   4   3   0   0   0  0.38 0.23
   46 Q    2 -1 -3 -4 -3  2 -1 -4 -3 -1  4 -2  3 -2 -4 -2 -2 -3 -3 -1   21   3   0   0   0  12   5   0   0   0  50   0   8   0   0   0   0   0   0   1  0.52 0.31
   47 E   -1  2  0  0 -4  3  2 -3  1 -2 -3  3  0 -4 -3 -1  0 -4 -3 -3    2  14   4   3   0  19  18   0   3   3   0  23   3   0   0   3   4   0   0   0  0.48 0.24
   48 Q    0  2  1  2 -4  1  2 -2  1 -3 -3  2  1 -4 -1  0 -2 -4 -3 -3    8  15   6  15   0   4  13   0   3   0   0  19   7   0   2   8   0   0   0   0  0.35 0.19
   49 Y    1  3 -2 -2 -4  4  2 -3 -2 -3 -3  3 -2 -4 -3 -1 -1 -4 -1 -1   12  21   0   0   0  26  13   0   0   0   0  18   0   0   0   0   3   0   2   5  0.54 0.28
   50 I    0 -1 -2 -4 -2 -3 -4 -4 -3  3  4 -3  3 -1 -2 -3 -2 -3  0  2    6   3   2   0   0   0   0   0   0  16  46   0   7   0   2   0   0   0   3  14  0.49 0.24
   51 K    0  2  0  0 -4  1  3  1 -2 -3 -2  2 -2 -4 -2  0 -1 -4 -3 -2    7  16   2   5   0   5  29  11   0   0   3  13   0   0   0   4   2   0   0   2  0.36 0.19
   52 D    0  0  0  2 -3  2  3 -3  2 -1 -2 -1 -2 -3 -1  0  0 -3  0  0   10   3   4  13   0  11  24   0   7   4   2   0   0   0   3   3   5   0   4   8  0.24 0.16
   53 L    2 -1 -3 -1 -2 -2  1 -3 -3 -1  3 -2  0 -2 -3 -1  0 -3  0  0   22   2   0   4   0   0  11   0   0   0  44   0   0   0   0   3   5   0   3   6  0.31 0.23
   54 E    0  3  0  0 -4  2  3 -3  1 -4 -4  1 -3 -4 -1  1 -1 -4 -3 -3    9  18   2   4   0  11  30   0   4   0   0   8   0   0   3   8   3   0   0   0  0.47 0.23
   55 E    0  3 -1  1 -4  2  3 -3 -2 -3 -3  1 -1 -4 -1  0  0 -4 -3 -2    6  17   0   8   0  12  28   0   0   0   0   9   2   0   2   8   4   0   0   3  0.44 0.22
   56 K    1  3  0  1 -4  0  3  0 -2 -4 -4  2 -3 -4 -3 -1 -2 -4 -1 -3   15  22   4   6   0   2  30   6   0   0   0  12   0   0   0   0   0   0   3   0  0.48 0.25
   57 I    0 -1 -1 -1 -2 -2 -3 -2 -3  2  3 -2  1 -1  1 -1 -1 -3 -2  1    9   3   2   3   0   0   0   2   0  17  37   0   2   0   8   5   2   0   0  10  0.26 0.17
   58 A    2  2  1  1 -3  3  2 -1 -2 -4 -4  2 -2 -4 -2  0 -2 -4 -3 -3   21  10   6   9   0  21  16   2   0   0   0  10   0   0   0   5   0   0   0   0  0.43 0.23
   59 Y    1  0 -1  0 -3  0  0  0  3 -1  0  2 -2  0 -2  0 -2 -2  3 -2   12   5   0   5   0   3   7   7  10   3   9  17   0   2   0   5   0   0  15   0  0.16 0.14
   60 F    2 -2 -3 -2 -3  0 -2 -1  0 -2  1  0 -1  3 -3 -2 -2 -1  5 -1   23   0   0   2   0   5   0   4   2   0  17   6   0  13   0   0   0   0  26   2  0.38 0.23
   61 N    0  4  0  1 -4  1  1 -3  0 -4 -4  4 -3 -4 -1  0 -1 -4 -3 -3    8  29   2   8   0   4   8   0   2   0   0  31   0   0   2   4   2   0   0   0  0.56 0.25
   62 E   -1  2  0  2 -4  3  4 -2 -2 -4 -3  0 -3 -4 -1  1 -1 -4 -3 -3    3  14   3  12   0  13  36   2   0   0   2   0   0   0   2  11   2   0   0   0  0.53 0.25
   63 M   -1 -2 -3 -2 -2  1  1 -1 -3  3  1 -1  3 -2 -3 -2  0 -3 -2  2    4   0   0   0   0   8  10   5   0  30   8   2  10   0   0   0   4   0   0  18  0.26 0.18
   64 K   -1 -1 -1  0 -4  0  5  0  3 -4 -3  1 -3 -4 -3  0 -1 -4 -3 -3    5   2   0   2   0   0  54   8   9   0   2   8   0   0   0   5   3   0   0   0  0.67 0.29
   65 E   -1  0  1  3 -4  2  3 -3 -2 -3 -3  2  0 -4  0  0 -2 -4 -3 -3    5   4   4  22   0  11  27   0   0   0   2  12   3   0   4   6   0   0   0   0  0.47 0.21
   66 S    1  2 -1 -1 -3  0  0 -2 -2 -3 -3  0  1 -1 -2  2  3 -4 -2 -2   13  16   0   2   0   4   3   0   0   0   0   3   4   3   0  23  28   0   0   0  0.37 0.23
   67 L    0 -3 -4 -4 -2 -3 -4 -4 -4  2  4 -3  1 -1  0 -1 -2 -3 -3  1    8   0   0   0   0   0   0   0   0  14  58   0   3   0   4   4   0   0   0   9  0.58 0.26
   68 S    1  0  1  0 -2  2  0  0  0 -1 -1  0  0  1 -2  1 -1 -2  1 -1   19   6   7   3   0  12   3   7   2   2   4   4   4   8   0  12   0   0   5   2  0.10 0.10
   69 Q   -2  4  0  1 -4  4  2 -3 -1 -4 -2  2 -2 -4 -3  0 -1 -4 -3 -3    0  24   4   8   0  31  10   0   0   0   3  14   0   0   0   4   3   0   0   0  0.63 0.27
   70 S    3 -3 -2 -3 -2 -2 -2 -1 -3  1 -2 -2  1 -3 -2  2  3 -4 -3  1   29   0   0   0   0   0   0   3   0   9   0   0   5   0   0  18  27   0   0   9  0.41 0.25
   71 V   -3 -4 -4 -5 -3 -4 -4 -1 -4  3  4 -4  2  1 -4 -4 -3 -3 -2  0    0   0   0   0   0   0   0   5   0  20  63   0   5   5   0   0   0   0   0   2  0.77 0.31
   72 I    0  2 -2 -1 -2  0  0 -2 -2  2  0  1 -1 -1 -2  1 -1 -3 -2  2    9  13   0   2   0   3   5   2   0  20   4  12   0   2   0  12   0   0   0  17  0.14 0.13
   73 L    0 -2  0 -1 -2  2 -2 -3 -2  2  2 -2  0 -2 -3  1  2 -3 -2  1    8   0   5   2   0  14   0   0   0  13  24   0   0   0   0  10  16   0   0   7  0.20 0.17
   74 A    6 -3 -3 -4 -2 -3 -3 -1 -4 -1 -3 -3 -3 -4 -1  0 -1 -4 -4 -1   84   0   0   0   0   0   0   2   0   3   0   0   0   0   2   4   2   0   0   3  1.08 0.43
   75 Q   -3  2 -2 -2 -5  6  4 -4 -2 -5 -4 -1 -3 -5 -3 -2 -3 -4 -4 -4    0  11   0   0   0  55  34   0   0   0   0   0   0   0   0   0   0   0   0   0  1.34 0.48
   76 E   -1  2  0  3 -4  3  4 -3 -2 -3 -2  2 -3 -4 -3 -1 -2 -4 -3 -2    2  14   2  16   0  13  30   0   0   0   3  17   0   0   0   0   0   0   0   3  0.55 0.24
   77 T    1 -2  2  0 -2 -1  1 -1 -2 -1 -1  0  2 -3 -2  1  3 -3 -2  0   13   0  11   2   0   0  14   3   0   0   3   4   9   0   0   7  26   0   0   8  0.23 0.17
   78 A    5 -3 -2 -3 -2 -2 -2  1 -3 -3 -3 -2 -3 -4 -2  2 -1 -4 -3 -2   70   0   0   0   0   0   0  10   0   0   0   0   0   0   0  17   0   0   0   0  0.92 0.38
   79 E    1  0  1  3 -3  1  2 -2  1 -3 -3  1 -2 -4 -2  0  0 -4 -3 -2   16   4   6  24   0   4  19   0   3   0   0   8   0   0   0   6   6   0   0   2  0.36 0.17
   80 R    0  3  0  1 -4  2  4 -2  0 -2 -2  1 -2 -4 -2  0 -1 -4 -3 -3    6  17   4   6   0   7  33   0   2   2   3  10   0   0   0   7   2   0   0   0  0.42 0.19
   81 V    1  0 -1 -3 -2  0 -1 -3 -2  2  1  0  2 -1 -2 -1  1 -3 -2  1   13   6   2   0   0   3   3   0   0  18  17   4   9   0   0   0  10   0   0  13  0.16 0.12
   82 K   -1  2  0 -2 -3 -1  0 -1 -2  1  1  2 -1 -2 -2 -1  0 -3 -2  1    4  18   4   0   0   0   7   3   0   9  18  20   0   0   0   0   3   0   0  13  0.17 0.14
   83 I    2  2  0  1 -3  2  3 -1 -2 -1 -3  0 -2 -3  0  0 -1  2 -2 -2   21  11   4   7   0  10  24   4   0   5   0   2   0   0   3   3   0   4   0   0  0.28 0.17
   84 S    0  0  3  2 -3  2  2  0 -1 -3 -3  1 -2 -3 -2  0  0 -3 -3 -2    8   3  20   9   0  14  17   6   0   0   1   7   0   0   0   4   6   0   0   3  0.32 0.15
   85 A    6 -3 -3 -1 -2 -2 -2 -2 -3 -3 -3 -2 -3 -4 -2  0 -2 -4 -3 -1   86   0   0   3   0   0   0   1   0   0   1   0   0   0   0   2   0   0   0   3  1.11 0.42
   86 Q   -1  3  2  0 -3  1  1 -2  0 -3 -2  2  0 -3  1 -1  0 -3 -2 -2    4  26  13   5   0   7  11   1   2   0   5  14   3   0   6   1   4   0   0   0  0.33 0.15
   87 D    0  2  1  1 -3  2  2 -2 -1 -2 -1  2 -2 -3 -2  1 -1 -3 -2 -1   11  14   7   5   0   9  19   1   0   0   7  12   0   0   0  10   2   0   0   3  0.23 0.12
   88 E   -1 -1  1  1 -3  1  5 -3 -2 -2 -3  0 -3 -4 -2  0  1 -4 -3 -2    4   0   8   4   0   5  51   1   0   2   1   5   0   0   0   6   9   0   0   2  0.59 0.25
   89 A    5 -3 -3 -3 -2 -2 -2 -2 -3 -2 -3 -2 -2 -1 -2  1 -1 -4 -3  0   73   0   0   0   0   0   0   0   0   0   0   0   0   4   0  10   3   0   0   8  0.83 0.36
   90 S    1  1  0  3 -3  0  3 -2 -2 -3 -3  2 -3 -4 -2  0 -1 -4 -3 -3   14   8   3  20   0   2  26   0   0   0   0  16   0   0   0   6   2   0   0   0  0.45 0.20
   91 N    0  2  0  0 -3  2  2 -2 -1 -1  0  2 -1 -3 -2 -1 -1 -3 -2 -1    5  15   4   4   0  13  20   2   0   2  13  14   0   0   0   2   2   0   0   3  0.24 0.14
   92 L    0  1 -3 -3 -2 -2 -2 -3 -2  3  1  0  2 -1 -3 -2  1 -2  1  1    8   9   0   0   0   0   0   0   0  30  16   6   6   0   0   0  10   0   6   6  0.23 0.16
   93 M   -2  2 -3 -3 -2  0  0 -3 -2  2  2  1  1 -2 -3 -2 -2 -3 -2  2    0  14   0   0   0   3   5   0   0  19  28  12   4   0   0   0   0   0   0  13  0.27 0.16
   94 G    2  2  0  1 -3  1  3  0  1 -3 -3  1 -3 -3 -2  0 -1 -4 -1 -3   28  11   2   6   0   4  27   5   4   0   0   5   0   0   0   7   0   0   2   0  0.37 0.20
   95 K   -1  0  1  2 -4  3  4 -3 -2 -4 -2  2 -3 -1 -3  0 -2 -4 -3 -3    3   4   6  10   0  14  42   0   0   0   3  13   0   3   0   4   0   0   0   0  0.59 0.26
   96 A    6 -3 -3 -3 -2 -2 -3 -2 -3 -1 -3 -2 -2 -4 -3  0  0 -4 -3  0   81   0   0   0   0   0   0   0   0   2   0   0   0   0   0   5   6   0   0   4  1.00 0.40
   97 T   -1  4  0 -1 -4  2  2 -2  1 -2 -3  1  0 -3 -3  0 -1 -4 -3 -1    2  33   5   0   0  12  19   2   3   2   0   7   2   0   0   6   2   0   0   4  0.45 0.21
   98 F    1  1 -1  0 -3  3  1 -2 -1 -1 -1  1  1 -1 -2  0  1 -3 -2 -1   16   9   0   3   0  20  11   2   0   2   2   6   5   2   0   3  14   0   0   4  0.21 0.15
   99 D   -1  2 -1  3 -4  2  3 -1 -1 -2 -1  2 -2 -3 -2 -1 -2 -3 -1 -2    5  15   0  19   0   9  21   4   0   2   8  13   0   0   0   0   0   0   3   0  0.33 0.17
  100 A    5 -3 -3 -3  1 -2 -3  0  0 -1 -3 -2 -2 -4 -3  0 -2 -4 -3  0   75   0   0   0   3   0   0   3   3   4   0   0   0   0   0   4   0   0   0   5  0.85 0.37
  101 Q    1  1  0  3 -3  3  3 -2  2 -3 -3  1 -2 -4 -2 -1 -1 -4 -2 -2   12   8   2  17   0  14  22   0   8   0   0   9   0   0   0   2   2   0   0   3  0.39 0.18
  102 H   -1  2 -1  2 -3  1  2 -1  0 -2 -1  2 -2 -3  1 -1 -2 -3 -3 -2    4  15   0  14   0   6  18   5   2   2   9  17   0   0   6   0   0   0   0   0  0.27 0.15
  103 L   -2  0 -1 -3 -2  0 -2 -2 -2  3  2 -1  2 -1 -3 -1  0 -3 -1  1    0   6   3   0   0   5   0   4   0  25  29   2   8   0   0   3   6   0   2   4  0.23 0.15
  104 I   -2  0 -3 -3 -2 -1  0 -4  0  3  2 -2  0 -1 -3 -2 -1 -3 -2  2    0   5   0   0   0   3  10   0   3  25  29   0   0   0   0   0   2   0   0  22  0.34 0.19
  105 D    2  0  1  1 -3  1  2 -1 -1 -3 -2  1 -2 -3 -2  1  0 -3 -3 -2   22   5   9  10   0   6  20   3   0   0   5   7   0   0   0   8   5   0   0   0  0.25 0.14
  106 E   -1  0 -1  3 -4  1  5 -2 -2 -4 -4  0 -3 -4 -2  1  0 -4 -3 -3    4   4   0  20   0   5  46   2   0   0   0   2   0   0   0  10   4   0   0   0  0.68 0.28
  107 A    6 -3 -3 -4 -3 -1 -3  0 -4 -3 -4 -3 -3 -4 -3  0 -2 -5 -4 -2   89   0   0   0   0   3   0   4   0   0   0   0   0   0   0   3   0   0   0   0  1.26 0.48
  108 K   -2  5  1 -1 -4  1  1 -2  1 -4 -3  3 -3 -4 -3 -1 -2 -4 -3 -4    2  41   6   3   0   6  10   2   3   0   2  22   0   0   0   2   0   0   0   0  0.67 0.27
  109 L    1  2  1  1 -3  1  2 -1  0 -2 -1  1  0 -2 -2  1  0 -3 -1 -1   13  13   6   7   0   4  16   1   2   0   4   7   4   0   0   9   6   0   3   4  0.16 0.10
  110 K   -2  3 -1  1 -4  4  2 -3  2 -4 -2  2 -2 -1 -3  0 -1 -3 -1 -3    0  16   0   9   0  24  14   0   6   0   3  14   0   3   0   6   2   0   2   0  0.45 0.22
  111 A    4 -1 -3 -3 -2 -2 -3 -1 -3  0 -1 -2  1 -3 -3  0 -1 -4 -3  2   58   3   0   0   0   0   0   3   0   4   5   0   3   0   0   6   2   0   0  16  0.53 0.29
  112 N    2  0  1  4 -3  0  3  0 -2 -4 -4  0 -3 -4 -2  0 -2 -4 -3 -3   21   5   8  30   0   2  21   5   0   0   0   2   0   0   0   4   0   0   0   0  0.52 0.23
  113 Q    1  1  0  1 -3  2  2 -1 -1 -2 -1  1  0 -3 -2  1 -1 -3 -2 -1   19  10   2   5   0  10  19   2   0   0   6  10   2   0   0  10   0   0   0   4  0.22 0.14
  114 I   -1 -1 -3 -3 -2  0 -3 -4 -3  4  2 -2  2 -1 -3 -1  0 -3 -2  1    4   4   0   0   0   6   0   0   0  41  26   0   5   0   0   4   4   0   0   4  0.42 0.21
  115 L   -2  1 -2 -2 -2  0  2 -3 -2  1  2  1  1  0 -2 -2  0 -3 -2  1    0  10   0   0   0   2  17   0   0   7  29   8   2   3   0   0   5   0   0  13  0.18 0.13
  116 R    0  3  2  1 -3  1  1 -1  0 -3 -2  0 -2 -3  1  0 -1  2 -1 -3    9  22  14   8   0   8  10   4   2   0   2   0   0   0   6   4   3   3   3   0  0.25 0.13
  117 D    0 -1  1  3 -3  1  3  0  0 -3 -3  0 -2 -1  0  0 -1 -3 -2 -3    7   1   9  22   0   6  31   6   2   1   1   3   0   3   3   4   1   0   0   1  0.41 0.17
  118 A    4 -2 -2 -3 -2  0 -2 -1 -2 -2  0 -1 -2 -1  0  0  1 -3 -2 -1   61   1   0   1   0   4   1   1   0   1   9   3   0   2   4   3   7   0   0   3  0.49 0.25
  119 T   -1  3 -1  1 -3  2  3 -3 -1  0 -1  1 -2 -3 -2 -1 -1 -3 -2 -1    4  18   0   5   0  11  28   1   0   6   7   9   0   0   0   2   2   0   0   4  0.32 0.17
  120 D    0  0  1  2 -3  2  3 -2  1 -3 -2  0 -2 -3 -2  0  0 -3 -2 -2   10   5   7  14   0   8  24   1   4   0   5   5   0   0   0   6   7   0   0   1  0.28 0.13
  121 D   -1  1 -1  2 -3  2  3  0 -1 -3 -1  2 -2 -1 -2  1 -1 -3 -2 -3    1   8   0  14   0   9  26   6   0   0   7  15   0   3   0   9   1   0   0   1  0.31 0.16
  122 A    4  2 -2 -2  1  0 -1 -2  2 -1 -2  1 -2 -1 -2  1  0 -3 -2 -2   46  13   0   1   3   4   1   1   5   3   1   7   0   2   0   6   5   0   0   1  0.34 0.21
  123 K    0  4 -1 -1 -3  2  2 -1  0 -3 -3  2 -2 -3 -2 -1  0 -3 -2 -2    8  35   0   1   0   7  19   3   2   0   1  12   0   0   0   1   6   0   0   3  0.47 0.21
  124 R   -1  4  1  0 -3  2  1 -2  1 -1 -1  1  0 -2 -2 -1  0 -3  0 -2    2  29   8   3   0  13  10   1   3   3   7   6   3   0   0   2   5   0   4   1  0.29 0.16
  125 V   -1  0 -3 -3 -2 -2 -1 -3  0  1  3 -1  2 -1 -3 -2 -1 -3 -2  1    4   4   0   0   0   0   6   1   3   8  48   3   7   0   0   1   3   0   0  10  0.33 0.18
  126 A    1  0 -1  1  1  0  1 -2  0  1  0  1 -1 -2 -2  0  0 -3 -2  1   13   3   2   7   3   3  13   0   3   8  13  10   0   0   0   5   2   0   0  14  0.07 0.07
  127 I    2  0 -1  0 -2  1  0  0 -2 -1  0  0 -1 -1 -2  1  1 -3 -2  0   25   7   0   4   0   8   3   6   0   2  12   5   0   3   0  12   7   0   0   5  0.10 0.09
  128 E   -1  0  0  2 -3  3  4 -3 -1 -2 -2  0 -2 -4 -2  1 -1 -4 -3 -2    5   3   4  10   0  17  37   0   0   3   3   3   0   0   0   8   3   0   0   3  0.45 0.22
  129 T    2  1 -2 -3 -2 -2 -1 -3 -3  1  0 -1  0 -3 -2 -1  4 -3 -3  1   19  10   0   0   0   0   3   0   0  10   6   3   2   0   0   0  38   0   0   8  0.34 0.23
  130 E    0  1  0  2 -3  1  4 -2  0 -2 -3  1 -2 -4 -2  0  0 -4 -3 -3   10   9   3  15   0   6  32   0   2   3   2   7   0   0   0   8   4   0   0   0  0.40 0.20
  131 D    0  0  2  3 -3  3  1 -1  1 -3 -3  0 -2 -1 -2  0 -1 -4 -2 -1   11   3   9  26   0  19   7   3   4   0   0   4   0   3   0   3   2   0   0   5  0.34 0.19
  132 L    0  1 -3 -1 -3 -2 -1 -4 -3  0  3  0  1  1 -3 -2  0 -3 -2  0    8   8   0   4   0   0   4   0   0   0  50   6   3   5   0   0   6   0   0   5  0.30 0.20
  133 K    1  2  1 -1 -3  1  1 -1  1 -2 -1  2 -1 -1 -2  1 -1 -3 -2 -1   20  12   6   0   0   4  13   2   3   0   7  16   0   2   0   8   0   0   0   5  0.17 0.13
  134 R    0  4  0  2 -4  0  2 -1 -2 -4 -4  2 -3 -4 -3 -1 -2 -4 -3 -4    8  36   2  15   0   3  19   5   0   0   0  13   0   0   0   0   0   0   0   0  0.61 0.27
  135 Q    1  2 -2 -1 -3  4  1 -3  0 -3 -2  1 -2  1 -3 -1 -2  2  0 -2   14  16   0   2   0  28   8   0   2   0   3   8   0   6   0   3   0   3   3   3  0.35 0.21
  136 S    0  1 -2 -2 -2 -1  0 -3 -2  1  1  0  3  0 -2  1  1 -3  0  0   10   8   0   0   0   0   9   0   0   8  18   4  12   3   0  13  11   0   3   3  0.13 0.13
  137 R    0  4 -2  0 -4  1  3 -3 -2 -2 -1  1  0 -1 -3 -1 -1 -3 -2 -2   10  31   0   3   0   5  23   0   0   2   4   8   3   4   0   2   3   0   0   2  0.38 0.21
  138 V    0  1  0  0 -3  0  3 -1  0  0  0  0 -1 -3 -2 -1  0 -3 -2  1    7   9   5   4   0   2  28   5   2   5   8   5   0   0   0   0   6   0   0  12  0.16 0.14
  139 F    0 -2 -2  0 -3 -1  2 -3 -1 -2 -1 -1  0  3 -3  0  1 -1  4 -1    9   0   0   4   0   0  22   0   0   0   3   2   3  15   0   4  12   0  23   3  0.37 0.23
  140 H    0  3 -2 -3 -3 -1 -2  0  2 -1  0  1  1 -1 -3  0 -1 -3  1 -1   11  28   0   0   0   0   0   9   7   3  14   8   4   2   0   5   2   0   5   3  0.19 0.16
  141 Q    2  1  0  1 -3  3  2 -2  0 -2 -2  1 -2 -3 -2  0  1 -3 -2 -1   21   6   3   8   0  16  17   0   2   0   3   6   0   0   0   3   9   0   0   4  0.27 0.16
  142 R   -1  5  2  0 -3  1  0  0  1 -3 -2  1 -2 -3 -2  0 -1 -3 -2 -3    5  40  11   3   0   5   5   6   3   0   4   6   0   0   0   7   2   0   0   0  0.42 0.19
  143 L   -2 -1 -3 -3 -2 -2 -1 -4  1  1  4 -2  2  1 -3 -2 -2 -2  1  1    1   4   0   0   0   0   5   1   4   3  51   0   7   7   0   3   0   0   6   7  0.38 0.19
  144 L   -2  3 -1  1 -3  1  1 -3 -2  1  1  1  0 -1 -2 -1  0 -3 -2  0    0  23   0   8   0   4   9   0   0  14  13   9   3   3   0   4   6   0   0   3  0.16 0.12
  145 S    1 -1  2  0 -2 -1 -1  0 -2 -1 -2  0  0 -3  0  2  0 -3 -2  1   15   3  13   3   0   0   3   5   0   3   0   7   4   0   4  23   2   0   0  14  0.16 0.13
  146 E   -2 -1 -2 -2 -2  0  0 -3 -1  0  2 -1  2  2 -3  0 -1 -1  3  0    1   3   0   0   0   5   8   0   0   3  25   4   7  10   0  11   0   0  15   6  0.18 0.13
  147 L    1  0 -3 -4 -2 -2 -3 -3 -3  2  3 -1  1 -1 -3 -2 -2 -2  1  1   13   7   0   0   0   0   0   0   0  14  41   5   3   0   0   0   0   0   7   8  0.31 0.18
  148 E   -1  1  2  2 -3  1  4 -3  0 -3 -1 -1 -2 -3 -2  0  1 -4 -3 -3    3  10  13   9   0   5  36   0   2   0   6   0   0   0   0   4   9   0   0   0  0.43 0.21
  149 G    2  0  0 -2 -2  2 -1  1 -1 -3 -2  1  0 -3 -2  1  0 -3  0 -2   29   3   5   0   0  13   0  12   0   0   0  11   4   0   0  14   3   0   4   0  0.26 0.17
  150 Q   -1  0 -1  0 -4  5  4 -3 -1 -2 -3  0  0 -4 -3  0 -2 -4 -3 -3    3   4   0   4   0  44  30   0   0   3   0   3   4   0   0   5   0   0   0   0  0.76 0.30
  151 L   -1 -2 -3 -3 -2 -2 -3  0 -2  1  3  1  2 -1 -3 -2 -2 -2  2  1    4   0   0   0   0   0   0   9   0   4  45  12   6   0   0   0   0   0  12   8  0.29 0.17
  152 K    1  3 -1  1 -4  0  4 -1 -1 -4 -3  2 -3 -4 -2  0 -2 -4 -3 -3   15  21   0   8   0   0  36   4   0   0   0  12   0   0   0   4   0   0   0   0  0.50 0.20
  153 L   -1  1 -2  0 -2  0 -1  0 -2  1  1  0  1 -2  0  0 -1 -3 -2  1    0   9   0   5   0   5   0  10   0  12  20   5   4   0   5   9   0   0   0  15  0.07 0.07
  154 A    0 -3 -4 -4 -2 -3 -4 -4 -3  3  4 -3  1 -1 -4 -3 -2 -3  0  2    7   0   0   0   0   0   0   0   0  26  51   0   0   0   0   0   0   0   4  11  0.54 0.19
  155 N    1  1  1  1 -3  2  3 -2  2 -3 -3  2 -2 -3  1  0  0 -3 -2 -2   17   6   8   5   0   9  26   0   6   0   0  12   0   0   6   0   5   0   0   0  0.33 0.12
  156 S    1 -2  3  2 -2 -1  0  0 -2 -3 -2 -1 -2 -3 -2  3  1 -4 -3 -2    9   0  16  11   0   0   5   5   0   0   5   0   0   0   0  41   9   0   0   0  0.38 0.16
  157 S    1 -1  1  2 -2  0  1 -2 -1 -2 -1  0 -2 -2  1  1  1 -3  0 -2   11   0   5  17   0   3  11   0   0   0   6   6   0   0   8  17  11   0   5   0  0.23 0.09
  158 A    2  0 -1  2  2 -1  0 -2  1 -1 -1 -1  1 -2 -2  0  0 -3 -2  0   30   5   0  15   5   0   7   0   6   0   5   0   6   0   0   5   5   0   0  11  0.14 0.10
  159 W   -2  3  0  0 -4 -1  1 -3 -2 -3  0  1 -2  1 -3 -2 -2  8  1 -3    0  22   6   5   0   0  13   0   0   0  11   7   0   5   0   0   0  26   5   0  0.63 0.18
  160 E   -1 -1  1  4 -3  0  4 -2 -1 -3 -3  0 -2 -3 -2  0  0 -3  0 -1    4   0   5  26   0   0  37   0   0   0   0   4   0   0   0   5   7   0   5   6  0.46 0.16
  161 E    1 -1  2  1 -2  0  2 -2  2 -3 -3  0 -2 -2 -2  1  1 -3  1 -2   21   0  13   7   0   0  20   0   7   0   0   5   0   0   0   6  15   0   7   0  0.25 0.10
  162 L   -2 -3 -4 -4 -2 -3 -3 -4  2  2  4 -3  1 -1 -3 -3 -2 -3 -2  2    0   0   0   0   0   0   0   0   7   6  65   0   0   0   0   0   0   0   0  22  0.54 0.16
  163 L    0 -2 -2 -2 -2 -2  1 -3 -2  0  3 -2  0  3 -3 -1  1 -2  0 -1    6   0   0   0   0   0  15   0   0   0  44   0   0  20   0   0  15   0   0   0  0.28 0.12
  164 K   -1  4  1 -1 -3  0  1 -2 -1 -3 -3  3 -2  1  1  0 -1 -3 -2 -3    0  32   8   0   0   0   8   0   0   0   0  30   0   8   7   6   0   0   0   0  0.43 0.11
  165 P    0  0 -2 -2 -3 -1  0 -3 -2  0  0 -1 -1  1  5 -1 -1 -2  1 -1   10   9   0   0   0   0   9   0   0   9   8   0   0   9  37   0   0   0   9   0  0.50 0.09
  166 T    1  0 -1  1 -2  0  1 -1 -2  0 -2  2 -1 -3 -1  2  2 -3 -2 -1   21   0   0   9   0   0   9   0   0   9   0  19   0   0   0  17  15   0   0   0  0.19 0.06
  167 A    0  0 -1 -1 -3  5  0 -2 -1 -3 -3  2 -1 -3  3 -1 -1 -3 -2 -2    8   0   0   0   0  46   1   1   0   0   1  19   0   0  20   1   1   0   0   1  0.59 0.12
  168 I   -1 -1  1  1 -2  0  3 -2 -1  1 -1  1 -1 -2 -2  1 -1 -3 -2  0    1   0  10   9   0   0  28   1   0  17   1  10   0   0   0  11   1   0   0  10  0.16 0.05
  169 Y    2 -1 -1 -1 -2  0  2 -1  0 -2 -2  1 -1  0 -2  0 -1 -1  4 -1   31   1   0   1   0   0  22   1   0   1   1  11   0   0   1   1   1   0  28   1  0.28 0.08
  170 L   -1 -2 -1  1 -2 -2 -2 -2 -2  0  3 -2  1 -1 -2  2 -1 -3 -2  0    0   0   0  11   0   0   0   0   0   0  59   0   0   0   0  30   0   0   0   0  0.29 0.10
  171 Q    1 -1 -1  2 -2  1  0 -2 -2  1  0  1  0 -2 -2  0  1 -3 -2  0   22   0   0  18   0   8   0   0   0  20  11  11   0   0   0   0  10   0   0   0  0.11 0.05
  172 N    0 -1  5  0 -3  0  2 -1  0 -3 -3  0 -2 -3 -2  2  0 -4 -2 -3   10   0  47   0   0   0  21   0   0   0   0   0   0   0   0  21   0   0   0   0  0.53 0.11
  173 S    2  0 -1 -1 -2  0  1 -1 -1 -2 -2  2 -2 -3  2  2  1 -3 -2 -2   21   0   0   0   0   0  10   0   0   0   0  21   0   0   9  26  11   0   0   0  0.31 0.07
  174 D   -1  1 -1  1 -3  3  3 -2 -1 -1  0  0 -1 -2 -2  0 -1 -3 -2  0    0  11   0   8   0  18  31   0   0   0  11   0   0   0   0  11   0   0   0  11  0.27 0.07
  175 A    2 -1  1 -1 -2  1  1 -1 -1  0  0 -1  0 -2 -2  0 -1 -3 -2  1   38   0  10   0   0  11   9   0   0   0  11   0   0   0   0   0   0   0   0  21  0.16 0.07
  176 S    0 -1  1 -1 -2  0  1  2 -1  0 -2  1 -1 -3 -2  2  2 -3 -2 -1    0   0  11   0   0   0  11  19   0  10   0   9   0   0   0  18  21   0   0   0  0.21 0.06
  177 F   -2  1 -2 -3 -2 -1 -2 -3 -1  0  2  0  0  3 -3 -2  0 -1  2 -1    0  11   0   0   0   0   0   0   0   0  41  11   0  16   0   0  11   0  11   0  0.22 0.07
  178 K    2  0 -1 -1 -2  2  2 -2  3 -2 -1  2  2 -2 -2  0 -1 -3 -1 -1   26   0   0   0   0  12  13   0  13   0   0  23  13   0   0   0   0   0   0   0  0.24 0.06
  179 E    1 -1 -1  2 -2  0  3 -2 -1 -1 -1 -1  2 -2 -2  0  1 -3 -2  0   13   0   0  13   0   0  36   0   0   0   0   0  12   0   0   0  13   0   0  13  0.23 0.06
  180 V   -1 -2 -1  1 -2 -1  1 -3 -2  2  1 -2  0 -1 -2 -1  1 -3 -2  2    0   0   0  13   0   0  13   0   0  25  13   0   0   0   0   0  13   0   0  23  0.16 0.04
  181 V   -1 -2 -1 -1 -1 -1  1 -2 -2  3  0 -1  0 -1 -2 -1  2 -2 -2  2    1   1   1   1   0   1  14   1   0  39   1   1   0   0   1   1  26   0   0  11  0.17 0.05
  182 E    1  0 -1  2 -2  0  2 -2 -1 -1  1  1  0 -2 -1  0 -1 -2 -2 -1   14   1   1  14   0   1  23   1   0   1  27  13   0   0   1   1   1   0   0   1  0.14 0.03
  183 K   -1  1  0 -1 -3  1  2 -2  3 -3 -3  4 -2 -3 -1  2  0 -3 -1 -3    0   0   0   0   0   0  12   0  13   0   0  49   0   0   0  26   0   0   0   0  0.42 0.08
  184 V   -2 -2 -1 -3 -2 -1 -2 -3  6  0  1 -2  0  0 -3 -2 -2 -1  4  0    0   0   0   0   0   0   0   0  38   0  27   0   0   0   0   0   0   0  26  10  0.48 0.09
  185 L   -1 -2 -3 -3 -1 -2 -2 -3 -2  2  4 -2  3  0 -2 -2 -1 -2 -1  1    1   1   1   1   0   1   1   1   0  13  63   1  13   1   1   1   1   0   0   1  0.36 0.06
  186 D    0 -1  0  4 -2  0  2  1  3 -3 -3 -1 -2 -3 -1  0 -1 -3 -1 -2   14   1   1  37   0   1  13  14  13   1   1   1   0   1   1   1   1   0   0   1  0.35 0.05
  187 E   -1 -1  3  3 -4  0  3  1 -1 -4 -4  0 -3 -4 -2  0 -1 -4 -3 -3    0   0  25  26   0   0  36  13   0   0   0   0   0   0   0   0   0   0   0   0  0.56 0.08
  188 D    2  2  2  2 -2  0  3 -1 -1 -3 -3  0 -2 -3 -2  0 -1 -3 -2 -2   30  14  15  12   0   0  29   0   0   0   0   0   0   0   0   0   0   0   0   0  0.32 0.05
  189 D   -1 -2  0  4 -3 -1  2  1 -2  1 -2 -1 -1 -2 -2 -1 -1 -4 -3  1    0   0   0  43   0   0  14  15   0  14   0   0   0   0   0   0   0   0   0  14  0.32 0.05
  190 A    2 -2 -1 -2 -1 -1 -2  1 -2  1  1 -1  0 -2 -2  1  1 -3 -2  0   26   0   0   0   0   0   0  15   0  16  15   0   0   0   0  14  14   0   0   0  0.15 0.03
  191 L   -1 -2 -2 -3 -2 -2 -2 -3 -3  1  3 -2  1 -1  3 -1  1 -2 -2  1    0   0   0   0   0   0   0   0   0   0  47   0   0   0  19   0  17   0   0  17  0.33 0.04
  192 P    1 -2 -1  3 -3 -1  0 -2 -2 -3 -3 -1 -3 -4  6  0 -1 -4 -3 -2   19   0   0  32   0   0   0   0   0   0   0   0   0   0  49   0   0   0   0   0  0.97 0.07
  193 V   -1 -2 -2 -2 -1 -1  1 -3 -2  2  0 -2  0 -1 -2 -2  0 -3 -2  4    0   0   0   0   0   0  22   0   0   0   0   0   0   0   0   0   0   0   0  78  0.30 0.05
  194 V   -1 -3 -3 -4 -1 -3 -3 -4 -3  3  2 -3  1  3 -3 -2 -1 -1  0  3    0   0   0   0   0   0   0   0   0  22  19   0   0  22   0   0   0   0   0  38  0.32 0.03
  195 D   -2  0  1  5 -4  1  3 -2 -1 -3 -3  2 -3 -4 -2  0 -1 -4 -3 -3    0   0   0  57   0   0  22   0   0   0   0  22   0   0   0   0   0   0   0   0  0.65 0.04
  196 D   -2 -2  0  5 -3 -1  0 -2 -2  1 -2 -1 -2 -3  4 -1 -1 -4 -3 -1    0   0   0  57   0   0   0   0   0  22   0   0   0   0  22   0   0   0   0   0  0.58 0.05
  197 T    0 -2 -1 -2 -2 -2 -2  3 -2 -1 -2 -2 -1 -3  3  0  1 -3 -2  1    0   0   0   0   0   0   0  38   0   0   0   0   0   0  22   0  19   0   0  22  0.42 0.03
  198 E   -1  2  0  1 -3  1  4 -2 -1 -3 -3  1 -2 -3 -2  0  1 -3 -2 -2    0  19   0   0   0   0  62   0   0   0   0   0   0   0   0   0  19   0   0   0  0.51 0.05
  199 S    0 -2  0 -1 -2 -1 -1  4 -2 -2 -3 -1 -2 -3 -2  2  2 -3 -2 -2    0   0   0   0   0   0   0  47   0   0   0   0   0   0   0  25  28   0   0   0  0.47 0.02
  200 F   -2 -3 -3 -4 -3 -3 -3 -3 -1  0  0 -3  0  7 -4 -3 -2  1  3 -1    0   0   0   0   0   0   0   0   0   0   0   0   0 100   0   0   0   0   0   0  0.87 0.04
  201 D   -2 -1  1  5 -4  0  3 -2 -1 -3 -4  0 -3 -4 -2  0 -1 -4 -3 -3    0   0   0  72   0   0  28   0   0   0   0   0   0   0   0   0   0   0   0   0  0.82 0.03
  202 A    3 -2 -2 -2 -1 -1 -1 -1 -2 -2 -2 -1 -1 -3  5  1  0 -3 -2 -1   66   0   0   0   0   0   0   0   0   0   0   0   0   0  34   0   0   0   0   0  0.64 0.01
  203 T    2 -1 -1  0 -1  0  3 -1 -1 -2 -2  0 -1 -3 -1  1  2 -3 -2 -1   34   0   0   0   0   0  34   0   0   0   0   0   0   0   0   0  32   0   0   0  0.29 0.01
  204 R   -2  5 -1 -2 -3  0 -1 -3 -1 -1  2  1  0 -1 -2 -1 -1 -2 -2 -1    0  66   0   0   0   0   0   0   0   0  34   0   0   0   0   0   0   0   0   0  0.39 0.01
  205 Q   -1 -1 -2 -2 -2  3  0 -3 -1 -1  1  0  0 -2  5 -1 -1 -2 -2 -1    0   0   0   0   0  32   0   0   0   0  34   0   0   0  34   0   0   0   0   0  0.51 0.01
  206 F   -2 -2 -1  3 -3 -1  0 -2 -2 -2 -2 -2 -2  3  5 -1 -1 -2  0 -2    0   0   0  34   0   0   0   0   0   0   0   0   0  32  34   0   0   0   0   0  0.60 0.01
  207 S    4 -1 -1 -1 -1 -1 -1  0 -1 -2 -2 -1 -1 -2 -1  2  0 -3 -2 -1   68   0   0   0   0   0   0   0   0   0   0   0   0   0   0  32   0   0   0   0  0.37 0.01
  208 P   -1 -2 -2 -2 -3 -1 -1 -2 -2 -3 -3 -1 -3 -4  8 -1 -1 -4 -3 -3    0   0   0   0   0   0   0   0   0   0   0   0   0   0 100   0   0   0   0   0  2.08 0.03
  209 D   -2 -1  1  5 -4  1  3 -2 -1 -3 -4  0 -3 -4 -1  0 -1 -4 -3 -3    0   0   0  66   0   0  34   0   0   0   0   0   0   0   0   0   0   0   0   0  0.76 0.02
  210 E   -1 -1 -1  0 -3  1  3 -2 -1 -3 -3  0 -2 -4  6  0 -1 -3 -3 -2    0   0   0   0   0   0  50   0   0   0   0   0   0   0  50   0   0   0   0   0  1.01 0.00
  211 M   -1  4 -1 -2 -2  0 -1 -3 -1  0  1  1  4 -1 -2 -1 -1 -2 -1 -1    0  50   0   0   0   0   0   0   0   0   0   0  50   0   0   0   0   0   0   0  0.30 0.00
  212 E   -1  1  0  1 -3  2  4 -2  0 -3 -3  3 -2 -3 -1  0 -1 -3 -2 -2    0   0   0   0   0   0  50   0   0   0   0  50   0   0   0   0   0   0   0   0  0.50 0.00
  213 E    0  0  0  1 -2  1  4 -1 -1 -3 -3  0 -2 -3 -1  3  0 -3 -2 -2    0   0   0   0   0   0  50   0   0   0   0   0   0   0   0  50   0   0   0   0  0.43 0.00
  214 L    2 -2 -2 -3 -1 -1 -2 -1 -2  0  2 -2  1 -1 -2  0 -1 -2 -1  0   50   0   0   0   0   0   0   0   0   0  50   0   0   0   0   0   0   0   0   0  0.20 0.00
  215 Q   -1  0  0  1 -3  4  4 -2  0 -3 -3  1 -1 -3 -1  0 -1 -2 -2 -2    0   0   0   0   0  50  50   0   0   0   0   0   0   0   0   0   0   0   0   0  0.60 0.00
  216 R   -1  4  0 -1 -2  1  0 -1  0 -1 -1  1 -1 -1 -1  0  0 -1 -1 -1    4  53   2   3   1   2   3   4   1   3   5   3   1   2   3   4   3   1   2   3  0.24 0.00
  217 R   -1  4  0  0 -4  1  4 -2  0 -3 -3  2 -2 -3 -2  0 -1 -3 -2 -3    0  50   0   0   0   0  50   0   0   0   0   0   0   0   0   0   0   0   0   0  0.55 0.00
  218 V    0 -2 -1 -2 -1 -1 -2 -2 -2  1  0 -1  0 -1 -2  0  3 -3 -1  3    0   0   0   0   0   0   0   0   0   0   0   0   0   0   0   0  50   0   0  50  0.25 0.00
  219 E   -1  1  0  1 -3  2  4 -2  0 -3 -3  3 -2 -3 -1  0 -1 -3 -2 -2    0   0   0   0   0   0  50   0   0   0   0  50   0   0   0   0   0   0   0   0  0.50 0.00
  220 E   -1  1  0  1 -3  2  4 -2  0 -3 -3  3 -2 -3 -1  0 -1 -3 -2 -2    0   0   0   0   0   0  50   0   0   0   0  50   0   0   0   0   0   0   0   0  0.50 0.00
  221 S    1 -1  1  0 -1  0  0  0 -1 -2 -3  0 -2 -2 -1  4  1 -3 -2 -2    0   0   0   0   0   0   0   0   0   0   0   0   0   0   0 100   0   0   0   0  0.46 0.00
  222 N   -2  0  6  1 -3  0  0  0  1 -3 -4  0 -2 -3 -2  1  0 -4 -2 -3    0   0 100   0   0   0   0   0   0   0   0   0   0   0   0   0   0   0   0   0  0.73 0.01
  223 K    3  1 -1 -1 -1  0  0 -1 -1 -2 -2  3 -1 -3 -1  1  0 -3 -2 -1   50   0   0   0   0   0   0   0   0   0   0  50   0   0   0   0   0   0   0   0  0.29 0.00
  224 Q   -1  4  0 -1 -3  4  1 -2  0 -3 -2  2 -1 -3 -2  0 -1 -2 -2 -2    0  50   0   0   0  50   0   0   0   0   0   0   0   0   0   0   0   0   0   0  0.57 0.00
  225 L   -2 -2 -4 -4 -1 -2 -3 -4 -3  2  4 -3  2  0 -3 -3 -1 -2 -1  1    0   0   0   0   0   0   0   0   0   0 100   0   0   0   0   0   0   0   0   0  0.46 0.00
  226 E   -1  0  0  2 -4  2  5 -2  0 -3 -3  1 -2 -3 -1  0 -1 -3 -2 -3    0   0   0   0   0   0 100   0   0   0   0   0   0   0   0   0   0   0   0   0  0.74 0.00
  227 E   -1  0  0  2 -4  2  5 -2  0 -3 -3  1 -2 -3 -1  0 -1 -3 -2 -3    0   0   0   0   0   0 100   0   0   0   0   0   0   0   0   0   0   0   0   0  0.74 0.00
  228 S    1 -1  1  0 -1  0  0  0 -1 -2 -2  0 -1 -2 -1  4  1 -3 -2 -2    0   0   0   0   0   0   0   0   0   0   0   0   0   0   0   0   0   0   0   0  0.00    0.00
  229 G    0 -2  0 -1 -2 -2 -2  5 -2 -4 -3 -1 -3 -3 -2  0 -1 -2 -3 -3    0   0   0   0   0   0   0   0   0   0   0   0   0   0   0   0   0   0   0   0  0.00    0.00
  230 L   -1 -2 -3 -3 -1 -2 -3 -3 -3  1  4 -2  2  0 -3 -2 -1 -2 -1  1    0   0   0   0   0   0   0   0   0   0   0   0   0   0   0   0   0   0   0   0  0.00    0.00
  231 L   -1 -2 -3 -3 -1 -2 -3 -3 -3  1  4 -2  2  0 -3 -2 -1 -2 -1  1    0   0   0   0   0   0   0   0   0   0   0   0   0   0   0   0   0   0   0   0  0.00    0.00
  232 D   -2 -2  1  5 -3  0  1 -1 -1 -3 -3 -1 -3 -3 -1  0 -1 -4 -3 -3    0   0   0   0   0   0   0   0   0   0   0   0   0   0   0   0   0   0   0   0  0.00    0.00
  233 T    0 -1  0 -1 -1 -1 -1 -1 -2 -1 -1 -1 -1 -2 -1  1  4 -2 -2  0    0   0   0   0   0   0   0   0   0   0   0   0   0   0   0   0   0   0   0   0  0.00    0.00
  234 N   -1  0  5  1 -3  0  0  0  1 -3 -3  0 -2 -3 -2  1  0 -4 -2 -3    0   0   0   0   0   0   0   0   0   0   0   0   0   0   0   0   0   0   0   0  0.00    0.00
  235 N   -1  0  5  1 -3  0  0  0  1 -3 -3  0 -2 -3 -2  1  0 -4 -2 -3    0   0   0   0   0   0   0   0   0   0   0   0   0   0   0   0   0   0   0   0  0.00    0.00
  236 F   -2 -3 -3 -3 -2 -3 -3 -3 -1  0  0 -3  0  6 -3 -2 -2  1  3 -1    0   0   0   0   0   0   0   0   0   0   0   0   0   0   0   0   0   0   0   0  0.00    0.00
  237 Q   -1  1  0  0 -3  5  2 -2  0 -3 -2  1  0 -3 -1  0 -1 -2 -1 -2    0   0   0   0   0   0   0   0   0   0   0   0   0   0   0   0   0   0   0   0  0.00    0.00
  238 M   -1 -1 -2 -3 -1  0 -2 -3 -1  1  2 -1  5  0 -2 -1 -1 -1 -1  1    0   0   0   0   0   0   0   0   0   0   0   0   0   0   0   0   0   0   0   0  0.00    0.00
  239 E   -1  0  0  1 -3  2  5 -2  0 -3 -3  1 -2 -3 -1  0 -1 -3 -2 -2    0   0   0   0   0   0   0   0   0   0   0   0   0   0   0   0   0   0   0   0  0.00    0.00
  240 E   -1  0  0  1 -3  2  5 -2  0 -3 -3  1 -2 -3 -1  0 -1 -3 -2 -2    0   0   0   0   0   0   0   0   0   0   0   0   0   0   0   0   0   0   0   0  0.00    0.00
  241 P   -1 -2 -2 -1 -3 -1 -1 -2 -2 -3 -3 -1 -2 -3  7 -1 -1 -3 -3 -2    0   0   0   0   0   0   0   0   0   0   0   0   0   0   0   0   0   0   0   0  0.00    0.00
  242 I   -1 -3 -3 -3 -1 -3 -3 -4 -3  4  1 -3  1  0 -3 -2 -1 -2 -1  2    0   0   0   0   0   0   0   0   0   0   0   0   0   0   0   0   0   0   0   0  0.00    0.00
  243 N   -1  0  5  1 -3  0  0  0  1 -3 -3  0 -2 -3 -2  1  0 -4 -2 -3    0   0   0   0   0   0   0   0   0   0   0   0   0   0   0   0   0   0   0   0  0.00    0.00
  244 L   -1 -2 -3 -3 -1 -2 -3 -3 -3  1  4 -2  2  0 -3 -2 -1 -2 -1  1    0   0   0   0   0   0   0   0   0   0   0   0   0   0   0   0   0   0   0   0  0.00    0.00
  245 G    0 -2  0 -1 -2 -2 -2  5 -2 -4 -3 -1 -3 -3 -2  0 -1 -2 -3 -3    0   0   0   0   0   0   0   0   0   0   0   0   0   0   0   0   0   0   0   0  0.00    0.00
  246 E   -1  0  0  1 -3  2  5 -2  0 -3 -3  1 -2 -3 -1  0 -1 -3 -2 -2    0   0   0   0   0   0   0   0   0   0   0   0   0   0   0   0   0   0   0   0  0.00    0.00
  247 T    0 -1  0 -1 -1 -1 -1 -1 -2 -1 -1 -1 -1 -2 -1  1  4 -2 -2  0    0   0   0   0   0   0   0   0   0   0   0   0   0   0   0   0   0   0   0   0  0.00    0.00
  248 Q   -1  1  0  0 -3  5  2 -2  0 -3 -2  1  0 -3 -1  0 -1 -2 -1 -2    0   0   0   0   0   0   0   0   0   0   0   0   0   0   0   0   0   0   0   0  0.00    0.00
  249 T    0 -1  0 -1 -1 -1 -1 -1 -2 -1 -1 -1 -1 -2 -1  1  4 -2 -2  0    0   0   0   0   0   0   0   0   0   0   0   0   0   0   0   0   0   0   0   0  0.00    0.00
  250 F   -2 -3 -3 -3 -2 -3 -3 -3 -1  0  0 -3  0  6 -3 -2 -2  1  3 -1    0   0   0   0   0   0   0   0   0   0   0   0   0   0   0   0   0   0   0   0  0.00    0.00
  251 K   -1  2  0 -1 -3  1  1 -1 -1 -3 -2  4 -1 -3 -1  0 -1 -3 -2 -2    0   0   0   0   0   0   0   0   0   0   0   0   0   0   0   0   0   0   0   0  0.00    0.00
  252 L   -1 -2 -3 -3 -1 -2 -3 -3 -3  1  4 -2  2  0 -3 -2 -1 -2 -1  1    0   0   0   0   0   0   0   0   0   0   0   0   0   0   0   0   0   0   0   0  0.00    0.00
  253 N   -1  0  5  1 -3  0  0  0  1 -3 -3  0 -2 -3 -2  1  0 -4 -2 -3    0   0   0   0   0   0   0   0   0   0   0   0   0   0   0   0   0   0   0   0  0.00    0.00
  254 I   -1 -3 -3 -3 -1 -3 -3 -4 -3  4  1 -3  1  0 -3 -2 -1 -2 -1  2    0   0   0   0   0   0   0   0   0   0   0   0   0   0   0   0   0   0   0   0  0.00    0.00
  255 E   -1  0  0  1 -3  2  5 -2  0 -3 -3  1 -2 -3 -1  0 -1 -3 -2 -2    0   0   0   0   0   0   0   0   0   0   0   0   0   0   0   0   0   0   0   0  0.00    0.00
  256 D   -2 -2  1  5 -3  0  1 -1 -1 -3 -3 -1 -3 -3 -1  0 -1 -4 -3 -3    0   0   0   0   0   0   0   0   0   0   0   0   0   0   0   0   0   0   0   0  0.00    0.00

                      K         Lambda
Standard Ungapped    0.1278     0.3098
Standard Gapped      0.0410     0.2670
PSI Ungapped         0.1258     0.3176
PSI Gapped           0.0385     0.2670
