
Last position-specific scoring matrix computed, weighted observed percentages rounded down, information per position, and relative weight of gapless real matches to pseudocounts
           A  R  N  D  C  Q  E  G  H  I  L  K  M  F  P  S  T  W  Y  V   A   R   N   D   C   Q   E   G   H   I   L   K   M   F   P   S   T   W   Y   V
    1 M   -3 -4 -5 -6 -3 -3 -5 -5 -4  3  3 -4  8 -2 -5 -4 -3 -4 -3  1    0   0   0   0   0   0   0   0   0  16  26   0  53   0   0   0   0   0   0   5  1.31 0.46
    2 K   -2  0  2 -2 -3 -1 -2 -3 -3 -1 -2  2 -2 -4 -3  1  5 -5 -4  0    0   6  10   1   0   2   0   0   0   4   4  14   0   0   0  10  44   0   0   6  0.56 0.34
    3 V    1 -2 -1 -3 -2 -3 -3  5 -4  0 -2 -2 -1 -4 -4 -1 -1 -4 -4  2   14   2   2   0   1   0   1  43   0   5   3   1   1   0   0   4   2   0   0  21  0.57 0.30
    4 G    4 -1 -2 -3 -3 -3 -2  3 -4 -3 -4 -2 -2 -5  1  2 -2 -5 -4 -1   45   2   1   0   0   0   2  21   0   1   0   1   1   0   5  15   0   0   0   4  0.66 0.36
    5 N   -1  0  0  4 -5  4  4 -3 -1 -5 -4 -2 -4 -5 -4 -2  0 -5 -4 -5    5   5   3  21   0  24  30   1   1   0   1   0   0   0   0   1   5   0   0   0  0.82 0.41
    6 A    3 -3 -2 -2 -3 -1 -2 -3  1  1  1 -2  1  0 -3 -1 -1 -1  2  1   31   0   2   1   0   2   1   0   4  10  12   1   4   3   0   2   3   1  10  13  0.27 0.22
    7 L   -2 -5 -5 -6 -3 -4 -5 -4 -5  4  4 -5  2  2 -5 -4 -2 -4 -3  3    1   0   0   0   0   0   0   1   0  22  36   0   6  10   0   0   2   0   0  23  0.79 0.36
    8 F    2 -4 -5 -5 -3 -4 -4 -3 -4  3  2 -4  1  2 -4 -3 -2 -1  0  4   20   0   0   0   0   0   0   1   0  14  17   0   3   9   0   0   1   1   4  30  0.53 0.30
    9 K    1  2  1  3 -4  2  1  0  0 -4 -3  2 -3 -5 -3 -1 -2 -5 -3 -4   11  14   7  21   0  11   9   6   2   0   1  14   0   0   0   2   1   0   1   0  0.45 0.27
   10 L    2  1 -2 -3  1  0 -1 -3 -1 -1  0 -1  0  1 -3  1  1 -3  1  1   21   9   0   0   3   4   4   0   1   2   8   1   2   6   0  15   8   0   5  11  0.16 0.18
   11 M   -4 -5 -7 -7 -1 -5 -6 -7 -6  0  6 -6  3  0 -6 -6 -4 -5 -4 -2    1   0   0   0   1   0   0   0   0   4  85   0   6   3   0   0   0   0   0   1  1.59 0.62
   12 S    2  2 -1 -2 -2  0  2 -2 -1 -1 -1  3 -1 -3 -3  0  0 -4 -1  0   17  13   1   1   1   3  13   1   2   3   4  20   2   0   0   7   4   0   2   7  0.23 0.20
   13 E    2  2  1  2 -3  2  1 -1  0 -3 -2  0 -3 -4 -3  1  0 -4 -3 -2   22  14   6  12   0  11   7   3   3   1   2   4   0   0   0   8   4   0   0   2  0.28 0.21
   14 L   -1  0  2 -2  1  3  1 -1  4 -2  1 -1 -2 -1 -4 -2 -3  3  0 -2    6   5  11   0   3  15  11   4  13   1  17   1   0   2   0   1   0   4   3   2  0.28 0.25
   15 G   -3 -2  1 -1 -6 -3 -4  7 -1 -7 -5 -4 -6 -6 -5 -2 -3 -6 -3 -6    0   2   5   4   0   1   0  81   1   0   1   0   0   0   0   2   1   0   1   0  1.73 0.64
   16 I   -1 -6 -6 -6 -2 -5 -6 -6 -6  4 -1 -5 -1 -4 -5 -4  0 -6 -4  6    4   0   0   0   1   0   0   0   0  24   2   0   1   0   0   0   4   0   0  63  1.35 0.56
   17 R   -2  2  0  4 -2 -1  2 -1  1 -4 -4  2 -4 -1 -2 -1  1  0 -2 -4    2  11   3  28   1   1  12   4   4   0   0  12   0   3   2   4  12   1   1   0  0.43 0.27
   18 Q    0  1 -2 -1  0 -1 -1 -4  5 -2 -2 -1 -2  3 -4 -1  2 -3  3  0    7   8   1   3   3   2   3   0  19   1   3   2   0  12   0   3  14   0  12   8  0.37 0.26
   19 V    0 -5 -5 -6  2 -5 -5 -5 -5  4  0 -5  0  3 -5 -3 -3 -4  1  4    6   0   0   0   4   0   0   0   0  27   5   0   2  13   0   1   0   0   5  37  0.82 0.40
   20 F    0 -6 -6 -6  2 -6 -6 -6 -4 -3 -1 -6 -3  8 -5 -3  0 -1  2  0    8   0   0   0   4   0   0   0   0   0   3   0   0  63   0   1   8   1   6   7  1.47 0.59
   21 G    0 -5 -4 -4 -3 -5 -4  6 -5  0 -2 -4 -3 -5 -5 -2 -1 -5 -5 -4    8   0   0   0   1   0   1  73   0   6   4   0   1   0   0   1   5   0   0   0  1.42 0.56
   22 N   -1 -4  2 -4  1 -4 -4 -4  2  3  0 -4  0 -2 -3 -1 -2 -4  2  4    4   0  10   0   3   0   0   0   5  18   9   0   2   1   1   4   0   0  10  34  0.50 0.32
   23 P   -2 -5 -5 -3  0 -5 -5 -3 -1 -2 -3 -5 -5 -2  8 -3 -2 -6 -5 -1    2   0   0   1   2   0   0   3   2   3   2   0   0   2  75   1   2   0   0   6  2.01 0.71
   24 G   -3 -5 -1  3 -1 -4 -4  7 -5 -7 -7 -4 -6 -6 -5 -2 -3 -6 -6 -6    0   0   3  17   2   0   0  74   0   0   0   0   0   0   0   3   1   0   0   0  1.70 0.63
   25 T    0 -3 -1  3 -4 -2  0  3 -1 -2 -4 -3 -4 -3 -2  3  0 -5 -4 -1    5   0   2  17   0   0   6  21   1   3   1   0   0   1   1  32   6   0   0   5  0.48 0.32
   26 T    1  1  0 -1 -3 -1 -1  0  2 -2  0 -1 -1  1  0  1  1 -3  0 -1   13  12   5   3   0   2   3   5   6   1   9   2   1  10   5   9   9   0   3   2  0.09 0.11
   27 E   -1 -3  2 -2 -3 -2  0 -2 -1  2  2 -3  1  1 -3  1 -1  0 -1  1    2   0  15   0   0   0   7   3   1  15  21   0   2   5   0  12   3   1   2  10  0.20 0.19
   28 L    1 -1  0 -1  1 -1 -2 -3 -3  0  2  1  3 -1 -3  0  1  1  0  0   12   3   4   4   3   1   1   0   0   3  26   9  10   1   0   6   8   2   3   3  0.14 0.16
   29 S    1 -2  0  1 -4 -1  1  0  2 -4 -4 -2 -4 -4  5  1 -1 -1 -1 -4   13   1   4   6   0   1   8   9   7   0   0   1   0   0  33  10   4   1   2   0  0.64 0.32
   30 F   -1 -4 -5 -5 -2 -4 -5 -4 -2  3  3 -4  1  5 -5 -3 -2 -3 -1  1    4   1   0   0   1   0   0   1   1  16  34   0   3  26   0   1   2   0   1  10  0.69 0.33
   31 L   -1 -3 -2 -4  2 -2 -4 -2  0  0  3 -3  1  1 -4 -2  0  0  4  2    3   1   1   0   5   2   0   3   2   3  29   0   3   5   0   3   7   1  15  16  0.34 0.23
   32 K    0 -1  1  5 -4 -1  2 -1 -2 -3 -1 -1 -3 -2 -1 -1 -1 -4 -1 -1   10   3   5  36   0   2  14   4   1   1   6   2   0   1   2   2   3   0   2   6  0.43 0.27
   33 H    4 -1 -2  1 -2  0 -1 -1  3 -3 -2 -1 -3 -2 -3  1 -1 -4  1 -2   47   2   1   7   1   3   2   3   7   0   4   3   0   2   0   8   2   0   5   1  0.47 0.32
   34 M    0 -4 -2 -3  0 -2 -3 -4  1  2  4 -4  2  1 -2 -3 -2 -1  0  0    8   0   2   1   2   2   2   1   3  15  46   0   5   4   2   0   1   1   3   3  0.46 0.27
   35 P    1  1 -1  1 -1  0  1  0  0 -2 -1  0 -2 -2  2  0  0 -3 -1 -1   15  10   2  10   1   4   9   6   3   1   7   2   0   2  10   8   5   0   3   3  0.13 0.10
   36 K    1  2  1  2  0  1  1  0  2 -4 -4  2 -3 -4  0  0  0 -4 -3 -3   13  10   6  11   2   5  10   7   5   0   0  15   0   0   4   5   4   0   0   0  0.26 0.17
   37 D    0 -1  2  3 -4  0  2  2  3 -4 -4  1 -3 -4  1  0 -1 -4 -2 -3    7   2   9  16   0   3  12  20   8   0   1   8   0   0   6   4   2   0   1   1  0.35 0.21
   38 F   -2 -1 -3 -3 -1 -2 -2 -1 -3  4  1 -2  1  1  2 -2 -2 -1 -1  1    2   4   1   0   1   1   3   6   0  33  12   2   2   7  11   2   1   1   1   9  0.31 0.21
   39 N   -2  4  1  1 -5  2  2 -3 -1 -2 -4  2 -3 -5  1 -2 -2 -5 -4 -3    2  30   7   6   0  10  13   1   1   3   0  14   0   0   6   2   2   0   0   1  0.55 0.31
   40 Y   -1 -3 -1 -3 -4  0 -2 -4  7 -1  0 -3  0  3 -2 -2 -1  5  3 -1    4   1   2   1   0   3   2   1  29   3   9   0   2  12   2   1   3   8  11   4  0.68 0.35
   41 Y   -2 -3 -5 -5 -3 -4 -4 -3 -2  5  1 -3  0 -2 -5 -3 -2  1  1  4    2   1   0   0   0   0   0   2   1  38  10   2   2   1   0   1   1   2   5  33  0.79 0.38
   42 L   -2 -1 -2  0  0 -1 -2  1  2  2  2 -2  0 -2 -1 -1  0 -3 -2  1    1   4   0   6   2   4   2  12   6  14  28   0   1   0   4   4   5   0   0   7  0.16 0.17
   43 A    2 -2 -1 -2  4 -3 -3  1  0 -1 -1 -3  1 -2 -1  0  2 -1 -1  2   21   1   3   1  10   0   0   9   3   0   3   0   4   1   3   4  14   1   1  21  0.27 0.23
   44 L    1  5 -3 -4  2 -2 -3 -4  2  0  0  0 -1 -4 -1 -1  0 -4 -3  0   14  37   0   0   5   0   0   0   6   6   9   2   1   0   3   4   5   0   0   6  0.47 0.31
   45 H   -3 -2  5  1 -5  1 -3 -2  8 -6 -5 -3 -4 -2 -5 -2 -4 -5 -2 -4    1   2  32   7   0   7   0   2  44   0   0   0   0   2   0   2   0   0   0   1  1.51 0.57
   46 D   -3 -3 -2 -1 -6 -1  8 -3 -3 -6 -6 -3 -5 -6 -4 -3 -4 -6 -5 -4    2   0   1   1   0   0  91   2   0   0   0   0   0   0   0   0   0   0   0   1  2.04 0.74
   47 G    0  2 -2 -2 -4  4  2  3  0 -2 -1 -1 -2 -3 -2 -1 -1 -4 -3 -2    6  10   1   0   0  25  12  23   2   1   9   1   0   1   1   3   4   0   0   2  0.39 0.26
   48 I    1 -3  3 -1  0 -2 -3  3 -1 -2 -2 -2 -3 -4 -3  2  0 -4 -4  1   15   0  16   1   2   1   0  26   1   1   2   0   0   0   0  18   5   0   0  11  0.41 0.26
   49 S    6 -4 -4 -4  0 -4 -4  0 -2 -3 -2 -4  1 -5 -4 -1 -3 -5 -4 -1   76   0   0   0   2   0   0   6   1   0   4   0   4   0   0   3   0   0   0   3  1.18 0.53
   50 V    3 -4 -4 -4 -1 -3 -4  3 -4  0 -2 -3  0 -4 -4 -1  0 -5 -4  4   30   0   0   0   1   0   0  21   0   3   2   0   3   0   0   2   4   0   0  33  0.58 0.34
   51 G    1 -4 -1 -4 -4 -1 -3  2  5 -3 -2 -3 -1  4 -4 -1 -2 -2  4 -3   13   0   3   0   0   2   0  16  16   0   4   0   2  23   0   3   1   0  16   0  0.65 0.34
   52 M    4 -4 -4 -5  0 -3 -4 -4 -4  2  1 -4  6  0 -4 -1 -2 -4 -2 -1   39   0   0   0   2   0   0   0   0  11  14   0  25   4   0   3   1   0   1   1  0.77 0.42
   53 A    7 -5 -5 -5  0 -4 -3 -1 -5 -5 -5 -4 -4 -6 -4 -2 -3 -6 -5 -3   93   0   0   0   2   0   1   3   0   0   0   0   0   0   0   0   0   0   0   1  1.81 0.71
   54 E    1 -3 -2  5 -2  0  1 -2 -1  1 -1 -2 -3 -2 -3  0 -1 -4 -2 -1   17   0   0  35   1   5   8   3   1   9   8   0   0   1   0   4   3   0   1   5  0.40 0.27
   55 G    3 -5 -4 -4 -5 -5 -5  6 -5 -6 -6 -4 -2 -6 -5 -3 -2 -6 -6 -5   25   0   0   0   0   0   0  71   0   0   0   0   1   0   0   0   2   0   0   0  1.65 0.61
   56 Y   -2 -4 -3 -5 -5 -2 -2 -5  3  0  0 -3  1  1 -5 -3 -4  2  8  0    4   0   1   0   0   1   3   0   8   4   8   1   4   4   0   1   0   2  53   6  1.19 0.51
   57 Y    5 -4 -4 -4 -4 -2 -4  1  3 -3 -4 -3 -4  0 -4  0 -1 -1  3 -3   57   0   0   0   0   1   0  10   7   1   0   0   0   3   0   5   3   1  13   0  0.87 0.46
   58 F   -3  6 -3 -4 -5  1 -3 -5 -2 -2  1  3  1 -1 -5 -3 -4 -5  0 -4    2  48   0   0   0   6   0   0   1   1  14  18   4   3   0   0   0   0   3   0  0.95 0.46
   59 A    3 -3 -3 -4 -3 -1 -3 -2 -3  1  1 -3  1 -2 -3  0  0 -4  0  2   35   1   0   0   0   2   0   2   0   6  16   1   4   1   0   7   5   0   4  16  0.35 0.26
   60 T   -1  1  0 -3  2 -1 -3 -1 -1 -4 -3  0 -2 -5 -4  3  5 -5 -4 -3    4   7   3   0   4   2   0   4   1   0   1   4   1   0   0  22  45   0   0   0  0.75 0.43
   61 R   -2  0 -2 -4 -3 -1 -3  6 -1 -6 -4  0 -2 -4 -5  0 -3 -5 -5 -6    1   5   1   0   1   3   1  72   1   0   1   6   1   1   0   5   1   0   0   0  1.34 0.53
   62 K   -2  4  1 -2 -4  0  0  0 -1 -4 -4  4 -2 -4 -2  0  0 -4 -3 -2    1  25   8   1   0   3   6   7   1   0   0  31   1   0   1   5   5   0   0   4  0.55 0.30
   63 P   -1 -2 -4 -5 -4 -3 -4 -2 -1  2  0 -4  2 -4  6 -2 -1 -5 -4  1    5   2   0   0   0   1   0   2   2  10   9   0   5   0  46   2   3   0   0  12  0.99 0.43
   64 Q    2 -2 -3 -4 -4  0 -4  5 -4 -2 -1 -3  2 -4 -1 -2 -3 -5 -4  1   20   2   0   0   0   5   0  43   0   1   4   0   6   0   3   1   0   0   0  14  0.69 0.37
   65 I    3 -5 -5 -5  2 -4 -5 -3 -5  1  0 -4  2 -2 -5 -3 -3 -5 -4  5   27   0   0   0   5   0   0   1   0   5   5   0   4   1   0   1   0   0   0  51  0.92 0.45
   66 V    1 -5 -5 -6  7 -5 -5 -5 -5  0  0 -5  0 -3 -5 -2 -1 -4  2  5   12   0   0   0  22   0   0   0   0   3   8   0   2   0   0   2   3   0   9  40  0.94 0.44
   67 N    0 -4  0 -3 -3 -3 -3 -4 -3  2  3 -4  4  2 -4 -3  0 -3  1  1   10   0   5   1   0   0   1   0   0  15  26   0  12  10   0   0   5   0   5   9  0.39 0.25
   68 L    0 -3 -3 -4  1  2 -3  0 -4  0  1 -2  1 -3 -4 -1  2 -4 -3  3    8   0   0   0   3  11   0   8   0   4  16   1   3   0   0   4  14   0   0  28  0.33 0.27
   69 H   -2 -4  2 -3 -2  0 -3 -4  5 -2 -4 -3 -4 -5  0  1  5 -5 -1 -1    1   0  11   0   1   5   0   0  13   2   0   0   0   0   5  11  45   0   2   5  0.84 0.47
   70 S    2 -2  0 -3 -1 -2 -3  0 -3 -2 -1 -3 -3  1 -2  5  0 -4  1 -1   15   2   4   0   1   1   0   6   0   1   5   0   0   6   1  45   4   0   4   4  0.51 0.36
   71 S    0 -5 -1 -3 -5 -4 -3  7 -2 -6 -6 -4 -5 -6 -1  0 -3 -6 -6 -3    7   0   2   1   0   0   1  75   1   0   0   0   0   0   3   6   1   0   0   2  1.53 0.58
   72 P    0 -4 -3 -4  1 -3 -2 -1 -4  0  0 -3 -2 -3  6 -1  1 -5 -4  1    7   0   1   0   4   0   2   5   0   7  10   0   1   1  40   4  10   0   0   9  0.74 0.34
   73 G    1 -5 -4 -5 -5 -5 -5  7 -5 -7 -6 -5 -6 -6 -5 -3 -5 -6 -6 -6   13   0   0   0   0   0   0  85   0   0   0   0   0   0   0   0   0   0   0   0  2.07 0.71
   74 L    3 -3 -1 -3 -1 -2  1 -1  0  1  1 -3  0  0 -3  0 -1 -4 -2  1   36   0   3   0   1   0   9   3   2   8  14   0   2   4   0   4   3   0   1   9  0.27 0.24
   75 T    1 -4 -3 -4  0 -2 -4  1 -4  1  2 -3  0  0 -1  0  4 -4 -3  0   12   0   0   0   2   1   0  10   0   7  20   0   2   5   3   5  29   0   0   4  0.36 0.28
   76 N   -5 -4  8 -2 -6 -2 -2 -2  4 -7 -7 -1 -6 -6 -5  1 -1 -7 -2 -6    0   0  69   1   0   1   1   2   8   0   0   4   0   0   0  10   2   0   1   0  1.76 0.71
   77 A    3 -4 -4 -5 -3 -4 -4  0 -4  0  2 -4  2 -2  2 -2 -1 -4  0 -1   33   0   0   0   0   0   0   8   0   3  26   0   6   1  11   1   4   0   3   3  0.49 0.33
   78 M   -1 -4 -5 -5 -2 -4 -5 -2 -2  4  3 -4  2 -1 -5 -3 -1 -4  1  3    5   0   0   0   1   0   0   4   1  23  34   0   6   1   0   2   2   0   4  18  0.60 0.32
   79 G    0 -4  4 -2  1 -3 -3  2 -4 -1 -2 -3 -1 -5  3  0  4 -5 -5 -2    7   0  20   2   3   0   0  13   0   3   3   0   1   0  12   6  26   0   0   2  0.55 0.36
   80 F    4 -5  0 -4 -4 -2 -4  5 -5 -5 -5 -4 -2 -3  1  2 -3 -6 -5 -4   32   0   4   0   0   1   0  39   0   0   0   0   1   1   6  14   0   0   0   1  0.97 0.49
   81 I   -1 -5 -6 -6 -4 -5 -6 -3 -6  4  4 -5  2 -3 -6 -3 -4 -5 -4  2    4   0   0   0   0   0   0   3   0  24  47   0   4   0   0   2   0   0   0  15  0.98 0.46
   82 Y    4 -4 -3 -2  0 -1 -3  0  3 -1 -2 -1 -1  0 -4 -2 -1 -4  1  0   45   0   1   2   2   3   0   8   9   4   3   3   1   3   0   1   4   0   5   6  0.51 0.36
   83 E   -2 -3  3  3 -1 -1  2  2  1 -4 -3 -1 -4 -5 -4  0  2 -5 -1 -3    3   0  16  18   2   2  14  15   3   0   3   3   0   0   0   4  15   0   2   1  0.44 0.30
   84 A    6 -2 -5 -5  0 -3 -2 -3 -5 -5 -2 -1 -4 -6 -2  1 -1 -6 -5 -4   72   2   0   0   2   1   2   1   0   0   5   3   0   0   2   8   3   0   0   0  1.27 0.63
   85 L   -1  1  0 -1 -4  1  0 -2  3 -3  0  0 -1  2 -4 -1  1  2  5 -2    4   7   5   2   0   6   7   3   8   0   8   5   2   7   0   3   8   3  20   3  0.28 0.23
   86 I    2  1 -2 -2 -1  0 -2 -3 -1 -1  0  0  3 -2 -4  0 -1 -4  0  2   21  10   1   3   1   5   1   1   1   2   9   4  10   1   0   6   2   0   4  18  0.21 0.22
   87 S    1 -3  3  4 -1 -2  3 -1 -1 -5 -3 -2 -4 -3 -4  1 -1 -5  2 -4   13   0  13  23   1   0  19   4   1   0   2   1   0   1   0  10   4   0   9   0  0.53 0.35
   88 R   -1  3  2 -1  1 -1  0  2  3 -5 -5  0 -4 -3 -1  3 -2 -5 -1 -4    4  18  10   2   3   1   5  17   7   0   0   3   0   1   2  22   2   0   2   0  0.44 0.31
   89 I   -1 -4 -3 -1 -1 -3 -2 -4 -4  3  1 -4  0 -1 -4  1  2  2 -3  3    3   0   0   3   1   0   3   0   0  21  10   0   2   3   0  11  13   3   0  25  0.41 0.28
   90 P    0 -3 -3 -6 -7 -6 -6 -2 -7 -7 -7 -2 -7 -8  8 -5 -6 -8 -7 -7    8   1   1   0   0   0   0   4   0   0   0   3   0   0  83   0   0   0   0   0  2.64 0.97
   91 L   -3 -6 -7 -7  2 -5 -6 -7 -6  2  3 -6  6 -1 -6 -5 -4 -6 -5  4    1   0   0   0   4   0   0   0   0  10  28   0  24   2   0   0   0   0   0  31  1.24 0.57
   92 I   -3 -1 -6 -7 -5 -5 -6 -7 -6  4  4 -5  1  1 -6 -5 -4 -5 -4  4    1   3   0   0   0   0   0   0   0  22  41   0   3   5   0   0   0   0   0  26  1.07 0.50
   93 V    2 -4 -1 -5  4 -3 -4 -3  4  1  2 -2  2  0 -5 -3 -3 -5 -1  3   16   0   3   0   9   1   0   1  11   7  17   2   4   4   0   0   0   0   1  25  0.53 0.34
   94 L   -4 -5 -6 -6 -1 -5 -6 -6 -6  6  3 -5  1  2 -5 -5 -1 -5 -4  2    0   0   0   0   1   0   0   0   0  49  24   0   3   8   0   0   3   0   0  10  1.16 0.50
   95 V    1 -1 -3 -4 -1 -3 -3  0 -4  2 -2 -3 -3 -4  0  2  3 -4 -1  3   14   3   0   0   1   0   0   7   0  11   2   0   0   0   4  16  17   0   2  21  0.37 0.30
   96 G    1 -5 -1 -3 -6 -5 -5  7 -5 -7 -7 -2 -6 -6 -5 -2 -3 -6 -6 -6    9   0   2   2   0   0   0  78   0   0   0   2   0   0   0   3   2   0   0   0  1.83 0.72
   97 Q    1  0  0  3 -4  4  1 -1  0 -4 -4 -2 -1 -4 -4  0  0  5 -3 -2   11   4   3  18   0  23   7   4   2   0   1   0   1   0   0   8   4   9   0   3  0.54 0.34
   98 Q    1  3 -3 -3 -2  2 -2 -2  0  0 -3 -1 -1 -3  1  1 -1  0 -1  3   10  17   0   0   1  11   0   2   3   5   1   2   1   0   7  10   2   2   2  24  0.33 0.27
   99 Y    1  0 -1  0 -4 -2 -1  1  1 -2 -2 -1 -1  0  4  0 -1  2 -2 -2   13   5   2   6   0   1   3  12   3   2   3   4   1   4  25   7   2   3   1   2  0.36 0.23
  100 L    0  3 -1 -2 -4  0  1 -2 -1 -2 -2 -1 -1 -2 -1  1  2 -4 -1  0    8  21   2   1   0   4  11   3   2   2   4   1   2   2   3  10  17   0   2   7  0.25 0.23
  101 Y    1  1  0  0 -3 -1  0  1  2 -2 -2 -1 -3 -2  3  1  0 -1  0 -2   12   9   5   4   0   1   7  10   6   3   3   3   0   1  13  10   7   1   3   2  0.19 0.16
  102 R    0  2 -1  1 -4  1  1  0  1  0  1 -1  0 -1 -3 -1 -2 -4 -1 -2    7  11   3  10   0   7  12   8   4   5  16   3   2   2   0   4   1   0   2   2  0.12 0.17
  103 L   -1  1 -2 -1 -3  0  0 -1 -3  2  2  0  2  0 -2 -1 -1  0  0  1    4   8   1   4   0   5   5   4   0  12  21   5   5   2   2   3   2   1   4  11  0.10 0.13
  104 I   -1  2  1  1 -1 -1 -1  3  2 -2  0  0  0 -3  1 -1 -1 -4  0 -2    4  11   6   8   2   3   2  23   5   2   9   5   2   0   7   4   2   0   3   3  0.19 0.19
  105 D   -1  2 -1  2  3  1 -2 -1  3 -2 -2  1  0 -1 -2  0  1  1  0 -2    4  11   3  12   6   5   0   4   9   2   3   9   3   3   2   7  11   2   3   2  0.19 0.21
  106 E   -3 -1  1  3  1  0  2  2  4 -5 -3 -3  0 -5  1  0 -1 -5 -1 -5    0   3   5  17   4   3  14  19  10   0   3   0   2   0   7   6   3   0   2   0  0.44 0.35
  107 P    3 -1 -1 -1  1 -1 -1  1 -3 -3 -2 -1 -3  0  2 -1  1 -4 -1  0   24   4   3   4   4   2   4  12   0   0   4   3   0   4  12   3   9   0   2   7  0.23 0.23
  108 V   -1 -1  1 -1 -1  2 -2 -2  1  0  0 -1 -1  4  1 -1 -2  1  2 -1    4   4   6   3   1  10   1   3   3   4  10   3   1  21   7   5   2   2   6   4  0.20 0.21
  109 L   -4 -1 -1 -4 -1  6  0  0  3 -1  1 -1  1 -2 -4 -2  0 -5 -1 -2    0   2   3   0   2  37   5   7   6   3  14   2   3   2   0   2   6   0   2   2  0.61 0.50
  110 Y    0 -1  0  1 -3  0  2 -2  4 -1  0 -1 -2  1 -1  0  1 -3 -1  0   10   3   3   9   0   3  16   2  10   2   8   1   0   8   2   5   8   0   2   6  0.17 0.20
  111 G    0  0 -2  0  1 -1 -1  1  2  1  0 -1  1 -1 -1 -1  0  1 -2  1    8   4   0   7   3   2   2  15   6  10   8   4   3   2   3   4   4   2   0  14  0.06 0.12
  112 D    0  1  1  1 -2  1  0  0  2  0 -1  0 -1 -2  1  0  0 -3 -2  0    7   7   7   7   0   7   7   7   6   7   7   7   0   0   7   7   7   0   0   7  0.08 0.08
  113 F   -1 -2 -1 -1 -1  4  0  0 -2  0 -1 -2  1  2  0 -1  0 -3 -1  0    6   0   2   3   2  26   5   9   0   6   7   0   3   9   4   2   5   0   2   6  0.22 0.26
  114 I    0  0  0  0 -1  1  0  0  0  0  0  0  0  0  0  0 -1 -2  0  0    5   7   5   7   2   8   7   9   2   5   8   4   2   6   5   4   2   0   3  10  0.02 0.04
  115 K    1  1  1  0 -3  1  1  2  3 -2 -3  1 -3 -4  0  0 -1 -4 -3 -1   14   7   6   6   0   6   8  16  10   2   1   7   0   0   4   6   3   0   0   4  0.23 0.20
  116 I    0 -2  1 -2  3 -2  0 -2 -2  0  0 -2  2  1  1  0  0  4 -1  0    8   0   7   0   7   0   8   1   0   8   8   0   7   7   8   8   8   7   0   8  0.14 0.15
  117 S    0  0 -1 -3  1 -1 -2 -2  2 -1 -1 -1  1  3  1  1  1 -2  1  0    8   5   2   0   4   2   0   2   5   3   5   2   4  18   6  11  11   0   4   7  0.15 0.19
  118 Q    0  0  1  0 -2  1  0  0  2  0 -1  0  1 -2  1  0  0 -3 -2  0    6   6   6   6   0   6   6   6   6   6   6   6   6   0   6   6   6   0   0   6  0.06 0.08
  119 G    1 -2  1  1 -4  0 -1  1 -1 -2 -2 -2  3 -4  4  1  0  0 -4 -4   10   2   7   7   0   4   3  10   1   3   4   2   7   0  23   9   6   1   0   0  0.38 0.32
  120 V    0 -4 -4 -2  2 -2 -4 -3  0  2  1 -4  0  1 -4 -1 -1  0  4  3    8   0   0   2   5   2   0   2   3  14  15   0   2   5   0   4   3   1  14  19  0.39 0.30
  121 V    0 -4 -4 -2  3 -4 -2 -3  1  0  0 -3 -1 -4 -1  2  3 -5 -2  2    7   0   0   2   6   0   2   1   3   5   8   1   1   0   2  18  22   0   1  17  0.39 0.38
  122 K    0  2 -1 -1  2  0  0 -2  1  0 -3  4 -4 -5 -2 -1 -1 -6 -2  0    6  10   3   4   4   4   6   2   4   5   2  32   0   0   2   4   3   0   2   8  0.41 0.35
  123 S    0 -1 -5 -2  0 -1 -2 -6  3 -1 -2 -2  1  1 -1 -2 -1  6  6 -1   10   3   0   3   2   3   2   0   8   3   3   3   3   5   3   3   5  12  25   4  0.68 0.46
  124 A    2 -2  2 -1  2  1 -2 -2  2 -4 -3 -3 -1  0 -1  3  0  1 -1  0   15   2  11   4   4   6   2   2   6   0   3   0   2   4   4  21   6   2   2   6  0.27 0.30
  125 Y    0  1 -1  0  0  0  0 -1  1  0 -1 -1  0  1 -1  0 -1  2  1  1    9   7   3   5   2   3   7   4   4   7   4   3   2   6   3   6   3   3   7  12  0.03 0.07
  126 E   -2  3 -2  0 -2  2  1 -4 -2  0  2 -1  0 -3 -1  0  1  1 -2 -1    2  18   1   4   1  10   9   0   1   4  20   1   2   0   3   7   9   2   1   4  0.22 0.23
  127 I   -1 -2 -4 -3 -2 -2 -4 -3 -5  4  0 -4  1 -1  1 -1 -2 -5 -4  4    3   2   1   1   1   2   1   1   0  26   8   0   3   2   8   5   1   0   0  34  0.62 0.38
  128 R    0  2  1  1 -3  0  1 -1  0 -2  0  1 -1 -3  1  0  1 -4 -3 -2    9  10   6   8   0   4   9   3   2   2  10   9   1   1   6   7  11   0   0   2  0.13 0.13
  129 S   -2  2  1  4  0  0  0 -2  2 -3 -3 -1 -3 -2 -3  2  2 -4  0 -2    2  12   5  22   2   3   6   2   6   1   2   1   0   2   1  14  12   0   3   3  0.33 0.26
  130 E    3 -4 -4 -2 -1 -1  0 -3 -1  1  0 -2 -3 -4  4 -1 -1 -5 -4  1   28   0   0   2   1   3   7   1   2   9   9   3   0   0  20   3   4   0   0  10  0.44 0.32
  131 K    1  0  1  3 -5  2  4  0  0 -5 -5  0 -4 -6 -1  0 -2 -6 -4 -5   15   6   7  15   0   7  27   6   3   0   0   5   0   0   3   6   2   0   0   0  0.53 0.34
  132 D   -1 -1  1  4 -5  3  3 -2  1 -2 -3 -1 -4 -5 -2  0  1 -6 -4 -4    5   2   7  26   0  15  16   3   3   2   3   3   0   0   2   5   8   0   0   0  0.53 0.34
  133 A    2 -3 -4 -1 -1 -4 -4 -3 -5  4  2 -4  1  1 -3 -1 -2 -4 -3  1   18   1   0   3   1   0   0   1   0  27  22   0   3   6   1   5   1   0   0   9  0.47 0.31
  134 I    2  0 -4 -1  1 -1 -1 -1 -1  0 -1 -1  0 -4  5 -2 -2 -5 -1 -1   18   6   0   3   3   2   4   6   1   5   6   3   2   0  32   2   2   0   2   3  0.54 0.32
  135 K    1  1 -1  0 -4  1  2 -1 -1 -2 -2  0  0 -3  1  1  1 -2 -1 -2   15   9   1   4   0   7  18   3   1   3   2   5   2   1   7   9   7   1   2   1  0.21 0.19
  136 T    1 -1 -2  1 -1  1  1 -2 -1  1 -1 -1  0 -3  0  0  1  2  0  1   15   2   0   9   1   6  10   2   2   9   4   2   2   0   4   4   8   3   3  15  0.11 0.14
  137 F    0 -5 -5 -5  2 -4 -5 -5 -5  4  3 -5  3  1 -5 -4  0 -4 -3  3   10   0   0   0   5   0   0   0   0  28  24   0   6   5   0   0   4   0   0  18  0.68 0.32
  138 I    1  0  0  3  0  0  1 -2  1 -1 -1  1  0 -3  0  0 -1 -4 -3 -1   14   6   4  17   2   4   9   2   4   5   5   9   2   0   4   7   3   0   0   3  0.15 0.12
  139 R    0  3  0  1 -4  1  1 -1  1 -1 -2  2  0 -1 -3  0 -1 -4  0 -3    6  20   3   9   0   7  10   3   3   3   3  14   3   3   0   6   3   0   3   0  0.23 0.17
  140 A    5 -4 -3  0  3 -3 -3  0 -4  0 -1 -3 -3 -4 -3  0  0 -4 -4  0   51   0   0   6   5   0   0   5   0   6   6   0   0   0   0   6   6   0   0   7  0.60 0.34
  141 Y   -1 -3 -1 -2  1 -3 -3 -4  0  2  2 -3  2  3 -4 -2 -2  3  3  1    3   0   3   3   3   0   0   0   3  15  19   0   5  16   0   3   0   4  11  11  0.32 0.20
  142 K    0  3  1  1 -1  1  1 -1  3 -2 -3  1 -3  0 -3  0 -2  0  0 -2    8  22   6   8   1   6   7   4  10   2   2   7   0   4   0   5   0   1   4   2  0.26 0.20
  143 E    0 -1 -2 -1 -1  0  0 -2  0  2  1  0  1 -1 -2  0  1 -3 -1  1   10   3   0   2   1   4   7   2   3  13  13   5   3   2   0   7  10   0   2  13  0.08 0.10
  144 S    0 -1  1 -2  3 -1 -2 -2 -2  1  0  0  2  1 -2  0  1 -2 -1  1    9   0   9   0   8   0   1   1   0   9   9   9   9   9   0   9   9   0   0   9  0.08 0.10
  145 I    0  1 -1 -2  1  0 -1  0  0  0  0  0  2  0 -3 -1  1  2  0  0    6   8   3   0   4   5   5   8   3   7   9   4   7   3   0   3  10   4   4   8  0.05 0.09
  146 T    0 -1  1 -1  2  0  0 -1  0 -1 -1 -1 -2 -1 -3  2  2  2  2 -1    9   4   6   2   5   3   4   3   3   4   5   3   0   3   0  17  16   2   7   2  0.17 0.20
  147 P    1 -2  0  0 -3  0  2  3  2 -3 -2  0 -3 -4 -1  1  0 -4 -1 -2   10   0   5   4   0   4  15  26   6   1   4   5   0   0   3   8   4   0   2   2  0.28 0.22
  148 P   -2  5  0 -2 -2  1  0 -3  0 -4 -2  1  0 -4  3  0 -1 -4 -1 -3    2  34   4   2   1   7   5   1   3   1   4   8   3   0  13   5   4   0   3   1  0.53 0.32
  149 Y    0  0  0  1  0  1 -1  0  0 -2 -3  0 -3 -3  4  2  1 -4 -1 -2    4   6   5   8   2   6   2   6   2   2   0   5   0   0  19  18  10   0   2   2  0.30 0.19
  150 G    0  0 -2 -2 -3  0 -2  4 -2 -1 -1  0 -2 -2  1  0  0 -3  0 -1    5   5   0   0   0   6   0  37   0   4   9   5   0   0   9   5   4   0   4   5  0.28 0.17
  151 P    1 -1 -1 -1 -2  1  1  1 -1  0 -1 -1 -1 -1  2  1  1 -2  1  0   10   0   0   0   0   9  10  10   0  10   1   1   0   0  10  10  10   0   9  10  0.12 0.10
  152 V    2 -3 -3 -3  0 -2 -3  0 -1  1 -1 -1 -1 -2 -3  0  0 -3  0  4   22   0   0   0   2   0   0   8   2   4   3   5   0   0   0   4   3   0   3  43  0.32 0.24
  153 L    0 -3 -3 -3  1  0 -3 -4  3  0  0 -3 -1  3 -3  0  1  2  4  1    6   0   0   0   3   4   0   0   8   3   9   0   0  13   0   6  11   3  20  12  0.33 0.21
  154 I   -2 -3  0 -4 -2 -3 -3 -4 -3  3  3 -3  3  1 -3 -3 -2 -3 -2  2    1   0   6   0   0   0   0   1   0  20  38   0   7   6   0   0   0   0   0  18  0.48 0.23
  155 S    0 -2  1  3  0  0  1  0 -2  0 -1 -1  0 -1 -2  0  0 -3 -2  1    5   0   9  19   3   3  10   6   0   6   4   0   3   3   0   7   5   0   0  16  0.12 0.10
  156 L    0 -2 -2 -2  3 -2  0  0 -2  1  0 -2  2  1  1 -1 -1  4 -1  1    9   0   0   0   8   0   9   9   0   9   9   0   9   9   9   1   0   8   0   9  0.17 0.13
  157 P    0  0 -2  0  2 -1  0 -1 -3 -3 -3  1 -3 -4  6  0  0 -4 -3 -1    5   7   0   5   5   0   5   5   0   0   1  10   0   0  43   5   5   0   0   5  0.73 0.27
  158 Q    1  0  0 -1  1  0 -1  0 -2 -1 -1  1  0  1  0 -1 -1  2  0  0   18   6   5   3   3   5   2   6   0   4   5  12   2   7   4   3   2   3   3   7  0.06 0.11
  159 D   -1  2  2  4 -4  1  1 -1  1 -4 -4  0 -3  0 -3  0  0 -4 -3 -3    5  12  13  23   0   6  10   4   4   0   1   4   0   5   0   5   7   0   0   0  0.37 0.24
  160 I    0 -2 -2  0 -2  0 -1 -1 -2  1  0 -1  1  1  0 -1  0 -2  1  2    8   0   0   5   0   4   4   4   0  12   8   5   4   8   5   5   4   0   5  18  0.06 0.10
  161 P    0 -3 -3 -2  0  3  0  0 -3  0  0 -1  1  1  2 -1  0  4 -1  0    6   0   0   2   2  15   6   7   0   5   9   2   4   6  11   4   6   7   2   7  0.19 0.21
  162 D    0  0  1  2 -3  0  1 -1  0 -1  0  0  0 -1 -2  0 -1  1 -1 -1   10   6   9  11   0   4  12   4   2   4  13   3   2   2   0   5   3   3   2   5  0.08 0.10
  163 M    2 -1 -3 -1  1  1  0 -1  0 -1  0 -1  2  0  0  0  0  2 -1 -1   22   3   0   3   3   7   7   4   2   3   7   4   7   4   5   5   5   3   2   4  0.12 0.17
  164 E    0  0  0  0  2  0  0 -1  1  0 -1  0  1  0  0  0  0 -2  1  0    5   5   5   5   5   5   5   5   5   5   5   5   5   5   5   5   5   0   5   5  0.03 0.05
  165 V    1 -1 -1  0 -3 -1  0 -1  0  1  0 -1  0  0 -1 -1  0  1  1  2   13   3   2   4   0   3   6   4   3   8   7   3   2   4   3   3   7   2   7  16  0.06 0.12
  166 S   -1  0  0  1  0  0  1  0  0 -1 -1  0  0 -3  1  0  0  2  0  0    5   4   4   9   3   3  11   6   3   4   5   5   3   0   7   6   8   4   3   6  0.08 0.10
  167 E    0  0  0  0  2  0  0 -1  2  0 -1  0 -2  0  0  0  0  3  1 -1    5   5   5   5   5   5   5   5   5   5   5   5   0   5   5   5   5   5   5   5  0.06 0.08
  168 G    1 -2  1  1 -2 -1  0  1 -3 -2 -2 -1 -3 -1  4  0 -1 -1 -2 -1   13   2   8   8   1   2   6  10   0   2   5   3   0   3  20   6   4   1   1   5  0.27 0.26
  169 E    0 -1  0  1 -4  0  1  0  0 -2 -2  0 -3 -1  3  1  0 -4 -1 -1    9   3   5   8   0   4  12   8   2   2   3   6   0   3  13   9   7   0   2   5  0.17 0.18
  170 K    0  1 -1  0 -3  0  1 -2  0  0 -1  0 -1 -2  2  0  0  1  0  0    6  10   3   5   0   5  10   2   3   6   6   5   1   1  12   8   7   2   3   8  0.11 0.14
  171 V    1 -1  0  0 -3 -1 -1 -2  0  0  0 -1  1  1  2  0  0  2  0  1   11   2   4   6   0   2   3   2   2   5  11   4   3   6  13   7   4   4   2  10  0.11 0.14
  172 D    0  0  0  1 -3  0  0 -1  1 -1 -2  1 -2  0  2  0 -1  1  1 -1   10   4   5   9   0   5   7   4   4   4   3  10   0   5  11   5   3   2   5   3  0.12 0.14
  173 I    0 -2 -1 -2 -3 -1 -1 -2 -3  1  2 -1  2 -1  2 -1  1  3  0  1    6   2   3   2   0   3   3   3   0   8  21   3   5   2   9   3   9   4   4  10  0.16 0.19
  174 P    0  1  0  0 -4  0  0 -1  0 -1 -2 -1  0 -1  4  0  0  2  0  0    7   7   5   4   0   4   8   5   3   3   4   4   3   3  19   6   5   3   3   6  0.19 0.19
  175 K    0  1  0  1  1  0  0  0  1 -1 -1  0 -2 -1  1  0  0 -3  0 -1    7  10   4   9   3   5   4   6   3   4   7   6   0   3   7   7   7   0   4   4  0.06 0.08
  176 Y    0  0 -2 -2 -2 -2 -3 -2  0 -1 -3 -1 -1  1  3 -1 -1  3  5  0   10   6   2   2   1   2   2   2   2   4   2   4   2   6  17   4   5   4  19   6  0.41 0.35
  177 F    0  1  1 -1 -1  1  1 -2  0 -1  0  0  0  0  1  0  0  1 -2  0    9   7   7   3   1   8  10   2   3   3   8   6   3   5   7   4   4   2   0   7  0.06 0.10
  178 V    0 -1  0 -2 -4 -2  0 -3  1 -1  0 -1 -1  0  4  0  0 -4  0  1    8   3   5   2   0   2   5   1   3   3   9   3   2   4  25   7   6   0   4   9  0.32 0.28
  179 S    2  0  1  0 -3  0 -1 -2 -1 -1 -1  0 -1 -1  2  0  1 -4 -1  0   17   6   6   6   0   4   3   2   1   4   5   6   1   2  11   7   9   0   2   7  0.13 0.16
  180 G    0  0 -1 -1 -1  0 -1  0 -4 -2 -2 -1 -2 -2  4  0  2 -5 -2  0    8   6   3   3   2   4   4   8   0   3   3   2   1   2  24   7  11   0   1   8  0.34 0.30
  181 T    1  0 -1  0 -3  1  1  0  0  0  0  0  1 -1  2  0  0 -3 -1 -1   12   6   2   5   0   5   9   7   3   5   7   5   4   2  10   6   6   0   2   4  0.08 0.10
  182 C    2  0 -4 -4  1 -2 -2  0 -1  0 -1 -3 -1  0  4  0 -1 -5  0  0   20   5   0   0   2   2   2   8   1   6   6   1   2   4  23   5   3   0   4   6  0.39 0.32
  183 D   -1  0  1  3  1  0  0 -2  3 -2  0 -2 -3 -1  0  0 -1  1 -1 -2    5   6   7  18   3   4   6   3   8   2   9   2   0   3   5   8   4   2   2   3  0.19 0.21
  184 T    1  0  0  0  0  0  0 -1  0 -2 -1  1 -1 -2  3 -1  0 -4 -1 -1   12   4   5   6   2   4   7   4   2   2   7   9   2   2  16   3   5   0   2   4  0.17 0.17
  185 S    2  0  0  2 -4  0  1  1  0 -2 -2 -1  0 -2  1  1 -2 -5 -4 -1   16   4   4  13   0   4  11   9   2   2   4   3   2   2   6  11   2   0   0   4  0.20 0.21
  186 A    1 -1 -1  0  1  3 -1 -2  2  0 -2 -1  0  2  1 -1 -2  4  0 -1   14   3   3   5   3  11   4   3   4   6   3   3   3   8   7   5   3   6   3   4  0.20 0.18
  187 I    0  0 -2  0  2 -2 -2  0 -2  0  0  0  1  1  1 -1  0  4  1  0    7   7   0   7   6   0   0   7   0   7   7   7   6   6   7   0   7   6   6   7  0.09 0.14
  188 E    1  2  0  1  1  1  1 -1  1 -1 -2  1  0 -3 -3  0  0 -3  0 -1   12  12   4  10   3   4  12   3   3   3   3   7   3   0   0   5   6   0   5   4  0.13 0.15
  189 F    0  2 -1  0 -4  2  2 -2  2 -2 -2  1 -3 -2 -1  0  1  1 -1 -1    6  15   2   4   0  12  13   2   5   2   2   9   0   2   3   6   8   2   2   4  0.20 0.23
  190 V    4 -1 -4 -2  0 -3 -1 -3 -1  1  1 -3  1 -2 -2 -1 -1  0 -4  1   40   3   0   2   2   0   3   0   1  10  15   0   4   2   2   3   3   1   0   9  0.41 0.37
  191 L    1  1 -2  0  0  0 -2 -1 -3  1  1 -1  1 -1 -2 -1 -1  0 -1  1   18   9   0   5   2   5   0   4   0   7  16   3   4   2   2   3   3   1   2  13  0.09 0.16
  192 D    0  1  0  3 -1  2  3 -1  0 -4 -2  0 -3 -2 -1  0 -1  3 -3 -3    9   7   3  18   1  12  18   3   2   0   4   4   0   2   3   7   2   5   0   0  0.33 0.28
  193 K    0  1 -2 -3  1  0  0 -1  0  0  2  0  2  1 -1 -1  0  1  0 -1    6   8   0   0   3   4   5   5   3   4  22   6   7   8   3   3   5   2   2   3  0.07 0.12
  194 V   -1 -1 -3 -1  1 -3 -1 -4  1  3  3 -3  2  1 -4 -3 -1  3 -2  1    4   4   0   4   4   0   4   0   4  18  30   0   5   7   0   0   4   4   0   6  0.30 0.24
  195 K    0  0  1  0 -3  1  0  0 -2  0  0  0  1 -2 -2  0  0  4  1  0    6   6   6   6   0   6   6   6   0   6   6   6   6   0   0   6   6   6   6   6  0.07 0.11
  196 S    1  1  2  0  1  2  0  0  1 -1 -2  1 -2 -3  0  0  0 -3  0 -1   12   9  11   4   3   9   5   5   3   3   3   9   0   0   3   8   6   0   3   4  0.12 0.14
  197 A    3 -2  0 -2  2 -1  0  1  0 -3 -3 -1  0 -3  0  2  0 -3 -1 -1   35   0   5   0   4   3   6  11   3   0   1   3   2   0   3  14   4   0   3   3  0.29 0.27
  198 S   -1  1  0  1 -3  1  1  0  0 -1 -2  3 -2 -3  0  0 -1 -4 -3 -1    3   8   3   8   0   4  10   8   3   5   3  27   0   0   5   6   3   0   0   5  0.21 0.19
  199 S    0  1  1  1 -3  1  1 -2  2  0 -1  1 -1  0  1  0  0 -3 -1 -1    7   7   7   7   0   7   7   0   7   7   7   7   0   7   7   7   7   0   0   0  0.09 0.10
  200 I    0 -1 -1  1 -2  1  1  0 -2  0  0  0 -1 -2  1  0  1 -3 -2  0    8   0   0   8   0   8   8   8   0   8   8   8   0   0   8   8   8   0   0   8  0.09 0.08
  201 A    0 -2 -1  1 -2 -1  0  0 -2  1  0 -2  1  1 -2  0  0 -2  1  0    8   0   0   8   0   0   8   8   0   8   8   0   8   8   0   8   8   0   8   8  0.06 0.09
  202 I    0 -3 -3 -3 -2 -2 -1 -3 -3  3  2 -3  2  2  0 -1 -1 -2 -1  2    7   0   0   0   0   0   5   0   0  29  22   0   7  10   4   4   0   0   0  10  0.27 0.16
  203 V   -1 -3 -3 -3  1 -2 -1 -3 -2  2  2 -2  2  1 -3 -2  0  2  3  2    3   0   0   0   3   0   7   0   0  12  18   0   6   5   0   0   6   3  17  18  0.24 0.15
  204 A    1 -3 -2 -3  1 -2 -3  0 -3  1  1 -2  1  0 -3  0  1 -3  0  2   17   0   0   0   4   0   0   8   0   8  15   0   3   4   0   6  11   0   2  21  0.15 0.12
  205 G    1  1 -1  1  3  1 -1  1 -2 -1 -2 -1 -1 -3 -2  1  1 -3 -2  0   11  11   0  11  10  10   1  11   0   1   1   1   0   0   1  11  11   0   0  11  0.14 0.09
  206 Y    0  1  0 -1 -3  0  0  2  1 -1 -1 -1  0  0 -1  0  1 -3  0  0    5   9   3   3   0   3   5  21   4   3   3   3   3   5   3   4   9   0   3   8  0.11 0.10
  207 E   -1 -1  0  0  2  0  0  5 -3 -4 -2  1  0 -2 -4 -1 -1 -4 -4 -4    5   4   4   4   4   4   7  42   0   0   4   7   3   2   0   3   4   0   0   0  0.52 0.34
  208 V    3 -4 -4 -4  3 -4 -4  1 -4  1  0 -4  1 -4  0  0  0 -5 -4  3   22   0   0   0   7   0   0   9   0   8   6   0   3   0   4   6   5   0   0  27  0.44 0.33
  209 S    0  2  0  1 -3 -1 -1  0  0  0  0 -1  0 -1 -3  1  0  4 -2  0    8  12   5   8   0   2   2   9   3   8   7   3   3   2   0  10   5   7   0   6  0.11 0.14
  210 I   -1  3  0  0  0  1  0 -2  1 -1 -1  0  1 -3 -1  0  0  2  1 -1    4  18   5   4   3   6   6   3   4   4   6   3   3   0   4   8   6   3   5   3  0.14 0.17
  211 F    0  0  1  0 -3  1  0  0  2 -2 -1  0 -1  0  1  0  0 -2  1 -1    6   6   6   6   0   6   6   6   6   0   6   6   0   6   6   6   6   0   6   6  0.07 0.08
  212 S    0  2  1  1 -4  1  1  2  3 -4 -3  0  0 -4  0 -1 -1 -4  0 -4    7  12   8   7   0   7  10  17   7   0   2   6   3   0   5   3   2   0   3   0  0.28 0.25
  213 A    4 -4 -1 -1  3 -3  0  0 -4 -1 -1 -3  1 -1 -1  0 -1 -4 -4  0   41   0   3   4   6   0   5   6   0   3   6   0   4   3   3   5   3   0   0   6  0.42 0.37
  214 H    0  0  1 -1  1  0  1  0  1 -1 -2  0  0  0  0  1  0  2  0  0    7   5   6   3   3   4  10   7   4   4   4   4   3   4   4  10   4   3   3   8  0.05 0.06
  215 E    0  0  1  0 -2  1  0  0  1  0 -1  0 -1  0  1  0  0 -3 -1  0    6   6   6   6   0   6   6   6   6   6   6   6   0   6   6   6   6   0   0   6  0.02 0.06
  216 E    2  0 -2  0 -4  1  3 -2 -1 -2 -1 -1 -1  0  0  0  0 -4  0 -1   20   5   0   6   0   7  23   1   1   1   7   3   1   5   5   4   5   0   4   3  0.22 0.23
  217 L    1 -1 -5 -5  0 -4 -4 -5 -5  1  4 -4  1  2 -5 -2  0  1 -3  2   13   4   0   0   2   0   0   0   0   7  42   0   2   8   0   3   5   2   0  12  0.53 0.34
  218 V    0  2  0 -1  0  1  0 -2  0  0  0  1  1 -1 -1 -1  1 -3 -1  0    9  16   4   2   2   7   3   2   3   3  12  10   3   1   2   3   9   0   2   9  0.09 0.13
  219 R    1  1  0  0 -4  2  3 -1  1 -2 -3  1 -1 -4 -3  0  0 -4 -1 -1   15   9   3   5   0  13  20   3   3   2   0  10   2   0   0   4   5   0   2   5  0.27 0.24
  220 L   -2 -2 -2 -2  1 -3 -1 -1 -3  0  3 -1  1  4 -4 -3 -1  4  1  0    3   2   2   2   3   0   4   5   0   5  32   5   2  20   0   0   2   5   3   3  0.29 0.24
  221 A    2 -1 -1 -3  3 -1 -3 -1 -3  1  1 -2  1 -2 -3  0 -1 -3  0  2   23   3   3   0   8   3   0   5   0   7  11   0   4   0   0   7   0   0   3  21  0.20 0.21
  222 E    0  1  1  1  2  1  1  0  2  0 -2  1  1 -3 -2  0  0 -3 -2 -2    7   7   7   7   7   7   7   7   7   7   1   7   7   0   0   7   7   0   0   0  0.11 0.14
  223 K    1  2 -1 -1 -3  1  0  0  1 -1  0  2  1 -2 -1 -1  0 -3 -1 -1   13  12   2   2   0   5   5   5   4   4   8  19   4   2   2   2   5   0   1   3  0.13 0.16
  224 L    0 -1  0 -1  1 -2 -3 -2  3  0  1 -3  0  0 -3  0  3  1  1 -1   10   3   5   3   3   0   0   2   8   4  19   0   2   3   0   7  20   2   5   4  0.20 0.24
  225 N   -1  0  2  0  1  2 -1  3  2 -4 -3  1 -3 -4  0  0 -1 -4 -3 -2    5   4  13   5   4  10   3  24   6   0   3  10   0   0   5   4   2   0   0   3  0.30 0.25
  226 A    2 -2 -3 -2  0 -2 -2 -2 -3  3  1 -3  1  1 -3 -1 -1  1  0  1   20   2   0   3   2   1   2   2   0  23  14   0   4   7   0   4   1   2   4   8  0.24 0.23
  227 P    0 -1 -4 -1 -5 -4 -2 -2 -5 -5 -3 -1 -5 -6  7 -1 -2  2 -5 -5    7   4   0   3   0   0   2   3   0   0   2   3   0   0  63   5   2   3   0   0  1.60 0.72
  228 I    0 -2  1 -2  3 -2 -2  0 -2  0  0 -2 -1  1  1  0  0  4  2  0    8   0   7   0   7   0   0   8   0   8   8   0   0   7   8   8   8   7   7   8  0.14 0.13
  229 Y    2 -3 -3 -3  0 -3 -3 -1  1  1  1 -3  1  2 -2 -2  0  1  0  2   17   0   0   0   2   0   1   5   4   8  16   1   3  10   2   2   5   2   3  19  0.20 0.20
  230 T    1 -3 -1 -1  1  0  0 -2  1 -2 -2 -2 -2 -1  0  1  4  0 -2  0   14   0   3   2   4   4   8   3   4   1   2   0   0   3   5  11  27   1   1   8  0.26 0.27
  231 E    1 -3  0  1  0 -1 -1 -1 -3 -3  0 -1  3 -4 -1  1  4 -4 -4 -1   10   0   3   7   2   3   4   3   0   0   8   3   8   0   2   9  35   0   0   2  0.41 0.37
  232 P   -1 -2  0 -2 -3  0 -2 -1  1  0  0 -2  2  0  3 -1  1  2  1 -1    4   1   4   1   0   5   1   4   4   5   8   1   7   4  18   4  12   3   5   4  0.21 0.21
  233 Y    0  0 -1 -2 -3  0 -1  0 -2  0  1  0  4  0  0 -1 -1  2  0  0    7   6   3   2   0   6   2   7   0   4  17   4  15   3   4   5   3   3   3   6  0.11 0.17
  234 L    0  0  0  0 -3  1 -2  0  2  0 -1  0  1  1  1  0  0  4  1 -2    6   6   6   6   0   6   0   6   6   6   6   6   6   6   6   6   6   6   6   0  0.09 0.14
  235 S    0  0  1 -1  1  0  0  3  1 -3 -2  0 -3 -1 -3 -1  0  2  0  0    8   5   6   3   3   4   5  23   3   0   4   7   0   3   0   4   7   3   4   7  0.17 0.17
  236 I   -1  1  0  0  1  1  0  0  0  0  0  1  1  0 -1 -1  0  2 -2 -1    3   9   4   4   4   9   6   8   3   5   7   8   5   5   3   4   6   3   0   3  0.06 0.10
  237 F   -1 -1 -3  0  1 -2 -1  5 -4  0  0 -2 -2  1 -3  0 -2 -1 -4  0    3   3   0   5   3   1   5  40   0   5   8   1   1   7   1   7   1   1   0   7  0.45 0.33
  238 P    2 -1 -1 -1  0 -1 -1 -1 -1  1  1 -1  1 -3  2  1  0 -4 -2  1   20   2   2   3   2   2   3   3   2  10  12   2   3   0   9  10   6   0   1   9  0.14 0.16
  239 I   -1 -1 -3 -2 -1 -3 -3 -1 -4  2  2 -4  0  4 -3 -1 -3 -3  1  2    5   4   1   3   1   1   2   6   0  11  17   0   2  21   1   5   0   0   5  17  0.36 0.29
  240 D   -2  0  0  4 -6  0  1  0 -1 -6 -6 -2 -5 -6  6 -2 -4 -6 -2 -3    2   5   5  23   0   4  10   6   1   0   0   2   0   0  36   2   0   0   1   2  0.98 0.57
  241 S    0  1 -1  2  0  0  2 -1  3 -2 -3 -1 -3 -2  0  0  0  3  0 -2    8   7   2  13   2   2  18   6   8   2   2   1   0   1   4   6   7   5   4   2  0.23 0.23
  242 S    0  0  1  4 -1 -1  1 -1  1 -3 -2  0 -2 -4  0  1  0  0 -4 -4    6   4   7  23   2   2   9   5   3   1   5   5   1   0   5  13   7   2   0   0  0.28 0.25
  243 N   -1 -1  2  3 -6  0 -2 -2  8 -5 -2 -2 -5 -1 -1 -1 -1 -5  0 -5    4   4  10  14   0   3   2   3  38   0   4   2   0   3   4   4   3   0   2   0  0.96 0.55
  244 I   -1  0 -4 -2 -5 -2  1 -2 -1 -2 -2 -1 -4 -2  6  0 -2 -6 -5 -1    5   5   0   2   0   1   9   3   2   2   5   4   0   2  46   8   3   0   0   4  0.95 0.54
  245 L   -2  0  1 -1  0  0 -3 -1  1  0  3 -1  2 -1  0 -2 -2  1  2 -1    2   6   8   3   2   5   0   5   4   5  31   3   5   2   5   2   2   2   7   2  0.20 0.23
  246 F   -1 -2  1 -2  2 -2 -2 -2  3 -1 -1 -3 -1  4 -2  0 -1  3  3 -1    4   2   8   2   5   1   2   2   7   2   7   0   1  22   2   9   4   3  11   5  0.36 0.28
  247 K    0  1 -2 -1  1 -1 -2  0 -2  0  2  0  2  0 -3  0  0 -2  0  0    6   8   0   4   4   0   0   8   0   5  25   8   8   4   0   6   6   0   4   4  0.08 0.12
  248 G    0  1  1  1 -2  1 -1  0  2  0 -2  1 -2 -2 -2  1  1 -2  1 -2    8   8   8   8   0   8   0   8   8   8   1   8   0   0   0   8   8   0   8   0  0.12 0.12
  249 P   -1 -1  0 -1  0  0 -2  0  0  0 -1 -1  3  1  1  0  0 -1  1  1    4   4   4   4   2   4   2   8   2   5   2   2  12   5   7   9   6   1   5  11  0.09 0.16
  250 L    0 -2 -3 -3  0 -1 -2 -3 -3  1  2 -3  0  0  0 -2  0 -3  3  2    8   2   0   2   2   2   2   2   0   9  23   1   2   4   5   3   6   0  13  14  0.26 0.24
  251 S    1 -2 -1 -2  0 -2 -4  5  0 -2 -3 -4 -4 -2  1 -1 -2  3 -1 -3   10   2   2   2   2   2   0  48   3   2   2   0   0   1   8   5   2   4   2   2  0.77 0.48
  252 R    0  1  0 -1 -2 -1 -1  1  0  0  1  0  2  0 -1  0  0  1  0  0    8  10   4   2   0   0   3  10   2   4  14   4   8   3   2   5   6   2   4   7  0.04 0.10
  253 Y    1 -1 -1 -1 -3  0 -1 -1  4  1  0 -1  1  1 -1  0  0 -3  1  0   15   4   3   4   0   4   2   3  12   8   8   2   4   6   2   5   7   0   5   5  0.10 0.16
  254 K    0  0  0 -3  0  0 -3  4 -1 -1 -2 -1  1 -1 -1  1 -1 -4 -4 -1    6   6   4   0   2   4   0  36   2   3   4   3   4   3   4  12   4   0   0   4  0.38 0.32
  255 A    1  1  1 -1  1  0 -2  0  0 -2 -1 -1 -1 -1 -2  2  2  1 -3 -1   14   7   8   3   3   3   0   8   2   2   6   2   2   3   2  18  11   2   0   3  0.15 0.21
  256 S    1  2 -1  0 -4  1  0 -1 -2 -1 -1  1 -2 -2  2  0  0  1  1 -1   11  12   3   5   0   5   7   3   0   3   5  10   0   1  13   5   5   2   5   5  0.17 0.19
  257 D    1  0  0  0  0  0  2 -1  1 -2 -2 -1  0 -1  3  1 -1 -4  0 -2   14   5   3   5   2   3  14   4   4   2   3   3   2   3  13   9   3   0   4   3  0.18 0.19
  258 V    2  0 -1 -3  1 -2 -3  0  0  0  1 -1  0  0  0  0  0 -4 -3  1   20   6   2   0   3   0   0   8   2   5  12   3   2   5   4   8   4   0   0  13  0.13 0.18
  259 V    0 -1  3 -1  2 -1 -2 -1  1  1 -1  0  0 -1 -3  0  0  1  0  1    6   4  17   3   4   3   0   4   4   9   6   5   3   3   0   6   5   2   4  11  0.12 0.16
  260 K    1  2  0  0 -1  0  2 -2  0 -1 -1  0  2 -1 -2 -1 -1 -1  0 -1   14  10   6   5   1   3  15   2   3   4   7   6   6   3   1   2   4   1   4   4  0.11 0.15
  261 E    3  0 -2 -1 -3  0  0 -3 -1  0  1 -2  0 -1 -1 -2  0  0  0 -1   33   5   2   3   0   4   5   0   2   6  15   2   2   3   3   2   5   2   3   4  0.24 0.27
  262 L    0 -3 -3 -1  1  0 -3 -2  1  1  2 -3  4  0 -4 -1  0  3  0  2    8   0   0   4   3   4   0   4   3   6  18   0  12   4   0   4   7   4   4  14  0.22 0.22
  263 E   -1  0  2  0 -4  3  1  0  2 -3 -1  1  0 -1  0 -1 -1  2  0 -2    6   6  11   5   0  14   7   6   5   0   5   8   3   3   5   4   3   3   3   3  0.16 0.17
  264 K    0  0  2  1 -4  1  3  1  2 -4 -3  2 -3 -2 -1  0 -1 -4 -3 -3    7   4   9   8   0   5  20  13   5   0   2  13   0   2   2   3   4   0   0   0  0.26 0.21
  265 Y    4 -1 -3 -2  5 -3 -3 -3  0 -3 -3 -3 -3 -4  1  1  1 -4 -1  0   39   3   0   2  15   0   0   0   3   0   0   0   0   0   6  12   7   0   2   8  0.60 0.40
  266 D   -2 -1 -1  7  0  0  0 -4  0 -2 -5 -1 -5 -5 -2 -1 -4 -6 -5 -5    2   3   2  67   2   4   4   0   2   3   0   3   0   0   2   3   0   0   0   0  1.36 0.62
  267 L    0  0 -2 -2  2  1 -2  0  2  0  0 -1  2  1 -2  0  0 -2  1  0    7   7   0   0   7   7   0   7   7   7   7   0   7   7   0   7   7   0   7   7  0.07 0.13
  268 V    0 -4 -4 -5  1 -4 -4 -4 -4  3  2 -4  1 -2 -1 -2 -1 -4  1  4    6   0   0   0   3   0   0   0   0  21  20   0   4   0   3   3   3   0   4  33  0.50 0.25
  269 L   -3 -4 -5 -4  1 -4 -1 -5 -4  4  3 -4  1  1 -1 -4 -2 -4 -2  3    0   0   0   0   3   0   6   0   0  27  33   0   3   7   3   0   0   0   0  18  0.58 0.28
  270 V    1 -1  0 -3  1 -1 -2 -1 -1  0  1 -1  2  1 -3  0  1  0 -1  0   19   2   5   0   3   2   2   4   2   3  14   2   7   9   0   4  14   2   0   6  0.10 0.12
  271 I    1 -4 -2 -4  0 -3 -4 -4 -4  3  1 -3  1  1  0 -2 -1  1 -2  3   12   0   3   0   2   0   0   0   0  19  12   0   4   8   6   0   3   2   0  29  0.36 0.22
  272 G   -1 -4 -2 -1  1 -4 -4  6 -4 -5 -5 -3 -5 -5  1 -1 -3 -5 -5 -5    4   0   0   4   4   0   0  77   0   0   0   0   0   0   8   4   0   0   0   0  1.39 0.41
  273 G    3 -3  1 -2  2 -2 -3 -2 -3 -3 -3 -2 -1 -3  1  2  3 -4 -2  0   30   0   7   2   5   1   0   1   0   0   0   1   2   1   6  13  20   0   1   8  0.43 0.29
  274 W   -1  4 -1  1 -4  0  0 -3 -1  0 -2  0 -2  1  1 -1 -2  2 -1  0    5  31   2   8   0   3   5   1   2   7   3   4   0   6   7   4   1   3   1   7  0.28 0.20
  275 L   -1 -4 -4 -1  2  0 -4 -3  0  0  2 -4  2  5 -2 -2 -2  2  2 -1    5   0   0   4   4   6   0   1   3   3  20   0   5  31   2   2   1   3   5   4  0.51 0.27
  276 N    1 -2  2  3 -4 -1  0  0  0 -4 -4 -2 -4 -5  4  1  1 -5 -4 -3   11   1  12  20   0   2   5   7   3   0   1   0   0   0  19  11   8   0   0   1  0.49 0.27
  277 Y   -2 -2 -1  5 -5 -1  0 -4 -2 -3 -3 -3 -2  2 -3 -2 -2  5  4  0    2   2   2  33   0   2   6   1   1   1   1   1   1   8   1   2   2   9  18   9  0.71 0.38
  278 V    0  4 -1 -2 -4  0 -1 -2  1  0 -1 -1  0  1  0  1  1 -3  1 -1    7  24   2   2   0   3   3   2   4   5   4   0   2   7   6  12   9   0   4   5  0.22 0.20
  279 V    0 -3  1 -1 -1 -1  0  0  1  0  0 -2 -1  0  1  0  0 -3 -2  1    8   0   7   2   1   3   5   9   5   5  12   0   1   5   8   7   7   0   0  16  0.08 0.11
  280 F    0  1 -2 -3 -4 -2 -3  1 -1 -1 -2 -1 -1  3 -1 -1  4  1  1  0    7   8   1   1   0   1   1  11   1   3   2   2   1  12   3   4  29   2   5   6  0.30 0.26
  281 P    0  0  0 -2 -3  0 -2  3  0 -2 -1 -2 -1 -1  2  1  0  0  0 -2    8   5   5   2   0   3   2  27   2   2   6   2   2   2  10   9   5   2   3   2  0.24 0.18
  282 D   -1 -1  2  1 -2  0 -1  0  2 -1 -2  0 -1 -1  1  1 -1  3  2 -1    2   3  12   7   1   5   2   7   5   3   4   7   1   3   7  11   3   5   8   4  0.15 0.15
  283 V   -1 -2 -1 -4 -2 -1 -3 -2 -4  0  3 -1  1  2  3 -1 -2 -1 -1  1    6   2   4   0   1   3   1   4   0   4  27   4   3   9  14   4   1   1   2  11  0.26 0.21
  284 D    0  0  1  1 -4  0  1  0  0 -3  0  1 -1 -1  3  1 -1 -4 -2 -3    6   5   7  10   0   3   9   6   2   0   9   7   1   3  16  10   4   0   1   1  0.21 0.18
  285 I    0  0  0  0 -2  1  0  0  1  0 -1  0  1  0  1  0  0 -2  1  0    6   6   5   6   0   5   6   6   5   6   6   6   5   5   6   6   6   0   5   6  0.03 0.06
  286 R    0  2  2  1 -4  0 -1  1  1 -3 -2  2 -3 -2  1  0 -1 -4 -1 -2    8  10  10   9   0   3   3  12   4   1   4  15   0   2   6   6   4   0   3   2  0.18 0.18
  287 L    3 -1 -3 -3  0  0  0 -1 -1  0  0  0 -2 -1 -1  1  1 -4 -1  0   28   3   0   0   2   3   5   4   1   7   8   7   0   3   3  10   9   0   2   6  0.16 0.21
  288 N   -1  2  1  1 -1  0  0 -2  1 -4 -3  3 -3 -1 -1 -1  1  0 -2 -2    5  12   8   8   2   3   6   3   3   0   2  24   0   3   3   2  10   1   1   2  0.28 0.26
  289 I   -1 -3 -4 -4  1 -3 -1 -3 -1  3  2 -1  1  1  0 -3  1  0  0  2    5   0   0   0   3   0   4   2   2  20  20   3   3   5   4   0   9   1   2  15  0.28 0.25
  290 V   -1 -2 -5 -5 -1 -2 -4 -5  0  5  1 -2  0 -1 -5 -2  0  2 -1  3    4   2   0   0   2   2   0   0   3  34  10   3   1   2   0   2   5   3   2  25  0.62 0.41
  291 E   -1  0  0 -1 -5  3 -1 -2  6 -2 -1 -1 -2 -4  1  0 -1  1 -1 -2    5   5   3   3   0  17   4   2  23   3   6   2   1   0   8   7   3   2   2   3  0.48 0.39
  292 V   -1 -5 -1 -2 -1 -4 -2 -5 -5  5  1 -4  1  0 -3 -4  0 -5 -3  3    4   0   3   2   1   0   3   0   0  36  12   0   3   4   1   0   6   0   0  23  0.65 0.41
  293 T   -3 -3  2  5 -5  1  0  0  1  0 -3 -3 -4 -3 -1 -1  0 -5  0 -2    2   0  10  37   0   6   5   7   4   5   3   0   0   1   3   3   7   0   3   3  0.55 0.40
  294 S    0 -1 -2  0  2  1 -1 -3  1  3  0 -2 -1 -2  1  0 -1 -4 -2  1    7   3   2   5   5   6   3   0   4  22   6   2   1   1   7   9   3   0   1  12  0.18 0.20
  295 D   -1 -1  1  5 -1  1  2 -2  0 -2 -3  0 -1 -3 -3 -1 -1 -5 -1 -1    6   3   6  33   1   7  11   2   2   2   2   6   1   1   0   4   3   0   2   6  0.43 0.32
  296 F    1  1 -2 -2 -1 -1 -1 -1 -1 -1 -2 -2 -1  0  5 -1 -1 -4  1 -1   13   7   1   2   1   3   4   4   1   4   4   2   2   3  33   4   4   0   5   4  0.51 0.35
  297 K    2 -1 -1  0 -3  0  0 -1  1 -1 -2  0  1  1 -1  1  1  0  1  0   19   2   1   6   0   3   5   4   5   3   3   5   4   6   3  11   8   2   4   8  0.09 0.15
  298 E    0  1  0  1 -1  2  3 -2  0 -2 -2  1 -2 -4 -2  0  1 -4 -3  0    8   7   3   6   1  11  21   3   2   2   4   6   1   0   1   7   7   0   1   7  0.22 0.23
  299 A    2 -3 -3 -3 -1 -4 -1 -3 -4  4  2 -4  0  1 -2 -2 -1 -4 -1  1   18   2   1   1   1   0   4   1   0  23  23   0   2   6   1   1   3   0   2  10  0.40 0.31
  300 S    2  0  1  0 -4 -2 -2  3  0 -2 -1 -1 -2 -2 -2  0 -1 -4  2  0   16   4   7   5   0   1   1  25   2   2   5   4   1   1   1   8   2   0   8   7  0.24 0.24
  301 K   -2  4  0  0 -5  2  0 -1 -2 -3 -4  4 -1 -3 -2 -1  0 -5  0 -2    2  21   4   5   0   7   6   5   1   1   0  27   1   1   2   3   7   0   4   4  0.48 0.37
  302 R    0  1  2 -1 -4  1 -2 -1  1 -1  0  0 -1 -2  3 -1 -1 -1 -2  1    7   7  11   2   0   6   2   4   3   2   9   5   1   1  17   2   3   1   1  13  0.21 0.22
  303 K   -1  2 -1  0 -3  1 -1 -1  1 -1 -1  0  0  1  0 -1  0  0  2  1    5  11   3   5   0   7   3   4   3   3   3   5   2   7   5   3   4   1   9  15  0.09 0.14
  304 W    0  0 -2  0 -1  1  0  2  0 -1 -1 -1 -1  1  0 -1  1  3  2 -2   10   4   1   5   1   7   5  16   2   3   6   3   1   7   4   4   8   4   7   2  0.11 0.14
  305 D    1 -1 -1  3 -4 -1  0 -2  1 -1 -1 -2 -1 -1  4 -1 -1 -5 -1  0   10   4   2  17   0   2   6   2   4   3   5   1   1   3  20   5   4   0   2   8  0.31 0.27
  306 T    2 -2  0  1  0  0 -1  2  2 -2 -3 -2 -4 -5  3 -1  1 -5 -2 -2   20   1   4   7   2   5   4  15   6   3   2   1   0   0  14   4   8   0   1   3  0.31 0.29
  307 I    0 -1 -1 -1 -1 -4 -3 -5 -2  4  2 -2  0  0 -2 -4 -1 -4  0  3    7   4   3   4   1   0   1   0   1  21  23   2   1   3   2   0   2   0   4  20  0.41 0.31
  308 V    2 -2 -4 -3 -2 -1 -1 -2 -1  1  0 -3 -1  0 -2 -1 -1 -5 -2  4   16   2   0   1   1   4   4   3   2   7   8   1   1   3   2   3   3   0   1  36  0.38 0.33
  309 C    3 -3 -3 -1  3 -3 -4  4 -5 -1 -2 -3  3 -5 -2  0 -2 -5 -5 -3   23   2   1   4   5   1   0  33   0   4   5   1   8   0   2   8   2   0   0   1  0.63 0.46
  310 N   -1 -3  2  5 -4 -1 -1 -2  0  0  0 -2  0 -4  0 -2 -1 -5 -2 -2    6   1   9  36   0   2   3   3   2   5  11   2   2   0   4   2   4   0   1   3  0.50 0.36
  311 P    1 -1  0  1  1  0 -1 -1  0  1  0 -1  1  0  0  0 -1 -3  0  0   16   3   4   8   3   4   3   3   3   8  10   4   4   4   5   5   3   0   3   7  0.02 0.07
  312 K    1  1  0  0 -3  0  0  2  1 -1 -1  2  1 -1  0 -1 -1 -4 -3 -1   11   9   4   4   0   4   5  16   3   4   6  13   4   4   4   4   3   0   0   4  0.11 0.14
  313 D    0  0  1  4 -4  0  1 -1  0 -3  0  0  0 -1 -1  0  0 -4 -3 -1    7   4   5  23   0   3   9   3   2   0  11   5   2   3   3   8   4   0   0   5  0.20 0.21
  314 F    1 -2 -2 -2  0 -2 -2 -1 -4  1  1 -1  0  2 -4 -1  1 -4 -1  3   13   1   1   2   2   2   2   4   0   6  17   4   2  10   0   4   8   0   1  21  0.20 0.21
  315 L    1  1 -3 -5 -2 -4 -1 -2 -5  0  4  1 -1 -2  0 -2 -1 -5 -4 -1   10   7   1   0   1   0   5   3   0   6  42   8   1   1   6   2   4   0   0   3  0.43 0.37
  316 I    1 -1 -1 -1 -1  1  1 -1  0  0  2  0 -1 -1 -1 -1  0 -3 -1  0   13   3   3   3   1   6  11   4   3   3  22   6   1   2   3   3   5   0   2   8  0.08 0.14
  317 K    3  0 -2 -1 -1  2  1 -1  1 -2 -2  1 -1 -1 -1  0  0 -5 -2 -2   30   4   2   3   1   9   8   5   3   1   3   8   1   3   3   6   6   0   1   2  0.25 0.28
  318 L    0 -1 -2 -3  0 -1 -1 -3 -1  1  4 -2  3  0 -3 -3 -1 -5 -4  0    7   3   2   1   2   2   4   2   1   7  43   3   9   3   1   1   3   0   0   6  0.48 0.36
  319 Y    0  2  0 -1 -1  1  1 -3 -3  1  2 -1  0 -1 -1 -1  0 -3 -1  0    9  11   4   4   1   6   8   1   0   8  21   3   2   2   3   3   6   0   2   6  0.10 0.15
  320 N    1  0  1  2 -1  2  2  0 -1 -2 -2  1 -3 -4  2  0 -1 -5 -4 -2   12   5   6  11   1  10  14   6   2   2   4   8   0   0  10   4   4   0   0   2  0.24 0.23
  321 M    1  1 -1 -1 -3 -1 -1 -1 -2  0  2  0  2  0 -2  0  0 -3 -1  1   14   7   3   3   0   3   4   3   1   4  20   4   5   3   1   6   7   0   2   8  0.07 0.12
  322 L    0 -1 -1 -1 -2 -2 -2  0 -2  0  3 -1  1 -1 -1 -1  0 -4 -2  0    6   3   3   4   1   2   2   6   1   5  36   3   3   2   4   6   5   0   1   7  0.20 0.22
  323 Y    1  0 -1 -1 -4  0  2 -2  4 -1 -1  0  0 -1 -1 -1 -1 -3  2 -2   15   4   2   3   0   4  16   3  10   3   7   7   2   2   3   4   3   0   9   2  0.20 0.22
  324 K    1  1 -1  0 -4  1  2 -2  1 -3 -3  1 -2 -4  3  1 -1  0 -2 -2   11   7   2   6   0   8  15   3   3   2   2   9   1   0  14   9   4   1   1   3  0.28 0.26
  325 G    0 -2  0  2 -5  1 -1  1 -1 -2 -4 -1 -5 -3  3 -1 -2  8 -3 -2    7   2   5  10   0   5   4  10   1   3   1   5   0   1  16   4   2  20   1   4  0.68 0.48
  326 L    0 -2 -2 -2 -4 -1 -2  0  0 -1  2 -1 -1  0  0 -1 -1  8  0  0    9   2   2   2   0   2   2   6   2   3  18   3   2   3   5   5   4  20   3   6  0.47 0.35
  327 N    0  0  2  1 -4 -1  0 -3  3 -2 -3  0 -2 -4  3  0  2  1  0 -2    6   5  10   7   0   3   5   2   7   3   2   6   1   0  17   5  14   2   3   2  0.32 0.30
  328 K    2  4  0 -1 -4  0  1 -2  1 -2 -3  2 -3 -3 -1 -1 -1  1 -3 -1   19  21   3   4   0   4   8   2   3   2   2  13   0   1   2   4   3   2   1   4  0.32 0.31
  329 N    0  0  0  0 -1  1  2 -2  0  1  0  0 -1 -2  0  0  0 -4 -2  0   10   5   5   6   1   6  16   2   2   9   9   6   1   1   4   5   5   0   1   7  0.09 0.12
  330 I    0  1  0 -1  1  0  0 -2  2  1  0  0  1  0  0 -1  0  1  0  0    7   8   4   3   4   4   6   2   7  10   7   5   4   3   5   3   4   2   2   8  0.05 0.08
  331 I    1  0 -1 -1 -3  0 -1  0 -1  0  1  0  1  0  0 -1 -1  3  0  0   14   6   2   3   0   5   3   7   2   6  15   4   3   5   5   4   3   4   3   9  0.05 0.09
  332 K    1  1  0  1 -2  1  2 -1  0 -2 -2  0 -2 -3  1  0  0  2  1 -1   12   7   3   7   1   8  13   5   2   1   4   6   1   1   8   4   4   4   5   4  0.15 0.18
  333 R   -1  0  0  0  2  0  0 -1  2  0 -1  0  1  0  0  0  0  3  1 -1    5   5   5   5   5   5   5   5   5   5   5   5   5   5   5   5   5   5   5   5  0.06 0.08
  334 E    0  2  0  1  1  1  2 -1  1 -5 -2  1  1 -1  0  0 -1  2  0 -1    8   9   4   9   3   5  11   4   4   0   3  10   4   3   5   6   3   3   3   4  0.15 0.17
  335 N    1  1  3  0  0  1  0 -2  0 -2 -2  1  1 -1 -1  1  0 -5 -1 -1   12   6  13   4   2   7   5   3   3   3   3   7   3   2   3   8   7   0   2   5  0.13 0.17
  336 R    1  2 -1  0 -5  0  0 -1  3 -2 -2  0  0 -2  2 -1  0  0 -1 -2   14  13   3   5   0   4   7   4   8   2   3   6   2   2  12   5   5   2   3   2  0.22 0.24
  337 D    2 -1 -1  2  0  0  0 -1 -1 -2 -2 -1 -1 -1  3  0  0  1 -1 -2   19   4   3  14   2   4   5   5   2   2   3   3   2   3  14   6   4   2   2   3  0.23 0.25
  338 L    0  0 -1  2 -1  0  1  0  0 -1  1  0  0 -2  3 -1 -2  1 -4 -1    8   5   3  13   2   4   8   8   2   4  13   4   2   2  13   3   2   2   0   3  0.15 0.17
  339 E   -1  2  0  0 -5  1  3 -3  0 -2 -1  2 -1 -1  2 -1 -1  1 -1 -2    6  13   5   4   0   5  19   2   2   2   5  11   2   2   9   3   4   2   2   3  0.26 0.26
  340 L   -1 -1  0  1  0  0 -1 -2  0  2  1 -1  1 -1  0 -2  0  0 -3  0    6   3   5  10   2   4   4   4   2  13  18   3   4   2   5   2   5   2   0   5  0.08 0.12
  341 Q    1  1  0  0 -5  1  1 -1  0 -3 -3  2 -4 -1  2  1  0  2 -2 -2   10   6   3   4   0   8  11   5   2   2   3  12   0   3  12   9   5   2   1   2  0.21 0.22
  342 G    0  0  0 -1 -5  0 -2  1 -2  0  0 -1  0 -5  5 -1 -2  1 -2  0    8   5   5   3   0   5   3  10   1   5   8   4   2   0  26   3   2   2   1   7  0.39 0.33
  343 D    0  0  1  2  1  3  0 -3 -1 -1 -2  0  0 -2  0 -1  0 -5 -1  1    8   5   6  13   3  15   6   1   1   3   3   5   2   1   5   5   5   0   2   9  0.19 0.22
  344 F    0  0 -2 -2 -1 -1 -1 -2 -1  2  0 -2  1  3 -2 -1 -1  3  3  0    8   5   2   2   1   3   3   3   2  13   9   2   3  14   2   5   3   4  10   6  0.19 0.18
  345 I    2  0 -1 -1 -4 -1 -2 -4  0  0  1  1  0 -2  1 -1  1 -5 -1  2   18   6   2   4   0   2   1   0   2   5  12   8   2   2   6   4   7   0   2  16  0.17 0.22
  346 T   -1 -1 -3 -3 -5  1 -2 -3 -2  2  1 -4  2 -1  4 -1  0  3  0  0    6   4   1   2   0   7   3   2   1  11  13   0   5   3  21   4   6   3   3   6  0.37 0.32
  347 E   -2  2  1  0 -6  4  3 -2  0 -3 -2  0 -4  0 -1 -1 -1 -6 -5 -3    4  12   5   5   0  21  21   3   2   2   4   4   0   5   3   4   4   0   0   2  0.50 0.41
  348 V    1  0  0 -1 -1  1  0  0  1 -1 -1  0  0 -2  0  0  1  0  1  1   15   6   4   3   2   6   5   5   4   2   5   5   2   1   3   4   9   1   5  12  0.06 0.11
  349 F    0 -1 -1 -4  1 -1 -2 -5 -1  3  2 -4  1  1 -2 -2 -2  1  0  2    7   4   4   0   2   2   3   0   2  16  23   0   4   7   2   3   2   2   4  14  0.29 0.24
  350 K    2 -1  0  0  0  1 -1  0  0  1 -2  0  0 -2 -2  0 -1  3  0 -1   18   4   5   5   2   7   3   6   3  11   3   6   3   1   2   6   3   5   4   3  0.11 0.16
  351 E   -1  2  1  1 -5  2  3 -4  2 -2 -1  1 -4 -5  0  0 -1 -5 -1 -3    6   9   7   6   0  11  22   0   5   3   6   9   0   0   4   5   3   0   2   2  0.35 0.31
  352 M    0 -1 -1 -4  0 -1 -2 -3  1  2  2 -3  1  1 -1 -2  0  1  1  2    7   3   3   0   2   3   2   2   4  11  22   0   4   5   3   3   7   2   4  13  0.18 0.18
  353 K    0  1  0 -1 -3  0 -1 -1 -3  1  1  0  1 -1 -3  1  1  0 -3  0    9   9   4   2   0   4   3   4   0  11  15   5   3   3   0  13   9   1   0   5  0.09 0.15
  354 G    1  0  0  2 -4  1  0  2  1 -2 -2  1  0 -4 -1  0  0 -4 -1 -2   11   3   4  12   0   7   3  18   4   1   3   8   3   0   2   8   7   0   2   3  0.19 0.19
  355 Y    0  0 -1 -1 -3  1  1  1  1 -1 -1  0  0  0  1  0  0  1  0 -1   10   5   2   2   0   8   9   9   5   4   6   6   4   4   6   6   5   2   3   4  0.06 0.07
  356 L   -1 -1 -1 -2 -3 -1  0  1  1  0  3 -1  1 -1  0  0 -1 -3 -1 -1    4   4   4   2   0   2   6  13   5   5  31   4   4   3   5   6   2   0   1   3  0.14 0.17
  357 D   -1  0  1  4  0 -1  1 -2 -1 -4 -3 -1 -4 -5  4  0  1 -5 -4 -3    5   4   5  24   2   1  11   2   1   0   2   4   0   0  21   5   9   0   0   1  0.56 0.37
  358 K   -2  0  1  6 -1  0  1 -2 -1 -4 -5  0 -2 -5  1 -2 -1 -6 -2 -5    4   6   7  43   2   3   7   2   2   1   0   5   1   0   8   2   4   0   1   0  0.77 0.47
  359 Y    4 -3 -2  1  0 -2 -1  1 -3 -2 -1 -2 -2 -2 -1  0  0  1  1  0   37   1   2   8   2   1   3   9   0   1   6   1   1   1   3   4   6   2   6   5  0.33 0.31
  360 T    0 -2 -2 -3  0 -2 -2 -3 -4  5  0 -3 -2 -1 -4 -1  0 -4  0  2    7   2   2   1   2   2   2   2   0  37   8   1   0   2   0   5   7   0   4  16  0.49 0.35
  361 I   -3 -1 -6 -6 -4 -5 -5 -6 -1  4  1 -5  0  2 -5 -5 -4  1  1  5    2   4   0   0   0   0   0   0   2  25  14   0   2   7   0   0   0   2   4  35  0.87 0.49
  362 F    1 -3 -4 -1  0 -3 -4 -4 -4  2 -1 -4  0 -1 -2  0  2 -1 -1  4   11   1   0   4   2   1   0   0   0  10   5   0   2   2   2   8  14   1   2  34  0.46 0.37
  363 A    2 -1  0 -2  2 -1 -1 -1 -4  0 -1 -3 -1 -2 -4  2  3 -5 -4  0   20   2   5   2   5   2   5   4   0   5   5   0   1   2   0  14  22   0   0   6  0.31 0.30
  364 E   -1 -3 -1  6 -6 -1  3  0 -4 -3 -6 -4 -5 -6 -5 -1  0 -6 -6 -3    6   1   2  45   0   2  20   9   0   2   0   0   0   0   0   4   6   0   0   2  1.01 0.58
  365 I    1 -4 -2 -3 -3 -1 -2  0 -4  1  0 -3  2 -3 -2  1  1  0 -3  3   14   0   1   1   0   3   1   8   0   9   6   0   6   0   1  11   9   2   0  28  0.32 0.29
  366 P   -1 -5 -1 -2 -2 -3 -2  7 -5 -4 -6 -5 -1 -6  0 -2 -1 -6 -6 -4    4   0   3   2   1   1   3  70   0   1   0   0   2   0   6   2   3   0   0   1  1.44 0.69
  367 T   -1 -3  2  2 -4  4 -1 -3 -1 -3 -2 -3 -2 -3 -1  2  2 -5 -1 -2    5   0   9  10   0  22   3   2   1   1   5   0   1   1   3  19  14   0   2   3  0.43 0.39
  368 Y    0 -2  0 -3  2 -2 -2 -1  5 -1  0 -2 -1  1 -1  2  1  1  1 -1   10   1   5   0   5   0   1   3  14   3   9   2   1   7   3  15   9   2   5   4  0.22 0.23
  369 R    0  3  0 -3 -2  4 -2  0  0 -2 -1  0 -3  0  1  0  1  3 -2 -2    7  14   3   0   1  21   0   7   3   2   5   3   0   4   6   6   9   4   1   3  0.29 0.29
  370 D    0 -3 -1  0 -1  0 -2  1 -1  1  0 -3  4  3  1 -1 -1 -3  1  0    9   0   3   6   1   4   2  12   1   8   5   0  13  13   6   3   4   0   4   5  0.16 0.20
  371 T   -1 -5  1  0  0 -3 -2 -2 -4  1 -2 -5  0  2 -5 -2  1  9  0  0    5   0   6   5   2   1   2   4   0   8   4   0   2   8   0   3   8  33   2   6  1.04 0.55
  372 L    3 -2 -2 -2  2  0 -3  1 -3 -1  1 -3  1  0 -1 -1  0 -1  0  0   29   2   2   2   4   5   0  11   0   2  16   0   4   5   2   3   5   1   3   5  0.21 0.24
  373 I    4  0  0 -2 -4  3 -2 -1  2 -3 -3 -1  0 -2 -1 -1 -1 -2 -3  0   33   6   5   2   0  18   1   3   5   1   2   2   3   2   3   4   4   1   0   6  0.38 0.36
  374 K   -2  4  1 -1 -5  4  0 -1  1 -2 -1  1  1 -2 -2 -2 -1 -4 -1 -4    3  24   5   3   0  20   6   5   3   2   6   9   4   2   2   1   3   0   2   0  0.42 0.35
  375 I   -1 -2 -2 -2 -4 -2 -4 -3  3  0  2 -1  2  4 -4 -2  0  0  4 -1    6   2   2   2   0   2   0   2   7   4  19   3   6  16   0   2   5   1  17   4  0.39 0.30
  376 I   -3 -5 -5 -2 -4 -4 -3 -5  1  2  3 -5  1  3 -3 -3 -2  5  3  0    2   0   0   3   0   0   1   0   4  12  31   0   3  12   1   1   3   9  12   5  0.67 0.41
  377 E   -1  2 -1  1 -2  1 -1 -1  2 -3 -3  1 -1 -5  5 -2  0 -1 -3 -2    6  11   2   8   1   7   2   4   6   1   2   9   1   0  27   2   6   1   1   2  0.49 0.35
  378 L    1 -1 -2 -3 -3 -2 -1 -1 -1  0  1 -2  3  2  0  0 -1  1  1  1   11   2   1   1   0   1   4   3   1   5  17   2   8  11   4   6   1   2   5  12  0.15 0.17
  379 K    0  2  2  1 -4  2  0  0  1 -4 -3  1 -1 -1  0  0  1 -4  1 -3    7  10  11   9   0   8   6   8   3   0   1  10   2   3   5   4   8   0   6   0  0.21 0.21
  380 P    1  2  0 -2  2  1  1  1  2 -3 -3  1 -3 -3  2 -1  0 -4 -1 -3   10  14   3   1   5   8   8  10   5   1   1  11   0   1   9   4   4   0   2   1  0.24 0.23
  381 S    1 -1  0 -1 -5 -1  0  2  1 -5 -5 -1 -5 -6  6  0  0 -6 -2 -3   10   4   4   4   0   2   6  14   3   0   1   4   0   0  36   6   5   0   1   2  0.72 0.46
  382 S   -2  4  1  0 -5  1 -1  3  0 -4 -3 -1 -1 -4 -2 -2  1 -5  1 -2    2  26   7   6   0   6   2  21   2   0   3   2   2   0   2   2   8   0   6   4  0.44 0.37
  383 L   -2  2  0 -1 -2  2  1 -1  2 -1 -3  0  0 -2 -1  1  1  2 -1 -1    2  14   4   3   1  10  11   5   6   4   1   4   3   2   2   8  11   3   2   3  0.18 0.21
  384 Y   -2 -1 -3 -6 -5 -5 -5 -3  1  0  1 -5 -1  5 -6 -1 -5  7  5 -1    4   3   1   0   0   0   0   2   4   5  13   0   1  21   0   6   0  17  19   4  1.00 0.56
  385 I   -1 -3 -2 -4  0  2 -3 -3  3  3  2 -3  0  0 -3 -2 -1 -4  0  2    6   1   1   0   2  12   0   2   7  22  20   0   1   4   1   3   3   0   4  12  0.36 0.31
  386 T    0  0  0  0  2  0  0 -1 -2  0 -1 -2  1  1  0  0  0  3  1  0    6   6   5   6   5   5   6   6   0   6   6   0   5   5   6   6   6   5   5   6  0.06 0.11
  387 R    1 -1  0  0  1  1  1 -1 -2 -1 -1 -2  0  0 -1  3  1 -3  0 -1   10   4   5   3   3   6  10   3   0   3   7   0   2   5   3  23   7   0   4   2  0.14 0.19
  388 S    0 -1  2 -3  2 -1 -3  4  1 -4 -4 -3  0 -3  0  0 -1  4  3 -4    9   4  10   0   4   3   0  30   4   0   1   0   3   0   4   8   4   6  10   0  0.48 0.36
  389 G    2 -5 -1 -1 -5 -4 -2  6 -4 -2 -5 -4 -4 -5 -1  0 -4 -5 -5 -1   17   0   3   3   0   0   3  55   0   3   1   0   0   0   3   6   0   0   0   5  1.00 0.49
  390 L    1 -3  0 -2  2 -2 -1  2 -3 -2  0 -2  0 -1  0  1  1 -3  0 -1   12   0   4   0   5   0   3  20   0   0  11   0   3   3   5  12  12   0   4   4  0.19 0.19
  391 L   -1 -4 -1 -5 -1  0 -4 -5 -4  2  3 -4  8 -1 -3 -1 -2 -4 -4 -1    6   0   3   0   1   4   0   0   0  13  22   0  40   2   1   5   2   0   0   2  0.93 0.47
  392 G    0 -6 -4 -5  3 -5 -6  7 -6 -7 -7 -5 -6 -7 -6 -4 -5 -6 -7 -6    6   0   0   0   6   0   0  88   0   0   0   0   0   0   0   0   0   0   0   0  2.18 0.75
  393 W   -1 -4  0 -3  0 -2 -3 -2 -1  1 -2 -4  1  4 -2 -2 -3  6  6 -1    7   0   6   1   2   1   1   3   1   7   2   0   4  18   2   1   0  12  26   5  0.71 0.36
  394 A    3 -2 -2  0  0  0  1  4 -3 -1 -4 -3 -4 -5 -1  0  0 -5 -4 -3   24   1   0   6   2   4  10  35   0   4   0   0   0   0   2   5   6   0   0   0  0.54 0.32
  395 L   -2 -3 -4 -4 -3 -3 -4  0 -3  3  2 -3  4  2 -1 -2 -1 -3 -1  2    2   0   0   0   0   0   0   8   0  17  21   0  16   9   2   2   2   0   1  17  0.40 0.23
  396 S    1 -4  0 -3  0 -1 -3  2 -4 -4 -3 -3 -4 -5  7  0 -3 -5 -4 -4   15   0   5   0   2   3   0  13   0   0   2   0   0   0  51   6   0   0   0   0  1.17 0.44
  397 A    4 -3 -1 -3 -2  0 -2  1 -1  0 -2 -2  0 -1 -3  1  0  0  1 -2   42   0   2   0   0   5   0  10   1   6   2   0   2   3   0  10   3   2   7   1  0.36 0.25
  398 L    5 -1 -3 -3  0 -3 -3  2 -1 -2 -2 -3 -3  0 -3  0  0 -4 -3 -2   58   3   0   0   1   0   0  14   2   2   3   0   0   4   0   4   6   0   0   0  0.67 0.36
  399 V    0 -3 -4 -4  1 -3 -4 -4 -4  4  3 -3  3 -1 -4 -2 -1 -3 -2  2    6   0   0   0   4   0   0   0   0  26  35   0   8   1   0   1   3   0   0  13  0.53 0.25
  400 G    3 -4 -3 -4 -4  0 -4  6 -4 -5 -5 -4 -1 -5 -4 -2 -3 -5 -5 -1   24   0   0   0   0   6   0  64   0   0   0   0   2   0   0   0   0   0   0   5  1.26 0.49
  401 Y    5 -4 -4 -4 -3 -3 -3 -2 -4 -2 -1 -3 -1 -3 -4  1  1 -4  2  2   55   0   0   0   0   0   0   1   0   1   5   0   1   0   0   8   7   0   7  16  0.71 0.40
  402 S    3  0  0 -3 -1  3 -1 -3 -1 -3 -2  4 -3 -4 -2  0 -2 -1 -2 -1   32   3   5   0   1  13   1   0   1   0   3  27   0   0   1   5   0   1   1   5  0.47 0.31
  403 I   -1 -2 -3 -1  0 -1 -3 -2 -2  2  3 -2  2  2 -3 -1 -1 -3  0  2    5   2   0   4   2   3   0   3   1  12  30   2   5   8   0   4   2   0   4  14  0.20 0.15
  404 N    4 -2  1 -2  0  0 -3  1 -2 -3 -3 -2 -3 -4  1  0  0 -4 -4 -1   49   1   8   1   2   4   0  10   1   0   2   1   0   0   7   5   6   0   0   4  0.51 0.31
  405 G    1  1  2  1  1  1 -1  2  1 -2 -1  0 -1  0 -3 -1 -2 -3 -1 -1   14   9  13   7   4   8   1  17   4   0   7   6   1   4   0   0   0   0   1   5  0.15 0.15
  406 A   -1  4 -3 -2 -5  1 -1 -4 -4 -5 -4  1 -4 -6  6 -2 -1 -6 -5 -5    4  25   0   2   0   6   2   0   0   0   1   9   0   0  45   2   4   0   0   0  1.21 0.47
  407 K   -3  3  0  2 -5  4  2 -4 -1 -4 -2  2 -3 -5  2 -2 -2  0 -4 -4    0  20   3  13   0  19  13   0   1   0   6  14   0   0   9   0   1   1   0   0  0.57 0.31
  408 V   -1 -3 -2 -4 -3 -3 -4 -1 -4  2 -1 -4 -2 -3 -4 -1  0 -5 -3  6    3   1   2   0   0   1   0   5   0   7   2   0   0   0   0   5   5   0   0  66  0.86 0.41
  409 L   -2 -4 -4 -4 -3 -2 -4 -4 -3  4  1 -4  0  1 -3 -3 -2  2  2  4    1   0   0   0   0   1   0   0   0  29   9   0   2   5   1   1   0   3   8  36  0.63 0.29
  410 A    3 -3 -1 -1  5 -3 -3 -2 -3  0  0 -3 -2 -3 -3  1  0 -4 -3  1   34   0   3   3  15   0   0   2   0   4  12   0   0   0   0   9   4   0   0  11  0.39 0.24
  411 I   -1 -3 -4 -4  1 -3 -4 -4 -1  3  3 -3  2  2 -4 -3 -2 -3 -1  2    4   0   0   0   3   0   0   0   2  21  30   0   7  11   0   0   0   0   1  18  0.48 0.23
  412 I    0 -2 -2  0  2  0  1 -3 -3  2 -1 -2  0 -2 -3  1  1  2 -1  2    9   0   0   4   5   4   9   0   0  12   2   0   3   1   0  16   7   3   1  22  0.17 0.16
  413 G   -1 -4 -3 -4 -5 -4 -4  7 -4 -5 -5 -4 -5 -5 -4 -1 -4 -5 -5 -5    4   0   0   0   0   0   0  89   0   0   1   0   0   0   0   3   0   0   0   0  1.88 0.57
  414 D   -4 -4 -1  8 -5 -3  0 -4 -4 -5 -6 -3 -5 -5 -4 -2 -4 -6 -5 -5    0   0   0  90   0   0   2   0   0   0   1   0   0   0   0   2   0   0   0   0  2.13 0.62
  415 G   -1 -2 -3 -3 -4 -4 -4  7 -4 -5 -3 -3 -4 -3 -4  0 -3 -4 -2 -5    4   2   0   0   0   0   0  79   0   0   3   0   0   1   0   6   0   0   1   0  1.48 0.46
  416 S    2 -3 -2  2 -1 -3 -2  3 -3 -5 -5 -3 -4 -5 -3  4  0 -5 -4 -4   20   0   0  12   1   0   0  27   0   0   0   0   0   0   0  36   3   0   0   0  0.74 0.36
  417 F    0 -5 -5 -5  1 -4 -5 -4 -2  0  2 -5  1  7 -5 -2 -3  0  3 -2    8   0   0   0   3   0   0   1   1   4  17   0   3  51   0   2   1   1   9   1  0.99 0.39
  418 N   -1 -1 -1 -3 -2  5 -2  1 -2 -2  2 -2  5 -1 -4 -1 -1 -4 -1 -2    4   2   2   0   1  31   0  13   1   1  18   0  17   2   0   2   4   0   2   0  0.48 0.32
  419 Y   -2 -4 -4 -5 -4  0 -4 -5  0 -1  0 -4  8  4 -5 -3 -2 -2  4  0    2   0   0   0   0   4   0   0   2   1   5   0  42  19   0   1   1   0  16   5  1.08 0.46
  420 T   -1 -3  3 -1  0 -2 -2 -2  1 -2  0 -2  1 -3 -3  3  3 -4 -3  1    2   0  15   3   2   0   0   2   4   0  11   0   4   0   0  23  23   0   0  10  0.34 0.25
  421 P    0 -3  0 -3 -3 -3 -3  1  2  2  1 -3  4 -1 -1 -1 -2 -4 -1  2    7   0   5   0   0   0   0  12   6  15  12   0  16   1   3   4   0   0   1  17  0.25 0.20
  422 Q   -2 -2  0 -3 -2  6  0  1 -2 -3 -2 -1  3 -4  0  1  0  1 -4 -4    1   0   5   0   1  47   2   9   0   1   2   1   9   0   5  10   4   2   0   0  0.73 0.40
  423 A    0 -3 -3  2 -1 -1  6 -2 -3 -5 -5 -2 -5 -6  1 -2 -2 -6 -5 -5    7   0   0  12   2   0  68   3   0   0   0   0   0   0   6   1   1   0   0   0  1.21 0.49
  424 L   -3 -4 -5 -6 -3 -4 -5 -6 -5  2  5 -5  3  2 -5 -4 -3  2 -2  1    0   0   0   0   0   0   0   0   0  12  62   0   6  10   0   0   0   2   0   8  0.93 0.36
  425 W    2 -3 -2  0 -1 -1  1 -1  0  0 -1 -2  1 -1 -2  2 -2  6 -2  0   20   0   0   4   1   1  14   4   2   7   3   0   5   2   1  16   0  13   0   7  0.31 0.21
  426 S   -2 -4 -1 -4 -3 -2 -3  0 -4 -1 -3 -3  0 -4 -4  1  6 -5 -4  0    0   0   2   0   0   1   0   6   0   2   1   0   2   0   0  10  69   0   0   7  1.11 0.48
  427 A    3 -3 -2 -3  3  0 -2 -1 -3  1  0 -3  3  0 -3  1 -2 -4 -3  0   36   0   1   0   8   5   1   2   0  10  10   0   9   3   0  10   0   0   0   4  0.33 0.23
  428 V    2  0 -1 -3  1 -2 -2 -2 -2  2  0  0  0 -3 -3 -1 -1 -4 -3  3   20   5   3   0   4   0   1   1   1  13   8   7   1   0   1   1   2   0   0  33  0.27 0.20
  429 K   -2  5 -1 -2 -5  4  1  0  1 -3 -3  0  1 -4 -4 -1 -3 -4 -3 -2    2  37   3   1   0  25   7   8   3   1   1   3   5   0   0   2   0   0   0   2  0.67 0.33
  430 Y   -3 -1 -2 -2  0  1  2 -4  4 -3  0 -1  0  1 -4 -2 -3  2  6 -2    0   2   1   1   3   6  17   0  12   0  11   2   3   4   0   2   1   2  31   2  0.58 0.31
  431 S   -1  0  3  1 -4  1  0  3  1 -5 -5  2 -3 -5 -3  0  0 -5 -4 -4    2   6  20   9   0   7   4  28   3   0   0  12   0   0   0   4   5   0   0   0  0.49 0.24
  432 T   -1 -3 -3 -4  0  0 -3 -5 -4  3  4 -2  0 -2 -2 -3 -2  0 -3  1    6   1   1   0   2   5   1   0   0  15  52   3   1   0   2   1   1   1   0   8  0.53 0.27
  433 R   -1  0  3  1 -5 -3 -2 -3 -1 -5 -5  2 -4 -6  7 -2 -2 -6 -5 -5    4   4  14   8   0   0   1   1   2   0   0  12   0   0  53   1   1   0   0   0  1.28 0.42
  434 L   -1 -4 -4 -5 -3 -4 -4 -5 -4  3  1 -4  0 -2  1 -2 -1  0 -1  4    4   0   0   0   0   0   0   0   0  22  13   0   2   1   9   2   2   1   2  43  0.61 0.28
  435 K   -2 -2  0 -1 -1 -2 -2 -4 -2  3  0  3  0 -2 -3 -2  2 -4 -1  2    0   0   4   2   1   0   0   0   1  21   9  23   3   0   0   1  18   0   3  15  0.30 0.22
  436 V   -1 -4 -1 -4 -1 -3 -4 -4  2  4  0 -4  1  2 -4 -2  0 -4 -1  3    5   0   4   0   1   0   0   0   6  31   5   0   2   9   0   2   4   0   1  30  0.48 0.25
  437 I   -2 -4 -5 -5 -2 -4 -5 -5 -5  3  2 -4  2  3 -5 -4 -2 -3 -2  4    1   0   0   0   1   0   0   0   0  19  20   0   4  16   0   0   0   0   0  40  0.78 0.31
  438 V   -2 -4 -2 -5 -1 -3 -5 -5 -5  4  3 -4  0 -2 -5 -3 -2 -4 -3  5    1   0   2   0   1   1   0   0   0  26  24   0   1   0   0   1   0   0   0  44  0.85 0.34
  439 I   -3 -4 -3 -5 -3 -4 -4 -1 -4  2  3 -4  2  5 -5 -4 -2  4  1  1    0   0   1   0   0   0   0   5   0  12  31   0   6  26   0   0   2   5   3   9  0.60 0.26
  440 N   -2 -1  8  3 -5 -1 -2 -3 -2 -6 -6 -2 -5 -6 -4  0 -2 -6 -5 -4    3   2  71  16   0   2   0   0   0   0   0   1   0   0   0   4   1   0   0   1  1.58 0.53
  441 N   -5 -4  8  2 -6 -3 -3 -4 -3 -6 -7 -3 -5 -6 -5 -2 -3 -7 -5 -6    0   0  87  12   0   0   0   0   0   0   0   0   0   0   0   1   0   0   0   0  2.19 0.66
  442 E    1  1  2  1 -2  2  1  3  1 -4 -4  0 -1 -4 -3  1 -1 -4 -1 -3   12   9   9   6   1  10   7  24   4   0   0   3   2   0   0  12   1   0   2   0  0.32 0.17
  443 G    1  0 -1 -1  1 -1 -1  4  0 -3 -3  0 -2 -1 -3  1  0 -1  1 -1   12   6   1   2   3   2   3  35   3   1   1   4   1   2   0   9   6   1   5   4  0.31 0.17
  444 Y   -4 -3 -3 -3 -4 -2 -4 -3  1 -2  3 -4  0  2 -4 -3 -4  5  7 -3    0   1   1   2   0   1   0   2   2   0  31   0   1   8   1   1   0   9  40   0  1.03 0.40
  445 A    1 -4  1 -2 -4 -2  0  6 -4 -5 -4 -3 -4 -5 -3 -1 -1 -5 -5 -4   12   0   7   1   0   1   5  64   0   0   1   0   0   0   1   3   4   0   0   1  1.05 0.37
  446 S    0 -3 -2 -3  3  1 -2 -2 -3  2  0 -2  5  2 -3  0 -1 -1 -2  0    9   0   2   0   8   7   2   2   0  11   6   2  26  11   0   7   3   1   0   5  0.32 0.22
  447 L   -2 -3 -4 -2 -3 -3 -1 -3 -4  4  2 -3 -1  0 -2 -3 -2 -4 -3  4    1   1   0   3   0   0   6   1   0  32  18   0   0   4   1   0   0   0   0  31  0.55 0.25
  448 S    1  4  1 -2 -3  1  1 -2  0 -3 -3  2 -1 -3 -3  1  0  0 -1 -2   12  24   8   0   0   6  11   0   2   1   0  13   2   0   0  11   4   1   2   1  0.34 0.18
  449 R   -2  3 -1 -2 -4  2 -1 -4 -2 -1  0 -1  2  4 -2 -2 -1  3  2 -1    1  21   3   2   0  14   2   0   0   4   6   2   6  21   1   0   2   4   6   3  0.34 0.20
  450 H   -1 -1  0 -1 -4  0  2 -3  5 -3 -2 -1 -2  2 -2 -1 -2  2  4 -3    6   1   5   3   0   4  16   0  17   0   4   3   0  11   1   4   0   2  21   0  0.47 0.23
  451 G    0 -1  0  0  0  3  1  3  1 -3 -2  0  1 -3 -1  0 -2  0 -1 -3    5   1   3   4   2  19   7  29   4   1   4   4   6   0   2   5   0   1   1   0  0.31 0.18
  452 V   -1  2 -1  1 -4  2  3  0  1 -2 -2  1 -1 -2  1  0 -1 -3  0 -1    3  11   1   6   0   8  24   7   5   2   2  11   1   1   7   4   2   0   3   4  0.24 0.14
  453 E    0  4 -1  1 -4  1  2 -2 -1 -3 -2  1 -1  0 -3  1 -1 -3  0 -3    9  30   1   9   0   4  13   2   1   1   2   4   1   5   0  12   1   0   3   0  0.34 0.20
  454 A    2  0  0 -1 -2  0 -1  0  2 -2 -1 -1 -2  1 -2  1  0  1  2  0   21   6   4   3   0   2   1   7   7   1   3   2   0   8   1   9   5   2  11   7  0.12 0.11
  455 D    1 -1  0  2  0  0  1  2 -1 -3 -2 -1 -1 -3 -1  2  0 -4 -2 -2   14   2   4  16   2   3   7  18   1   0   5   2   1   0   2  17   3   0   1   1  0.23 0.13
  456 W   -1 -1 -1 -1 -1  1  2  0  2 -1 -1 -1  0  1  0  0 -1  3  2 -1    4   3   2   1   2   7  21   6   6   5   3   3   2   6   4   5   2   4   9   5  0.14 0.12
  457 L    0 -1  2  1 -1  0 -1  0 -2 -1  0  0 -1 -2 -1  2  1 -3  0 -1    6   2  12   9   1   3   2   7   0   1  14   4   1   0   2  20   7   0   4   4  0.12 0.12
  458 F   -2  0 -1  0 -2 -1 -2 -1 -1  1  2 -2  0  2 -1 -2 -1  1  3  1    1   5   2   8   1   2   2   6   1   7  22   0   1   9   2   0   4   1  13  13  0.13 0.12
  459 P   -2 -3  1  2 -1 -1 -1  0 -3 -2 -2  0  1  0  5 -1  0 -4 -1 -2    0   0   7  13   2   3   2   7   0   2   4   5   4   4  33   5   5   0   2   2  0.52 0.22
  460 S   -1 -1  0  2 -3  0  2  2  0 -2 -1  0 -2 -1  1  0  0 -3 -1 -2    3   1   4  15   0   5  15  15   1   3   8   3   0   3   8   7   4   0   3   1  0.18 0.12
  461 T   -1 -2 -2  0 -2 -2 -2 -2  0  2  0 -2  2  0 -3  1  3 -3  2  1    3   1   0   5   1   0   0   3   2  14   8   1   6   4   0  13  21   0   9   9  0.19 0.17
  462 S    0  1  3  1 -1  2  1 -1 -1 -2 -1  0 -2 -3  0  1  1 -3 -1 -2    7   8  20   6   1  13   7   3   0   1   7   2   0   0   5   9   7   0   2   2  0.20 0.14
  463 P   -2 -4 -4 -2 -4 -2 -3 -3 -2 -1 -3 -3  0  2  7 -3 -1 -4  2 -1    2   0   0   2   0   2   1   1   1   3   1   0   2  10  57   0   4   0   6   6  1.28 0.42
  464 W    0 -2  1  7 -5 -1 -1 -4 -2 -5 -5 -3 -2 -5 -4 -2 -3  5 -4 -3    8   2   6  66   0   2   2   0   1   0   0   0   1   0   0   2   0   9   0   1  1.39 0.48
  465 K   -3 -1 -4 -5 -5 -1 -2 -5  1 -3 -1  1 -1  7 -3 -3 -4  0  2 -2    1   3   0   0   0   3   2   0   4   0   4  12   1  59   2   1   0   1   5   2  1.14 0.43
  466 V    3 -4 -4 -4  0 -3 -4 -2 -4  2  0 -3  0  1 -4 -2 -1 -4 -1  4   28   0   0   0   2   0   0   2   0  11   9   1   1   6   0   0   2   0   1  36  0.51 0.28
  467 A    4  1 -3 -3 -3  1 -2  1 -3 -3 -2  3 -1 -2 -2 -1 -1 -4 -4 -1   45   7   0   0   0   7   0  10   0   0   3  18   1   1   1   1   3   0   0   3  0.51 0.30
  468 L    0 -1 -2 -3 -3  0  1 -3 -2  3  2 -1  1  0 -1 -2  0 -3  1  1    6   2   2   0   0   3  11   1   0  21  25   3   4   2   3   0   5   0   7   5  0.18 0.15
  469 A    6 -4 -4 -4  1 -4 -2  0 -4 -4 -3 -4 -4 -5 -4  0 -2 -5 -5 -2   80   0   0   0   2   0   1   7   0   0   2   0   0   0   0   4   1   0   0   1  1.27 0.50
  470 Y   -1  0 -3 -3  2 -1  1 -4 -1 -1 -1  1  1  3 -4 -2 -1 -2  5  0    6   6   0   0   5   3  10   0   1   2   5   8   3  17   0   0   3   0  22   9  0.34 0.21
  471 G    0 -5 -1 -4 -1 -4 -5  7 -5 -6 -6 -4 -5 -6 -5  0 -4 -5 -6 -6    8   0   3   0   2   0   0  82   0   0   0   0   0   0   0   5   0   0   0   0  1.74 0.53
  472 F    0 -4 -4 -5  2 -4 -4 -1 -1  3  2 -4  1  4 -4 -3 -2  1  2  1    7   0   0   0   5   0   0   6   2  20  20   0   4  19   0   0   2   2   6   7  0.41 0.23
  473 E   -1  4 -1 -1 -5  0  2  1  1 -3 -4  3 -3 -4 -1 -1  0 -4 -2 -4    3  32   1   3   0   2  12  11   3   2   0  16   0   0   3   4   7   0   1   0  0.49 0.27
  474 A    3 -3 -2 -2  1 -2 -2  2 -1  0 -1 -2 -2 -2 -3  0 -1 -4 -3  3   34   0   1   2   3   2   2  15   2   3   3   1   0   1   0   4   3   0   0  25  0.38 0.26
  475 K   -1  1 -1  1 -1 -1  2 -3 -1 -2 -3  2  0 -1 -3 -1  0  5  2 -1    5   8   2   9   2   1  18   0   1   2   0  14   2   3   0   3   8   8   8   5  0.28 0.20
  476 E   -1  4  0  0 -4  1  1 -1  0 -4 -2  2 -3 -3 -3  0  1 -4 -1 -3    5  29   5   5   0   6   8   5   1   0   3  13   0   1   0   7   8   0   2   1  0.36 0.22
  477 S    1 -2 -2 -4 -2 -3 -3 -3 -3  2  1 -1  1 -1  1 -1  1 -4 -1  3   13   1   2   0   0   0   1   1   0  12  16   3   3   2   6   5   9   0   1  27  0.26 0.19
  478 R    1  1  0  2 -3  0  2 -2  1 -2 -3  0 -3 -4 -1  1  2 -4 -2 -3   12   9   4  12   0   2  15   1   4   2   2   6   0   0   3   8  20   0   1   0  0.26 0.19
  479 D   -2 -1  1  5 -5  1  4 -3  3 -5 -5 -1 -4 -5 -1 -1  1 -5 -4 -3    2   3   4  35   0   6  25   1   7   0   0   3   0   0   2   1   9   0   0   2  0.73 0.33
  480 I    2 -3 -3 -4 -3 -1 -1 -4 -3  2  3 -2  0  1 -1 -2 -1 -3  0  1   19   0   1   0   0   3   3   0   0  10  35   1   1   6   4   0   3   0   3  11  0.31 0.21
  481 K    1  2 -1  1 -3  1  2  0 -2 -3 -2  2 -1 -1  0  1 -2 -4 -3 -2   15  14   2   7   0   7  14   5   0   0   4  12   2   3   3  11   0   0   0   1  0.22 0.16
  482 N    1  1 -1  2 -5  2  4 -2  0 -5 -4  0 -3 -5  2 -1 -1 -5 -4 -4   11   6   2  12   0  11  36   2   2   0   1   3   0   0   8   3   3   0   0   0  0.55 0.29
  483 D    3 -2 -2  1 -3  0  0 -2 -3 -1  0 -1 -2 -2 -3 -1  2 -4 -3  0   38   1   0  10   0   3   5   2   0   3  10   3   0   1   0   1  15   0   0   6  0.30 0.23
  484 L   -2 -4 -2 -5 -3 -4 -4 -1 -2  3  4 -4  1  1 -5 -4 -2  1  0  1    3   0   2   0   0   0   0   5   1  15  53   0   3   5   0   0   2   2   3   7  0.60 0.29
  485 K    1  3 -1  1 -4  1  3 -1 -2 -2 -3  2 -3 -4 -1 -1 -2 -4 -3 -1   12  18   2   6   0   6  24   3   0   2   1  16   0   0   2   2   1   0   0   5  0.38 0.23
  486 W    2  2 -1  0 -2  1  3 -2 -1 -4 -4  3 -3 -4 -1 -1  0  4 -3 -3   24  10   1   3   1   5  19   1   1   0   0  18   0   0   2   3   5   6   0   1  0.40 0.24
  487 L    4 -4 -4 -4 -3 -3 -3  0 -4 -1  2 -3  3  0 -3 -2 -1  2 -1  0   49   0   0   0   0   0   0   5   0   3  19   0   8   5   0   0   2   3   1   5  0.55 0.32
  488 F    0 -2 -2 -4 -3 -3 -3 -4 -3  2  3 -1  1  4 -2 -3 -1 -2 -1  0    9   2   2   0   0   0   1   0   0  11  34   5   3  25   1   0   2   0   0   3  0.44 0.24
  489 E    3  1  1  0 -3  0  2 -2 -1 -2 -2  2 -1 -3 -3  0 -2 -4 -3 -3   33   8   7   4   0   1  17   1   1   2   2  15   2   1   0   5   0   0   0   0  0.35 0.24
  490 D    1 -1 -1  1 -3  0  2 -2  3 -1 -2  0 -2 -3  0  2  1 -4 -2 -2   10   2   0  10   0   4  13   0   9   3   4   4   0   0   4  23  11   0   1   2  0.25 0.18
  491 D   -1  0  1  4 -4  1  0  1 -3 -4 -5  1 -4 -3  3 -1 -1 -5 -4 -4    5   5   6  33   0   5   4  11   0   0   0   8   0   1  16   1   4   0   0   0  0.56 0.26
  492 K    0  2 -2 -1 -4 -2  1  4 -3 -4 -3  3 -3 -5 -3 -2 -1 -5 -4 -3    5  14   0   2   0   0   8  42   0   0   3  19   0   0   0   1   4   0   0   2  0.63 0.30
  493 R   -2  0 -5 -5 -5 -4 -4 -5 -5 -2 -2 -2 -5 -6  8 -4  0 -6 -6 -2    2   5   0   0   0   0   0   0   0   2   4   2   0   0  77   0   6   0   0   3  2.04 0.62
  494 K    1 -1 -3 -3  1 -1 -3 -3  2  0 -1 -1  0 -1 -3  1  1 -3  1  3   14   2   0   0   3   3   0   0   6   1   3   3   2   2   0  12  10   0   6  33  0.27 0.22
  495 L   -3 -5 -5 -6 -3 -4 -5 -6 -5  1  5 -5  2  2 -5 -4 -3 -4 -3  3    0   0   0   0   0   0   0   0   0   6  61   0   3   7   0   0   0   0   0  23  0.99 0.39
  496 L   -2 -5 -5 -5 -3 -5 -5 -6 -5  5  2 -5 -1  0 -5 -4 -3 -4 -3  4    2   0   0   0   0   0   0   0   0  39  21   0   0   3   0   0   0   0   0  35  0.96 0.37
  497 E   -3 -3  1  6 -6  0  5 -4  1 -6 -6 -2 -5 -6 -4 -3 -3 -6 -5 -5    2   0   6  42   0   3  45   0   3   0   0   0   0   0   0   0   0   0   0   0  1.33 0.49
  498 I    0 -5 -5 -5  2 -4 -5 -5 -5  4  0 -4  2 -2 -5 -4 -2 -4 -1  5    6   0   0   0   4   0   0   0   0  26   3   0   5   1   0   0   0   0   2  52  0.92 0.38
  499 R   -2  3  0 -2 -4 -1 -1 -3  0  0 -2  2  3 -3  2 -1 -1 -4  0  0    2  24   3   1   0   0   2   0   2   7   0  18  12   0  11   4   2   0   3   9  0.33 0.20
  500 L   -2 -4 -4 -4 -3 -4 -4 -5 -1  4  2 -4 -1 -2 -4 -2  2 -4 -3  4    0   0   0   0   0   0   0   0   2  29  14   0   0   0   0   1  13   0   0  40  0.70 0.29
  501 A    3 -2 -1 -1 -2 -1  0  0 -2 -2 -3 -1 -2 -1  2  2  1 -3 -2 -1   38   0   0   3   0   0   7   5   0   0   0   2   0   4   9  18  11   0   0   4  0.30 0.14
  502 R   -2  5  1  0 -4  2  0 -3  2 -4 -3  3 -2 -3 -3 -1 -2 -3  0 -3    0  41   6   5   0  13   0   0   4   0   0  26   0   0   0   0   0   0   5   0  0.65 0.18
  503 H   -2  0  0 -2 -4  5  0 -3  8 -4 -3  0 -2 -3 -3 -1 -2 -3  0 -4    0   0   0   0   0  44   0   0  56   0   0   0   0   0   0   0   0   0   0   0  1.05 0.17

                      K         Lambda
Standard Ungapped    0.1389     0.3200
Standard Gapped      0.0410     0.2670
PSI Ungapped         0.1270     0.3174
PSI Gapped           0.0389     0.2670
