
Last position-specific scoring matrix computed, weighted observed percentages rounded down, information per position, and relative weight of gapless real matches to pseudocounts
           A  R  N  D  C  Q  E  G  H  I  L  K  M  F  P  S  T  W  Y  V   A   R   N   D   C   Q   E   G   H   I   L   K   M   F   P   S   T   W   Y   V
    1 M   -5 -5 -6 -7 -6 -4 -6 -7 -6 -3 -2 -5 11 -4 -7 -6 -5 -6 -5 -3    0   0   0   0   0   0   0   0   0   0   0   0 100   0   0   0   0   0   0   0  3.45 0.82
    2 G    1  5 -3 -3 -5 -2 -3  4 -3 -5 -4 -1 -4 -5 -3 -1 -1 -5 -5 -3   12  38   0   0   0   0   0  35   0   0   1   2   0   0   1   4   4   0   0   1  0.89 0.34
    3 R   -4  6 -3 -4 -7 -1 -3 -5 -3 -6 -6  6 -5 -6 -5 -4 -3 -6 -5 -5    1  37   0   0   0   1   0   0   0   0   0  59   0   0   0   0   1   0   0   0  1.75 0.54
    4 L   -5 -5 -6 -7 -5 -5 -6 -7 -2 -2  4 -6  1  1 -6 -5 -5 -1  8 -3    0   0   0   0   0   0   0   0   0   1  36   0   3   3   0   0   0   0  55   0  1.76 0.53
    5 F   -6 -7 -7 -8 -7 -7 -8 -7 -5 -4 -4 -7 -4  9 -8 -7 -6 -3 -1 -5    0   0   0   0   0   0   0   0   0   0   0   0   0 100   0   0   0   0   0   0  3.23 0.77
    6 G   -4 -6 -4 -5 -6 -6 -6  8 -6 -8 -8 -5 -7 -7 -6 -4 -5 -6 -7 -7    0   0   0   0   0   0   0 100   0   0   0   0   0   0   0   0   0   0   0   0  2.63 0.67
    7 T   -4 -5 -4 -5 -5 -5 -5 -6 -6 -5 -5 -5 -5 -6 -5 -3  8 -7 -6 -4    0   0   0   0   0   0   0   0   0   0   0   0   0   0   0   0 100   0   0   0  2.60 0.76
    8 D   -6 -6 -3  9 -8 -4 -2 -5 -5 -7 -8 -5 -7 -8 -6 -4 -5 -9 -7 -7    0   0   0 100   0   0   0   0   0   0   0   0   0   0   0   0   0   0   0   0  2.91 0.75
    9 G   -4 -6 -4 -5 -6 -6 -6  8 -6 -8 -8 -5 -7 -7 -6 -4 -5 -6 -7 -7    0   0   0   0   0   0   0 100   0   0   0   0   0   0   0   0   0   0   0   0  2.63 0.67
   10 V   -3 -6 -6 -6 -4 -5 -6 -6 -6  5 -1 -6 -1  1 -6 -5 -3 -5 -3  6    1   0   0   0   0   0   0   0   0  32   2   0   1   6   0   0   0   0   0  58  1.42 0.45
   11 R   -6  9 -4 -6 -8 -3 -4 -7 -4 -7 -6 -2 -5 -7 -6 -5 -5 -7 -6 -7    0 100   0   0   0   0   0   0   0   0   0   0   0   0   0   0   0   0   0   0  2.88 0.75
   12 G   -4 -6 -4 -5 -6 -6 -6  8 -6 -8 -8 -5 -7 -7 -6 -4 -5 -6 -7 -7    0   0   0   0   0   0   0 100   0   0   0   0   0   0   0   0   0   0   0   0  2.62 0.67
   13 V   -3  0 -4 -4 -3 -1  1 -5 -4  2  1  0 -1 -3 -4 -3 -1 -5 -3  5    0   6   0   0   0   3  11   0   0   9  12   5   0   0   0   0   4   0   0  48  0.63 0.29
   14 A    6 -5 -4 -5 -4 -4 -4  4 -5 -5 -5 -4 -4 -6 -4 -2 -1 -6 -5 -1   68   0   0   0   0   0   0  25   0   0   0   0   0   0   0   1   2   0   0   3  1.37 0.49
   15 N   -4 -3  8  0 -6  0  1 -2 -3 -5 -6 -2 -5 -6 -5 -2 -2 -7 -6 -4    1   0  72   5   0   5   8   3   0   1   0   2   0   0   0   1   2   0   0   1  1.71 0.54
   16 R    0  1 -1 -1 -3  1  0  0  0 -2 -2  1 -1  1 -2  0  1 -1  2  0   10   8   1   3   0   6   6   7   2   1   1  12   1   8   0   8   9   0   8   8  0.10 0.10
   17 E   -2 -4 -2  2 -5 -1  4 -2 -3 -4 -3 -1 -4 -4  6 -2 -1 -5 -5 -2    2   0   1  13   0   2  25   2   0   0   2   2   0   0  39   2   4   0   0   4  0.98 0.36
   18 L   -4 -5 -6 -7 -4 -5 -6 -7 -6  4  5 -5  6 -3 -6 -5 -4 -5 -4 -1    0   0   0   0   0   0   0   0   0  28  50   0  21   0   0   0   0   0   0   2  1.36 0.44
   19 T   -4 -5 -1 -4 -3 -4 -5 -5 -4 -5 -5 -4 -3 -6 -5  0  8 -6 -6 -3    0   0   2   1   0   0   0   0   0   0   0   0   0   0   0   4  91   0   0   0  2.17 0.68
   20 A    3 -5 -5 -5  0 -4 -4 -3 -5 -3 -5 -4 -4 -6  7 -2 -3 -7 -6  1   26   0   0   0   2   0   0   1   0   1   0   0   0   0  57   2   1   0   0   9  1.62 0.50
   21 E   -3 -3 -2  5 -7 -1  6 -4 -4 -5 -5 -2 -5 -6 -2 -3 -3 -6 -4 -6    2   1   1  26   0   2  63   1   0   1   1   0   0   0   2   1   1   0   0   0  1.52 0.51
   22 L   -4 -5 -4 -5 -4 -4 -5 -6  2  0  4 -5  3  5 -6 -5 -2 -2 -2  0    0   0   1   1   0   1   0   0   5   5  45   0   8  28   0   0   3   0   0   4  0.94 0.34
   23 A    6 -5 -5 -5 -3 -4 -4 -3 -5 -3 -4 -4  2 -4 -4 -2 -3 -6 -5  2   76   0   0   0   0   0   0   0   0   1   0   0   5   1   0   1   1   0   0  16  1.41 0.51
   24 L   -4 -5 -6 -6 -3 -3 -5 -6 -4 -1  4 -5  5  5 -6 -5 -3 -3  3 -1    0   0   0   0   0   1   0   0   0   0  44   0  17  22   0   0   1   0  12   2  1.11 0.39
   25 A   -1  4  0 -1 -5  2 -1 -2  0 -6 -5  6 -4 -6 -4 -2 -3 -6 -4 -5    4  21   3   2   0   8   2   3   2   0   1  51   0   0   0   2   0   0   0   0  1.05 0.39
   26 L   -4 -5 -6 -7 -3 -5 -6 -7 -6  2  6 -6 -1 -3 -6 -5 -4 -5 -4  3    0   0   0   0   0   0   0   0   0   8  72   0   0   0   0   0   0   0   0  19  1.36 0.44
   27 G    0 -6 -4 -5 -5 -5 -6  7 -6 -7 -7 -5 -6 -7 -6 -1 -5 -6 -7 -6    7   0   0   0   0   0   0  89   0   0   0   0   0   0   0   5   0   0   0   0  2.15 0.59
   28 A    0  5 -4 -5 -5  2 -2 -5 -2 -3 -2  0  2 -2 -5 -2 -3  8  1 -1    7  34   0   0   0  11   1   0   0   1   3   3   6   1   0   2   0  19   5   5  0.94 0.36
   29 A    6 -5 -5 -4  1 -4 -4 -3 -5 -3 -4 -4 -2  2 -4 -1 -3 -5  0 -3   78   0   0   1   2   0   0   1   0   1   0   0   1   8   0   2   1   0   4   1  1.38 0.50
   30 A    5 -5 -4 -5 -2 -4 -4  3 -5 -2 -1 -4 -3 -4 -4 -2 -1 -5 -5  0   58   0   0   0   0   0   0  23   0   1   7   0   0   0   0   0   2   0   0   7  0.97 0.39
   31 A    4 -5 -4 -4 -5 -5 -5  6 -5 -6 -6 -4 -5 -6 -5 -2 -3 -6 -6 -4   31   0   0   0   0   0   0  65   0   0   0   0   0   0   0   1   1   0   0   1  1.60 0.49
   32 R   -1  3 -3 -4 -2  0 -2 -4  3 -2 -1  2  0  0 -4 -2 -1  4  5 -2    4  18   0   0   1   4   2   1   7   2   6  14   2   2   0   2   4   5  25   3  0.52 0.25
   33 R   -1 -2 -5 -6 -3 -3 -4 -6  1  1 -1 -4 -1 -1 -5 -4 -2 -4  4  6    4   3   0   0   0   1   0   0   3   5   2   0   1   2   0   0   1   0  14  62  1.07 0.40
   34 L   -4 -5 -6 -7 -5 -5 -6 -7 -5 -2  5 -6 -1  5 -6 -5 -4 -3  1 -2    0   0   0   0   0   0   0   0   0   0  66   0   0  27   0   0   0   0   4   1  1.47 0.46
   35 S    3  2 -2 -3 -2  0 -2  2 -3 -3 -3  1 -2 -2 -3  1  3 -4 -3 -2   24  12   1   0   1   3   0  13   0   1   1   7   1   2   0  10  22   0   0   2  0.36 0.21
   36 R   -1  4  0 -1 -4  3  1 -2  1 -4 -3  3 -2 -3 -2 -1 -1 -3 -3 -3    5  29   4   2   0  12  10   3   3   1   1  19   0   1   1   4   2   0   0   1  0.53 0.21
   37 S    0  1  1  2 -3  1  2  0  5 -3 -2  0 -1 -3 -1  0  0 -3 -2 -2    6   7   8  10   0   7  14   6  16   1   3   6   2   1   2   5   5   0   1   2  0.26 0.12
   38 G    0 -1  1  0 -3 -1  0  4 -1 -3 -3  1 -2 -3 -1  1 -1 -2 -2 -1    9   3   8   6   0   2   6  32   1   1   2   8   1   1   2  10   3   1   1   4  0.30 0.12
   39 A    0  0  0  0 -2  1  1  2 -1 -3 -2  0 -2 -3  0  1  1 -3 -2 -2    9   4   4   4   1   6  10  20   2   1   2   7   0   1   4  11  13   0   1   2  0.20 0.10
   40 P    0  0  1  2 -1  1  1  2  1 -2 -3  1 -2 -2  0  0  0 -3 -2 -2    5   3   8  11   2   5  12  15   4   1   2   9   0   2   4   8   6   0   1   2  0.17 0.08
   41 G    0  1  0  0 -2  0  0  2  5 -3 -2  1 -2 -3 -1  0 -1 -3 -1 -1    6  10   3   4   1   4   6  17  21   1   3   9   1   1   3   5   3   0   2   4  0.30 0.13
   42 R   -3  6 -1 -3 -3  1 -2 -3  4 -3 -3  3 -3 -4 -2 -2 -2 -4 -3 -3    2  46   2   1   1   5   1   2  11   2   1  19   0   1   2   2   2   0   1   2  0.90 0.29
   43 R    0  2 -1 -3  0 -2 -3 -2  5 -4 -4  1 -4 -4  6 -2 -3 -5 -3 -3    7  12   2   1   3   1   1   2  14   1   1   7   0   0  45   2   1   0   0   2  1.09 0.34
   44 V   -2  4 -2 -3 -4  0 -2 -4 -2 -2 -1  4 -1 -3 -3 -1  2 -4 -3  0    2  27   1   0   0   4   1   1   1   2   6  30   1   1   1   3  12   0   0   8  0.55 0.25
   45 A    2 -5 -6 -6 -4 -5 -5 -5 -6  4 -2 -5 -1 -1 -5 -4 -3 -6 -4  6   15   0   0   0   0   0   0   0   0  23   1   0   1   2   0   0   0   0   0  57  1.20 0.42
   46 V   -3 -5 -6 -6 -4 -5 -6 -6 -6  3  4 -5 -1 -1 -5 -5 -3 -5 -3  5    1   0   0   0   0   0   0   0   0  15  35   0   1   1   0   0   0   0   1  46  1.12 0.38
   47 L   -4 -6 -6 -6 -4 -6 -6 -7 -6  7 -1 -6 -1 -3 -6 -5 -4 -6 -4  4    0   0   0   0   0   0   0   0   0  65   3   0   1   0   0   0   0   0   0  30  1.70 0.50
   48 G    0 -6 -4 -5 -6 -5 -6  7 -6 -7 -7 -5 -6 -7 -6 -2 -5 -6 -7 -6    9   0   0   0   0   0   0  89   0   0   0   0   0   0   0   2   0   0   0   0  2.19 0.59
   49 R   -4  5 -2 -4 -2 -2 -3 -5 -2 -6 -5  6  0 -6 -5 -3 -3 -4 -5 -6    0  34   1   0   1   1   0   0   1   0   0  59   2   0   0   1   1   0   0   0  1.63 0.52
   50 D   -6 -6 -3  9 -8 -4 -2 -5 -5 -7 -8 -5 -7 -8 -6 -4 -5 -9 -7 -7    0   0   0 100   0   0   0   0   0   0   0   0   0   0   0   0   0   0   0   0  2.93 0.75
   51 P   -4 -5 -4 -5 -5 -5 -5 -5 -6 -5 -5 -5 -5 -6  2 -1  8 -7 -6 -4    0   0   0   0   0   0   0   0   0   0   0   0   0   0  12   2  87   0   0   0  2.14 0.67
   52 R   -6  9 -5 -6 -8 -3 -4 -7 -4 -7 -6 -2 -6 -7 -6 -5 -5 -7 -6 -7    0 100   0   0   0   0   0   0   0   0   0   0   0   0   0   0   0   0   0   0  2.90 0.76
   53 A    0  1 -5 -5 -4 -4 -5 -5 -5  6  3 -4 -1 -3 -3 -3 -3 -5 -4  2   10   8   0   0   0   0   0   0   0  45  24   0   0   0   1   1   0   0   0   9  0.84 0.32
   54 S   -3 -5 -3 -4 -5 -4 -4 -4 -5 -7 -7 -4 -6 -7 -5  8 -2 -7 -6 -6    0   0   0   0   0   0   0   0   0   0   0   0   0   0   0 100   0   0   0   0  2.35 0.74
   55 G   -3 -6 -4 -5 -1 -5 -6  7 -6 -7 -7 -4 -6 -7 -6  1 -5 -6 -7 -7    1   0   0   0   2   0   0  89   0   0   0   0   0   0   0   9   0   0   0   0  2.16 0.59
   56 E   -4 -4 -3  2 -4  1  3 -4  0 -5 -5 -4 -4 -2 -3 -3 -2 -2  8 -5    0   0   0  12   0   6  20   1   2   0   0   0   0   0   1   1   2   0  54   0  1.48 0.50
   57 M   -5 -6 -6 -7 -6 -5 -6 -7 -6 -1  0 -6 10  2 -7 -6 -4 -5 -4 -2    0   0   0   0   0   0   0   0   0   2   6   0  81   9   0   0   0   0   0   1  2.73 0.74
   58 L   -5 -5 -6 -7 -5 -5 -6 -7 -5  2  5 -6 -1  5 -6 -6 -4 -4 -2 -2    0   0   0   0   0   0   0   0   0  10  67   0   1  22   0   0   0   0   1   1  1.39 0.44
   59 E   -1 -2 -4 -1 -5 -1  7 -4 -4 -7 -6 -2 -4 -7 -5 -2 -4 -7 -6 -5    4   1   0   1   0   1  86   1   0   0   0   1   0   0   0   3   0   0   0   0  1.96 0.61
   60 A    3 -3  2 -2 -1 -1 -2 -1  0 -5 -5 -3 -3 -4 -1  4  0 -4  2 -4   29   0  12   1   1   2   1   2   2   0   0   0   0   0   2  35   4   0   8   0  0.66 0.32
   61 A    7 -5 -5 -5 -4 -4 -4 -3 -5 -4 -5 -4 -5 -6 -4  0 -3 -6 -5 -3   92   0   0   0   0   0   0   1   0   1   0   0   0   0   0   5   0   0   0   1  1.91 0.61
   62 V   -4 -5 -7 -7 -4 -5 -6 -7 -6  0  6 -6  2 -3 -6 -5 -4 -5 -4  2    0   0   0   0   0   0   0   0   0   4  80   0   5   0   0   0   0   0   0  12  1.50 0.47
   63 I    1 -3 -3 -3  0  0  3 -4 -3  2 -2 -2  0 -3 -4  0  2 -5 -4  3   10   0   0   0   2   4  22   0   0  13   1   1   2   0   0   5  12   0   0  28  0.43 0.25
   64 A    7 -5 -5 -5 -4 -4 -4 -3 -5 -5 -5 -4 -5 -6 -4  2 -3 -6 -5 -4   85   0   0   0   0   0   0   0   0   0   0   0   0   0   0  14   0   0   0   0  1.76 0.58
   65 G   -4 -6 -4 -5 -7 -6 -6  8 -6 -8 -8 -5 -7 -7 -6 -4 -6 -6 -7 -7    0   0   0   0   0   0   0 100   0   0   0   0   0   0   0   0   0   0   0   0  2.65 0.68
   66 L   -4 -5 -6 -7 -4 -5 -6 -7 -5  3  5 -6  1  4 -6 -5 -4 -4 -3 -2    0   0   0   0   0   0   0   0   0  17  62   0   2  18   0   0   0   0   0   0  1.29 0.42
   67 T    2 -4 -2 -4  5 -3 -4 -4 -4 -1  1 -4  0 -4 -4  1  4 -5 -4  0   21   0   2   0  14   0   0   0   0   3  17   0   2   0   0  10  26   0   0   4  0.59 0.29
   68 S    4 -4 -3 -4 -4 -4 -4 -3 -5 -5 -6 -4 -5 -6 -4  6 -2 -6 -5 -4   38   0   1   0   0   0   0   1   0   0   0   0   0   0   0  61   0   0   0   0  1.50 0.54
   69 E    4 -3 -4 -4 -3 -2 -3 -3 -4  1 -2 -3  3 -4 -4  1  0 -5 -4  3   44   1   0   0   0   2   1   0   0   6   0   0   8   0   0   9   5   0   0  23  0.68 0.32
   70 G   -4 -6 -4 -5 -7 -6 -6  8 -6 -8 -8 -5 -7 -7 -6 -4 -6 -6 -7 -7    0   0   0   0   0   0   0 100   0   0   0   0   0   0   0   0   0   0   0   0  2.65 0.68
   71 V    3 -5 -5 -5 -1 -4 -4 -1 -5  2  0 -4  5 -3 -4 -3 -3 -5 -4  4   24   0   0   0   1   0   0   5   0  11   8   0  16   0   0   1   0   0   0  34  0.73 0.32
   72 D   -4 -3  3  7 -6 -2  2 -4  0 -5 -6 -2 -6 -6 -5  0 -3 -7 -3 -6    0   1  14  58   0   1  15   0   2   0   0   2   0   0   0   5   1   0   1   0  1.38 0.44
   73 A    2 -6 -6 -6 -2 -5 -5 -5 -6  1 -3 -5 -3 -4 -4 -3 -2 -6 -5  7   18   0   0   0   1   0   0   0   0   4   0   0   0   0   1   1   2   0   0  74  1.48 0.50
   74 L   -1 -1 -3 -2 -3 -2 -3 -3  0  2  3 -2  3  2 -4 -2 -1 -1  3  1    5   4   0   2   0   0   1   1   3  10  28   1   9   8   0   2   2   0  11  11  0.30 0.16
   75 R   -3  3 -2  0  0  0 -2 -5 -3 -1  4  0  1  1 -4 -2 -2 -4 -2 -2    0  17   1   6   2   3   1   0   0   2  46   5   3   7   0   2   2   0   0   1  0.48 0.25
   76 V    1 -5 -5 -5 -2 -4 -5 -5 -5  0  4 -4  1 -1 -5 -3  1 -5 -4  4   11   0   0   0   0   0   0   0   0   3  46   0   2   2   0   0   8   0   0  29  0.78 0.32
   77 G   -4 -5 -4 -4 -6 -5 -5  7  3 -8 -7 -5 -6 -7 -6 -4 -5 -6 -5 -7    0   0   0   1   0   0   0  92   6   0   0   0   0   0   0   0   0   0   0   0  2.30 0.62
   78 V   -4 -6 -6 -6 -5 -5 -4 -6 -4  1 -4 -5 -3 -5  6 -5 -3 -7 -5  5    0   0   0   0   0   0   0   0   0   7   0   0   0   0  45   0   1   0   0  46  1.68 0.52
   79 L   -3 -5 -5 -6 -3 -4 -5 -6 -5  4  3 -5  7 -3 -5 -4  0 -5 -4  2    1   0   0   0   0   0   0   0   0  23  27   0  28   0   0   0   6   0   0  14  1.07 0.38
   80 P   -2 -6 -5 -5 -6 -5 -5 -6 -6 -6 -6 -5 -6 -7  8  0  2 -7 -7 -6    2   0   0   0   0   0   0   0   0   0   0   0   0   0  79   7  12   0   0   0  2.43 0.66
   81 T   -4 -5 -4 -5 -5 -5 -5 -6 -6 -5 -5 -5 -5 -6 -5 -2  8 -7 -6 -4    0   0   0   0   0   0   0   0   0   0   0   0   0   0   0   0 100   0   0   0  2.60 0.76
   82 P   -5 -7 -6 -6 -7 -6 -5 -7 -7 -7 -7 -5 -7 -8  9 -5 -5 -8 -7 -7    0   0   0   0   0   0   0   0   0   0   0   0   0   0 100   0   0   0   0   0  3.40 0.83
   83 A    6 -5 -4 -5 -4 -4 -4  4 -5 -5 -5 -4 -5 -6 -4  0 -2 -6 -5 -4   66   0   0   0   0   0   0  26   0   0   0   0   0   0   0   6   1   0   0   0  1.38 0.48
   84 V   -2 -6 -6 -6 -4 -6 -6 -7 -6  5 -1 -6 -2 -4 -6 -5 -3 -6 -4  6    3   0   0   0   0   0   0   0   0  30   2   0   0   0   0   0   0   0   0  65  1.58 0.49
   85 A    7 -5 -5 -5 -4 -4 -4 -1 -5 -5 -5 -4 -5 -6 -4  2 -3 -6 -5 -4   84   0   0   0   0   0   0   3   0   0   0   0   0   0   0  12   0   0   0   0  1.71 0.57
   86 Y   -5 -5 -4 -7 -6 -5 -6 -7  3 -4 -1 -5  4  4 -7 -5 -5 -1  9 -4    0   0   1   0   0   0   0   0   7   0   5   0   9  12   0   0   0   0  65   0  2.05 0.59
   87 L   -4 -6 -7 -7 -5 -5 -5 -7 -6  1  6 -6  1 -3 -6 -6 -4 -5 -4  0    1   0   0   0   0   0   0   0   0   4  87   0   2   0   0   0   0   0   0   6  1.64 0.50
   88 T   -1 -5 -4 -5 -1 -4 -5 -5 -6 -2 -4 -4 -4 -5 -5 -2  7 -6 -5  3    4   0   0   0   1   0   0   0   0   2   0   0   0   0   0   1  74   0   0  19  1.67 0.57
   89 G    0  7 -3 -2 -6  1 -2 -1 -1 -5 -5  2 -4 -6 -3 -1 -2 -6 -5 -5    6  62   0   2   0   4   1   6   1   0   0  10   0   0   1   4   2   0   0   0  1.24 0.43
   90 A    2 -2  0  0 -3 -1  0 -3 -1 -3 -3  0 -3 -3 -3  3  4 -5 -3 -2   17   1   3   6   0   1   7   0   1   0   2   6   0   1   0  23  30   0   1   2  0.48 0.26
   91 Y   -3 -3 -4 -3 -4  1  0 -4  0 -1  3 -3  5  4 -4 -3 -2 -3  3 -2    0   1   0   1   0   7   8   1   3   1  30   1  15  18   0   1   3   0  10   1  0.58 0.27
   92 D   -3  6  0  2 -6  0  0  2  2 -6 -5  1 -4 -5 -4 -2 -4 -5 -4 -5    0  42   5  11   0   2   6  19   5   0   0   7   0   0   0   2   0   0   0   0  0.86 0.33
   93 A    6 -5 -5 -5  0 -4 -4 -3 -5 -3 -2 -4 -2  1 -4 -2 -3 -5 -2 -1   78   0   0   0   2   0   0   1   0   1   4   0   1   7   0   1   1   0   1   4  1.32 0.48
   94 D   -1 -4 -1  7 -3  1  2 -4 -2 -6 -5 -3 -4 -6 -4  1 -2 -7 -5 -5    4   0   2  60   1   6  12   0   1   0   0   1   0   0   0  10   1   0   0   0  1.31 0.44
   95 F    5 -5 -5 -5  3 -4 -4 -2 -5 -1  2 -4  0  1 -4 -2 -3 -5 -4 -1   56   0   0   0   7   0   0   2   0   3  20   0   2   6   0   1   0   0   0   3  0.85 0.36
   96 G   -3 -6 -4 -5 -6 -6 -6  8 -6 -8 -8 -5 -7 -7 -6 -4 -5 -6 -7 -7    0   0   0   0   0   0   0 100   0   0   0   0   0   0   0   0   0   0   0   0  2.62 0.67
   97 V   -2 -6 -6 -7 -4 -6 -6 -7 -7  5 -2 -6 -2 -4 -6 -5 -3 -6 -5  6    2   0   0   0   0   0   0   0   0  35   0   0   0   0   0   0   0   0   0  63  1.65 0.51
   98 M   -4 -6 -6 -7 -5 -2 -6 -7 -6 -2 -2 -5  9 -4 -6 -5 -4 -6 -5  5    0   0   0   0   0   2   0   0   0   0   0   0  53   0   0   0   0   0   0  45  2.12 0.64
   99 I   -5 -7 -7 -7 -5 -7 -7 -8 -7  8  0 -7 -2 -4 -7 -6 -4 -6 -5 -1    0   0   0   0   0   0   0   0   0  94   5   0   0   0   0   0   0   0   0   1  2.38 0.64
  100 S   -3 -5 -3 -4 -5 -4 -4 -4 -5 -6 -6 -4 -5 -6 -5  7  0 -7 -6 -6    0   0   0   0   0   0   0   0   0   0   0   0   0   0   0  95   5   0   0   0  2.17 0.70
  101 A    7 -5 -5 -6 -4 -5 -5 -4 -6 -5 -5 -5 -5 -6 -5 -3 -4 -7 -6 -4  100   0   0   0   0   0   0   0   0   0   0   0   0   0   0   0   0   0   0   0  2.23 0.68
  102 S   -3 -5 -3 -4 -5 -4 -4 -4 -5 -7 -7 -4 -6 -7 -5  8 -3 -7 -6 -6    0   0   0   0   0   0   0   0   0   0   0   0   0   0   0 100   0   0   0   0  2.36 0.74
  103 H   -6 -5 -4 -6 -8 -4 -5 -7 11 -8 -8 -5 -6 -6 -7 -5 -6 -7 -3 -8    0   0   0   0   0   0   0   0 100   0   0   0   0   0   0   0   0   0   0   0  3.99 0.92
  104 N   -6 -5  9 -3 -7 -4 -4 -5 -4 -8 -8 -4 -6 -7 -6 -4 -4 -8 -6 -7    0   0 100   0   0   0   0   0   0   0   0   0   0   0   0   0   0   0   0   0  3.04 0.80
  105 P   -1 -6 -6 -4 -7 -5 -5 -6 -5 -6 -5 -5 -5 -8  9 -3 -5 -8 -7 -6    4   0   0   1   0   0   0   0   0   0   1   0   0   0  91   2   0   0   0   0  2.91 0.74
  106 M    1 -5 -5 -6 -3 -4 -5 -5  1 -1 -2 -5  4  5 -4 -4 -4 -2  6  2   13   0   0   0   0   0   0   0   3   1   0   0  14  24   1   0   0   0  29  14  1.05 0.39
  107 P    0 -2 -3  0 -3  2  3 -3  2 -4 -3 -2 -2 -1  3 -2 -2 -3  5 -4    7   1   0   5   1  12  22   1   5   0   2   1   1   2  17   1   2   0  20   0  0.59 0.28
  108 D   -6 -6 -3  8 -7 -4 -2 -5 -3 -7 -7 -5 -7 -1 -6 -4 -5 -7  2 -7    0   0   0  89   0   0   0   0   0   0   0   0   0   3   0   0   0   0   7   0  2.43 0.67
  109 N   -6 -5  9 -3 -7 -4 -4 -5 -4 -8 -8 -4 -6 -7 -6 -4 -4 -8 -6 -7    0   0 100   0   0   0   0   0   0   0   0   0   0   0   0   0   0   0   0   0  3.04 0.80
  110 G   -4 -6 -4 -5 -7 -6 -6  8 -6 -8 -8 -5 -7 -7 -6 -4 -6 -6 -7 -7    0   0   0   0   0   0   0 100   0   0   0   0   0   0   0   0   0   0   0   0  2.65 0.68
  111 I   -5 -7 -7 -7 -5 -7 -7 -8 -7  8 -2 -7 -2 -3 -7 -6 -5 -7 -5 -1    0   0   0   0   0   0   0   0   0  97   1   0   0   0   0   0   0   0   0   1  2.50 0.67
  112 K   -5 -2 -4 -5 -7 -3 -3 -6 -5 -7 -7  8 -5 -7 -5 -4 -5 -7 -6 -6    0   0   0   0   0   0   0   0   0   0   0 100   0   0   0   0   0   0   0   0  2.62 0.74
  113 I   -5 -6 -7 -7 -6 -6 -7 -7 -5  1  2 -6 -3  8 -7 -6 -5 -3  0 -1    0   0   0   0   0   0   0   0   0   7  16   0   0  72   0   0   0   0   1   4  1.98 0.55
  114 F   -6 -7 -7 -8 -6 -7 -7 -7 -5  0 -2 -7 -2  9 -8 -6 -6 -3 -1 -4    0   0   0   0   0   0   0   0   0   5   3   0   1  91   0   0   0   0   0   0  2.77 0.70
  115 G    1 -3  3  1 -3 -3 -3  4 -4 -5 -5 -3 -5 -5 -4  4 -2 -5 -5 -5   13   1  12   7   0   0   0  35   0   0   0   0   0   0   0  31   0   0   0   0  0.86 0.35
  116 P    2  1  0 -2 -3 -1 -1  2  0 -2 -4  0 -3 -5  4  2 -2 -5 -4 -3   20  10   3   2   0   1   2  16   3   3   0   4   0   0  19  16   1   0   0   0  0.45 0.22
  117 G   -2 -2  2  5 -5  1  1  2 -3 -5 -5  0 -3 -4 -4 -1 -1 -6 -4 -5    2   1   8  42   0   5   9  16   0   0   1   5   1   1   0   4   4   0   0   0  0.76 0.30
  118 G   -3 -6 -4 -5 -6 -6 -6  8 -6 -8 -8 -5 -7 -7 -6 -4 -5 -6 -7 -7    0   0   0   0   0   0   0 100   0   0   0   0   0   0   0   0   0   0   0   0  2.63 0.67
  119 H   -3 -2 -2 -2 -3 -1 -1 -4  4 -3 -2 -1 -2  5 -5 -2  2 -2  5 -3    1   2   2   2   0   3   4   1  10   0   3   3   0  28   0   2  13   0  25   1  0.78 0.32
  120 K   -5 -2 -4 -5 -7 -3 -3 -6 -5 -7 -7  8 -5 -7 -5 -4 -5 -7 -6 -6    0   0   0   0   0   0   0   0   0   0   0 100   0   0   0   0   0   0   0   0  2.62 0.74
  121 L   -5 -6 -7 -7 -5 -6 -6 -7 -6 -1  7 -6  1 -3 -7 -6 -5 -5 -5 -2    0   0   0   0   0   0   0   0   0   1  95   0   2   0   0   0   0   0   0   0  1.94 0.57
  122 D   -1 -4 -1  2 -4 -3  0 -3 -4 -5 -4 -3 -5 -5  6  4 -1 -6 -5 -4    5   0   2  12   0   0   5   1   0   0   1   0   0   0  41  29   2   0   0   0  1.12 0.40
  123 D   -3 -5 -2  8 -6 -4 -1 -5 -5 -7 -8 -5 -7 -8 -5 -4 -5 -8 -7 -7    3   0   0  94   0   0   3   0   0   0   0   0   0   0   0   0   0   0   0   0  2.61 0.69
  124 D    2 -3 -2  3 -4  0  5 -3 -2 -5 -5 -1 -4 -6 -3  0 -2 -5 -4 -4   21   1   1  16   0   3  45   1   1   0   0   2   0   0   0   7   1   0   0   0  0.87 0.35
  125 T   -1 -3 -4 -2 -3  1 -3 -5 -4  3  2 -2  2 -2 -4 -3  1 -3 -3  4    4   1   0   2   0   9   1   0   0  15  16   2   4   1   0   0   9   0   0  37  0.53 0.25
  126 E   -5 -4 -4 -2 -7 -1  8 -6 -4 -2 -5 -3 -6 -7 -5 -4 -5 -7 -6 -6    0   0   0   0   0   1  95   0   0   3   1   0   0   0   0   0   0   0   0   0  2.36 0.70
  127 D    1 -2  0  4 -4  0  3 -3  0 -2  2 -1  0 -3 -4 -2 -2 -4 -2 -2   13   1   4  25   0   2  19   0   2   1  23   2   2   1   0   1   1   0   1   1  0.41 0.23
  128 Q    2  2 -3 -1 -5  2  5 -3 -3 -5 -3  1 -1 -5 -4 -2 -2 -5 -4 -4   19  10   0   2   0   8  46   1   0   0   2   8   2   0   0   1   1   0   0   0  0.83 0.35
  129 I   -5 -6 -7 -6 -5 -6 -7 -7 -7  8 -1 -6 -1 -4 -6 -6 -4 -6 -5  0    0   0   0   0   0   0   0   0   0  93   3   0   1   0   0   0   0   0   0   1  2.30 0.62
  130 E   -3 -4 -2 -2 -7  0  8 -6 -4 -4 -6 -3 -6 -7 -5 -3 -4 -6 -6 -6    2   0   1   0   0   3  91   0   0   1   0   0   0   0   0   1   1   0   0   0  2.17 0.65
  131 D    4  1 -1  0 -4  2  2 -2  0 -4 -4  1 -3 -4 -3  0 -1 -5 -3 -3   43   7   2   6   0   8  13   1   2   0   1   8   0   0   0   5   2   0   1   0  0.50 0.26
  132 L   -1 -1 -4 -4 -2 -1  1 -3 -1  1  4 -2  3 -1 -4 -3 -2  1  3  0    5   4   0   0   1   3  11   1   1   5  41   1   7   2   0   0   2   2  10   4  0.38 0.21
  133 V   -3 -5 -5 -6 -3 -4 -5 -6 -5  4  4 -5  5 -2 -5 -5 -3 -4 -1  2    0   0   0   0   0   0   0   0   0  24  43   0  15   1   0   0   0   0   2  13  0.99 0.34
  134 L    0 -1  0  4 -2 -1  2  0  0 -2  0 -1 -1  0 -2 -1 -1 -3 -2 -2    6   4   2  33   1   2  12   6   2   2  13   3   1   4   1   2   3   0   1   2  0.30 0.13
  135 G    1  0  1  2 -2  0  1  1  0 -2 -2  0 -2 -2 -1  1  0 -2 -2 -2   17   5   8  11   1   4   9  13   2   2   3   4   1   1   1  12   3   0   1   2  0.17 0.07
  136 V    0  0  1  2 -1  0  1  0  0 -1 -1  0 -1 -1  1  0  0 -2 -1 -1    8   3   6  12   1   4  12   9   3   4   7   6   2   2   6   5   4   1   2   4  0.07 0.02
  137 S    0  0  0  0 -1  0  1  0  0  0  0  0  0 -1  1  0  0  0 -1  0    6   4   3   5   1   3  10   6   2   8  11   7   4   3   7   5   7   1   1   6  0.03 0.01
  138 R   -1  0  0  4 -3  1  4 -2 -1 -3 -2  0 -3 -3 -2 -1  0 -1 -3 -3    3   3   4  23   0   4  36   2   1   1   3   5   1   1   1   4   5   1   0   1  0.56 0.22
  139 G    0 -1  0  3 -2  1  1  1 -1  0 -1  1 -1 -2  0 -1 -1 -3 -2 -1    6   2   4  18   0   9   7  12   0   6   8  11   2   1   4   3   3   0   1   3  0.13 0.08
  140 P    0 -1  0  1 -2 -1  2 -1 -2 -2 -2  0 -2 -3  5 -1  1 -3 -2 -2    6   3   3   9   1   2  16   4   1   3   3   4   1   1  27   4   9   0   1   3  0.44 0.16
  141 G   -2 -2 -2 -2 -3 -2 -2 -2  0  1  3 -1  4 -1 -1 -1 -2  5 -1  0    3   1   2   3   0   2   2   3   2   7  34   3  13   2   3   4   2   8   1   5  0.33 0.17
  142 L    0 -1 -1  0 -2  0  0 -2 -1 -1 -1 -1 -1 -2  5  0  1 -4 -2  0    9   3   1   6   0   5   7   2   2   3   7   2   1   1  29   4  11   0   1   6  0.40 0.16
  143 R   -2  5 -2 -3  5  0 -2 -2 -1 -1  0 -1 -1 -2 -1 -1  0 -3  0 -1    3  33   2   0  14   3   1   4   1   2  12   2   2   1   2   3   7   0   4   5  0.43 0.21
  144 P    2 -4 -4 -4 -2 -4 -3 -4 -5 -2 -3 -4 -2 -4  7 -3 -3 -5 -5  3   17   1   1   1   1   0   1   0   0   1   1   0   1   0  51   1   1   0   0  22  1.35 0.42
  145 A    1 -2 -1  1 -3  0  1 -2 -3  0 -2 -1 -2 -3  0  2  3 -4 -3  0   10   1   1   6   0   3  12   1   0   6   2   2   0   0   5  14  27   0   0   8  0.28 0.18
  146 G    2 -1 -2 -2 -1 -3 -3  4 -1 -4 -4 -1 -4 -3  0  3 -1 -4 -4 -4   16   3   0   1   1   0   1  38   1   0   0   3   0   1   4  27   2   0   0   1  0.70 0.28
  147 A    3 -1 -1  3 -4  0  3  0  0 -3 -4 -1 -3 -4 -2  1  0 -5 -4 -2   28   2   2  16   0   2  22   7   2   1   1   3   0   0   1   9   4   0   0   1  0.42 0.22
  148 G    0  0  2  3 -4  1  3  2  0 -4 -3  1 -3 -4 -3 -1 -2 -5 -4 -4    8   5   9  15   0   6  19  19   2   0   2  11   0   1   0   2   0   0   0   0  0.41 0.20
  149 I   -4 -5 -6 -6 -4 -5 -6 -6 -6  5  4 -5  0 -2 -6 -5 -3 -5 -4  3    0   0   0   0   0   0   0   0   0  33  43   0   1   0   0   0   0   0   0  23  1.18 0.38
  150 G   -4 -6 -4 -5 -6 -6 -6  8 -6 -8 -7 -5 -7 -7 -6 -4 -5 -6 -7 -5    0   0   0   0   0   0   0  99   0   0   0   0   0   0   0   0   0   0   0   1  2.59 0.67
  151 R   -4  6 -2 -4 -1  0 -2 -5 -1 -4 -5  4 -2 -4 -5 -2  1 -6 -3 -2    0  48   1   0   1   2   1   0   1   1   0  28   1   0   0   2   9   0   1   3  1.14 0.41
  152 V    4 -3 -4 -5 -2 -4 -3 -4 -5  2 -1 -2 -1 -2 -4 -1  0 -3 -3  4   40   1   0   0   1   0   0   0   0  10   3   1   1   1   0   2   6   0   1  31  0.65 0.30
  153 I   -1  3  0 -1 -2  0  0 -3  0  0 -2  2 -1 -1 -3  1  1 -3  1  1    1  17   3   2   0   2   5   1   3   7   2  14   1   2   0  16   9   0   6  10  0.19 0.15
  154 D   -3  6 -2  4 -5 -1  1 -4 -1 -4 -5  0 -3 -4 -2 -2 -3 -5  0 -3    1  48   1  23   0   1   9   0   1   1   0   3   0   0   2   2   1   0   4   2  0.98 0.37
  155 A   -1 -2 -3 -2 -2 -3 -2 -4 -1  4  1 -3 -1  2 -4 -2 -2 -1  4  2    6   3   1   3   0   0   2   1   1  30   9   0   1   7   0   1   1   0  17  14  0.44 0.21
  156 E    0 -2  1  4 -4 -1  2 -2  1 -2 -3 -1 -2  0  2  0  0 -4 -2 -1    7   1   7  25   0   2  15   3   4   1   2   3   0   4  10   5   4   0   1   5  0.32 0.17
  157 D   -1 -3  0  7 -6 -1  3  0 -3 -5 -6 -3 -3 -6 -4 -1 -2 -3 -5 -5    5   0   3  56   0   1  19   6   0   0   0   0   1   0   0   4   3   0   0   0  1.20 0.41
  158 A    5 -4 -4 -2 -3 -4 -3  3 -5 -4 -2 -4 -2 -5 -2 -1 -3 -4 -3 -1   58   0   0   2   0   0   1  25   0   0   5   0   1   0   1   2   0   0   1   4  0.97 0.39
  159 T    2  2 -1 -2 -2  1  0  0  0  0  0  0 -1 -2  0  0 -1 -4 -2  0   27  16   2   1   1   5   4   5   2   5   9   3   1   2   3   4   2   0   1   6  0.14 0.12
  160 E   -1  0  1  2 -5  1  1  4 -1 -4 -2 -1 -3 -1 -3 -1 -3 -2 -1 -4    4   5   8  14   0   7  10  37   1   0   3   2   0   3   0   2   0   1   3   0  0.49 0.22
  161 R   -3  7 -2  0 -5  0 -1 -5 -1 -5 -3  3 -4 -5 -4 -3 -3 -6 -5 -4    2  64   1   4   0   3   3   0   1   0   3  14   0   0   1   1   1   0   0   1  1.38 0.46
  162 Y   -6 -6 -7 -8 -7 -6 -7 -8 -3 -6 -6 -6 -5 -1 -8 -6 -6 -2 10 -6    0   0   0   0   0   0   0   0   0   0   0   0   0   1   0   0   0   0  99   0  3.51 0.87
  163 L   -2 -3 -4 -5 -3 -2 -3 -4 -5  6  1 -3  1 -3 -5 -3 -1 -5 -4  3    2   1   1   0   0   2   2   1   0  54  12   1   2   0   0   1   3   0   0  17  0.95 0.34
  164 R    0 -1  0  1 -5  2  5  0  1 -4 -4  0 -3 -4 -4 -1 -3 -5 -4 -1    7   3   3   8   0   7  47   6   3   0   1   4   0   0   0   4   0   0   0   5  0.70 0.30
  165 H   -3 -2 -4 -6 -6 -5 -5 -6  6 -3 -4 -5 -3  7 -6 -4 -5 -3  5 -4    2   2   1   0   0   0   0   0  23   1   0   0   0  50   0   1   0   0  20   0  1.81 0.52
  166 V    1 -5 -5 -6  7 -5 -5 -5 -6  0  4 -5 -1 -3 -5 -4 -3 -5 -4  1   13   0   0   0  26   0   0   0   0   4  45   0   1   0   0   0   1   0   0  10  1.11 0.38
  167 A   -2 -1 -3 -3 -2  0  0 -4 -4  1 -1  6 -2 -4 -4 -3 -3 -6 -4  1    2   1   0   0   1   2   4   1   0   7   7  61   1   0   0   1   1   0   0  10  0.94 0.38
  168 K    1  1  1 -1 -4  2 -1  2 -1 -5 -5  0 -3 -5 -3  4  0 -5 -3 -4    8   8   6   2   0   9   3  14   1   0   0   4   0   0   0  40   4   0   0   0  0.55 0.28
  169 A    1 -4 -2 -4  0 -2 -4 -4 -3 -1 -2 -4 -3 -5 -4  2  6 -6 -5 -1    9   0   1   0   2   1   0   0   0   3   3   0   0   0   0  16  61   0   0   3  1.13 0.44
  170 A    0 -4 -4 -5 -1 -4 -5 -3 -4  3  2 -4  0  5 -3 -3 -2 -3 -1  3    9   0   0   0   1   0   0   1   0  17  18   0   2  28   1   1   2   0   1  19  0.61 0.25
  171 T   -2 -3 -1  2 -5 -2 -2 -1 -3 -5 -6 -2 -4 -5  7  0  1 -6 -5 -5    2   1   3  12   0   1   2   5   1   0   0   3   0   0  55   6   8   0   0   0  1.34 0.42
  172 A    0  3  1  0 -1  0  0  0  1 -1 -2  0 -1 -2 -2  1  1 -3 -1 -1    8  18   9   4   1   3   6   7   5   2   2   5   1   1   1   8  12   0   3   5  0.14 0.10
  173 R   -2  3  1  5 -5 -1  0 -3  0 -5 -5 -1 -5 -5 -1  3 -2 -6 -5 -5    1  18   5  36   0   2   6   1   3   0   0   2   0   0   3  25   1   0   0   0  0.83 0.34
  174 L   -5 -6 -7 -7 -5 -6 -6 -7 -6 -2  6 -6 -1  5 -6 -6 -5 -4 -2 -3    0   0   0   0   0   0   0   0   0   0  78   0   1  21   0   0   0   0   0   0  1.66 0.51
  175 D   -1  0  1  4 -4 -1  2 -3 -1 -5 -5  2 -4 -5 -3  2  0 -5 -4 -4    5   5   6  27   0   2  14   1   1   0   0  15   0   0   0  20   4   0   0   0  0.60 0.26
  176 D   -3 -5  0 -1 -6 -5 -4  7 -5 -7 -7 -3 -6 -7 -5 -3 -5 -6 -7 -7    1   0   4   4   0   0   1  88   0   0   0   1   0   0   0   1   0   0   0   0  2.08 0.57
  177 L   -4 -4 -6 -6 -4 -4 -5 -6 -5  2  5 -2  5 -1 -6 -5 -3 -4 -1  0    0   0   0   0   0   0   0   0   0  10  62   2  18   1   0   0   1   0   2   3  1.21 0.41
  178 A   -4  4 -2 -4 -5 -2 -3 -5  3 -6 -5  6 -5 -6 -5 -3  0 -6 -5 -5    0  23   2   0   0   1   0   0   6   0   0  61   0   0   0   0   6   0   0   0  1.47 0.49
  179 V   -4 -6 -6 -6 -3 -6 -6 -7 -6  6  0 -6  0 -3 -6 -5 -3 -6 -4  5    0   0   0   0   0   0   0   0   0  48   7   0   1   0   0   0   0   0   0  44  1.50 0.46
  180 V    2 -6 -6 -6 -1 -5 -5 -1 -6  0 -2 -5 -3 -4 -5 -4 -3 -6 -5  7   17   0   0   0   1   0   0   5   0   1   1   0   0   0   0   0   0   0   0  75  1.45 0.50
  181 V   -3 -5 -6 -6 -4 -5 -5 -6 -3  3  4 -5  0 -3 -5 -5 -3 -5 -2  5    1   0   0   0   0   0   0   0   1  15  38   0   2   0   0   0   0   0   1  43  1.09 0.37
  182 D   -6 -6 -3  9 -8 -4 -2 -5 -5 -7 -8 -5 -7 -8 -6 -4 -5 -9 -7 -7    0   0   0 100   0   0   0   0   0   0   0   0   0   0   0   0   0   0   0   0  2.93 0.75
  183 C    0 -7 -6 -7 11 -6 -4 -1 -7 -5 -5 -7 -5 -6 -7 -3 -1 -6 -6 -4    6   0   0   0  80   0   1   6   0   0   1   0   0   0   0   2   4   0   0   0  2.97 0.72
  184 A    7 -5 -5 -5 -4 -4 -5 -2 -5 -5 -5 -4 -5 -6 -5 -1 -4 -6 -6 -4   95   0   0   0   0   0   0   1   0   0   0   0   0   0   0   4   0   0   0   0  2.01 0.63
  185 H   -5 -4  8 -2 -7 -3 -3 -5  7 -7 -7 -4 -6 -6 -6 -4 -4 -7 -3 -7    0   0  70   1   0   1   1   0  27   0   0   0   0   0   0   0   0   0   0   0  2.37 0.66
  186 G   -4 -6 -4 -5 -7 -6 -6  8 -6 -8 -8 -5 -7 -7 -6 -4 -6 -6 -7 -7    0   0   0   0   0   0   0 100   0   0   0   0   0   0   0   0   0   0   0   0  2.65 0.68
  187 A    7 -5 -5 -5 -4 -4 -4 -3 -5 -5 -5 -4 -5 -6 -4  1 -3 -6 -5 -4   89   0   0   0   0   0   0   1   0   0   0   0   0   0   0  11   0   0   0   0  1.84 0.60
  188 A    5 -4 -2 -4 -3 -4 -4 -2 -5 -4 -4 -4 -3 -5 -4  1  4 -6 -5 -3   57   0   2   0   0   0   0   2   0   0   0   0   0   0   0   8  30   0   0   0  1.20 0.46
  189 S   -1 -5 -4 -5 -2 -4 -5 -5  0 -5 -5 -5 -5  0 -6  4 -3  0  8 -5    4   0   0   0   1   0   0   0   2   0   0   0   0   2   0  31   1   1  58   0  1.79 0.58
  190 S    0  2  0 -1 -4  1  1 -1  5 -3 -3  3 -2 -2 -2  1 -1 -3 -1 -2    7  11   4   2   0   6   7   5  18   1   1  18   1   1   1  10   3   0   1   3  0.36 0.19
  191 A    0 -5 -5 -5  0 -4 -5 -5 -5  4  1 -4 -1 -1 -5 -2  1 -4 -3  5    9   0   0   0   2   0   0   0   0  25  12   0   0   2   0   3   7   0   0  41  0.75 0.30
  192 A    6 -5 -4 -5 -4 -4 -4  1 -5 -2 -3 -4 -1 -4 -4  0 -3 -6 -5 -1   75   0   0   0   0   0   0   9   0   1   1   0   1   0   0   7   0   0   0   4  1.30 0.47
  193 P   -3 -2 -3 -5 -6 -3 -3 -6 -4 -5 -6  0 -6 -7  8 -1 -2 -7 -6 -3    2   3   1   0   0   1   1   0   0   0   0   6   0   0  77   4   2   0   0   3  2.18 0.60
  194 R    1  2  2  0 -3  1  2 -2  2 -2 -2  1  0 -2 -2  1  0 -4 -2 -2   12  11   9   4   0   5  16   1   6   2   4   8   3   2   1  11   4   0   1   1  0.20 0.13
  195 A    3 -5 -5 -6 -3 -5 -5 -5 -5  2  1 -5 -2 -4 -5 -3 -1 -5 -4  5   24   0   0   0   0   0   0   0   0   8  13   0   0   0   0   0   2   0   0  51  0.96 0.37
  196 Y   -5 -6 -6 -7 -5 -6 -6 -7 -4 -2  3 -6  0  7 -7 -5 -5 -1  3 -3    0   0   0   0   0   0   0   0   0   1  33   0   2  54   0   0   0   1  10   0  1.63 0.48
  197 R    1  4 -2  0 -4  0  1 -2  2 -4 -3  1 -3 -3 -4 -1 -1  6 -1 -4   14  29   1   6   0   2  11   2   5   0   2   6   0   1   0   4   3  13   1   0  0.60 0.27
  198 A    1  1 -2  3 -6  0  6 -3 -3 -6 -5 -1 -5 -6 -4 -3 -3 -6 -5 -5   12   8   1  16   0   2  57   1   0   0   0   2   0   0   0   0   1   0   0   0  1.17 0.43
  199 A    1 -5 -6 -7 -3 -5 -5 -6 -6 -1  6 -5  0 -2 -6 -5 -4 -5 -4 -2   14   0   0   0   0   0   0   0   0   1  81   0   2   0   0   0   0   0   0   1  1.44 0.48
  200 G   -3 -4 -1 -2 -6 -4 -1  7 -5 -7 -7 -4 -6 -7 -6 -3 -5 -6 -7 -7    0   1   3   2   0   0   5  88   0   0   0   0   0   0   0   0   0   0   0   0  2.07 0.57
  201 A    7 -5 -5 -6 -3 -5 -5 -3 -5 -4 -5 -4 -4 -6 -5 -2 -2 -6 -5 -1   93   0   0   0   0   0   0   0   0   0   0   0   0   0   0   0   2   0   0   3  1.92 0.61
  202 R   -4 -1 -1  4 -6  0  6 -5 -2 -6 -6  1 -5 -6 -4 -2  0 -6 -5 -5    0   2   2  27   0   3  48   0   1   0   0   9   0   0   0   1   6   0   0   0  1.16 0.41
  203 V   -3 -6 -6 -6 -3 -5 -6 -6 -6  2 -1 -5 -2  1 -5 -5  1 -6 -4  7    0   0   0   0   0   0   0   0   0   9   4   0   0   6   0   0   7   0   0  74  1.44 0.47
  204 I   -3 -4 -3 -2 -2 -4 -1 -5  1  5 -1 -3 -1  0 -5 -1  1 -4  1  3    0   0   0   2   0   0   4   0   4  41   1   1   0   3   0   4   9   0   5  23  0.65 0.29
  205 A    2 -2 -3 -3 -1 -3 -1 -3 -4 -1 -2 -1 -1 -4  2  1  3 -5 -4  3   21   2   0   0   1   0   4   0   0   1   2   2   1   0  11   8  19   0   0  26  0.44 0.25
  206 I   -4 -6 -6 -6 -4 -5 -6 -7 -4  7  2 -6  4 -2 -6 -5 -2 -5 -2  1    0   0   0   0   0   0   0   0   0  67  13   0  10   0   0   0   2   0   1   6  1.49 0.46
  207 N    0 -4  4 -3 -2 -4 -4  5  4 -6 -6 -4 -5 -1 -5 -1 -4 -5 -2 -5    8   0  19   0   1   0   0  52  11   0   0   0   0   3   0   4   0   0   1   0  1.15 0.39
  208 A    2 -3  3  2  3 -3 -1 -2 -1 -1 -3 -3 -3 -4 -4 -1  2 -5 -4  2   21   0  19  12   7   0   3   2   2   2   0   0   0   0   0   3  12   0   0  18  0.45 0.25
  209 E    0  0  1  1 -4  2  4 -3  1 -4 -3  1 -3 -5 -3  2  0 -5 -3 -4    6   3   7   7   0   9  32   0   3   1   1   9   0   0   0  14   6   0   1   0  0.51 0.24
  210 P   -5 -6 -5 -6 -7 -6 -5 -6 -6 -7 -7 -5 -7 -5  9 -4 -5 -8 -7 -7    0   0   0   0   0   0   0   0   0   0   0   0   0   1  98   1   0   0   0   0  3.28 0.81
  211 N   -5 -5  6  7 -7 -4 -3 -4 -4 -6 -7 -4 -6 -7 -5 -3 -2 -8 -6 -7    0   0  41  56   0   0   0   0   0   0   0   0   0   0   0   0   2   0   0   0  2.01 0.59
  212 G   -3 -6 -4 -5 -6 -6 -6  8 -6 -8 -8 -5 -7 -7 -6 -3 -5 -6 -7 -7    1   0   0   0   0   0   0  98   0   0   0   0   0   0   0   1   0   0   0   0  2.55 0.66
  213 R   -3 -1 -4 -4 -3 -3 -3 -4 -2  2  3 -2  2  3 -4 -3  2 -2  1  1    0   3   0   0   0   1   1   0   1  10  36   3   4  12   0   0  15   0   4  10  0.45 0.22
  214 N   -5 -4  9 -2 -7 -4 -4 -5 -4 -7 -6 -3 -6 -7 -6 -3 -4 -8 -6 -7    0   0  98   1   0   0   0   0   0   0   0   1   0   0   0   0   0   0   0   0  2.89 0.77
  215 I   -5 -7 -7 -7 -5 -7 -7 -8 -7  8 -2 -7 -3 -4 -7 -6 -3 -7 -5 -1    0   0   0   0   0   0   0   0   0  99   0   0   0   0   0   0   1   0   0   0  2.59 0.69
  216 N   -6 -5  9 -3 -7 -4 -4 -5 -4 -8 -8 -4 -6 -7 -6 -4 -4 -8 -6 -7    0   0 100   0   0   0   0   0   0   0   0   0   0   0   0   0   0   0   0   0  3.04 0.80
  217 D    0  1 -1  5 -4  0  3 -4  2 -4 -1  0 -3 -5 -4 -1 -1 -5 -3 -1   10   7   1  34   0   3  17   0   5   0   6   6   0   0   0   2   4   0   0   5  0.53 0.25
  218 G   -2 -1  4  2 -4  0  1  4  2 -5 -5  1 -4 -5 -4 -2 -3 -4 -4 -5    2   2  20  13   0   4  10  31   6   0   0   9   0   0   0   1   0   0   0   0  0.68 0.27
  219 C   -3 -6 -7 -7 10 -6 -7 -6 -5 -2 -4 -7 -4 -3 -7 -3 -4 -6  0  4    2   0   0   0  66   0   0   0   0   1   0   0   0   1   0   1   0   0   3  26  2.54 0.65
  220 G   -4 -6 -4 -5 -7 -6 -6  8 -6 -8 -8 -5 -7 -7 -6 -4 -6 -6 -7 -7    0   0   0   0   0   0   0 100   0   0   0   0   0   0   0   0   0   0   0   0  2.65 0.68
  221 S    3 -5 -3 -4 -4 -4 -4 -4 -5 -6 -6 -4 -5 -6 -4  7 -2 -6 -5 -5   20   0   0   0   0   0   0   0   0   0   0   0   0   0   0  80   0   0   0   0  1.77 0.61
  222 T   -4 -5 -3 -5 -5 -3 -5 -6 -6 -4 -1 -5 -4 -6 -5 -3  8 -6 -6 -3    0   0   1   0   0   1   0   0   0   0   6   0   0   0   0   0  91   0   0   1  2.19 0.68
  223 H    0 -3 -2  1 -3 -2 -3 -5 10 -6 -6 -2 -5 -4 -6 -1 -5 -6  1 -5    7   1   1   9   1   1   1   0  66   0   0   3   0   0   0   5   0   0   5   0  2.04 0.58
  224 L   -4 -5 -5 -5 -5 -5 -5 -6 -5  2  1 -5  3 -5  7 -4  0 -6 -5  0    0   0   0   0   0   0   0   0   0  11  16   0   8   0  54   0   5   0   0   6  1.46 0.46
  225 D   -1  0 -2  2 -6  1  6 -1 -1 -5 -5  0 -4 -6 -4 -2 -2 -6 -4 -4    5   6   1  12   0   6  55   6   1   0   1   4   0   0   0   2   2   0   0   1  0.95 0.37
  226 P    3  0  0 -1 -3  1  0  0  0 -1 -1  1 -1 -3  0  1  0 -4 -2  0   27   4   4   1   0   7   4   5   2   2   6  10   1   0   3   9   6   0   0   7  0.16 0.12
  227 L   -2 -5 -6 -7 -3 -5 -6 -7 -6  1  6 -6  2 -3 -6 -5 -4 -5 -4  0    4   0   0   0   0   0   0   0   0   4  83   0   3   0   0   0   1   0   0   4  1.49 0.47
  228 R    2  2 -3 -4  2  6 -2 -3 -3 -2 -4  1  1 -5 -4  0 -3 -5 -4 -1   16  11   0   0   4  44   0   1   0   3   0   7   3   0   0   6   1   0   0   4  0.85 0.38
  229 A    3  2 -1  0 -4  2  3 -2 -2 -5 -4  3 -3 -5 -3 -1 -2 -5 -4 -4   26  10   2   3   0  10  24   1   1   0   0  19   0   0   0   2   1   0   0   0  0.59 0.28
  230 A    4  1 -3 -3 -3 -1 -1 -3 -2 -2 -1  2  0  2 -3 -1  0 -3  1 -1   38   7   1   0   0   2   4   0   1   1   6  15   2  10   0   1   6   0   5   3  0.36 0.23
  231 V   -4 -6 -7 -7 -5 -6 -6 -7 -7 -1 -3 -6 -2 -5 -6 -5 -3 -7 -5  8    0   0   0   0   0   0   0   0   0   1   0   0   0   0   0   0   1   0   0  98  2.30 0.66
  232 L   -2  2 -3 -4 -4 -2 -3 -5  0  1  3  2 -1 -3 -4 -3 -2 -5 -3  4    1  12   0   0   0   1   0   0   2   6  26  14   1   0   0   0   1   0   0  35  0.55 0.27
  233 A    2  0 -2  0 -5  0  6 -2 -2 -5 -5  1 -4 -5 -4 -1 -2 -6 -4 -4   16   4   1   4   0   3  56   2   0   0   1   7   0   0   0   4   1   0   0   1  0.95 0.38
  234 H   -2 -1  2 -2 -2  1  2 -4  7 -3 -3  1 -1 -3 -4 -1  1 -4  1 -1    2   3  11   0   1   5  13   0  29   1   2   9   1   0   0   4   8   0   4   6  0.58 0.27
  235 R   -3  3  1 -1 -5  1  0  5  1 -6 -6  3 -4 -6 -4 -2 -3 -4 -5 -5    1  14   5   2   0   7   5  44   4   0   0  17   0   0   0   1   0   0   0   0  0.87 0.33
  236 A    7 -5 -5 -5  2 -4 -4 -3 -5 -4 -1 -4 -2 -5 -4 -1 -3 -6 -4 -2   84   0   0   0   5   0   0   1   0   0   5   0   1   0   0   3   0   0   0   1  1.60 0.54
  237 D   -3 -5 -1  8 -7  0 -2 -5  3 -6 -7 -4 -6 -7 -5 -3 -4 -8 -5 -5    2   0   1  84   0   5   1   0   6   0   0   0   0   0   0   0   0   0   0   1  2.16 0.61
  238 L   -1 -5 -6 -6  0 -5 -5 -6 -5  4  4 -5  1  1 -5 -4 -3 -4 -2  3    4   0   0   0   2   0   0   0   0  22  42   0   3   5   0   0   0   0   0  22  0.86 0.31
  239 G   -3 -6 -4 -5 -6 -6 -6  8 -6 -8 -8 -5 -7 -7 -6 -4 -5 -6 -7 -7    0   0   0   0   0   0   0 100   0   0   0   0   0   0   0   0   0   0   0   0  2.64 0.68
  240 L   -4 -6 -6 -6 -4 -5 -6 -7 -6  6  3 -6 -1  3 -6 -5 -4 -5 -3  1    0   0   0   0   0   0   0   0   0  51  32   0   0  10   0   0   0   0   0   7  1.26 0.40
  241 A    7 -5 -5 -5  1 -4 -5 -3 -5 -5 -5 -4 -5 -6 -5 -1 -3 -6 -6 -4   92   0   0   0   3   0   0   1   0   0   0   0   0   0   0   3   0   0   0   0  1.92 0.61
  242 H   -5 -5 -1 -6 -5 -5 -5 -6  5 -3  3 -5 -1  6 -6 -5 -5 -1  4 -3    0   0   3   0   0   0   0   0  14   0  31   0   0  38   0   0   0   0  13   0  1.28 0.42
  243 D   -6 -6 -3  9 -8 -4 -2 -5 -5 -7 -8 -5 -7 -8 -6 -4 -5 -9 -7 -7    0   0   0 100   0   0   0   0   0   0   0   0   0   0   0   0   0   0   0   0  2.93 0.75
  244 G   -4 -6 -4 -5 -7 -6 -6  8 -6 -8 -8 -5 -7 -7 -6 -4 -6 -6 -7 -7    0   0   0   0   0   0   0 100   0   0   0   0   0   0   0   0   0   0   0   0  2.65 0.68
  245 D   -6 -6 -3  9 -8 -4 -2 -5 -5 -7 -8 -5 -7 -8 -6 -4 -5 -9 -7 -7    0   0   0 100   0   0   0   0   0   0   0   0   0   0   0   0   0   0   0   0  2.93 0.75
  246 A    6 -5 -4 -5 -3 -4 -4  4 -5 -5 -5 -4 -5 -6 -4 -1 -4 -6 -5 -4   64   0   0   0   0   0   0  33   0   0   0   0   0   0   0   3   0   0   0   0  1.48 0.50
  247 D   -6 -6 -3  9 -8 -4 -2 -5 -5 -7 -8 -5 -7 -8 -6 -4 -5 -9 -7 -7    0   0   0 100   0   0   0   0   0   0   0   0   0   0   0   0   0   0   0   0  2.93 0.75
  248 R   -6  9 -5 -6 -8 -3 -4 -7 -4 -7 -6 -2 -6 -7 -6 -5 -5 -7 -6 -7    0 100   0   0   0   0   0   0   0   0   0   0   0   0   0   0   0   0   0   0  2.90 0.76
  249 C   -3 -6 -6 -6  8 -5 -6 -6 -6  1  3 -6 -1 -3 -6 -4 -3 -5 -4  4    1   0   0   0  33   0   0   0   0   6  27   0   1   0   0   0   1   0   0  30  1.37 0.43
  250 L   -4 -5 -6 -6 -4 -2 -6 -6 -6  6  4 -5  4 -3 -6 -5 -4 -5 -4  1    0   0   0   0   0   2   0   0   0  45  35   0  10   0   0   0   0   0   0   7  1.20 0.40
  251 A    5 -5 -5 -5  0 -4 -4 -4 -5  1  0 -4  6  1 -4 -3 -3 -5 -4  1   48   0   0   0   2   0   0   0   0   7   8   0  21   5   0   0   0   0   0   9  0.91 0.38
  252 V   -2 -6 -6 -7  2 -6 -6 -7 -7  2 -2 -6 -2 -4 -6 -4 -3 -6 -5  7    2   0   0   0   4   0   0   0   0   8   1   0   0   0   0   1   0   0   0  83  1.77 0.54
  253 D   -5 -6 -1  8 -5 -4 -2 -5 -5 -7 -8 -5 -7 -8 -6 -4 -3 -8 -7 -7    1   0   1  96   0   0   0   0   0   0   0   0   0   0   0   0   1   0   0   0  2.71 0.71
  254 A    2 -1 -2 -1 -5 -1  6 -2  5 -6 -6 -1 -5 -6 -4 -1 -3 -6 -4 -5   15   3   1   2   0   1  53   2  16   0   0   2   0   0   0   4   0   0   0   0  1.12 0.42
  255 N   -1  1  3  1 -4  1  1 -3  1 -3 -1  3 -2 -2 -3 -1  1 -4 -2 -3    3   6  19   6   0   6   9   1   3   0   7  23   0   2   0   3  10   0   1   0  0.36 0.20
  256 G   -2 -6 -4 -5 -5 -6 -6  8 -6 -8 -8 -5 -7 -7 -6 -4 -5 -6 -7 -7    1   0   0   0   0   0   0  98   0   0   0   0   0   0   0   0   0   0   0   0  2.55 0.66
  257 D   -1  2  5  0 -3  2  3 -3  2 -4 -4  0 -3 -5 -4 -1 -1 -5 -2 -2    6  11  31   4   0  11  17   0   4   1   0   6   0   0   0   1   4   0   1   3  0.60 0.27
  258 L   -2 -3 -4 -4 -4 -3  1 -5 -5  4  2 -1  0 -3 -4 -4 -1 -5 -4  4    1   0   0   0   0   0  10   0   0  26  21   5   1   0   0   0   3   0   0  31  0.62 0.27
  259 V   -2 -5 -6 -6 -3 -5 -6 -5 -6  4  0 -5 -1 -1 -5 -5 -3 -5  0  6    3   0   0   0   0   0   0   0   0  21   7   0   1   1   0   0   0   0   3  63  1.25 0.42
  260 D   -6 -5  1  8 -7 -4 -2 -5 -5 -7 -8 -5 -7 -8 -5 -4 -4 -8 -7 -7    0   0   6  93   0   0   0   0   0   0   0   0   0   0   0   0   1   0   0   0  2.60 0.69
  261 G   -4 -6 -4 -5 -7 -6 -6  8 -6 -8 -8 -5 -7 -7 -6 -4 -6 -6 -7 -7    0   0   0   0   0   0   0 100   0   0   0   0   0   0   0   0   0   0   0   0  2.65 0.68
  262 D   -6 -6 -3  9 -8 -4 -2 -5 -5 -7 -8 -5 -7 -8 -6 -4 -5 -9 -7 -7    0   0   0 100   0   0   0   0   0   0   0   0   0   0   0   0   0   0   0   0  2.93 0.75
  263 A   -1  0 -3 -1 -5  6  2 -4  3 -4 -2  2 -2  0 -4 -3 -4 -5 -1 -3    4   3   0   3   0  47  11   1   8   0   3  12   1   4   0   0   0   0   2   1  0.96 0.39
  264 I   -4 -6 -7 -7 -4 -6 -6 -7 -6  7  3 -6  1 -2 -6 -6 -4 -6 -4  1    1   0   0   0   0   0   0   0   0  71  21   0   2   1   0   0   0   0   0   5  1.63 0.48
  265 M   -3 -5 -6 -7 -5 -5 -5 -7 -6  2  4 -5  9 -3 -6 -5 -4 -5 -5 -1    1   0   0   0   0   0   1   0   0   8  37   0  52   0   0   0   0   0   0   2  1.80 0.55
  266 V    4 -5 -5 -5 -1 -4 -4  0 -3 -3 -2 -4 -2  3 -5 -2 -3 -1  6 -1   36   0   0   0   1   0   0   7   0   1   3   0   1  11   0   1   1   0  32   5  0.93 0.37
  267 V   -2 -5 -6 -6 -4 -5 -6 -6 -6  6  2 -5  1 -3 -6 -5 -3 -5 -4  3    3   0   0   0   0   0   0   0   0  59  16   0   2   0   0   0   0   0   0  19  1.32 0.42
  268 L   -4 -6 -5 -6  8 -5 -6 -5 -6  5  3 -6  0 -1 -6 -4 -3 -5 -3  0    0   0   0   0  30   0   0   0   0  33  26   0   2   2   0   0   1   0   1   4  1.30 0.41
  269 A    6 -5 -5 -5 -4 -4 -4  3 -5 -5 -5 -4 -4 -6 -4 -2 -3 -6 -5 -2   73   0   0   0   0   0   0  23   0   0   0   0   0   0   0   1   0   0   0   2  1.49 0.51
  270 L   -1  3 -1 -2  0  1  0 -2 -1 -1  1  3  0 -3 -3 -1  0 -4 -3  0    4  16   3   2   2   5   4   2   1   4  17  24   1   0   0   4   7   0   0   6  0.24 0.16
  271 A    2  0  0  3 -4  0  1 -1  3 -4 -4 -2 -3 -1 -4  1 -2 -3  4 -4   17   4   3  19   0   4   7   4   8   0   1   0   0   2   0  10   0   0  19   0  0.45 0.24
  272 M    0  2 -5 -5 -3 -2 -4 -4 -4 -2  3 -3  7 -1 -5 -4 -4  6 -2 -3   10  10   0   0   0   1   0   1   0   0  31   1  29   2   0   0   0  12   1   0  1.00 0.39
  273 K    1  1  0 -2 -3  2 -2 -3  4 -2  0  4  2 -3 -4 -1 -3 -4 -2 -3   13   6   4   1   0  10   0   0  10   1  11  32   5   0   0   4   0   0   1   0  0.45 0.25
  274 E    1  2  0  2 -4  2  4 -3 -1 -5 -4  2 -3 -5 -3 -1 -2 -5 -4 -4   13  14   3   9   0   8  36   1   1   0   1  11   0   0   0   4   1   0   0   0  0.63 0.28
  275 A    1  3  1  0 -3  3  1 -3  1 -3 -3  2 -2 -4 -3  0  0 -4 -3 -3   12  19   6   5   0  16   8   1   4   1   2  15   1   0   0   4   4   0   0   1  0.40 0.20
  276 G   -3 -4  0  0 -6 -2 -3  7 -3 -7 -7 -3 -6 -6 -5 -2 -4 -6 -6 -6    0   0   4   5   0   2   2  82   1   0   0   2   0   0   0   2   0   0   0   0  1.79 0.50
  277 E   -1  4 -1 -1 -3  2  2 -2 -1 -2 -1  3 -2 -4 -3 -1  1 -3 -2 -2    4  27   1   2   0   9  14   2   1   1   7  16   1   0   1   2   8   0   1   2  0.39 0.20
  278 L   -4 -5 -6 -6 -4 -5 -5 -6 -5 -2  6 -5  1 -2 -5 -5 -4 -4 -4 -2    0   0   0   0   0   0   0   0   0   0  92   0   2   1   0   1   0   0   0   1  1.71 0.50
  279 A    1  2  1 -2 -3  0 -1 -1  0 -3 -3  4 -2 -3  1  0  0 -4 -2 -1   15  13   9   1   0   3   2   3   2   1   1  27   1   1   6   6   6   0   1   4  0.33 0.17
  280 C   -1  0  2  2  0  2  0  3  2 -3 -4  2 -3 -3 -1  0 -2 -4 -3 -2    3   3  10  11   2  10   5  21   6   1   1  16   0   1   2   4   1   0   0   2  0.31 0.15
  281 N   -2 -3  5  4 -5 -1 -1  4  0 -6 -6 -1 -5 -6  0 -1 -3 -6 -5 -5    2   1  33  22   0   2   2  27   2   0   0   3   0   0   4   2   1   0   0   0  0.92 0.34
  282 T    0 -3 -3 -4 -2 -3 -4  4 -3 -4 -3 -2  1 -5 -4 -2  6 -5 -4 -2    6   1   0   0   1   0   0  30   0   0   2   3   3   0   0   1  49   0   0   3  0.97 0.39
  283 L   -1 -5 -5 -6 -2 -5 -5 -6 -6  4  3 -5 -1 -3 -5 -4 -3 -5 -4  5    4   0   0   0   0   0   0   0   0  21  25   0   1   0   0   0   0   0   0  48  1.07 0.36
  284 V   -3 -6 -7 -7 -5 -6 -6 -6 -7 -1 -3 -6 -3 -5 -6 -5 -3 -7 -5  8    1   0   0   0   0   0   0   0   0   0   0   0   0   0   0   0   1   0   0  97  2.23 0.65
  285 A    3 -4 -3 -4 -3 -4 -4  4 -4 -3 -4 -3 -4 -5 -3  1  3 -5 -5  1   30   0   0   0   0   0   0  29   0   0   0   0   0   0   0   8  22   0   0  10  0.75 0.33
  286 T   -4 -5 -4 -5 -5 -5 -5 -6 -6 -5 -5 -5 -5 -6 -5 -2  8 -7 -6 -4    0   0   0   0   0   0   0   0   0   0   0   0   0   0   0   0  99   0   0   0  2.59 0.76
  287 V   -3 -5 -6 -6 -4 -2 -5 -6 -6  2  2 -4 -2 -3 -5 -5 -3 -6 -4  6    0   0   0   0   0   2   0   0   0   8  20   1   0   0   0   0   0   0   0  68  1.35 0.45
  288 M   -6 -6 -7 -8 -6 -4 -7 -7 -6 -3 -2 -6 11 -4 -7 -6 -5 -6 -3 -4    0   0   0   0   0   0   0   0   0   0   0   0  99   0   0   0   0   0   1   0  3.64 0.92
  289 S   -1 -5 -3 -4 -3 -4 -4 -4 -5 -6 -6 -4 -5 -6 -5  7  2 -7 -5 -5    3   0   0   0   1   0   0   0   0   0   0   0   0   0   0  87   9   0   0   0  1.90 0.64
  290 N   -6 -5  9 -3 -7 -4 -4 -5 -4 -8 -8 -4 -6 -7 -6 -3 -4 -8 -6 -7    0   0  99   0   0   0   0   0   0   0   0   0   0   0   0   1   0   0   0   0  3.01 0.79
  291 L   -4 -5 -6 -7 -4 -5 -6 -7 -5  2  5 -5  6  1 -6 -5 -4 -4 -2 -1    0   0   0   0   0   0   0   0   0  10  62   0  19   6   0   0   0   0   1   1  1.32 0.43
  292 G    0 -6 -4 -5 -6 -5 -6  7 -6 -7 -7 -5 -6 -7 -6 -3 -5 -6 -7 -7    8   0   0   0   0   0   0  91   0   0   0   0   0   0   0   1   0   0   0   0  2.26 0.60
  293 L   -5 -5 -6 -7 -5 -5 -6 -7 -5 -1  6 -6  2  5 -6 -6 -4 -4 -3 -1    0   0   0   0   0   0   0   0   0   0  69   0   5  23   0   0   0   0   0   2  1.48 0.47
  294 H   -3 -1 -3  0 -6 -1  5 -4  5 -3 -4  1 -4  0 -4 -2 -1 -4  4 -3    1   2   0   4   0   1  46   0  13   1   1   6   0   3   0   1   3   0  15   1  0.91 0.37
  295 L   -3  3  0 -3 -4  0 -2 -4  2  1  2  4 -1 -3 -4 -3 -3 -5 -3  0    0  15   4   1   0   4   0   0   5  10  26  28   1   0   0   0   0   0   0   6  0.48 0.25
  296 A    6 -4 -4 -5 -2 -4 -4 -1 -1 -4 -4 -4 -1  2 -4 -1 -3 -4  2 -3   70   0   0   0   1   0   0   4   2   0   0   0   2  10   0   2   1   0   7   0  1.18 0.45
  297 M   -2 -5 -6 -6  1 -5 -6 -5 -5  0  5 -5  6  1 -6 -4 -3 -4 -3 -1    4   0   0   0   3   0   0   0   0   4  58   0  23   4   0   0   1   0   0   3  1.18 0.41
  298 R    0  2  0  2 -5  2  3 -2 -2 -5 -4  4 -4 -5 -3 -1 -2 -5 -4 -4    8  10   3  11   0   8  23   3   0   0   0  27   0   0   0   3   1   0   0   0  0.60 0.26
  299 S    1  2 -1  1 -4  1  3 -1 -2 -5 -4  2 -3 -5 -3  0 -1 -5 -4 -4   16  13   3   7   0   7  25   5   0   0   0  15   0   0   0   6   3   0   0   0  0.48 0.23
  300 A    1  0  1 -2 -2  1  2 -3  3 -1  2  0  1 -2 -3 -1 -2 -4 -2 -1   17   6   7   0   1   6  13   0   9   4  22   6   4   0   0   2   0   0   1   2  0.21 0.17
  301 G   -2 -5  1  1 -6 -3 -3  7 -4 -7 -7 -3 -6 -7 -5 -3 -5 -6 -6 -6    1   0   6   8   0   1   1  79   0   0   0   1   0   0   0   1   0   0   0   0  1.77 0.51
  302 V   -4 -5 -6 -6  0 -5 -6 -1 -6  6  2 -5  3 -2 -6 -5 -3 -5 -4  2    0   0   0   0   2   0   0   6   0  55  19   0   6   0   0   0   0   0   0  11  1.12 0.38
  303 T   -1  1  2  0 -4  1  1  0  1 -4 -4  2 -3 -5  3  0  1 -5 -3 -3    5   9  10   5   0   6  10   6   3   0   0  13   0   0  17   5   9   0   0   1  0.36 0.17
  304 V   -2 -4 -3 -4 -3 -3 -4 -5 -4  0  3 -2  0  5 -4  0  1 -3  2  2    1   0   1   1   0   0   0   0   0   4  29   2   2  24   0   8   8   0   6  14  0.51 0.24
  305 R    1  0 -2 -2 -3 -1  2 -3  0  1  0 -1 -1 -3 -4 -2 -1 -4 -2  4   12   5   1   2   0   1  19   1   2   8   7   3   1   0   0   1   2   0   1  34  0.33 0.21
  306 T   -2  6 -3 -4 -4  3  0 -5 -3 -1 -5  3 -3 -5 -4 -2  0 -5 -4 -1    2  50   0   0   0  13   5   0   0   3   0  15   0   0   0   1   5   0   0   4  1.04 0.39
  307 T    3 -5 -4 -5 -2 -4 -4 -5 -5 -4 -5 -4 -4 -6 -5  0  7 -6 -5 -3   23   0   0   0   1   0   0   0   0   0   0   0   0   0   0   5  71   0   0   0  1.65 0.57
  308 A    3  0  1 -1 -4  2 -2  0 -3 -5 -5  5 -4 -5  0 -1 -3 -5 -4 -4   30   3   8   3   0   8   0   5   0   0   0  37   0   0   4   3   0   0   0   0  0.70 0.32
  309 V   -4 -6 -4 -7 -5 -6 -6 -7 -7 -1 -3 -6 -3 -5 -6 -6 -4 -7 -5  8    0   0   1   0   0   0   0   0   0   0   0   0   0   0   0   0   0   0   0  99  2.35 0.67
  310 G   -4 -6 -4 -5 -7 -6 -6  8 -6 -8 -8 -5 -7 -7 -6 -4 -6 -6 -7 -7    0   0   0   0   0   0   0 100   0   0   0   0   0   0   0   0   0   0   0   0  2.65 0.68
  311 D   -6 -6 -3  9 -8 -4 -2 -5 -5 -7 -8 -5 -7 -8 -6 -4 -5 -9 -7 -7    0   0   0 100   0   0   0   0   0   0   0   0   0   0   0   0   0   0   0   0  2.93 0.75
  312 R   -5  8 -4 -6 -8 -3 -4 -6 -4 -7 -6  1 -5 -7 -6 -5 -5 -7 -6 -7    0  94   0   0   0   0   0   0   0   0   0   6   0   0   0   0   0   0   0   0  2.66 0.72
  313 Y   -6 -6 -5 -7 -7 -6 -6 -7  1 -6 -5 -6 -5  0 -7 -5 -6 -2 10 -6    0   0   0   0   0   0   0   0   3   0   0   0   0   1   0   0   0   0  95   0  3.29 0.83
  314 V   -4 -6 -7 -7 -5 -6 -6 -7 -7  0 -3 -6 -3 -5 -6 -6 -4 -7 -5  8    0   0   0   0   0   0   0   0   0   2   0   0   0   0   0   0   0   0   0  98  2.32 0.66
  315 L   -3 -4 -4 -6 -3 -4 -5 -6 -3  1  4 -4  5 -2 -5 -3 -3 -4  1  3    0   0   1   0   0   0   0   0   0   4  47   0  15   1   0   1   1   0   4  25  0.93 0.35
  316 E   -2 -4 -4 -1 -7  0  8 -6 -4 -6 -6 -2 -6 -7 -5 -4 -4 -7 -6 -6    4   0   0   1   0   2  92   0   0   0   0   1   0   0   0   0   0   0   0   0  2.22 0.67
  317 E    1  2  1 -1 -2  1  4 -3  1 -4 -2  2  0 -4 -3 -1 -2 -5 -3 -3   15  10   6   1   1   5  35   1   3   0   4  11   3   0   0   3   1   0   0   1  0.48 0.25
  318 L   -5 -6 -7 -7 -5 -5 -6 -7 -6 -2  3 -6 10 -4 -7 -6 -5 -5 -5 -3    0   0   0   0   0   0   0   0   0   0  28   0  71   0   0   0   0   0   0   0  2.53 0.71
  319 R   -2  5  0 -3 -4  2 -1 -4 -1 -1  2  2  0 -4 -4 -2 -3 -5 -3 -1    2  41   5   0   0   8   2   1   2   2  19  10   2   0   0   2   1   0   0   4  0.65 0.29
  320 A    2  2 -1 -1 -4  2  4 -3 -2 -5 -4  3 -4 -5 -3 -1 -2 -5 -4 -4   21   9   3   2   0  10  28   1   0   0   1  20   0   0   0   3   1   0   0   0  0.62 0.29
  321 G   -2  1  4  0 -4  0  0  3  4 -4 -3  2 -4 -3 -4  0  0 -5 -3 -4    1   6  21   4   0   2   5  22  12   0   2  12   0   1   0   6   4   0   0   1  0.48 0.23
  322 D   -3 -4  2  1 -6 -3 -3  7 -2 -7 -7 -3 -6 -6 -5 -2 -5 -6 -6 -6    1   1   8   9   0   1   1  77   1   0   0   1   0   0   0   1   0   0   0   0  1.69 0.50
  323 Y   -1 -5 -4 -6 -3 -5 -6 -3  2 -4 -2 -5 -4  3 -6 -3 -4  8  7 -4    6   0   1   0   1   0   0   2   4   1   3   0   0  12   0   1   0  23  46   0  1.80 0.52
  324 S   -1  1  5 -2  0  0 -2 -2 -2 -2 -2  0 -1 -4 -3  2  0 -4 -3  0    5   7  36   0   2   3   1   1   0   2   4   6   2   0   0  15   4   0   0   9  0.48 0.25
  325 L   -4 -5 -6 -6 -4 -5 -6 -7 -6  3  5 -5  0  1 -6 -5 -3 -5 -3  1    0   0   0   0   0   0   0   0   0  18  66   0   1   4   0   0   1   0   0  10  1.23 0.40
  326 G   -4 -6 -4 -5 -7 -6 -6  8 -6 -8 -8 -5 -7 -7 -6 -4 -6 -6 -7 -7    0   0   0   0   0   0   0 100   0   0   0   0   0   0   0   0   0   0   0   0  2.65 0.68
  327 G    0 -6 -4 -5 -6 -6 -6  7 -6 -7 -7 -5 -6 -7 -6 -4 -5 -6 -7 -7    6   0   0   0   0   0   0  94   0   0   0   0   0   0   0   0   0   0   0   0  2.40 0.63
  328 E   -5 -4 -4 -2 -8 -2  8 -6 -4 -7 -7 -3 -6 -7 -5 -4 -5 -7 -6 -7    0   0   0   0   0   0 100   0   0   0   0   0   0   0   0   0   0   0   0   0  2.64 0.75
  329 Q   -2 -3  3 -3 -6  8 -2 -1 -3 -7 -6 -2 -4 -7 -1  0 -4 -6 -5 -6    2   0  12   0   0  71   0   4   0   0   0   1   0   0   3   6   0   0   0   0  1.75 0.60
  330 S   -3 -5 -3 -4 -3 -4 -4 -4 -5 -7 -7 -4 -6 -7 -5  8 -3 -7 -6 -6    0   0   0   0   0   0   0   0   0   0   0   0   0   0   0 100   0   0   0   0  2.34 0.74
  331 G   -4 -6 -4 -5 -7 -6 -6  8 -6 -8 -8 -5 -7 -7 -6 -4 -6 -6 -7 -7    0   0   0   0   0   0   0 100   0   0   0   0   0   0   0   0   0   0   0   0  2.65 0.68
  332 H   -6 -5 -4 -6 -8 -4 -5 -7 11 -8 -8 -5 -6 -6 -7 -5 -6 -7 -3 -8    0   0   0   0   0   0   0   0 100   0   0   0   0   0   0   0   0   0   0   0  3.99 0.92
  333 I   -4 -6 -6 -6 -4 -6 -6 -7 -6  7  1 -6  3 -3 -6 -5 -3 -6 -4  4    0   0   0   0   0   0   0   0   0  60   7   0   6   0   0   0   0   0   0  26  1.49 0.45
  334 V   -4 -6 -6 -7 -4 -6 -6 -7 -6  7  1 -6 -2 -3 -6 -5 -4 -6 -4  4    0   0   0   0   0   0   0   0   0  64  10   0   0   0   0   0   0   0   0  25  1.62 0.48
  335 M   -3 -5 -1 -4  5 -5 -5 -6 -3  1  2 -5  4  6 -6 -3 -2 -3 -1 -1    1   0   3   1  12   0   0   0   0   6  21   0  12  37   0   2   2   0   0   2  0.99 0.35
  336 P   -1 -1 -3 -4 -2 -3 -4 -3 -3 -2  4 -3  2 -1  1  2  0 -3 -3 -2    4   4   0   0   1   0   0   2   0   0  49   1   5   1   7  21   6   0   0   0  0.57 0.30
  337 A   -2 -2  0  7 -6 -1  1 -4 -1 -5 -6  0 -6 -7 -5 -2 -4 -7 -5 -6    3   2   4  70   0   3   9   1   1   0   0   6   0   0   0   1   0   0   0   0  1.57 0.48
  338 L   -4  0 -3 -2 -3 -2 -3 -5  7 -3 -2  1 -3  3 -5 -4 -4  0  6 -2    0   5   1   2   1   1   1   0  31   1   4   9   0  11   0   0   0   1  31   2  1.22 0.41
  339 G    3 -3  4 -3 -1 -2 -3  0  3 -2 -4 -3 -2 -5 -4  1  2 -5 -4 -2   31   0  26   0   1   1   0   8   7   2   0   0   1   0   0   8  13   0   0   2  0.65 0.31
  340 S   -3 -3 -1 -5 -4 -4 -4 -5 -5 -5 -5 -4 -5 -6 -4  1  8 -6 -5 -4    0   1   3   0   0   0   0   0   0   0   0   0   0   0   0   9  85   0   0   0  1.98 0.64
  341 T   -4 -5 -4 -5 -5 -5 -5 -6 -6 -5 -5 -5 -5 -6 -5 -2  8 -7 -6 -4    0   0   0   0   0   0   0   0   0   0   0   0   0   0   0   1  99   0   0   0  2.59 0.76
  342 G   -4 -6 -4 -5 -7 -6 -6  8 -6 -8 -8 -5 -7 -7 -6 -4 -6 -6 -7 -7    0   0   0   0   0   0   0 100   0   0   0   0   0   0   0   0   0   0   0   0  2.65 0.68
  343 D   -6 -6 -3  9 -8 -4 -2 -5 -5 -7 -8 -5 -7 -8 -6 -4 -5 -9 -7 -7    0   0   0 100   0   0   0   0   0   0   0   0   0   0   0   0   0   0   0   0  2.93 0.75
  344 G   -1 -6 -4 -5 -6 -6 -6  7 -6 -8 -7 -5 -6 -7 -6 -4 -5 -6 -7 -7    5   0   0   0   0   0   0  95   0   0   0   0   0   0   0   0   0   0   0   0  2.44 0.64
  345 I   -4 -5 -5 -5 -4 -1 -3 -6 -5  5  3 -5  3 -2 -4 -4  0 -5 -4  1    0   0   0   0   0   3   1   0   0  40  31   0   8   1   0   0   7   0   0   9  0.88 0.33
  346 V   -3 -5 -6 -6 -4 -4 -6 -6 -6  4  4 -5  2 -3 -5 -5 -3 -5 -4  4    1   0   0   0   0   0   0   0   0  19  49   0   4   0   0   0   0   0   0  27  1.10 0.37
  347 T    4 -4 -3 -4 -4 -4 -4 -3 -5 -4 -5 -4 -4 -5 -4  3  6 -6 -5 -3   32   0   0   0   0   0   0   0   0   0   0   0   0   0   0  20  47   0   0   0  1.23 0.47
  348 G    5 -5 -4 -4 -3 -4 -4  4 -5 -5 -5 -4 -4 -6 -4  2 -3 -6 -5 -4   58   0   0   0   0   0   0  27   0   0   0   0   0   0   0  15   0   0   0   0  1.25 0.45
  349 L   -4 -5 -7 -7 -4 -5 -6 -7 -6  2  6 -6  0 -2 -6 -6 -4 -5 -4  1    1   0   0   0   0   0   0   0   0   9  82   0   1   0   0   0   0   0   0   6  1.53 0.47
  350 R   -3  1 -3 -4 -6  8 -2 -5  3 -5 -2  1  1 -6 -5 -2 -4 -6 -4 -5    2   5   0   0   0  66   1   0   8   0   5   8   4   0   0   2   0   0   0   0  1.58 0.55
  351 L   -3 -5 -6 -6 -4 -5 -6 -6 -6  2  4 -5  0  1 -5 -5 -3 -5 -3  5    0   0   0   0   0   0   0   0   0   9  43   0   1   5   0   0   1   0   0  41  1.08 0.37
  352 M    1 -5 -6 -6 -2 -4 -5 -5 -5  0  5 -5  5 -2 -5 -3 -2 -5 -4  1   10   0   0   0   1   0   0   0   0   2  60   0  16   0   0   1   2   0   0   7  1.04 0.38
  353 T    4  0  1 -1 -2  0  1 -1  0 -3 -3  1 -2 -4 -3  1  0 -4 -1 -3   39   6   6   2   1   4  10   3   2   0   2   7   1   0   0  12   5   0   2   0  0.38 0.22
  354 R    3  2 -3 -3  1 -2  0 -4 -4  2 -1 -3 -1 -3 -4 -1 -1 -5 -3  3   28  12   0   0   3   1   6   0   0  14   3   0   1   0   0   3   3   0   0  27  0.44 0.25
  355 M   -3 -5 -6 -7 -1 -4 -6 -6 -5  2  2 -5  8 -3 -6 -4 -4 -5 -4  3    1   0   0   0   1   0   0   0   0  10  20   0  48   0   0   0   0   0   0  20  1.51 0.49
  356 V    1  2 -2 -3 -2  1 -2 -3 -2  0 -1  4 -1 -4 -4 -2 -2 -4 -3  3   15   9   1   0   1   6   1   0   0   4   6  30   1   0   0   1   1   0   0  22  0.42 0.24
  357 Q    0  4 -1  0 -5  2  4 -2 -1 -4 -4  1 -2 -5 -4  0 -1 -4 -3 -3    9  23   2   4   0  10  30   2   1   0   1   8   1   0   0   5   3   0   0   1  0.57 0.26
  358 T   -1  0  0 -2 -3  1  0 -3  0 -4 -2  1 -2 -4 -3  3  4 -3 -4 -3    3   5   4   0   0   7   5   1   2   0   3   7   0   0   0  25  35   0   0   0  0.58 0.30
  359 G   -3 -1  1 -1 -6  0  0  6  0 -6 -6  2 -5 -6 -5 -2 -4 -6 -5 -6    1   2   6   3   0   4   5  63   2   0   0  11   0   0   0   1   0   0   0   0  1.21 0.40
  360 S   -2  3 -3 -3 -1  3  0 -3 -2 -4 -2  5  2 -5 -4 -1 -1 -5 -4 -3    3  15   0   0   1  11   4   1   1   0   5  46   5   0   0   4   2   0   0   1  0.76 0.33
  361 S   -1  0 -2 -2 -4 -2 -3 -3 -3 -5 -5  2 -4 -5  5  3  3 -6 -4 -4    3   4   1   1   0   0   0   1   0   0   0  15   0   0  26  29  20   0   0   0  0.84 0.35
  362 L    0 -5 -6 -7 -3 -5 -6 -6 -6  0  6 -5  1 -3 -6 -4 -4 -5 -4  0   10   0   0   0   0   0   0   0   0   2  79   0   3   0   0   0   0   0   0   5  1.36 0.45
  363 S    2 -1 -1 -1 -3 -1 -1 -1  3 -5 -5  0 -4 -4 -3  5 -1 -5 -3 -4   19   2   2   2   0   2   3   2   7   0   0   5   0   0   1  52   1   0   1   0  0.80 0.36
  364 D   -2 -3 -3  3 -6  2  6 -4 -2 -6 -6  0 -4 -6 -4 -2 -2 -6 -5 -3    3   0   0  13   0   8  63   1   1   0   0   4   0   0   0   1   2   0   0   2  1.30 0.46
  365 L   -1 -5 -6 -7 -2 -5 -5 -6 -5  0  6 -5  1 -2 -6 -5 -4 -4 -3  1    4   0   0   0   1   0   0   0   0   2  82   0   2   0   0   0   0   0   0   7  1.41 0.46
  366 A    5  0 -2 -4  5 -3 -3 -1 -4 -2  0  0 -3 -4 -4 -1  0 -5 -4 -1   49   6   1   0  13   0   0   3   0   1   8   6   0   0   0   3   5   0   0   4  0.65 0.30
  367 S    2  1  0 -1 -3  1  1  1  2 -4 -3  1 -3 -4 -3  3  0 -4 -3 -3   19   9   3   3   0   6   8   9   5   0   1   9   0   0   0  23   3   0   0   0  0.33 0.19
  368 A    0  0 -2  1  0  1  2  2 -2  0  0 -1  0 -1  0 -1 -2 -4 -3  2    5   6   1   8   3   6  14  15   0   5   7   2   3   2   3   1   1   0   0  18  0.12 0.12
  369 M   -4 -5 -6 -7 -5 -5 -6 -6 -5  1  1 -5  8  4 -6 -5 -4 -1 -2  3    0   0   0   0   0   0   0   0   0   7   8   0  45  19   0   0   0   1   1  19  1.46 0.48
  370 R   -2  1 -1  1 -4  2  2 -4  1 -3 -4  3 -3 -4 -1  0  4 -5 -4 -1    2   6   1   6   0   8  17   0   3   1   0  18   0   0   3   4  26   0   0   4  0.45 0.24
  371 T   -2  2 -2 -2 -3 -1 -1 -4 -2  1  1  2  1 -3  3 -1  1 -4 -3  1    1  13   1   1   0   1   2   0   0  11  12  19   4   0  16   3   8   0   0   8  0.32 0.18
  372 L   -3 -5 -6 -6  0 -4 -5 -6 -3 -2  3 -5  1  4 -6 -5 -3  1  6  1    1   0   0   0   2   0   0   0   0   0  29   0   3  19   0   0   1   1  34   9  1.13 0.39
  373 P   -5 -7 -6 -6 -7 -6 -5 -7 -7 -7 -7 -5 -7 -8  9 -5 -5 -8 -7 -7    0   0   0   0   0   0   0   0   0   0   0   0   0   0 100   0   0   0   0   0  3.43 0.83
  374 Q   -5 -3 -4 -5 -7  9 -2 -6 -4 -7 -7 -3 -2 -8 -6 -4 -5 -6 -6 -7    0   0   0   0   0  99   0   0   0   0   0   0   1   0   0   0   0   0   0   0  2.99 0.84
  375 V   -1  0 -4 -4 -1 -2 -1 -5 -3  2  1  2 -1 -3 -4 -2  1 -4 -3  4    3   4   0   0   1   1   3   0   0   9  14  13   1   0   0   2   8   0   0  41  0.48 0.24
  376 L   -5 -6 -7 -7 -5 -6 -6 -7 -6 -1  6 -6  3 -3 -6 -6 -4 -5 -5 -3    0   0   0   0   0   0   0   0   0   0  93   0   7   0   0   0   0   0   0   0  1.90 0.56
  377 I   -2 -1 -4 -4 -4 -2 -1 -5 -4  5  0  3 -2 -3 -5 -4 -3 -4 -4  4    1   3   0   0   0   2   5   0   0  32   4  18   0   0   0   0   0   0   0  34  0.78 0.33
  378 N   -6 -5  9 -3 -7 -4 -4 -4 -4 -8 -8 -4 -6 -7 -6 -3 -4 -8 -6 -7    0   0  98   0   0   0   0   1   0   0   0   0   0   0   0   1   0   0   0   0  2.94 0.78
  379 V    0 -6 -6 -6 -3 -6 -6 -6 -6  2 -2 -6 -3 -2 -6 -5 -3 -6 -4  7    6   0   0   0   0   0   0   0   0  11   2   0   0   1   0   0   0   0   0  79  1.64 0.52
  380 E   -3  7 -3 -3 -4 -1 -1 -4  0 -6 -5  3 -4 -6  2 -2 -1 -6 -4 -5    2  57   0   1   0   1   2   0   2   0   0  19   0   0  11   1   4   0   0   0  1.30 0.44
  381 V   -3 -5 -3 -2 -4 -5 -5 -1 -4  1  0 -4  0  3 -5 -4 -2 -4  2  5    1   0   1   3   0   0   0   6   0   4   7   0   2  14   0   0   1   0   7  53  0.81 0.33
  382 V    2  0 -1 -1 -3  0  1 -1 -1 -2 -3  2 -2 -4  0  1  1 -4 -2  1   16   4   2   3   0   4  12   4   2   1   0  13   0   0   4  12  11   0   1  11  0.19 0.14
  383 D   -1  0  3  5 -5  0  0  2 -1 -5 -5  0 -4 -5 -1  0 -1 -5 -3 -4    5   5  14  37   0   3   4  14   1   0   0   6   0   0   2   6   3   0   0   1  0.64 0.26
  384 K   -2  2 -2 -2 -6 -1 -2  3 -3 -6 -5  6 -1 -6 -3 -2 -4 -6 -5 -5    2   9   1   2   0   1   1  19   0   0   0  59   1   0   1   1   0   0   0   0  1.16 0.42
  385 A    1  0  1  1 -2  1  1 -1  2 -1 -2  1 -1  0 -1  1  0 -3 -1 -1   13   3   8   7   0   5   8   2   6   4   3  10   0   4   2   9   7   0   2   5  0.09 0.07
  386 T    1  1  1  3 -3 -1  0  0  0 -2 -2  2 -2 -3  0  0  0 -3 -3 -2   14   9   7  18   0   1   4   7   2   3   2  13   1   0   4   4   6   0   0   3  0.20 0.12
  387 A    2 -4 -5 -5 -2 -4 -4 -3 -3  1  0 -3 -2  0  4 -3 -3  6  1  2   18   0   0   0   1   0   0   1   0   8   9   0   0   4  25   0   0  11   6  17  0.69 0.28
  388 A    0 -1 -1  0 -3  0  1 -2 -2 -1  3  0  4 -2 -3 -1  0 -4 -1 -1    8   3   2   5   0   5   8   2   1   1  33   7  13   0   0   4   4   0   2   2  0.22 0.17
  389 A    0 -2  1  3 -4  1  4 -1 -2 -3 -4  0 -4 -5 -3  1  1 -5 -3 -3    8   0   8  14   0   7  32   4   1   1   0   5   0   0   0   9  11   0   0   0  0.51 0.24
  390 A    0 -2  4  3 -2 -1 -1 -3  3 -1 -2 -2 -3 -3 -3  2 -1 -5 -2 -1    9   1  25  20   1   2   1   0   8   3   4   1   0   1   0  15   2   0   1   5  0.46 0.23
  391 P    1 -3 -2  2 -5  1  3 -3 -3 -4 -4  0 -4 -5  5 -1 -1 -6 -5 -3   15   0   1  11   0   5  21   1   0   0   0   5   0   0  32   3   3   0   0   2  0.78 0.31
  392 S    3  0 -1  1 -3  1  2  0 -2 -2 -2  0 -2 -4 -1  1  0 -4 -3 -1   28   4   2   9   0   5  18   5   1   1   3   6   0   0   3   8   4   0   0   4  0.25 0.16
  393 V   -3 -6 -6 -6 -4 -5 -6 -6 -6  5  1 -5 -1 -3 -6 -5 -3 -6 -4  6    0   0   0   0   0   0   0   0   0  27  13   0   1   0   0   0   1   0   0  57  1.35 0.43
  394 R    1  1 -2 -3 -1  4 -1 -3 -2 -1  0  3  0 -4 -2 -1 -1 -2 -3  0   13   8   1   0   1  23   1   1   0   3   9  25   2   0   1   2   3   1   0   6  0.38 0.23
  395 T    3  0 -1  2 -4  2  2 -1 -2 -4 -3  1 -3 -5 -3  0  0 -5 -4 -3   34   5   2  10   0   8  16   2   0   0   1   8   0   0   0   7   5   0   0   1  0.43 0.23
  396 A    5 -3 -4 -4 -4 -3  1 -3 -3  0 -2 -1 -2 -3 -4 -1 -3 -5 -4  2   61   1   0   0   0   0  10   0   0   5   3   3   1   1   0   2   0   0   0  13  0.84 0.37
  397 V   -2 -3 -4 -6  0 -3 -5 -6 -6  6 -1 -3  0 -2 -5 -3 -1 -5 -4  4    2   1   0   0   2   1   0   0   0  47   2   2   2   1   0   1   2   0   0  34  1.06 0.37
  398 E    4  1 -1  1 -4  1  2 -2 -1 -4 -4  2 -3 -5 -3  0 -1 -5 -4 -2   37   8   2   7   0   4  16   1   1   0   0  13   0   0   0   5   4   0   0   2  0.46 0.24
  399 Q    2  1 -2  2 -4  2  4 -2 -1 -4 -3  2 -2 -5 -3  0 -1 -3 -4 -2   20   6   1  12   0   9  26   1   1   0   1  14   1   0   0   4   2   0   0   2  0.46 0.23
  400 A    4 -4 -4 -5 -1 -3 -3  0 -4  0 -1 -3  0 -3 -4 -2 -2 -5 -2  4   41   0   0   0   1   0   1   6   0   5   3   1   3   1   0   1   1   0   1  36  0.71 0.32
  401 A   -2 -2 -2 -2 -7 -1  7 -5 -3 -5 -6 -1 -5 -7 -5 -2 -1 -6 -6 -6    3   2   1   1   0   2  82   0   0   0   0   3   0   0   0   2   3   0   0   0  1.78 0.57
  402 A    3  1  0  0 -4  2  3 -1 -1 -3 -3  2 -3 -5 -3  0  0 -5 -4 -2   27   6   3   4   0   8  22   3   1   1   1  15   0   0   0   3   5   0   0   2  0.40 0.22
  403 E    1  2 -2  0 -5  2  5 -3 -2 -3 -3  2 -3 -4 -4 -1 -1 -5 -4 -2   11  14   0   3   0   8  39   1   0   1   2  11   0   0   0   3   3   0   0   2  0.60 0.28
  404 L   -5 -5 -7 -7 -5 -5 -6 -7 -6 -1  6 -6  5  0 -6 -6 -4 -5 -4 -2    0   0   0   0   0   0   0   0   0   1  80   0  16   3   0   0   0   0   0   0  1.69 0.52
  405 G    2 -3  3 -1 -4 -1 -1  5 -1 -5 -5 -1 -5 -5 -4 -1 -3 -5 -5 -4   18   0  13   4   0   2   4  51   1   0   0   4   0   0   0   2   0   0   0   1  0.92 0.33
  406 D   -2 -2  0  4 -4 -2  2  5 -3 -6 -6 -1 -5 -6 -4 -1 -2 -6 -5 -5    2   1   4  21   0   1  13  47   0   0   0   4   0   0   0   4   2   0   0   0  0.93 0.33
  407 T   -1  2  2  2 -2  1  2 -3  0 -4 -4  2 -3 -5 -3  1  2 -2 -4 -3    3  14  12  12   1   4  13   1   2   0   0  12   0   0   0  10  14   1   0   1  0.40 0.20
  408 G   -3 -6 -4 -5 -6 -6 -6  8 -6 -6 -8 -5 -7 -7 -6 -4 -5 -6 -7 -6    1   0   0   0   0   0   0  99   0   0   0   0   0   0   0   0   0   0   0   0  2.58 0.66
  409 R   -6  9 -5 -6 -8 -2 -4 -7 -4 -7 -6 -1 -6 -7 -6 -5 -5 -7 -6 -7    0  99   0   0   0   1   0   0   0   0   0   1   0   0   0   0   0   0   0   0  2.84 0.75
  410 I   -4 -6 -6 -6 -4 -5 -6 -7 -6  4  2 -6 -2 -3 -6 -5 -3 -6 -4  6    0   0   0   0   0   0   0   0   0  25  15   0   0   0   0   0   1   0   0  59  1.39 0.44
  411 L   -5 -6 -6 -7 -5 -6 -6 -7 -6 -1  6 -6 -1 -1 -6 -6 -4 -5 -4  1    0   0   0   0   0   0   0   0   0   1  88   0   0   1   0   0   0   0   0   9  1.70 0.52
  412 L   -4 -5 -6 -6 -4 -5 -6 -6 -6  4  4 -5 -1 -3 -6 -5 -3 -5 -4  4    0   0   0   0   0   0   0   0   0  22  42   0   0   0   0   0   0   0   0  35  1.17 0.39
  413 R   -6  9 -5 -6 -8 -3 -4 -7 -4 -7 -6 -2 -6 -7 -6 -5 -5 -7 -6 -7    0 100   0   0   0   0   0   0   0   0   0   0   0   0   0   0   0   0   0   0  2.90 0.76
  414 P    2 -3 -4 -4 -5 -2  0 -5 -4 -5 -5  3 -3 -5  7 -2 -3 -4  1 -4   15   0   0   0   0   1   5   0   0   0   0  19   0   0  51   1   1   0   6   0  1.34 0.44
  415 S   -3 -5 -3 -4 -5 -4 -4 -4 -5 -7 -7 -4 -6 -7 -5  8 -3 -7 -6 -6    0   0   0   0   0   0   0   0   0   0   0   0   0   0   0 100   0   0   0   0  2.36 0.74
  416 G   -4 -6 -4 -5 -7 -6 -6  8 -6 -8 -8 -5 -7 -7 -6 -4 -6 -6 -7 -7    0   0   0   0   0   0   0 100   0   0   0   0   0   0   0   0   0   0   0   0  2.65 0.68
  417 T   -4 -5 -4 -5 -5 -5 -5 -6 -6 -5 -5 -5 -5 -6 -5 -3  8 -7 -6 -4    0   0   0   0   0   0   0   0   0   0   0   0   0   0   0   0 100   0   0   0  2.62 0.77
  418 E   -5 -4 -4 -2 -8  0  8 -6 -4 -7 -7 -3 -6 -7 -5 -4 -5 -7 -6 -7    0   0   0   0   0   2  98   0   0   0   0   0   0   0   0   0   0   0   0   0  2.54 0.73
  419 P   -3 -6 -1 -3 -7 -1 -2 -6 -5 -7 -6 -4 -6 -7  8 -1 -5 -8 -7 -6    2   0   3   1   0   4   2   0   0   0   0   0   0   0  83   4   0   0   0   0  2.49 0.66
  420 M   -4 -5 -6 -7 -4 -5 -6 -7 -6  0  6 -2  1 -3 -6 -5 -4 -5 -4  3    0   0   0   0   0   0   0   0   0   1  72   3   2   0   0   0   0   0   0  22  1.35 0.45
  421 I   -3 -6 -6 -6  0 -5 -6 -6 -6  6  1 -5 -1 -1 -5 -5 -3 -5 -3  5    1   0   0   0   2   0   0   0   0  45  13   0   1   2   0   0   0   0   0  35  1.19 0.39
  422 R   -6  9 -5 -6 -8 -3 -4 -7 -4 -7 -6 -2 -6 -7 -6 -5 -5 -7 -6 -7    0 100   0   0   0   0   0   0   0   0   0   0   0   0   0   0   0   0   0   0  2.90 0.76
  423 V   -4 -6 -7 -7 -5 -6 -6 -7 -7  1 -2 -6 -3 -4 -6 -5 -4 -7 -5  7    0   0   0   0   0   0   0   0   0   6   1   0   0   0   0   0   0   0   0  93  2.15 0.62
  424 M   -6 -6 -7 -8 -6 -5 -7 -7 -6 -3 -2 -6 11 -5 -7 -6 -5 -6 -6 -4    0   0   0   0   0   0   0   0   0   0   0   0  99   0   0   0   0   0   0   0  3.68 0.92
  425 V    3 -5 -5 -6 -2 -5 -5 -2 -6  1 -1 -5 -2 -4 -5 -3 -2 -6 -4  6   26   0   0   0   1   0   0   3   0   5   5   0   0   0   0   0   1   0   0  60  1.11 0.42
  426 E   -5 -4 -4 -2 -8 -1  8 -6 -4 -7 -7 -3 -6 -7 -5 -4 -5 -7 -6 -7    0   0   0   0   0   1  99   0   0   0   0   0   0   0   0   0   0   0   0   0  2.60 0.74
  427 A    5 -5 -4 -5  1 -4 -5  5 -3 -6 -6 -4 -5 -6 -5 -2 -4 -6 -6 -5   44   0   0   0   3   0   0  51   0   0   0   0   0   0   0   1   0   0   0   0  1.45 0.47
  428 A    1  0 -2  2 -5  1  4 -2 -3 -4 -4  1 -4 -5  4 -1 -2 -5 -4 -3   14   4   0  13   0   6  27   2   0   1   1   9   0   0  18   3   2   0   0   1  0.58 0.26
  429 D   -3 -3  1  6 -4  0  0 -4 -1 -5 -6 -2 -5 -6 -4  0  3 -6 -4 -4    1   0   7  51   0   3   5   0   1   0   0   1   0   0   0   6  23   0   1   0  1.14 0.41
  430 E    1  0 -1  1 -4  3  3 -1  1 -2 -2  1 -1 -3  0 -1 -1 -4 -2 -2   13   4   1   9   0  17  22   3   4   2   4   6   2   0   4   3   3   0   1   1  0.30 0.18
  431 G    1 -2 -1  3 -4  0  4 -1 -2 -3 -4  1 -4 -4 -2  0  0 -5 -3 -2   16   1   2  15   0   4  37   4   1   1   1   6   0   0   1   5   4   0   1   3  0.53 0.25
  432 V   -1 -1 -2  0 -4  4  2 -4 -1  0  2  0  0 -3 -4 -2  0 -4 -3  0    4   3   0   5   0  20  17   0   1   4  25   5   2   0   0   1   7   0   0   5  0.34 0.21
  433 A    3 -5 -5 -5  4 -4 -5 -4 -5  3  1 -4  0 -3 -4 -2 -1 -5 -4  4   23   0   0   0   8   0   0   0   0  14  12   0   1   0   0   1   3   0   0  37  0.72 0.30
  434 Q   -1  2  1  3 -5  3  3 -3  1 -3 -3  1 -3 -4 -3 -1  0 -5 -3 -3    3  13   6  16   0  12  23   1   4   1   2   6   0   0   0   3   7   0   0   1  0.46 0.22
  435 R    1  2 -1  0 -3  2  2 -1 -1 -4 -3  2 -2 -3 -3  1  0 -3 -1 -2   14  15   2   5   0  10  16   4   1   0   1  13   0   0   0   8   5   0   3   2  0.30 0.17
  436 L   -1 -3 -4 -4  0 -2 -2 -5  1  2  2 -3  2  1 -5 -2 -2  2  5  3    3   0   0   1   2   1   2   0   3  11  18   1   6   3   0   2   1   3  21  21  0.48 0.23
  437 A    5 -5 -5 -5  3 -4 -4 -4 -5 -1 -3 -4 -2 -5 -4 -2 -2 -6 -5  4   56   0   0   0   6   0   0   0   0   2   0   0   0   0   0   1   2   0   0  33  1.18 0.45
  438 A   -1  0  2  4 -5  2  3  0  2 -4 -3  0 -2 -5 -3 -1 -1 -5 -3 -4    5   4  11  22   0  10  22   7   5   1   2   5   1   0   0   2   3   0   0   1  0.49 0.23
  439 T   -1  4 -1  1 -5  2  3 -1  1 -5 -4  2 -2 -4 -3  0  0 -2 -1 -4    4  23   2   8   0  11  18   4   4   0   0  10   1   0   0   8   4   1   2   0  0.46 0.22
  440 V   -4 -6 -6 -6 -4 -5 -6 -7 -6  6  4 -6  0 -3 -6 -5 -4 -5 -4  2    0   0   0   0   0   0   0   0   0  50  36   0   2   0   0   0   0   0   0  12  1.34 0.42
  441 A    6 -4 -5 -5  3 -4 -4 -3 -5  0 -3 -3 -3 -5 -4 -1 -3 -6 -5  2   67   1   0   0   6   0   0   1   0   5   0   1   0   0   0   2   0   0   0  17  1.17 0.45
  442 D    1 -2  0  5 -5  1  3  0 -3 -5 -4  1 -4 -5 -3  0 -1 -5 -4 -3   15   1   3  34   0   5  18   7   0   0   1   7   0   0   0   4   3   0   0   1  0.63 0.27
  443 A    2 -4 -4 -3 -3 -2 -2 -4 -3  1  0 -2 -1 -2 -4 -2  0 -5 -4  5   22   0   0   1   0   2   3   0   0   7   8   2   1   1   0   2   4   0   0  46  0.61 0.29
  444 V   -3 -6 -6 -7 -3 -6 -6 -7 -6  4 -1 -6  1 -3 -6 -5 -3 -6 -4  6    1   0   0   0   0   0   0   0   0  25   4   0   3   0   0   0   0   0   0  67  1.57 0.49
  445 S   -1  4 -2 -2 -5  1  4 -3 -3 -5 -5  4 -3 -6 -4  0 -2 -5 -4 -4    6  25   1   0   0   5  25   1   0   0   0  28   0   0   0   6   2   0   0   0  0.83 0.33
  446 T    3  0  0 -1 -3  2  0 -2 -1 -3 -3  3 -3 -4 -3  2  1 -5 -4 -3   31   4   4   2   0  10   3   1   1   0   1  19   0   0   0  16   8   0   0   0  0.44 0.23
  447 A    6 -3 -3 -3 -3 -2  0 -2 -4 -2 -3 -3 -3 -4 -3  2 -2 -5 -4 -1   74   0   0   0   0   1   5   0   0   2   1   0   0   0   0  12   1   0   0   4  0.97 0.32
  448 R   -2  5 -1 -2 -4  5  1 -3 -1 -4 -3  3 -2 -4 -3 -1 -2 -4 -3 -4    0  43   0   0   0  33   6   0   0   0   0  19   0   0   0   0   0   0   0   0  0.85 0.16

                      K         Lambda
Standard Ungapped    0.1331     0.3172
Standard Gapped      0.0410     0.2670
PSI Ungapped         0.2273     0.3176
PSI Gapped           0.0696     0.2670
