
Last position-specific scoring matrix computed, weighted observed percentages rounded down, information per position, and relative weight of gapless real matches to pseudocounts
            A   R   N   D   C   Q   E   G   H   I   L   K   M   F   P   S   T   W   Y   V   A   R   N   D   C   Q   E   G   H   I   L   K   M   F   P   S   T   W   Y   V
    1 M    -3  -4  -5  -6  -4  -3  -4  -5  -4  -1   0  -4  10  -2  -5  -4  -3  -4  -3  -1    0   0   0   0   0   0   0   0   0   0   0   0 100   0   0   0   0   0   0   0  2.30 0.42
    2 N    -3  -2   7   0  -5   0  -2  -2   3  -5  -5  -2  -4  -2  -3  -1  -2  -5   0  -5    0   1  81   1   0   4   0   0   7   0   0   0   0   2   1   1   0   0   3   0  1.38 0.28
    3 I    -3  -5  -5  -5  -3  -5  -5  -6  -5   7   0  -5   0  -2  -5  -4  -2  -4  -3   1    0   0   0   0   0   0   0   0   0  96   2   0   0   0   0   0   0   0   0   2  1.43 0.29
    4 V     5  -3  -3  -3  -2  -2  -3  -2  -3   1  -2  -2  -2  -3  -3  -1   0  -4  -3   2   73   0   0   0   0   0   0   0   0   9   0   0   0   0   0   0   4   0   0  14  0.72 0.21
    5 V    -2  -4  -5  -5  -3  -4  -4  -5  -5   1  -1  -4  -1  -3  -4  -3  -2  -5  -3   7    0   0   0   0   0   0   0   0   0   0   1   0   0   0   0   0   0   0   0  99  1.35 0.29
    6 V    -2  -4  -5  -5  -2  -4  -4  -5  -5   3   0  -4  -1  -2  -4  -3  -2  -5  -3   6    0   0   0   0   0   0   0   0   0  18   0   0   0   0   0   0   0   0   0  82  1.11 0.25
    7 G    -2  -4  -2  -3  -4  -4  -4   7  -4  -6  -6  -3  -5  -5  -4  -2  -3  -4  -5  -5    0   0   0   0   0   0   0 100   0   0   0   0   0   0   0   0   0   0   0   0  1.91 0.30
    8 L    -3  -4  -5  -5  -3  -4  -5  -5  -5   0   6  -4   1  -1  -5  -4  -3  -3  -3  -1    0   0   0   0   0   0   0   0   0   0 100   0   0   0   0   0   0   0   0   0  1.27 0.26
    9 S    -1  -3  -1  -2  -3  -2  -2  -2  -3  -4  -4  -2  -3  -4  -3   7   0  -5  -4  -4    0   0   0   0   0   0   0   0   0   0   0   0   0   0   0  98   2   0   0   0  1.37 0.32
   10 H    -4  -3  -2  -3  -5  -2  -2  -4  11  -6  -5  -3  -4  -3  -5  -3  -4  -5   0  -6    0   0   0   0   0   0   0   0  99   0   0   0   0   0   0   0   0   0   1   0  2.71 0.42
   11 K    -3   3  -2  -3  -5   1  -1  -3  -2  -5  -4   7  -3  -5  -3  -2  -2  -5  -4  -4    0  13   0   0   0   2   0   0   0   0   0  84   0   0   0   0   0   0   0   0  1.32 0.28
   12 T    -2  -3  -2  -3  -3  -3  -3  -4  -4  -3  -3  -3  -3  -4  -3   0   7  -5  -4  -2    0   0   0   0   0   0   0   0   0   0   0   0   0   0   0   0 100   0   0   0  1.64 0.35
   13 A     6  -3  -3  -4  -2  -3  -3  -2  -3  -3  -3  -2  -3  -4  -3   0   0  -4  -4  -2   97   0   0   0   0   0   0   0   0   0   0   0   0   0   0   0   3   0   0   0  1.25 0.29
   14 P    -1  -4  -3  -3  -4  -3  -3  -4  -4  -4  -5  -3  -4  -5   8   1   0  -5  -5  -4    3   0   0   0   0   0   0   0   0   0   0   0   0   0  82  10   6   0   0   0  2.07 0.31
   15 V    -2  -4  -5  -5  -3  -4  -4  -5  -5   1  -1  -4  -1  -3  -4  -4  -2  -5  -3   7    0   0   0   0   0   0   0   0   0   2   0   0   0   0   0   0   0   0   0  98  1.36 0.30
   16 E    -1  -2  -2   2  -5   0   7  -4   0  -5  -5  -1  -4  -5  -3  -2  -3  -5  -4  -4    3   0   0   7   0   0  87   0   2   0   0   0   0   0   0   0   0   0   0   0  1.40 0.29
   17 I    -2  -4  -5  -5  -2  -4  -4  -5  -5   5   0  -4   0   0  -4  -3  -2  -4  -2   5    0   0   0   0   0   0   0   0   0  38   2   0   0   4   0   0   0   0   0  56  0.89 0.21
   18 R    -3   8  -2  -4  -6  -1  -2  -4  -2  -5  -4   0  -3  -5  -4  -3  -3  -5  -4  -5    0 100   0   0   0   0   0   0   0   0   0   0   0   0   0   0   0   0   0   0  1.94 0.35
   19 E    -3  -2  -2   0  -6   0   7  -4  -2  -5  -5  -1  -4  -5  -3  -2  -3  -5  -4  -5    0   0   0   0   0   0 100   0   0   0   0   0   0   0   0   0   0   0   0   0  1.76 0.34
   20 K    -3   2  -2  -2  -5   1  -1  -3  -2  -5  -4   7  -3  -5  -3  -2  -2  -5  -4  -4    0   8   0   0   0   3   0   0   0   0   0  88   0   0   0   0   2   0   0   0  1.33 0.29
   21 L    -3  -4  -5  -5  -3  -4  -5  -5  -5   0   6  -4   1  -1  -5  -4  -3  -3  -3   1    0   0   0   0   0   0   0   0   0   1  94   0   0   0   0   0   0   0   0   6  1.15 0.25
   22 S    -1  -3  -1  -2  -3  -2  -2  -2  -3  -4  -5  -2  -3  -4  -3   7   0  -5  -4  -4    0   0   0   0   0   0   0   0   0   0   0   0   0   0   0 100   0   0   0   0  1.44 0.34
   23 I    -3  -5  -5  -5  -3  -5  -5  -6  -5   7   0  -5  -1  -2  -5  -4  -2  -4  -3   2    0   0   0   0   0   0   0   0   0  94   1   0   0   0   0   0   0   0   0   5  1.43 0.29
   24 Q    -2  -3  -3  -3  -5   2  -2  -4  -4  -5  -5  -2  -4  -6   8  -1  -2  -5  -5  -4    1   0   0   0   0  13   0   0   0   0   0   0   0   0  81   4   1   0   0   0  2.11 0.31
   25 E    -2  -2  -1   1  -5   0   6  -4  -2  -5  -4   0  -3  -5  -3  -1   1  -5  -4  -4    0   0   1   6   0   0  78   0   0   0   0   3   0   0   0   2   9   0   0   0  1.14 0.26
   26 A     2  -2  -1   1  -3   1   0  -1  -1  -3  -3  -1  -2  -4   5   0   1  -4  -3  -2   28   0   2   8   0  10   3   2   2   0   0   0   0   0  27   6  10   0   0   2  0.51 0.13
   27 K    -1   2  -1  -1  -4   5   1  -3   0  -4  -3   4  -1  -4  -3  -1   0  -4  -3  -2    4   7   1   2   0  44   5   0   1   0   0  27   1   0   0   0   4   0   0   3  0.69 0.20
   28 M    -1  -1  -3  -4  -1  -3  -3  -4  -3   4   2  -2   3  -1  -3  -2   1  -3  -1   3    2   4   0   0   1   0   0   0   0  32  15   2  11   0   0   0  10   0   1  22  0.38 0.12
   29 D     0  -2  -2   1  -5   1   6   0  -2  -5  -4   0  -4  -5  -1  -1  -2  -5  -4  -3    6   0   0   6   0   3  73   6   0   0   0   2   0   0   2   0   0   0   0   1  0.99 0.24
   30 E     1   0   0   1  -3   1   3   1  -1  -3  -3   1  -2  -4  -2   2   1  -3  -3  -3   10   3   3   8   0   6  24  14   0   0   0   6   0   0   0  18   7   0   0   0  0.32 0.09
   31 A     5  -2  -3  -3  -2  -2  -2  -2  -3  -3  -3  -2  -2  -2  -2   1   0  -4  -1   0   79   1   0   0   0   0   0   0   0   0   0   0   0   1   1   6   5   0   2   4  0.83 0.23
   32 I    -3  -4  -5  -5  -3  -4  -5  -5  -5   6   2  -4   1  -2  -4  -3  -1  -4  -3   2    0   0   0   0   0   0   0   0   0  77  12   0   3   0   0   0   4   0   0   4  1.01 0.24
   33 A     5   0  -1  -3  -2   2  -2  -2  -2  -3  -3  -1  -1  -4  -2   1   0  -4  -3  -2   67   4   2   0   0  10   0   0   0   1   0   2   1   0   1   6   5   0   0   1  0.62 0.20
   34 H    -2   1   0  -2  -4   5   1  -3   7  -4  -3  -1  -2  -3  -3  -1   0  -4   0  -3    1   7   3   1   0  33   6   0  37   0   1   1   0   0   0   3   5   0   1   2  0.85 0.22
   35 L    -3  -4  -5  -5  -3  -4  -5  -6  -5   0   6  -4   1  -1  -5  -4  -3  -3  -3  -1    0   0   0   0   0   0   0   0   0   1  97   0   1   0   0   0   0   0   0   0  1.25 0.27
   36 K    -2   3  -2  -3   7  -1  -2  -2  -1  -2   1   2  -1  -3  -3  -1   1  -4  -2  -2    0  23   1   0  28   2   0   2   1   0  17  12   1   0   0   3  10   0   0   0  0.50 0.15
   37 S     0  -1   2  -2  -3   0  -1   2  -1  -4  -4  -1  -3  -4  -2   5   1  -4  -3  -3    5   1   8   0   0   5   1  15   1   0   0   2   0   0   0  56   4   0   0   0  0.58 0.18
   38 Y    -3  -4  -2  -5   4  -3  -4  -3   2  -3  -1  -4  -3   1  -5  -2  -3   0   8  -3    0   0   2   0  10   0   0   2   3   0   6   0   0   1   0   3   0   0  73   0  1.46 0.30
   39 P    -1  -4  -3  -2  -4  -3  -1  -4  -4  -4  -4  -3  -4  -4   8   1  -2  -5  -4  -4    3   0   0   1   0   0   3   0   0   0   1   0   0   1  80  10   1   0   0   1  1.99 0.31
   40 H    -3  -2   1  -3  -3   1  -2  -4  10  -5  -5  -2  -4  -3  -4  -1  -2  -4   1  -5    0   0   6   0   0   7   0   0  79   0   0   0   0   0   0   3   1   0   3   0  1.90 0.34
   41 V    -3  -5  -5  -5  -3  -4  -5  -5  -5   6   1  -4   0  -2  -4  -4  -1  -4  -3   3    0   0   0   0   0   0   0   0   0  77   4   0   0   0   0   0   1   0   0  18  1.12 0.25
   42 E    -1  -1  -1   2  -5   2   5  -3  -1  -3  -1   0  -3  -4  -3  -2  -2  -4  -3  -3    2   2   0  12   0  10  60   0   0   0   8   4   0   0   0   0   1   0   0   0  0.80 0.20
   43 E    -3  -2  -2   0  -6   0   7  -4  -2  -5  -5  -1  -4  -5  -3  -2  -3  -5  -4  -5    0   0   0   0   0   0 100   0   0   0   0   0   0   0   0   0   0   0   0   0  1.79 0.36
   44 V     2  -4  -4  -4   2  -3  -4  -3  -4   2  -1  -3  -1  -3  -3  -2  -1  -4  -3   5   24   0   0   0   4   0   0   0   0   6   0   0   0   0   0   0   1   0   0  65  0.73 0.21
   45 A     5  -3  -2  -3  -1  -2  -2   0  -3  -3  -3  -2  -2  -4  -2   2   1  -4  -3  -1   69   0   0   0   1   0   0   4   0   0   0   0   0   0   0  13  11   0   0   3  0.73 0.21
   46 V    -3  -5  -5  -5  -3  -5  -5  -6  -5   7   0  -4   0  -2  -5  -4  -2  -4  -3   3    0   0   0   0   0   0   0   0   0  86   1   0   0   0   0   0   0   0   0  13  1.30 0.28
   47 I    -3  -4  -5  -5  -3  -4  -5  -5  -4   3   5  -4   1  -1  -4  -4  -3  -3  -3   0    0   0   0   0   0   0   0   0   0  16  81   0   1   0   0   0   0   0   0   2  0.99 0.22
   48 S    -1  -3  -1  -2  -3  -2  -2  -2  -3  -4  -5  -2  -4  -4  -3   7   0  -5  -4  -4    0   0   1   0   0   0   0   0   0   0   0   0   0   0   0  99   0   0   0   0  1.44 0.34
   49 T    -2  -3  -2  -3  -3  -3  -3  -4  -4  -3  -3  -3  -3  -4  -3  -1   7  -5  -4  -2    0   0   0   0   0   0   0   0   0   0   0   0   0   0   0   0 100   0   0   0  1.67 0.36
   50 C    -3  -6  -5  -6  11  -5  -6  -5  -6  -4  -4  -6  -4  -5  -5  -3  -3  -5  -5  -3    0   0   0   0 100   0   0   0   0   0   0   0   0   0   0   0   0   0   0   0  3.22 0.45
   51 N    -4  -3   8  -1  -5  -2  -2  -3  -1  -6  -6  -2  -4  -5  -4  -1  -2  -6  -4  -5    0   0 100   0   0   0   0   0   0   0   0   0   0   0   0   0   0   0   0   0  2.07 0.38
   52 R    -4   8  -2  -4  -6  -1  -2  -4  -2  -5  -4   0  -3  -5  -4  -3  -3  -5  -4  -5    0 100   0   0   0   0   0   0   0   0   0   0   0   0   0   0   0   0   0   0  1.98 0.36
   53 L    -3  -4  -5  -5  -3  -4  -5  -5  -4   0   6  -4   3  -1  -5  -4  -3  -3  -3  -1    0   0   0   0   0   0   0   0   0   0  94   0   6   1   0   0   0   0   0   0  1.20 0.26
   54 E    -3  -2  -2   0  -6   0   7  -4  -2  -5  -5  -1  -4  -5  -3  -2  -3  -5  -4  -5    0   0   0   0   0   0 100   0   0   0   0   0   0   0   0   0   0   0   0   0  1.79 0.36
   55 I    -3  -5  -5  -5  -3  -4  -5  -6  -5   7   1  -4   0  -2  -5  -4  -2  -4  -3   2    0   0   0   0   0   0   0   0   0  84   8   0   0   0   0   0   0   0   0   8  1.21 0.26
   56 Y    -4  -4  -4  -5  -5  -3  -4  -5   3  -4  -3  -4  -3   1  -5  -4  -4   0   9  -4    0   0   0   0   0   0   0   0   7   0   1   0   0   0   0   0   0   0  92   0  2.23 0.39
   57 A     2  -3  -3  -4  -1  -3  -3  -2  -3   4   1  -3   0   0  -3  -1   0  -3  -2   3   20   0   0   0   1   0   0   1   0  34   9   0   1   5   0   1   7   0   0  20  0.34 0.12
   58 V    -1  -4  -5  -5  -2  -4  -4  -5  -5   2   1  -4   0  -1  -4  -3  -1  -4  -3   6    2   0   0   0   0   0   0   0   0   3   7   0   1   1   0   0   1   0   0  84  1.03 0.25
   59 V     2  -3  -2  -3  -2  -2  -2  -3  -3   1   0  -2  -1  -3  -3   0   4  -4  -3   2   22   0   0   0   0   0   0   0   0   5   7   0   1   0   0   3  39   0   0  22  0.44 0.16
   60 Q    -1   2   1  -1  -3   2   0  -1   0  -3  -2   1  -2  -3   0   3   2  -4  -3  -2    1  13   6   1   0   9   3   2   2   0   2  11   0   0   5  28  16   0   0   0  0.31 0.11
   61 E    -2  -2   1   4  -5   1   5  -2  -1  -4  -4   0  -4  -5  -3   0  -2  -5  -4  -4    2   0   5  25   0   3  54   2   1   0   0   4   0   0   0   3   1   0   0   0  0.85 0.20
   62 T     1  -3   0  -2   0  -2  -2  -3  -3   0  -2  -2   1  -3   0   2   5  -4  -3   0   10   0   3   0   1   0   0   0   0   7   1   0   4   0   3  12  55   0   0   3  0.56 0.19
   63 E    -2  -2  -1   3  -5   2   6  -4  -2  -5  -4  -1  -3  -4  -3  -2  -1  -4   1  -4    0   0   0  13   0   8  69   0   0   0   0   1   0   0   0   0   3   0   5   0  1.07 0.25
   64 Q    -1   0   0  -2  -4   5   0  -1   2  -3  -1   0  -2  -3   3   0  -1  -3  -1  -3    4   3   4   0   0  41   2   3   7   0   6   5   0   0  13   8   1   0   2   0  0.48 0.16
   65 G     1  -4  -2  -3  -4  -3  -4   7  -4  -5  -5  -3  -4  -5  -4  -1  -3  -4  -5  -5    9   0   0   0   0   0   0  90   0   0   0   0   0   0   0   1   0   0   0   0  1.61 0.27
   66 V    -1  -4  -4  -4  -2  -3  -3  -5  -4   4   1  -4   1  -2  -4  -3   0  -4  -3   5    1   0   0   0   0   0   1   0   0  31   7   0   2   0   0   0   4   0   0  54  0.73 0.19
   67 R    -2   6  -1  -2  -4   2  -1  -3   0  -2  -3   1  -2  -3  -3  -1  -2   2  -3  -1    2  64   1   1   0   9   2   1   2   1   1   5   0   0   0   3   1   3   0   5  0.83 0.21
   68 E    -1  -2  -2   1  -5   1   7  -4  -2  -5  -5  -1  -4  -5  -3  -2  -3  -5  -4  -4    4   0   0   3   0   2  91   0   0   0   0   0   0   0   0   0   0   0   0   0  1.49 0.31
   69 I    -1  -4  -4  -4  -2  -4  -4  -4  -4   4   0  -4   0  -2  -4  -2   0  -4  -3   5    2   0   0   0   0   0   0   0   0  28   5   0   0   0   0   1   5   0   0  59  0.76 0.20
   70 C     0  -1   0  -3   2  -2  -2  -3  -1   2  -1  -2   3  -2  -3   1   4  -4  -3   0    5   2   4   0   5   0   0   0   1  14   1   0  12   1   0  11  42   0   0   3  0.38 0.15
   71 Q    -3   1  -1  -1  -5   8   1  -4   1  -5  -4  -1  -2  -5  -3  -2  -3  -4  -3  -3    0   4   1   2   0  84   5   0   3   0   0   0   0   0   0   0   0   0   0   1  1.52 0.33
   72 F    -4  -5  -5  -6  -2  -5  -5  -5  -3  -2  -2  -5  -2   9  -6  -5  -4  -1   1  -3    0   0   0   0   1   0   0   0   0   0   0   0   0  98   0   0   0   0   0   0  2.11 0.36
   73 L    -3  -4  -5  -5  -2  -4  -5  -6  -5   0   6  -4   1  -1  -5  -4  -3  -3  -3  -1    0   0   0   0   0   0   0   0   0   1  99   0   0   0   0   0   0   0   0   0  1.27 0.27
   74 A     4  -3  -2  -2   2  -2  -2  -1  -3  -3  -3  -2  -3  -4  -2   5   0  -4  -3  -2   39   0   0   0   5   0   0   3   0   0   0   0   0   0   0  52   1   0   0   1  0.74 0.22
   75 E    -3  -2  -1   3  -5   0   6  -2  -2  -5  -5  -1  -4  -5  -3  -1  -3  -5  -4  -4    0   0   0  19   0   1  76   2   0   0   0   0   0   0   0   2   0   0   0   0  1.26 0.27
   76 T    -2   1  -1  -3   1  -1  -2  -3   6  -1  -2   0  -2   2  -3   0   0   4   3  -1    1   7   1   0   3   1   0   0  28   4   2   6   0   8   0   8   8   6  14   3  0.42 0.13
   77 G     1  -2  -1  -2  -1  -2  -2   3  -3  -4  -4   0  -3  -4  -3   5  -1  -4  -3  -3    7   0   0   0   1   0   0  23   0   0   0   7   0   0   0  62   0   0   0   0  0.76 0.22
   78 Q    -1   1   0   0  -4   4   0   2   3  -4  -4   4  -2  -4  -3  -1  -1  -4  -2  -4    2   2   3   3   0  25   1  15  11   0   0  35   0   0   0   0   2   0   0   0  0.55 0.17
   79 L    -2  -4  -4  -5  -1  -3  -4  -5  -4   4   4  -4   1  -1  -4  -3  -1  -1  -1   2    0   0   0   0   1   1   0   0   0  26  53   0   1   0   0   0   2   1   2  14  0.62 0.16
   80 Q     0  -2  -1  -1  -3  -2  -1  -2  -3  -4  -3  -2  -1  -4   7   1  -2  -5  -3  -3    5   1   2   2   0   1   2   1   0   0   2   0   2   0  65  15   0   0   1   0  1.41 0.24
   81 L    -2  -2  -4  -4  -1  -2  -3  -3  -2   2   4  -3   1   1  -3  -2  -1  -3  -2   2    2   2   0   0   1   1   0   1   1   8  58   1   2   6   1   3   2   0   0  12  0.44 0.13
   82 N     0   0   1   0  -3   2   0   0   4  -2  -2   0  -2  -2   2   0   0  -3   1  -2   10   3   7   3   0  13   2   6  17   2   2   2   0   1  12   8   5   0   5   2  0.23 0.08
   83 R     0   0   0   1  -2   3   3  -2   1  -3  -2   1  -1  -1  -2   1   0  -3   0  -2    5   2   1   9   0  24  19   0   4   1   2   5   2   3   0  14   4   0   4   0  0.30 0.10
   84 L    -3  -4  -5  -5  -3  -4  -5  -5  -5   0   6  -4   1  -1  -5  -4  -3  -3  -3  -1    0   0   0   0   0   0   0   0   0   1  97   0   1   0   0   0   0   0   0   0  1.23 0.26
   85 R    -3   7  -2  -3  -5   2  -2  -4   0  -5  -4   1  -3  -4  -4  -2  -2  -4   0  -4    0  83   0   1   0   7   0   0   2   0   0   1   0   0   0   2   2   0   4   0  1.38 0.28
   86 R    -2   4  -2  -2  -4   4   0  -3   0  -4  -4   1  -3  -5   6  -1  -2  -4  -3  -4    0  25   0   0   0  24   3   0   2   0   0   5   0   0  40   2   0   0   0   0  1.05 0.21
   87 Y    -4  -3  -1  -3  -5  -2  -2  -4   9  -5  -4  -3  -3  -1  -4  -3  -4  -3   5  -5    0   0   1   1   0   0   0   0  74   0   0   0   0   1   0   0   0   0  23   0  1.99 0.34
   88 L    -3  -4  -5  -5  -3  -4  -5  -5  -5   0   6  -4   1  -1  -5  -4  -3  -3  -3  -1    0   0   0   0   0   0   0   0   0   1  98   0   1   0   0   0   0   0   0   0  1.23 0.26
   89 F    -4  -5  -5  -6  -4  -5  -5  -5  -3  -2  -1  -5  -2   9  -6  -4  -4  -1   1  -3    0   0   0   0   0   0   0   0   0   0   0   0   0  99   0   1   0   0   0   0  2.11 0.35
   90 T    -1  -3  -3  -4  -2  -3  -3  -4  -4   5   0  -3   3  -2  -3  -1   3  -4  -3   2    1   0   0   0   0   0   0   0   0  45   2   0  10   0   0   2  25   0   0  16  0.57 0.17
   91 L    -3  -4  -5  -5  -3  -4  -5  -5  -4   0   6  -4   1   1  -5  -4  -3  -3  -2  -1    0   0   0   0   0   0   0   0   0   0  97   0   0   3   0   0   0   0   0   0  1.19 0.25
   92 L    -3  -2  -4  -5  -3  -3  -4  -5   0   1   5  -4   1  -1  -4  -3  -2  -3  -2   0    0   2   0   0   0   1   0   0   3   2  86   0   2   0   0   2   0   0   0   2  0.89 0.21
   93 H    -3   1   0  -3  -5   3  -2  -3   9  -5  -4  -2  -3  -3  -4  -3  -3  -4   2  -5    0   8   2   0   0  14   0   1  70   0   0   0   0   0   0   0   0   0   5   0  1.60 0.30
   94 Q    -2   0  -1   0  -5   7   3  -3   1  -5  -4   0  -2  -5  -2  -2  -2  -1  -3  -4    1   2   1   3   0  66  20   0   3   0   0   1   0   0   1   0   1   1   0   0  1.11 0.26
   95 D    -4  -3   0   8  -6  -2   1  -3  -3  -5  -6  -3  -5  -6  -3  -2  -3  -6  -5  -5    0   0   0  96   0   0   3   1   0   0   0   0   0   0   0   0   0   0   0   0  1.88 0.32
   96 A     6  -3  -3  -3  -2  -3  -3  -2  -3  -3  -3  -2  -3  -4  -3   0  -2  -4  -4  -1   96   0   0   0   0   0   0   0   0   0   0   0   0   0   0   3   0   0   0   1  1.22 0.28
   97 I    -1  -4  -4  -5  -2  -4  -4  -4  -4   3   1  -4   1  -2  -4  -3  -1  -4  -3   5    2   0   0   0   0   0   0   1   0  19   7   0   2   0   0   0   1   0   0  68  0.79 0.19
   98 R    -3   4  -3  -2  -4  -1  -3  -3  -3  -1   0   0   8  -2  -4  -2   0  -4  -3  -2    0  25   0   2   0   0   0   1   0   0   2   4  58   0   0   1   7   0   0   0  0.95 0.26
   99 H    -4  -2  -2  -3  -5  -1  -2  -4  11  -6  -5  -3  -4  -4  -5  -3  -4  -5   0  -6    0   0   0   0   0   0   0   0 100   0   0   0   0   0   0   0   0   0   0   0  2.71 0.41
  100 L    -3  -4  -5  -5  -3  -4  -4  -5  -4   1   6  -4   1  -1  -4  -4  -3  -3  -3   0    0   0   0   0   0   0   0   0   0   3  93   0   1   0   0   0   0   0   0   3  1.11 0.24
  101 L    -3  -4  -4  -5  -3  -3  -4  -5  -4   0   2  -4   9  -1  -5  -4  -3  -4  -3  -1    0   0   0   0   0   0   0   0   0   2  11   0  87   1   0   0   0   0   0   0  1.81 0.36
  102 R    -3   8  -2  -3  -5   1  -2  -4  -2  -5  -4   1  -3  -5  -4  -3  -3   2  -3  -4    0  92   0   0   0   4   0   0   0   0   0   1   0   0   0   0   0   3   0   0  1.67 0.31
  103 V    -2  -4  -5  -5  -3  -4  -4  -5  -5   1  -1  -4  -1  -3  -4  -3  -2  -5  -3   7    0   0   0   0   0   0   0   0   0   0   0   0   0   0   0   0   0   0   0 100  1.37 0.30
  104 A     5  -3  -2  -3  -2  -2  -2  -1  -3  -3  -3  -2  -2  -4  -2   3   0  -4  -3  -2   71   0   0   0   0   0   0   0   0   0   0   0   0   0   0  24   5   0   0   0  0.85 0.22
  105 A     5  -3  -2  -3  -1  -2  -2   0  -3  -3  -3  -2  -3  -4  -2   3  -1  -4  -3  -2   72   0   0   0   1   0   0   6   0   0   0   0   0   0   0  21   0   0   0   0  0.83 0.22
  106 G    -2  -4  -2  -3  -4  -4  -4   7  -4  -6  -6  -3  -5  -5  -4  -2  -3  -4  -5  -5    0   0   0   0   0   0   0 100   0   0   0   0   0   0   0   0   0   0   0   0  1.92 0.31
  107 L    -3  -4  -5  -6  -3  -4  -5  -6  -5   0   6  -4   1  -1  -5  -4  -3  -3  -3  -1    0   0   0   0   0   0   0   0   0   0 100   0   0   0   0   0   0   0   0   0  1.29 0.27
  108 E    -3  -3   0   7  -5  -1   3  -3  -3  -5  -5  -2  -5  -5  -3  -2  -3  -6  -5  -5    0   0   1  80   0   0  19   0   0   0   0   0   0   0   0   0   0   0   0   0  1.58 0.28
  109 S    -1  -3  -1  -2  -3  -2  -2  -2  -3  -4  -4  -2  -3  -4  -3   7   0  -4  -3  -3    0   0   0   0   0   0   0   0   0   0   0   0   0   0   0  97   0   0   0   0  1.34 0.31
  110 L    -3  -4  -5  -5  -3  -4  -4  -5  -4   1   6  -4   1  -1  -4  -4  -3  -3  -3  -1    0   0   0   0   0   0   0   0   0   4  93   0   0   0   0   0   0   0   0   0  1.10 0.24
  111 V    -2  -4  -4  -5  -2  -4  -4  -5  -5   2  -1  -4  -1  -2  -4  -3  -2  -4  -3   6    0   0   0   0   0   0   0   0   0   4   0   0   0   0   0   0   0   0   0  93  1.21 0.27
  112 L    -3  -4  -5  -5  -3  -3  -4  -5  -4   2   5  -4   1  -1  -4  -4  -3  -3  -2   0    0   0   0   0   0   0   0   0   0   7  89   0   1   0   0   0   0   0   0   0  1.03 0.22
  113 G    -1  -4  -2  -3  -4  -3  -4   7  -4  -5  -5  -3  -4  -5  -4  -2  -3  -4  -5  -5    0   0   0   0   0   0   0  97   0   0   0   0   0   0   0   0   0   0   0   0  1.79 0.28
  114 E    -3  -2  -2   0  -5   0   7  -4  -2  -5  -5  -1  -4  -5  -3  -2  -3  -5  -4  -4    0   0   0   0   0   0  97   0   0   0   0   0   0   0   0   0   0   0   0   0  1.64 0.32
  115 G    -1  -4  -2  -3  -4  -3  -4   7  -4  -5  -5  -3  -4  -5  -4  -2  -3  -4  -5  -5    0   0   0   0   0   0   0  97   0   0   0   0   0   0   0   0   0   0   0   0  1.79 0.28
  116 Q    -3  -1  -2  -2  -5   8   0  -4  -2  -5  -4  -1  -2  -5  -3  -2  -3  -4  -3  -4    0   0   0   0   0  97   0   0   0   0   0   0   0   0   0   0   0   0   0   0  1.89 0.37
  117 I    -3  -5  -5  -5  -3  -4  -5  -5  -5   7   0  -4  -1  -2  -4  -4  -2  -4  -3   1    0   0   0   0   0   0   0   0   0  97   0   0   0   0   0   0   0   0   0   0  1.44 0.29
  118 L    -3  -4  -5  -5  -3  -4  -4  -5  -4   0   6  -4   1  -1  -4  -3  -3  -3  -3  -1    0   0   0   0   0   0   0   0   0   0  95   0   0   0   0   2   0   0   0   0  1.11 0.24
  119 A     5  -3  -2  -3   0  -2  -2  -1  -1  -3  -3  -2  -2  -4  -2   3  -1  -4  -3  -2   70   0   1   0   2   0   0   0   1   0   0   0   0   0   0  24   0   0   0   0  0.81 0.22
  120 Q    -3  -1  -2  -2  -5   8   0  -4  -2  -5  -4  -1  -2  -5  -3  -2  -3  -4  -3  -4    0   0   0   0   0  97   0   0   0   0   0   0   0   0   0   0   0   0   0   0  1.89 0.37
  121 V    -2  -4  -4  -5  -2  -4  -4  -5  -5   1  -1  -4  -1  -2  -4  -3  -2  -4  -3   7    0   0   0   0   0   0   0   0   0   2   0   0   0   0   0   0   0   0   0  95  1.24 0.28
  122 K    -2   1  -2  -2  -5   0  -1  -3  -2  -4  -4   7  -3  -5  -3  -2  -2  -5  -4  -4    0   2   0   0   0   0   0   0   0   0   0  96   0   0   0   0   0   0   0   0  1.48 0.30
  123 A    -2   0   3  -1  -3   3   0  -3   6  -3  -3   0  -1  -3  -3  -1   2  -4  -1  -2    1   2  17   0   0  18   2   0  30   0   0   6   1   0   0   0  18   0   0   3  0.58 0.17
  124 A     3  -3  -2  -3   3  -2  -2  -2  -3  -2  -2  -2   2  -3  -2   0   5  -4  -3  -1   28   0   0   0   8   0   0   1   0   0   0   0   6   0   0   1  53   0   0   0  0.67 0.20
  125 H    -3  -2  -2  -3  -4   1  -2  -4   9  -4  -2  -2   0  -2  -4  -3  -3  -3   4  -4    0   0   0   0   0   7   0   0  71   0   4   0   3   0   0   0   0   0  13   0  1.64 0.30
  126 K    -1   2  -2  -2  -4   3  -1  -3  -2  -4  -4   6  -3  -4  -2   0  -2  -4  -3  -4    3   9   0   0   0  12   0   0   0   0   0  69   0   0   0   4   0   0   0   0  0.93 0.22
  127 L    -2  -3  -3  -4  -3  -2  -2  -4  -3   1   5  -3   1   0  -4  -3  -2  -3  -2   1    1   0   1   0   0   2   2   0   0   3  80   1   1   1   0   0   1   0   0   6  0.75 0.19
  128 G     3  -3  -1  -2  -1  -2  -3   5  -3  -3  -4  -2  -3  -4  -3   1  -2  -4  -4  -2   27   0   1   0   2   0   0  58   0   1   0   0   0   0   0   8   0   0   0   1  0.86 0.18
  129 Q    -3  -1  -1  -2  -5   8   0  -4  -2  -5  -3   0  -2  -5  -3  -2  -2  -4  -3  -4    0   0   1   0   0  93   0   0   0   0   1   1   0   0   0   0   1   0   0   0  1.74 0.35
  130 Q    -2   0  -1  -1  -4   6   1  -3  -1  -4  -4   3  -2  -4  -2  -1  -1  -4  -3  -4    1   1   0   1   0  60   4   0   0   0   0  24   0   0   1   2   3   0   0   0  0.99 0.24
  131 H    -3  -3  -2  -4   0  -2  -3  -1   6  -3  -3  -3  -3   2  -4  -2  -3   0   7  -3    1   0   1   0   3   0   0   4  27   0   0   0   0   5   0   2   0   0  55   0  1.27 0.25
  132 K    -2   1   4  -1  -4   3   0  -1  -1  -4  -3   5  -3  -4  -2  -1  -1  -4  -3  -4    0   2  26   1   0  13   2   3   0   0   1  48   0   0   0   2   1   0   0   0  0.69 0.18
  133 G    -1  -4  -2  -3  -4  -2  -3   7  -3  -5  -5  -3  -4  -5  -3   0  -3  -4  -4  -4    1   0   0   0   0   1   0  88   0   0   0   0   0   0   0   7   0   0   0   0  1.52 0.25
  134 L     0  -3  -4  -4  -1  -3  -3  -3  -4   4   2  -3   2  -1  -3  -2  -1  -3  -2   3    6   0   0   0   1   0   0   1   0  43  17   0   6   0   0   2   3   0   0  21  0.47 0.13
  135 G    -1   0  -1   0  -4  -2  -2   6  -3  -5  -5   1  -4  -5  -3  -1  -3  -4  -4  -4    1   4   0   6   0   0   1  71   0   0   0  13   0   0   0   3   0   0   0   0  1.06 0.21
  136 R    -3   6  -2  -3  -2   0  -2  -4  -2  -4  -3   1  -3  -4   2  -1   1  -4  -3  -4    0  69   0   0   1   3   0   0   0   0   0   3   0   0  10   3  11   0   0   0  1.03 0.23
  137 L    -2  -4  -4  -5  -2  -4  -4  -5  -4   5   3  -4   0  -1  -4  -3  -1  -4  -3   3    0   0   0   0   0   0   0   0   0  55  27   0   0   0   0   0   2   0   0  16  0.78 0.18
  138 L    -3  -4  -5  -5  -3  -4  -5  -5  -5   0   6  -4   1  -1  -5  -4  -3  -3  -3  -1    0   0   0   0   0   0   0   0   0   2  98   0   0   0   0   0   0   0   0   0  1.25 0.26
  139 D    -3  -2   7   4  -5  -2   0  -2  -1  -5  -5  -2  -4  -5  -3   0  -2  -6  -4  -5    0   0  66  25   0   0   5   1   0   0   0   0   0   0   0   3   0   0   0   0  1.26 0.26
  140 R    -3   6  -2  -3  -5   4  -1  -4   3  -5  -4   1  -3  -4  -4  -2  -3  -4  -1  -4    0  67   0   0   0  19   1   0   7   0   0   6   0   0   0   0   0   0   1   0  1.17 0.25
  141 M    -3  -4  -5  -5  -3  -4  -5  -5  -4   1   6  -4   2  -1  -5  -4  -3  -3  -3  -1    0   0   0   0   0   0   0   0   0   3  95   0   2   0   0   0   0   0   0   0  1.18 0.25
  142 F    -4  -5  -5  -5  -3  -5  -5  -5  -3  -1   2  -5  -1   8  -5  -4  -4  -1   1  -2    0   0   0   0   0   0   0   0   0   0  16   0   1  83   0   0   0   0   0   0  1.61 0.29
  143 K    -3   1  -1  -2  -5   0  -1  -3  -3  -4  -4   7  -3  -5  -3  -2   0  -5  -4  -4    0   1   2   0   0   0   0   0   0   0   0  91   0   0   0   0   5   0   0   0  1.36 0.30
  144 R    -1   0  -1   1  -5   7   0  -2   1  -5  -4   0  -2  -5  -3  -1  -1  -4  -2  -4    3   2   1   6   0  75   2   1   3   0   0   1   0   0   0   1   3   0   1   0  1.18 0.28
  145 A     6  -3  -3  -3  -2  -2  -2  -1  -3  -3  -3  -2  -3  -4  -2   1  -1  -4  -3  -1   89   0   0   0   0   0   0   2   0   0   0   0   0   0   0   7   1   0   0   2  1.07 0.26
  146 I    -3  -4  -5  -5  -3  -4  -4  -5  -4   6   3  -4   2  -1  -4  -4  -2  -4  -3   2    0   0   0   0   0   0   0   0   0  64  23   0   5   0   0   0   1   0   0   8  0.86 0.20
  147 T     0  -2  -1  -2  -2  -2  -1  -2  -3  -2  -3   0  -1  -4  -2   3   5  -4  -3  -2    7   0   1   0   0   0   2   1   0   1   0   5   1   0   0  23  59   0   0   0  0.74 0.21
  148 A     6  -3  -3  -3  -2  -2  -3  -1  -3  -3  -3  -2  -3  -4  -2   0   1  -4  -3  -2   88   0   0   0   0   0   0   1   0   0   0   0   0   0   0   1  10   0   0   0  1.05 0.26
  149 G     0  -4  -2  -3  -4  -4  -4   7  -4  -6  -5  -3  -4  -5  -4  -1  -3  -4  -5  -5    4   0   0   0   0   0   0  95   0   0   0   0   0   0   0   2   0   0   0   0  1.73 0.28
  150 K    -3   1  -2  -3  -5  -1  -1  -4  -3  -5  -5   7  -3  -5  -3  -2  -3  -5  -4  -4    0   1   0   0   0   0   0   0   0   0   0  99   0   0   0   0   0   0   0   0  1.61 0.33
  151 R    -3   8  -2  -2  -6  -1  -2  -4  -2  -5  -4   1  -3  -5  -4  -3  -3  -5  -4  -5    0  97   0   1   0   0   0   0   0   0   0   2   0   0   0   0   0   0   0   0  1.84 0.34
  152 V    -2  -4  -5  -5  -3  -4  -4  -5  -5   2  -1  -4  -1  -3  -4  -4  -2  -5  -3   7    0   0   0   0   0   0   0   0   0   5   0   0   0   0   0   0   0   0   0  95  1.31 0.29
  153 R    -3   8  -2  -4  -6  -1  -2  -4  -2  -5  -4   0  -3  -5  -4  -3  -3  -5  -4  -5    0 100   0   0   0   0   0   0   0   0   0   0   0   0   0   0   0   0   0   0  1.95 0.35
  154 S    -1  -3   0  -2  -3  -2  -2  -3  -3  -3  -3  -2  -3  -4  -3   3   6  -4  -3  -2    1   0   3   0   0   0   1   0   0   0   0   0   0   0   0  23  72   0   0   0  1.04 0.26
  155 E    -3  -2  -1   1  -5   1   7  -4  -2  -5  -5   0  -4  -5  -3  -1  -3  -5  -4  -4    0   0   2   3   0   3  89   0   0   0   0   1   0   0   0   2   0   0   0   0  1.45 0.30
  156 T    -2  -3  -2  -3  -3  -3  -3  -4  -4  -2  -3  -3  -3  -4  -3   0   7  -5  -4  -2    0   0   0   0   0   0   0   0   0   2   0   0   0   0   0   0  98   0   0   0  1.57 0.34
  157 N     0  -2   4   1  -3   0   0  -1   0  -4  -4  -1  -3  -4  -1   4   0  -4  -3  -3    3   0  25   7   0   4   4   1   2   0   0   1   0   0   1  53   0   0   0   0  0.65 0.19
  158 I    -3  -5  -5  -5  -3  -5  -5  -6  -5   7   1  -5   0  -2  -5  -4  -2  -4  -3   1    0   0   0   0   0   0   0   0   0  93   7   0   0   0   0   0   0   0   0   0  1.38 0.29
  159 G    -1  -4  -2  -3  -2  -3  -4   7  -4  -5  -5  -3  -4  -5  -4   0  -3  -4  -5  -5    3   0   1   0   1   0   0  92   0   0   0   0   0   0   0   4   0   0   0   0  1.64 0.27
  160 T    -2  -3  -2  -3  -3  -2  -3  -3  -4  -3  -3  -1  -2  -4  -3   0   7  -4  -4  -2    1   0   0   0   0   0   0   0   0   0   0   2   0   0   0   3  93   0   0   0  1.43 0.32
  161 G    -2  -4  -2  -3  -4  -4  -4   7  -4  -6  -6  -3  -5  -5  -4  -2  -3  -4  -5  -5    0   0   0   0   0   0   0 100   0   0   0   0   0   0   0   0   0   0   0   0  1.92 0.31
  162 A     6  -3  -3  -4  -2  -3  -3  -2  -4  -3  -3  -3  -3  -4  -3  -1  -2  -4  -4  -2  100   0   0   0   0   0   0   0   0   0   0   0   0   0   0   0   0   0   0   0  1.34 0.31
  163 V    -2  -4  -5  -5  -3  -4  -4  -5  -5   1  -1  -4   2  -2  -4  -3  -2  -5  -3   6    0   0   0   0   0   0   0   0   0   3   0   0   6   0   0   0   0   0   0  91  1.21 0.28
  164 S    -1  -3  -1  -2  -3  -2  -2  -2  -3  -4  -5  -2  -3  -4  -3   7   0  -5  -4  -4    0   0   0   0   0   0   0   0   0   0   0   0   0   0   0 100   0   0   0   0  1.45 0.34
  165 I    -3  -5  -5  -5  -3  -5  -5  -6  -5   7   0  -4   0  -2  -5  -4  -2  -4  -3   2    0   0   0   0   0   0   0   0   0  89   0   0   0   0   0   0   0   0   0  11  1.34 0.28
  166 S    -1  -3  -1  -2  -3  -2  -2  -2  -3  -4  -5  -2  -3  -4  -3   7   0  -5  -4  -4    0   0   0   0   0   0   0   0   0   0   0   0   0   0   0 100   0   0   0   0  1.45 0.34
  167 S     0  -3  -1  -2  -3  -2  -2  -2  -3  -4  -4  -2  -3  -4  -3   7   0  -5  -4  -4    1   0   0   0   0   0   0   0   0   0   0   0   0   0   0  99   0   0   0   0  1.41 0.33
  168 A     6  -3  -3  -4  -2  -3  -3  -2  -4  -3  -3  -3  -3  -4  -3  -1  -1  -4  -4  -2   99   0   0   0   0   0   0   0   0   0   0   0   0   0   0   0   1   0   0   0  1.32 0.30
  169 A     6  -3  -3  -4  -2  -3  -3  -1  -4  -3  -3  -3  -3  -4  -3  -1  -2  -4  -4  -2   99   0   0   0   0   0   0   1   0   0   0   0   0   0   0   0   0   0   0   0  1.32 0.30
  170 V     1  -4  -4  -5  -2  -4  -4  -4  -5   1  -1  -4  -1  -3  -4  -3  -2  -5  -3   6   12   0   0   0   0   0   0   0   0   0   0   0   0   0   0   0   0   0   0  88  1.10 0.27
  171 E    -3  -2  -2   0  -6   0   7  -4  -2  -5  -5  -1  -4  -5  -3  -2  -3  -5  -4  -5    0   0   0   0   0   0 100   0   0   0   0   0   0   0   0   0   0   0   0   0  1.76 0.34
  172 L    -3  -4  -5  -5  -3  -4  -5  -5  -4   0   6  -4   2  -1  -5  -4  -3  -3  -3  -1    0   0   0   0   0   0   0   0   0   0  95   0   5   0   0   0   0   0   0   0  1.21 0.26
  173 A     6  -3  -3  -4  -2  -3  -3  -2  -3  -2  -3  -3  -1  -4  -3   0  -2  -4  -3   1   90   0   0   0   0   0   0   0   0   0   0   0   1   0   0   1   0   0   0   8  1.08 0.27
  174 Q    -2  -1  -2   0  -2   7   0  -4   3  -3  -1   0  -1  -3  -3  -1  -2  -4  -1  -3    0   1   0   4   1  68   1   0   9   1   6   2   1   0   0   1   0   0   2   1  0.98 0.26
  175 M    -2   0  -3  -3  -3   0  -3  -4  -3   2   2  -2   6  -2  -3  -2   1  -3  -2   0    2   4   0   0   0   4   0   0   0  15  18   2  39   0   0   2  11   0   0   2  0.50 0.17
  176 K    -3   1  -2  -2  -5   1   0  -3  -2  -5  -4   7  -3  -5  -3  -2  -2  -5  -4  -4    0   3   0   0   0   3   2   0   0   0   0  93   0   0   0   0   0   0   0   0  1.44 0.30
  177 V     0  -2  -3  -4  -2  -1  -3  -1  -3   2   1   0   1  -2  -3  -2  -1  -4  -2   4    9   2   0   0   0   3   0   4   0   7  16   6   2   0   0   1   1   0   0  49  0.32 0.12
  178 K    -1  -1   0   1  -4   4   3   1   0  -3  -3   0  -2  -4   2   0  -1  -4  -3  -3    4   1   3   8   0  26  24  12   1   1   0   4   0   0  10   4   2   0   0   1  0.44 0.12
  179 D    -2  -1   5   4  -1   0  -1  -2   2  -4  -4  -1  -3  -4  -2   1  -1  -5  -3  -4    0   1  40  28   2   3   0   0   7   0   0   1   0   0   1  14   2   0   0   0  0.75 0.18
  180 L    -3  -4  -5  -5  -3  -4  -5  -5  -4   0   6  -4   1   2  -5  -4  -3  -3  -2  -1    0   0   0   0   0   0   0   0   0   2  91   0   1   7   0   0   0   0   0   0  1.09 0.24
  181 S     3  -1  -1  -1  -1   0   1  -1   0  -2  -3  -1  -2  -3   0   2   1  -4  -3  -2   39   3   1   2   1   3   8   2   3   1   0   1   0   0   3  23   9   0   0   0  0.33 0.12
  182 N     1  -1   2   3  -2   0   0   0  -1  -2  -2  -1  -1  -2   1   1   1  -4  -3  -2   20   2  10  21   0   3   3   5   1   2   1   0   1   1   6  11  12   0   0   1  0.24 0.08
  183 Q    -1   0  -2  -3   7   2  -1  -2   1  -3  -2  -1  -2  -1  -3   0  -2  -2   3  -2    5   6   1   0  36  13   3   2   3   0   3   3   0   0   0   8   0   0  16   1  0.62 0.17
  184 K    -2   6   0  -3  -3   2  -1  -3   3  -4  -4   3  -3  -4  -3  -1  -2  -4  -3  -4    1  61   4   0   0   7   0   0   7   0   0  18   0   0   0   1   0   0   0   0  1.01 0.22
  185 I    -2  -4  -4  -5   2  -4  -4  -5  -5   5   0  -4   0  -1  -4  -3  -1  -4  -3   4    0   0   0   0   5   0   0   0   0  46   2   0   0   1   0   0   1   0   0  44  0.82 0.20
  186 A     4  -3  -2  -3   1  -2  -2  -2  -3  -2  -1  -2  -1  -3  -2   1   4  -4  -3   0   44   0   0   0   4   0   0   1   0   0   6   0   1   0   0   6  34   0   0   4  0.52 0.17
  187 I    -2  -5  -5  -5  -3  -4  -5  -5  -5   7   0  -4   0  -2  -4  -4  -2  -4  -3   3    1   0   0   0   0   0   0   0   0  81   0   0   0   0   0   0   0   0   0  18  1.19 0.26
  188 I    -2  -4  -4  -5  -2  -4  -4  -5  -4   4   3  -4   1  -1  -4  -3  -2  -4  -2   4    1   0   0   0   0   0   0   0   0  38  28   0   1   0   0   0   0   0   0  33  0.71 0.17
  189 G    -2  -4  -2  -3  -4  -4  -4   7  -4  -6  -6  -3  -5  -5  -4  -2  -3  -4  -5  -5    0   0   0   0   0   0   0 100   0   0   0   0   0   0   0   0   0   0   0   0  1.92 0.31
  190 A     6  -3  -3  -4  -2  -3  -3  -2  -4  -3  -3  -3  -3  -4  -3  -1  -2  -4  -4  -2  100   0   0   0   0   0   0   0   0   0   0   0   0   0   0   0   0   0   0   0  1.34 0.31
  191 G    -2  -4  -2  -3  -4  -4  -4   7  -4  -6  -6  -3  -5  -5  -4  -2  -3  -4  -5  -5    0   0   0   0   0   0   0 100   0   0   0   0   0   0   0   0   0   0   0   0  1.92 0.31
  192 K    -3   1   0  -2  -5   0  -1  -3  -2  -5  -4   7  -3  -5  -3  -2  -2  -5  -4  -4    0   3   3   0   0   1   0   0   0   0   0  93   0   0   0   0   1   0   0   0  1.43 0.30
  193 M    -3  -4  -5  -6  -4  -3  -4  -5  -4  -1   0  -4  10  -2  -5  -4  -3  -4  -3  -2    0   0   0   0   0   0   0   0   0   0   0   0 100   0   0   0   0   0   0   0  2.35 0.43
  194 S     3  -3  -1  -2  -1  -2  -2   0  -3  -4  -4  -2  -3  -4  -2   5   0  -4  -3  -3   30   0   0   0   1   0   0   6   0   0   0   0   0   0   0  64   0   0   0   0  0.82 0.23
  195 R    -3   7  -2  -3   2   1   0  -3  -1  -4  -4   1  -3  -5  -4  -2  -3  -4  -3  -3    0  83   0   0   5   3   3   1   0   0   0   3   0   0   0   0   0   0   0   1  1.37 0.28
  196 L    -3   0  -5  -5  -3  -4  -4  -5  -4   0   6  -4   1  -1  -5  -4  -3  -3  -3  -1    0   5   0   0   0   0   0   0   0   0  95   0   0   0   0   0   0   0   0   0  1.13 0.25
  197 L    -3  -4  -5  -5  -3  -4  -4  -5  -4   1   6  -4   1  -1  -4  -4  -3  -3  -3   1    0   0   0   0   0   0   0   0   0   1  89   0   0   0   0   0   0   0   0   9  1.07 0.24
  198 V    -2  -4  -5  -5  -2  -4  -4  -5  -5   2   1  -4  -1  -2  -4  -3  -2  -4  -3   6    0   0   0   0   0   0   0   0   0   4   8   0   0   0   0   0   0   0   0  89  1.14 0.26
  199 Q    -3   1  -2  -2  -5   7   0  -4  -2  -5  -4   3  -2  -5  -3  -2  -1  -4  -3  -4    0   6   0   0   0  70   0   0   0   0   0  21   0   0   0   0   3   0   0   0  1.26 0.29
  200 H    -4  -3  -2  -3  -5  -2  -2  -4  11  -6  -5  -3  -4  -4  -5  -3  -4  -5   0  -6    0   0   0   0   0   0   0   0 100   0   0   0   0   0   0   0   0   0   0   0  2.78 0.43
  201 L    -3  -4  -5  -5  -3  -4  -5  -5  -5   0   6  -4   1  -1  -5  -4  -3  -3  -3  -1    1   0   0   0   0   0   0   0   0   0  98   0   1   0   0   0   0   0   0   0  1.23 0.26
  202 V    -2  -3  -4  -5  -2  -2  -4  -5  -4   3   4  -3   1  -1  -4  -3  -2  -3  -2   2    2   0   0   0   0   1   0   0   0  26  58   1   0   0   0   0   0   0   0  11  0.66 0.16
  203 S     4  -3  -2  -2  -2  -2  -2  -2  -3  -3  -4  -2  -3  -4  -2   5  -1  -4  -3  -2   44   0   0   0   0   0   0   0   0   0   0   0   0   0   1  56   0   0   0   0  0.88 0.24
  204 K    -3   1  -2  -3  -5   0  -1  -4  -3  -5  -4   7  -3  -5  -3  -2  -3  -5  -4  -4    0   2   0   0   0   1   0   0   0   0   0  97   0   0   0   0   0   0   0   0  1.56 0.32
  205 G    -2   1   0  -1  -4  -3  -3   6  -3  -5  -5  -1  -4  -5  -4  -2  -3  -4  -5  -5    0   8   4   2   0   0   0  83   0   0   0   2   0   0   0   0   1   0   0   0  1.35 0.24
  206 A     5  -3  -3  -3  -1  -2  -3  -1  -3  -1  -2  -2  -2  -3  -1   0   0  -4  -3   2   74   0   0   0   1   0   0   2   0   1   0   0   0   0   1   2   3   0   0  15  0.74 0.21
  207 E     0   0   2   0   0   0   0  -1  -1  -1  -2   0  -1  -3  -2   1   3  -4  -2   0    3   6  12   2   2   4   5   3   1   1   1   6   0   0   0  11  33   0   0  10  0.25 0.10
  208 D    -2   1   2   2  -4   4   1  -1   2  -4  -4   2  -2  -4  -2   0  -1  -4  -2  -3    1   5  10  13   0  34   8   3   7   0   0  12   0   0   0   5   3   0   0   0  0.50 0.14
  209 I    -3  -5  -5  -5  -3  -5  -5  -6  -5   7   0  -5   0  -2  -5  -4  -2  -4  -3   2    0   0   0   0   0   0   0   0   0  92   3   0   1   0   0   0   0   0   0   4  1.37 0.28
  210 T     2  -2   0  -2   3  -1  -2  -2  -3  -1  -2  -1  -2  -3  -2   3   4  -4  -3  -1   17   1   3   0   8   0   1   0   0   2   0   2   0   0   0  25  36   0   0   4  0.45 0.15
  211 I    -3  -4  -5  -5  -3  -4  -5  -5  -5   6   2  -4   0  -2  -4  -4  -2  -4  -3   3    0   0   0   0   0   0   0   0   0  72  12   0   0   0   0   0   0   0   0  16  1.00 0.22
  212 V    -2  -4  -4  -5  -2  -4  -4  -5  -4   3   3  -4   0  -1  -4  -3  -2  -4  -2   5    0   0   0   0   0   0   0   0   0  13  30   0   0   1   0   0   0   0   0  56  0.73 0.18
  213 N    -4  -2   8  -1  -5  -2  -2  -2  -1  -5  -6  -2  -4  -5  -4  -1  -2  -6  -4  -5    0   0 100   0   0   0   0   0   0   0   0   0   0   0   0   0   0   0   0   0  2.03 0.37
  214 R    -3   8  -2  -4  -6  -1  -2  -4  -2  -5  -4   0  -3  -5  -4  -3  -3  -5  -4  -5    0 100   0   0   0   0   0   0   0   0   0   0   0   0   0   0   0   0   0   0  1.95 0.35
  215 S    -1  -3  -1  -2  -3  -2  -2  -2  -3  -4  -4  -2  -3  -4  -3   6   2  -5  -4  -3    0   0   0   0   0   0   0   0   0   0   0   0   0   0   0  90  10   0   0   0  1.24 0.30
  216 E    -1   0  -2  -3  -2   1  -1  -3   1   1   2  -1   2  -1  -1  -1   0  -3  -2   1    3   6   0   0   0  10   3   0   5  11  25   0  10   2   2   2   8   0   0  13  0.15 0.07
  217 R    -1   3   0   1  -4   2   3   0   0  -4  -3   2  -2  -4  -1   0  -1  -4  -3  -3    3  18   2   6   0   8  30   8   1   0   0  15   0   0   1   3   3   0   0   1  0.41 0.11
  218 G    -3   7  -2  -3  -5  -1  -2   1  -2  -5  -4   2  -3  -5  -4  -2  -3  -4  -4  -4    0  76   0   0   0   0   0  13   0   0   0   9   0   0   0   2   0   0   0   0  1.26 0.26
  219 A     6  -3  -3  -3  -2  -2  -3  -2  -3  -3  -3  -2  -2  -4  -3   1  -2  -4  -4  -2   92   0   0   0   0   0   0   0   0   0   0   0   0   0   0   8   0   0   0   0  1.15 0.28
  220 R    -1   0   0   1  -4   4   4  -3  -1  -4  -3   2  -1  -4  -2  -1  -2   0  -3  -3    4   3   4   6   0  28  37   0   0   0   2  13   1   0   0   0   1   1   0   0  0.63 0.17
  221 D    -1  -1  -1   3  -5   2   5  -3  -2  -4  -3   1  -3  -3  -3  -1  -2  -4  -3  -3    4   0   1  14   0   8  60   1   0   0   3   6   0   1   0   2   0   0   0   1  0.80 0.19
  222 L    -3  -4  -5  -5  -3  -4  -5  -5  -4   0   6  -4   3  -1  -5  -4  -3  -3  -3  -1    0   0   0   0   0   0   0   0   0   0  94   0   5   1   0   0   0   0   0   0  1.17 0.25
  223 A     5  -3  -3  -3   0  -2  -2  -2  -3  -1  -2  -1  -1  -3  -3   0  -1  -4  -3   1   80   0   0   0   2   0   0   0   0   2   2   2   1   0   0   1   1   0   0   9  0.80 0.22
  224 K     1   1   2   1  -3   2   1   0  -1  -3  -3   3  -2  -4  -2   1  -1  -4  -3  -2   13   5  16   5   0  11   6   7   1   0   0  22   0   0   0  12   0   0   0   1  0.31 0.09
  225 K    -2   0  -1   0  -4   6   2  -3   0  -4  -1   2  -1  -4  -3  -1  -2  -4  -3  -3    1   1   0   3   0  59  10   0   2   0   7  14   1   0   0   1   0   0   0   0  0.85 0.22
  226 F    -4  -5  -5  -6  -4  -5  -5  -5  -3  -2  -1  -5  -1   9  -6  -4  -4  -1   3  -3    0   0   0   0   0   0   0   0   0   0   0   0   1  95   0   0   0   0   4   0  2.02 0.34
  227 P     0  -1  -1  -2  -2   0   0  -1  -2  -3  -3   2  -3  -3   6   2  -1  -4  -3  -3    4   1   2   0   0   4   5   4   0   0   1  15   0   1  41  18   2   0   0   0  0.77 0.14
  228 D    -2  -2   2   5  -4   2   3   1   1  -4  -4   0  -3  -4  -2  -1  -2  -4  -3  -4    2   0   8  36   0  10  26  10   3   0   1   3   0   0   0   1   1   0   0   0  0.63 0.15
  229 V     4  -2  -2  -3  -1   1  -2  -1   0   0   0  -2  -1  -2  -2   0   0  -3  -2   2   50   0   0   0   1   7   1   1   3   5   9   0   0   0   0   2   5   0   1  16  0.32 0.13
  230 D    -1  -1   3   2  -3   2   2  -1  -1  -3  -3   0  -1  -4   3   1   1  -4  -3  -3    2   1  16  14   0  13  14   2   1   0   0   3   2   0  13   9   9   0   0   0  0.39 0.10
  231 L    -3  -4  -5  -5  -3  -4  -4  -5  -4   4   4  -4   1   2  -4  -4  -2  -3  -2   1    0   0   0   0   0   0   0   0   0  32  52   0   2   9   0   0   0   0   0   5  0.70 0.17
  232 Q    -1   1   0   0  -4   5   1  -2   2  -3  -3   2  -2  -3  -1  -1   0  -4  -2  -2    3   6   4   5   0  39   4   2   7   1   0  17   0   1   2   2   5   0   0   2  0.47 0.15
  233 L    -2  -3  -4  -4   3  -3  -4  -4  -4   3   3  -3   1  -1  -4  -2   1  -3   0   2    0   0   0   0   7   0   0   0   0  18  41   0   1   0   0   0  12   0   3  17  0.45 0.13
  234 E    -1   1  -1  -2   2   1   0   1   6  -3  -2  -1  -2   0  -3  -2  -2  -2   4  -2    5  10   0   1   5   8   4  11  29   0   2   1   0   2   0   0   1   0  22   1  0.50 0.15
  235 L    -1  -3  -2  -3  -3  -2  -2  -2  -2  -2   1  -2  -2  -3   6   1   2  -4  -3  -2    2   0   1   0   0   0   1   1   1   0  20   0   0   0  41  13  19   0   0   1  0.78 0.17
  236 L    -3  -4  -5  -5  -3  -3  -4  -5  -4   2   5  -4   3   1  -4  -3  -2   1  -1   0    0   0   0   0   0   0   0   0   0   7  75   0   9   6   0   0   0   2   1   1  0.84 0.20
  237 P     1  -2   0   3  -3   0   2  -1  -2  -3  -3  -1  -3  -4   2   3   1  -4  -3  -2   11   0   2  19   0   2  17   3   0   1   0   0   0   0   8  30   7   0   0   0  0.40 0.12
  238 E     0  -1   1   4  -4   2   5  -2  -1  -3  -4   0  -3  -4  -3  -1  -2  -4  -3  -3    6   1   6  21   0   6  51   2   1   1   0   1   0   0   0   2   1   0   0   0  0.73 0.18
  239 M    -3  -4  -4  -5  -3  -3  -4  -5  -4   0   3  -4   9  -1  -5  -4  -2  -3  -3  -1    0   0   0   0   0   0   0   0   0   0  26   0  72   1   0   0   1   0   0   0  1.49 0.32
  240 L    -2  -3  -2  -1  -1  -1  -1  -2  -3   1   2  -2   7   0  -3  -2  -1  -3  -1   0    1   0   1   5   1   1   4   2   0   5  18   1  49   4   1   0   2   0   1   3  0.59 0.19
  241 N     0   0   2   1  -3   2   2  -2  -1  -3  -2   0  -2  -3   1   2   2  -4  -3  -2    9   3  10   5   0  12  14   1   1   0   2   2   0   0   8  20  13   0   0   1  0.29 0.09
  242 V     2  -1  -3  -3   3  -2  -2  -3   0   2  -1  -2  -1  -2  -3  -1   0  -3  -1   4   22   3   0   0   7   1   1   0   3   9   2   0   0   0   0   1   6   0   2  44  0.33 0.13
  243 V    -2  -4  -4  -5  -2  -4  -4  -5  -4   5   2  -4   1  -2  -4  -3  -2  -4  -3   4    0   0   0   0   0   0   0   0   0  44  14   0   1   0   0   0   0   0   0  39  0.77 0.18
  244 E     4  -1  -1  -2   0   0   0   0  -2  -2  -2  -1  -2  -3   0   2   0  -4  -3  -1   52   2   2   0   2   3   6   6   0   0   1   1   0   0   4  12   6   0   0   4  0.38 0.13
  245 Q     2   0   1   1   0   2   2  -1   0  -2  -2   0  -1  -3  -2   0   0  -3  -2  -1   22   2   8   8   2  11  19   2   2   1   1   6   1   0   0   4   7   0   0   4  0.22 0.08
  246 A     2  -3  -1  -2   3  -2  -2  -2  -3  -4  -4  -2  -2  -4  -3   6   0  -4  -3  -3   14   0   0   0   6   0   0   1   0   0   0   0   1   0   0  77   0   0   1   0  0.94 0.26
  247 D    -3  -3   1   7  -5  -2   0  -3   2  -5  -5  -2  -5  -5  -3  -1  -2  -6  -4  -5    0   0   2  86   0   0   2   0   5   0   0   0   0   0   0   3   1   0   0   0  1.57 0.29
  248 I    -2  -4  -5  -5  -2  -4  -4  -5  -4   4   4  -4   2  -1  -4  -4  -2  -3  -2   2    0   0   0   0   0   0   0   0   0  32  50   0   3   0   0   0   0   0   0  15  0.72 0.17
  249 V    -1  -4  -4  -5  -2  -4  -4  -5  -5   2   0  -4   0  -2  -4  -3  -1  -4  -3   6    4   0   0   0   0   0   0   0   0   8   1   0   0   0   0   0   2   0   0  85  1.03 0.25
  250 F    -4  -5  -5  -6  -5  -5  -5  -5  -3  -2  -2  -5  -2   9  -6  -5  -4  -1   1  -3    0   0   0   0   0   0   0   0   0   0   0   0   0 100   0   0   0   0   0   0  2.18 0.36
  251 T    -2  -3  -2  -3  -3  -3  -3  -4  -4  -3  -3  -3  -3  -4  -3   0   7  -5  -4  -2    1   0   0   0   0   0   0   0   0   0   0   0   0   0   0   0  98   0   0   1  1.58 0.34
  252 S     0  -3  -1  -2   5  -2  -2   1  -3  -4  -4  -2  -3  -4  -3   6  -1  -4  -4  -3    2   0   0   0  14   0   0   8   0   0   0   0   0   0   0  76   0   0   0   0  1.01 0.26
  253 T    -2  -3  -2  -3  -3  -3  -3  -4  -4  -3  -3  -3  -3  -4  -3   0   7  -5  -4  -2    1   0   0   0   0   0   0   0   0   0   0   0   0   0   0   0  99   0   0   0  1.62 0.35
  254 G     4  -3  -2  -2  -2  -2  -2   3  -3  -3  -4  -2  -3  -3  -2   3  -1  -4  -3  -3   39   0   0   0   0   0   0  27   0   0   0   0   0   1   0  33   1   0   0   0  0.67 0.18
  255 A     5  -3  -2  -3  -2  -2  -2  -1  -3  -3  -3  -2  -3  -4  -2   3  -1  -4  -3  -2   76   0   0   0   0   0   0   0   0   0   0   0   0   0   0  24   0   0   0   0  0.97 0.25
  256 T    -2  -3  -1   0  -3   0  -1  -3  -3  -2  -3  -2  -1  -4  -1   1   6  -4  -3   0    0   0   1   4   0   3   3   0   0   1   0   0   1   0   2   6  74   0   0   4  0.88 0.24
  257 E    -3  -2  -1   2  -5   3   6  -4  -2  -5  -5  -1  -4  -5  -3  -2  -2  -5  -4  -3    0   0   1  12   0  12  75   0   0   0   0   0   0   0   0   0   0   0   0   1  1.21 0.26
  258 P    -3  -4  -4  -4  -5  -3  -3  -4  -4  -2  -4  -3  -4  -5   8  -3  -2  -6  -5  -2    0   0   0   0   0   0   0   0   0   2   1   0   0   0  94   0   1   0   0   2  2.52 0.35
  259 I    -3  -4  -5  -5  -3  -4  -5  -5  -5   5   4  -4   0  -1  -4  -4  -2  -4  -3   1    0   0   0   0   0   0   0   0   0  58  39   0   0   1   0   0   0   0   0   2  0.91 0.21
  260 L    -3  -4  -5  -5  -3  -4  -4  -5  -4   3   5  -4   1  -1  -4  -4  -2  -3  -3   1    0   0   0   0   0   0   0   0   0  17  79   0   0   0   0   0   0   0   0   4  0.95 0.21
  261 D    -3  -2   3   6  -2  -1   0  -2   4  -4  -4  -2  -4  -4  -3  -1   1  -5  -2  -4    0   0  19  50   1   0   1   1  12   0   0   0   0   0   0   2  11   0   1   0  0.84 0.19
  262 R    -1   6  -2  -3  -2   0  -1  -3  -1  -4  -3   3  -3  -4  -1  -2  -2  -4   0  -3    5  64   0   0   1   2   0   0   1   0   1  19   0   0   2   0   0   0   4   1  0.96 0.22
  263 A     4  -2  -1   1  -1   1   2  -1  -2  -2  -3  -1  -2  -4  -1   1   0  -4  -3  -1   48   0   1  10   1   5  14   2   0   0   0   1   0   0   1   9   3   0   0   4  0.37 0.13
  264 K    -2   1   4  -1  -1   1  -1  -3   0  -3  -2   5  -2  -4  -2  -1  -1  -4  -3  -3    0   6  22   2   1   3   0   0   2   1   3  54   1   0   0   1   1   0   0   1  0.64 0.18
  265 L    -3  -4  -5  -5  -3  -4  -5  -5  -5   1   6  -4   1  -1  -5  -4  -3  -3  -3   0    0   0   0   0   0   0   0   0   0   3  95   0   1   0   0   0   0   0   0   2  1.17 0.25
  266 E     0  -1   0   1  -3   2   6  -2  -2  -4  -4   0  -2  -4  -2   0   0  -4  -3  -3    7   2   3   3   0   7  64   1   0   0   0   2   0   0   0   7   5   0   0   0  0.79 0.20
  267 N     2  -2   0  -1  -2   0  -1   0  -1  -2  -2  -1   2  -3   4   1   1  -4  -3  -1   25   0   5   2   0   4   1   5   1   1   1   0   8   0  20  10  12   0   0   2  0.33 0.10
  268 L     0  -3  -3  -2   1  -3  -3  -3  -3   3   2  -3   0  -1  -2  -1   0  -3  -2   3   10   0   0   2   3   0   1   1   0  18  18   0   1   1   1   2   5   0   1  37  0.32 0.11
  269 D     1  -1   1   0  -2  -1   0  -1  -2  -3  -2   0  -3  -4   6   0   0  -4  -3  -2   11   3   9   3   1   1   5   4   0   1   3   4   0   0  43   6   3   0   0   2  0.72 0.14
  270 L    -1   0   4   3  -2   0   1   0   3  -3  -2   0  -2  -3  -2   0   0  -4  -2  -3    1   6  25  19   1   3   9   7  11   0   4   3   0   0   1   7   3   0   0   0  0.34 0.10
  271 H    -2   4   0  -1  -2   5   0  -2   4  -4  -3   1  -2  -4  -1  -1  -2  -4  -2  -4    0  33   3   1   1  34   2   2  14   0   1   4   0   0   3   2   0   0   0   0  0.71 0.19
  272 T     0   0  -1  -1  -2   0  -1   1  -1  -3  -3   0  -3  -3   5   3   0  -4  -3  -3    6   5   1   2   0   5   2   9   2   0   2   3   0   1  27  33   2   0   0   0  0.52 0.13
  273 L    -3  -4  -5  -5  -2  -3  -4  -5  -4   1   6  -4   1  -1  -4  -4  -3  -3  -3   0    0   0   0   0   1   0   0   0   0   5  89   0   2   0   0   0   0   0   0   3  1.05 0.23
  274 I    -2  -1  -4  -5  -3  -2  -4  -4  -4   0   1  -2   9  -2  -4  -1  -1  -4  -3  -1    2   3   0   0   0   1   0   0   0   2   4   1  80   0   0   5   2   0   0   0  1.48 0.33
  275 L    -3  -4  -5  -5   0  -4  -4  -5  -4   2   5  -4   1   0  -4  -4  -2  -3  -2   1    0   0   0   0   2   0   0   0   0  12  78   0   1   1   0   0   0   0   0   6  0.87 0.20
  276 I    -3  -4  -5  -5  -2  -4  -5  -5  -3   3   0  -4  -1   6  -5  -4  -3  -2   0   3    0   0   0   0   1   0   0   0   0  21   1   0   0  52   0   0   0   0   0  25  0.94 0.21
  277 D    -4  -4  -1   8  -6  -2   0  -3  -3  -5  -6  -3  -5  -6  -4  -2  -3  -6  -5  -5    0   0   0 100   0   0   0   0   0   0   0   0   0   0   0   0   0   0   0   0  2.05 0.34
  278 I    -3  -5  -5  -5  -3  -5  -5  -6  -5   7   0  -5  -1  -2  -5  -4  -3  -5  -3   1    0   0   0   0   0   0   0   0   0 100   0   0   0   0   0   0   0   0   0   0  1.57 0.32
  279 S     2  -3  -1  -2  -2  -2  -2  -1  -3  -4  -4  -2  -3  -4  -2   6   0  -4  -3  -3   18   0   0   0   0   0   0   3   0   0   0   0   0   0   0  79   0   0   0   0  1.01 0.27
  280 V    -2  -4  -5  -5  -3  -4  -4  -5  -5   1  -1  -4  -1  -3  -4  -4  -2  -5  -3   7    0   0   0   0   0   0   0   0   0   0   0   0   0   0   0   0   0   0   0 100  1.41 0.31
  281 P    -3  -4  -4  -4  -5  -3  -3  -4  -4  -5  -5  -3  -5  -6   9  -3  -3  -6  -5  -5    0   0   0   0   0   0   0   0   0   0   0   0   0   0 100   0   0   0   0   0  2.85 0.38
  282 L    -3   8  -2  -4  -5  -1  -2  -4  -2  -4   0   0  -3  -4  -4  -3  -3  -5  -4  -4    0  91   0   0   0   0   0   0   0   0   9   0   0   0   0   0   0   0   0   0  1.59 0.31
  283 N    -4  -2   8  -1  -5  -2  -2  -2  -1  -5  -6  -2  -4  -5  -4  -1  -2  -6  -4  -5    0   0 100   0   0   0   0   0   0   0   0   0   0   0   0   0   0   0   0   0  2.03 0.37
  284 V    -2  -4  -5  -5  -2  -4  -4  -5  -5   3  -1  -4  -1  -2  -4  -3  -2  -5  -3   6    0   0   0   0   0   0   0   0   0  19   0   0   0   0   0   0   0   0   0  81  1.12 0.25
  285 A     3  -2   0   4  -3  -1  -1  -2   7  -4  -4  -2  -3  -4  -3   0  -2  -4  -2  -3   28   0   3  28   0   0   0   1  34   0   0   0   0   0   0   5   0   0   0   0  0.78 0.20
  286 A     4  -2  -1  -2  -2  -1  -1   0  -2  -3  -3  -1  -2  -4   1   3   1  -4  -3  -1   53   1   1   0   0   0   1   3   1   0   0   2   0   0   7  22   7   0   0   3  0.51 0.16
  287 D    -3  -3   4   7  -5  -2   0  -2  -2  -5  -5  -2  -5  -5  -3  -1  -2  -6  -5  -5    1   0  21  74   0   0   2   1   0   0   0   0   0   0   0   1   0   0   0   0  1.41 0.26
  288 V     1  -4  -4  -5  -2  -4  -4  -4  -5   2  -1  -4  -1  -3  -4  -3  -1  -5  -3   6    9   0   0   0   0   0   0   0   0   5   0   0   0   0   0   0   1   0   0  85  1.03 0.25
  289 E    -1  -1   5   1  -3   0   1  -1   0  -3  -4   1  -2  -4  -3   1   1  -4  -3  -3    5   0  44   3   0   2  10   3   2   1   0  10   1   0   0  10   7   0   0   1  0.52 0.15
  290 E    -2  -2   0   3  -4   2   6  -1  -2  -5  -4   0  -3  -5  -3  -1  -1  -4  -4  -4    1   0   3  12   0   5  68   5   0   0   0   2   0   0   0   0   3   0   0   0  0.96 0.22
  291 I    -3  -4  -5  -5  -3  -3  -4  -5  -4   2   5  -4   3   0  -4  -4  -2  -3  -2   1    0   0   0   0   0   0   0   0   0   8  78   0   6   1   0   0   0   0   0   6  0.89 0.20
  292 A     1  -1  -1   3  -3  -1   3  -1  -2  -3  -3   0  -3  -4   4   1   0  -4  -3  -2   15   1   1  18   0   0  23   2   0   0   2   2   0   0  20   9   6   0   0   1  0.46 0.12
  293 G    -1  -1   5   0  -1   2  -1   1   4  -3  -3  -1  -1  -1  -3   0   0  -2  -1  -3    2   1  39   2   1  11   1  12  14   1   1   2   1   3   0   3   4   0   1   0  0.47 0.14
  294 V    -2  -4  -4  -5  -2  -4  -4  -5  -5   3   0  -4  -1  -2  -4  -3  -1  -4  -3   6    0   0   0   0   0   0   0   0   0  17   2   0   0   0   0   0   3   0   0  78  1.02 0.24
  295 R    -2   2   0  -1  -4   5   2  -3   4  -3  -3   2  -1  -1  -3  -1  -2  -1  -2  -3    1  13   2   2   0  41   9   0  11   1   0  14   1   3   0   1   0   1   0   1  0.63 0.17
  296 L     4  -3  -2  -3   3  -2  -2  -2  -3  -1   0  -2  -1  -3  -2   2   0  -4  -3   1   46   0   1   0   6   0   0   0   0   0  12   0   0   0   0  16   2   0   0  15  0.37 0.14
  297 Y    -4  -4  -4  -5  -4  -4  -5  -5   0  -2  -2  -4  -2   8  -5  -4  -4   0   6  -3    0   0   0   0   0   0   0   0   2   0   0   0   0  68   0   0   0   0  30   0  1.66 0.29
  298 N    -4  -2   8   1  -5  -2  -2  -2  -1  -5  -5  -2  -4  -5  -4  -1  -1  -6  -4  -5    0   0  95   3   0   0   0   0   0   0   0   0   0   0   0   0   2   0   0   0  1.84 0.34
  299 V    -2  -4  -5  -5  -3  -4  -4  -5  -5   1  -1  -4  -1  -3  -4  -4  -2  -5  -3   7    0   0   0   0   0   0   0   0   0   0   0   0   0   0   0   0   0   0   0 100  1.41 0.31
  300 D    -4  -4  -1   8  -6  -2   0  -3  -3  -5  -6  -3  -5  -6  -4  -2  -3  -6  -5  -5    0   0   0 100   0   0   0   0   0   0   0   0   0   0   0   0   0   0   0   0  2.05 0.34
  301 A    -2  -3  -1   8  -5  -2   0  -3   2  -5  -6  -3  -5  -5  -3  -2  -3  -6  -5  -5    2   0   0  93   0   0   0   0   5   0   0   0   0   0   0   0   0   0   0   0  1.79 0.32
  302 L    -3  -4  -5  -6  -3  -4  -5  -6  -5   0   6  -4   1  -1  -5  -4  -3  -3  -3  -1    0   0   0   0   0   0   0   0   0   0 100   0   0   0   0   0   0   0   0   0  1.29 0.27
  303 K    -2   1  -2  -2  -5   2   0  -3  -2  -5  -4   7  -3  -5  -3  -1  -2  -5  -4  -4    0   1   0   0   0   9   4   0   0   0   0  84   0   0   0   3   0   0   0   0  1.22 0.27
  304 E     5  -2  -3  -2  -2   0   1  -2  -3  -2  -2  -2  -2  -4  -2   0   0  -4  -3  -1   71   1   0   0   0   5  10   0   0   2   1   0   0   0   0   2   4   0   0   3  0.65 0.20
  305 V    -2  -4  -5  -5  -3  -4  -4  -5  -5   2   0  -4  -1  -3  -4  -3  -2  -5  -3   7    0   0   0   0   0   0   0   0   0   4   1   0   0   0   0   0   0   0   0  95  1.29 0.29
  306 V    -2  -4  -5  -5  -3  -4  -4  -5  -5   1  -1  -4  -1  -3  -4  -4  -2  -5  -3   7    0   0   0   0   0   0   0   0   0   0   0   0   0   0   0   0   0   0   0 100  1.41 0.31
  307 A     6  -3  -2  -3  -2  -2   0  -2  -3  -3  -2  -2  -2  -4  -2   0  -1  -4  -1  -1   80   0   1   0   0   0   8   0   0   0   2   0   0   0   0   4   2   0   2   1  0.82 0.23
  308 Q    -1   1  -1  -2  -5   7   2  -3   0  -5  -4   1  -2  -5  -3  -1  -2  -4  -2  -4    5   4   1   0   0  70  11   1   2   0   0   5   0   0   0   1   0   0   1   0  1.11 0.26
  309 N    -4  -2   8  -1  -5  -2  -2  -2  -1  -5  -6  -2  -4  -5  -4  -1  -2  -6  -4  -5    0   0 100   0   0   0   0   0   0   0   0   0   0   0   0   0   0   0   0   0  2.03 0.37
  310 Q    -2   1  -2  -2  -4   7   0  -4   5  -4  -4   0  -2  -2  -3  -1   0  -3   1  -4    1   6   0   0   0  64   0   0  14   0   0   2   0   2   0   1   5   0   5   0  1.05 0.26
  311 A     2  -2  -2   0  -4   1   6  -3  -2  -4  -4  -1  -3  -5  -3  -1  -2  -5  -4  -3   20   0   0   1   0   3  75   0   0   0   0   0   0   0   0   1   0   0   0   0  1.09 0.26
  312 S     1  -1   1  -2  -2   0  -2  -2  -1  -3  -4  -2  -3  -2  -2   5   2  -3   1  -3    6   1   5   0   0   4   0   0   1   0   0   0   0   1   0  66  10   0   5   0  0.67 0.21
  313 R    -3   8  -2  -4  -6  -1  -2  -4  -2  -5  -4   0  -3  -5  -4  -3  -3  -5  -4  -5    0 100   0   0   0   0   0   0   0   0   0   0   0   0   0   0   0   0   0   0  1.95 0.35
  314 R    -3   7  -2  -3  -5   2  -2  -4  -1  -5  -3   1  -3  -5  -4  -2  -3  -5  -3  -4    0  85   0   0   0  10   0   0   0   0   1   4   0   0   0   0   0   0   0   0  1.52 0.29
  315 K    -1   1  -2  -2  -4   6   1  -3  -2  -4  -2   4  -2  -4  -3  -2  -2  -4  -3  -3    5   6   0   0   0  52   3   0   0   0   5  31   0   0   0   0   0   0   0   0  0.89 0.23
  316 M    -2  -4  -4  -5  -3  -3  -4  -5  -4   2   1  -4   9  -2  -5  -4  -3  -4  -3   0    1   0   0   0   0   0   0   0   0   9   6   0  80   0   0   0   0   0   0   4  1.59 0.34
  317 A     6  -3  -3  -4  -2  -3  -3  -1  -3  -2  -3  -2  -1  -4  -3   0  -2  -4  -3   0   89   0   0   0   0   0   0   2   0   0   0   0   1   0   0   1   0   0   0   7  1.05 0.26
  318 E    -2   2  -2  -3  -3   4   0  -4  -2   0   1   0   5  -2  -3  -2  -1  -3  -3  -1    2  10   0   0   0  32   4   0   0   4  15   4  27   0   0   0   2   0   0   0  0.51 0.18
  319 E    -1  -1  -2   0  -5   2   6  -4  -2  -5  -4   1  -3  -5  -3  -1  -2  -5  -4  -3    3   1   0   0   0   9  80   0   0   0   0   5   0   0   0   1   0   0   0   2  1.21 0.26
  320 A     6  -3  -3  -4   2  -3  -3  -1  -3  -3  -3  -3  -3  -4  -3  -1  -2  -4  -4  -1   93   0   0   0   4   0   0   1   0   0   0   0   0   0   0   0   0   0   0   3  1.16 0.28
  321 E    -2  -2  -2   0  -5   2   7  -4  -2  -5  -5  -1  -3  -5  -3  -2  -3  -5  -4  -4    1   0   0   0   0   9  89   0   0   0   0   0   1   0   0   0   0   0   0   1  1.48 0.30
  322 A     2   0  -1  -1  -2  -1   0   2  -2   0  -1   0  -1  -3  -2   0   0  -3  -2   1   25   4   2   1   0   2   5  21   0   6   4   5   1   0   1   4   3   0   0  16  0.15 0.07
  323 L    -3  -4  -5  -5  -3  -4  -4  -5  -4   3   5  -4   2   0  -3  -4  -2  -3  -2   0    0   0   0   0   0   0   0   0   0  20  74   0   3   2   1   0   0   0   0   0  0.89 0.20
  324 L    -3  -4  -5  -5  -3  -4  -5  -5  -4   2   6  -4   1  -1  -5  -4  -3  -3  -3   0    0   0   0   0   0   0   0   0   0  10  89   0   0   0   0   0   0   0   0   1  1.09 0.24
  325 E    -3  -2  -1   3  -5   1   6  -4  -1  -5  -3  -1  -3  -5  -3  -2  -2  -4  -2  -4    0   0   0  17   0   4  73   0   1   0   2   0   0   0   0   0   2   0   1   0  1.13 0.25
  326 E    -1  -1  -1   0  -5   4   6  -2  -2  -5  -4   0  -3  -5  -3  -1  -2  -4  -4  -4    3   0   0   2   0  17  75   1   0   0   0   1   0   0   0   1   0   0   0   0  1.19 0.26
  327 E    -2  -2  -2   0   1   1   7  -4   0  -5  -5  -1  -4  -5  -3  -1  -3  -5  -4  -4    1   0   0   1   4   4  88   0   1   0   0   0   0   0   0   1   0   0   0   0  1.38 0.29
  328 V     0  -4  -4  -4   0  -3  -4  -4  -4   2   2  -3   1  -1  -4  -2  -1  -4  -2   5    5   0   0   0   2   0   0   0   0   7  23   0   3   1   0   1   1   0   0  58  0.60 0.17
  329 E     1  -1   0   3  -3   1   5  -2  -2  -2  -2   0  -2  -3  -2  -1  -1  -4  -3  -3   15   2   2  15   0   3  49   1   0   4   3   3   0   0   0   1   2   0   0   0  0.54 0.15
  330 N     4  -2   0  -1  -2   1   1   0  -2  -3  -3  -1  -2  -4  -2   1   1  -4  -3  -2   56   0   6   1   0   6  10   4   0   0   1   0   0   0   0   9   7   0   0   1  0.46 0.15
  331 Y    -4  -5  -5  -6  -4  -5  -5  -5  -3  -2  -2  -5  -2   8  -6  -4  -4  -1   3  -3    0   0   0   0   0   0   0   0   0   0   0   0   0  93   0   0   0   0   7   0  2.00 0.33
  332 I    -2  -2   0   4   0   0   3  -3  -1   0   0  -1   2  -3  -3  -1  -1  -4  -1  -2    1   1   4  32   2   2  27   0   1   5  11   0   9   0   0   2   1   0   2   1  0.40 0.13
  333 Q     0  -2  -1   1  -2  -1   0  -3  -3   2   1  -1   0  -1  -3   0   0  -3  -2   3    7   0   2  10   0   1   5   0   0  11  18   2   1   1   0   7   4   0   0  29  0.15 0.07
  334 W    -5  -5  -7  -7  -5  -5  -6  -5  -5  -5  -4  -6  -4  -2  -6  -6  -5  13   0  -6    0   0   0   0   0   0   0   0   0   0   0   0   0   0   0   0   0 100   0   0  4.19 0.51
  335 W    -4  -3  -6  -6   0  -3  -5  -5   0  -4   0  -5  -3   0  -6  -5  -4  12   0  -4    1   2   0   0   2   1   0   0   2   0   8   0   0   2   0   0   0  80   0   1  2.94 0.40
  336 Q    -2   7  -1  -1  -5   2  -1  -2   1  -5  -4   1  -3  -4  -4  -1  -3  -4  -3  -4    2  75   1   3   0  11   0   2   4   0   0   1   0   0   0   2   0   0   0   0  1.18 0.25
  337 S     0  -3  -1  -2  -3  -2  -2  -1  -3  -4  -4  -2  -3  -4  -3   6   0  -5  -4  -4    1   0   1   0   0   0   0   3   0   0   1   0   0   0   0  94   0   0   0   0  1.27 0.31
  338 L    -3  -2  -5  -5  -3  -2  -4  -5  -4   0   6  -4   1  -1  -5  -4  -3  -3  -3  -1    0   3   0   0   0   2   0   0   0   1  94   0   0   0   0   0   0   0   0   0  1.12 0.25
  339 E    -1  -2  -2   3  -5   0   6  -4  -1  -5  -5  -1  -4  -5  -3  -2  -3  -5  -4  -4    4   0   0  16   0   0  79   0   1   0   0   0   0   0   0   0   0   0   0   0  1.29 0.27
  340 T     1  -3  -2  -3  -3  -2  -3  -3  -4  -2  -3  -2  -2  -4  -3   0   7  -4  -3  -2   13   0   0   0   0   0   0   0   0   1   0   0   0   0   0   2  84   0   0   0  1.21 0.29
  341 V    -2  -4  -5  -5  -3  -4  -4  -5  -5   3   0  -4  -1  -1  -4  -3  -2  -4  -3   6    0   0   0   0   0   0   0   0   0  11   1   0   0   1   0   0   0   0   0  87  1.14 0.26
  342 P    -1  -3  -2  -3  -4  -3  -2  -3  -3  -4  -4  -2  -4  -3   7   3   0  -5  -4  -3    1   0   1   0   0   0   0   0   0   0   0   0   0   1  66  25   5   0   0   1  1.58 0.26
  343 T    -2  -3  -2  -3  -3  -3  -3  -4  -4   0  -3  -3  -2  -4  -3   0   7  -4  -4  -1    0   0   0   0   0   0   0   0   0   5   0   0   0   0   0   0  94   0   0   1  1.42 0.32
  344 I    -3  -5  -5  -5  -3  -5  -5  -6  -5   7   0  -5   1  -2  -5  -4  -2  -4  -3   1    0   0   0   0   0   0   0   0   0  97   1   0   2   0   0   0   0   0   0   0  1.46 0.30
  345 S    -1  -1   4  -1  -3  -2  -2  -2  -2  -4  -4  -1  -3  -4  -3   5   0  -5  -3  -3    0   3  24   0   0   0   0   0   0   0   0   1   0   0   0  71   0   0   0   1  0.95 0.25
  346 S    -1  -2  -2  -3   8   0  -2  -3  -3  -3  -3   1  -2  -4  -3   4  -1  -4  -4  -3    0   2   0   0  43   5   0   0   0   0   0   8   1   0   0  41   0   0   0   0  1.06 0.24
  347 L    -3  -4  -5  -5  -3  -4  -5  -5  -5   0   6  -4   1  -1  -5  -4  -3  -3  -3  -1    0   0   0   0   0   0   0   0   0   0 100   0   0   0   0   0   0   0   0   0  1.27 0.27
  348 R    -3   8  -2  -4  -6   0  -2  -4  -2  -5  -4   0  -3  -5  -4  -3  -3  -2  -4  -5    0  98   0   0   0   1   0   0   0   0   0   0   0   0   0   0   0   1   0   0  1.84 0.33
  349 S    -1  -1   3   3  -3   2   2  -2   1  -4  -4   0  -3  -4  -2   2   1  -4  -3  -3    1   2  15  21   0  12  16   0   3   0   0   4   0   0   0  18   8   0   0   0  0.44 0.12
  350 K    -2   0  -2  -3  -5   0  -1  -3  -3  -5  -4   7  -3  -5  -3  -1  -2  -5  -4  -4    0   0   0   0   0   0   0   0   0   0   0  97   0   0   0   3   0   0   0   0  1.51 0.31
  351 V     0  -4  -4  -4  -2  -3  -4  -4  -4   4   0  -3   3  -2  -4  -3  -1  -4  -3   5    7   0   0   0   0   0   0   0   0  27   2   0  11   0   0   0   0   0   0  54  0.71 0.18
  352 E    -3  -2  -2   0  -6   0   7  -4  -2  -5  -5  -1  -4  -5  -3  -2  -3  -5  -4  -5    0   0   0   1   0   0  99   0   0   0   0   0   0   0   0   0   0   0   0   0  1.72 0.33
  353 S     1  -2   0   0  -2  -1  -1   1  -2  -1  -1  -1  -1  -3  -2   2   4  -4  -3  -1    8   0   4   4   0   1   1   9   0   3   4   2   0   0   0  17  46   0   0   2  0.38 0.13
  354 I    -3  -5  -5  -5  -3  -5  -5  -6  -5   7   0  -5   0  -2  -5  -4  -2  -4  -3   1    0   0   0   0   0   0   0   0   0 100   0   0   0   0   0   0   0   0   0   0  1.48 0.29
  355 R    -3   8  -2  -4  -5  -1  -2  -3  -2  -5  -4   0  -3  -5  -4  -3  -3  -5  -4  -4    0  99   0   0   0   0   0   1   0   0   0   0   0   0   0   0   0   0   0   0  1.81 0.32
  356 E     0  -2  -1   0  -4   0   6  -3  -2  -2  -3  -1  -2  -4  -3  -1   1  -4  -3  -1    7   0   1   0   0   0  73   0   0   3   0   1   1   0   0   2   8   0   0   4  0.87 0.21
  357 Q    -3   0  -2  -2  -5   8   2  -4  -1  -5  -4   0  -2  -5  -3  -2  -3  -4  -3  -4    0   1   0   0   0  91   6   0   0   0   0   2   0   0   0   0   0   0   0   0  1.67 0.33
  358 E    -3  -2  -2   0  -6   0   7  -4  -2  -5  -5  -1  -4  -5  -3  -2  -3  -5  -4  -4    0   0   0   0   0   0 100   0   0   0   0   0   0   0   0   0   0   0   0   0  1.69 0.32
  359 L    -3  -4  -5  -5  -3  -3  -4  -5  -4   0   5  -4   4   0  -4  -4  -3  -3  -2   0    0   0   0   0   0   0   0   0   0   0  87   0  10   1   0   0   0   0   0   2  1.02 0.22
  360 E    -3  -1  -2   0  -5   2   7  -4  -2  -5  -5   0  -4  -5  -3  -2  -3  -5  -4  -4    0   1   0   2   0   7  89   0   0   0   0   1   0   0   0   0   0   0   0   0  1.42 0.28
  361 K    -3   1  -2  -3  -5   0  -1  -3  -3  -5  -4   7  -3  -5  -3  -2  -2  -5  -4  -4    0   0   0   0   0   0   0   0   0   0   0 100   0   0   0   0   0   0   0   0  1.55 0.31
  362 A     6  -3  -3  -3  -2  -2  -2  -1  -3  -3  -3  -2  -3  -4  -2   0   0  -4  -3  -2   94   0   0   0   0   0   0   0   0   0   0   0   0   0   0   0   6   0   0   0  1.12 0.26
  363 L    -3  -3  -5  -5  -3  -3  -4  -5  -4   1   5  -4   2   0  -4  -4  -3  -3  -2   0    0   1   0   0   0   0   0   0   0   2  90   0   4   3   0   0   0   0   0   1  1.00 0.21
  364 S    -1  -3  -1  -2  -3  -2  -2  -2  -3  -4  -4  -2  -3  -4  -3   7   0  -5  -4  -4    0   0   0   0   0   0   0   0   0   0   0   0   0   0   0 100   0   0   0   0  1.37 0.31
  365 R    -3   8  -2  -3  -5  -1  -2  -4   0  -5  -4   1  -3  -5  -4  -2  -3  -5  -3  -4    0  95   0   0   0   0   0   0   2   0   0   2   0   0   0   1   0   0   0   0  1.69 0.30
  366 L    -3  -4  -5  -5  -3  -4  -4  -5  -4   0   6  -4   2  -1  -4  -4  -3  -3  -3  -1    0   0   0   0   0   0   0   0   0   0  95   0   5   0   0   0   0   0   0   0  1.14 0.24
  367 G    -1  -4  -2  -2  -4  -3  -4   7  -4  -6  -6  -3  -4  -5  -4  -2  -3  -4  -5  -5    0   0   0   2   0   0   0  98   0   0   0   0   0   0   0   0   0   0   0   0  1.79 0.27
  368 A     1  -2   1  -1  -1  -1  -1  -2  -2  -3  -3  -1  -2  -4   0   4   3  -4  -3  -2    8   0   7   2   1   1   0   0   0   0   0   1   0   0   4  55  19   0   0   2  0.56 0.17
  369 E    -3  -2  -2   3  -5   1   7  -4   0  -5  -5  -1  -4  -5  -3  -2  -3  -5  -4  -4    0   0   0  13   0   1  83   0   2   0   0   0   0   0   0   0   0   0   0   0  1.34 0.26
  370 F    -4  -5  -5  -6  -4  -5  -5  -5  -3  -2  -1  -5  -2   9  -6  -4  -4  -1   1  -3    0   0   0   0   0   0   0   0   0   0   1   0   0  99   0   0   0   0   0   0  2.03 0.32
  371 E     4  -3  -2  -2  -2  -2  -1   3  -3  -3  -3  -2  -2  -4  -1   2   0  -4  -3  -1   54   0   0   0   0   0   2  22   0   0   0   0   0   0   1  14   5   0   0   2  0.57 0.15
  372 E    -1  -1  -1   3  -5   1   6  -2  -2  -4  -4   1  -3  -5  -2  -1  -2  -4  -4  -4    3   0   1  18   0   2  64   2   0   0   0   7   0   0   0   2   1   0   0   0  0.90 0.19
  373 K    -2   3  -2  -1  -5   1  -1  -3  -2  -4  -4   7  -3  -5  -3  -2  -2  -5  -3  -4    0  11   0   2   0   3   0   0   0   0   0  84   0   0   0   0   0   0   0   0  1.21 0.25
  374 H    -4  -2   0  -3  -5   0   0  -4  10  -5  -5  -2  -4  -3  -4  -3  -4  -4   0  -5    0   0   2   0   0   3   3   0  92   0   0   0   0   0   0   0   0   0   0   0  2.28 0.36
  375 Q    -3   2  -2  -2  -5   8   0  -4   0  -4  -2   0  -2  -5  -3  -2  -2  -4  -3  -4    0  10   0   0   0  82   0   0   2   0   3   3   0   0   0   0   0   0   0   0  1.40 0.30
  376 E    -2  -1  -1   2  -5   1   6   0  -2  -5  -4   1  -3  -5  -3  -1  -2  -4  -4  -4    2   0   1  11   0   2  67   8   0   0   0   8   0   0   0   1   0   0   0   0  0.91 0.20
  377 V     0  -4  -4  -4  -2  -3  -4  -4  -4   3  -1  -3  -1  -2  -4  -2   0  -4  -3   6    9   0   0   0   0   0   0   0   0  11   0   0   0   0   0   0   4   0   0  76  0.82 0.20
  378 I    -2  -4  -5  -5  -3  -4  -5  -5  -5   6   1  -4   0  -2  -4  -4  -2  -4  -3   3    0   0   0   0   0   0   0   0   0  75   3   0   0   0   0   0   0   0   0  21  1.05 0.22
  379 E    -3  -2  -2   2  -6   0   7  -4  -2  -5  -5  -1  -4  -5  -3  -2  -3  -5  -4  -4    0   0   0   6   0   0  94   0   0   0   0   0   0   0   0   0   0   0   0   0  1.54 0.29
  380 T     5  -3   0  -3  -2  -2  -2  -1  -3  -3  -3  -2  -2  -4  -2   2   0  -4  -3  -1   76   0   4   0   0   1   0   0   0   0   0   0   0   0   0  11   5   0   0   2  0.77 0.20
  381 L    -3  -4  -5  -5  -3  -4  -4  -5  -4   0   6  -4   2  -1  -4  -4  -3  -3  -3  -1    0   0   0   0   0   0   0   0   0   0  96   0   4   0   0   0   0   0   0   0  1.15 0.24
  382 T    -2  -3  -2  -3  -3  -2  -3  -3  -3  -3  -3  -2  -2  -4  -3   1   7  -4  -3  -2    0   0   0   0   0   0   0   0   0   0   0   0   0   0   0   6  94   0   0   0  1.39 0.30
  383 R    -3   7  -2  -3  -5   0  -2  -4  -2  -5  -3   2  -3  -5  -4  -2  -3  -4  -3  -4    0  88   0   0   0   1   0   0   0   0   1  11   0   0   0   0   0   0   0   0  1.51 0.26
  384 G     0  -2  -1  -3  -4  -3  -4   7  -4  -5  -5  -3  -4  -5  -4  -2  -2  -4  -5  -4    3   1   1   0   0   0   0  93   0   0   0   0   0   0   0   0   2   0   0   0  1.56 0.24
  385 I    -3  -5  -5  -5  -3  -5  -5  -6  -5   7   0  -4   0  -2  -5  -4  -2  -4  -3   1    0   0   0   0   0   0   0   0   0  99   0   0   1   0   0   0   0   0   0   0  1.40 0.27
  386 V    -2  -4  -5  -5  -2  -4  -4  -5  -5   3   0  -4  -1  -2  -4  -3  -2  -4  -3   6    0   0   0   0   0   0   0   0   0  16   0   0   0   0   0   0   0   0   0  84  1.05 0.22
  387 N    -3  -2   8   0  -5  -2  -2  -2  -1  -5  -5  -1  -4  -5  -4  -1  -2  -6  -4  -5    0   0  99   0   0   0   0   0   0   0   0   1   0   0   0   0   0   0   0   0  1.85 0.31
  388 K    -2   1  -2  -2  -5   0  -1  -3  -2  -5  -4   7  -3  -5  -3  -2  -2  -5  -4  -4    0   0   0   0   0   0   0   0   0   0   0 100   0   0   0   0   0   0   0   0  1.51 0.29
  389 I    -3  -5  -5  -5  -3  -5  -5  -6  -5   7   0  -4   0  -2  -5  -4  -2  -4  -3   1    0   0   0   0   0   0   0   0   0  99   1   0   0   0   0   0   0   0   0   0  1.40 0.27
  390 L    -3  -4  -5  -5  -3  -4  -4  -5  -4   0   6  -4   1  -1  -4  -4  -3  -3  -3  -1    0   0   0   0   0   0   0   0   0   0 100   0   0   0   0   0   0   0   0   0  1.19 0.23
  391 H    -4  -2  -1  -3  -5  -1  -2  -4  10  -5  -5  -3  -4  -3  -4  -3  -4  -5   0  -5    0   0   0   0   0   1   0   0  99   0   0   0   0   0   0   0   0   0   0   0  2.56 0.37
  392 D    -3  -3   0   7  -5   0   4  -3  -2  -5  -5  -2  -4  -5  -3  -2  -1  -5  -4  -4    0   0   0  70   0   1  25   0   0   0   0   0   0   0   0   0   4   0   0   0  1.27 0.22
  393 P    -3  -4  -4  -3  -5  -3  -3  -4  -4  -5  -5  -3  -5  -6   9  -3  -3  -6  -5  -4    0   0   0   0   0   0   0   0   0   0   0   0   0   0 100   0   0   0   0   0  2.77 0.33
  394 M    -3  -3  -4  -5  -3  -2  -4  -5  -4  -1   0  -3  10  -2  -4  -3  -1  -4  -3   0    0   0   0   0   0   0   0   0   0   0   0   0  92   0   0   0   4   0   0   4  1.82 0.34
  395 V    -2  -4  -4  -5  -2  -4  -4  -5  -5   1  -1  -4  -1  -2  -4  -3   1  -4  -3   6    0   0   0   0   0   0   0   0   0   0   0   0   0   0   0   0   8   0   0  91  1.07 0.24
  396 Q    -3  -1  -2  -2  -2   8   1  -4  -1  -5  -4   0  -2  -5  -3  -2  -2  -4  -3  -4    0   0   0   0   1  94   3   0   0   0   0   1   0   0   0   1   0   0   0   0  1.67 0.32
  397 L    -3  -4  -5  -5  -3  -4  -4  -5  -4   0   6  -4   1  -1  -4  -4  -3  -3  -3  -1    0   0   0   0   0   0   0   0   0   0 100   0   0   0   0   0   0   0   0   0  1.19 0.23
  398 R    -3   8  -2  -3  -5   0  -2  -4  -2  -5  -4   1  -3  -5  -4  -2  -3  -5  -3  -4    0  95   0   0   0   2   0   0   0   0   0   3   0   0   0   0   0   0   0   0  1.67 0.28
  399 A     5  -3  -2  -3  -2  -2  -2  -1  -3  -3  -3  -2  -2  -4  -2   1   1  -4  -3  -2   80   0   0   0   0   0   0   2   0   0   0   0   0   0   0   7  11   0   0   0  0.84 0.21
  400 Q    -3  -1  -2  -2  -5   8   0  -4   0  -5  -4   0  -2  -5   0  -2  -3  -4  -3  -4    0   0   0   0   0  92   1   0   1   0   1   1   0   0   5   0   0   0   0   0  1.60 0.31
  401 Q    -2   3  -2  -2  -5   7   1  -4  -1  -5  -4   1  -2  -5  -1  -2  -2  -4  -3  -4    0  18   0   0   0  72   4   0   0   0   0   3   0   0   3   0   0   0   0   0  1.19 0.25
  402 D    -3  -3   0   8  -5  -1   0  -2  -3  -5  -5  -2  -5  -5  -3  -2  -2  -6  -5  -5    0   0   0  96   0   1   0   1   0   0   0   1   0   0   0   0   1   0   0   0  1.77 0.28
  403 I    -1  -1  -4  -4  -2  -3  -4  -4  -4   6   1  -3   1  -1  -4  -3  -2  -4  -3   3    2   4   0   1   0   0   0   1   0  67   7   0   2   0   0   1   0   0   0  16  0.70 0.17
  404 E    -2  -2  -1   1  -5   1   7  -3  -2  -5  -4  -1  -3  -5  -3  -1  -2  -5  -4  -4    2   0   0   5   0   3  88   0   0   0   0   0   0   0   0   1   0   0   0   0  1.32 0.25
  405 A     5  -2  -2  -2  -2  -1  -1  -1  -3  -2  -2  -2   0  -3  -2   1   1  -4  -3  -1   72   1   0   2   0   1   2   0   0   2   0   0   3   0   0   4  12   0   0   2  0.62 0.18
  406 R    -3   7  -2  -3  -5   2  -1  -4  -2  -5  -3   1  -3  -5  -4  -2  -3  -4  -3  -4    0  90   0   0   0   8   0   0   0   0   1   1   0   0   0   0   0   0   0   0  1.53 0.27
  407 R    -2   6  -1  -1  -5   2  -1  -2   0  -4  -4   2  -3  -4  -3  -1  -2  -4  -3  -4    0  68   1   3   0  11   1   3   1   0   0  10   0   0   0   2   0   0   0   0  1.01 0.20
  408 V    -2   5   0  -2  -4   3  -1  -3   3  -2   0   2  -1  -3  -3  -1  -2  -3  -2  -2    2  39   4   0   0  21   0   0   8   0  13  10   0   0   0   1   0   0   0   2  0.50 0.14
  409 C     5  -3  -3  -4   6  -3  -3  -2  -3  -2  -3  -3  -2  -4  -3  -1   0  -4  -3  -1   70   0   0   0  23   0   0   0   0   0   0   0   0   0   0   0   5   0   0   2  0.93 0.21
  410 L    -3  -3  -4  -5  -3  -3  -4  -4  -4   1   3  -3   8  -1  -4  -3  -2  -3  -3   0    0   0   0   0   0   0   0   1   0   4  35   0  58   0   0   0   0   0   0   3  1.07 0.23
  411 Q    -1   1  -1  -1  -4   6   3  -3   1  -3  -4   1  -2  -4  -3  -1  -1  -4  -3  -3    2   7   1   0   0  59  16   0   3   1   0   8   0   0   0   1   1   0   0   0  0.86 0.20
  412 S     0  -2  -1  -2  -2  -2  -2  -2  -3   0  -2  -2  -1  -3  -2   3   5  -4  -3   0    7   0   0   0   0   0   0   0   0   8   0   0   1   0   0  25  55   0   0   5  0.62 0.18
  413 L    -3  -4  -5  -5  -3  -4  -4  -5  -4   1   6  -4   1  -1  -4  -4  -3  -3  -2   1    0   0   0   0   0   0   0   0   0   1  94   0   0   0   0   0   0   0   0   5  1.06 0.22
  414 Q    -2   1  -1  -2  -1   7   2  -3   3  -4  -4   0  -2  -5  -3  -1  -2  -4  -3  -4    0   5   1   0   1  72   7   0   9   0   0   2   0   0   0   1   1   0   0   0  1.12 0.24
  415 M    -1   0  -2  -2  -2  -1  -1  -3  -1   0   1  -1   6  -2  -3  -1   2  -3  -2   2    1   4   1   1   0   0   5   0   1   3   9   1  34   0   0   3  21   0   0  16  0.36 0.14
  416 L    -3  -4  -5  -5  -3  -4  -4  -5  -4   0   6  -4   1  -1  -4  -4  -3  -3  -3  -1    0   0   0   0   0   0   0   0   0   0 100   0   0   0   0   0   0   0   0   0  1.19 0.24
  417 F    -4  -5  -5  -6  -4  -5  -5  -5  -3  -2  -1  -5  -2   9  -6  -4  -4  -1   1  -3    0   0   0   0   0   0   0   0   0   0   0   0   0 100   0   0   0   0   0   0  2.03 0.31
  418 N    -3  -2   7   3  -5  -2  -1  -2  -1  -5  -5  -2  -4  -5  -4  -1  -2  -6  -4  -5    0   0  82  18   0   0   0   0   0   0   0   1   0   0   0   0   0   0   0   0  1.49 0.27
  419 L    -3  -4  -5  -5  -3  -4  -4  -5  -4   0   6  -4   1  -1  -4  -4  -3  -3  -3  -1    0   0   0   0   0   0   0   0   0   0 100   0   0   0   0   0   0   0   0   0  1.19 0.24
  420 E    -2  -2   1   5  -5   0   5  -3  -2  -5  -5  -1  -4  -5  -2  -1  -2  -5  -4  -4    1   0   5  42   0   0  51   0   0   0   0   0   0   0   1   1   0   0   0   0  1.06 0.20
  421 T     1  -2  -1  -2  -2  -1  -1  -2  -3   1  -1  -1  -1  -3   3   1   3  -4  -2   1   13   0   1   1   0   2   3   0   0   9   3   1   0   0  16  12  24   0   0  16  0.28 0.08
  422 E     0   0   0   1  -3   1   4   1  -1  -2  -2   1   0  -3  -1   0   0  -3  -3  -2    5   2   1   7   0   6  38  11   0   3   2   7   3   0   1   6   5   0   0   2  0.29 0.08
  423 E    -2   0   1   1  -4   3   5  -3  -1  -4  -4   2  -3  -4  -2   0  -1  -4  -3  -3    1   3   7   4   0  12  56   0   1   0   0  13   0   0   0   5   0   0   0   0  0.70 0.13
  424 A     1   0   0  -1  -3   6   1  -2  -1  -3  -3   1  -2  -4  -2   2  -1  -3  -3  -3   14   0   2   0   0  56   5   1   0   1   0   6   0   0   1  15   0   0   0   0  0.64 0.14
  425 I    -1  -3  -4  -4  -1  -3  -3  -4  -3   3   3  -3   1   0  -3  -3  -1  -3  -2   3    0   0   0   0   0   0   0   0   0  35  38   0   0   0   0   0   0   0   0  27  0.41 0.04

                      K         Lambda
Standard Ungapped    0.1322     0.3172
Standard Gapped      0.0612     0.2670
PSI Ungapped         0.1999     0.3176
PSI Gapped           0.0612     0.2670
