
Last position-specific scoring matrix computed, weighted observed percentages rounded down, information per position, and relative weight of gapless real matches to pseudocounts
           A  R  N  D  C  Q  E  G  H  I  L  K  M  F  P  S  T  W  Y  V   A   R   N   D   C   Q   E   G   H   I   L   K   M   F   P   S   T   W   Y   V
    1 M   -1 -2 -3 -4 -2 -1 -3 -3 -2  1  2 -2  8  0 -3 -2 -1 -2 -2  0    0   0   0   0   0   0   0   0   0   0   0   0 100   0   0   0   0   0   0   0  0.74 0.10
    2 P   -1 -3  1 -2 -3 -2 -2 -3 -2 -3 -4 -1 -3 -4  8 -1 -2 -4 -4 -3    0   0  11   0   0   0   0   0   0   0   0   0   0   0  89   0   0   0   0   0  1.93 0.10
    3 E   -1 -1  1  2 -2  0  2 -2 -1 -1  0  1 -1 -1 -1  0 -1 -2  1  0    5   1   9  20   0   1  18   1   0   1  10  11   0   1   1   1   1   0   8  11  0.13 0.02
    4 S   -1 -1  4  0 -2  1  0 -1  0 -2 -2 -1 -1 -1 -1  2  2 -1  2 -2    1   1  30   1   0   9   1   1   0   1   1   1   0   1   1  19  18   0  14   1  0.27 0.05
    5 K   -1  3  1 -1 -3  1  1 -2 -1 -3 -2  3 -2 -3  2 -1 -1 -3 -2 -2    1  27   8   1   0   1   9   1   0   1   2  34   0   1   9   1   1   0   1   1  0.38 0.05
    6 L   -2  0 -2 -3 -2 -1 -2 -3 -1  1  2  1  3  0 -2 -2 -1 -1  2  0    1   5   1   1   0   1   1   1   0   6  34  17  17   0   1   1   1   0  12   1  0.21 0.08
    7 N   -2  6  1 -2 -4  0 -1 -3  1 -3 -3  1 -2  0  0  0  0 -3 -2 -3    0  62   8   0   0   0   0   0   4   0   0   0   0   5   5   5   6   0   0   0  0.64 0.15
    8 S    0 -2 -1 -2 -2 -2 -2 -2 -2 -1 -4 -2 -3 -4  0  6  0 -4 -3 -3    0   0   0   0   0   0   0   0   0   4   0   0   0   0   4  92   0   0   0   0  1.02 0.29
    9 P    1  3  1  1 -3  1  1 -2  0 -3 -3  3 -2 -1  0  0 -1 -3 -2 -3   17  17   5   9   0   6   4   0   2   0   0  31   0   3   4   2   0   0   0   0  0.33 0.11
   10 L   -1  0  1 -2 -2  1 -1 -3  1  1  1  0 -1 -2 -2 -1  3 -3  1  1    0   3   6   0   0   8   3   0   4   7  15   5   0   0   0   0  33   0   5  11  0.17 0.10
   11 R   -1  2 -2 -2 -2 -1  0 -3 -2  2  1 -1  0 -2 -2  1  1  3 -2  2    0  20   0   0   0   0   5   0   0  13  15   0   0   0   0  14   7   5   0  19  0.16 0.09
   12 Y   -1 -2 -2 -2 -2 -2 -2 -3 -2  0 -2  1 -2 -1 -3  1  4 -2  3  1    0   0   0   0   0   0   0   0   0   5   0   9   0   0   0  11  48   0  17  10  0.46 0.18
   13 H   -1  0 -1  1 -4  4  2 -1  5 -3 -2  1 -2 -3 -2 -1 -2 -3 -2 -2    6   4   0   9   0  32  15   4  19   0   5   5   0   0   0   0   0   0   0   2  0.46 0.16
   14 G    1  0 -1 -1 -3 -2 -1  5 -3 -4 -4 -2 -3 -4  1  1 -2 -4 -4 -3   14   6   0   3   0   0   3  57   0   0   0   0   0   0   8   9   0   0   0   0  0.72 0.17
   15 I   -1  2 -2 -2 -3  0 -1 -3 -2  0 -2  2 -2  0  4  0 -1  5  0  0    0  13   0   0   0   4   0   0   0   6   0  15   0   5  21  11   3  10   3   9  0.37 0.12
   16 Y    0 -1  2  1 -3  1  3 -1 -1 -3 -3 -1 -2  2 -2  1  0 -2  0 -2    6   0  16   7   0   5  23   3   0   0   0   0   0  15   0  16   7   0   3   0  0.27 0.11
   17 N    0  4  0  0 -3  4  0 -1 -1 -1 -2  1  2 -3 -3 -1 -1  2 -2 -2    8  28   3   6   0  27   0   3   0   5   0   3  11   0   0   0   2   4   0   0  0.37 0.15
   18 A    3 -2  1  1 -2 -2 -1  2 -2 -2 -3 -2 -2 -3  0  1  0 -3  0 -2   46   0   8   8   0   0   0  14   0   3   0   0   0   0   4   9   3   0   5   0  0.33 0.13
   19 P    3 -3 -3 -3 -2 -2 -1  2 -3 -2 -1 -2 -2 -3  5 -1 -2 -4 -3  0   31   0   0   0   0   0   3  15   0   0   5   0   0   0  36   0   0   0   0  11  0.67 0.16
   20 H    1  1  1  0 -1 -1  0 -2  5 -3 -2  0 -2 -2 -2  2  0 -3  2 -2   16   8   6   3   2   0   3   0  26   0   5   3   0   0   0  18   4   0   7   0  0.31 0.13
   21 R   -3  7  0 -3 -5  3 -1 -4  1 -5 -4  1 -3 -4 -4 -2 -3 -4 -3 -4    0  79   3   0   0  16   0   0   3   0   0   0   0   0   0   0   0   0   0   0  1.31 0.30
   22 A    4 -2 -2 -2 -2  0 -2 -1 -2 -2 -3 -2  1 -3 -2  3 -1 -4 -3 -1   56   0   0   0   0   3   0   1   0   0   0   0   5   0   0  31   0   0   0   3  0.60 0.21
   23 F   -2 -1 -3 -1 -3  0 -3 -4 -2  0  2 -2  6  2 -3 -3 -2  5  1  0    0   3   0   4   0   4   0   0   0   0  22   0  36  10   0   0   0   8   4   7  0.49 0.18
   24 L   -2 -3  0 -4 -3 -2 -3 -4  0  0  4 -3  3 -1 -4 -3 -1  7  1 -1    0   0   6   0   0   0   0   0   3   0  51   0  12   0   0   0   3  17   5   0  0.64 0.19
   25 R    1  4 -2 -3 -3  0 -1 -3  1 -3 -3  1 -2 -1 -3 -1 -1 -1  5 -2   17  34   0   0   0   3   0   0   2   0   0   9   0   0   0   0   4   0  27   0  0.52 0.18
   26 S    4 -1  1 -2 -2  0 -2  3 -2 -3 -3 -2 -2 -4 -2  1 -1 -4 -3 -2   59   4   7   0   0   3   0  21   0   0   0   0   0   0   0   7   0   0   0   0  0.58 0.20
   27 V    0 -1 -2 -3  3 -1 -2 -1 -3  0  0 -2  5 -2 -3  0  3 -3 -2  1    4   2   0   0   7   2   0   4   0   3   7   0  25   0   0   2  33   0   0  11  0.35 0.17
   28 G    0 -4 -2 -3 -4 -3 -4  7 -4 -5 -5 -3 -4 -5 -4 -2 -3 -4 -5 -5    6   0   0   0   0   0   0  94   0   0   0   0   0   0   0   0   0   0   0   0  1.66 0.32
   29 L   -1 -2 -3 -4 -3  0 -3 -4 -2  1  2 -2  3  3  2 -2 -1  3  2  0    2   0   0   0   0   6   0   0   0   6  27   2  14  14  11   0   2   5   7   3  0.32 0.12
   30 T    0  0  1  0 -3 -1 -1 -2 -2 -3 -2  2 -2 -4  1  2  4 -4 -3 -2    4   3   8   4   0   0   0   0   0   0   2  20   0   0   7  13  39   0   0   0  0.40 0.16
   31 D   -2  0  0  5 -4  1  2 -3  0 -4 -4  0 -3 -4  1  0  0 -5 -3 -4    0   5   0  51   0   4  14   0   2   0   0   5   0   0   7   3   8   0   0   0  0.72 0.19
   32 G    1 -1  1  4 -3  0  3  0  1 -3 -3  1 -3 -4 -2  0 -1 -4 -3 -1   14   0   6  27   0   0  28   5   4   0   0   9   0   0   0   3   0   0   0   4  0.43 0.14
   33 E   -1 -2  0  6 -5  1  3 -3 -2 -4 -4 -2 -4 -2 -3 -1 -2 -5 -4 -4    6   0   0  65   0   7  19   0   0   0   0   0   0   3   0   0   0   0   0   0  1.06 0.25
   34 I   -1 -3 -4 -5 -3 -3 -4 -4 -3  1  2 -4  5  5 -4 -3 -1 -2  0 -1    4   0   0   0   0   0   0   0   0  10  21   0  25  39   0   0   2   0   0   0  0.71 0.22
   35 N   -1 -1  2  3 -3  1  1  2  1 -3 -2  0 -2 -3 -2  0  1 -4 -3 -3    0   0  11  24   0   5  10  20   5   0   5   7   0   0   0   5   9   0   0   0  0.32 0.11
   36 K   -1  4 -2 -2 -5  1  0 -3  1 -4 -4  5 -3 -4 -3 -2 -2 -4 -3 -4    3  30   0   0   0   3   2   0   3   0   0  59   0   0   0   0   0   0   0   0  0.95 0.26
   37 P    2 -4  0  0 -4 -3 -2 -3 -4 -4 -4 -3 -4 -5  7 -2 -2 -5 -4 -4   18   0   4   5   0   0   0   0   0   0   0   0   0   0  72   0   0   0   0   0  1.75 0.33
   38 L   -1 -2  2 -2 -3  3 -1 -1 -2  2  0  0  1  1 -3 -2 -1 -3 -1  1    2   0  16   0   0  23   0   5   0  19   9   4   4   9   0   0   0   0   0   9  0.19 0.13
   39 V   -2 -4 -5 -5 -2 -4 -4 -5 -5  6  1 -4  0 -2 -4 -4 -2 -4 -3  4    0   0   0   0   0   0   0   0   0  59   5   0   0   0   0   0   0   0   0  35  0.95 0.26
   40 A    3 -3 -2 -3 -3 -3 -3  5 -3 -3 -1 -3  0 -4 -3 -1 -1 -4 -4 -3   28   0   0   0   0   0   0  60   0   0   5   0   4   0   0   0   2   0   0   0  0.89 0.24
   41 V   -2 -4 -5 -5 -2 -4 -4 -5 -5  5  1 -4  0 -2 -4 -3 -2 -4 -3  4    0   0   0   0   0   0   0   0   0  53  11   0   0   0   0   0   0   0   0  36  0.86 0.24
   42 A    3 -3 -3 -3  3 -2 -1  0 -3  2  0 -2 -1 -2 -3  0 -1 -3 -2  3   30   0   0   0   9   0   4   5   0  15   5   0   0   0   0   5   0   0   0  26  0.28 0.14
   43 T   -1 -2  5 -1 -3  0 -2 -2  1 -3 -4 -2 -3 -4 -3  4  2 -4 -3 -1    0   0  37   0   0   3   0   0   3   0   0   0   0   0   0  39  13   0   0   5  0.70 0.26
   44 A    2 -2 -1 -2  1 -2 -2 -1 -3 -1 -2 -2  0 -3 -2  3  4 -4 -3  1   15   0   0   0   3   0   0   3   0   0   0   0   3   0   0  27  36   0   0  13  0.45 0.21
   45 W   -2 -3 -3 -1 -4 -1 -3  1  1 -3 -3 -1 -2  4 -4 -1 -3  8  5 -3    2   0   0   3   0   2   0  13   3   0   0   5   0  19   0   4   0  26  24   0  0.94 0.25
   46 S    0 -2  4 -1 -3 -2 -2 -1 -1 -1 -3 -2 -2 -1 -3  3  2  4  2 -2    7   0  26   0   0   0   0   4   0   4   0   0   0   2   0  31  12   7   8   0  0.44 0.20
   47 E   -2 -2 -1  5 -4  2  4 -3 -2 -4 -4  0  0 -4 -3  0  0 -4 -4 -4    0   0   0  37   0  12  35   0   0   0   0   3   3   0   0   4   6   0   0   0  0.79 0.24
   48 A    0 -3 -3 -3 -2 -2 -3  2 -3  1  1 -3  4  2 -3 -1 -2 -2  1  1    8   0   0   0   0   0   0  20   0  11  13   0  18  12   0   4   0   0   5   9  0.25 0.13
   49 G    0 -2  3 -2 -2 -2 -2 -1  1  0  1 -1 -1 -2 -3  0  2 -3 -2  1    7   0  21   0   0   0   0   3   4   5  17   4   0   0   0   5  21   0   0  15  0.19 0.13
   50 P   -2 -4 -3 -3 -4 -3 -3 -4 -4 -1 -4 -3 -4 -5  8  2  0 -5 -4 -3    0   0   0   0   0   0   0   0   0   4   0   0   0   0  73  17   7   0   0   0  1.78 0.37
   51 C    2 -5 -3 -4  9 -4 -4  3 -4 -4 -4 -4 -3 -4 -4 -2 -3 -4 -4 -3   17   0   0   0  56   0   0  27   0   0   0   0   0   0   0   0   0   0   0   0  1.52 0.36
   52 N   -3 -2  6 -2 -5 -2 -2 -3  8 -5 -5 -2 -4  0 -4 -1 -2 -5 -1 -5    0   0  46   0   0   0   0   0  47   0   0   0   0   4   0   4   0   0   0   0  1.45 0.38
   53 F    1  1 -1 -3 -2  2 -2 -3 -2  1  0 -1  4  1 -3  0 -1 -2  0  1   15   8   4   0   0  15   0   0   0   5   5   0  20   7   0   4   0   0   4  13  0.18 0.14
   54 H   -3 -2 -2  0 -5 -2  0 -1  9 -5 -5 -3 -4 -1  3 -1 -3 -4 -1 -5    0   0   0   5   0   0   4   6  64   0   0   0   0   3  17   3   0   0   0   0  1.41 0.36
   55 T   -3 -3 -4 -5 -3 -3 -4 -5  0  1  4 -3  2  2 -4 -3 -1 -2  3 -1    0   0   0   0   0   0   0   0   3   6  61   0   5   9   0   0   4   0  12   0  0.62 0.21
   56 L   -2  2  2  2 -3  1  1  0 -1 -2  0  1  1 -3  1 -1 -2 -3 -3 -2    0  12  11  12   0   5  11   8   0   0  15  12   6   0   7   0   0   0   0   0  0.19 0.10
   57 S   -1  1  0  4  1  1  2 -2  3 -2 -3  0 -2 -3 -1  0  0 -4 -2 -3    5   8   1  29   4   5  13   0  12   4   0   4   0   0   2   4   8   0   0   0  0.36 0.14
   58 L   -3 -2 -4 -4 -3  0 -3 -5 -2  1  4 -3  2  1 -4 -3 -2 -2  3  1    0   2   0   0   0   6   0   0   0   4  57   0   4   4   0   0   0   0  15   7  0.56 0.21
   59 A    4 -3  0 -3 -2 -2 -2  2 -3 -2 -1 -2  0 -3  3  1 -1 -4 -3 -1   44   0   4   0   0   0   0  17   0   0   5   0   4   0  17   7   0   0   0   4  0.48 0.19
   60 H    0  0  0  3 -4  3  4 -1  1 -4 -2  2 -2 -4 -2  0 -2 -4 -3 -3    8   3   2  16   0  14  31   3   3   0   3  14   0   0   0   3   0   0   0   0  0.45 0.16
   61 V    1  1 -2 -2 -2  1 -1 -2  1  1  1  0  1  0 -2  0 -1 -3 -1  1   19  10   0   0   0  10   2   0   4   9  16   6   2   5   0   7   0   0   0  11  0.09 0.08
   62 A    3 -4 -4 -4  1 -3 -3 -3 -4  3  0 -3 -1 -2 -3 -2 -1 -4 -3  4   28   0   0   0   4   0   0   0   0  20   4   0   0   0   0   0   0   0   0  44  0.54 0.22
   63 K    2  3 -2 -2  0  0  1 -3 -2 -3 -3  5 -2 -4 -2 -1  0 -4 -3 -2   20  16   0   0   3   0   6   0   0   0   0  49   0   0   0   0   4   0   0   3  0.58 0.23
   64 E    1  2  1  2 -3  2  2 -1 -1 -2 -2  1 -2 -4 -2 -1 -1 -4 -3 -2   14  12   8  15   0  12  19   3   0   2   3  10   0   0   0   0   3   0   0   0  0.31 0.12
   65 G    2 -2 -1 -2  1  1  0  3 -2 -3 -3 -1 -2 -4 -2  2  0 -4 -3  0   16   0   0   0   3   6   8  30   0   0   0   3   0   0   0  22   6   0   0   7  0.38 0.18
   66 A    1 -4 -4 -4 -2 -4 -4 -4 -4  4  2 -4  0 -2 -4 -3 -2 -4 -3  4   14   0   0   0   0   0   0   0   0  34  16   0   0   0   0   0   0   0   0  37  0.65 0.26
   67 K    0  3  1  1 -3  1  2 -3  2 -1 -2  1 -2 -3 -2 -1  0  2 -2 -2   11  23   6   7   0   4  20   0   5   4   3   6   0   0   0   2   5   4   0   0  0.28 0.15
   68 E    2  0 -1  2 -3  1  2  0 -2 -3 -3  2  0 -4 -2  1  0 -4 -3 -2   22   3   0  14   0   6  18   5   0   0   0  14   3   0   0  10   4   0   0   0  0.32 0.16
   69 G    0 -2  1  1  3 -1  0  0 -2  0  0  0 -1 -2 -2  0 -1 -2  1  0    8   0   8   8   8   0   8   8   0   8   8   8   0   0   0   8   0   0   8   8  0.07 0.11
   70 G   -1 -2  0 -1 -4 -3 -3  6  2 -5 -5 -3 -4 -5 -4 -2 -3 -4 -4 -5    0   2   5   3   0   0   0  83   6   0   0   0   0   0   0   0   0   0   0   0  1.35 0.27
   71 L    1 -3 -2 -3  0 -3 -3  5 -3 -3  0 -3 -1 -3 -3 -1 -1 -4 -4 -3   16   0   0   0   2   0   0  61   0   0  16   0   1   0   0   2   2   0   0   0  0.76 0.20
   72 T   -1 -2  0 -3 -2 -2 -2 -3 -2  3  1  0  1  1 -3 -2  1 -2  1  3    2   0   5   0   0   0   0   0   0  19  16   9   2   4   0   0   9   0   6  27  0.21 0.10
   73 P    2 -3 -3 -3 -3  0 -2  2 -3 -3 -4 -2 -3 -4  6 -1 -2 -4 -4 -2   22   0   0   0   0   4   0  19   0   0   0   0   0   0  51   0   0   0   0   3  1.13 0.23
   74 L   -1  0 -3 -3 -2  0 -2 -3 -2  1  1  1  3  2 -3 -2 -1 -2  2  2    3   4   0   0   0   4   0   0   0   3  13  12  14  11   0   0   0   0   9  27  0.23 0.12
   75 A    2  1 -2  1 -3  2  5 -3 -2 -2 -2  0 -1 -4 -2 -1 -1 -4 -3 -2   22  10   0   5   0   8  47   0   0   2   2   0   2   0   0   0   2   0   0   0  0.53 0.18
   76 F   -3 -4 -4 -5 -4 -4 -4  1 -3 -1 -1 -4  1  7 -5 -3 -3 -1  2  0    0   0   0   0   0   0   0  16   0   0   3   0   4  67   0   0   0   0   3   8  1.04 0.26
   77 P   -2 -1  4 -1  1 -2 -2  2  0 -4 -4 -2 -3 -1  5 -1 -2 -4  0 -4    0   4  30   0   5   0   0  19   2   0   0   0   0   3  31   2   0   0   4   0  0.73 0.19
   78 T    1 -3 -2 -3 -2 -2 -3 -3 -3  0 -2 -2 -1 -3 -3  0  5 -4 -3  4    8   0   0   0   0   0   0   0   0   0   0   0   0   0   0   4  52   0   0  36  0.68 0.24
   79 I   -1 -3 -3 -3 -2 -3 -3 -4  2  4  0 -3  0 -1  3  0 -1 -4 -2  1    4   0   0   0   0   0   0   0   7  48   4   0   2   2  18   7   3   0   0   6  0.46 0.17
   80 V    3 -2 -1  1 -2 -2 -2  2 -2 -3 -3 -2 -2 -3  1  2  1 -4 -3 -1   35   0   0   7   0   0   0  20   0   0   0   0   0   0   7  19  10   0   0   2  0.40 0.14
   81 V   -2 -3 -2 -4 -2 -3 -3 -4 -4  3  1 -3  4 -2  1 -3 -1 -4 -2  4    0   0   2   0   0   0   0   0   0  16  10   0  18   0   8   0   0   0   0  45  0.55 0.18
   82 N    0 -3  0  2  6  0 -2  2  0 -3 -3 -2 -3 -4 -3  3  0 -4 -3 -3    3   0   2  15  27   3   0  16   3   0   0   0   0   0   0  29   2   0   0   0  0.57 0.18
   83 D   -3 -3 -1  7 -5 -1  4 -3 -2 -5 -5 -2 -4 -5 -3 -2 -3 -6 -4 -5    0   0   0  73   0   0  27   0   0   0   0   0   0   0   0   0   0   0   0   0  1.45 0.31
   84 N   -1 -3 -1 -2 -3 -1 -3  6 -3 -2 -4 -2 -3 -1 -3  0  0 -4 -3 -1    0   0   2   0   0   3   0  69   0   3   0   0   0   4   0   7   6   0   0   6  0.87 0.21
   85 I   -2 -1  0 -4 -2 -3 -3 -2 -3  5  1 -3  3  0 -4 -2  0 -3 -2  2    0   4   5   0   0   0   0   3   0  52   3   0  11   3   0   0   6   0   0  14  0.45 0.17
   86 G    3 -1 -1 -2 -2 -1 -2 -1  1 -2 -1  0  0 -3 -2  2  3 -3 -2  0   30   3   0   0   0   0   0   2   4   0   4   3   2   0   0  20  24   0   0   6  0.29 0.13
   87 M   -1  3  0 -3 -3  4 -1 -3 -2 -2 -1  0  7 -3 -3  0 -2 -3 -3 -2    3  16   5   0   0  23   0   0   0   0   0   4  43   0   0   7   0   0   0   0  0.66 0.25
   88 G    0 -4 -2 -3 -4 -3 -3  6 -4 -5 -5 -3 -4 -5  4 -1 -3 -4 -4 -4    4   0   0   0   0   0   0  69   0   0   0   0   0   0  25   2   0   0   0   0  1.31 0.26
   89 T   -2 -1  0 -2 -3  1  0 -1  6 -3 -3 -1 -2 -3 -3 -1  5 -4 -2 -2    0   2   2   0   0   7   4   4  26   0   0   2   0   0   0   0  53   0   0   0  0.75 0.25
   90 E    2 -1  1  1 -2  0  1  1 -1 -2 -2  0 -2 -3  1  0  0 -3 -2 -1   25   2   6  11   0   3  14  10   0   2   3   3   0   0   6   4   7   0   0   2  0.18 0.06
   91 G    1 -3 -1 -2 -3 -2 -2  6 -2 -3 -3 -2 -3 -3 -2 -1 -2 -3 -3 -3    9   1   1   1   0   1   1  75   0   1   2   1   0   1   1   1   1   0   1   1  1.04 0.18
   92 M   -2 -2 -3 -3 -2 -2 -3 -1 -2  0  1 -2  8 -1 -3 -2 -2 -2 -2 -1    1   1   1   1   0   1   1   5   0   4   8   1  68   1   1   1   1   0   1   1  0.99 0.25
   93 R   -1  2  1  1 -2  0  2 -2  0 -2  0  2 -1  0 -2  0 -1 -2 -1 -2    1  15   6  10   0   1  14   1   3   1  15  16   0   5   1   6   1   0   1   1  0.15 0.06
   94 Y   -1  0 -2  0 -2 -2 -2 -3  0 -1  1 -2  0  2 -2 -1 -2  0  6 -1    4   8   1   5   0   1   1   1   0   1  15   1   3   6   1   3   1   0  46   1  0.52 0.15
   95 S    0 -2  1 -1 -2 -1 -1 -2 -2 -1 -3 -1 -2 -3 -1  5  1 -4 -3 -2    3   0   7   0   0   0   1   1   0   4   1   1   0   0   3  73   4   0   0   1  0.71 0.23
   96 L   -3 -4 -5 -5 -3 -3 -4 -5 -4  1  5 -4  5 -1 -4 -4 -3 -3 -2  0    0   0   0   0   0   0   0   0   0   2  79   0  19   0   0   0   0   0   0   0  1.03 0.26
   97 V    1 -2 -3 -3 -3  2 -2 -3 -2  0  1 -2 -1  2  4 -2 -2 -2  0  1   15   0   0   0   0  13   0   0   0   2  17   0   0  13  25   0   0   0   3  12  0.39 0.14
   98 S   -1 -3 -1 -2 -3 -2 -2 -2 -2 -3 -2 -2 -3  1 -3  5  0  2  3 -3    0   0   0   0   0   0   0   0   0   0   3   0   0   7   0  70   2   3  15   0  0.77 0.27
   99 R   -3  8 -2 -4 -5 -1 -2 -4 -2 -4 -1  0 -3 -4 -4 -3 -3 -5 -3 -4    0  93   0   0   0   0   0   0   0   0   7   0   0   0   0   0   0   0   0   0  1.63 0.36
  100 D   -2 -2  4  4 -5  0  5  0 -1 -5 -5 -1 -4 -5 -3 -1 -2 -5 -4 -4    0   0  24  23   0   0  48   6   0   0   0   0   0   0   0   0   0   0   0   0  0.89 0.24
  101 L   -2 -3 -2 -1 -2 -3 -3 -4 -4  2  3 -3  2  0 -4 -3 -1 -3 -2  3    0   0   3   4   0   0   0   0   0  14  43   0   5   3   0   0   2   0   0  26  0.44 0.14
  102 I    1 -4 -4 -4 -2 -4 -4 -4 -4  6  1 -4  2 -2 -4 -3 -2 -4 -3  2   13   0   0   0   0   0   0   0   0  71   6   0   5   0   0   0   0   0   0   6  0.82 0.24
  103 A    5 -2 -2 -3 -2 -2 -2 -1 -3 -3 -3 -2 -2 -3 -2  2  0 -4 -3 -2   76   0   0   0   0   0   0   0   0   0   1   0   0   0   0  16   4   0   0   0  0.82 0.24
  104 D   -3 -3  1  6 -4  0 -1 -3 -2 -2 -2 -2  6 -3 -3 -2 -2 -4 -3 -2    0   0   5  50   0   5   0   0   0   0   1   0  35   0   0   0   0   0   0   0  0.93 0.26
  105 M    1 -2 -1  2 -2  0  1  0 -2 -3 -3 -1 -1 -3 -2  4  0 -4 -3 -1   12   0   0  15   0   2   6   4   0   0   1   0   2   0   0  51   0   0   0   5  0.44 0.17
  106 V    0 -3 -3 -3  1 -2 -3 -3 -3  3  0 -2  1  0 -3 -1  2 -3 -2  3   10   0   0   0   3   0   0   0   0  29   1   0   5   4   0   0  19   0   0  27  0.33 0.13
  107 E    1  0 -2  0 -4  0  6 -3 -2 -4 -4 -1 -3 -4 -2 -1 -2 -4 -3 -3   16   5   0   0   0   0  75   0   0   0   1   0   0   0   0   0   0   0   0   0  1.01 0.27
  108 A    0  0 -2 -2 -3 -1  3 -3 -2  1  0 -1 -1 -1 -3 -1  3 -2  2  1    6   4   0   0   0   0  25   0   0   9   6   0   0   0   0   0  27   0  13  11  0.25 0.14
  109 Q    1 -2 -1 -3  0  0 -2  0  0  1  1 -2  4 -2 -3  0  0 -3 -2  2   11   0   2   0   2   6   0  10   3   5   9   0  26   0   0   4   6   0   0  16  0.19 0.12
  110 F    0 -3 -4 -4  0 -3 -3 -2 -4  3  2 -3  3  0 -3 -2 -1 -3 -2  3    7   0   0   0   2   0   0   3   0  24  26   0  11   2   0   0   0   0   0  24  0.40 0.13
  111 N   -1  3  3 -1 -3  0  0  1  1 -3 -3  0  2 -3 -3  2 -1 -3 -1 -3    0  25  23   0   0   2   6  11   3   0   0   2   8   0   0  17   0   0   3   0  0.36 0.15
  112 A    4 -3 -2 -3  1 -2 -2  3  4 -3 -3 -2 -3 -3 -3  1 -2 -4 -2 -2   46   0   0   0   4   0   0  25  15   0   0   0   0   0   0  10   0   0   0   0  0.61 0.20
  113 H   -1 -1  3 -1 -4  3  0 -2  7 -3 -1 -1 -2 -2 -3 -1 -1 -3  1 -3    3   0  17   3   0  16   4   2  37   0  10   0   0   0   0   0   3   0   6   0  0.63 0.20
  114 A   -1 -3 -3 -3  4  0 -2  0  0 -2 -2 -2  3 -2  5 -1 -1  6 -1 -2    4   0   0   0  11   5   0   8   2   0   0   0  13   0  31   4   4  13   2   2  0.69 0.19
  115 F    1 -3 -4 -4 -3 -3 -3 -3 -2  0  2 -3  3  4 -4 -2 -2 -1  4  0   17   0   0   0   0   0   0   0   0   4  21   0  10  26   0   0   0   0  20   3  0.49 0.17
  116 D   -4 -3  1  8 -5 -2  0 -3 -3 -5 -6 -1 -5 -5 -3 -2 -3 -6 -5 -5    0   0   3  93   0   0   0   0   0   0   0   4   0   0   0   0   0   0   0   0  1.79 0.36
  117 A    4 -3 -2 -3 -3 -3 -3  5 -3 -4 -4 -2 -3 -4 -3  0 -2 -4 -4 -3   48   0   0   0   0   0   0  49   0   0   0   0   0   0   0   2   0   0   0   0  0.97 0.25
  118 L    1 -3  0 -3 -2 -2 -3 -3 -3  1  2 -3  4 -2 -3 -1  0 -3 -2  3   15   0   6   0   0   0   0   0   0   4  16   0  16   0   0   2   5   0   0  37  0.34 0.15
  119 I   -1 -4 -4 -5 -2 -4 -4 -5 -4  3  1 -4  1 -1 -4 -3 -2 -4 -2  5    2   0   0   0   0   0   0   0   0  19  12   0   2   2   0   0   0   0   0  64  0.77 0.22
  120 G    1 -3 -3 -4  6 -3 -3  1 -3 -1  2 -3  0  0 -3  0 -2 -2  2 -1   11   0   0   0  25   0   0  10   0   0  30   0   2   3   0   8   0   0  10   2  0.41 0.16
  121 I   -2 -4 -4 -4 -2 -4 -4 -5 -4  5  3 -4  1 -1 -4 -3  0 -3 -2  2    0   0   0   0   0   0   0   0   0  46  39   0   3   0   0   0   5   0   0   8  0.70 0.20
  122 G    1 -3 -2 -2 -3 -2 -2  4 -3 -2 -3 -2  0 -4  4  1 -1 -4 -4 -2   14   0   0   0   0   0   0  39   0   2   0   0   4   0  24  13   3   0   0   2  0.67 0.17
  123 G   -1 -3  3 -2 -3 -2 -2  5 -2 -1 -3 -2 -3 -4 -3  1 -1 -4 -3  0    2   0  22   0   0   0   0  47   0   4   0   0   0   0   0  14   0   0   0  12  0.63 0.19
  124 C   -3 -6 -5 -6 11 -5 -6 -5 -5 -4 -4 -6 -4 -5 -5 -3 -3 -5 -5 -3    0   0   0   0 100   0   0   0   0   0   0   0   0   0   0   0   0   0   0   0  3.18 0.51
  125 D   -4 -4 -1  8 -6 -2  0 -3 -3 -5 -6 -3 -5 -6 -4 -2 -3 -6 -5 -5    0   0   0 100   0   0   0   0   0   0   0   0   0   0   0   0   0   0   0   0  2.05 0.40
  126 K   -3  0 -2 -3 -5 -1 -1 -4 -3 -5 -5  7 -3 -5 -3 -2 -3 -5 -4 -4    0   0   0   0   0   0   0   0   0   0   0 100   0   0   0   0   0   0   0   0  1.64 0.39
  127 T   -2 -3  3 -2 -3 -2 -3  0 -3  4 -1 -2 -1 -3 -3  0  3 -4 -3  0    0   0  23   0   0   0   0   7   0  37   0   0   0   0   0   7  26   0   0   0  0.46 0.20
  128 T    0 -3 -3 -3 -2 -2 -3 -3 -3  1  1 -3  5 -2 -3 -1  4 -3 -3  3    5   0   0   0   0   0   0   0   0   2  11   0  23   0   0   0  34   0   0  24  0.52 0.20
  129 P   -3 -4 -4 -4 -5 -4 -3 -4 -5 -5 -5 -3 -5 -6  9 -3 -3 -6 -5 -5    0   0   0   0   0   0   0   0   0   0   0   0   0   0 100   0   0   0   0   0  2.88 0.48
  130 G    3 -4 -2 -3 -3 -3 -3  6 -3 -5 -5 -3 -4 -4 -3  0 -2 -4 -4 -4   24   0   0   0   0   0   0  71   0   0   0   0   0   0   0   4   0   0   0   0  1.22 0.28
  131 I   -1 -2 -1 -3  4  1 -2 -2 -3  0  2 -2  5 -2 -3 -1  0 -3 -2  1    2   0   3   0  12  11   0   2   0   2  28   0  23   0   0   2   7   0   0   8  0.37 0.17
  132 L   -2 -3 -4 -5 -3 -3 -4 -5 -4  1  4 -3  5 -1 -4 -3  0 -3 -2  1    1   0   0   0   0   0   0   0   0   4  60   0  20   0   0   0   5   0   0   9  0.75 0.23
  133 M   -3 -4 -2 -5 -4 -3 -4 -5 -4  3  0 -4  9 -2 -5 -4 -3 -4 -3 -1    0   0   2   0   0   0   0   0   0  21   2   0  76   0   0   0   0   0   0   0  1.67 0.44
  134 A    5 -3 -3 -3 -3 -3 -3  4 -3 -4 -4 -3 -3 -4 -3 -1 -2 -4 -4 -2   69   0   0   0   0   0   0  31   0   0   0   0   0   0   0   0   0   0   0   0  1.03 0.31
  135 M    5 -3 -3 -3 -2 -2 -3 -2 -3 -1  0 -2  5 -3 -3  1 -2 -4 -3 -1   61   0   0   0   0   0   0   0   0   2   6   0  21   0   0  11   0   0   0   0  0.73 0.28
  136 A    4 -3 -3 -3 -2 -3 -3  2 -3  0  2 -3  2 -2 -3 -1 -2 -3 -3  0   48   0   0   0   0   0   0  14   0   3  26   0   6   0   0   0   0   0   0   3  0.45 0.20
  137 R   -2  6 -2 -3 -4  1 -2 -3 -2 -4 -4  0 -3 -2 -3  3  1 -4 -3 -4    0  57   0   0   0   5   0   0   0   0   0   0   0   2   0  28   7   0   0   0  0.92 0.30
  138 L    0 -3 -3 -4  2 -3 -3 -2  2  1  3 -3  2  2 -3 -2  0 -2 -1  1   10   0   0   0   4   0   0   2   7   4  38   0   6  11   0   0   6   0   0  10  0.28 0.13
  139 N   -3 -2  7  3 -5 -2 -2  1  4 -5 -5 -2 -4 -5 -4 -1 -2 -5 -3 -5    0   0  60  19   0   0   0   9  12   0   0   0   0   0   0   0   0   0   0   0  1.18 0.32
  140 V   -2  2 -3 -4 -3 -2 -3 -4 -3  4  2 -1  0 -2 -4 -3 -1 -4 -2  2    0  18   0   0   0   0   0   0   0  38  22   2   0   0   0   0   2   0   0  17  0.49 0.19
  141 P   -1 -4 -4 -4 -5 -4 -3 -4 -5 -5 -5 -3 -5 -6  8 -3 -3 -6 -5 -5    4   0   0   0   0   0   0   0   0   0   0   0   0   0  96   0   0   0   0   0  2.74 0.49
  142 S    3 -2 -2 -2 -1 -2 -2  0 -3 -2 -2 -2  0 -3 -2  3  3 -4 -3  1   28   0   0   0   1   0   0   7   0   0   0   0   2   0   0  27  24   0   0  11  0.42 0.19
  143 I   -2 -5 -5 -5 -3 -4 -5 -5 -5  6  1 -4  0 -1 -4 -4 -2 -4 -3  3    2   0   0   0   0   0   0   0   0  72   5   0   0   2   0   0   0   0   0  20  1.06 0.30
  144 Y   -2 -4 -4 -4  0 -2 -3 -2 -2  0  0 -4  3  6 -4 -3 -3 -1  3  1    2   0   0   0   2   2   2   3   0   2   6   0  13  48   0   0   0   0  10  11  0.72 0.23
  145 I   -1 -4 -4 -4  2 -3 -2 -5 -4  3  1 -4  1 -2 -4 -3 -2 -4 -3  5    3   0   0   0   4   0   2   0   0  12  12   0   2   0   0   0   0   0   0  64  0.73 0.24
  146 Y   -2 -3 -1 -3 -3 -2 -3 -3 -2 -1 -3 -2 -3 -1  5  3  0 -2  5  0    0   0   2   0   0   0   0   0   0   3   0   0   0   0  28  29   3   0  28   6  0.77 0.26
  147 G    2 -4 -2 -3  1 -3 -3  6 -4 -4 -4 -3 -3 -4 -3  0 -1 -4 -4 -1   15   0   0   0   3   0   0  68   0   0   0   0   0   0   0   4   4   0   0   6  1.02 0.26
  148 G   -2 -4 -2 -3 -5 -4 -4  7 -4 -6 -6 -4 -5 -5 -4 -2 -4 -5 -5 -5    0   0   0   0   0   0   0 100   0   0   0   0   0   0   0   0   0   0   0   0  2.01 0.41
  149 S   -1 -3 -3 -3 -4 -3 -3 -3 -3 -3 -3 -3 -3 -4  7  1  3 -4  0 -2    4   0   0   0   0   0   0   0   0   0   2   0   0   0  57  10  22   0   3   2  1.29 0.30
  150 A   -2 -4 -4 -5 -4  0 -4 -5 -4  4  0 -4  9 -2 -5 -3 -1 -4 -3 -1    2   0   0   0   0   5   0   0   0  27   0   0  63   0   0   0   3   0   0   0  1.38 0.42
  151 E    0  1 -2 -1 -3  0  2 -1 -2 -1  2  0  1 -2 -1 -1  0 -3 -2 -1   10   8   0   2   0   1  16   3   0   0  37   7   3   0   2   4   5   0   0   1  0.16 0.12
  152 P    2  0  2 -1 -3 -2 -2 -2  0 -3 -4 -2 -3 -4  5  2  2 -4 -3 -3   24   4  11   2   0   0   0   0   2   0   0   0   0   0  30  14  13   0   0   0  0.64 0.21
  153 G   -2 -4 -2 -3 -4 -4 -4  7 -4 -6 -6 -4 -5 -5 -4 -2 -4 -4 -5 -5    0   0   0   0   0   0   0  98   0   0   0   0   0   0   0   0   0   0   0   0  1.96 0.42
  154 F   -1 -1  1 -2 -3  0  0 -3  4  0  0  2 -1 -1 -1  1  0  1  0 -1    0   0   6   0   0   3   5   0  16   7  11  21   0   2   2  13   4   2   3   5  0.16 0.12
  155 Y    0 -2 -2 -1  0 -2 -2 -3  2 -1 -1 -1  1  2  3  0  0  4  2 -1    7   0   0   4   2   0   0   0   6   3   5   2   5  13  14   7   8   8  10   5  0.23 0.10
  156 L   -1  3  3  0 -3  1  0 -1  0 -3 -3  3 -2 -4 -2  0  0 -4 -3 -3    4  20  22   3   0   6   2   3   1   0   2  25   0   0   0   4   6   0   0   0  0.41 0.16
  157 G   -1 -2 -1  1 -4 -2  0  5 -3 -4 -3  1 -3 -4 -2  1 -2 -4 -4 -4    0   0   0   7   0   0   6  57   0   0   2  10   0   0   1  15   0   0   0   0  0.77 0.23
  158 R   -1  1 -1  3 -4  2  4 -2  0 -3 -3  3 -1 -4 -2 -1 -1 -4 -3 -3    4   6   0  17   0   7  37   1   2   2   0  19   2   0   0   0   2   0   0   0  0.56 0.20
  159 R    0  2  1  1 -3  1  0 -2  1 -1 -1  3 -2 -3  1  0 -1 -4 -2  0    7  11   7   7   0   6   5   0   4   2   6  27   0   0   6   3   1   0   0   8  0.20 0.10
  160 L    0 -2 -3 -3 -2 -1 -3 -2  0  3  2 -2  0 -1 -3 -1  0 -3 -1  2    9   2   0   0   0   3   0   2   3  21  29   2   0   0   0   2   7   0   2  18  0.24 0.12
  161 T   -1  1  0  4 -3 -1  0  2 -2  0 -3 -1 -3 -4 -3  1  2 -4 -3 -2    3   8   2  29   0   0   2  15   0   8   0   1   0   0   0  13  18   0   0   0  0.36 0.16
  162 I   -2 -3 -3 -4  3 -3 -3  2 -3  4  1  0 -1 -1 -2 -2 -2 -3  0  2    0   0   0   0   8   0   0  17   0  37   9   8   0   2   2   2   0   0   4  12  0.29 0.16
  163 E   -1  2  0 -2 -2  0  0 -1 -2  0  0 -1  0 -2 -2  1  3 -3 -2  2    0  15   4   0   0   2   7   6   0   1   8   0   2   0   0   8  23   0   0  23  0.18 0.13
  164 D   -1 -2  0  4 -3  3  1 -2  1 -1 -3 -1 -2 -4 -2  3  1 -4 -3 -1    0   0   2  30   0  15   5   0   4   5   0   0   0   0   0  27   7   0   0   3  0.46 0.19
  165 V    2 -2 -3 -3  3 -2 -2 -2 -3  1  2 -2  1 -1 -2 -1  0 -3 -2  2   21   1   1   1   8   0   1   1   0   4  26   1   3   0   1   4   5   0   0  23  0.24 0.11
  166 H   -2  0 -3 -3  0 -2 -3 -2  0  0 -1 -1  0  5 -3 -2 -2  7  1  1    1   7   1   1   2   1   1   3   2   4   1   3   2  34   1   1   1  17   2  14  0.57 0.17
  167 E   -1  1 -1  2 -3  3  3 -2  0 -3 -2  2 -2 -3 -2  0  0 -3 -2 -2    1   9   1  12   0  15  26   1   3   1   5  13   0   1   1   3   7   0   1   1  0.34 0.11
  168 A    3 -2 -2 -2 -2 -1 -1  1 -1 -2  0 -1  1  0 -2  1 -1 -2  2 -1   40   1   1   1   0   3   1   9   0   1   7   3   5   2   1  11   1   0  11   1  0.24 0.12
  169 I   -1  0 -2 -2 -2 -1 -2 -2  0  0  0 -1  3  0 -2  0 -1  5  3  2    4   8   1   1   0   1   1   1   2   4   3   1  13   1   1  12   3  11  14  19  0.25 0.12
  170 G    0 -2  0  1 -3 -1  1  4 -2  0 -2 -2 -2 -3 -2 -1 -1 -3 -3 -1    8   1   3   7   0   1  14  45   0   7   1   1   0   1   1   1   3   0   0   5  0.43 0.14
  171 A    1  1 -1  0 -3  4  3 -2  1 -2 -1  1  0 -3 -2  0 -1 -3 -2 -2   17   9   0   3   0  24  20   1   4   2   6   6   3   0   0   3   0   0   0   2  0.30 0.13
  172 F   -1 -1 -3 -4  0 -2 -3  0  3 -2  0 -2 -2  3 -4 -1 -2  0  6  0    4   3   0   0   3   0   0   7   8   0   8   2   0  15   0   3   0   0  39   9  0.56 0.20
  173 I    3  2 -2 -1 -2  0  0 -1 -2  0 -1  1 -2 -3 -2  0  0 -4 -3 -1   43  16   0   2   0   3   5   1   0   9   4   9   0   0   0   4   3   0   0   1  0.29 0.15
  174 A    3  0  1  2 -2 -1  1 -1 -2 -2 -2  0  0 -3 -2  1  1 -3 -1 -1   34   4   7  11   0   0  11   2   0   0   2   3   3   0   0   8   8   0   3   2  0.23 0.12
  175 G   -2 -3 -2  0 -4 -1 -1  6 -3 -5 -5  0 -4 -5  1 -1 -3 -4 -5 -5    0   0   0   6   0   2   4  75   0   0   0   5   0   0   7   1   0   0   0   0  1.20 0.29
  176 K   -1  1  1  1 -4  3  3 -3 -1 -3 -3  3 -2 -4 -2  0  1 -4 -3 -2    4   4   8   5   0  14  28   0   0   0   0  22   0   0   0   3   9   0   0   2  0.45 0.16
  177 I   -1 -3 -4 -4 -2 -3 -4 -4 -4  4  2 -2  3  0 -4 -3 -1 -3 -1  3    4   0   0   0   0   0   0   0   0  42  15   2  11   4   0   0   2   0   1  20  0.54 0.18
  178 D   -1 -2  0  4 -3 -2 -1  0 -2 -3 -4 -2 -3 -4 -3  3  3 -5 -3 -3    0   0   3  29   0   0   2   5   0   0   0   0   0   0   0  34  28   0   0   0  0.66 0.23
  179 E    0  2 -1  2 -4  2  3 -3 -1 -2  1  1 -1 -3 -3 -1 -2 -3  0 -2    8  12   0  16   0  12  26   0   0   0  16   6   0   0   0   0   0   0   4   0  0.33 0.14
  180 H    1 -1 -1  3 -4  2  4 -2  1 -3 -3  0  0 -4 -1  0 -2 -4 -3 -3   18   0   0  16   0   8  38   0   3   1   0   6   4   0   2   4   0   0   0   0  0.49 0.18
  181 E    1  0 -1  4 -4  3  4  0 -2 -4 -4  0 -3 -4 -2 -1 -2 -4 -3 -3   12   3   0  24   0  14  38   5   0   0   0   2   0   0   0   1   0   0   0   0  0.64 0.20
  182 L   -1  1 -3 -4 -3 -2 -3 -4 -3  1  3 -2  2  4 -4 -1 -2  3  1  0    4  13   0   0   0   0   0   0   0   5  33   0   5  21   0   5   1   5   3   4  0.34 0.14
  183 Y   -1  1 -1  0 -3  0  1 -3  0  0  2  1  1  0 -2 -1  0 -2  0 -1    6   9   1   6   0   3  12   0   3   5  24  12   6   3   0   0   4   0   4   2  0.10 0.07
  184 E   -1  0  1  3 -4  1  4  0  0 -4 -4  0 -3 -1 -3 -1 -1 -4 -3 -4    4   6   4  22   0   5  40   7   2   0   0   2   0   5   0   1   2   0   0   0  0.54 0.18
  185 I    2 -3 -3 -3 -2 -2 -3 -3 -2  2  1 -2  2 -1 -3  1  0 -2  2  2   21   0   0   0   0   0   0   0   0  17   8   0   9   1   0  11   2   0   9  21  0.25 0.13
  186 E   -1 -1  0 -1 -4  1  5 -1 -2  0 -3  0 -2 -4 -3 -1 -1 -4 -3  1    3   2   3   0   0   2  60   4   0   5   0   3   0   0   0   3   2   0   0  13  0.62 0.22
  187 K    1  2  1 -1  3  1  1  0  0 -3 -2  1  0 -3 -2  2  0 -3 -2 -2   14  17   5   1  10   4  11   4   1   0   1   6   3   0   0  18   5   0   0   0  0.23 0.10
  188 R    1  2  3 -1 -1  0  0  0  3 -3 -3  2 -2 -3 -2  2  0 -4 -2 -1   11  12  17   0   1   3   2   5  10   0   0  15   0   0   0  18   3   0   0   4  0.27 0.11
  189 A    4 -1 -2 -3 -2 -2 -2  0 -3 -1 -1 -2  3 -3 -2  2 -1 -4 -3 -1   52   3   0   0   0   0   0   3   0   2   5   0  11   0   0  22   0   0   0   2  0.48 0.20
  190 H    0 -4 -2 -4  8 -3 -4 -4  0  0 -2 -3 -2 -2 -4  0 -1 -2  4  0    7   0   1   0  46   0   0   0   3   8   0   0   0   0   0   7   4   0  18   6  0.97 0.25
  191 P    0  2 -3 -3 -4 -2 -2 -3  5 -4 -4 -1 -4 -4  7 -2 -1 -5 -3 -4    8  13   0   0   0   0   0   0  18   0   0   2   0   0  56   0   3   0   0   0  1.36 0.29
  192 T    0 -3  0 -2 -2 -2 -2  3 -3 -3 -4 -2 -3 -4 -2  4  2 -4 -3 -1    5   0   2   0   0   0   0  29   0   0   0   0   0   0   0  43  18   0   0   3  0.61 0.21
  193 V    2 -1 -2 -3  5 -1 -2 -1  1 -2 -3 -2 -2 -3  4  1  0 -4 -3  0   19   2   0   0  19   3   0   4   5   0   0   0   0   0  22  13   4   0   0   8  0.51 0.16
  194 G   -2 -4 -2 -3 -4 -4 -4  7 -4 -5 -5 -3 -4 -1 -4 -2 -3 -4 -4 -5    0   0   0   0   0   0   0  97   0   0   0   0   0   3   0   0   0   0   0   0  1.80 0.35
  195 T    2 -1 -1 -2 -2 -2 -2 -1  2 -2 -3 -2 -2 -3 -2  3  4 -4 -1 -1   16   1   0   0   0   0   0   4   8   0   0   0   0   0   0  31  36   0   1   3  0.50 0.20
  196 C   -3 -6 -5 -6 11 -5 -6 -5 -6 -4 -4 -6 -4 -5 -5 -3 -3 -5 -5 -3    0   0   0   0 100   0   0   0   0   0   0   0   0   0   0   0   0   0   0   0  3.23 0.53
  197 S    0 -2  2 -1 -3  0 -2  3 -2 -3 -3 -2  0 -3 -2  3  2 -4 -3 -2    4   0  14   0   0   4   0  28   0   0   0   0   4   0   0  26  19   0   0   0  0.46 0.16
  198 G   -1 -3 -2 -3 -3 -3 -3  5 -3 -3 -3 -3 -2  4 -3 -1  2 -2 -1 -1    2   0   0   0   0   0   0  49   0   0   0   0   0  25   0   0  18   0   0   4  0.72 0.21
  199 M   -3 -3 -4 -5 -4  0 -4 -5 -2  0  1 -3  9 -1 -4 -3 -3 -2  4 -1    0   0   0   0   0   4   0   0   0   2   5   0  69   0   0   0   0   0  19   0  1.43 0.39
  200 F   -2 -4 -3 -3 -4 -3 -2  5 -2 -3 -3 -3 -3  5 -4 -2 -3 -1  5 -3    0   0   0   0   0   0   3  46   0   0   0   0   0  26   0   0   0   0  23   0  0.94 0.25
  201 T   -2 -3 -2 -3 -3 -3 -3 -4 -4 -3 -3 -3 -3 -4 -3 -1  7 -5 -4 -2    0   0   0   0   0   0   0   0   0   0   0   0   0   0   0   0 100   0   0   0  1.73 0.44
  202 A    6 -4 -4 -4 -2 -3 -3 -2 -4 -3 -4 -3 -3 -4 -3 -1 -2 -5 -4 -2  100   0   0   0   0   0   0   0   0   0   0   0   0   0   0   0   0   0   0   0  1.47 0.41
  203 N   -3 -2  7 -1  1 -2 -2  0 -2 -5 -3 -2 -4 -5 -4  2 -1 -5 -4 -4    0   0  71   0   3   0   0   5   0   0   2   0   0   0   0  18   1   0   0   0  1.23 0.35
  204 T   -1 -3 -2 -3 -3 -2 -2 -3 -3 -3 -4 -2 -3 -4 -3  4  6 -5 -4 -2    0   0   0   0   0   0   0   0   0   0   0   0   0   0   0  37  63   0   0   0  1.15 0.36
  205 M   -3 -3  3 -4 -4 -3 -4 -4 -3 -2  0 -3  9 -3 -5 -1 -3 -4 -4 -2    0   0  19   0   0   0   0   0   0   0   1   0  75   0   0   5   0   0   0   0  1.68 0.49
  206 G    3 -2  4 -2 -3  4 -1 -1  1 -4 -4 -1 -3 -4 -3  1  0 -4 -3 -3   36   0  23   0   0  26   0   2   3   0   0   0   0   0   0   6   4   0   0   0  0.60 0.26
  207 S    0 -3 -3 -3  7 -3 -3 -3 -3 -2 -1 -3  4 -3 -3  3  1 -4 -3  0    6   0   0   0  27   0   0   0   0   0   5   0  17   0   0  28  11   0   0   6  0.70 0.27
  208 M    1 -3 -4 -4  0 -3 -3 -3 -4  2  3 -3  3 -1 -3 -1 -2 -3 -2  2   18   0   0   0   1   0   0   0   0   8  42   0   9   0   0   4   0   0   0  18  0.45 0.19
  209 S    2 -3 -2 -3  2 -2 -3 -2 -3  2  0 -2  3  1 -3  1  2 -3 -2  1   24   0   1   0   6   0   0   0   0  12   5   0  13   6   0   9  16   0   0   9  0.26 0.16
  210 E   -3 -2 -2  1 -6  0  7 -4 -2 -5 -5 -2 -4 -6 -3 -2 -3 -5 -4 -2    0   0   0   7   0   0  90   0   0   0   0   0   0   0   0   0   0   0   0   3  1.67 0.47
  211 A    5 -3 -3 -4 -2 -3 -3 -1 -3  0 -2 -3  2 -1 -3  0 -1 -4 -3  2   64   0   0   0   0   0   0   2   0   5   0   0   5   3   0   3   3   0   0  14  0.65 0.28
  212 L   -3 -4 -5 -5 -3 -3 -5 -5 -4  1  5 -4  6 -2 -5 -4 -3 -4 -3 -1    0   0   0   0   0   0   0   0   0   5  65   0  30   0   0   0   0   0   0   0  1.18 0.36
  213 G   -2 -5 -3 -4 -5 -4 -4  7 -4 -6 -6 -4 -5 -6 -4 -1 -4 -5 -5 -6    0   0   0   0   0   0   0  97   0   0   0   0   0   0   0   3   0   0   0   0  2.03 0.48
  214 M   -3 -4 -5 -5 -3 -3 -4 -5 -4  0  4 -4  7 -1 -5 -4  0 -4 -3  0    0   0   0   0   0   0   0   0   0   0  45   0  44   1   0   0   5   0   0   5  1.15 0.39
  215 A    2 -2 -1 -2  1  1 -2  0  4 -3 -3 -2  2 -3 -3  3  2 -4 -2 -1   22   0   0   0   2   7   0   5  12   0   0   0   7   0   0  28  14   0   0   3  0.40 0.23
  216 L   -3 -4 -5 -5 -3 -1 -4 -5 -4  2  5 -4  2 -1 -2 -4 -2 -4 -3  1    0   0   0   0   0   4   0   0   0   9  73   0   4   0   2   0   1   0   0   6  0.88 0.31
  217 P   -2 -3 -4 -4 -5 -3 -2 -4 -4 -2 -3 -3 -1 -6  8 -1 -2 -6 -5 -4    2   1   0   0   0   0   2   0   0   2   3   0   2   0  83   3   2   0   0   0  2.17 0.51
  218 G   -2 -4  0 -3 -4 -1 -3  6  2 -5 -5 -3 -4 -1 -4 -2 -2 -3  3 -5    0   0   4   0   0   2   0  68   7   0   0   0   0   3   0   1   2   0  13   0  1.15 0.35
  219 S    1 -3  4 -2  0 -2 -2  0  3 -4 -4 -2 -3 -4 -3  4 -1 -5 -3 -2   14   0  25   0   2   0   0   5   7   0   0   0   0   0   0  46   0   0   0   2  0.73 0.34
  220 A    4 -3 -2 -3 -3 -3 -3  3 -3 -4 -4 -2 -3 -4 -3  4 -1 -5 -4 -3   35   0   0   0   0   0   0  20   0   0   0   0   0   0   0  45   0   0   0   0  0.87 0.37
  221 S    1 -3 -2 -3 -3 -3 -3 -1 -3 -3  0 -3 -2  4 -1  4  3 -3 -1 -2    9   0   0   0   0   0   0   5   0   0   8   0   0  22   3  36  18   0   0   0  0.48 0.28
  222 P    1 -3 -1 -3 -1 -1 -3 -3 -3  4  0 -3  2  1  0 -1  1 -3 -2  2   13   0   3   0   1   3   0   0   0  33   4   0   7   6   6   2   8   0   0  15  0.30 0.18
  223 T   -1 -1  2 -2 -4 -1 -3 -4  2 -3  0 -3 -3 -4  7 -2 -2 -5 -4 -2    6   3  10   1   0   2   0   0   7   0  13   0   0   0  53   0   2   0   0   3  1.13 0.36
  224 A    5 -3 -1 -3 -3 -3 -3 -1 -4 -1 -3 -3 -3 -4  3  1 -1 -5 -4 -2   65   0   3   0   0   0   0   1   0   4   0   0   0   0  15  10   2   0   0   0  0.88 0.37
  225 T   -1 -2  1  1 -3 -2  1  0  1  0 -2 -2 -2 -3  3  0  2 -4 -1  1    3   0   6   7   0   0   8   7   5   4   2   0   0   0  16   5  18   0   2  18  0.24 0.15
  226 S   -1 -2  1  3 -3 -1 -1 -1  4 -4 -3 -2 -3 -2 -3  3  2 -3  2 -3    2   0   4  19   0   2   2   3  11   0   2   0   0   0   0  28  16   0  11   0  0.45 0.25
  227 S    1  0 -2  0  1  0 -1  1 -3 -2 -3  0 -3 -4  5  2 -1 -4 -3 -2   15   5   0   6   4   5   3   9   0   2   0   5   0   0  27  16   1   0   0   1  0.47 0.19
  228 R    0  1 -1  2 -3 -1  3 -1 -2 -1  1 -1 -1 -3 -3 -1 -2 -4 -3  0    8  11   3  15   0   0  24   5   0   3  21   0   1   0   0   2   0   0   0   6  0.21 0.16
  229 R   -3  6 -3 -4 -5 -1 -2 -4  1 -5 -2  4 -1 -5 -4 -3 -3  2 -3 -4    0  59   0   0   0   0   0   0   4   0   4  27   2   0   0   0   0   3   0   0  1.28 0.45
  230 I   -1  2 -1  2 -3  1  1 -1 -2  0  0  2  1 -2 -1 -1 -2 -3 -1 -1    4  11   2  17   0   4  12   3   0   5  11  16   6   0   2   1   0   0   2   5  0.17 0.13
  231 M    2  2  1  2 -3  2  2 -2 -2 -3 -3  1 -1 -4 -3  0 -2 -4 -3 -1   27  15   6  11   0  11  13   1   0   0   0   6   2   0   0   3   0   0   0   4  0.34 0.20
  232 Y   -1  0 -2 -1 -1 -2  2 -4 -1  1  3 -2  3 -1 -4 -1 -2 -3  0  0    2   4   1   2   1   0  18   0   1   7  43   0   8   1   0   4   0   0   4   3  0.32 0.22
  233 V    3 -1 -3 -3  6 -3 -3 -2  1  0 -2 -3 -2  2 -3  0  2 -3 -2 -1   28   3   0   0  21   0   0   2   4   6   0   0   0  10   0   6  18   0   0   3  0.49 0.26
  234 R    1  3 -1  2 -3  0  1 -3  1 -1 -1  1 -2 -1 -3 -1 -2 -3  1 -1   14  23   0  14   0   2  12   0   4   2   9   8   0   1   0   2   0   0   7   2  0.24 0.17
  235 E    1  1  1  0 -3  1  2  0  1 -2 -1  2  1 -3 -2  0 -1 -3 -1 -2   19   8   8   4   0   6  16   6   4   1   5  13   5   0   0   3   0   0   2   0  0.18 0.13
  236 T    4 -3 -2 -3  1 -2 -2 -1 -3  0 -1 -2 -2 -3 -1  2  2 -4 -3  0   47   0   0   0   2   0   0   2   0   6   4   0   0   0   2  18  15   0   0   4  0.49 0.27
  237 G    4 -4 -3 -3 -3 -3 -1  5 -4 -4 -4 -3 -4 -5  0 -1 -3 -5 -4 -3   39   0   0   0   0   0   5  52   0   0   0   0   0   0   4   0   0   0   0   0  1.03 0.37
  238 K    0  4  1 -1 -3  0  2 -3  0 -1 -1  1  0 -1 -3 -1 -1 -3 -2 -1   10  26   9   0   0   2  18   0   1   3   8   9   4   4   0   1   3   0   0   2  0.27 0.17
  239 A    3  4 -2 -3  0  2 -1 -3  1 -3 -2  1 -1 -3 -3 -1 -1 -3  1 -1   33  26   0   0   2  11   1   0   4   0   3   5   2   0   0   0   4   0   6   4  0.38 0.23
  240 V    1 -4 -4 -4  0 -3 -4 -4 -4  5  1 -4  2 -2 -4 -1 -2 -4 -3  3   14   0   0   0   2   0   0   0   0  47   7   0   5   0   0   6   0   0   0  19  0.61 0.27
  241 S   -1  1 -3 -3  2 -2 -3 -4 -3  0  0  2  3 -3 -3 -1  1 -4 -3  4    4   8   0   0   5   0   0   0   0   0   5  14  12   0   0   3  11   0   0  37  0.35 0.25
  242 R    0  1  1  1 -3  1  3  0 -2 -1 -3  1 -2 -4 -2  0  0 -4 -3 -1   10   9   9   8   0   7  28   6   0   5   0   6   0   0   0   3   6   0   0   3  0.28 0.18
  243 L    0 -4 -4 -5  3 -3 -4 -5 -4  1  4 -4  5 -2 -4 -3  0 -3 -3 -1    7   0   0   0   8   0   0   0   0   6  51   0  23   0   0   0   6   0   0   0  0.77 0.37
  244 L    0 -2 -2 -2  2 -2 -2  0 -3  1  1 -1  3 -2 -3 -1  1 -3 -1  2    8   0   0   2   4   0   0   8   0   5  14   2  14   0   0   3  14   0   2  21  0.17 0.15
  245 E    0  2  1  1 -3  1  3 -1  1 -3 -2  2 -2 -1 -2  0 -2  1 -2 -3    6  11   6   5   0   4  26   5   4   0   2  17   0   4   0   5   0   3   0   0  0.30 0.17
  246 N    0  1  1  1 -2  1  1  0 -1 -2  0  1  1 -2 -2  1  1 -3 -2 -2    8   8   8   8   0   8   8   8   0   0   8   8   8   0   0   8   8   0   0   0  0.12 0.10
  247 G   -2  0  1  3 -4  0 -1  3  2 -4 -3 -1 -3  1 -3  1 -2 -2  3 -3    0   4   8  22   0   3   0  27   5   0   0   2   0   6   0  11   0   0  12   0  0.39 0.18
  248 V   -1  1  0 -3 -2 -2 -3 -3 -2  2  2 -2  2  1 -3 -2  1 -2  2  1    5   9   6   0   0   0   0   0   0  22  23   0   6   5   0   0  11   0   9   6  0.20 0.13
  249 K   -2  3 -2 -2 -3  0  1 -3  1 -2 -1  2 -2 -3  4 -1  1 -3 -1 -1    0  23   0   0   0   3  11   0   4   0   7  12   0   0  24   0   9   0   2   5  0.44 0.17
  250 S   -1 -3 -3 -3 -3 -3 -3 -4 -4  1  0 -3  0  0  6 -1 -1  4 -2  0    5   0   0   0   0   0   0   0   0  12   6   0   3   5  46   3   4   8   0   8  0.89 0.24
  251 R    0  4 -1  0 -3  0 -1  3 -2 -3 -3  0  2 -4 -3  1 -1 -4 -3 -3    4  29   0   4   0   4   0  28   0   0   0   3   8   0   0  16   3   0   0   0  0.43 0.18
  252 D   -1  1  1  3 -4  1  2 -2  1 -3 -3  2 -3 -4  1  0  1 -4 -3 -3    2   9   4  24   0   6  13   0   4   0   0  15   0   0   8   5  10   0   0   0  0.39 0.14
  253 I   -1 -3 -3 -4 -2 -2 -3 -4 -3  2  2 -3  3  3 -3 -2 -1 -1  0  2    0   0   0   0   0   0   0   0   0  20  20   0  20  20   0   0   0   0   0  20  0.31 0.05
  254 L    0 -3 -4 -4 -2 -3 -3 -4 -4  3  3 -3  3 -1 -3 -2 -1 -3 -2  3   10   0   0   0   0   0   0   0   0  21  29   0  13   0   0   0   0   0   0  27  0.49 0.16
  255 T   -2 -2  1  3 -3 -2  0 -3 -3 -3 -3 -1 -3 -4 -3  0  6 -4 -3 -2    0   0   6  22   0   0   4   0   0   0   0   2   0   0   0   2  64   0   0   0  0.87 0.27
  256 F   -2  3 -1  0 -4  0  4 -2 -2 -3 -3  4 -2 -1 -2  0 -2 -4 -3 -3    0  19   0   3   0   0  31   2   0   2   2  32   0   4   1   4   0   0   0   0  0.54 0.18
  257 E    1  2 -1  1 -3  1  3 -1  0 -3 -3  3 -2 -2 -1 -1 -1 -4 -2 -3   17  13   0   9   0   6  22   2   1   0   0  22   0   3   2   1   2   0   0   0  0.35 0.13
  258 A    5 -3 -2 -3 -2 -2 -2 -1 -3 -2 -3 -2 -2 -4 -2  3  0 -4 -3  0   60   0   0   0   0   0   0   0   0   0   0   0   0   0   0  28   4   0   0   8  0.70 0.25
  259 F   -3 -4 -5 -5  1 -4 -5 -5 -3  3  1 -4 -1  6 -5 -4 -3 -2  0  1    0   0   0   0   4   0   0   0   0  27  11   0   0  51   0   0   0   0   0   8  0.87 0.24
  260 E   -1  0 -2  1 -3  0  4 -3  0  0 -1  0 -2 -3 -3 -2 -2 -4 -3  2    3   4   0   9   0   0  46   0   2   4   5   4   0   0   0   0   0   0   0  23  0.44 0.18
  261 N   -4 -2  8  2 -5 -2 -2 -2 -1 -5 -6 -2 -4 -5 -4 -1 -2 -6 -4 -5    0   0  92   8   0   0   0   0   0   0   0   0   0   0   0   0   0   0   0   0  1.80 0.41
  262 A    5 -3 -3 -3 -2 -2 -3  3 -3 -3 -3 -2 -3 -4 -3  0 -2 -4 -3  0   72   0   0   0   0   0   0  19   0   0   0   0   0   0   0   5   0   0   0   5  0.85 0.31
  263 I   -1 -4 -4 -4 -2 -3 -4 -4 -4  4  2 -3  4  1 -4 -3 -2 -3 -2  3    5   0   0   0   0   0   0   0   0  37  12   0  18   4   0   0   0   0   0  23  0.59 0.25
  264 A    1  2 -2 -3 -2 -2 -2 -3 -3  1  0 -1  1 -1 -3  0  2 -3 -2  3   11  18   0   0   0   0   0   0   0   8   4   2   3   3   0   4  16   0   0  32  0.24 0.18
  265 V    1 -2 -2 -3 -2 -2 -2  0 -3  2  1 -2  1 -1 -2  0  1 -2  0  2   15   0   0   0   0   0   0   6   0  12  18   0   3   0   0   4   8   0   4  26  0.18 0.12
  266 L   -1 -2  1  2 -2 -2 -1 -3  3  1  1 -2  1 -1 -3 -1  0 -3  0  2    5   0   9  19   0   0   0   0   9   6  21   0   3   0   0   0   4   0   3  18  0.17 0.13
  267 M    2 -2  0 -3 -2 -1 -2 -1  2  1  1 -2  5  0 -3  0  0 -3 -1  0   20   0   5   0   0   2   0   3   7  11   8   0  26   4   0   4   4   0   0   4  0.20 0.17
  268 A    5 -2 -2 -3  1 -2 -2 -1 -3 -1 -2 -2  0 -3 -2  0 -1 -3 -3  0   81   0   0   0   2   0   0   1   0   4   1   0   2   0   0   2   2   0   0   3  0.68 0.21
  269 M   -1 -2 -2 -3 -2 -2 -3 -3 -3  2  2 -2  5  0 -3 -1  2 -2 -2  1    1   0   0   0   0   0   0   1   0  15  20   0  26   3   0   3  19   0   0   8  0.32 0.12
  270 G    0  1 -1 -2 -3 -2 -2  6 -2 -4 -4 -2 -3 -4 -3  1 -2 -3 -3 -3    3  11   0   0   0   0   0  70   0   0   1   0   0   0   0  11   0   0   0   0  0.92 0.19
  271 G    1 -3 -1 -2  6 -2 -3  4 -3 -2 -3 -2 -2 -3 -2  0 -1 -3 -3 -2   14   0   0   0  37   0   0  49   0   0   0   0   0   0   0   0   0   0   0   0  0.66 0.03
  272 S    1 -1  0 -1 -1 -1 -1  3 -1 -3 -3 -1 -2 -3 -1  4  1 -3 -2 -2    0   0   0   0   0   0   0  29   0   0   0   0   0   0   0  71   0   0   0   0  0.47 0.03
  273 T    0 -2 -1 -1 -2 -1 -1 -2 -2  0 -2 -1 -1 -3  4  2  3 -3 -2 -1    0   0   0   0   0   0   0   0   0   9   0   0   0   0  29  20  43   0   0   0  0.51 0.02
  274 N   -3 -2  8  0 -4 -1  1 -2 -1 -5 -5 -1 -4 -5 -3 -1 -2 -5 -4 -4    0   0  91   0   0   0   9   0   0   0   0   0   0   0   0   0   0   0   0   0  1.48 0.26
  275 A    3 -2 -1 -2  2 -1 -2  0  3 -2 -1 -2 -2 -3 -2  1  2 -3 -2 -1   44   0   0   0   4   1   0   5  13   0   5   0   0   0   0   5  22   0   0   0  0.36 0.12
  276 V    0 -3 -3 -3 -2 -2 -3 -2 -3  2  1 -2  1  1  1 -2  1 -3 -1  3    5   0   0   0   0   2   0   2   0   8   8   0   3   9   8   0  12   0   0  44  0.27 0.09
  277 L   -2 -3 -4 -4 -2 -3 -3 -4 -4  3  4 -1  2 -1 -1 -3 -2 -3 -2  2    0   0   0   0   0   0   0   0   0  18  56   4   6   0   3   0   0   0   0  13  0.51 0.14
  278 H   -4 -2 -1 -3 -5 -1 -2 -4 10 -5 -5 -3 -4 -3 -4 -3 -4 -4  0 -5    0   0   0   0   0   0   0   0 100   0   0   0   0   0   0   0   0   0   0   0  2.48 0.40
  279 L   -2 -3 -4 -5 -2 -3 -4 -5 -4  1  5 -3  2  0 -4 -3 -1  1 -1  0    0   0   0   0   0   0   0   0   0   6  79   0   4   3   0   0   4   2   2   0  0.75 0.18
  280 L   -1 -2 -1 -3 -2 -1 -2 -3 -3  2  2 -1  0 -1  3 -2  0 -3 -2  1    4   0   5   0   0   4   0   0   0  22  32   3   0   0  14   0   8   0   0   8  0.27 0.09
  281 A    6 -3 -3 -3 -2 -2 -2  0 -3 -3 -3 -2 -2 -4 -2  0  0 -4 -3 -2   91   0   0   0   0   0   0   4   0   0   0   0   0   0   0   0   4   0   0   0  0.97 0.25
  282 I    0 -3 -4 -4 -2 -3 -3 -4 -4  4  1 -3  5 -1 -3 -2 -1 -3 -2  2   10   0   0   0   0   0   0   0   0  43   7   0  26   0   0   0   2   0   0  11  0.55 0.16
  283 A    6 -3 -3 -3 -2 -3 -3 -2 -3 -2 -3 -3 -2 -4 -3  1 -2 -4 -3  1   80   0   0   0   0   0   0   0   0   0   0   0   0   0   0   9   0   0   0  11  0.97 0.32
  284 Y   -1  3  3 -1 -4  1 -1  1  5 -2 -3  0 -1 -1 -3  0 -1 -3  1 -3    4  18  17   2   0   8   0  10  18   2   0   5   2   4   0   4   2   0   4   0  0.32 0.14
  285 E    3  1 -1 -1 -3  0  4 -1  2 -3 -3 -1 -3 -4 -2  1  0 -4 -3 -3   30   8   0   0   0   3  33   3   7   0   0   0   0   0   0  13   4   0   0   0  0.45 0.19
  286 A    2 -3 -2 -1  2 -2 -2  0 -2  1  1 -2  1  1 -3  0 -1 -2  1  1   29   0   0   5   6   0   0   9   0   7  15   0   5   6   0   5   0   0   5   8  0.15 0.10
  287 G    1 -3  2  2 -4 -2  2  5 -2 -5 -5 -2 -4 -4 -3 -1 -2 -4 -4 -4   11   0  10  15   0   0  14  49   0   0   0   0   0   0   0   0   0   0   0   0  0.76 0.21
  288 V   -2 -4 -4 -4  3 -4 -4 -1 -4  5  1 -4  0  0 -4 -3 -1 -4  0  4    0   0   0   0   7   0   0   5   0  42   6   0   0   2   0   0   3   0   3  32  0.61 0.26
  289 K   -1 -1  0  4 -4  2  3 -3  0 -2 -2  1 -3 -4  1 -1  1 -4 -3 -2    3   0   2  33   0   9  20   0   2   2   3   9   0   0   7   0   8   0   0   1  0.48 0.21
  290 L   -2 -3 -4 -4 -2 -3 -4 -4 -3  3  3 -3  0  3 -4 -3 -2  1  1  1    0   0   0   0   0   0   0   0   0  27  43   0   0  15   0   0   0   2   5   5  0.58 0.22
  291 T   -1 -2  2  4 -3 -1 -1 -2  0 -3 -3 -1 -3 -4 -2  1  4 -4 -1 -3    2   0   8  33   0   2   0   0   2   0   0   2   0   0   0  11  37   0   2   0  0.62 0.27
  292 L   -1 -3 -3 -4  0 -2 -3 -2 -3  2  3 -3  3 -1  1 -3 -2  5 -1  1    2   0   0   0   3   1   0   4   0  14  32   0   9   0   8   0   0  11   1  12  0.39 0.17
  293 D    1 -1  1  5 -3  0  2 -2  0 -4 -4 -1 -3 -2 -2  0 -1 -4  0 -3   13   3   5  42   0   4  15   0   3   0   0   0   0   2   0   5   2   0   3   0  0.54 0.21
  294 D   -2 -1 -1  6 -4 -2  1  1  0 -4 -4 -1 -1 -1 -3 -1  1 -4 -3 -2    2   4   0  54   0   0   5  10   3   0   0   2   3   4   0   3   8   0   0   2  0.68 0.27
  295 F   -2 -4 -5 -5 -3 -4 -4 -5 -3  3  1 -4  1  6 -5 -4 -3  7  2  0    3   0   0   0   0   0   0   0   0  22   8   0   3  39   0   0   0  17   4   4  0.96 0.30
  296 N    0 -2  2  5  0  2  2 -2 -2 -4 -4 -1 -3 -4 -1  1  0 -5 -4 -3    9   0  11  42   2  12  10   0   0   0   0   0   0   0   1  10   3   0   0   0  0.62 0.24
  297 R    1  5 -2  1 -2  0  2 -3 -1 -3 -2  1 -3 -4 -1 -1 -1 -4 -3 -1   12  42   0  10   1   1  15   0   1   0   2   4   0   0   3   1   3   0   0   5  0.51 0.25
  298 I   -2 -4 -4 -5  0 -3 -4 -5 -1  4  3 -4  4  0 -4 -3 -2 -3 -1  3    0   0   0   0   2   0   0   0   2  32  27   0  14   3   0   0   0   0   2  18  0.63 0.25
  299 S    0  0  1 -2 -3  0 -2  3  2 -3 -3 -2  0 -1 -3  4 -1 -4 -3 -1    6   4   6   0   0   3   0  22   6   0   0   0   4   3   0  42   0   0   0   4  0.45 0.25
  300 K   -1  5  0  2 -4  0  2 -2  0 -4 -4  3 -3 -1 -3 -1 -2 -4 -1 -4    3  36   2  15   0   2  12   2   2   0   0  18   0   4   0   3   0   0   2   0  0.55 0.24
  301 R   -1  2  0  1 -3  1  1  0  0 -2 -2  3  0 -3 -2  0  0 -4 -3  0    1  12   4  10   0   6   8   7   1   1   0  23   4   0   0   7   3   0   0  13  0.20 0.14
  302 T    0 -3 -3 -4 -2 -3 -3 -4 -4  2  0 -3  1 -1 -3 -1  3 -4 -3  4    7   0   0   0   0   0   0   0   0  10   3   0   3   2   0   4  24   0   0  47  0.55 0.27
  303 P   -3  0 -4 -4 -5 -3 -2 -5  2 -5 -5 -3 -5 -6  8 -3 -4 -6 -5 -5    0   5   0   0   0   0   2   0   5   0   0   0   0   0  88   0   0   0   0   0  2.46 0.57
  304 Y   -2  0  0 -1  2  0 -2 -4  3 -1  2 -2 -1  1 -3 -2  0  3  2  1    0   5   4   4   6   6   0   0  10   0  26   0   0   4   0   0   6   5   9  15  0.20 0.15
  305 I   -2 -4 -5 -5 -3 -4 -4 -5 -4  3  5 -4  2  0 -4 -4 -2 -3 -2  1    2   0   0   0   0   0   0   0   0  19  67   0   5   2   0   0   0   0   0   5  0.83 0.28
  306 G    2 -3 -3 -3  5 -3 -3  0 -4  0  1 -3 -1 -3 -3  0  0 -4 -3  3   24   0   0   0  15   0   0   9   0   0  12   0   0   0   0   5   6   0   0  31  0.37 0.20
  307 S   -1  2  3  4 -4 -1 -1 -2  2 -1 -4  2 -3 -4 -3  0 -2 -5 -3 -3    4  12  18  35   0   0   0   0   5   5   0  16   0   0   0   6   0   0   0   0  0.55 0.22
  308 L   -1 -4 -4 -5  0 -3 -4 -4 -4  2  3 -4  1  1 -4 -3 -2 -3 -2  4    5   0   0   0   2   0   0   0   0  13  36   0   3   5   0   0   0   0   0  36  0.55 0.21
  309 K    1  3 -2 -3 -3  2 -1 -3 -1 -3 -1  3  2 -1 -3  0 -2 -2  3 -2   16  18   0   0   0  11   0   0   0   0   3  24   8   2   0   4   0   0  13   0  0.36 0.20
  310 P   -3 -5 -4 -4 -5 -4 -4 -5 -5 -5 -3 -3 -5 -6  8 -3 -3 -6 -5 -5    0   0   0   0   0   0   0   0   0   0   4   0   0   0  96   0   0   0   0   0  2.75 0.54
  311 G    2 -2  4 -2 -3 -2 -2  1 -2 -1 -4 -2 -3 -2 -3  4 -1 -4 -3 -3   21   0  23   0   0   0   0  10   0   4   0   0   0   1   0  41   0   0   0   0  0.56 0.25
  312 G   -1 -4 -2 -3 -4 -1 -3  6 -4 -5 -3 -3 -4 -5 -4  1  0 -4 -5 -4    0   0   0   0   0   2   0  80   0   0   2   0   0   0   0  10   6   0   0   0  1.34 0.35
  313 D   -1  2  0  1 -4  2  2 -3  0 -4 -3  2 -3 -4  5  0 -2 -4 -3 -3    2  11   4   8   0   9  13   0   3   0   2  16   0   0  28   5   0   0   0   0  0.59 0.20
  314 Y    1 -3 -2 -4 -3 -3 -3 -3  3 -3 -2 -1  0  2 -4 -1 -2  7  6 -2   14   0   2   0   0   0   0   0   7   0   2   3   2   5   0   4   2  18  38   2  0.91 0.31
  315 V   -2 -3 -2  2 -1 -2 -2 -3  3  0  2 -3  1  0  2 -1 -2 -3  1  2    0   0   0  14   2   0   0   0  11   0  26   0   4   3  11   5   0   0   7  18  0.24 0.17
  316 M    0  1 -3 -4  0 -2 -3  0 -3  2  0 -2  7 -1 -4 -2  0 -3 -3  0   10  10   0   0   2   0   0   6   0  13   0   0  46   2   0   0   6   0   0   5  0.62 0.31
  317 A    0 -1  3 -1 -4  3  4 -3  1 -3 -3  0 -2 -1 -3  0 -1 -4 -3 -1   10   0  15   0   0  15  38   0   3   0   0   3   0   3   0   4   3   0   0   6  0.46 0.22
  318 D   -2  0  0  5 -5 -1  2 -2  5 -4 -4 -2 -4 -1 -3 -1 -2 -4  1 -4    1   5   2  45   0   1  12   2  20   0   0   0   0   3   0   3   0   0   5   0  0.80 0.29
  319 L   -1 -3 -3 -4 -2 -3 -3 -3 -2  0  2 -3  1  5 -3 -2 -2 -1  2  2    5   1   0   1   0   0   1   1   0   2  28   1   3  30   1   1   1   0   7  18  0.45 0.18
  320 D   -2 -2  0  1  0  2 -1 -3  6 -1 -2 -2 -2  3 -3 -2 -2  2  4 -1    2   1   2   9   2  12   2   1  28   3   1   1   0  13   1   1   1   3  16   3  0.52 0.21
  321 E    1  2  1  1 -3  0  1 -2  1 -2 -1  1  1 -1 -2 -1 -1 -2  2 -2   18  17   6   7   0   0  11   1   5   1   5   8   7   1   1   1   2   0  10   1  0.16 0.11
  322 V    5 -3 -3 -3 -2 -2 -2  0 -3  2 -2 -2 -2 -3 -2  0 -1 -3 -3  1   63   1   0   1   0   0   1   4   0  14   1   1   0   0   1   4   1   0   0   8  0.58 0.25
  323 G   -1 -3 -2 -3 -4 -3 -3  7 -3 -5 -4 -3 -4 -4 -3 -2 -3 -4 -4 -4    1   1   0   1   0   0   1  91   0   1   1   1   0   0   1   1   1   0   0   1  1.64 0.38
  324 G   -2 -4 -2 -3 -5 -4 -4  7 -4 -6 -6 -4 -5 -5 -4 -2 -4 -5 -5 -5    0   0   0   0   0   0   0 100   0   0   0   0   0   0   0   0   0   0   0   0  2.01 0.43
  325 V   -1 -3 -4 -4 -2 -3 -3 -4 -4  3  2 -3  3 -1 -3 -2  1 -3 -2  3    4   0   0   0   0   0   0   0   0  20  21   0  10   0   0   0  12   0   0  33  0.48 0.18
  326 P    0 -1 -3 -3 -4  0 -1 -2 -3 -2 -2 -2  0 -3  7  0 -2 -4 -1 -3    6   4   0   0   0   6   2   3   0   2   4   0   3   1  60   7   0   0   2   0  1.22 0.31
  327 L    4 -1 -2 -2 -2 -1  0  1 -3 -2 -1 -1 -2  1  0  0 -1 -3 -2  0   44   2   0   0   0   1   6  13   0   0   6   1   0   8   3   6   2   0   0   7  0.28 0.16
  328 V   -2 -4 -5 -5 -2 -4 -4 -5 -4  4  3 -4  1 -2 -4 -3 -2 -4 -3  4    0   0   0   0   0   0   0   0   0  25  31   0   3   0   0   0   0   0   0  41  0.75 0.24
  329 M   -3 -4 -5 -5 -3 -3 -4 -5 -4  3  4 -4  7  0 -5 -4 -3 -3 -3  1    0   0   0   0   0   0   0   0   0  15  42   0  36   2   0   0   0   0   0   7  0.97 0.32
  330 K   -1  3  2 -1 -4  0  0  0  2 -4 -2  4 -2 -4 -3  0 -2  0 -3 -3    4  17   9   3   0   0   5   8   7   0   5  36   0   0   0   6   0   2   0   0  0.41 0.19
  331 K   -2  2  0 -1 -4  1  5 -3  1 -2 -2  1  0 -2 -3 -2 -1 -3  1 -3    2  14   4   0   0   6  45   0   3   2   4   5   3   1   0   0   3   0   7   0  0.50 0.23
  332 L   -3 -4 -5 -6 -3 -4 -5 -6 -5  1  6 -4  2  0 -5 -4 -3 -4 -3 -1    0   0   0   0   0   0   0   0   0   6  88   0   4   2   0   0   0   0   0   0  1.23 0.37
  333 L    0  1  0  0 -2 -1 -1  0 -1  0  2 -1  1 -1 -1 -1 -1 -2  0  0    7  12   5   8   0   2   2   9   1   2  26   2   6   0   2   4   0   0   4   7  0.06 0.07
  334 D   -1  2  0  4 -4  1  2 -1  0 -4 -3  3 -3 -4 -2 -1 -2 -4 -3 -3    4  12   3  31   0   6  14   4   2   0   1  20   0   0   0   1   1   0   0   1  0.50 0.17
  335 A    3 -1  1  0 -2  0  0  1  1 -1 -1  0 -2 -2 -2  0 -1 -3 -2 -2   37   3   7   6   0   2   6   9   5   3   6   7   0   1   0   6   0   0   0   0  0.19 0.12
  336 G    0 -2  2 -1 -3 -2 -1  5 -2 -4 -4 -1 -3 -3  0 -1 -2 -3 -3 -3    4   2  11   3   0   1   2  58   0   1   1   4   0   1   6   3   1   0   0   1  0.76 0.21
  337 L   -2  0 -3 -4 -2 -2 -3 -2 -3  1  4 -1  2 -1 -3 -3 -2 -2  1  1    2   5   0   1   0   0   1   3   0   2  61   4   6   0   0   1   1   0   5   6  0.48 0.20
  338 L   -3 -4 -5 -5 -3 -4 -4 -5 -4  3  5 -3  2 -1 -4 -4 -1 -3 -3  0    0   0   0   0   0   0   0   0   0  17  72   2   3   0   0   0   3   0   0   3  0.89 0.30
  339 N   -2  0  3  2 -5 -1 -1 -3  8 -5 -5 -1 -4 -4 -4 -1 -3 -4  0 -5    3   5  17  12   0   0   1   0  55   0   0   1   0   0   0   2   0   0   1   0  1.28 0.38
  340 G   -1  0 -1  0 -3 -1  1  3 -2 -2  1 -1 -1 -3  1 -1  1 -3 -3 -2    0   7   1   6   0   0  14  28   0   0  21   3   0   0   8   0   9   0   0   1  0.24 0.15
  341 D   -2 -3  2  6 -4 -1  1  1 -1 -4 -5 -2 -4 -5 -3  0  0 -5 -4 -4    0   0   9  59   0   1   6   9   1   0   0   0   0   0   0   7   6   0   0   0  0.94 0.29
  342 V    3  0 -2 -4  6 -3 -3 -2 -4  0 -1 -3 -1 -3 -3 -1  0 -4 -3  3   30   5   1   0  20   0   0   2   0   4   5   0   0   0   0   0   6   0   0  28  0.48 0.23
  343 L   -2  0  0 -3 -3 -1 -2 -4  1  1  3  0  4 -2  2 -2 -1 -3 -2  0    2   4   5   0   0   2   0   0   5   5  36   9  18   0  10   0   1   0   0   3  0.32 0.18
  344 T   -2 -3  1 -3 -3 -3 -3 -2 -4 -3 -4 -3 -3 -4  0  0  7 -5 -4 -2    0   0   7   0   0   0   0   2   0   0   0   0   0   0   4   4  84   0   0   0  1.31 0.43
  345 V    0 -4 -5 -5  2 -4 -4 -5 -5  2 -1 -4 -1 -3 -4 -2 -2 -5 -3  6    5   0   0   0   5   0   0   0   0   7   0   0   0   0   0   2   0   0   0  81  1.08 0.36
  346 T    1 -3  2 -2  3 -2 -2 -3  0 -2 -1 -2 -1  0 -3  1  4  1 -2 -1   11   0  13   0   7   0   0   0   3   0   6   0   1   4   0   8  43   2   0   2  0.42 0.22
  347 G   -2 -4 -2 -3 -4 -3 -1  7 -4 -6 -6 -3 -5 -5 -4 -1 -3 -4 -2 -5    0   0   0   0   0   0   4  90   0   0   0   0   0   0   0   4   0   0   2   0  1.66 0.39
  348 K   -1  2  0  0 -3  2  1 -1 -1 -2 -1  2  0  0 -2  1  0 -2  0 -2    4  14   3   3   0   9   6   4   0   0   5  23   3   6   0   9   7   0   3   0  0.18 0.10
  349 T   -1  0 -1  0 -3 -2 -2  1 -3 -2 -1 -2 -2  1 -3  1  5 -3 -2 -2    0   7   0   5   0   0   0  14   0   0   8   0   0   8   0   8  50   0   0   0  0.44 0.24
  350 M   -2 -3 -3 -3 -2 -2  1 -4 -3  2  3 -2  3 -1 -3 -1 -2 -3 -2  1    0   0   0   0   0   0  15   0   0  12  44   0  11   0   0   7   0   0   0  11  0.39 0.19
  351 K    2  1 -1  0 -4  0  0  4 -3 -4 -4  0 -3 -4  1 -1 -2  3 -4 -4   22  10   3   5   0   4   6  30   0   0   0   6   0   0   6   3   1   4   0   0  0.46 0.27
  352 Q    0  1 -3  3 -6  2  6 -4 -1 -5 -5 -2 -4 -6  0 -3 -1 -6 -5 -5    7   8   0  13   0   9  53   0   1   0   0   0   0   0   4   0   4   0   0   0  1.00 0.48
  353 N   -2 -1  6 -2 -5  0  1 -3 -2 -1 -1 -3 -3 -3 -4 -1  1  2  4 -4    2   3  42   0   0   3   8   1   0   3   7   0   0   0   0   3   8   2  17   0  0.72 0.42
  354 L    0 -4 -4 -5  2 -4 -4 -5 -5  2  4 -4 -1 -2  0 -2  2 -4 -3  2    6   0   0   0   4   0   0   0   0  11  44   0   0   0   4   2  12   0   0  16  0.58 0.32
  355 Q    2  1  0  1 -3  1  2 -3  0 -3 -1  2 -1 -4  1 -1 -2 -4 -3 -1   21   7   5   8   0   6  18   0   3   0   5  13   1   0   6   1   0   0   0   5  0.26 0.20
  356 E   -1  0  2  3 -4  1  3 -1 -1 -2 -4  0 -3 -1 -3 -1 -1  4 -2 -3    3   5   9  19   0   7  26   4   1   2   1   4   0   3   0   4   3   6   0   0  0.43 0.24
  357 Y    1 -1 -1 -3  2 -2 -3 -1  0 -2  0 -1 -1 -1  3 -1 -2  6  2  0   15   3   2   0   6   0   0   3   2   1  11   4   1   2  18   4   0  11   9   7  0.37 0.22
  358 R   -1  0  0  2 -4  1  1  0  0 -2 -2  1 -3 -3  3 -1  0  4 -1 -2    5   4   4  14   0   5  11   7   2   1   4  10   0   0  16   1   5   6   2   1  0.29 0.17
  359 I    0 -2  0 -2 -2 -2 -2 -3 -3  3  2 -1 -1 -1  2 -1  1 -3 -2  1   10   1   5   2   0   0   1   1   0  20  21   5   0   1  11   5   8   0   0  10  0.21 0.16
  360 P   -1 -1  1  2 -4 -1  1 -2 -1 -2 -2 -1 -2 -3  4  0  1  3 -1 -2    2   3   9  14   0   2   9   3   1   3   3   2   1   0  22   6  12   5   2   1  0.40 0.23
  361 N   -1  0  3  3 -4  0  0  0 -2 -1 -1  0 -2 -1  1  0 -1  3 -1 -1    2   6  21  17   0   3   3   6   0   3   6   5   0   3   7   6   1   6   1   5  0.24 0.18
  362 V    0 -1  0  1 -2  0  0 -2 -1 -1  0 -1 -1  0  0  2  1 -2  0  0    5   3   2   9   0   4   7   2   1   1  12   3   1   5   4  21  12   0   3   6  0.10 0.10
  363 P    0  1  0  1 -2  0  1  0  1 -1  0  0 -1 -2  3  0 -1 -2 -1 -2    9   8   3   9   0   4   9   8   4   2  13   3   1   1  16   4   1   0   2   2  0.16 0.09
  364 H   -1 -1  1  5 -3  0  1 -1  0 -3 -3 -1 -3 -3  2 -1 -2  2 -3 -1    4   2   6  38   0   3   9   5   2   1   2   2   0   1  10   4   1   3   1   5  0.49 0.22
  365 N   -2  1  3  3 -4  3  1  0  1 -4 -3 -1 -3 -4  2 -1 -2 -4 -3 -4    3   6  15  17   0  19  10   7   4   0   3   2   0   0  10   2   0   0   0   0  0.48 0.27
  366 H    0  0  1  4 -4  2  1  1  0 -4 -4  1 -3 -5 -3  0  0 -5 -4 -4   10   4   4  31   0   8   9   9   2   0   0  11   0   0   0   4   7   0   0   0  0.48 0.27
  367 I   -1 -4 -5 -5  4 -4 -4 -5 -5  3 -1 -4  1 -3 -4 -3 -1 -5 -3  6    4   0   0   0  10   0   0   0   0  12   2   0   2   0   0   0   2   0   0  64  1.11 0.46
  368 V   -2 -5 -5 -5 -3 -5 -5 -5 -5  7  1 -5 -1 -3 -5 -4 -1 -5 -4  1    2   0   0   0   0   0   0   0   0  76  11   0   0   0   0   0   4   0   0   4  1.37 0.51
  369 K    1  5 -1 -3 -4 -1 -2 -3  3 -3 -2  2 -3 -1 -3 -1 -1 -4  0 -2   17  41   3   0   0   0   0   0   9   0   4  11   0   3   0   2   3   0   2   2  0.61 0.32
  370 D    0 -2 -1  0 -3 -2 -2  1 -3 -4 -4  0 -3 -4  6  2  1 -4 -4 -3    7   1   3   4   0   0   0   9   0   0   1   7   0   0  37  20   9   0   0   0  0.77 0.33
  371 V    0 -1 -3 -4 -2 -3 -2 -4 -3  2  3 -2  0  2  0 -3 -2  2  2  2    7   4   0   0   0   0   2   0   0  13  31   2   0  10   5   0   0   3   7  14  0.28 0.18
  372 K    0  0  0  4 -4  1  4 -1 -2 -4 -4  0 -1 -4 -3  1 -1 -4 -4 -4    8   3   3  27   0   4  29   4   0   0   0   4   2   0   0  10   3   0   0   0  0.55 0.28
  373 N    1  0  4  1 -4  2  1 -2  4 -4 -4  2 -3 -4 -3 -1  0 -4 -1 -3   13   3  28   6   0   8  11   0  10   0   0  13   0   0   0   0   5   0   2   0  0.49 0.27
  374 P    3 -4 -4 -4 -4 -3 -3 -2 -4 -4 -5 -3 -4 -5  8 -3 -1 -5 -5 -4   22   0   0   0   0   0   0   2   0   0   1   0   0   0  68   0   3   0   0   0  1.85 0.56
  375 I   -1 -2 -4 -4 -3 -3 -4 -4 -1  3  2 -2  0  5 -4 -3 -2 -2  3  0    6   3   0   0   0   0   0   0   1  25  18   3   2  25   0   0   0   0  12   3  0.52 0.25
  376 K   -1  1 -1 -2 -3  2  0  0  0 -3 -2  3 -2  0 -2  2  0 -3  1 -3    2   9   1   0   0   9   5   6   2   0   3  23   0   4   0  23   6   0   6   0  0.29 0.20
  377 P    1  1  0 -1 -3  1  0 -2  2 -4 -4  3 -3 -4  4  0 -1 -4 -3 -3   14   6   5   3   0   6   6   2   5   0   1  19   0   0  24   7   2   0   0   0  0.48 0.22
  378 R   -2  0  1  4 -3  2  1 -1  3 -3 -3 -1 -3 -4  0  0  2 -4 -3 -1    0   5   6  24   0  10   8   5   9   0   1   2   0   0   5   3  17   0   0   5  0.36 0.21
  379 G    1 -5 -3 -4 -5 -4 -4  7 -5 -3 -6 -4 -5 -6 -5  0 -4 -5 -5 -5   10   0   0   0   0   0   0  82   0   2   0   0   0   0   0   6   0   0   0   0  1.68 0.55
  380 G    0  0 -2 -3 -5 -3 -4  6  4 -5 -5 -3 -4 -5 -2 -1  0 -5 -4 -5    5   6   0   0   0   0   0  66  13   0   0   0   0   0   2   2   7   0   0   0  1.19 0.43
  381 I   -2 -4 -4 -5 -3 -4 -4 -5 -4  3  3 -4  1  2 -4 -3  1 -3  2  1    1   0   0   0   0   0   0   0   0  22  39   0   1   9   0   0  11   0   6  10  0.56 0.27
  382 V    3  3 -2 -3  2  2 -1 -3 -3 -1  0  1 -2 -3 -3 -1  0 -4 -3  1   28  17   0   0   5   9   1   0   0   2   7  10   0   0   0   1   6   0   0  13  0.29 0.22
  383 I   -3 -4 -5 -5 -1 -4 -4 -3  1  4  0 -4  1  3 -5 -4 -2 -4 -2  5    0   0   0   0   1   0   0   2   4  26   4   0   3  13   0   0   0   0   0  47  0.80 0.34
  384 L   -3 -4 -6 -6 -4 -4 -5 -6 -5 -1  6 -5  1 -1  1 -4 -3 -4 -3  1    0   0   0   0   0   0   0   0   0   0  82   0   3   2   7   0   0   0   0   7  1.17 0.44
  385 K   -2  3 -1 -2 -4  1  1 -3  1 -3 -3  3 -2  0 -3  1  1 -3  3 -2    0  20   1   0   0   6   8   0   3   0   0  21   0   4   0  13  10   0  11   2  0.38 0.21
  386 G    0 -5 -3 -4 -5 -4 -5  7 -5 -6 -6 -4 -5 -6 -5 -3 -4 -5 -6 -5    8   0   0   0   0   0   0  92   0   0   0   0   0   0   0   0   0   0   0   0  1.95 0.52
  387 S   -4  2  8  0 -5 -2 -3 -3 -2 -6 -6 -2 -5 -6 -4  1 -2 -6 -5 -5    0  10  76   3   0   0   0   0   0   0   0   0   0   0   0  11   0   0   0   0  1.64 0.52
  388 L    0 -4 -5 -5 -3 -4 -5 -5 -5  3  5 -4  0  1 -5 -4 -3 -3 -2  0    8   0   0   0   0   0   0   0   0  17  67   0   0   6   0   0   0   0   0   2  0.88 0.33
  389 A    5 -4 -3 -3  1 -3 -3  3 -3 -4 -3 -3 -3  2 -3  1 -2 -4 -3 -3   56   0   0   0   2   0   0  21   0   0   0   0   0  10   0  11   0   0   0   0  0.77 0.34
  390 P   -2  2 -2 -2 -4 -1  1  0 -3 -2 -2  0 -3 -4  6 -2  0 -4 -3 -2    1  14   0   0   0   2  10   9   0   2   4   6   0   0  42   1   5   0   0   2  0.78 0.25
  391 E    0 -1  2  3 -2  0  2  2 -1 -3 -2  0 -2 -3 -2  0 -1 -3 -2 -2   10   1  11  20   0   3  18  15   0   1   4   5   0   1   1   4   1   0   1   1  0.28 0.10
  392 G   -1 -2 -1 -2 -3 -2  1  6 -2 -3 -3 -2 -3 -2 -2  1 -2 -3 -3 -3    2   1   2   1   0   1  10  61   0   1   2   1   0   2   1  10   1   0   1   1  0.81 0.23
  393 A    5 -3 -3 -3  4 -3 -3 -1 -4 -3 -4 -3 -3 -4 -3  2 -2 -4 -4 -2   71   0   0   0   9   0   0   2   0   0   0   0   0   0   0  17   0   0   0   0  1.03 0.38
  394 V   -2 -4 -5 -5 -3 -4 -5 -5 -5  4  1 -4  1 -2 -4 -4 -2 -5 -3  5    2   0   0   0   0   0   0   0   0  26  11   0   2   0   0   0   0   0   0  60  0.99 0.34
  395 I    0 -4 -4 -5  3 -3 -4 -3 -4  3  1 -3  5 -2 -4 -2 -2 -4 -3  3   10   0   0   0   9   0   0   2   0  23   8   0  22   0   0   1   0   0   0  26  0.59 0.26
  396 K   -3  0 -2 -3 -5  1 -2 -4 -3 -5 -5  7 -4 -6 -3  1 -3 -5 -4 -5    0   0   0   0   0   3   0   0   0   0   0  86   0   0   0  11   0   0   0   0  1.55 0.50
  397 V    0 -2 -2 -3 -2 -1 -2 -3  0  2  1 -2  1 -2  1  0  3 -4 -2  2    7   1   1   0   0   2   0   0   3  14  13   1   4   0   7   7  25   0   0  14  0.23 0.15
  398 A    2 -3 -2 -3  0 -1 -2 -1 -3 -3 -3 -2 -3 -4  2  4  2 -4 -4 -3   21   0   0   0   2   1   0   3   0   0   2   0   0   0   9  46  16   0   0   0  0.64 0.30
  399 A    5 -3 -3 -3 -3 -2 -3  3 -4 -3 -3 -3 -3 -4 -3  0 -2 -4 -4  1   55   0   0   0   0   1   0  27   0   0   0   0   0   0   0   5   0   0   0  11  0.79 0.32
  400 T    0 -2 -3 -3  0 -2 -1 -3 -3  2 -1  2  0 -1  0 -1  0 -3 -2  4    8   0   0   0   2   0   3   1   0  11   2  16   2   2   4   2   3   0   0  44  0.32 0.19
  401 N   -2 -2  1  4 -4 -1  3  1  0 -4 -4  2 -4 -5  2  0 -1 -5 -4 -4    0   0   5  26   0   0  20  13   2   0   0  15   0   0  10   6   2   0   0   0  0.54 0.22
  402 V    1 -2 -1 -1 -3 -2  0  0  1  0 -1 -1  1 -1  4  0 -2 -3 -2  0   12   0   3   2   0   0   8   9   5   6   6   2   4   3  26   5   0   0   0   8  0.31 0.14
  403 T   -2  1  1  0 -4  2  3 -3  0 -2  1 -1  3  0 -2 -1  0  0 -1 -2    0   7   6   4   0   9  28   0   2   0  16   1  11   4   1   3   5   1   2   0  0.26 0.18
  404 K    0  2  0 -2 -3  2  1 -3  0  0 -1  2  0 -2 -2  0 -1 -3  0  1    8  13   5   0   0  13  10   0   2   4   1  13   4   0   0   5   2   0   3  17  0.17 0.13
  405 F   -4 -4 -3 -4 -4 -3 -4 -5  7  2 -2 -4  0  6  1 -4 -4 -3  0 -1    0   0   0   0   0   0   0   0  29  17   0   0   2  41   8   0   0   0   0   3  1.10 0.38
  406 E    0  1 -2 -1 -3  1  4 -3 -2 -3 -3  2 -3 -4 -3  0  3 -4 -3 -1    8   9   0   0   0   4  33   0   0   0   0  14   0   0   0   3  23   0   0   5  0.48 0.24
  407 G    3 -4 -2 -2 -4 -3 -3  6 -4 -5 -4 -2 -4 -5 -4 -1 -3 -4 -4 -4   23   0   0   2   0   0   0  69   0   0   1   2   0   0   0   2   0   0   0   0  1.24 0.37
  408 K   -2  3 -1 -2 -4 -1  1 -4 -3 -4 -4  2 -3 -3  6 -2  0 -5 -4 -3    0  17   1   0   0   0  11   0   0   0   0  17   0   1  41   1   7   0   0   2  0.96 0.31
  409 A    6 -4 -4 -4  4 -3 -3 -2 -4 -1 -3 -3 -3 -4 -3 -1 -2 -4 -4  1   75   0   0   0   9   0   0   0   0   2   0   0   0   0   0   0   0   0   0  11  1.05 0.39
  410 K    0  3 -1 -3 -3 -1 -2 -3 -2  1  0  2  1 -1 -3  0 -1 -4 -2  3    5  22   2   0   0   0   0   0   0  10   6  14   4   2   0   8   0   0   0  26  0.26 0.17
  411 V   -2 -5 -5 -5  2 -4 -5 -5 -5  2 -1 -4 -1 -3 -1 -4 -1 -5 -3  6    0   0   0   0   4   0   0   0   0   5   3   0   0   0   4   0   2   0   0  82  1.20 0.41
  412 Y   -4 -5 -5 -6 -5 -5 -5 -6 -3 -2 -2 -5 -2  8 -6 -5 -4 -1  5  0    0   0   0   0   0   0   0   0   0   0   0   0   0  78   0   0   0   0  17   5  1.90 0.49
  413 N   -3 -2  3  4 -4  0  4 -3  1 -2 -1 -2 -3 -4 -3 -1 -1 -5 -3 -2    0   0  16  30   0   2  33   0   3   2   8   0   0   0   0   2   2   0   0   2  0.65 0.26
  414 S    0 -2  1  2  3 -2  0  2 -3 -4 -4 -1 -3 -4 -3  4 -1 -5 -4 -4    2   1   5  13   8   0   4  14   0   0   0   3   0   0   0  49   0   0   0   0  0.60 0.27
  415 E   -1 -2 -2 -1 -5  5  4 -1  0 -2 -4 -1 -1 -1  2 -1 -2 -4 -1 -3    3   0   0   0   0  30  39   6   2   3   0   0   1   4   9   2   0   0   2   0  0.69 0.29
  416 E    0 -1 -1  3 -5  1  4 -2  5 -4 -4  2 -3 -4 -1 -2 -2 -4 -1 -4    6   1   0  15   0   5  39   2  16   0   0  12   0   0   2   0   0   0   1   0  0.67 0.26
  417 Q    1 -2 -1  5 -4  1  3 -1 -2 -4 -4 -2 -1 -4 -3  1 -2 -5 -2 -4   10   0   0  45   0   5  21   3   0   0   0   0   2   0   0  12   0   0   2   0  0.75 0.27
  418 A    4 -3 -1 -3 -2 -2 -3 -2 -2 -1  1 -3  2  0 -3 -1 -2 -2  3  1   43   0   3   0   0   0   0   0   0   2  14   0   7   3   0   0   0   0  15  11  0.41 0.22
  419 F    1 -1 -2 -1 -2  1  1 -2  2  2  0  0  0  0 -3 -1 -1 -3 -1  2   13   0   0   3   0   9   8   1   7  16   9   8   1   4   0   1   1   0   0  17  0.10 0.10
  420 K    2  2  0  0 -3  0  2 -2  2 -3 -3  2 -2 -4  1  0 -1 -4 -3 -3   29  12   4   6   0   0  15   0   7   0   2  15   0   0   6   3   3   0   0   0  0.32 0.17
  421 G    5  3 -3 -4 -3 -2 -3  0 -3 -4 -4  0 -3 -4 -3 -1 -2 -5 -4 -3   69  20   0   0   0   0   0   7   0   0   0   4   0   0   0   0   0   0   0   0  0.91 0.35
  422 I   -3 -4 -5 -5 -3 -4 -5 -5 -4  5  2 -4  0  3 -4 -4 -2 -3  0  3    0   0   0   0   0   0   0   0   0  47  16   0   0  17   0   0   0   0   2  17  0.79 0.27
  423 Q   -2  1  2  2 -3  0  2 -3 -2 -1  1  2  0 -1 -1 -1 -1 -3 -2 -2    2   9  12  14   0   3  14   0   0   3  18  15   2   4   2   2   1   0   0   0  0.20 0.13
  424 S    1  1  0  4 -3 -1  0  1 -2 -2 -2  0 -3 -3 -3  0  0  4 -3 -3   12  10   2  31   0   0   4  11   0   4   3   5   0   0   0   8   4   8   0   0  0.35 0.17
  425 N   -1 -1  0  0 -4 -2  1  4  1 -4 -2  0 -3 -4  2 -1 -2 -4 -3 -4    2   3   3   6   0   0  12  45   5   0   5   4   0   0  12   3   0   0   0   0  0.56 0.20
  426 E    0  2 -1  3 -4  1  3 -1 -2 -4 -2  2 -3 -4 -1 -1 -1 -4 -3 -3    7  11   0  19   0   3  29   3   0   0   5  17   0   0   2   1   3   0   0   0  0.43 0.18
  427 V   -2 -4 -5 -5 -3 -4 -4 -5 -4  5  2 -4  0 -2 -4 -3 -2 -4 -1  4    0   0   0   0   0   0   0   0   0  39  21   0   0   0   0   2   0   0   2  36  0.80 0.27
  428 K   -1  0  1  4 -4  0  1 -3  1 -3 -3  2 -3 -2  0 -1  0 -4 -3  0    3   5   7  30   0   3   9   0   3   0   0  18   0   2   4   0   6   0   0   9  0.37 0.17
  429 D    1  2 -2  0 -4  0  3 -1  1 -4 -4  3 -3 -4  3 -1 -2 -4 -3 -3   16  14   0   4   0   2  21   2   4   0   0  22   0   0  15   0   0   0   0   0  0.48 0.20
  430 G   -2  0  0  4 -4 -2 -2  5  1 -5 -5 -2 -4 -5 -4 -2  0 -5 -4 -4    0   6   2  30   0   0   0  53   3   0   0   0   0   0   0   0   7   0   0   0  0.96 0.30
  431 E   -2 -3 -1  4  5 -2  2 -3  2 -4 -4 -2 -3  1 -3  2  0 -4 -2 -3    0   0   0  32  17   0  13   0   7   0   0   0   0   9   0  16   6   0   0   0  0.61 0.25
  432 V    0 -4 -5 -5 -3 -4 -4 -5 -5  4  1 -4 -1 -2 -4 -3 -2 -4 -3  5    6   0   0   0   0   0   0   0   0  27  11   0   0   0   0   0   0   0   0  56  0.85 0.29
  433 V    0 -3 -4 -4 -2 -3 -4 -4 -4  3  2 -3  3 -2 -4 -3 -2 -4 -2  4    9   0   0   0   0   0   0   0   0  16  22   0  11   0   0   0   0   0   0  41  0.56 0.20
  434 V   -2 -4 -5 -5 -3 -4 -4 -5 -5  3 -1 -4 -1  1 -4 -4 -2 -4 -3  6    0   0   0   0   0   0   0   0   0  14   0   0   0   5   0   0   0   0   0  81  1.13 0.33
  435 I   -2 -4 -4 -5 -2 -4 -4 -5 -4  5  2 -4  3 -2 -4 -3 -2 -4 -3  4    0   0   0   0   0   0   0   0   0  39  14   0   9   0   0   0   0   0   0  38  0.78 0.23
  436 R   -3  7 -2 -3  0 -1 -2 -4 -2 -2 -3  2  1 -4 -4 -2 -1 -4 -3  0    0  72   0   0   3   0   0   0   0   2   0  10   4   0   0   0   2   0   0   7  1.13 0.32
  437 Y   -3 -2  2 -3 -4 -3 -3  3  3 -4 -3 -3 -3  2 -4 -2 -3 -1  7 -3    0   1  12   0   0   0   0  23   8   0   0   0   0   7   0   0   0   0  49   0  0.99 0.29
  438 E    1 -2 -1 -1  4  3  4  0 -2 -1 -2 -1 -2 -4 -3 -1 -2 -4 -3 -1   12   0   2   0  12  20  37   6   0   3   3   0   0   0   0   0   0   0   0   4  0.49 0.21
  439 G   -2 -4 -2 -3 -5 -4 -4  7 -4 -6 -6 -4 -5 -5 -4 -2 -4 -5 -5 -5    0   0   0   0   0   0   0 100   0   0   0   0   0   0   0   0   0   0   0   0  2.01 0.41
  440 P   -2 -4 -4 -4 -5 -4 -3 -4 -4 -5 -5 -3 -5 -6  8 -3 -2 -6 -5 -5    2   0   0   0   0   0   0   0   0   0   0   0   0   0  96   0   2   0   0   0  2.70 0.48
  441 K   -1  3 -2 -2 -4  1 -1 -3 -2 -2 -1  6 -2 -4 -3 -1 -1 -4 -3 -1    4  15   0   0   0   4   0   0   0   2   6  61   0   0   0   2   1   0   0   4  0.72 0.25
  442 G    2 -4 -2 -3 -4 -3 -4  6 -4 -5 -5 -3 -4 -5 -4 -2 -3 -4 -5 -4   21   0   0   0   0   0   0  79   0   0   0   0   0   0   0   0   0   0   0   0  1.44 0.33
  443 G    1 -2  3 -2 -3 -2 -2  4  0 -3 -3 -2 -3 -1 -2  0 -2  1  3 -3   12   1  17   1   0   0   1  38   2   1   1   1   0   0   1   6   1   2  16   1  0.50 0.16
  444 P   -2 -2 -2 -2 -3 -2 -2 -3 -3 -1 -3 -2 -2 -3  7 -2  0 -3 -3 -2    2   1   1   1   0   1   1   2   0   5   2   1   0   1  69   2   7   0   1   1  1.50 0.25
  445 G   -2 -4 -2 -3 -5 -4 -4  7 -4 -6 -6 -4 -5 -5 -4 -2 -4 -5 -5 -5    0   0   0   0   0   0   0 100   0   0   0   0   0   0   0   0   0   0   0   0  2.01 0.41
  446 M    0 -4 -4 -5 -3 -3 -4 -5 -4  0  1 -4  9 -1 -5 -1 -3 -4 -3 -1    6   0   0   0   0   0   0   0   0   3   7   0  78   2   0   4   0   0   0   0  1.57 0.43
  447 P    1  2 -3 -3 -4  2  0 -3 -3 -4 -4 -1 -3 -5  7 -1 -2 -5 -4 -3   16  12   0   0   0  10   6   0   0   0   0   2   0   0  53   2   0   0   0   0  1.17 0.27
  448 E   -3  1 -2  0 -6  0  7 -4 -2 -5 -5  0 -4 -5 -3 -2 -3 -5 -4 -5    0   7   0   0   0   0  90   0   0   0   0   3   0   0   0   0   0   0   0   0  1.55 0.40
  449 M   -2 -3 -3 -4 -2  1 -3 -4 -3  1  2 -3  6 -1 -4 -2  0 -3  1  2    0   0   0   0   0   8   0   0   0   5  22   0  33   0   0   0   5   0   6  21  0.49 0.20
  450 L   -2 -3 -2 -1 -3 -2 -3 -4  5  1  3 -3  4  1 -4 -3 -2 -2  1  1    0   0   0   4   0   0   0   0  20   5  35   0  16   5   0   0   0   0   5   8  0.44 0.18
  451 R    1  1  1 -2 -3  1 -1  0 -1 -3 -3  3 -2 -2  3  0 -1 -2  2 -3   12   5   9   0   0   8   0   9   0   0   0  24   0   0  15   5   2   0  11   0  0.32 0.13
  452 V   -1 -3 -3 -3 -2 -3 -3 -4 -3  2  3 -3  2 -2  4 -1  0 -3 -3  0    5   0   0   0   0   0   0   0   0  11  41   0   6   0  25   3   7   0   0   3  0.52 0.16
  453 T   -1 -3 -2  0 -3 -2 -2 -1 -3 -2 -2 -2  3 -4  5  1  4 -4 -3 -2    0   0   0   5   0   0   0   4   0   0   0   0  10   0  31  11  38   0   0   0  0.75 0.24
  454 A    1  1 -1  0 -3 -1  1  0 -2 -3 -3  0 -2 -4  4  2  0 -4 -3 -2   16  10   0   6   0   0  10   6   0   0   0   4   0   0  20  23   4   0   0   0  0.41 0.13
  455 A    3  0 -2 -2 -2 -1 -1 -1  0 -1 -2  2 -2 -1  3  0 -1 -3  1 -1   38   5   0   0   0   0   2   2   3   5   2  17   0   2  13   2   0   0   7   2  0.27 0.14
  456 I   -3 -4 -5 -5 -2 -4 -4 -5 -4  4  4 -4  1 -1 -4 -4 -2 -3 -2  2    0   0   0   0   0   0   0   0   0  35  58   0   0   0   0   0   0   0   0   7  0.79 0.23
  457 V    1  1 -2 -3 -2  0 -1 -3 -2  1  2  2  2 -2 -3 -1 -1 -3 -2  0   12   8   0   0   0   2   0   0   0   6  30  24  10   0   0   3   0   0   0   5  0.20 0.10
  458 G    0  0 -1  0 -3  2  1  2  1 -2 -2  2 -2 -3 -2  2 -1 -3 -2 -2    6   3   0   3   0  10   8  21   5   2   5  15   0   0   0  20   1   0   0   0  0.23 0.08
  459 A    1  1  0  2 -2  2  0 -2 -1 -1 -1  2  2 -3 -2  0  1 -3 -1 -1   22   6   3  14   0  13   1   0   0   3   4  14   9   0   0   0  10   0   1   0  0.17 0.09
  460 G   -1  2 -2 -2 -4 -1 -2  6 -3 -5 -5 -2 -4 -4  0 -1 -2 -4 -4 -4    2  13   0   0   0   2   1  74   0   0   0   0   0   0   5   3   0   0   0   0  1.05 0.20
  461 L   -1 -1 -2 -3  0 -2 -3  1  3  2  2 -2  1  1 -3 -2 -2  1  0  1    1   3   0   0   2   0   0  13  12  13  33   0   1   8   0   0   0   3   1  10  0.20 0.08
  462 S   -1  1 -1 -1 -3  2  0 -1  0  0 -1  3 -1  1 -2  0  1 -2 -1 -1    2   6   0   3   0   9   4   5   2  10   2  32   0   8   0   4  11   0   0   1  0.16 0.07
  463 N   -1  2  1  3 -3  2  0 -2  2 -3 -3  2 -2 -3 -2  1  0 -3 -2 -3    0  12   6  26   0  11   0   0   7   0   0  14   0   0   0  17   3   0   0   0  0.38 0.10
  464 V    0 -3 -4 -4  3 -3 -3 -4 -4  3  1 -3  3 -1 -3 -2 -1 -3 -2  4    9   0   0   0   7   0   0   0   0  21  10   0  13   0   0   0   0   0   0  40  0.45 0.13
  465 A    4 -3 -3 -3 -2 -2 -2 -1 -3 -1  1 -2 -1 -3  3  0 -1 -4 -3  1   48   0   0   0   0   0   0   2   0   0  15   0   0   0  18   7   0   0   0  11  0.43 0.14
  466 M   -2  2 -4 -4  3 -2 -3 -4 -3  0  4 -2  1 -1 -4 -3 -1 -3 -2  1    0  15   0   0   8   0   0   0   0   0  64   0   2   0   0   0   2   0   0   8  0.53 0.16
  467 V    1 -3 -3 -4 -1 -3 -3 -3 -3  4  2 -3  1 -1 -3 -2 -1 -3 -2  3   14   0   0   0   0   0   0   0   0  39  24   0   0   0   0   0   0   0   0  22  0.36 0.07
  468 T   -1 -2 -1 -2 -2 -1 -2  0 -2 -2 -2 -1 -2 -3  3  2  5 -3 -3 -1    0   0   0   0   0   0   0   8   0   0   0   0   0   0  14  15  63   0   0   0  0.60 0.12
  469 D   -3 -3  0  7 -5 -1  1 -2 -2 -4 -5 -2 -4 -5 -3 -1 -2 -5 -4 -4    0   0   0 100   0   0   0   0   0   0   0   0   0   0   0   0   0   0   0   0  1.49 0.19
  470 G    1 -3 -1 -2 -3 -2 -3  6 -3 -4 -4 -2 -3 -4 -3 -1 -2 -3 -4 -3   14   0   0   0   0   0   0  86   0   0   0   0   0   0   0   0   0   0   0   0  1.17 0.14
  471 R   -2  6 -1 -2 -4  0 -1 -3 -1 -3 -1  1 -2 -3 -3  1 -1 -3 -2 -3    0  76   0   0   0   0   0   0   0   0  10   0   0   0   0  14   0   0   0   0  0.79 0.14
  472 F    0 -2 -3 -3 -2  1 -2 -3 -2  0  1 -2  5  4 -3 -2 -2 -1  1 -1   10   0   0   0   0   8   0   0   0   0  11   0  37  31   0   0   0   0   3   0  0.42 0.11
  473 S    0 -1  0 -1 -2 -1 -1 -1 -1 -3 -3 -1 -2 -3  2  5  1 -3 -2 -2    1   1   1   1   0   1   1   1   0   1   1   1   0   1  10  77   1   0   0   1  0.58 0.11
  474 G    0 -2 -1 -1 -3 -1  0  6 -2 -3 -3 -1 -3 -3 -2 -1 -2 -3 -3 -3    1   1   1   1   0   1  11  77   0   1   1   1   0   1   1   1   1   0   0   1  0.88 0.10
  475 A    2 -2 -1 -2 -1 -1 -1  3 -2 -1 -2 -1 -1 -2 -1  0  2 -2 -2  0   33   1   1   1   0   1   1  26   0   1   1   1   0   1   1   1  24   0   0   6  0.29 0.06
  476 T    2 -1  0 -1 -1  0  1 -1 -1 -2 -2 -1 -2 -2 -1  3  2 -3 -2 -1   16   1   1   1   0   1  11   1   0   1   1   1   0   1   1  48  15   0   0   1  0.33 0.07
  477 R    0  0 -1 -1 -2 -1 -1  3  2 -2 -2  0 -2 -1 -2  0  0  1  1 -2    5   7   1   3   0   1   1  36  10   1   1   4   0   2   1   8   9   2   9   1  0.25 0.04
  478 G    0 -2 -1 -1 -2 -1 -1  5 -2 -1 -2 -2 -2 -2 -2  0 -1 -2 -2  0    1   1   1   1   0   1   5  60   0   3   1   1   0   1   1   9   1   0   0  14  0.52 0.07
  479 P    0 -2 -2 -3 -2 -2 -2 -3 -3  0  1 -2  0  1  4 -1  2 -2 -1  0    9   0   0   0   0   0   0   0   0   6  22   0   2  11  28   0  23   0   0   0  0.40 0.07
  480 M    1 -2 -1 -2  3 -2 -2 -2 -2  1 -1 -2  0 -2 -2  3  0  5 -1  1   12   0   0   0  10   0   0   0   0  11   2   0   2   0   0  41   0  10   0  14  0.29 0.08
  481 V    2 -3 -3 -3 -1 -2 -3 -2 -3  3  0 -2  0  0 -2 -1 -1 -3 -1  3   31   0   0   0   0   0   0   0   0  24   0   0   0   5   0   0   0   0   0  39  0.32 0.08
  482 G   -1 -3 -2 -3 -2 -2 -3  3 -3  2  2 -2  0 -1 -3  0 -1 -3 -2  0    0   0   0   0   0   0   0  34   0  19  37   0   0   0   0  10   0   0   0   0  0.31 0.07
  483 H   -2 -1  2 -2 -3 -1 -1 -3  8 -3 -3 -2  2 -2 -3  1 -2 -3  0 -3    0   0   8   0   0   0   0   0  68   0   0   0  10   0   0  14   0   0   0   0  0.99 0.16
  484 V    0 -2 -3 -2 -2 -2  1 -3 -3  2  0 -2  0  1 -3 -1  0 -3 -1  3    9   0   0   0   0   0  14   0   0  10   2   0   2  10   0   0   3   0   0  50  0.23 0.07
  485 A    1 -2  2 -1 -2 -1 -1  0 -2 -2 -2 -1 -2 -3 -2  3  3 -3 -2 -1   10   0  14   0   0   0   0   5   0   0   0   0   0   0   0  33  33   0   0   5  0.36 0.08
  486 P   -2 -3 -3 -2 -4 -2 -2 -3 -3 -4 -4 -2 -4 -5  8 -1 -2 -5 -4 -3    0   0   0   0   0   0   0   0   0   0   0   0   0   0  96   4   0   0   0   0  2.32 0.20
  487 E   -2 -1 -1  1 -5  3  6 -3 -1 -4 -4  0 -3 -4 -2 -1 -2 -4 -3 -3    0   0   0   0   0  14  86   0   0   0   0   0   0   0   0   0   0   0   0   0  1.06 0.16
  488 A    4 -2 -1 -2 -1 -1 -1  0 -2 -2 -3 -1 -2 -3 -2  3  0 -3 -3 -1   68   0   0   0   0   0   0   2   0   0   0   0   0   0   0  29   0   0   0   0  0.57 0.12
  489 M    3 -2 -3 -3 -2 -1 -2 -2 -2  0  1 -2  1  3 -2  0 -1 -1  2  0   48   0   0   0   0   3   0   0   0   3  12   0   4  16   0   0   0   0   9   4  0.24 0.08
  490 V    2 -1 -1  2  0 -1  0 -2 -1  1 -1 -1 -1 -2 -2  0 -1 -3 -2  2   26   2   2  18   2   1   6   0   1   6   2   0   0   0   0   4   0   0   0  30  0.14 0.05
  491 G    0  0 -1 -2 -1 -2 -3  6  1 -5 -5 -2 -4 -4 -3 -1 -2 -4 -4 -4    3   7   2   0   2   0   0  82   4   0   0   0   0   0   0   2   0   0   0   0  1.14 0.18
  492 G   -1 -4 -2 -3 -4 -3 -3  7 -3 -5 -5 -3 -4 -4 -3 -1 -3 -4 -4 -4    0   0   0   0   0   0   0  96   0   0   0   0   0   0   0   4   0   0   0   0  1.56 0.22
  493 P   -1 -3  0 -2 -3 -2 -2  0 -3 -1  0 -2  0 -3  6 -1  0 -4 -3  0    4   0   5   0   0   0   0   6   0   0  11   0   2   0  52   1   5   0   0  11  0.89 0.14
  494 I   -2 -4 -4 -4 -2 -4 -4 -5 -4  5  3 -4  1 -1 -4 -3 -2 -3 -2  1    0   0   0   0   0   0   0   0   0  67  33   0   0   0   0   0   0   0   0   0  0.79 0.17
  495 A    4 -3 -2 -3 -2 -2 -2  4 -3 -3 -3 -2 -2 -4 -2  0 -1 -4 -3 -2   63   0   0   0   0   0   0  33   0   0   0   0   0   0   0   4   0   0   0   0  0.73 0.16
  496 I   -2  1 -2 -3 -2 -1 -2 -3 -1  1  3  2  0  0 -3 -2 -2  1  1  1    0  12   1   0   0   0   0   0   1   4  42  18   0   1   0   0   0   3   5  12  0.23 0.08
  497 V   -1 -3 -4 -4 -2 -3 -4 -4 -4  2  3 -3  1 -1 -4 -3 -1 -3 -2  4    0   0   0   0   0   0   0   0   0   9  34   0   0   0   0   0   0   0   0  57  0.61 0.14
  498 E   -2  4  0 -1 -4  3  3 -3  1 -4 -3  2 -2 -4 -2 -1 -2 -4 -2 -3    0  38   2   0   0  17  26   0   3   0   0  14   0   0   0   0   0   0   0   0  0.68 0.14
  499 D   -2 -2  3  5 -4  1  2 -2 -1 -4 -4 -1 -3 -4 -2  0  1 -5 -3 -3    0   0  18  51   0   8  12   0   0   0   0   0   0   0   0   3   8   0   0   0  0.76 0.14
  500 G   -1 -3  1 -2 -4 -3 -3  7 -3 -5 -5 -3 -4 -4 -3 -1 -3 -4 -4 -4    0   0   6   0   0   0   0  94   0   0   0   0   0   0   0   0   0   0   0   0  1.51 0.21
  501 D   -3 -3  0  7 -5 -1  0 -3  3 -5 -5 -2 -4 -5 -3 -2 -2 -5 -3 -5    0   0   0  89   0   0   0   0  11   0   0   0   0   0   0   0   0   0   0   0  1.48 0.24
  502 V   -1  1 -2 -2 -2 -1 -1 -3 -2  2  1 -1  1  1 -2 -1  0  2 -1  1    1  15   0   1   0   0   2   1   0  26  11   3   6   8   1   3   8   3   0   9  0.12 0.05
  503 I   -2 -3 -3 -3 -2 -3 -3 -4 -3  5  2 -3  1 -1 -3 -3 -1 -3 -2  3    1   1   0   1   0   0   1   1   0  58  16   1   0   0   1   1   1   0   0  18  0.52 0.11
  504 V    0  4 -1 -1  3  0  2 -2 -1 -1 -2  0 -1 -1 -2  0  1 -3 -2 -1    5  35   0   2   8   0  19   1   0   6   1   1   0   4   1   4  10   0   0   2  0.26 0.08
  505 I   -2 -3 -3 -3  1 -3 -3 -4 -3  5  2 -3  1 -1 -3 -2 -1 -3 -2  2    1   1   0   1   4   0   1   1   0  53  23   1   0   0   1   1   1   0   0  12  0.46 0.10
  506 D   -2 -3  2  6 -4 -1  0 -2 -2 -2 -4 -2 -4 -4 -3  0 -2 -5 -4 -3    2   0  11  75   0   0   0   0   0   2   0   0   0   0   0   8   0   0   0   2  1.06 0.19
  507 V    2 -2  1 -2  1 -1 -2  0 -2  2  1 -2  0 -1 -3 -1 -1 -3 -2  2   23   0  11   0   4   2   0   9   0  14  14   0   0   3   0   0   0   0   0  21  0.13 0.06
  508 E    0 -1  1  2 -2  1  3 -2  0 -1 -3  0 -2 -3  3  0 -1 -3 -1 -1    8   0   7   9   1   6  30   2   2   6   0   2   0   0  18   3   0   0   2   4  0.35 0.08
  509 N    0  2  3  0  1  0  1  0  0 -3 -3  2 -2 -3 -2  0  1 -3 -2 -2    5  14  18   1   4   2   7   6   3   0   0  24   0   0   0   4  14   0   0   0  0.27 0.07
  510 E   -1  5  1 -2 -4  0  0  3 -1 -4 -2  1 -1 -4 -3 -1 -2 -4 -3 -3    1  49   9   0   0   0   4  29   0   0   4   3   1   0   0   0   0   0   0   0  0.59 0.13
  511 R    0  2 -1 -1 -2  1  2 -2 -1 -1  0  1 -1 -2 -2  0  2 -3 -2  0    7  15   0   0   0   6  17   1   0   0  14   8   0   0   0   7  19   0   0   7  0.16 0.06
  512 L   -1 -3 -4 -4  1 -3 -4 -4 -4  4  3 -3  2  0 -4 -3 -2 -3 -2  2    2   0   0   0   3   0   0   0   0  36  44   0   2   2   0   0   0   0   0  10  0.52 0.11
  513 D   -1  1  2  3 -3  1  2 -2  2 -3 -3  0 -2 -3 -2  2  1 -4 -2 -3    1  10  11  27   0   5  11   0   8   0   0   0   0   0   0  17  10   0   0   0  0.39 0.09
  514 I   -1 -3 -2 -4 -2 -2 -3 -1 -3  2  3 -3  3 -1 -3 -2  0 -3 -2  2    2   0   2   0   0   0   0   7   0  13  48   0  10   0   0   0   7   0   0  13  0.34 0.10
  515 K   -1 -1  0  2 -2  0  1  1 -1 -1  2  0  0 -2 -2  1 -1 -3 -2 -1    3   2   4  14   0   3  10  10   1   0  30   6   2   0   0  13   0   0   0   3  0.11 0.06
  516 L    0 -3 -3 -4 -2 -2 -2 -4 -4  3  1 -2  0 -2 -3 -2 -1 -3 -2  4    8   0   0   0   0   1   2   0   0  13  14   1   0   0   0   2   0   0   0  58  0.45 0.13
  517 S    1 -2  2  4 -3 -1  0 -2 -2 -3 -3 -1  0 -4  0  3  0 -4 -3 -3   11   0   8  39   0   0   0   0   0   0   0   0   3   0   4  29   4   0   0   0  0.52 0.13
  518 D   -2 -2  0  5 -4  1  4 -1 -2 -4 -4 -1 -3 -4  2 -1  0 -4 -3 -3    2   0   0  43   0   4  34   3   0   0   0   0   0   0   9   0   5   0   0   0  0.76 0.15
  519 A    3 -1 -1  3 -2  1  3 -2 -2 -3 -3  0 -2 -4 -2  0  0 -4 -3 -1   37   0   0  19   0   7  25   0   0   0   0   3   0   0   0   2   6   0   0   2  0.40 0.11
  520 E   -2 -1 -1  0 -4  0  6 -1 -2 -1 -3  1 -1 -4 -2 -1  0 -4 -3 -1    0   0   0   0   0   0  73   3   0   4   0   7   2   0   0   0   7   0   0   5  0.77 0.19
  521 I   -2 -1 -4 -4 -2 -3 -2 -4 -3  2  4 -3  2  2 -4 -3 -2  3 -1  0    0   3   0   0   0   0   2   0   0  18  59   0   3   9   0   0   0   6   0   0  0.53 0.13
  522 K    4  0 -1  1 -2  0  2 -1 -2 -3 -3  1 -2 -3 -2  1 -1 -4 -3 -2   50   3   2   7   0   2  17   0   0   0   0   8   0   0   0  10   0   0   0   0  0.39 0.12
  523 R    3  3 -1 -2 -2  1  1 -2 -1 -2 -1  1 -1 -3 -2  1  0 -3 -2 -2   37  22   2   0   0   7   7   0   1   1   5   8   0   0   0   6   3   0   0   0  0.28 0.09
  524 R   -3  7 -2 -3 -5  0 -2 -2 -2 -2 -3  1 -3 -4 -4 -2 -3 -4 -3 -4    0  94   0   0   0   0   0   2   0   3   0   0   0   0   0   0   0   0   0   0  1.44 0.26
  525 L   -2  4 -1  1 -4  1  1 -3  1  0  0  3  0 -3 -3 -2 -2 -4 -2 -2    1  29   0   8   0   4   7   0   4   6  14  24   3   0   0   0   0   0   0   0  0.35 0.13
  526 N    2  0 -1  0 -3  1  1  0 -1 -3 -2  2 -2 -1  1  0  0 -3  1 -2   21   0   2   4   0   6  12   5   0   0   3  24   0   4   5   5   4   0   6   0  0.19 0.09
  527 N    2  0  0  1 -3  1  2 -1  1 -3 -3  1 -2  0 -1  0  0 -3 -2 -2   23   4   3   7   0   3  23   4   5   0   0   8   0   6   2   4   6   0   0   2  0.20 0.09
  528 W   -2 -4 -4 -4 -4 -3 -4  1  2  0  0 -4 -2  1 -4 -3 -1 10  0 -3    4   0   0   0   0   0   0  11   7   6   9   0   0   4   0   0   6  53   0   0  1.57 0.29
  529 S    1  0 -1 -1 -3  2  1 -2  0 -2 -2  2 -2 -3  3  0  2 -4 -3 -1   13   4   0   0   0  14   9   0   2   3   2  19   0   0  14   3  16   0   0   2  0.32 0.11
  530 P    2 -2 -2  1 -3 -1 -1 -2 -3 -2 -3 -1 -3 -4  6  1 -1 -4 -3 -1   26   2   0  10   0   2   1   0   0   2   0   2   0   0  41  10   0   0   0   5  0.78 0.18
  531 P   -1  2 -1 -1 -3  0 -1 -3 -2 -1  0  1 -2 -2  5 -1  0 -4 -3 -1    2  17   2   3   0   3   2   0   0   3  11  12   0   2  32   4   6   0   0   3  0.49 0.13
  532 E    0  2 -1 -1 -3  1  2 -1  1 -2 -2  1 -2 -3  3  1 -1 -3 -1  0    8  13   0   2   0   7  14   2   3   0   3   6   0   0  18  14   0   0   2   9  0.28 0.09
  533 P    1  0  0 -1 -3  2  1 -2 -2 -2  0 -1 -1 -3  4  1 -1 -3 -3 -2   15   6   5   2   0  11   8   0   0   0  10   0   1   0  27  12   2   0   0   0  0.40 0.11
  534 R    0  3  0 -2 -3  0  0  0  0 -2 -1  2 -1 -1  0  0  0 -3 -2 -2    6  23   2   0   0   1   5   9   2   2   7  19   0   3   3   9   6   0   0   2  0.18 0.07
  535 Y    1  0 -1  0 -2  0 -1 -2  3 -1 -1 -1 -1  1 -1  0 -1  3  4  1   15   5   3   5   0   4   2   0   8   2   3   3   0   3   2   7   0   4  22  13  0.18 0.10
  536 K    0  0  0 -1 -2  1  1 -1 -2  0 -1  1 -1 -2 -2  0  2 -3 -2  2    5   2   3   0   0   9   8   4   0   4   4  11   0   0   0   5  21   0   0  23  0.14 0.08
  537 S   -1  4 -1 -2 -3  0 -1  2  0 -3 -3  1 -2 -3 -2  2  2 -3 -1 -2    0  30   0   0   0   2   0  17   2   0   1   4   0   0   0  20  19   0   3   0  0.39 0.14
  538 G   -1 -3 -2 -3  2 -2 -3  6 -3 -4 -4 -1 -1  0  2 -2 -1 -4 -3 -4    0   0   0   0   5   2   0  65   0   0   0   4   2   6  10   0   5   0   0   0  0.87 0.21
  539 L    1 -3 -3 -4 -3 -3 -3  1 -2 -1  0 -3 -1  0 -3 -2  1  6  5  1   13   0   0   0   0   0   0  12   0   0  10   0   0   0   0   0  13  12  26  15  0.43 0.16
  540 L    0  3 -3 -3 -3  1 -2 -2 -2 -1  3 -1  0  1 -3 -2 -2 -3 -2 -1    8  23   0   0   0  10   0   2   0   0  48   2   0   6   0   2   0   0   0   0  0.36 0.16
  541 A    1  1 -1 -1  0  1  2  0 -1 -3 -3  2 -2 -1 -2  0 -1  2  2 -2   16  10   0   2   2   8  18   7   0   0   0  16   0   2   0   7   0   4  10   0  0.24 0.10
  542 K    0  2 -2 -3 -3  0 -2 -3 -2  1  2  3  1 -1 -3 -2 -2 -3 -2  0    9  11   0   0   0   2   0   0   0   9  30  29   2   2   0   0   0   0   0   7  0.25 0.12
  543 Y   -4 -4 -4 -5 -4 -2 -4 -5  2 -1 -2 -4 -2  5 -5 -4 -3  0  8 -3    0   0   0   0   0   2   0   0   4   4   0   0   0  29   0   0   0   0  61   0  1.48 0.31
  544 A    3  2 -2 -3  0  0 -2  1 -2  1 -1 -1  0 -3 -2  0 -1 -3 -2  1   37  17   0   0   2   4   0  10   0  10   5   0   3   0   0   3   2   0   0   9  0.21 0.11
  545 S    1  3  0  0  0  3  1 -2  1 -3 -3  2 -1 -3 -2  0 -1 -3 -1 -3   16  20   4   5   2  16   5   0   4   0   0  19   2   0   0   7   0   0   2   0  0.32 0.11
  546 L   -2 -1  1 -2 -2  0  0 -3  3  0  2 -1  1  0 -3  0  0 -3 -1  0    0   3  11   0   0   2   5   0  10   4  37   2   4   3   0   9   7   0   0   2  0.17 0.10
  547 V    2 -1 -4 -4 -2 -3 -3 -3 -4  1  0 -3 -1 -2 -3 -2  0 -4 -3  5   26   3   0   0   0   0   0   0   0   3   7   0   0   0   0   0   4   0   0  58  0.54 0.20
  548 A    0 -1  0 -1 -2 -1  1  2 -2 -2 -1  0  0 -3 -2  2  3 -3 -3  0    3   2   3   0   0   0   9  15   0   0   7   7   3   0   0  18  26   0   0   6  0.21 0.10
  549 Q   -1  0  0  0 -3  4 -1  1 -2 -4 -4 -1 -3 -4  1  4 -1 -4 -3 -3    0   3   2   5   0  28   0  12   0   0   0   0   0   0   8  43   0   0   0   0  0.57 0.21
  550 S    5 -3 -3 -3 -2 -2 -2 -1 -3 -2 -1 -2  0 -3  1  0 -1 -4 -3 -2   76   0   0   0   0   0   0   2   0   0   7   0   3   0   6   4   3   0   0   0  0.75 0.24
  551 S    0 -2  1  4 -3 -1  2 -2 -2 -2 -1 -1  1 -3 -2  2 -1 -4 -1 -1    6   0   7  28   0   0  20   0   0   0   6   0   6   0   0  22   0   0   3   3  0.37 0.14
  552 M   -2  0  0  1 -3  3  3 -3  2 -2 -2  2 -1 -3 -2 -1  2 -4 -2 -2    0   3   2   5   0  22  20   0   6   2   3  17   2   0   0   0  18   0   0   0  0.40 0.15
  553 G   -2 -4 -2 -3 -4 -4 -4  7 -4 -6 -6 -3 -5 -5 -4 -2 -3 -4 -5 -5    0   0   0   0   0   0   0 100   0   0   0   0   0   0   0   0   0   0   0   0  1.91 0.34
  554 A    5 -3 -3 -3  5 -2 -3  1 -3 -3 -3 -2  0 -4 -3 -1 -2 -4 -3 -2   74   0   0   0  13   0   0   9   0   0   0   0   3   0   0   0   0   0   0   0  0.86 0.25
  555 V   -1 -3 -2  2  4 -3 -2 -4 -3  2 -1 -3  1 -1 -3 -2  0 -3  1  4    0   0   0  15  10   0   0   0   0   7   0   0   5   0   0   0   7   0   8  48  0.37 0.14
  556 T   -1 -3 -3 -3  6 -2 -3 -3 -3  0  3 -3  3 -2 -3 -1  3 -3 -2  0    0   0   0   0  21   0   0   0   0   0  38   0  10   0   0   0  30   0   0   0  0.52 0.14
  557 R   -1  3  0  0 -4  1  4 -2  3 -4 -3  3 -2 -3 -2 -1 -1 -3 -2 -3    0  20   0   0   0   0  43   0  10   0   0  27   0   0   0   0   0   0   0   0  0.52 0.06
  558 P   -1 -2  2  2 -3 -1 -1  1 -2 -3 -4 -1 -3 -4  6 -1 -1 -4 -3 -3    0   0  14  15   0   0   0  15   0   0   0   0   0   0  56   0   0   0   0   0  1.02 0.03
  559 V    3 -2 -2 -2 -1 -1 -2  2 -2  0 -1 -1 -1 -2 -2  0  0 -3 -2  1   60   0   0   0   0   0   0  20   0   0   0   0   0   0   0   0   0   0   0  20  0.29 0.02
  560 I    0 -3 -2 -3 -1 -2 -3  2 -3  3  0 -2  0 -1 -3 -2 -1 -3 -2  3    0   0   0   0   0   0   0  27   0  26   0   0   0   0   0   0   0   0   0  47  0.24 0.01
  561 K   -1  2  0 -1 -3  1  1 -2 -1 -3 -3  5 -2 -3 -1  0 -1 -3 -2 -3    0   0   0   0   0   0   0   0   0   0   0 100   0   0   0   0   0   0   0   0  0.58 0.02

                      K         Lambda
Standard Ungapped    0.1353     0.3167
Standard Gapped      0.0410     0.2670
PSI Ungapped         0.1568     0.3175
PSI Gapped           0.0480     0.2670
