
Last position-specific scoring matrix computed, weighted observed percentages rounded down, information per position, and relative weight of gapless real matches to pseudocounts
            A   R   N   D   C   Q   E   G   H   I   L   K   M   F   P   S   T   W   Y   V   A   R   N   D   C   Q   E   G   H   I   L   K   M   F   P   S   T   W   Y   V
    1 M    -2  -3  -4  -4  -2  -2  -3  -4  -3   3   2  -3   6  -1  -3  -3  -1  -3  -2   2    0   0   0   0   0   0   0   0   0  20  19   0  46   0   0   0   0   0   0  15  0.59 0.12
    2 Q    -1   3  -1   0  -3   2   1  -1  -1  -1  -1   2   0  -2  -1   0  -1  -3  -1  -2    2  26   0   4   0  13   5   4   0   4   8  17   2   0   2   7   2   0   2   0  0.21 0.05
    3 V    -3  -2  -5  -5  -3  -4  -5  -6  -3   0   6  -3   2  -2  -5  -3  -3  -4  -3   0    1   3   0   0   0   0   0   0   1   2  84   1   3   0   0   2   0   0   0   3  1.10 0.32
    4 I    -3   4  -3  -4  -2   1  -2  -4  -3   2   2   1   2  -3  -4  -3  -2  -4  -3   2    0  35   0   0   1   7   0   1   0  11  18   7   6   0   0   0   0   0   0  15  0.46 0.20
    5 R    -3   6  -3  -3  -6  -1  -2  -3  -3  -5  -5   5  -4  -5  -4  -3  -3  -5  -4  -2    0  55   0   0   0   0   0   1   0   0   0  40   0   0   0   0   0   0   0   3  1.41 0.38
    6 K    -4   2  -3  -4  -6  -1  -2  -5  -4  -6  -5   8  -4  -6  -4  -3  -4  -6  -5  -5    0   7   0   0   0   0   0   0   0   0   0  93   0   0   0   0   0   0   0   0  1.96 0.51
    7 P    -1  -1  -3  -3  -5   0  -2  -4  -4  -3  -3  -1  -2  -6   8  -2  -1  -6  -5  -3    5   3   1   1   0   4   2   0   0   1   2   4   1   0  70   1   4   0   0   2  1.67 0.39
    8 T     0  -4  -3  -4  -3  -3  -4  -4  -4   2  -2  -3   0  -3  -4   1   4  -5  -3   5    6   0   0   0   0   0   0   0   0   8   0   0   2   0   0  12  26   0   0  46  0.70 0.28
    9 R    -4   8  -3  -4  -6  -2  -3  -5  -3  -6  -5   2  -4  -6  -5  -4  -4  -6  -5  -5    0  89   0   0   0   0   0   0   0   0   0  11   0   0   0   0   0   0   0   0  2.11 0.51
   10 M     0  -3  -2  -3  -3  -3  -3  -2  -4  -2  -2  -3   3  -3  -4   2   6  -5  -4  -1    5   1   0   0   0   0   0   2   0   1   2   0  10   1   0  16  59   0   0   4  0.93 0.34
   11 L     2  -4  -5  -5  -3  -4  -4  -4  -4   5   3  -4   1  -2  -4  -2  -2  -4  -2   1   21   0   0   0   0   0   0   0   0  43  25   0   4   0   0   1   1   0   1   3  0.68 0.25
   12 S    -1  -4  -2  -3  -4  -3  -3  -3  -4  -6  -6  -3  -5  -6  -4   7  -1  -6  -5  -5    1   0   0   0   0   0   0   0   0   0   0   0   0   0   0  99   0   0   0   0  1.92 0.55
   13 G    -3  -5  -3  -4  -6  -5  -5   7  -5  -7  -7  -4  -6  -6  -5  -3  -5  -6  -6  -6    0   0   0   0   0   0   0 100   0   0   0   0   0   0   0   0   0   0   0   0  2.34 0.51
   14 V    -3  -5  -6  -6  -4  -5  -5  -6  -6   3  -2  -5  -1  -3  -5  -4  -3  -6  -4   7    0   0   0   0   0   0   0   0   0  10   0   0   1   0   0   0   0   0   0  89  1.68 0.45
   15 T     4  -3   0  -3  -3  -3  -3  -3  -2  -1  -2  -3  -3  -3  -3   1   4  -5  -4   0   43   0   3   0   0   0   0   0   1   3   2   0   0   1   0   8  34   0   0   5  0.68 0.28
   16 I    -2  -5  -5  -5  -3  -5  -5  -6  -6   4  -1  -5  -2  -3  -1  -4   0  -5  -4   6    1   0   0   0   0   0   0   0   0  20   0   0   0   0   3   0   5   0   0  72  1.26 0.38
   17 V    -3  -5  -6  -6  -3  -5  -5  -6  -6   5  -1  -5  -1  -2  -5  -4  -3  -5  -4   6    0   0   0   0   0   0   0   0   0  32   1   0   0   1   0   0   0   0   0  67  1.40 0.39
   18 S     6  -4  -4  -4  -3  -3  -3  -2  -4  -4  -4  -3  -4  -5  -3   0   0  -5  -4  -3   89   0   0   0   0   0   0   0   0   0   0   0   0   0   0   5   6   0   0   0  1.47 0.44
   19 I     0  -5  -5  -5  -3  -4  -5  -5  -5   2   1  -5  -1  -3  -5  -4  -2  -5  -4   6    7   0   0   0   0   0   0   0   0   7  10   0   1   0   0   0   1   0   0  74  1.16 0.35
   20 M    -5  -5  -6  -7  -5  -4  -6  -6  -5  -2  -1  -5  11  -4  -6  -5  -4  -5  -5  -2    0   0   0   0   0   0   0   0   0   0   0   0  99   0   0   0   0   0   0   1  3.14 0.71
   21 T     0  -4  -3  -4   3  -3  -3  -4  -3  -3  -4  -3  -2  -5   4   0   6  -5  -4  -1    8   0   0   0   8   0   0   0   1   0   0   0   1   0  18   4  57   0   0   4  1.04 0.36
   22 H    -1   2  -2  -2  -4   1   0  -3   4  -4  -4   5  -1  -5  -1   2  -1  -5  -3  -4    4   9   0   1   0   5   2   0  10   0   1  43   2   0   3  19   1   0   0   0  0.66 0.26
   23 P    -4  -6  -5  -5  -6  -5  -4  -5  -6  -6  -6  -4  -6  -7   9  -4  -4  -7  -6  -6    0   0   0   0   0   0   0   1   0   0   0   0   0   0  99   0   0   0   0   0  3.13 0.64
   24 H    -1  -1  -3  -4  -3  -1   0  -4   5  -3  -1  -3   0   2  -4  -1  -3   4   6  -3    6   2   0   0   1   1   7   0  18   1   4   1   2   8   0   4   1   5  38   0  0.85 0.29
   25 S     1   0  -3  -2  -5  -2  -1  -2  -4  -5  -4   2  -4  -5   7  -1  -3  -6  -5  -4   14   5   1   2   0   1   4   2   0   0   0  13   0   0  54   3   0   0   0   0  1.26 0.33
   26 C    -4  -7  -6  -7  12  -7  -7  -6  -7  -5  -5  -7  -5  -6  -7  -4  -4  -6  -6  -4    0   0   0   0 100   0   0   0   0   0   0   0   0   0   0   0   0   0   0   0  3.88 0.72
   27 P    -4  -6  -5  -5  -6  -4  -4  -6  -4  -6  -6  -4  -6  -7   9  -4  -4  -7  -6  -6    0   0   0   0   0   0   0   0   0   0   0   0   0   0  99   0   0   0   0   0  3.15 0.64
   28 H    -4  -3  -2  -4  -5   3  -2  -5  10  -5  -5   1  -4  -3  -4  -3  -4  -5  -1  -5    1   0   0   0   0  11   0   0  76   0   0   8   0   1   0   0   0   0   0   0  2.29 0.52
   29 G    -2  -4  -2  -1  -5  -3  -2   7  -4  -6  -5  -2  -5  -6   1  -2  -4  -5  -6  -6    1   1   0   3   0   0   3  81   0   0   0   3   0   0   7   2   0   0   0   0  1.56 0.39
   30 K    -2   6  -2  -3  -5   0   2  -4  -3  -4  -4   4  -3  -5  -2  -2  -1  -5  -4  -2    1  43   0   0   0   1  15   0   0   0   0  29   0   0   2   2   3   0   0   4  0.93 0.30
   31 C    -4  -7  -6  -7  12  -7  -7  -6  -7  -5  -5  -7  -5  -6  -7  -4  -4  -6  -6  -4    0   0   0   0 100   0   0   0   0   0   0   0   0   0   0   0   0   0   0   0  3.88 0.72
   32 V     2  -3  -3  -4  -2  -3  -3  -3  -4   4   1  -1   0  -1  -3  -1   2  -4  -2   2   17   1   0   0   0   0   0   0   0  32  15   4   1   2   0   3  14   0   1  10  0.35 0.17
   33 F    -5  -5  -5  -6  -6  -5  -5  -6  -2  -4  -4  -5  -3   3   2  -5  -5  -1   9  -4    0   0   0   0   0   0   0   0   0   0   0   0   0   9  10   0   0   0  80   1  2.30 0.55
   34 C    -4  -7  -6  -7  12  -7  -7  -6  -7  -5  -5  -7  -5  -6  -7  -4  -4  -6  -6  -4    0   0   0   0 100   0   0   0   0   0   0   0   0   0   0   0   0   0   0   0  3.88 0.72
   35 P    -4  -6  -5  -5  -6  -5  -4  -6  -6  -6  -6  -4  -6  -5   9  -4  -4  -7  -6  -6    0   0   0   0   0   0   0   0   0   0   0   0   0   1  99   0   0   0   0   0  3.15 0.64
   36 G    -3  -3  -3  -4  -5  -4   0   7  -5  -7  -6  -3  -5  -6  -5  -3  -4  -5  -6  -6    0   2   0   0   0   0   7  90   0   0   0   0   0   0   0   1   0   0   0   0  1.91 0.45
   37 G    -2  -5  -3  -4  -5  -4  -4   7  -4  -6  -6  -4  -5  -6  -5   0  -4  -5  -5  -6    0   0   0   0   0   0   1  91   0   0   0   0   0   0   0   6   0   0   0   0  1.96 0.45
   38 V    -3  -4  -4  -2  -4  -3  -1  -3  -4   1  -2  -2  -3  -4   7  -3  -1  -5  -4   2    0   0   0   3   0   0   4   1   0  10   1   2   0   0  54   0   3   0   0  20  1.25 0.33
   39 D    -1  -1   1   3  -4   1   4  -2  -2  -2  -3   0  -3  -4   1   1   0  -4  -3  -2    4   2   6  15   0   4  36   2   0   2   1   4   0   0   7  12   5   0   0   2  0.47 0.18
   40 V     0  -1  -2  -2  -2   0   0  -3   0   1  -1  -1   0   4  -3   0  -1   0   4   1   10   3   1   1   0   3   6   0   2   8   3   4   1  20   0   7   1   1  17   9  0.23 0.12
   41 D    -2  -2   4   1  -3  -2  -2   5  -1  -3  -4  -1  -4  -4  -3  -1  -2  -4  -4  -3    1   1  27   7   1   1   1  49   1   2   1   3   0   0   1   1   1   0   0   1  0.89 0.25
   42 T     0  -3  -2  -3  -2  -2  -3  -3  -3  -1  -2  -3  -2  -3  -3   3   5  -4  -3   3    6   0   0   0   0   0   0   1   0   1   1   0   0   0   0  21  40   0   0  25  0.66 0.26
   43 P    -1  -5  -4  -5  -6  -4  -4  -5  -5  -6  -6  -4  -6  -7   9  -4  -4  -7  -6  -5    4   0   0   0   0   0   0   0   0   0   0   0   0   0  95   0   0   0   0   0  2.90 0.59
   44 Q    -4   0   2  -3  -6   8  -1  -4  -2  -6  -5   0  -4  -6   2  -2  -3  -5  -4  -5    0   4  10   0   0  71   1   0   0   0   0   4   0   0   8   1   1   0   0   0  1.54 0.46
   45 S     0  -4  -2  -3  -4  -3  -3  -3  -4  -5  -5  -3  -4  -5  -4   7  -1  -6  -5  -5    6   0   0   0   0   0   0   0   0   0   0   0   0   0   0  94   0   0   0   0  1.78 0.53
   46 Y    -5  -5  -6  -7  -6  -5  -6  -7  -2  -5  -5  -5  -4   0  -7  -5  -5  -1  10  -5    0   0   0   0   0   0   0   0   0   0   0   0   0   0   0   0   0   0 100   0  3.11 0.68
   47 Y    -3  -4  -3  -4  -4  -3  -4  -5  -4   0  -2  -4   1  -1  -4  -2   7  -4   1   1    0   0   0   0   0   0   0   0   0   6   2   0   4   2   0   0  73   0   5   7  1.22 0.41
   48 G    -3  -3  -3  -3  -5  -4  -2   7  -5  -7  -6  -3  -5  -6  -2  -2  -4  -5  -6  -6    0   1   0   1   0   0   2  92   0   0   0   1   0   0   2   1   0   0   0   0  1.95 0.46
   49 R    -2   3   1   0  -4   0   2  -3   4  -3  -2   3  -2   0  -3  -1  -1  -3   1  -3    1  16   6   3   0   3  14   1  14   1   4  22   1   6   0   2   3   0   4   0  0.37 0.17
   50 E    -4  -3  -3  -1  -6  -1   7  -5  -3  -6  -6  -2  -5  -6  -4   0  -4  -6  -5  -5    0   0   0   0   0   0  92   0   0   0   0   0   0   0   0   8   0   0   0   0  1.98 0.53
   51 P    -4  -6  -5  -5  -6  -5  -5  -6  -6  -6  -6  -4  -6  -7   9  -4  -4  -7  -6  -6    0   0   0   0   0   0   0   0   0   0   0   0   0   0 100   0   0   0   0   0  3.19 0.64
   52 T     6  -4  -4  -4  -3  -3  -3  -2  -4  -4  -4  -3  -3  -5  -3   1   0  -5  -4  -1   83   0   0   0   0   0   0   0   0   0   0   0   0   0   0  10   4   0   0   3  1.31 0.41
   53 L     4  -3  -3  -4   0  -3  -3  -2  -4  -1   1  -3  -2  -3  -3   1   3  -4  -3   1   42   0   0   0   1   0   0   1   0   1  14   0   0   0   0   7  21   0   0  12  0.51 0.24
   54 M    -1   2  -4  -5  -4   0  -4  -5  -4   0   3  -3   8  -3  -5  -4  -3  -4  -4  -1    5  11   0   0   0   5   0   0   0   3  26   0  49   0   0   0   0   0   0   1  1.12 0.37
   55 R    -4   8   2  -4  -6  -2  -3  -5  -3  -6  -5  -1  -4  -6  -5  -3  -4  -6  -5  -4    0  90   9   0   0   0   0   0   0   0   0   0   0   0   0   0   0   0   0   1  2.10 0.53
   56 A     6  -4  -4  -4  -3  -4  -4   4  -4  -4  -5  -3  -4  -5  -4  -1  -3  -5  -5  -3   72   0   0   0   0   0   0  28   0   0   0   0   0   0   0   0   0   0   0   0  1.32 0.40
   57 I    -1   2  -4  -4  -3  -2  -3  -3  -4   4   2   0   1  -1  -4  -1  -2  -1  -3   1    6  12   0   0   0   0   1   1   0  39  23   5   2   1   0   4   1   1   0   3  0.41 0.19
   58 E    -1   3  -1  -2  -5   6   3  -3   0  -4  -3   0   4  -4  -3  -1  -3  -4  -3  -4    3  14   2   1   0  39  19   0   2   0   0   2  12   0   1   3   0   0   1   0  0.80 0.31
   59 N    -2  -3   6  -2   0  -2  -2  -3   4  -3  -3  -3  -3   1  -4  -1  -1  -2   4   0    2   0  42   0   2   0   1   0  11   0   2   0   0   7   0   4   3   0  18   7  0.78 0.29
   60 D    -2   0   5   3  -3   1   2   2  -1  -5  -4   1  -3  -5  -3   0  -2  -5  -3  -4    2   4  30  15   1   4  16  14   1   0   1   7   0   0   0   5   0   0   0   0  0.55 0.21
   61 Y    -5  -5  -6  -6  -5  -5  -6  -6  -2  -4  -3  -5  -3   7  -6  -5  -5  -1   8  -4    0   0   0   0   0   0   0   0   0   0   0   0   0  49   0   0   0   0  51   0  2.20 0.51
   62 D    -5  -4   1   8  -6  -3  -1  -4   4  -6  -7  -3  -6  -6  -4  -3  -4  -7  -5  -6    0   0   5  82   0   0   1   0  11   0   0   0   0   0   0   0   0   0   0   0  1.99 0.49
   63 P    -3  -5  -5  -5  -6  -5  -4  -5  -6  -6  -6  -4  -6  -7   9  -4  -4  -7  -6  -6    2   0   0   0   0   0   0   0   0   0   0   0   0   0  98   0   0   0   0   0  3.06 0.62
   64 F    -4  -2  -3  -6  -5  -4  -4  -6   0  -4  -4   1  -4   4  -6  -4  -4  -1   9  -4    1   1   1   0   0   0   1   0   1   0   0   9   0  14   0   0   0   0  73   0  1.99 0.49
   65 H    -1   2  -1  -2  -2   0   1  -2  -1   0   2   2   1  -2  -3  -1  -2  -2   0  -1    3  11   2   1   0   2  12   2   1   2  31  16   4   0   0   5   0   0   4   3  0.18 0.13
   66 Q    -4  -2  -3  -4  -6   9  -1  -5  -3  -4  -5  -2  -2  -7  -5  -3  -4  -5  -5  -5    0   0   0   0   0  98   0   0   0   1   0   0   0   0   0   0   0   0   0   0  2.52 0.64
   67 V    -2  -5  -5  -5  -3  -4  -5  -5  -5   3  -2  -4  -1  -3  -5  -3   3  -5  -4   6    1   0   0   0   0   0   0   0   0  12   0   0   1   1   0   0  17   0   0  69  1.18 0.37
   68 Q    -2   4  -1  -3  -4   2   0  -3   1  -2  -1   3   0  -1  -3   0   1   1   2  -2    1  23   1   0   0   8   3   0   3   2   4  23   3   3   0   5  11   2   7   1  0.34 0.17
   69 S     1  -1   3   0  -2   0   0  -1   2  -2  -2  -1  -1  -1  -3   3   0  -4  -2  -1   10   1  14   5   0   3   4   3   6   1   4   2   1   2   0  35   4   0   0   3  0.30 0.17
   70 R    -4   8  -3  -5  -7  -2  -3  -5  -3  -6  -5   2  -4  -6  -5  -4  -4  -6  -5  -6    0  90   0   0   0   0   0   0   0   0   0  10   0   0   0   0   0   0   0   0  2.17 0.53
   71 L    -3  -5  -5  -6  -3  -4  -5  -6  -5   5   5  -4   1  -2  -5  -4  -3  -4  -3   1    0   0   0   0   0   0   0   0   0  36  55   1   2   0   0   0   1   0   0   6  1.06 0.31
   72 R    -1   2   1   1  -4   1   3  -2  -1  -3  -2   2  -2  -3  -3   1   0  -4  -1  -3    4  12   7   6   0   3  27   1   1   1   4  18   0   1   0  10   3   0   2   0  0.36 0.16
   73 Q    -3  -1  -2  -3  -6   9  -1  -5   1  -6  -5   1  -4  -6  -4  -3  -4  -5  -4  -5    1   1   0   0   0  89   0   0   3   0   0   6   0   0   0   0   0   0   0   0  2.18 0.58
   74 Y    -4  -5  -6  -6  -4  -4  -5  -6  -3   0   5  -5   0   0  -5  -5  -4  -3   5  -2    0   0   0   0   0   0   0   0   0   2  74   0   0   1   0   0   0   0  23   0  1.32 0.39
   75 V    -2   3   0  -2  -4   1   3  -4   1   0  -2   3  -1  -2  -3  -1  -1  -4  -1   0    1  16   3   0   0   4  28   0   4   8   3  19   1   1   0   2   3   0   1   7  0.37 0.18
   76 E     4  -1   0  -1  -3   0   1  -1  -1  -1  -3   0  -1  -3  -3   2   0  -4  -1  -1   41   2   4   2   0   3  10   1   1   4   1   5   1   1   0  13   5   0   2   4  0.30 0.17
   77 N    -3  -4   0  -5  -2  -4  -5  -5  -4   6   1  -4   4   0  -5  -3  -2  -4   1   1    0   0   5   0   1   0   0   0   0  57   7   0  15   4   0   1   1   0   5   5  0.91 0.30
   78 G    -3  -5  -3  -4  -6  -5  -5   7  -5  -7  -7  -4  -6  -6  -5  -3  -5  -6  -6  -6    0   0   0   0   0   0   0  99   0   0   0   0   0   0   0   0   0   0   0   0  2.29 0.51
   79 H    -5  -4  -3  -5  -7  -1  -4  -6  11  -7  -6  -4  -5  -3  -6  -4  -5  -3   0  -7    0   0   0   0   0   1   0   0  96   0   0   0   0   1   0   0   0   0   1   0  3.26 0.68
   80 T    -1   1   0   2  -4  -1   1  -3  -2  -1  -2   1  -2  -2   4   0   1  -4  -2  -1    2   9   3  15   0   1   8   0   0   4   1   9   0   2  24   5   9   0   1   6  0.39 0.15
   81 P    -2  -4  -4  -4  -3  -4  -4  -5  -5   2   0  -4  -2  -3   5  -1   1  -5  -4   4    2   0   0   0   0   0   0   0   0  11   7   0   0   0  26   4  10   0   0  41  0.78 0.27
   82 S    -3  -4   0   6  -5  -1   0  -3  -2  -5  -6  -3  -5  -6  -4   4  -1  -6  -5  -5    0   0   2  57   0   2   4   1   0   0   0   0   0   0   0  31   3   0   0   0  1.25 0.38
   83 K    -4  -1  -3  -4  -6  -2  -2  -5  -4  -6  -6   8  -5  -6  -4  -3  -4  -6  -5  -5    0   0   0   0   0   0   0   0   0   0   0 100   0   0   0   0   0   0   0   0  2.21 0.57
   84 V     0  -5  -5  -5   0  -4  -5  -5  -5   4   0  -4   2  -3  -5  -4  -2  -5  -3   6    6   0   0   0   2   0   0   0   0  23   3   0   6   0   0   0   0   0   0  61  1.06 0.33
   85 E    -4  -3  -3   2  -7   0   7  -5  -3  -6  -6  -2  -5  -6  -4  -3  -4  -1  -5  -6    0   0   0  11   0   1  86   0   0   0   0   1   0   0   0   0   0   1   0   0  1.85 0.50
   86 L    -3  -5  -6  -6  -4  -5  -5  -6  -5   1   6  -5   1   0  -5  -5  -3  -4  -3   1    1   0   0   0   0   0   0   0   0   6  81   0   1   2   0   0   0   0   0   9  1.23 0.35
   87 I    -4  -6  -6  -6  -4  -6  -6  -7  -6   8  -1  -5  -1  -3  -6  -5  -3  -5  -4   3    0   0   0   0   0   0   0   0   0  86   1   0   0   0   0   0   0   0   0  13  1.79 0.46
   88 I    -3  -5  -6  -6  -3  -5  -5  -6  -6   6   1  -5   0  -2  -5  -4  -3  -5  -4   5    0   0   0   0   0   0   0   0   0  57   6   0   1   0   0   0   0   0   0  36  1.28 0.36
   89 M    -4  -5  -5  -6  -4  -2  -5  -6  -5   0   0  -5  10   0  -6  -5  -4  -5  -4   2    0   0   0   0   0   1   0   0   0   2   5   0  76   3   0   0   0   0   0  13  2.04 0.54
   90 G    -3  -5  -3  -4  -6  -5  -5   7  -5  -7  -7  -5  -6  -6  -5  -3  -5  -6  -6  -6    0   0   0   0   0   0   0 100   0   0   0   0   0   0   0   0   0   0   0   0  2.35 0.52
   91 G    -3  -5  -3  -4  -6  -5  -5   7  -5  -7  -7  -5  -6  -6  -5  -3  -5  -6  -6  -6    0   0   0   0   0   0   0 100   0   0   0   0   0   0   0   0   0   0   0   0  2.35 0.52
   92 T    -3  -4  -1  -3  -4  -4  -4  -5  -5  -4  -4  -4  -4  -5  -4  -2   8  -6  -5  -3    0   0   2   1   0   0   0   0   0   0   0   0   0   0   0   0  97   0   0   0  2.10 0.57
   93 F    -5  -6  -6  -7  -5  -6  -6  -6  -3  -3   0  -6  -1   9  -7  -5  -5   0   0  -3    0   0   0   0   0   0   0   0   0   0   6   0   1  91   0   0   0   1   0   1  2.39 0.54
   94 L    -2  -4  -3  -4  -2  -3  -4  -4  -4  -3   2  -3  -1  -4   6  -1   4  -5  -4  -3    2   0   1   0   1   0   0   0   0   0  23   0   2   0  44   3  26   0   0   0  1.12 0.34
   95 S     5  -4  -2  -4  -1  -3  -3  -2  -3  -4  -4  -3  -3   3  -3   3  -2  -4  -1  -3   59   0   1   0   1   0   0   0   0   0   0   0   0  14   0  23   0   0   2   0  0.91 0.34
   96 L    -1   3  -2  -4  -3   1  -2  -4  -1  -2   1  -1   6  -2  -4  -1   2  -3   1  -2    6  22   0   0   0   7   1   0   1   0  13   1  25   1   0   2  15   0   5   0  0.47 0.24
   97 P    -3  -5  -2   2   1  -3  -2  -5  -3  -5  -5  -4  -5  -1   8   0  -2  -6  -4  -5    1   0   1  12   3   0   1   0   0   0   0   0   0   3  69   7   2   0   0   0  1.78 0.43
   98 I    -2   2  -3  -2  -3   0   0  -4  -2   2   2   0   0   0   1  -2  -2  -1  -2   0    1  15   0   1   0   3   7   0   1  14  31   7   1   4   7   1   1   1   0   5  0.21 0.13
   99 D    -2  -2   0   6   3  -1   2  -3  -2  -3  -4  -1  -4  -2  -3   1  -1  -2  -2  -4    2   2   2  50   6   1  16   1   1   2   0   2   0   2   0   9   2   1   1   0  0.81 0.27
  100 Y    -5  -5  -6  -7  -6  -5  -4  -7  -2  -5  -4  -5  -4   1  -6  -5  -5  -1  10  -5    0   0   0   0   0   0   1   0   0   0   0   0   0   2   0   0   0   0  97   0  2.94 0.65
  101 Q    -4   0  -3  -4  -6   9  -1  -5  -3  -6  -3   0  -4  -6  -5  -3  -3  -5  -5  -5    0   4   0   0   0  90   0   0   0   0   3   3   0   0   0   0   0   0   0   0  2.19 0.59
  102 D    -3   2  -2   1  -4   0   6  -4  -2  -2  -4   0  -3  -5  -3  -2   0  -5  -3  -2    0   9   1   6   0   2  63   0   0   2   1   5   0   0   0   1   6   0   1   2  0.97 0.33
  103 W    -5  -3   2   0  -4  -3  -2  -3  -2  -6  -5  -4  -5  -1  -6  -3  -4  12   2  -6    0   1  12   6   0   0   3   1   1   0   0   1   0   1   0   2   1  65   6   0  2.53 0.54
  104 F    -5  -6  -6  -7  -6  -6  -7  -6  -4  -3  -3  -6  -3   9  -7  -6  -5  -2   1  -3    0   0   0   0   0   0   0   0   0   0   0   0   0  98   0   0   0   0   1   1  2.70 0.59
  105 V    -3  -5  -5  -5  -3  -5  -5  -6  -5   5  -1  -5   1  -3  -5  -3  -1  -5  -4   5    1   0   0   0   0   0   0   0   0  43   0   0   3   0   0   1   3   0   0  50  1.19 0.35
  106 T     0   1  -2  -3  -4   1  -2  -3  -2  -4  -4   6  -3  -5  -3   0   3  -5  -4  -3    6   4   0   0   0   5   0   0   1   1   0  60   0   0   0   5  18   0   0   1  0.95 0.34
  107 Y    -2   5   1  -2  -3   3   1   1  -1  -4  -4   1   1  -4  -3   2  -2  -4  -3  -4    0  37   7   0   0  12   8  10   1   0   0   4   5   0   0  15   0   0   1   0  0.59 0.24
  108 A     1  -6  -6  -6  11  -6  -6  -5  -6   0  -3  -6  -2  -5  -6  -3  -3  -6  -5  -1   12   0   0   0  76   0   0   0   0   4   1   0   1   0   0   1   1   0   0   5  2.52 0.54
  109 L    -4  -5  -5  -6  -4  -4  -5  -6  -3   0   5  -5  -1   4  -5  -5  -4  -2   4  -2    0   0   0   0   0   0   0   0   0   3  62   0   0  18   0   0   0   0  17   0  1.12 0.34
  110 E    -4   0   0   6  -6   0   4  -3  -3  -6  -6  -1  -4  -6  -4  -2  -3  -6  -5  -5    0   5   3  55   0   3  29   0   0   0   0   3   0   0   0   0   0   0   0   0  1.28 0.36
  111 A     7  -4  -4  -5  -3  -4  -4   0  -5  -4  -4  -4  -4  -5  -4  -1  -2  -5  -5  -3   95   0   0   0   0   0   0   5   0   0   0   0   0   0   0   0   1   0   0   0  1.66 0.48
  112 M    -3  -4  -5  -6  -2  -3  -5  -6  -5   3   4  -4   7   1  -5  -4  -3  -4  -3   0    1   0   0   0   1   0   0   0   0  16  34   0  41   4   0   0   1   0   0   2  1.14 0.35
  113 N    -3  -3   8  -2  -5  -3  -3  -3  -2  -2  -4  -3  -4  -5  -5  -1   3  -6  -5  -2    1   0  74   0   0   0   0   0   0   3   1   0   0   0   0   3  16   0   0   3  1.58 0.45
  114 R    -2   3   0   3  -2  -1   1   5  -3  -5  -4  -2  -2  -5  -4  -1  -3  -5  -3  -5    1  16   3  21   1   1   7  44   0   0   1   0   1   0   0   2   0   0   1   0  0.75 0.25
  115 F    -2   0  -3  -4  -2  -1  -1  -4  -2   0  -1   1  -1   6  -4  -2   0  -1   3   1    1   6   0   0   1   2   4   0   0   5   1   9   1  37   0   2   6   0  12  12  0.50 0.20
  116 P    -2   0   0   3  -3  -1   2  -1  -2  -2  -3   0  -3  -4   4   0   0  -3  -2  -1    1   4   4  18   0   1  15   6   0   3   1   7   0   0  25   4   6   0   1   4  0.45 0.16
  117 S     1  -1   0  -1  -2  -1   0   0  -1  -3  -3   0  -2  -2  -2   4   1  -4  -3  -2   12   2   4   2   0   1   5   7   1   1   2   5   1   1   1  47   5   0   0   3  0.41 0.20
  118 Y     0   1   1   0  -2   0   1   0  -1  -2  -3   2  -2  -2   2   1   0  -3  -1  -2    5   8   8   4   0   3   8   7   0   2   1  15   0   1  12  14   5   0   2   2  0.22 0.09
  119 D    -1   0   3   2  -3  -1   1  -1  -1  -3  -3   1  -3  -3   0   3  -1  -3  -2  -3    1   5  14  12   0   1   8   2   1   1   2  10   0   0   3  33   2   0   1   1  0.36 0.16
  120 K     0   0   0   0  -1   0   0  -1   0  -1  -1   1  -1  -1   4   0  -1   3  -1  -1    5   4   3   4   1   3   6   5   2   5   6  11   1   3  23   5   3   5   2   4  0.23 0.04
  121 P     0   1   0   0  -1   0   1   0   0  -1  -1   1  -1  -1   2   0   0  -1   0  -1    8  10   5   4   1   4   8   5   2   3   6  10   1   3  10   7   4   1   3   5  0.08 0.01
  122 S     0   1   1   1  -1   0   1   1   0  -1  -1   1  -1  -1   0   0   0   0  -1  -1    5   9   6   7   1   3   9  11   2   3   6  10   1   2   4   7   6   1   2   5  0.06 0.01
  123 F     0   0   0  -1  -1   0   0  -1   0  -1   0   0   0   2   0   0   0   3   2  -1    8   4   4   4   1   2   5   4   2   3   8   6   2  16   4   6   5   4   8   4  0.06 0.02
  124 V     0   0  -1  -1  -1   0   0  -1   0   1   0   0   0  -1   2   0   0   0  -1   1    5   4   2   3   1   4   4   4   2  10   8   5   2   3  10   5   7   2   2  15  0.04 0.01
  125 Y    -1  -1   0   0   0  -1  -1  -1   0  -1  -1  -1  -1   0   1   1   2  -1   3  -1    4   2   3   5   2   2   3   4   1   3   6   4   1   2   6  16  15   1  17   3  0.14 0.06
  126 L    -4  -4  -6  -6  -4  -4  -5  -6  -5   2   6  -5   0  -2  -5  -5  -3  -4  -3  -1    0   1   0   0   0   0   0   0   0   7  88   0   1   0   0   0   0   0   0   1  1.39 0.38
  127 E    -3  -2  -1   1  -6   0   7  -4  -2  -5  -5   0  -4  -6  -3  -2  -3  -3  -5  -4    1   0   1   7   0   3  79   1   1   0   0   4   0   0   0   0   0   0   0   1  1.47 0.42
  128 D    -3  -3  -1   4  -4  -1   6  -4  -3  -4  -4  -1  -3  -5  -4  -1  -2  -5  -4  -5    1   0   1  23   0   1  64   1   0   1   1   3   1   0   0   3   1   0   0   0  1.26 0.38
  129 A     6  -4  -4  -4  -3  -3  -2  -3  -4  -1  -3  -3  -3  -5  -4  -1  -2  -5  -4   1   83   0   0   0   0   0   2   0   0   3   1   0   0   0   0   1   0   0   0  10  1.27 0.41
  130 Q    -3  -1  -3  -3  -5   6  -1  -4   3  -2  -3   5   1  -4  -4  -3  -3  -5  -4  -4    0   0   0   0   0  41   0   0   7   3   2  43   4   0   0   0   0   0   0   0  1.17 0.39
  131 V     0   3  -1  -2  -4   0   0  -3  -2  -1   1   4   0  -2  -3   0  -1  -3  -2  -1    7  18   2   1   0   3   6   0   0   3  18  31   2   1   0   5   2   0   0   2  0.32 0.17
  132 K     0   3   3  -2  -2  -1  -1  -2  -2   1   1   1   0  -2  -3  -1  -1  -3   0  -1   12  19  17   0   0   1   4   1   0  10  17   9   2   1   0   1   2   0   3   2  0.19 0.14
  133 N     3  -3   7  -2  -5  -3  -3  -2  -3  -5  -5  -3  -4  -6  -4  -2  -3  -6  -5  -4   31   0  67   0   0   0   0   1   0   0   1   0   0   0   0   1   0   0   0   0  1.57 0.46
  134 E    -4  -3  -3  -1  -7  -1   8  -5  -3  -7  -6  -2  -5  -7  -4  -3  -4  -6  -5  -6    0   0   0   0   0   1  99   0   0   0   0   0   0   0   0   0   0   0   0   0  2.24 0.57
  135 K    -2   1   1  -1  -3  -1  -1  -3   3  -1  -3   3  -2  -3  -3   1   4  -4  -2  -1    1   6   7   2   0   0   2   1  10   2   1  19   0   1   0   8  34   0   1   5  0.41 0.21
  136 A     5  -4  -3  -4  -2  -3  -3  -2  -4  -4  -4  -3  -4  -5  -3   4  -2  -5  -4  -3   64   0   0   0   0   0   0   1   0   0   0   0   0   0   0  33   1   0   0   0  1.17 0.39
  137 E    -1   2   1   0  -4   1   1  -1   0  -3  -3   3  -2  -4   3   1  -1  -4  -2  -3    4  13   6   4   0   4  10   4   2   1   1  27   1   0  14   9   1   0   1   0  0.39 0.16
  138 V    -2  -2  -1  -4  -3  -4  -4  -5   3   6  -1  -4  -1  -1  -4  -2  -1  -4  -1   3    2   2   4   0   0   0   0   0   8  51   1   0   0   1   0   4   2   0   1  24  0.78 0.28
  139 R    -5   8  -3  -5  -7  -2  -3  -5  -1  -6  -5   0  -4  -6  -5  -4  -4  -6  -5  -6    0  96   0   0   0   0   0   0   1   0   0   3   0   0   0   0   0   0   0   0  2.34 0.56
  140 C    -3  -4   6  -3   9  -4  -4  -4  -3  -2  -4  -4  -1  -5  -4  -2  -2  -6  -5   0    0   0  45   0  41   0   0   0   0   2   1   0   1   0   0   1   1   0   0   8  1.65 0.44
  141 V    -3  -5  -5  -5  -3  -5  -5  -5  -5   3  -2  -5  -2  -3  -5   0  -1  -5  -4   6    0   0   0   0   0   0   0   0   0  17   0   0   0   0   0   7   2   0   0  74  1.28 0.39
  142 G     0  -5  -3  -2  -5  -4  -5   7  -5  -6  -6  -4  -5  -6  -5  -3  -4  -5  -6  -6    6   0   0   3   0   0   0  91   0   0   0   0   0   0   0   0   0   0   0   0  1.99 0.46
  143 M    -3  -4  -5  -5  -3  -4  -5  -6  -5   5   3  -4   4   3  -5  -4  -2  -3  -2   1    0   0   0   0   0   0   0   0   0  37  34   0  14  11   0   0   1   0   0   3  0.89 0.28
  144 T    -2  -4  -3  -4  -1  -4  -4  -5  -5  -3  -4  -4  -4  -5  -4  -1   8  -6  -5  -3    2   0   0   0   1   0   0   0   0   1   0   0   0   0   0   1  95   0   0   0  2.00 0.55
  145 I    -2  -5  -5  -5  -3  -5  -5  -5  -5   5   0  -5   0   5  -5  -4  -3  -3  -1   4    2   0   0   0   0   0   0   0   0  34   5   0   1  28   0   0   0   0   0  30  0.95 0.30
  146 E    -4  -3  -3  -1  -7  -1   8  -5  -3  -7  -6  -2  -5  -7  -4  -3  -4  -6  -5  -6    0   0   0   0   0   0 100   0   0   0   0   0   0   0   0   0   0   0   0   0  2.28 0.58
  147 T    -3  -4  -3  -4  -4  -4  -4  -5  -5  -4  -4  -4  -4  -5  -1  -1   8  -6  -5  -3    0   0   0   0   0   0   0   0   0   0   0   0   0   0   3   0  96   0   0   0  2.06 0.56
  148 K    -4   8  -3  -4  -6  -2  -3  -5  -3  -6  -5   3  -4  -6  -5  -4  -4  -6  -5  -6    0  85   0   0   0   0   0   0   0   0   0  15   0   0   0   0   0   0   0   0  2.05 0.51
  149 P    -4  -6  -5  -5  -6  -5  -5  -6  -6  -6  -6  -4  -6  -7   9  -4  -4  -7  -6  -6    0   0   0   0   0   0   0   0   0   0   0   0   0   0 100   0   0   0   0   0  3.19 0.64
  150 D    -5  -5  -1   8  -7  -3  -1  -4  -4  -6  -7  -4  -6  -7  -5  -3  -4  -8  -6  -6    0   0   0  99   0   0   0   0   0   0   0   0   0   0   0   0   0   0   0   0  2.53 0.57
  151 W    -5  -5  -5  -7   0  -3  -6  -6  -2  -5  -3  -6  -4   1  -7  -6  -5  11   6  -4    0   0   0   0   2   1   0   0   1   0   1   0   0   4   0   0   0  61  29   1  2.90 0.59
  152 A     3  -4  -4  -4   8  -4  -4  -1  -4  -3  -2  -4  -2   0  -4   2  -1  -4  -4  -2   30   0   0   0  39   0   0   5   0   1   3   0   1   5   0  15   2   0   0   1  1.08 0.33
  153 K    -3   4  -2  -2  -5   0  -1  -3  -2  -5  -4   6   0  -2  -4  -2  -2  -5  -2  -4    1  22   1   1   0   2   1   1   0   0   1  60   3   2   0   1   1   0   2   0  1.06 0.34
  154 E    -2   0  -2  -1  -3   2   6  -4  -1  -1  -2   2  -1  -5  -1  -2  -2  -5  -4  -2    2   5   0   0   0   7  57   0   1   3   3  12   1   0   3   1   1   0   0   3  0.80 0.29
  155 W    -2   1   0   0  -2   2   3  -1   0  -2  -3   2  -3  -3   2  -1  -1   1  -2  -2    2   9   3   3   1   7  27   5   2   2   0  18   0   0   9   2   2   2   1   4  0.35 0.15
  156 H    -4  -3  -2   2  -5   2   1  -4  10  -6  -6  -3  -4  -5  -5  -3  -4  -5  -1  -5    0   0   1  10   0  11   8   0  68   0   0   0   0   0   0   0   1   0   0   0  2.00 0.50
  157 A     1  -5  -5  -5  -1  -4  -5  -5  -5   4  -1  -4  -1  -3  -4  -3  -2  -5  -4   6   14   0   0   0   1   0   0   0   0  26   0   0   0   0   0   0   1   0   0  59  1.05 0.34
  158 D    -5  -4   3   8  -6  -2  -1  -4  -4  -6  -7  -3  -6  -6  -4  -2  -4  -7  -6  -6    0   0  15  82   0   0   2   0   0   0   0   0   0   0   0   1   0   0   0   0  1.99 0.48
  159 Q    -1   4   0  -2  -4   2   1  -2   2  -2   0   0   0   1  -3  -1  -2   4  -1  -2    3  26   4   1   0  10  11   2   7   2  12   2   3   6   0   3   0   7   1   1  0.31 0.16
  160 M    -2  -5  -5  -6  -3  -4  -5  -6  -5   0   0  -5  10   2  -6  -4  -3  -4  -3  -2    3   0   0   0   0   0   0   0   0   3   5   0  78   8   0   1   0   0   0   1  2.08 0.54
  161 L    -4  -5  -6  -7  -4  -5  -6  -7  -6  -1   6  -5   0  -2  -6  -5  -4  -4  -4  -2    0   0   0   0   0   0   0   0   0   1  99   0   0   0   0   0   0   0   0   0  1.73 0.46
  162 R    -2   3   1   2  -4   1   1  -1   1  -4  -3   2  -3  -2  -3   2  -1   0   1  -3    1  19   7  10   0   5  10   3   4   0   1  10   0   1   0  20   0   1   6   0  0.34 0.16
  163 L    -4  -4  -5  -6  -4  -3  -5  -6  -3  -1   4  -4   6   3  -5  -4  -3  -2   5  -2    0   0   0   0   0   0   0   0   0   1  46   0  23   9   0   0   0   0  21   0  1.08 0.34
  164 G    -2  -5  -3  -4  -6  -5  -5   7  -5  -7  -7  -4  -6  -6  -5  -3  -4  -6  -6  -6    0   0   0   0   0   0   0  99   0   0   0   0   0   0   0   0   0   0   0   0  2.30 0.51
  165 A     4  -4  -4  -4  -2  -3  -4   1  -4   1  -2  -3  -2  -2  -4  -2   0  -5  -3   4   35   0   0   0   0   0   0  11   0   5   0   0   0   1   0   0   6   0   0  42  0.64 0.27
  166 T    -3  -4  -3  -4  -4  -4  -4  -5  -5  -3  -4  -4  -4  -5  -4  -2   8  -6  -5  -3    0   0   0   0   0   0   0   0   0   0   0   0   0   0   0   0 100   0   0   0  2.20 0.59
  167 K    -4   8  -3  -4  -6  -1  -3  -5  -3  -6  -4   3  -4  -6  -5  -3  -4  -6  -5  -5    1  82   0   0   0   0   0   0   0   0   1  16   0   0   0   0   0   0   0   0  1.93 0.49
  168 V    -3  -5  -6  -6  -1  -5  -5  -6  -6   3  -2  -5  -2  -3  -5  -4  -3  -6  -4   7    0   0   0   0   1   0   0   0   0  13   0   0   0   0   0   0   0   0   0  85  1.60 0.44
  169 E    -4  -3  -3  -1  -7  -1   8  -5  -3  -7  -6  -2  -5  -7  -4  -3  -4  -6  -5  -6    0   0   0   0   0   0 100   0   0   0   0   0   0   0   0   0   0   0   0   0  2.28 0.58
  170 L    -4  -5  -6  -6  -3  -5  -5  -6  -5   5   5  -5   2  -2  -5  -5  -3  -4  -3   0    0   0   0   0   0   0   0   0   0  39  54   0   3   0   0   0   0   0   0   3  1.13 0.33
  171 G    -3  -5  -3  -4  -6  -5  -5   7  -5  -7  -7  -5  -6  -6  -5  -3  -5  -6  -6  -6    0   0   0   0   0   0   0 100   0   0   0   0   0   0   0   0   0   0   0   0  2.35 0.52
  172 V    -2  -5  -6  -6  -4  -5  -5  -6  -6   1  -2  -5  -1  -4  -5  -4  -3  -6  -4   7    2   0   0   0   0   0   0   0   0   3   0   0   1   0   0   0   0   0   0  95  1.79 0.48
  173 Q    -4  -2  -3  -4  -7   9  -1  -5  -3  -6  -6  -2  -4  -7  -5  -3  -4  -5  -5  -6    0   0   0   0   0 100   0   0   0   0   0   0   0   0   0   0   0   0   0   0  2.65 0.66
  174 T    -1  -3   4  -2  -2  -3  -3  -3  -2  -2  -4  -3  -3  -5  -3   3   5  -5  -4  -2    3   0  20   0   1   0   0   0   1   3   0   0   0   0   0  28  45   0   0   1  0.94 0.34
  175 V    -3  -4  -5  -5  -3  -4  -4  -5  -5   4   3  -4  -1  -2   2  -4   0  -4  -3   3    0   0   0   0   0   0   0   0   0  33  29   0   0   0  11   0   5   0   0  22  0.73 0.25
  176 Y    -4  -2   0   1  -5   1  -3  -5   2  -4  -4  -4  -4   2  -5   0  -4  -1   8  -4    0   2   4   9   0   6   0   0   5   0   0   0   0   6   0   7   0   0  61   0  1.38 0.40
  177 D    -4  -4   3   7  -6  -2   2  -4  -3  -6  -6  -3  -6  -6  -4  -3  -4  -7  -6  -6    0   0  13  73   0   0  14   0   0   0   0   0   0   0   0   0   0   0   0   0  1.74 0.44
  178 D    -3   1   0   6  -4  -1   3  -3   0  -4  -4  -1  -4   2  -4  -1  -2  -4   0  -4    1   7   2  46   0   1  18   0   2   0   0   3   0  12   0   2   1   0   3   0  0.80 0.27
  179 I    -3  -4  -6  -6  -3  -5  -5  -6  -6   6   0  -5  -1  -3  -5  -4  -3  -5  -4   5    0   1   0   0   0   0   0   0   0  49   3   0   0   0   0   0   0   0   0  47  1.32 0.37
  180 L    -4  -5  -5  -6  -5  -4  -5  -6  -1  -2   4  -5  -2   0  -6  -5  -4  -1   8  -3    0   0   0   0   0   0   0   0   0   0  43   0   0   0   0   0   0   0  57   0  1.67 0.46
  181 K     0   3  -1  -1  -4   1   3  -3   1  -4  -3   4  -2  -3  -3  -1  -1  -4   1  -3    8  16   1   2   0   6  22   0   4   0   1  27   1   0   0   3   3   0   5   1  0.46 0.19
  182 F    -2   4  -2  -3  -4  -1  -1  -3  -1   2   2   2   0   1  -4  -3  -2  -3  -2  -1    2  27   1   0   0   1   2   1   1  15  23  15   1   8   0   0   0   0   1   1  0.38 0.19
  183 T    -2  -5  -4  -5  -2  -4  -5  -5  -5   4  -1  -4   3  -3  -5  -2   0  -5  -4   6    0   0   0   0   1   0   0   0   0  23   0   0   8   0   0   2   4   0   0  62  1.10 0.34
  184 N    -3   2   5   1  -4   1   2   1   2  -5  -5   2  -3  -5  -3  -1  -2  -5  -4  -4    0   9  32   6   0   5  16  10   4   0   0  16   0   0   0   1   0   0   0   0  0.64 0.23
  185 R    -5   8  -4  -5  -7  -2  -3  -6  -3  -6  -5  -1  -5  -6  -5  -4  -4  -6  -5  -6    0 100   0   0   0   0   0   0   0   0   0   0   0   0   0   0   0   0   0   0  2.51 0.59
  186 G    -2  -4  -3   0  -5  -4  -3   7  -5  -6  -6  -2  -5  -6  -5  -3  -1  -5  -6  -6    0   1   0   5   0   0   1  87   0   0   0   2   0   0   0   0   4   0   0   0  1.79 0.43
  187 H    -5  -4  -3  -5  -3  -3  -4  -6  11  -7  -7  -4  -5  -5  -6  -4  -5  -6  -2  -7    0   0   0   0   1   0   0   0  99   0   0   0   0   0   0   0   0   0   0   0  3.47 0.71
  188 T    -2   1   1  -1  -3  -2  -3   1  -3  -4  -4  -1  -2  -5  -3   2   6  -5  -4  -3    1   7   7   3   0   0   0  11   0   0   0   3   1   0   0  12  55   0   0   0  0.78 0.31
  189 V    -3  -4  -5  -6  -3  -3  -5  -6  -5   2   0  -5  -2  -1  -5  -4  -1  -4   2   6    0   0   0   0   0   1   0   0   0   7   5   0   0   1   0   0   2   0   7  76  1.21 0.37
  190 K     1   2   2   0  -4   3   2  -1  -2  -4  -4   3  -2  -3  -3   0  -1  -3  -2  -3   13   8   9   3   0  13  15   3   0   0   0  24   0   1   0   7   1   0   1   0  0.39 0.17
  191 D    -3  -4  -2   8  -6  -2   2  -4  -2  -6  -6  -3  -6  -6  -4  -3  -3  -7  -6  -5    1   0   0  84   0   0  12   0   1   0   0   0   0   0   0   0   1   0   0   0  1.98 0.48
  192 S    -2  -4  -4  -4  -3  -4  -3  -5  -5   1  -2  -4  -2  -3  -4   2   3  -5  -4   6    1   0   0   0   0   0   1   0   0   6   0   0   0   0   0  15  17   0   0  61  0.92 0.34
  193 I    -1  -4  -5  -5  -3  -4  -3  -5  -5   6  -1  -3  -1  -3  -5  -4  -1  -5  -4   5    4   1   0   0   0   0   2   0   0  46   0   1   0   0   0   0   2   0   0  44  1.05 0.33
  194 E    -3   1  -1   2  -2   0   6  -4  -1  -4  -3   1  -3  -5  -4  -2  -3  -5  -3  -4    0   6   2   9   1   1  69   0   1   1   2   7   1   0   0   1   0   0   1   0  1.19 0.37
  195 S     6  -4  -3  -4  -2  -3  -3  -2  -4  -4  -4  -3  -4  -5  -3   3  -2  -5  -4  -3   74   0   0   0   1   0   0   1   0   0   0   0   0   0   0  23   0   0   0   0  1.28 0.41
  196 T    -2  -4   2  -4  -4  -4  -4  -4  -4  -3  -4  -4  -3   4  -4  -1   7  -4  -3  -3    1   0  10   0   0   0   0   0   0   1   0   0   0  18   0   1  70   0   0   0  1.33 0.43
  197 R    -3   7  -3  -4  -6   5  -2  -4  -3  -5  -5   1  -4  -6  -5  -3  -4  -5  -4  -5    1  67   0   0   0  25   1   0   0   0   0   5   0   0   0   1   0   0   0   0  1.62 0.45
  198 I    -2  -3  -5  -5  -2  -3  -3  -5  -3   6   2  -4   0  -2  -5  -4   0  -4  -3   2    2   1   0   0   1   1   1   0   1  61  16   0   1   0   0   0   5   0   0   9  0.93 0.30
  199 L     3  -4  -4  -5   0  -3  -4  -4  -4  -1   5  -4   2  -2  -4   1  -2  -4  -3  -1   24   0   0   0   2   0   0   0   0   0  59   0   4   0   0  10   0   0   0   1  0.74 0.29
  200 K    -4   4  -3  -4  -6  -1  -2  -5  -3  -6  -5   7  -4  -6  -4  -3  -4  -6  -5  -5    0  22   0   0   0   0   0   0   0   0   0  78   0   0   0   0   0   0   0   0  1.74 0.47
  201 D    -5  -5  -1   8  -7  -3  -1  -4  -4  -6  -7  -4  -6  -7  -5  -3  -4  -8  -6  -6    0   0   1  98   0   0   1   0   0   0   0   0   0   0   0   0   0   0   0   0  2.47 0.56
  202 S     5  -3  -2  -3   1  -2  -3  -2  -4  -4  -4  -3  -4  -5  -3   5  -1  -5  -4  -3   47   0   0   0   3   0   0   0   0   0   0   0   0   0   0  48   0   0   0   0  1.09 0.38
  203 G     0  -5  -3  -4  -5  -5  -5   7  -5  -6  -6  -4  -5  -6  -5  -2  -4  -5  -6  -6    6   0   0   0   0   0   0  93   0   0   0   0   0   0   0   1   0   0   0   0  2.04 0.47
  204 F    -4  -4  -5  -6  -4  -4  -5  -6  -3   2   4  -5   0   5  -5  -4  -3  -2   4  -1    0   0   0   0   0   0   0   0   0  10  45   0   1  27   0   0   0   0  17   0  0.99 0.30
  205 K    -2  -1  -3  -4  -6  -2  -1  -4  -4  -6  -6   8  -4  -6  -4  -3  -4  -6  -5  -5    3   0   0   0   0   0   2   0   0   0   0  95   0   0   0   0   0   0   0   0  1.97 0.52
  206 V    -3  -5  -6  -6  -2  -5  -5  -6  -6   5  -1  -5  -1  -3  -5  -4  -3  -5  -4   6    0   0   0   0   0   0   0   0   0  35   2   0   0   0   0   0   0   0   0  63  1.37 0.39
  207 V     1  -4  -1  -4   6  -4  -4   1  -4   0  -2  -4  -2  -3  -4  -1   0  -5  -4   4   12   0   3   0  17   0   0  14   0   2   1   0   0   0   0   4   5   0   0  41  0.60 0.25
  208 Y     2  -4  -5  -6  -5  -4  -5  -5  -1  -4  -3  -4   3   2  -5  -3  -4  -1   8  -4   17   0   0   0   0   0   0   0   1   0   1   0   7   6   0   1   0   0  67   0  1.70 0.46
  209 H    -5  -4  -3  -5  -7  -3  -4  -6  11  -7  -7  -4  -5  -5  -6  -4  -5  -6  -2  -7    0   0   0   0   0   0   0   0 100   0   0   0   0   0   0   0   0   0   0   0  3.52 0.71
  210 V    -3  -4  -5  -6  -1  -4  -5  -6  -5   3   3  -4   8  -1  -5  -4  -3  -4  -3   1    1   0   0   0   1   0   0   0   0  20  22   0  49   2   0   0   0   0   0   6  1.28 0.38
  211 M    -5  -5  -6  -7  -5  -4  -6  -6  -5  -2  -1  -5  11  -3  -6  -5  -4  -5  -5  -3    0   0   0   0   0   0   0   0   0   1   0   0  99   0   0   0   0   0   0   0  3.13 0.71
  212 L    -4  -5  -5  -5  -6  -4  -4  -5  -5  -5   1  -4  -4  -6   8  -4  -4  -6  -6  -5    0   0   0   0   0   0   0   0   0   0  16   0   0   0  84   0   0   0   0   0  2.46 0.54
  213 G    -3  -4   0  -4  -4  -4  -5   7   1  -7  -6  -3  -5  -6  -5  -3  -4  -5  -5  -6    0   0   5   0   0   0   0  90   3   0   0   1   0   0   0   0   0   0   0   0  1.94 0.46
  214 L    -4  -5  -6  -6  -4  -5  -6  -6  -5   0   6  -5   2  -2  -6  -5  -4  -4  -4  -2    0   0   0   0   0   0   0   0   0   2  93   0   4   0   0   0   0   0   0   0  1.58 0.43
  215 P    -3  -4  -4  -4  -5  -4  -4  -5  -4  -5  -2  -4  -2  -4   8  -3  -3  -5  -3  -4    1   0   0   0   0   0   0   0   0   0   5   0   1   1  88   0   1   0   1   0  2.49 0.50
  216 K    -2  -4  -1  -3  -5  -3  -3   6  -2  -5  -4  -1  -3   1  -3  -2   0  -4  -3  -5    0   0   2   0   0   0   1  73   1   0   1   4   1   7   1   2   8   0   0   0  1.27 0.34
  217 S    -1  -4  -1  -3   2  -3  -3  -3  -4  -4  -4  -3   4  -4  -4   6  -1  -5  -2  -3    3   0   2   0   5   0   0   0   0   0   0   0  10   0   0  74   2   0   1   1  1.18 0.42
  218 D    -3  -3   4   6  -4  -2  -1  -2  -3  -4  -5  -2  -4  -5  -4   2   2  -6  -5  -4    0   0  19  44   0   0   0   1   0   0   0   1   0   0   0  19  16   0   0   0  0.99 0.32
  219 P    -2  -1  -4  -4  -4  -2  -2  -4  -2   0   0  -2   0   4   6  -1  -2  -2   2  -2    2   4   0   0   0   2   2   0   1   6   9   2   2  20  39   3   1   0   6   2  0.78 0.24
  220 D    -2  -1   0   5  -5   1   5  -2  -2  -5  -5   2  -4  -5  -3  -1  -2  -5  -3  -4    1   1   2  29   0   6  44   2   0   0   0  10   0   0   0   2   1   0   1   0  0.96 0.30
  221 K    -2   6  -1  -2  -5   0   0  -2  -2  -3  -1   3   2  -4  -4  -2  -2  -5  -4  -4    1  49   1   1   0   3   6   3   0   1   5  21   6   0   0   2   1   0   0   0  0.82 0.28
  222 D    -5  -5  -2   8  -7  -3  -1  -4  -4  -6  -7  -4  -6  -7  -5  -3  -4  -8  -6  -6    0   0   0  99   0   0   0   0   0   0   0   0   0   0   0   1   0   0   0   0  2.51 0.57
  223 L    -3  -4  -5  -5  -3  -4  -5  -6  -4   3   5  -2   1   1  -5  -4  -3  -3   0   0    0   0   0   0   0   0   0   0   0  21  61   3   3   5   0   0   0   0   3   4  0.87 0.28
  224 E     0   3   0   1  -3   1   5  -3  -1  -5  -4   1  -4  -5  -3  -1  -2  -5  -3  -4    7  14   5   7   0   4  48   1   1   0   0   9   0   0   0   2   1   0   0   0  0.73 0.26
  225 A     3  -3  -2   2  -2  -2  -2   1  -3   0  -2  -3   6  -3  -3   1  -1  -4  -3  -1   26   0   1  13   0   0   1  11   0   5   0   0  28   0   0   8   3   0   0   3  0.47 0.24
  226 F    -5  -6  -6  -7  -3  -6  -6  -6  -4   0  -2  -6  -1   9  -7  -5  -5  -2   0  -1    0   0   0   0   1   0   0   0   0   6   1   0   1  87   0   0   0   0   0   4  2.20 0.51
  227 K    -3   5  -2  -3  -6   0   1  -3  -1  -4  -5   6  -4  -5  -3  -2  -3  -5  -2  -4    0  29   1   0   0   2   6   1   1   0   0  56   0   0   0   1   0   0   1   1  1.16 0.35
  228 T    -2   4  -2  -2  -4   0   3  -4  -2  -2  -4   3   0  -4  -3  -2   3  -5  -3  -3    2  28   0   1   0   2  21   0   0   2   0  18   3   0   0   0  20   0   1   1  0.63 0.25
  229 I    -3  -5  -5  -6  -3  -5  -5  -6  -5   6   4  -5   1  -2  -5  -4  -3  -4  -3   2    1   0   0   0   0   0   0   0   0  50  35   0   3   0   0   0   0   0   0  11  1.04 0.31
  230 F    -5  -6  -6  -7  -4  -6  -6  -6  -4  -2  -3  -6  -2   9  -7  -6  -5  -1   1  -3    0   0   0   0   0   0   0   0   0   1   0   0   1  95   0   0   0   1   2   0  2.57 0.56
  231 S    -1  -1   2   1  -4   0   4  -3  -1  -3  -4   0  -2  -3  -3   3   2  -4  -2  -3    2   2   9   5   0   2  32   0   1   1   0   3   1   1   0  27  12   0   2   0  0.53 0.23
  232 D    -4  -4   5   7  -6  -3   0  -4  -3  -6  -6  -3  -6  -6  -4  -2  -3  -7  -6  -6    1   0  24  69   0   0   4   0   0   0   0   0   0   0   0   2   0   0   0   0  1.72 0.44
  233 P    -2  -3  -3  -2  -5   0   3  -4  -2  -5  -5  -2  -5  -6   7   2  -2  -6  -5  -5    2   1   0   1   0   4  18   1   1   0   0   0   0   0  55  17   0   0   0   0  1.43 0.38
  234 N    -1   4   2   4  -2   1   0  -3   0  -4  -4   0  -2  -5  -3   0  -2  -5  -4  -4    5  31  10  26   1   7   5   0   2   0   1   3   1   0   0   7   0   0   0   0  0.62 0.23
  235 F    -5  -6  -6  -7  -5  -6  -6  -6  -3  -3   0  -6  -3   9  -7  -5  -5  -2   3  -4    0   0   0   0   0   0   0   0   1   0   8   0   0  86   0   0   0   0   6   0  2.25 0.51
  236 R    -3   6  -3  -4  -1  -1  -2  -4  -3  -5  -4   5   3  -5  -4  -2  -3  -5  -4  -4    0  41   0   0   1   1   0   0   0   0   0  45   9   0   0   2   0   0   0   0  1.25 0.38
  237 P    -4  -6  -5  -5  -6  -5  -5  -6  -6  -6  -6  -4  -6  -7   9  -4  -4  -7  -6  -6    0   0   0   0   0   0   0   0   0   0   0   0   0   0 100   0   0   0   0   0  3.19 0.64
  238 D    -5  -5  -2   8  -7  -3  -1  -5  -4  -6  -7  -4  -6  -7  -5  -3  -4  -8  -6  -6    0   0   0 100   0   0   0   0   0   0   0   0   0   0   0   0   0   0   0   0  2.57 0.58
  239 M    -1  -4  -4  -5  -2  -3  -4  -4  -3  -2  -1  -4  10  -2  -6  -3  -3  -4   2  -2    6   1   0   0   1   0   0   1   0   0   2   0  78   0   0   1   0   0   7   0  2.02 0.55
  240 L    -4  -5  -6  -6  -4  -5  -5  -6  -5   3   5  -5   0  -2  -5  -5  -3  -4  -3   1    0   0   0   0   0   0   0   0   0  18  74   0   1   0   0   0   0   0   0   7  1.20 0.34
  241 K    -4  -1  -3  -4  -6  -2  -2  -5  -4  -6  -6   8  -5  -6  -4  -3  -4  -6  -5  -5    0   0   0   0   0   0   0   0   0   0   0 100   0   0   0   0   0   0   0   0  2.21 0.57
  242 I    -4  -6  -6  -6  -4  -6  -6  -7  -6   8  -1  -6  -2  -1  -6  -5  -4  -5  -4   0    0   0   0   0   0   0   0   0   0  94   1   0   0   2   0   0   0   0   0   2  1.97 0.49
  243 Y    -5  -5  -6  -7  -6  -5  -6  -7  -2  -5  -5  -5  -4   0  -7  -5  -5  -1  10  -5    0   0   0   0   0   0   0   0   0   0   0   0   0   0   0   0   0   0 100   0  3.11 0.68
  244 P    -4  -6  -5  -5  -6  -5  -4  -6  -4  -6  -6  -4  -6  -7   9  -3  -4  -7  -6  -6    0   0   0   0   0   0   0   0   0   0   0   0   0   0  98   1   0   0   0   0  3.10 0.63
  245 T    -2  -5  -3  -4   8  -4  -4  -5  -5  -4  -3  -4  -4  -5  -4   0   6  -5  -5  -3    1   0   0   0  37   0   0   0   0   0   1   0   0   0   0   6  54   0   0   1  1.67 0.46
  246 L    -3  -5  -6  -6  -4  -4  -3  -6  -5   0   6  -5   0  -2  -5  -5  -4  -4  -4   0    1   0   0   0   0   0   2   0   0   2  90   0   1   0   0   0   0   0   0   4  1.39 0.39
  247 V    -2  -5  -6  -6  -3  -5  -5  -6  -6   1  -2  -5  -2  -4  -5  -4  -3  -6  -4   7    1   0   0   0   0   0   0   0   0   4   0   0   0   0   0   0   0   0   0  94  1.79 0.48
  248 V    -2  -4  -4  -5  -3  -4  -4  -5  -5   4   2  -4   2  -2  -4  -3   2  -4  -3   3    0   0   0   0   0   0   0   0   0  27  22   0   4   1   0   0  18   0   0  27  0.66 0.24
  249 E    -2   1  -2  -1  -5   0   5  -3  -3  -5  -5   5  -4  -5   3  -2  -3  -5  -4  -5    2   5   1   1   0   2  42   1   0   0   0  35   0   0  12   0   0   0   0   0  0.98 0.33
  250 T    -2  -4   2  -1  -5  -4  -3   6  -2  -6  -6  -2  -5  -6  -2  -1  -1  -5  -5  -5    0   0  12   4   0   0   0  74   1   0   0   2   0   0   2   2   3   0   0   0  1.40 0.37
  251 A    -1  -4  -3  -4  -4  -3  -4  -4  -4  -4  -4  -3  -4  -5  -4   2   7  -5  -4  -3    4   0   0   0   0   0   0   0   0   0   0   0   0   0   0  14  82   0   0   0  1.62 0.48
  252 P    -2   1  -2  -1  -5   1   3  -1  -3  -3  -3   4  -3  -5   3  -2  -2  -5  -4  -3    1   6   0   2   0   6  22   4   0   1   1  37   0   0  16   1   1   0   0   2  0.67 0.25
  253 L    -1  -4  -6  -6  -4  -4  -5  -6  -5   0   6  -5   1  -1  -5  -4  -2  -4   0   0    5   0   0   0   0   0   0   0   0   3  82   0   1   2   0   0   1   0   3   3  1.16 0.35
  254 A    -2  -5  -5  -6  -6  -4  -4  -6   5  -5  -4  -5  -4   1  -6  -5  -5  -1   9  -3    3   0   0   0   0   0   0   0  13   0   0   0   0   2   0   0   0   0  81   1  2.37 0.56
  255 N    -3   0   0   4  -6   1   5  -4  -1  -5  -5   1  -4  -5  -3  -1  -2  -5  -4  -4    1   4   4  22   0   5  51   0   1   0   0   9   0   0   0   1   1   0   0   0  0.99 0.31
  256 L    -2  -4  -4  -1  -4  -2   1  -5  -4  -2   2  -1   6  -2  -5  -2  -3   8  -2  -2    2   0   0   4   0   1  10   0   0   1  24   3  29   0   0   2   1  23   0   0  1.02 0.33
  257 W    -6  -6  -7  -8  -6  -5  -6  -6  -3  -6  -5  -6  -5  -1  -7  -6  -6  12   5  -6    0   0   0   0   0   0   0   0   0   0   0   0   0   1   0   0   0  78  20   0  3.74 0.70
  258 R    -2   4  -2  -3  -5   1   1  -4  -3  -2   0   5  -1  -4  -3  -2  -2  -5  -4  -1    1  20   0   0   0   5   8   0   0   2   8  48   1   0   0   1   0   0   0   6  0.73 0.27
  259 R    -1   5   1   0  -5   2   2  -3  -1  -5  -4   4  -3  -5  -3  -1  -2  -5  -4  -4    4  34   7   3   0   8  11   1   1   0   1  26   0   0   0   3   0   0   0   0  0.69 0.24
  260 G    -2  -4  -3  -4  -5  -5  -4   7  -4  -7  -7  -3  -6  -6  -5  -3  -4  -5  -6  -5    0   1   0   0   0   0   0  96   0   0   0   1   0   0   0   0   0   0   0   0  2.14 0.49
  261 L    -3   0  -1   1  -4   0   5  -3  -2  -2   0   3  -2  -4  -3  -2  -1  -3  -4  -3    0   4   3   7   0   1  49   0   0   2  12  18   1   0   0   1   2   0   0   1  0.66 0.26
  262 Y    -5  -5  -6  -7  -4  -5  -5  -7  -2  -5  -4  -5  -4   3  -6  -5  -5   0  10  -4    0   0   0   0   0   0   0   0   0   0   0   0   0   8   0   0   0   0  92   0  2.79 0.62
  263 K    -2   2   0  -1  -4   1   2  -3   0  -1  -3   5  -2  -4  -3  -1   1  -5  -3  -2    1   8   3   2   0   6  15   0   2   4   0  42   1   0   0   2  12   0   0   3  0.55 0.23
  264 P     1  -5  -5  -5  -6  -4  -4  -5  -5  -6  -6  -4  -6  -7   8  -3  -4  -7  -6  -5   10   0   0   0   0   0   0   0   0   0   0   0   0   0  89   1   0   0   0   0  2.68 0.57
  265 Y    -4  -5  -5  -6  -5  -4  -5  -6  -2  -1   2  -5   1   1  -3  -5  -4  -1   8  -3    0   0   0   0   0   0   0   0   0   3  23   0   3   1   1   0   0   0  68   0  1.73 0.46
  266 G    -1  -1   0   2  -3  -1   0  -2  -1  -4  -4  -2  -3  -4   1   4   4  -5  -4  -3    1   3   4  13   0   1   5   1   1   0   0   1   0   0   5  33  32   0   0   0  0.62 0.26
  267 T    -2  -3   0   4  -2  -2   1  -3  -3  -2  -1  -2  -2  -2  -3   0   5  -5  -4  -2    0   0   3  29   1   0   9   1   0   1   6   0   1   2   0   6  39   0   0   2  0.66 0.27
  268 E    -3  -2  -2   3  -6   1   6  -3  -3  -6  -5  -1  -3  -6  -4  -2  -3  -6  -5  -4    1   0   0  18   0   4  70   2   0   0   0   3   1   0   0   1   0   0   0   1  1.38 0.40
  269 T    -2  -2  -2   3  -5   2   6  -4  -3  -4  -5   0  -4  -5  -3  -2   1  -5  -3  -3    2   1   0  15   0   8  57   0   0   0   0   4   0   0   0   0  11   0   1   1  1.00 0.33
  270 L     5  -4  -3  -4  -3  -3  -3  -2  -4  -1   1  -3   3  -1  -3  -1  -1  -1  -2   0   59   0   0   0   0   0   0   1   0   3  12   0  10   2   0   3   2   1   1   6  0.67 0.28
  271 I     2  -4  -5  -5  -3  -4  -4  -4  -5   4   0  -4   0  -3  -4  -3  -2  -5  -3   5   23   0   0   0   0   0   0   0   0  31   3   0   1   0   0   0   1   0   0  41  0.84 0.29
  272 E    -3   2   1   3  -3   1   5  -3   0  -5  -5   2  -4  -5  -3  -1  -2  -5  -3  -4    0  11   7  17   1   4  45   1   2   0   0  10   0   0   0   1   0   0   0   0  0.80 0.27
  273 L    -3  -5  -6  -6  -3  -5  -5  -6  -5   1   6  -5   0  -1  -5  -5  -3  -4  -3   2    0   0   0   0   0   0   0   0   0   6  77   0   0   1   0   0   0   0   0  15  1.18 0.35
  274 I    -4  -5  -6  -6  -4  -5  -6  -6  -6   7   3  -5  -1  -2  -5  -5  -3  -5  -4   2    0   0   0   0   0   0   0   0   0  66  26   0   0   0   0   0   0   0   0   8  1.30 0.36
  275 S     4  -3  -3  -3   0  -3  -3  -3  -4   0  -1  -2  -1  -3  -3   2   2  -4  -3   2   38   0   0   0   2   0   0   0   0   5   3   1   1   0   0  17  13   0   0  20  0.48 0.23
  276 E    -3   1  -1   2  -6   1   6  -4  -2  -5  -5   3  -4  -5  -3  -2  -3  -5  -1  -5    0   8   2   8   0   5  57   0   0   0   0  17   0   0   0   0   0   0   3   0  1.05 0.34
  277 M     1  -4  -5  -5  -2  -4  -4  -4  -5   4   0  -4   5  -1  -4  -3  -2  -4  -3   4   12   0   0   0   1   0   0   1   0  31   2   0  16   2   0   0   0   0   0  35  0.80 0.28
  278 Y    -4  -1  -3  -4  -4  -2  -2  -5  -2  -3  -2   7   0  -2  -4  -3  -3  -4   4  -4    0   0   0   0   0   0   0   0   1   1   4  76   2   1   0   0   0   0  14   1  1.39 0.43
  279 R     0   4  -1  -2  -4   2   1  -2  -2  -5  -4   5  -3  -5  -2   1  -1  -5  -4  -4    6  19   1   0   0   6   9   1   0   0   0  43   0   0   1  11   2   0   0   0  0.72 0.26
  280 Y    -2  -1   0  -3  -2  -3  -3  -4   0   4   1  -2   4   2  -4  -3  -1  -2   4   0    1   3   6   1   1   0   1   0   2  29   8   2  15   7   0   1   2   0  18   2  0.46 0.21
  281 I    -2  -4  -5  -5  -3  -4  -5  -5  -5   5   2  -4   3  -1  -5  -4  -1  -4  -3   4    1   0   0   0   0   0   0   0   0  38  18   0   9   1   0   0   3   0   0  29  0.84 0.27
  282 P    -4  -6  -5  -5  -6  -5  -4  -6  -6  -6  -6  -4  -6  -7   9  -4  -4  -7  -6  -6    0   0   0   0   0   0   0   0   0   0   0   0   0   0 100   0   0   0   0   0  3.17 0.64
  283 K    -2   3  -3  -3  -4  -1   1  -3  -2  -5  -4   5  -4  -4   5  -2  -2  -5  -2  -4    1  19   0   0   0   1  10   1   0   0   0  38   0   0  25   1   1   0   1   1  0.93 0.30
  284 W    -6  -6  -7  -8  -6  -6  -7  -6  -5  -6  -5  -7  -5  -1  -8  -6  -6  13   4  -6    0   0   0   0   0   0   0   0   0   0   0   0   0   1   0   0   0  89  10   0  4.17 0.76
  285 V    -2  -5  -6  -6  -2  -5  -5  -6  -6   3  -1  -5  -1  -3  -5  -4  -3  -6  -4   7    1   0   0   0   0   0   0   0   0  11   1   0   1   0   0   0   0   0   0  86  1.58 0.44
  286 R    -5   8  -4  -5  -7  -2  -3  -6  -3  -6  -5  -1  -5  -6  -5  -4  -4  -6  -5  -6    0 100   0   0   0   0   0   0   0   0   0   0   0   0   0   0   0   0   0   0  2.51 0.59
  287 V    -3  -5  -5  -5  -3  -4  -5  -6  -5   6   0  -4   0  -3  -5  -3   2  -5  -4   3    0   0   0   0   0   0   0   0   0  60   5   0   1   0   0   0  16   0   0  18  1.10 0.34
  288 M    -4  -3  -4  -5  -5   5  -3  -5  -4  -1  -2  -3   9  -4  -5  -1  -4  -5  -4  -2    0   1   0   0   0  27   0   0   0   3   0   0  64   0   0   4   0   0   0   1  1.84 0.53
  289 R    -5   8  -4  -5  -7  -2  -3  -6  -1  -6  -5  -1  -5  -6  -5  -4  -4  -6  -5  -6    0  99   0   0   0   0   0   0   1   0   0   0   0   0   0   0   0   0   0   0  2.46 0.58
  290 I    -3  -5  -6  -6  -4  -5  -5  -6  -6   6  -1  -5  -1  -2  -5  -5  -3  -5  -4   5    0   0   0   0   0   0   0   0   0  59   1   0   1   0   0   0   0   0   0  39  1.41 0.39
  291 Q    -4  -1  -3  -3  -6   8   1  -3  -3  -6  -4  -2   1  -6  -4  -3  -4  -5  -5  -5    0   2   0   0   0  86   6   1   0   0   1   0   4   0   0   0   0   0   0   0  2.04 0.56
  292 R    -5   8  -4  -5  -7  -2  -3  -6  -3  -6  -5  -1  -5  -6  -5  -4  -4  -6  -5  -6    0 100   0   0   0   0   0   0   0   0   0   0   0   0   0   0   0   0   0   0  2.51 0.59
  293 D    -5  -4  -2   8  -7  -3   3  -4  -4  -6  -7  -3  -6  -7  -4  -3  -4  -7  -6  -6    0   0   0  84   0   0  16   0   0   0   0   0   0   0   0   0   0   0   0   0  2.08 0.50
  294 I    -4  -6  -6  -6  -4  -6  -6  -7  -6   8  -1  -6  -1  -3  -6  -5  -3  -5  -4   2    0   0   0   0   0   0   0   0   0  90   1   0   0   0   0   0   0   0   0   9  1.86 0.47
  295 P    -3  -5  -5  -3  -6  -4  -4  -4  -5  -6  -6  -4  -6  -7   8   0  -2  -7  -6  -5    1   0   0   1   0   0   0   1   0   0   0   0   0   0  89   7   1   0   0   0  2.63 0.56
  296 A     5  -3  -3  -3  -3  -3  -3  -2  -4  -2  -1  -2  -2  -4   1   3  -1  -5  -4   1   50   0   0   0   0   0   0   0   0   1   6   1   0   0   5  25   2   0   0   9  0.64 0.27
  297 N    -2  -1   3   2  -4   2  -1  -1   3  -4  -4   1  -3  -3   3   0   1  -4   1  -3    0   2  18  11   0  10   2   5   9   0   0   7   0   0  15   5  10   0   5   0  0.42 0.18
  298 V    -1  -2  -3  -2  -2   1   1  -2   1   1   3  -2   1  -1  -4  -3  -2  -1   0   0    3   2   0   1   0   9  12   4   3   9  42   1   3   1   0   0   0   1   4   5  0.28 0.16
  299 I    -4  -6  -6  -6  -4  -6  -6  -7  -6   8  -1  -6  -2  -3  -6  -5  -3  -6  -4   2    0   0   0   0   0   0   0   0   0  88   0   0   0   0   0   0   0   0   0  11  1.84 0.47
  300 L     1  -3  -2   0  -3  -1   3  -3  -3   2   0  -2  -1  -1  -3  -1  -1  -4  -2   3   12   0   1   6   0   1  24   0   0  14   6   1   0   3   0   3   2   0   0  26  0.29 0.17
  301 D     6  -4  -3   3  -3  -3  -1  -2  -4  -4  -4  -3  -3  -5  -3  -1  -3  -5  -5  -3   74   0   0  20   0   0   4   1   0   0   0   0   0   0   0   1   0   0   0   0  1.18 0.39
  302 G    -3  -5  -3  -4  -6  -5  -5   7  -5  -7  -7  -5  -6  -6  -5  -3  -5  -6  -6  -6    0   0   0   0   0   0   0 100   0   0   0   0   0   0   0   0   0   0   0   0  2.35 0.52
  303 N    -3  -5   0  -5  -1  -4  -4  -5  -5   2  -1  -4  -2  -3   4  -3  -1  -5  -3   5    0   0   5   0   1   0   0   0   0   8   3   0   0   0  22   0   2   0   1  58  0.97 0.33
  304 K    -3   4   0   0  -5  -1  -2  -4  -3  -5  -4   6  -1  -5  -2  -2  -1  -1  -4  -4    0  19   3   5   0   1   0   0   0   0   0  64   1   0   2   1   2   1   0   0  1.13 0.36
  305 K    -1   3  -1  -3  -4  -1  -1  -3   2  -1  -1   5  -1  -3  -3   0  -2  -4  -2  -2    4  15   2   0   0   1   2   0   5   3   6  48   1   0   0   8   1   0   1   3  0.59 0.24
  306 G     0  -3  -2  -3  -4  -3  -3   5  -4  -5  -5  -3  -4  -5  -4   5  -1  -5  -5  -5    4   1   0   0   0   0   0  40   0   0   0   0   0   0   0  54   1   0   0   0  1.17 0.38
  307 N    -5  -4   8   2  -6  -3  -3  -4   0  -6  -7  -3  -5  -6  -5  -2  -3  -7  -5  -6    0   0  90   8   0   0   0   0   2   0   0   0   0   0   0   0   0   0   0   0  2.25 0.55
  308 L    -3  -5  -6  -6  -4  -5  -5  -6  -5   1   6  -5   0  -1  -5  -5  -4  -4  -4  -1    1   0   0   0   0   0   0   0   0   6  90   0   1   1   0   0   0   0   0   1  1.46 0.40
  309 R    -4   8  -3  -4  -6  -2  -3   2  -2  -6  -5  -1  -4  -6  -5  -4  -4  -6  -5  -6    0  83   0   0   0   0   0  17   0   0   0   0   0   0   0   0   0   0   0   0  1.89 0.49
  310 E    -1  -2  -2  -1  -4   6   5  -4  -2  -5  -5  -1  -4  -6  -4  -2  -3  -5  -4  -4    4   0   0   1   0  45  46   0   0   0   0   0   0   0   0   2   1   0   0   0  1.37 0.42
  311 L    -3  -4  -5  -6  -3  -4  -4  -6  -5   4   5  -4   2  -1  -5  -4  -3  -4   0   1    0   0   0   0   0   0   1   0   0  24  62   0   4   0   0   0   0   0   4   5  0.97 0.30
  312 V     2  -5  -5  -5  -3  -4  -5  -5  -5   1  -1  -4  -2  -2  -5  -3  -2  -5  -4   6   16   0   0   0   0   0   0   0   0   6   2   0   0   1   0   1   0   0   0  75  1.21 0.38
  313 E    -2   0  -2  -2  -4   4   3  -4   4  -2   0   0  -1  -2  -4  -2  -3   2   4  -3    2   3   0   0   0  23  23   0  11   2  12   4   1   0   0   0   0   2  15   0  0.56 0.24
  314 K    -1   2   2   1  -5   3   3  -2  -2  -4  -3   3  -2  -5  -3  -1  -2  -5  -4  -4    4  13   9   6   0  16  23   1   0   0   1  24   1   0   0   2   0   0   0   0  0.57 0.22
  315 K    -3   5   2  -2  -4   0   3  -4  -2  -2  -3   3  -1  -3  -3  -2  -2  -4   1  -3    0  31  10   0   0   2  20   0   0   2   2  21   1   0   0   0   1   0   7   0  0.65 0.25
  316 V     0  -4  -5  -6   0  -4  -5  -5  -5   0   5  -4   6  -2  -5  -4  -3  -4  -3   0    8   0   0   0   2   0   0   0   0   1  61   0  25   0   0   0   0   0   0   3  1.08 0.34
  317 L     0   3  -1  -1  -4   0   3  -2  -1  -1  -1   3  -1  -3  -3   0  -1  -4  -3  -2   10  15   1   1   0   2  25   2   1   3   7  23   1   1   0   4   2   0   0   1  0.34 0.16
  318 E     0   3  -1   0  -5   1   4  -3  -2  -4  -4   3  -2  -5  -3   0  -2  -5  -4  -3    6  16   1   4   0   3  38   1   0   1   1  21   1   0   0   7   1   0   0   1  0.65 0.24
  319 K    -3   3  -2  -2  -5   3   3  -4   1  -3  -1   3   0  -4  -3  -2  -2  -4  -3  -4    0  20   1   1   0  18  19   0   4   1   8  24   3   0   0   1   0   0   0   0  0.61 0.24
  320 G    -2  -3   2  -1  -5  -2  -3   7  -2  -6  -6  -2  -5  -6  -5  -2  -4  -5  -5  -6    0   1  10   2   0   1   1  81   1   0   0   3   0   0   0   1   0   0   0   0  1.61 0.40
  321 I    -1  -2  -3  -4  -3  -2  -2  -1  -3   3   2  -1   2   0  -4  -1  -1   2  -1   2    3   1   0   0   0   0   2   5   0  28  24   6   5   3   0   4   4   3   2  10  0.26 0.13
  322 K    -1   5  -1  -2  -3   2   0  -3   0  -4  -3   4  -2  -4  -2   1  -1  -5  -3  -3    2  32   2   0   0   7   3   0   2   0   1  34   1   1   2  10   2   0   0   1  0.71 0.26
  323 I    -4  -7  -2  -7  11  -6  -7  -6  -6   2  -4  -6  -4  -5  -4  -4  -4  -6  -6  -3    0   0   2   0  84   0   0   0   0  12   0   0   0   0   1   0   0   0   0   0  2.96 0.60
  324 N    -3   6   3  -3  -4   2  -1  -3   1  -5  -4   3  -3  -5  -1  -2  -3  -3  -4  -4    0  43  14   0   0   9   2   1   3   0   0  22   0   0   3   1   0   0   0   0  0.89 0.29
  325 E    -4  -6  -5  -2  11  -5   2  -6  -6  -5  -5  -5  -5  -6  -6  -4  -3  -6  -6  -4    0   0   0   2  81   0  16   0   0   0   0   0   0   0   0   0   1   0   0   0  2.87 0.60
  326 I    -4  -6  -6  -6  -4  -6  -6  -7  -6   8  -1  -6   0  -3  -6  -5  -4  -6  -4   0    0   0   0   0   0   0   0   0   0  97   0   0   1   0   0   0   0   0   0   2  2.08 0.51
  327 R    -5   8  -4  -5  -7  -2  -3  -6  -3  -6  -5  -1  -5  -6  -5  -4  -4  -6  -5  -6    0 100   0   0   0   0   0   0   0   0   0   0   0   0   0   0   0   0   0   0  2.49 0.58
  328 F    -4  -7  -6  -7  11  -6  -7  -6  -4  -4  -4  -6  -5   2  -6  -4  -4  -1   1  -4    0   0   0   0  83   0   0   0   0   0   0   0   0  10   0   0   0   1   6   0  2.99 0.61
  329 R    -5   8  -4  -5  -7  -2  -3  -6  -3  -6  -5  -1  -5  -6  -5  -4  -4  -6  -5  -6    0 100   0   0   0   0   0   0   0   0   0   0   0   0   0   0   0   0   0   0  2.49 0.58
  330 E    -4  -3  -3  -1  -7  -1   8  -5  -3  -7  -6  -2  -5  -7  -4  -3  -4  -6  -5  -6    0   0   0   1   0   0  99   0   0   0   0   0   0   0   0   0   0   0   0   0  2.25 0.57
  331 V     2  -5  -5  -5  -3  -4  -5  -5  -5   2  -2  -5  -2  -3  -5  -3  -2  -5  -4   6   16   0   0   0   0   0   0   0   0  11   0   0   0   0   0   0   0   0   0  73  1.24 0.38
  332 G    -2  -5  -3  -4  -5  -5  -5   7  -5  -7  -7  -4  -6  -6  -5  -3  -4  -5  -6  -6    0   0   0   0   0   0   0  99   0   0   0   0   0   0   0   0   0   0   0   0  2.30 0.51
  333 M    -4   2  -2  -4  -5  -1  -3  -5   9   0   2  -3   0   0  -4  -3  -4  -4   0  -3    0  11   0   0   0   2   0   0  54   5  19   0   2   3   0   0   0   0   1   1  1.29 0.37
  334 M     0   4   0  -2  -3   2  -1  -2   0  -2  -2   2  -1  -2  -3   0   0  -3   1   0    5  26   4   0   0  10   0   1   2   1   3  17   2   2   0   9   4   0   5   9  0.30 0.15
  335 W     0  -1  -2  -1  -1   0   0  -2  -1   0   0   1   3   0  -2   0  -1   5   1  -1   11   3   1   3   1   2   6   2   1   6   9   9  12   4   1   7   2  10   6   3  0.15 0.09
  336 Q     0  -1  -1  -2  -2   0  -2  -3  -1   1   3  -1   2   0  -3  -1  -1   2   2  -1    9   2   3   2   0   4   1   1   2   6  39   4   7   2   0   4   1   3   9   2  0.23 0.13
  337 H    -1   3   1  -2  -3   0  -1  -2   3  -2  -3   5  -2  -2  -2   0  -2   0  -1  -1    3  16   5   1   0   2   2   2   7   2   2  41   1   1   1   5   1   2   2   4  0.47 0.17
  338 R    -1   2   1   2  -3   1   2  -1   0  -2  -2   1  -2  -1  -2   0   0  -2   0  -2    2  16   7  15   0   5  16   3   2   1   3   9   0   3   1   6   5   0   4   1  0.23 0.09
  339 G    -2  -2   2  -2  -4  -3  -2   6   0  -4  -4   0  -3  -4  -3  -2  -2  -4  -4  -4    1   2   9   2   0   0   2  67   3   1   1   6   1   1   1   1   2   0   0   1  1.06 0.27
  340 L    -1   0  -2  -2  -2  -1   0  -3  -3   3   1   0   0  -1  -2  -1   0  -3  -2   2    3   7   1   1   0   1   8   1   0  25  11   9   0   2   1   3   5   0   0  21  0.18 0.11
  341 L    -1   1   0   0  -2   0   2  -2  -1   0  -1   3   0  -1  -1   0   1  -2   0  -1    2   8   4   2   1   2  16   1   1   6   5  25   2   2   2   5   8   0   3   4  0.17 0.10
  342 P    -1  -4  -3  -3  -4  -3  -2  -3  -2   0  -2  -3  -1  -3   7  -1  -1  -4  -4   0    3   0   0   1   0   0   2   2   1   7   4   1   2   1  62   4   4   0   0   6  1.36 0.31
  343 D    -2   0   3   5  -4   0   1  -2   1  -3  -3   0  -3  -3  -1   0  -1  -4  -3  -3    2   5  17  39   0   2   8   2   3   1   3   5   0   1   2   6   2   0   1   1  0.57 0.18
  344 H    -1  -1  -1  -1  -3  -1   1  -2  -1   1   1  -1   0  -1   4  -1  -1  -3   0   0    3   2   2   3   0   3   9   3   2   8  17   3   2   2  27   4   2   0   4   5  0.31 0.11
  345 T    -1   0   1   3  -4   0   4   0  -1  -4  -4   1  -3  -4  -2   0  -1  -4  -3  -3    3   3   4  21   0   2  35   6   1   0   1  11   0   0   1   8   2   0   1   1  0.54 0.20
  346 K    -1   0   4   4  -4   0   1  -2   2  -4  -4   2  -3  -4  -3   0  -1  -4  -1  -4    4   5  27  23   0   3   9   1   5   0   1  12   0   0   0   6   1   0   3   1  0.54 0.20
  347 I    -1  -4  -5  -5  -3  -4  -5  -5  -5   5   1  -4   0   0  -2  -4  -1  -4  -3   4    4   0   0   0   0   0   0   0   0  47  10   0   2   3   2   0   2   0   0  29  0.83 0.27
  348 H    -2   3  -1   0  -5   1   3  -2  -1  -3  -4   5  -3  -4  -3  -1   0  -5  -4  -2    1  13   1   3   0   5  23   3   1   1   0  39   0   0   0   4   4   0   0   3  0.64 0.24
  349 L    -3  -4  -5  -6  -3  -4  -5  -6  -5   4   5  -5   2   0  -3  -4  -3  -4  -2   1    0   0   0   0   0   0   0   0   0  23  63   0   5   2   1   0   0   0   0   6  0.99 0.30
  350 Y    -2   0   1  -2   1   0  -1  -3   1   0   2   0   1   0  -3  -1   2  -3   0   1    0   3   7   1   3   5   1   0   4   4  23   8   3   3   0   3  16   0   3  12  0.11 0.10
  351 K    -2   5  -2  -2  -4  -1  -2  -4   0   0  -3   3  -1  -4  -4  -1   1  -5  -3   2    0  43   1   1   0   0   1   0   2   7   0  16   2   0   0   3   8   0   0  16  0.65 0.26
  352 E    -2   3  -2  -1  -3   1   4  -4  -1   2  -1  -1  -1  -3  -3  -2   1  -4  -1  -1    0  17   1   2   0   3  37   0   1  14   4   1   1   1   0   0  11   0   2   3  0.45 0.22
  353 V    -2   2   1   3  -2   0   2  -3  -1  -2  -3   2  -3  -3  -3   0   1  -4  -1   0    1  15   5  22   1   1  16   1   1   1   0  12   0   0   0   5   9   0   3   9  0.33 0.16
  354 Y    -5  -5  -5  -6  -6  -4  -1  -7  -2  -5  -4  -5  -2   0  -6  -5  -5  -1  10  -5    0   0   0   0   0   0   4   0   0   0   0   0   1   0   0   0   0   0  95   0  2.80 0.63
  355 E    -2   1  -1   2  -3   1   6  -3  -1  -3  -4   1  -2  -5  -2  -1  -2  -5  -3  -4    1   7   2  12   0   3  56   1   1   1   1   7   1   0   1   2   2   0   1   1  0.84 0.29
  356 A     6  -4  -4  -4  -2  -3  -3  -1  -4  -4  -4  -3  -4  -5  -3   1  -2  -5  -4  -2   85   0   0   0   0   0   0   2   0   0   0   0   0   0   0  10   0   0   0   2  1.39 0.43
  357 S    -1  -4  -1  -3   3  -3  -3   0  -4  -5  -5  -3  -4  -5  -4   6   0  -6  -5  -4    2   0   2   0   6   0   0   5   0   0   0   0   0   0   0  82   2   0   0   1  1.37 0.45
  358 E    -2  -1   1   1  -5   0   3   5  -2  -5  -5   0  -1  -4  -4  -1  -3  -3  -4  -5    0   3   6   7   0   4  25  45   1   0   0   6   2   0   0   1   0   0   0   0  0.73 0.25
  359 G    -3  -5  -3  -4  -6  -5  -5   7  -5  -7  -7  -5  -6  -6  -5  -3  -5  -6  -6  -6    0   0   0   0   0   0   0  99   0   0   0   0   0   0   0   1   0   0   0   0  2.32 0.51
  360 T    -2   1  -1  -1  -2   0   2  -3   0   1  -1   2   0  -2  -3  -1   2  -2  -1   1    0   8   2   2   0   2  16   0   2  11   2  18   2   0   0   1  17   0   1  13  0.21 0.14
  361 E    -4  -3  -3   1  -7  -1   8  -5  -3  -6  -6  -2  -5  -6  -4  -3  -4  -6  -5  -6    0   0   0   6   0   0  94   0   0   0   0   0   0   0   0   0   0   0   0   0  2.09 0.54
  362 I    -2  -4  -3  -3  -3  -3   0  -5   2   5   0  -4  -1   1  -4  -3  -2  -3   1   4    1   0   1   1   0   0   7   0   5  37   5   0   0   7   0   0   0   0   6  30  0.59 0.23
  363 F    -6  -6  -6  -7  -6  -7  -7  -7  -5  -3  -3  -7  -3   9  -7  -6  -5  -2   0  -4    0   0   0   0   0   0   0   0   0   0   0   0   0 100   0   0   0   0   0   0  2.82 0.60
  364 L    -4  -5  -6  -6  -4  -5  -5  -6  -5   5   5  -5   0  -2  -5  -5  -3  -4  -3   0    0   0   0   0   0   0   0   0   0  33  65   0   0   0   0   0   0   0   0   1  1.24 0.36
  365 S     1  -4  -2  -3  -4  -3  -3  -3  -4  -5  -5  -3  -3  -4  -4   7  -1  -6  -5  -4   10   0   0   0   0   0   0   0   0   0   0   0   0   0   0  87   1   0   0   0  1.55 0.48
  366 F     2  -4  -4  -5  -4  -3  -4  -4  -1   0  -1  -3   0   6  -5  -3  -3  -1   5   1   18   0   0   0   0   1   0   0   1   6   4   0   2  34   0   0   0   0  24  10  0.83 0.28
  367 E    -4  -3  -3   1  -7  -1   7  -5  -3  -5  -6  -2  -5  -6  -4  -3  -4  -6  -5  -4    0   0   0   6   0   0  92   0   0   0   0   0   0   0   0   0   0   0   0   1  1.98 0.52
  368 D    -4  -4   0   8  -6  -3   0  -4  -2  -6  -6  -4  -3  -6  -4  -2  -3  -7  -4  -6    0   0   3  90   0   0   2   0   1   0   0   0   1   0   0   2   1   0   1   0  2.10 0.50
  369 E    -1   0  -1   1  -4   1   3  -3  -2  -2  -3   2  -2  -3   2   1   1  -4  -3   0    2   4   1   6   0   4  27   0   0   0   0  16   0   0   9   8  10   0   0  11  0.36 0.17
  370 K    -1   2   6   1  -5   0  -1  -2   1  -5  -4   3  -3  -5  -3   0  -2  -5  -2  -4    4  11  41   5   0   4   3   1   4   0   1  20   0   0   0   5   1   0   1   0  0.71 0.26
  371 E    -4  -3   2   7  -4  -1   1  -1  -3  -6  -6  -2  -5  -6  -4  -2  -3  -7  -5  -6    1   1   8  74   0   1   8   5   0   0   0   1   0   0   0   1   0   0   0   0  1.58 0.41
  372 I     0  -2  -4  -4  -3  -3  -4  -4  -4   5   1  -2  -1  -2  -4  -1   0  -4  -2   4    9   2   0   0   0   0   0   0   0  38   8   2   0   1   0   6   6   0   1  29  0.55 0.22
  373 L    -4  -5  -6  -6  -4  -5  -5  -6  -5   4   6  -5   0  -2  -5  -5  -3  -4  -3   0    0   0   0   0   0   0   0   0   0  20  78   0   0   0   0   0   0   0   0   2  1.32 0.37
  374 I    -2  -5  -5  -5  -3  -4  -5  -5  -4   6   0  -4   0   2  -5  -4  -2  -3   2   3    3   0   0   0   0   0   0   0   0  51   6   0   1   8   0   0   0   0   9  22  0.90 0.29
  375 G     1  -5  -3  -4  -5  -4  -5   7  -5  -6  -6  -4  -5  -6  -5  -2  -4  -5  -6  -6    9   0   0   0   0   0   0  90   0   0   0   0   0   0   0   1   0   0   0   0  1.98 0.46
  376 Y    -5  -5  -5  -6  -5  -5  -5  -6  -1  -1   0  -5  -2   7  -6  -5  -4   0   7  -2    0   0   0   0   0   0   0   0   1   2  10   0   0  49   0   0   0   1  37   1  1.66 0.42
  377 L    -2  -4  -5  -6   0  -4  -5  -6  -5   1   6  -5   0  -2  -5  -4  -1  -4  -3   1    2   0   0   0   2   0   0   0   0   5  79   0   0   0   0   0   4   0   0   7  1.10 0.34
  378 R    -5   8  -4  -5  -7  -2  -3  -6  -3  -6  -5  -1  -5  -6  -5  -4  -4  -6  -5  -6    0 100   0   0   0   0   0   0   0   0   0   0   0   0   0   0   0   0   0   0  2.51 0.59
  379 L    -4  -5  -6  -6  -4  -5  -5  -6  -5  -1   6  -5   3  -2  -6  -5  -4  -4  -4  -1    0   0   0   0   0   0   0   0   0   1  91   0   6   0   0   0   0   0   0   2  1.51 0.41
  380 R    -5   8  -4  -5  -7  -2  -3  -6  -3  -6  -5  -1  -5  -6  -5  -4  -4  -6  -5  -6    0 100   0   0   0   0   0   0   0   0   0   0   0   0   0   0   0   0   0   0  2.51 0.59
  381 I    -3  -2  -3  -4  -4  -3  -2  -5  -2   6   0   1   1   2  -4  -4  -3  -3   0   1    0   2   1   1   0   1   2   0   1  53   5  12   4  10   0   0   0   0   4   5  0.65 0.26
  382 T    -4  -6  -5  -5  -6  -5  -4  -6  -6  -5  -5  -4  -6  -7   9  -4  -4  -7  -6  -3    0   0   0   0   0   0   0   0   0   0   0   0   0   0  97   0   0   0   0   2  3.02 0.62
  383 S     0  -3  -2  -2  -2  -2  -2   0  -3  -4  -4  -2  -3  -3  -3   6   0  -4  -3  -3    5   1   1   1   1   0   1   6   0   1   1   1   0   1   1  77   3   0   0   1  1.10 0.35
  384 N    -1  -1   1   1  -3   0   4   0   0  -2  -3   0  -2  -2   0   0   0  -3   1  -2    4   1   7   7   0   2  36   6   2   3   1   5   1   1   3   8   4   0   5   2  0.31 0.14
  385 K    -1   1   1   0  -3   0   0  -3   2  -3  -1   5   0  -2  -2   0  -1  -2   1  -3    3   5   8   4   0   3   3   1   5   0   6  44   3   1   1   4   2   0   6   0  0.42 0.19
  386 A     6  -4  -4  -4  -3  -3  -3  -3  -4  -3  -4  -3  -3  -3   4   0  -2  -5  -2  -1   69   0   0   0   0   0   0   0   0   1   0   0   0   1  17   5   1   0   1   4  1.06 0.35
  387 H    -5  -3  -3  -4  -6  -2  -2  -5  10  -3  -5  -4  -4   3  -4  -3  -4  -2   1  -5    0   0   0   0   0   0   1   0  79   2   0   0   0  11   0   1   1   0   3   0  2.41 0.55
  388 R    -4   8  -3  -5  -6  -2  -3  -5  -3  -5  -5   0  -4  -6  -5  -4  -4  -6  -5  -5    0  97   0   0   0   0   0   0   0   0   0   1   0   0   0   0   0   0   0   0  2.35 0.55
  389 K    -2   1  -2   0  -5  -1  -1  -4  -3  -4  -3   2  -3  -4   6   0  -2   4  -3  -3    3   8   1   4   0   1   4   0   0   0   1  17   0   1  44   5   1   6   1   2  0.94 0.27
  390 E    -4  -3  -3  -1  -7  -1   8  -5  -3  -6  -5  -2  -5  -6  -4  -3  -4  -6  -4  -5    0   0   0   0   0   0  98   0   0   0   0   0   0   0   0   0   0   0   0   0  2.18 0.56
  391 I    -2  -5  -5  -5  -3  -5  -5  -6  -5   6   1  -5   0  -2  -5  -4  -3  -5  -3   4    2   0   0   0   0   0   0   0   0  58   9   0   1   1   0   0   0   0   0  28  1.12 0.32
  392 D    -1   0   1   4  -3  -1   0  -1  -2  -3  -3   2  -3  -3  -1   1   2  -4  -3  -2    5   4   6  28   0   1   5   4   0   0   1  15   0   1   2   9  16   0   0   2  0.37 0.15
  393 G     0   0   0   1  -2   2   3   2  -1  -3  -3   0  -3  -3   0   1   0  -4  -3  -3    5   4   2   9   1  10  22  17   1   1   0   3   0   0   4  15   3   0   0   1  0.31 0.14
  394 K    -2   3   3   2  -4   0   0  -2   1  -4  -4   4  -3  -4   2   0  -1  -5  -3  -4    1  16  14  14   0   1   5   1   3   0   0  27   0   0  10   5   1   0   0   0  0.53 0.20
  395 T     2  -3  -1  -2   4  -2  -3  -3  -4  -3  -4  -2  -3  -4  -3   3   5  -5  -4  -1   16   0   1   1   8   1   0   0   0   0   0   0   0   0   0  24  46   0   0   3  0.82 0.31
  396 A     5  -4  -3  -4   5  -3  -3   0  -3  -3  -3  -3   3  -4  -3   1   0  -5  -4  -2   60   0   0   0  11   0   0   4   0   0   0   0   8   0   0  11   4   0   0   0  0.90 0.33
  397 I    -3  -5  -6  -6  -3  -5  -5  -5  -5   6   3  -5   0  -1  -5  -5  -3  -4  -3   2    0   0   0   0   0   0   0   0   0  60  29   0   1   1   0   0   0   0   0   8  1.17 0.33
  398 V    -3  -5  -6  -6  -3  -5  -5  -6  -6   5  -1  -5  -1  -3  -5  -4  -3  -5  -4   6    0   0   0   0   0   0   0   0   0  37   1   0   0   0   0   0   0   0   0  62  1.40 0.39
  399 R    -5   8  -4  -5  -7  -2  -3  -6  -3  -6  -5  -1  -5  -6  -5  -4  -4  -6  -5  -6    0 100   0   0   0   0   0   0   0   0   0   0   0   0   0   0   0   0   0   0  2.51 0.59
  400 E    -4  -3  -3  -1  -7   0   8  -5  -3  -6  -6  -2  -3  -6  -4  -3  -4  -6  -5  -3    0   0   0   0   0   3  95   0   0   0   0   0   1   0   0   0   0   0   0   2  2.04 0.54
  401 L    -4  -5  -6  -6  -4  -5  -6  -6  -6   1   6  -5   0  -2  -6  -5  -4  -4  -4   0    0   0   0   0   0   0   0   0   0   5  93   0   0   0   0   0   0   0   0   2  1.54 0.42
  402 H    -5   1  -3  -4  -6  -2  -3  -5  10  -6  -6   1  -5  -5  -5  -4  -5  -6  -1  -6    0   8   0   0   0   1   0   0  81   0   0  10   0   0   0   0   0   0   1   0  2.56 0.58
  403 V    -2  -5  -6  -6  -4  -5  -5  -6  -6   2  -2  -5  -2  -3  -5  -4  -2  -6  -4   7    1   0   0   0   0   0   0   0   0   9   0   0   0   0   0   0   1   0   0  89  1.67 0.46
  404 Y    -4  -5  -5  -4   3  -4  -5  -6   0  -4  -1  -5  -3   3  -6  -3  -4  -1   9  -2    0   0   0   1   6   0   0   0   2   0   4   0   0   8   0   2   0   0  74   3  1.92 0.48
  405 G    -3  -5  -3  -4  -6  -5  -5   7  -5  -7  -7  -5  -6  -6  -5  -3  -5  -6  -6  -6    0   0   0   0   0   0   0 100   0   0   0   0   0   0   0   0   0   0   0   0  2.32 0.52
  406 I    -2   1  -2  -2  -4   3   0  -3  -2  -2  -2   1  -3  -4   6   0  -2  -3  -2  -3    1   6   1   1   0  13   5   1   1   2   4  11   0   1  43   7   1   0   1   1  0.86 0.26
  407 E    -1  -3  -3  -3  -3   2   2  -4  -3  -1   2  -2   6  -3  -2   1   0  -4  -3   0    5   0   0   0   0  13  14   0   0   0  20   0  27   0   2  10   4   0   0   5  0.45 0.23
  408 V    -2  -4  -5  -5  -3  -1  -4  -5  -5   2   2  -3   0  -3  -4  -3   0  -5  -3   5    2   0   0   0   0   3   0   0   0   9  19   1   1   0   0   0   5   0   0  59  0.83 0.29
  409 P    -2  -1  -3  -3  -6  -2   1  -4  -3  -6  -6   1  -5  -6   8  -3  -3  -6  -5  -5    2   3   1   0   0   2   8   1   0   0   0  10   0   0  73   1   0   0   0   0  1.93 0.45
  410 I    -3  -4  -5  -5  -3  -4  -5  -6  -5   4   2  -5  -1  -2  -4  -4  -2  -5  -3   5    0   1   0   0   0   0   0   0   0  28  22   0   0   1   0   0   0   0   0  48  0.98 0.30
  411 G    -2  -5  -2  -3  -5  -5  -5   7  -2  -7  -7  -4  -6  -6  -4  -3  -3  -5  -5  -6    0   0   1   1   0   0   0  94   1   0   0   0   0   0   1   1   1   0   0   0  2.06 0.47
  412 S    -1   1  -2   1  -4   1   4  -2  -2  -3  -2   3   0  -3  -3   0  -1  -4  -3  -2    4   5   0   5   0   3  40   3   0   1   3  20   3   1   0   6   2   0   0   3  0.50 0.21
  413 W    -1   5  -1  -2  -5   0   0  -3   4  -4  -4   4  -3  -3  -2  -1  -1   1   0  -4    5  31   1   1   0   2   3   1  11   0   0  31   0   1   1   3   2   2   3   0  0.67 0.24
  414 D    -1   0   0   2  -3  -1   1   0  -1  -1  -1   0  -1  -1   3   0  -1   0   1  -1    4   3   3  12   0   1  10   7   1   3   9   8   2   2  15   8   2   1   5   3  0.15 0.07
  415 E     0   0   0   2  -3   1   3   0  -1  -2  -2   1  -2  -4   0   0  -1  -4  -3  -2    9   4   4  15   0   5  24   8   1   1   4   8   0   0   5   5   3   0   0   2  0.27 0.12
  416 L    -1   0   1   2  -3   0   2   1  -1  -2  -1   1  -2   0  -1   0  -1  -1   1  -2    2   3   8  16   0   2  15  12   1   2   5  12   0   5   1   5   2   1   6   2  0.17 0.09
  417 G     3  -2  -2   0  -3  -1   3   1  -2  -2  -1  -1  -2  -3  -3   1  -1   4  -2  -2   30   1   0   3   0   1  23  10   1   1   5   1   0   0   0  13   2   6   0   1  0.35 0.18
  418 F    -4  -6  -6  -7  -5  -5  -5  -3  -5   1  -3  -6  -2   3  -7  -6  -4  12   2  -2    1   0   0   0   0   0   1   3   0   9   1   0   1   9   0   0   1  67   7   2  2.73 0.56
  419 Q    -4  -2  -3  -4  -7   9  -1  -5  -3  -6  -6  -2  -4  -7  -5  -3  -4  -5  -5  -6    0   0   0   0   0 100   0   0   0   0   0   0   0   0   0   0   0   0   0   0  2.65 0.66
  420 H    -5  -4  -3  -5  -7  -3  -4  -6  11  -7  -7  -4  -5  -5  -6  -4  -5  -6  -2  -7    0   0   0   0   0   0   0   0 100   0   0   0   0   0   0   0   0   0   0   0  3.52 0.71
  421 R    -3   6  -2  -3  -5   1  -2  -4  -2  -4  -2   4   0  -5  -4   0  -2  -5  -4  -3    0  45   1   0   0   5   0   0   0   0   5  33   3   0   0   6   1   0   0   1  0.98 0.32
  422 G    -3  -5  -2  -4  -5  -5  -5   7  -5  -7  -7  -4  -6  -6  -5  -2  -4  -6  -6  -6    0   0   1   0   0   0   0  97   0   0   0   0   0   0   0   1   0   0   0   0  2.23 0.50
  423 Y    -4  -5  -5  -6  -5  -4  -5  -6  -2  -2   2  -5  -2   4  -6  -5  -4   7   7  -2    0   0   0   0   0   0   0   0   0   2  18   0   1  16   0   0   0  14  50   1  1.56 0.40
  424 G    -3  -5  -3  -4  -6  -5  -5   7  -5  -7  -7  -5  -6  -6  -5  -3  -5  -6  -6  -6    0   0   0   0   0   0   0 100   0   0   0   0   0   0   0   0   0   0   0   0  2.35 0.52
  425 S     1   4  -1  -2  -4   0   2   0  -2  -4  -4   4  -3  -4  -3   2  -1  -4  -3  -3   10  21   0   0   0   1  12   5   0   0   0  28   0   0   0  16   3   0   0   1  0.51 0.21
  426 K    -1   3   1  -1  -4   1   2  -2  -2   0  -1   3   1  -3  -3   0  -1  -4  -3  -1    4  16   7   1   0   4  15   2   0   7   5  26   5   0   0   4   3   0   0   3  0.29 0.15
  427 L    -4  -5  -6  -6  -4  -5  -6  -6  -6  -1   6  -5   1  -2  -6  -5  -4  -4  -4  -2    0   0   0   0   0   0   0   0   0   1  97   0   2   0   0   0   0   0   0   0  1.67 0.44
  428 L    -4  -4  -6  -6  -4  -4  -5  -6  -5   2   5  -5   6  -2  -5  -5  -3  -4  -3   0    0   0   0   0   0   0   0   0   0   9  66   0  22   0   0   0   0   0   0   3  1.24 0.36
  429 S     1   3   0  -1  -3   1   3  -2   0  -3  -2   2  -1  -2  -3   1  -1  -3  -2  -3   15  16   3   1   0   4  21   2   2   1   2  16   2   2   0  11   1   0   1   0  0.29 0.15
  430 E    -2  -1  -2  -1  -6   0   7  -4  -1  -5  -5   1  -2  -5  -4  -3  -2  -2  -2  -4    2   3   1   1   0   1  75   0   1   0   0   9   1   0   0   0   2   1   2   0  1.31 0.40
  431 A     7  -4  -4  -5  -2  -4  -4  -3  -5  -4  -4  -4  -4  -5  -4  -1  -3  -6  -5  -3   98   0   0   0   0   0   0   0   0   0   0   0   0   0   0   1   0   0   0   0  1.77 0.50
  432 E    -3  -3  -3  -1  -7  -1   8  -5  -3  -5  -6  -2  -5  -6  -4  -3  -4  -6  -5  -6    1   0   0   0   0   0  99   0   0   1   0   0   0   0   0   0   0   0   0   0  2.21 0.57
  433 K    -3   6  -1  -1  -4   0   2  -4  -2  -5  -4   4  -4  -5  -4  -2  -2  -5  -3  -5    0  51   3   3   0   2  14   0   1   0   0  23   0   0   0   2   1   0   0   0  1.05 0.32
  434 I    -3  -5  -6  -6  -4  -4  -5  -6  -6   7   1  -5   1  -3  -5  -5  -1  -5  -4   2    0   0   0   0   0   0   0   0   0  79   6   0   2   0   0   0   3   0   0   9  1.46 0.40
  435 A     5  -4  -3  -4   0  -3  -3  -2  -4  -4  -4  -3  -3  -5  -3   4   0  -5  -4  -2   63   0   0   0   1   0   0   0   0   0   0   0   0   0   0  29   5   0   0   2  1.04 0.36
  436 R    -1   4  -2  -3  -2   0  -1  -3   0  -1   0   3  -1  -2  -3   0  -1  -2  -1   0    4  31   0   0   0   1   1   1   3   4  12  19   1   1   0   8   2   0   2   8  0.33 0.16
  437 E    -3  -2   0   1  -5   0   7  -2  -2  -4  -4  -1  -4  -4  -3  -1  -3  -4  -1  -4    1   1   4   6   0   2  74   2   0   1   1   1   0   0   0   2   1   0   3   1  1.25 0.36
  438 E    -2  -1   1   2  -6   0   6  -4  -2  -5  -5   1  -4  -5  -3  -1  -3  -5  -4  -4    2   2   6  12   0   2  65   0   0   0   0   6   0   0   0   3   0   0   0   1  1.14 0.35
  439 F    -3  -3  -4  -4  -1  -3  -3  -4   0  -2  -1  -4  -1   6  -4  -3  -3   2   6  -3    2   1   1   1   1   1   1   1   2   1   5   1   1  43   1   1   1   2  35   1  1.24 0.30
  440 D    -3  -3   2   6  -5  -2   0   4  -1  -6  -6  -2  -5  -6  -4  -1  -3  -6  -5  -5    0   0   8  54   0   1   3  29   1   0   0   1   0   0   0   3   0   0   0   0  1.21 0.34
  441 M     3   1  -3  -3   4  -2  -2  -2  -2  -1   0   2   2  -1  -3   0  -2  -3   1   0   28  10   0   0  11   0   0   0   0   1   8  15   7   2   0   4   1   0   5   7  0.28 0.17
  442 R    -2   4   1   0  -5   0   1  -1   0  -5  -4   5  -3  -5  -3   0   0  -5  -3  -4    1  20   7   6   0   1   9   3   2   0   0  41   0   0   0   4   5   0   0   0  0.65 0.24
  443 K    -3   3  -1  -3  -6  -1  -1  -4  -2  -6  -5   7  -4  -6  -4  -3  -3  -6  -3  -5    0  14   1   0   0   1   2   0   1   0   0  79   0   0   0   0   0   0   1   0  1.57 0.44
  444 I    -3  -5  -5  -6  -3  -4  -5  -6  -5   6   3  -5   5  -2  -5  -4  -3  -4  -3   1    0   0   0   0   0   0   0   0   0  49  26   0  19   0   0   0   0   0   0   6  1.11 0.33
  445 S     0  -4  -5  -5  -3  -4  -4  -5  -4   1   5  -4   0   0  -5  -2  -2  -4  -1   2    8   0   0   0   0   0   0   0   0   6  66   0   0   3   0   3   0   0   1  11  0.79 0.27
  446 V    -3  -5  -6  -6  -3  -5  -5  -6  -6   4  -1  -5  -2  -3  -5  -4  -3  -5  -4   6    0   0   0   0   0   0   0   0   0  25   0   0   0   0   0   0   0   0   0  75  1.51 0.42
  447 L    -3  -4  -2  -5  -1  -4  -5  -5  -5   5   3  -4   2  -2  -4  -3   2  -4  -3   0    0   0   2   0   1   0   0   0   0  47  28   0   4   0   0   0  18   0   0   0  0.84 0.29
  448 S    -1  -4  -2  -3  -4  -3  -3  -3  -4  -5  -6  -3  -5  -6  -2   7  -1  -6  -5  -5    2   0   0   0   0   0   0   0   0   0   0   0   0   0   1  96   0   0   0   0  1.81 0.53
  449 G     4  -4  -3  -4  -4  -4  -4   6  -4  -5  -5  -4  -4  -5  -4  -2  -3  -5  -5  -4   37   0   0   0   0   0   0  62   0   0   0   0   0   0   0   0   0   0   0   0  1.43 0.39
  450 I    -3  -5  -5  -5  -3  -5  -5  -6  -5   5   3  -5   0  -2  -5  -4  -2  -5  -3   4    0   0   0   0   0   0   0   0   0  43  26   0   0   0   0   0   0   0   0  31  1.01 0.30
  451 G    -3  -5  -3  -4  -6  -5  -5   7  -5  -7  -7  -5  -6  -6  -5  -3  -5  -6  -6  -6    0   0   0   0   0   0   0 100   0   0   0   0   0   0   0   0   0   0   0   0  2.34 0.51
  452 A     2  -4  -3  -4  -3  -3  -4  -4  -4  -1  -2  -3  -2  -4  -4  -1   5  -5  -4   4   22   0   0   0   0   0   0   0   0   0   0   0   0   0   0   1  36   0   0  41  0.88 0.33
  453 R    -4   7  -2  -4  -6  -1  -2  -5  -3  -4  -5   4  -4  -6  -5  -3  -4  -6  -4  -5    0  70   1   0   0   0   0   0   0   1   0  29   0   0   0   0   0   0   0   0  1.74 0.45
  454 E    -3   1   2   1  -6   2   6  -3  -2  -5  -5  -1  -4  -5   0  -2  -3  -5  -4  -5    0   8  10   6   0   8  58   2   0   0   0   1   0   0   4   1   0   0   0   0  0.99 0.32
  455 Y    -5  -5  -6  -7  -6  -5  -6  -7  -2  -5  -5  -5  -4   0  -7  -5  -5  -1  10  -5    0   0   0   0   0   0   0   0   0   0   0   0   0   0   0   0   0   0 100   0  3.10 0.67
  456 Y    -5  -5  -6  -7  -6  -5  -6  -7  -2  -5  -4  -5  -4   1  -6  -5  -5  -1  10  -5    0   0   0   0   0   0   0   0   0   0   0   0   0   2   0   0   0   0  98   0  3.01 0.65
  457 A    -1   7  -3  -4  -4   1  -1  -3  -1  -4  -3   2   2  -3  -4  -1  -3  -5  -1  -4    6  61   0   0   0   5   2   1   1   0   1   9   7   1   0   4   0   0   2   0  1.04 0.33
  458 K    -2   5  -2  -3  -6   0  -2  -4  -3  -5  -5   6  -3  -5  -4  -1  -2  -5  -4  -5    1  30   1   0   0   1   0   1   0   0   0  61   0   0   0   3   1   0   0   0  1.31 0.38
  459 R    -4  -1  -3  -5  -4  -1  -4  -5   2   0   4  -2   0   5  -5  -4  -3  -2   0  -2    0   3   1   0   0   2   0   0   5   2  49   2   1  32   0   0   0   0   1   0  0.85 0.28
  460 G    -2  -5  -1  -3  -5  -4  -4   7  -5  -7  -7  -3  -6  -6  -5  -2  -4  -5  -6  -6    0   0   2   1   0   0   0  94   0   0   0   1   0   0   0   1   0   0   0   0  2.08 0.47
  461 Y    -5  -5  -6  -7  -6  -5  -6  -7  -2  -5  -4  -5  -4   1  -6  -5  -5  -1  10  -5    0   0   0   0   0   0   0   0   0   0   0   0   0   3   0   0   0   0  97   0  2.96 0.64
  462 V    -1   3   0   0  -3   0   2  -2   1  -2  -3   2  -2  -1  -3   1   1  -3   0  -2    3  20   2   3   0   2  18   2   5   1   1  12   0   4   0  11  10   0   4   3  0.26 0.13
  463 K    -3   5  -1   0  -4   0  -1  -4   2  -3   1   3  -2  -2   0  -2  -3  -3   2  -3    0  34   2   5   0   2   1   0   5   0  16  19   1   1   5   1   0   0   9   1  0.49 0.22
  464 E    -3  -2   2   5  -3  -1   3  -2  -1  -2  -1  -1  -1  -3  -3  -1  -2  -4   2  -2    0   1   8  42   0   2  19   2   1   3   6   3   1   1   0   2   0   0   8   2  0.62 0.23
  465 G    -2  -5  -1  -3  -5  -4  -4   7  -4  -6  -6  -4  -5  -6  -4   2  -3  -5  -3  -5    0   0   2   0   0   0   0  81   0   0   0   0   0   0   0  16   0   0   1   0  1.67 0.41
  466 P    -1  -4  -5  -4  -2  -4  -4  -5  -5  -1  -2  -4  -3   1   7  -3  -2  -5  -4   2    5   0   0   0   1   0   0   0   0   2   2   0   0   7  63   1   1   0   0  17  1.53 0.38
  467 Y    -5  -5  -6  -7  -6  -5  -6  -7  -2  -5  -4  -5  -4   0  -7  -5  -5  -1  10  -5    0   0   0   0   0   0   0   0   0   0   0   0   0   1   0   0   0   0  99   0  3.07 0.66
  468 M    -4  -5  -6  -6  -3  -4  -5  -6  -5  -1   0  -5  10  -3  -6  -5  -3  -5  -4   3    0   0   0   0   0   0   0   0   0   1   2   0  79   0   0   0   0   0   0  17  2.25 0.57
  469 S     1  -2  -2  -3  -1  -2  -2   1   0  -2  -3  -2   0  -2  -3   4   0   0   0   1   13   1   0   0   1   0   1  11   2   2   0   0   3   2   0  47   2   1   3  11  0.46 0.23
  470 K    -4   1  -3  -4  -3  -2  -2  -5  -4  -6  -6   8  -4  -6  -4  -3  -4  -6  -5  -5    0   3   0   0   1   0   0   0   0   0   0  96   0   0   0   0   0   0   0   0  2.04 0.53
  471 Q    -1   2   0   1  -3   1   1  -2   0   0  -1   2   0  -2   0   0   0  -1   1  -1    3  12   5   7   0   4  11   0   1   8   5  16   2   1   4   8   5   1   5   2  0.13 0.08
  472 L    -4  -5  -6  -6  -4  -5  -6  -6  -5   2   6  -5   0  -2  -5  -5  -4  -4  -4  -1    0   0   0   0   0   0   0   0   0   9  90   0   0   0   0   0   0   0   0   0  1.48 0.40
  473 I    -1  -3  -4  -4  -2  -3  -4  -4  -4   4   1  -3   0  -1  -3  -3  -1  -4  -2   5    0   0   0   0   0   0   0   0   0  33   5   0   0   0   0   0   0   0   0  63  0.61 0.10

                      K         Lambda
Standard Ungapped    0.1386     0.3202
Standard Gapped      0.0630     0.2670
PSI Ungapped         0.2057     0.3176
PSI Gapped           0.0630     0.2670
