
Last position-specific scoring matrix computed, weighted observed percentages rounded down, information per position, and relative weight of gapless real matches to pseudocounts
           A  R  N  D  C  Q  E  G  H  I  L  K  M  F  P  S  T  W  Y  V   A   R   N   D   C   Q   E   G   H   I   L   K   M   F   P   S   T   W   Y   V
    1 M   -2 -3 -4 -4 -2 -3 -4 -4 -4  4  2 -3  6 -1 -4 -3 -2 -3 -2  3    0   0   0   0   0   0   0   0   0  29  21   0  32   0   0   0   0   0   0  18  0.67 0.21
    2 K    3  1  2 -1 -3  1  1 -2 -1 -3 -3  3 -2 -3 -2  0 -1 -4  0 -3   31   7  15   0   0   7  10   0   0   0   0  23   0   0   0   3   0   0   4   0  0.39 0.20
    3 R   -2  6 -3 -1 -6  1  4 -5 -3 -5 -5  2 -4 -6 -4 -3 -4 -6 -5 -2    3  48   0   3   0   5  28   0   0   0   0  10   0   0   0   0   0   0   0   3  1.16 0.48
    4 E   -2  2  1  2 -6  4  5 -4 -1 -5 -2  1 -4 -6 -4 -1 -2 -6 -5 -4    3  10   6   8   0  16  39   0   1   0   4   6   0   0   0   4   1   0   0   1  0.79 0.44
    5 D    0 -2 -3  2 -4 -2  0 -4 -4  2  2 -2 -2  0 -4 -1  0 -4 -2  3    7   2   0  16   0   1   8   0   0  14  17   1   0   3   0   4   4   0   1  21  0.30 0.25
    6 V    5 -6 -6 -4 -2 -5 -5 -4 -6  2  0 -5 -1  0 -5 -2 -3 -6 -5  3   51   0   0   1   1   0   0   1   0  10  10   0   2   3   0   3   1   0   0  20  0.96 0.56
    7 E    1 -2 -3 -2  1  1  1 -4 -1  2  0  0  0 -2 -4  0  0 -2 -3  3   15   2   0   2   3   6   9   0   2  12   6   5   2   1   0   7   6   1   0  23  0.24 0.23
    8 K   -1  3  0  1 -3  3  2 -2  0 -3 -1  2 -2 -5 -3  0 -1 -5 -3 -4    5  14   5   8   0  15  15   2   2   1   8  13   1   0   1   5   4   0   0   0  0.38 0.29
    9 V    4 -5 -6 -6 -3 -5 -6 -4 -6  3  3 -4 -3 -3 -6 -4 -3 -6 -5  3   34   0   0   0   0   0   0   1   0  13  28   1   0   1   0   1   1   0   0  19  0.92 0.53
   10 A    6 -4 -7 -7 -6 -6 -6 -1 -7 -4 -4 -6 -3 -7 -6 -2 -2  2 -7  3   69   1   0   0   0   0   0   4   0   0   1   0   1   0   0   3   2   2   0  17  1.58 0.81
   11 S    0  4 -2 -1 -2  2  2 -3  0 -2 -1  2 -2 -2 -4  0 -1 -5 -1  0    7  24   1   3   1   8  14   2   2   2   5  10   1   2   0   6   2   0   2   8  0.36 0.29
   12 E    0  3 -1  1 -6  3  4 -3  1 -4 -2  3 -3 -6 -5 -2 -2 -6 -4 -4    7  17   3   9   0  11  23   2   3   1   4  15   0   0   0   2   3   0   0   1  0.60 0.41
   13 A    6 -1 -4  0 -2 -4 -4  1 -6 -1 -2 -3 -3 -6 -5 -2 -1 -7 -6 -3   62   4   0   5   1   0   1   9   0   3   5   1   1   0   0   2   4   0   0   2  1.09 0.63
   14 S    2 -4 -3 -4  1 -5 -5  6 -6 -2 -5 -3 -3 -7 -4  2 -4 -7 -7 -5   18   1   1   1   3   0   0  54   0   3   1   2   1   0   1  13   1   0   0   1  1.25 0.65
   15 K    1  2 -1  0 -3  2  2  0  1 -2 -2  2 -1 -4 -2 -1 -1 -5 -4 -2   13  13   3   6   1   7  13   6   3   3   4  15   2   1   1   4   4   0   0   2  0.24 0.21
   16 Y   -1 -1 -3 -1 -4 -2  1 -3  2  3  2 -2  2  0 -4 -3 -1 -1  0  2    6   3   1   4   0   1  11   2   6  18  19   2   5   3   0   0   3   1   3  12  0.27 0.23
   17 I    0 -6 -6 -6  1 -4 -5 -6 -5  5  3 -6  2 -3 -6 -2  0 -3 -2  3    9   0   0   0   3   1   0   0   0  28  23   0   4   1   0   2   6   0   1  21  0.80 0.44
   18 Y   -1  4  0 -4  0  0 -3 -4  0  0  2  0  2 -3 -2 -2  0 -3 -1  0    4  23   5   1   2   3   1   1   2   4  23   6   5   1   2   2   6   0   2   7  0.33 0.27
   19 E    0  3 -1  2 -4  2  3 -3  0 -5 -4  2 -1 -4 -3 -1 -1 -2 -4 -4    7  18   2  13   0   8  19   2   2   1   1  14   2   0   1   5   4   1   0   0  0.50 0.35
   20 E    2  0 -2  0 -2 -1  1  0  0  0 -2  0 -1  0 -1 -1 -1  0  1  1   19   4   1   6   1   1  10   8   2   5   2   6   1   3   2   4   2   1   5  14  0.10 0.14
   21 R    1  3 -3 -4 -2  2 -2 -1 -2 -1 -1 -1  0  2 -4  1 -2 -1  1  1   15  16   1   0   1   9   1   4   1   2   6   2   3   8   0  11   2   1   6  10  0.24 0.25
   22 E    1  0  0  0 -2  1  1  0  1 -2  0  1 -2  0 -1  1 -1 -3 -1 -1   11   5   5   5   1   8  10   5   3   1  10  10   0   4   2  11   2   0   2   4  0.09 0.12
   23 N   -1  1  3  2 -3  2  1  2  0 -4 -3  0 -1 -4 -1  2  1 -5 -4 -4    3   7  14  10   1   8   7  13   2   1   2   5   2   1   2  13   8   0   0   0  0.30 0.25
   24 K    0  1  0  0 -2  1  1  1 -1  0  0  0 -1 -1  0  0  0 -2 -2  0   10   7   3   4   0   6  11  11   1   5  12   5   1   3   5   5   6   0   1   5  0.05 0.07
   25 D    0  0  0  3 -3  0  1  0  0  0 -1  1 -2 -1  0  0  0 -3 -3  0    6   3   3  17   0   3  10   7   2   6   5  11   0   2   4   6   6   0   0   7  0.14 0.14
   26 V    1  0  0  0 -1  0 -1  0 -1  0  2  1  0 -1 -2  0  0 -2 -1  0   11   4   5   4   1   3   3   6   1   3  22  10   2   1   1   7   5   0   2   7  0.06 0.10
   27 D    0  0  1  1 -3 -1  1  1  0 -1  0  1 -2 -2  1  0 -1 -3 -2  0    7   3   9   6   0   2  11  10   2   2   9   8   0   2   7   7   3   0   1  11  0.08 0.10
   28 R   -1  3 -1 -1 -4  1  3  0  0  0 -2  0 -3 -2 -2 -1 -1 -1  0  1    5  15   1   3   0   6  20   6   2   6   3   6   0   1   1   4   4   1   4  10  0.19 0.19
   29 V    0 -1  0 -1 -3 -1 -1 -2 -2  3  0  1  0 -1 -2  0  1 -2 -2  2    7   3   5   3   0   2   4   3   1  19   6   9   2   2   2   5  11   1   1  16  0.15 0.16
   30 I    0 -1 -1 -1 -3  0  1 -1  0  1  0 -1  0 -2 -1  1  2  1 -1  1    8   3   1   3   0   4   9   6   2   8   8   2   2   1   2  10  16   2   2  13  0.10 0.13
   31 N   -1 -1  1  1 -4  1  2 -2 -1 -3 -3  4  0 -3 -3  0  1 -5 -2 -1    5   2   6   8   0   4  11   3   1   1   2  32   2   1   1   7   9   0   1   4  0.41 0.29
   32 V   -1  0 -1  0 -3 -1  1  1 -3 -3 -2  5 -2 -3 -3  1  1 -5 -2 -2    4   4   2   4   0   1   8  10   0   1   4  35   1   1   1   9   9   0   1   4  0.44 0.32
   33 H   -1 -1  2  1 -2 -1 -1  2  2 -4 -4  2 -4 -3 -1  3 -1 -5 -1 -3    5   3  10   6   1   2   3  16   6   1   1  12   0   1   2  23   4   0   2   2  0.34 0.26
   34 G    1 -2 -2  3 -3 -1 -1  2 -1 -2 -3  0 -3 -2  2  1  0 -4 -3 -1   15   2   1  21   0   3   1  14   1   3   2   7   0   1   9   9   5   0   1   5  0.28 0.22
   35 N    0  1  3  0 -4 -1  0  2  0 -3 -4  0 -2 -3 -4  0  2 -3 -1  0    6   7  17   6   0   2   5  15   3   1   1   7   1   1   0   6  13   0   2   7  0.27 0.22
   36 D   -5 -4 -1  7 -7 -3  0 -2 -5 -7 -7 -5 -7 -7 -6  2 -3 -7 -7 -7    0   1   2  67   0   1   6   4   0   0   0   0   0   0   0  16   2   0   0   0  1.86 0.81
   37 V   -2 -4 -4 -6 -5 -5 -3 -3 -5  1  3 -4 -1  2  5 -4 -3 -2  1  0    4   1   1   0   0   0   2   2   0   7  29   1   1   8  32   1   1   1   4   6  0.83 0.46
   38 T    0 -2 -6 -6 -3  2 -4 -5 -6 -1 -1 -5 -1 -2 -6 -3 -1 -6 -3  6    7   3   0   0   0  10   1   1   0   1   5   0   1   2   0   2   3   0   1  62  1.24 0.64
   39 R   -5 -2 -1 -6 -6 -2 -6 -5 -6 -6 -5 -2 -2 -1 -6  1  7 -7 -6 -5    0   3   3   0   0   2   0   1   0   0   1   3   1   3   0  10  74   0   0   0  1.91 0.91
   40 I    1 -1 -1  1 -5  1  4 -2 -4  1 -1  1 -2 -4 -1 -2 -2 -5 -3  1   11   2   3   9   0   7  26   3   0   9   5   8   1   0   2   2   1   0   1  10  0.32 0.28
   41 I    4 -5 -5 -3 -5 -5 -5  0 -2  1 -2 -5 -2 -2 -5 -3  2 -2  1  3   36   0   0   2   0   0   0   8   1   8   3   0   1   1   0   1  14   0   5  19  0.68 0.45
   42 D   -4 -6 -2  8 -8 -5 -1 -3 -6 -7 -4 -4 -7 -3 -6 -3 -6 -8 -7 -7    2   0   2  83   0   0   4   2   0   0   2   1   0   1   0   2   0   0   0   0  2.44 1.00
   43 K   -1  3 -3 -1 -4  1 -1 -3  1 -1  1  2 -1  1 -2 -2  1 -2  2 -1    5  16   0   3   0   8   3   1   3   3  14  11   1   7   2   1   8   0   8   5  0.20 0.20
   44 R    3  2 -3 -1 -2  0  1  1 -2 -3  0  0 -1 -2 -4  0 -1 -3 -4 -1   31  11   1   3   1   4   9  10   1   1  10   6   1   1   0   5   3   0   0   3  0.30 0.28
   45 S    4 -5 -3 -5  2 -5 -5 -3 -6  0 -2 -5 -1 -5 -5  3 -1 -6 -5  3   32   0   1   0   5   0   0   2   0   6   4   0   2   0   0  26   2   0   0  21  0.83 0.53
   46 E   -5 -5  2  0 -8  5  6 -3  3 -4 -4 -3 -6 -7 -4 -2 -5 -7 -2 -7    0   0   8   4   0  23  47   3   6   1   2   1   0   0   1   3   0   0   2   0  1.33 0.73
   47 D    2  3  1  2  1  2  2 -1 -1 -4 -4  0 -1 -4 -4 -1 -1 -5 -2 -3   21  14   5  10   3  11  14   3   1   1   1   5   1   0   0   4   3   0   2   2  0.37 0.30
   48 F    1 -1 -2 -2  2 -1 -1 -2  0  1  2 -2  1  1 -4 -1 -1  1  0  1   15   3   2   2   5   2   4   3   3  10  19   1   3   6   0   5   2   2   4  10  0.13 0.14
   49 I   -2 -6 -6 -6 -1 -6 -6 -6 -6  6  1 -6  4 -1 -3 -2 -3 -2 -5  3    3   0   0   0   1   0   0   0   0  42  14   0   8   2   1   4   1   1   0  20  1.10 0.52
   50 V   -1  2 -1 -2  1 -1 -2 -3 -2  2  1  0  1  0 -4  0  0  1  0  1    5  15   2   2   4   3   2   2   0  14  14   4   3   4   0   6   5   2   4   8  0.15 0.15
   51 D    1  1  1  2 -5  1  2 -1  1 -5 -3  1 -2 -4 -4  1  0 -1  0 -3   11   6   8  12   0   5  15   5   3   0   2  10   1   0   0  12   5   1   3   1  0.30 0.25
   52 R    1  1 -2 -2 -2  0  0  0 -1  0 -1 -1  0 -2 -3  2  1 -2  1  0   15  10   1   1   1   4   5   8   2   6   6   3   2   1   0  15   9   0   5   6  0.12 0.16
   53 L   -5 -6 -7 -7 -1 -6 -3 -7 -7  4  5 -6  0  1 -7 -4 -3 -6 -5  0    1   0   0   0   1   0   2   0   0  20  61   0   1   5   0   2   1   0   0   6  1.35 0.63
   54 K    1  2  0 -1 -2  2 -1 -2  0 -3  0  2 -2 -2 -2  1  0 -4 -3 -2   13  12   4   4   1  10   3   3   2   1   9  13   1   2   1  13   6   0   0   3  0.21 0.21
   55 S    1  3  0  0 -4  1  3 -2  0 -3 -3  2  1 -3 -2  1  1 -5 -3 -3   10  14   4   5   0   5  16   2   2   1   1  14   4   1   1   9   9   0   1   1  0.34 0.26
   56 L    2  2  1 -2 -2  0  1 -3  1  0  0  1 -1 -2 -3  0 -1 -4  0 -1   19  10   8   2   1   4   8   1   4   6  11  10   1   1   0   4   3   0   3   4  0.14 0.15
   57 G   -2  3 -3 -2 -3 -2 -1 -1 -1 -3 -2 -2 -4  6 -3 -2  0  1  4 -2    3  16   1   2   1   2   3   6   2   1   4   1   0  29   2   2   7   2  14   3  0.66 0.39
   58 Y   -3 -4 -4 -1 -6 -4 -2 -3 -1 -2 -3 -3 -6 -3  7 -1  0 -6  1 -4    2   1   1   4   0   1   3   2   1   2   3   2   0   1  61   4   6   0   4   1  1.57 0.73
   59 N    0  0  2  3 -1 -1  0  1  1 -1 -3  0 -2 -2  0  1  0 -1 -2 -3    7   5   8  15   1   2   7  13   4   5   2   5   1   2   3  10   5   1   1   1  0.17 0.13
   60 I    0 -3 -1  5  0 -2 -2 -3  5  0 -1 -3 -1  0 -3 -1 -3 -1  1  0    9   1   2  29   2   2   2   1  12   6   7   1   1   3   1   5   1   1   6   8  0.48 0.28
   61 L    2  1 -1 -1 -2  0  1  2  0 -2 -1  1 -1 -2  2  0  0 -4 -3 -1   18   7   2   3   1   5   8  13   2   1   7   8   1   1   9   5   5   0   0   4  0.15 0.13
   62 I   -3 -5 -5 -6 -1 -5 -5 -6 -1  5  1 -5  0  5 -6 -1 -4  0  0  3    2   0   0   0   1   0   0   0   2  29  10   0   2  22   0   5   0   1   3  19  0.95 0.40
   63 V    0 -1 -2 -2  0 -1 -2 -3 -1  2  2  0  1  0 -3 -1  0  2  1  1   10   2   2   2   2   3   2   0   2  12  26   6   2   2   0   2   8   3   5  11  0.12 0.10
   64 T    1  1 -2 -2  1 -2 -1  4 -3 -3 -1 -2  0 -3 -3  2  1 -4 -3 -3   13   9   0   0   3   0   4  34   0   0   5   0   3   0   0  17   9   0   0   0  0.42 0.23
   65 E    1  3 -1 -1 -3  0  4 -2 -1  0 -2  0 -2 -3 -2  1 -1 -3 -2 -2   14  17   1   1   0   1  42   1   0  10   1   1   0   0   1   9   1   0   0   1  0.42 0.19
   66 E    0  1 -1  1 -2  1  1 -2  2 -2 -1  1 -1 -2 -2  1  1  4 -1 -2    9   9   0   9   0   9   9   1   9   0   9   9   0   0   0   9   9   8   0   1  0.20 0.13
   67 S    0 -1  0  0 -3  1  1  1  2  0 -1 -1  0 -1 -3  1  0 -3  0 -1    8   3   3   4   0   7   9  10   7   7   5   3   3   3   0  14   6   0   3   3  0.08 0.12
   68 G    2 -1 -2 -1 -2 -3 -3  5 -3 -2 -2 -2 -3 -1 -3  0 -1 -2  0 -1   18   3   2   4   1   1   2  37   1   2   4   2   1   2   1   7   3   0   3   5  0.52 0.28
   69 V    1  0 -1  0 -2  1  1 -1  0 -1 -1  0 -2 -1  0  1  0 -1  1  0   12   5   2   6   1   6   9   3   3   4   6   6   1   3   5  12   7   1   5   6  0.07 0.08
   70 I    0  0  1  2 -1 -1  0 -2  0  1  0 -1  0 -2 -1  0  0  0 -1  0   10   6   6  12   1   1   6   3   2   8  11   3   2   1   3   9   6   1   2   8  0.05 0.06
   71 D   -1  0  0  2 -2  0  1  2 -1 -3 -1  1 -3 -3  2  0 -2 -2 -2 -3    4   6   3  11   1   3   9  19   1   1   8   9   0   1  10   9   2   1   1   1  0.22 0.17
   72 S    0  0  0  1 -1  1  2  0  2 -1 -2 -1 -1 -3  0  1  0 -2 -2 -1    7   6   3   8   1   7  15   8   5   3   3   3   1   1   5  13   6   0   1   4  0.15 0.13
   73 Y    1  0  0  0 -1  0  1  0  0 -1 -1  0 -1 -1  0  0  0  1  0  0   14   4   3   5   1   5   9   8   2   4   5   7   1   3   3   5   8   2   4   8  0.04 0.04
   74 G    1  0  2  1  0 -1  0  2 -1 -2 -1 -1 -2 -2  1  1 -1 -4 -3 -1   13   4  10   7   2   2   5  18   1   2   7   3   0   1   7  12   2   0   0   4  0.17 0.13
   75 K    0  2 -1  0 -2  0  1  2 -1 -1 -1  1 -2 -3  0  0  0 -3 -2 -1    8  12   2   5   1   4   8  16   1   3   8  11   1   1   4   6   4   0   1   5  0.12 0.10
   76 N    0  0  1  3 -3  1  0  0 -1 -2 -2  0 -2 -3  1  0  1 -2 -2 -2    7   5   7  18   0   7   6   8   1   2   4   4   1   1   8   8   8   1   2   3  0.20 0.14
   77 Y    1 -1 -1  2 -3  0  0  0 -1 -3 -3  0 -2 -3  2  2  1  2 -2 -2   14   2   3  13   0   3   5   6   2   1   2   5   1   1   9  17   9   3   1   2  0.23 0.16
   78 D    0  1 -1  3 -2  1  3  1 -1 -2 -2 -1 -2 -3  0  0 -1 -1 -2 -2    7   7   2  18   1   7  21  11   1   2   3   2   0   1   5   4   2   1   1   3  0.25 0.14
   79 Y   -1  3 -2 -2  0 -1 -1 -1 -1 -1  0 -1 -1  1  2  0 -1  4  2  1    3  18   1   2   2   1   4   5   1   3   7   2   2   5  10   6   4   6  10  10  0.16 0.12
   80 I   -1  0 -2  0  2 -1 -1 -2 -1  1  1 -1  0  1 -2 -1  2  0  1  1    2   5   1   6   5   2   3   1   2   8  14   2   2   6   1   2  16   1   6  15  0.08 0.08
   81 A   -3 -3 -5 -4 -2 -3 -4 -2 -4 -1 -2 -3 -2  1 -3 -4 -2 11  0 -2    2   1   0   1   1   1   1   3   0   3   4   2   1   6   1   1   3  66   1   3  2.35 0.55
   82 I    0 -3 -3 -3  3 -3 -3 -3 -2  3  1 -3  0  0 -3 -1  0  3  0  3    6   1   1   1   8   1   1   1   1  17  14   1   1   3   1   4   3   5   4  30  0.30 0.15
   83 V   -2 -3 -3 -2  0  0 -3 -4 -4  4  2 -3  0 -1 -3 -3 -1 -3 -2  4    2   0   0   2   1   5   1   1   0  31  14   0   2   2   0   1   2   0   0  36  0.53 0.23
   84 D    0 -3 -1  7 -4 -2 -1  0 -1 -4 -4 -1 -4 -4 -3 -2 -3  3 -4 -4    8   0   0  70   0   0   1   7   2   0   1   3   0   0   0   1   1   5   0   1  1.23 0.39
   85 P   -2  1 -1 -3 -4 -3 -3 -2 -3 -4 -4 -1 -4 -5  8 -2  0 -5 -4 -4    2   8   2   0   0   0   1   3   0   0   1   3   0   0  70   2   5   0   0   1  1.70 0.44
   86 L   -2 -3 -2 -4 -3 -3 -4 -4 -1  5  3 -3  0 -1 -4 -3 -2 -3 -2  2    1   0   2   0   0   0   1   1   2  42  35   0   0   0   0   1   1   0   0  13  0.69 0.26
   87 D    0 -3  0  7 -1 -2 -1 -1 -3 -4 -5 -3 -4 -5 -3 -2 -3 -5 -4 -4    8   0   2  77   2   0   1   5   0   0   1   0   0   0   0   1   1   0   0   1  1.45 0.43
   88 G    0 -3 -2 -2 -4 -3  0  6 -3 -4 -4 -3 -4 -4 -3  0 -3 -4 -4 -4    7   1   0   1   0   0   8  73   0   1   1   1   0   0   1   5   1   0   0   1  1.20 0.35
   89 S   -1  0 -2 -3 -3 -2 -2 -1 -3 -2 -1 -2 -2 -3  0  0  6 -4 -3  0    3   5   0   1   0   0   1   5   0   1   4   1   0   0   4   4  65   0   0   5  0.80 0.34
   90 T    0  2  0  1 -1  0 -1 -2 -1  0 -1  2 -1 -2 -2  1  2 -1 -1  0    8  11   3   8   1   4   1   1   1   8   5  18   1   1   0   8  14   1   1   6  0.11 0.09
   91 N   -1 -2  5  2 -2 -1  2  1 -1 -3 -3 -1 -3 -4 -2  0  0 -4 -3 -1    4   0  38   8   1   1  17   9   0   0   2   1   0   0   1   5   4   0   0   5  0.49 0.22
   92 F   -2 -4 -4 -2 -1 -4 -4 -4 -2 -2  0 -4 -1  7 -4 -3 -2  1  5 -2    3   0   0   3   1   0   1   1   0   1   7   1   1  58   0   1   2   1  17   2  1.19 0.37
   93 V    2 -1 -4 -3 -3 -2 -4 -4 -5  2  2 -3  0 -3 -4  0  2 -5 -4  3   16   3   0   1   0   1   0   0   0  13  20   1   2   0   0   6  13   0   0  23  0.47 0.31
   94 S    0  4  0 -2 -3  2  1 -3  6 -2 -3  0 -4 -3 -4 -1 -1 -4  1 -3    9  25   5   1   1   7   8   1  19   2   2   4   0   1   1   3   4   0   5   2  0.58 0.35
   95 G   -2  0  1 -2 -4 -2 -3  6 -5 -5 -5 -2 -4 -5 -2 -2 -3 -6 -6 -5    2   6   7   2   0   2   1  67   0   1   1   2   0   0   2   3   1   0   0   1  1.38 0.60
   96 I   -2 -1 -1 -2 -1 -2 -2 -3  0  1  2 -1  1  3 -3 -1  0 -2  1  1    1   3   2   2   1   2   3   2   2  10  24   3   4  15   1   5   5   0   5   9  0.21 0.15
   97 P   -1 -1 -3  1 -3 -1  1  1 -1 -5 -3 -3 -5 -5  6 -2 -3 -6 -3 -2    6   3   1   9   1   3   9  10   2   0   3   1   0   0  45   3   2   0   1   3  0.98 0.50
   98 W    0 -2  1  0 -1  3  1 -2  3 -2 -1 -2  1  1 -2 -1  0  0  0  0    6   1   7   5   1  15   9   3   7   1   7   1   5   7   1   4   6   1   4   8  0.15 0.18
   99 S   -1 -6 -3 -5  1 -5 -6 -3 -2 -2 -3 -4 -4  5 -6 -1 -1  7  6  2    5   0   2   0   3   0   0   2   1   1   1   1   0  22   0   4   4  12  29  13  1.14 0.55
  100 S    5 -6 -5 -6  7 -5 -5  0 -6 -5 -4 -5 -2 -6 -3  1  2 -6 -6  0   43   0   0   0  19   0   0   7   0   0   1   0   1   0   1  10  11   0   0   7  1.08 0.57
  101 V   -3 -6 -4 -7 -2 -6 -6 -5 -7  4 -2 -6  0 -2 -4 -3  2 -7 -5  6    1   0   1   0   1   0   0   1   0  22   2   0   2   1   1   1  15   0   0  52  1.28 0.61
  102 S    0 -4  0 -3  4 -4 -4 -1  1 -3  1 -4  0 -5 -5  5  1 -6 -5 -3    9   0   5   1   9   0   0   4   4   1  14   0   3   0   0  41   8   0   0   1  0.72 0.47
  103 I   -2 -4 -6 -4 -5 -6 -6 -7 -6  6  3 -6  1 -1 -6 -5 -2 -6 -5  3    2   1   0   1   0   0   0   0   0  43  25   0   3   2   0   0   2   0   0  20  1.18 0.53
  104 A    5 -6 -5 -6  2 -5 -5  4 -6 -6 -6 -3 -2 -6 -5  0 -3 -7 -6 -4   51   0   0   0   4   0   0  33   0   0   0   2   1   0   0   7   1   0   0   1  1.34 0.65
  105 I    0 -5 -6 -6  1 -5 -6 -6 -5  2  5 -5 -1  3 -4 -4 -2 -2 -1  2    7   0   0   0   3   0   0   0   0   9  49   0   0  10   1   1   2   0   2  14  0.86 0.44
  106 Y    3 -2 -1 -3  2 -2 -2 -3 -4  2  1 -2  1  0 -3 -1 -1 -1  0  2   25   2   3   1   5   1   2   0   0  11  16   2   3   3   1   4   3   1   3  15  0.26 0.22
  107 N   -1  0 -1  1 -2 -1  1 -2  3  1 -2 -2 -2 -1 -3 -1 -2  0  2  3    3   6   3   8   1   2  12   4   8   6   3   1   0   2   1   4   2   1   8  26  0.24 0.23
  108 R   -2  2  2  4 -3  1  1  0  2 -4 -3  2 -3 -1  1 -2 -2 -5 -2 -3    2  10  11  21   0   5   8   7   4   1   2  12   0   3   6   2   1   0   1   2  0.37 0.25
  109 D   -1  0  1  1 -5  1 -2  6  1 -6 -5  0 -3 -4 -3 -2 -3 -5 -4 -4    4   4   7   7   0   5   3  52   3   0   1   6   1   1   1   2   1   0   0   1  0.92 0.45
  110 E   -1  2 -1 -2 -4  1  3 -1  1 -1 -3  2 -2 -3  0 -1  0 -4 -3  1    5  13   2   1   0   7  20   4   3   3   2  15   0   1   5   3   6   0   0  10  0.29 0.22
  111 E    0 -2 -2  0 -3  0  0  0 -1 -1 -1 -2 -2 -2  5 -1  0 -4 -3  1    7   2   2   6   0   3   5   6   2   2   6   2   1   2  32   4   6   0   1  11  0.48 0.25
  112 D    0  0 -1  0 -1  0  1  0  0  0  0  0  0 -1  0 -1  0 -2 -1  1    8   4   3   7   1   5  10   8   2   5   6   4   3   1   4   3   6   0   2  17  0.04 0.05
  113 I    1 -1 -1 -1  0  0  0 -1  0  1  1 -1  0 -1 -1  0  0 -2 -1  1   12   3   2   4   2   3   6   5   2   9  18   2   1   2   3   5   3   0   1  15  0.05 0.05
  114 L    1 -1 -1 -1 -1 -1  0  3 -2 -1 -2 -1 -2  0  0  0  0 -1 -2 -1   12   3   2   3   1   2   8  29   1   5   4   4   1   5   3   6   5   1   1   4  0.20 0.11
  115 S    0 -1 -1  0  1 -1 -1  0  0  0  0 -1 -1 -1 -1  0  0 -2 -1  2    9   4   2   5   3   3   4   7   3   5   8   4   1   3   3   8   6   0   1  22  0.05 0.06
  116 S    0 -2 -2 -1  0 -1 -1 -1 -1  2  0 -2  1 -1  2 -1 -1 -1 -2  2    9   2   1   4   2   2   3   5   2  15   9   2   3   2  13   4   3   1   1  18  0.17 0.11
  117 N    0 -2  0 -2  0 -2 -1  0  2  2 -1 -3 -1  1 -2 -2  0 -3  0  3    8   2   4   2   2   1   4   8   5   9   5   1   1   5   2   2   6   0   3  30  0.21 0.18
  118 V    1 -2  0  0  5  2  0 -2 -1  0  1 -1  1  0 -4 -2 -2  2 -1  0   14   2   4   5  12   9   5   3   2   6  14   3   4   3   0   2   2   3   2   5  0.23 0.22
  119 G   -1 -2 -1 -2 -1 -2 -5  4 -6 -2 -4 -3 -6 -1  6 -2 -5  1 -2 -1    4   2   3   2   2   2   0  32   0   2   2   2   0   3  32   3   0   2   2   4  0.98 0.61
  120 A    1 -1 -1 -2  2  0  0 -1 -1  0 -1 -1  0  1  0 -1  0  2 -1  3   15   4   3   2   4   4   5   4   2   4   6   3   3   6   4   3   5   2   2  21  0.12 0.16
  121 V   -1 -1 -4 -2 -4  0 -2 -1  1  2  1 -2  1 -1  1 -2  1  1  1  2    4   4   0   2   0   4   2   5   3  10  14   2   4   2   7   2   9   2   5  18  0.18 0.19
  122 S    0 -1  2  2 -2 -3 -1  1  3 -4 -2 -1  1 -1  1 -1 -2  0  4 -3    9   4   8   9   1   1   5  11   7   1   4   4   3   2   7   5   3   1  13   2  0.29 0.23
  123 S    1 -1  1  3  2  1  1 -4  1 -2 -1 -2 -1 -2 -1  0  1  0 -1  0   10   4   7  13   4   7   9   2   3   2   7   3   1   2   3   6   7   1   2   6  0.17 0.16
  124 I   -1 -1 -3 -2  0 -1 -2 -1 -1  0 -3 -5  1 -5  6 -2  0  3 -2  0    5   4   1   3   2   3   4   6   2   6   3   1   3   1  34   4   7   4   2   7  0.67 0.48
  125 F    1 -3  1 -3  0 -3 -1 -1 -3 -1 -1 -2  0  3 -2  0  0  5  3  1   11   2   8   2   2   1   4   4   1   4   7   2   3   9   2   6   6   7  10   9  0.29 0.22
  126 T   -1  2  0  1 -6 -1  0 -1  1 -2  1 -1 -1 -1 -3  1  2  0  2 -2    5   9   4   7   0   3   5   5   3   3  14   4   1   3   1   9  12   1   7   3  0.15 0.15
  127 P   -2  0  2  4 -8 -3 -2  5 -3 -8 -6 -1 -1 -5  1 -2 -2 -1 -4 -5    4   6   7  18   0   1   3  34   1   0   1   5   2   1   8   3   3   1   1   1  0.81 0.52
  128 Y    0  2 -3 -1  0  1  2 -2 -1  1  0  0  1 -2 -2 -2  1 -1  1  0    8  11   1   3   2   6  13   3   2   7   8   5   3   2   2   2   9   1   5   6  0.15 0.14
  129 T   -2  1 -3 -4  0 -4 -2 -3 -4  2  3 -4  2  2 -3 -2  3  0  0  0    4   7   2   1   2   1   3   3   1  10  24   1   4   7   2   3  14   2   3   7  0.38 0.25
  130 F    0 -6 -5 -2 -4 -5 -5 -3 -2  0 -1 -6 -1  6 -4  0 -2  5  5 -1    9   1   1   3   1   1   1   3   1   6   6   1   1  28   1   6   3   6  18   4  0.96 0.54
  131 S    3 -1 -2 -3 -3 -2 -2  0  0 -1 -3 -4 -1 -2 -5  2  2  6  0  0   19   4   2   2   1   2   3   7   2   3   4   1   1   2   1  13  12  11   4   7  0.47 0.36
  132 Y    5 -2 -4 -3 -1 -3 -2  1 -2 -4 -5 -3 -3 -3 -3  0  0  1 -1 -2   45   3   1   2   1   2   3  11   1   1   1   2   1   1   2   7   6   2   2   4  0.81 0.54
  133 D    1  1 -4 -1  0 -2 -1  1 -1  2 -2  0 -2 -3 -2  0  0  2 -3  3   11   7   1   4   2   2   5   9   1   9   4   6   1   1   2   7   6   3   1  18  0.20 0.17
  134 E   -3  4 -1  0 -4 -2  1  3 -3 -4 -1  3 -3 -5 -4 -3 -2 -2 -3 -2    3  19   3   5   1   2   9  18   1   1   6  18   1   1   1   2   3   1   1   4  0.54 0.38
  135 G   -2 -1 -3 -2 -1  0 -2  6  0 -5 -3 -3 -3 -4 -3 -1 -3 -9 -9 -5    3   4   1   3   2   4   4  59   3   1   3   2   1   1   2   4   2   0   0   1  1.31 0.75
  136 S   -1 -2 -2  0 -3  1  0  6  2 -3 -4 -1 -5 -5 -1 -1 -6 -9 -6 -7    5   3   2   6   1   6   5  49   4   2   3   4   0   1   4   5   1   0   0   1  0.99 0.61
  137 A    5 -1 -5 -9 -3 -5 -4  4 -4 -4 -6 -6 -4 -5 -4 -1  0 -2 -2 -2   44   4   1   0   1   1   2  25   1   1   1   1   1   1   1   6   6   1   2   3  1.11 0.68
  138 Y   -2 -2 -3 -2 -2 -3 -3 -4  0 -2 -1 -5 -1  4 -3 -1  2  6  5 -1    5   3   1   3   1   2   2   2   2   3   7   1   2  17   2   4  13   9  15   5  0.69 0.42
  139 V   -1 -2 -5 -3  4 -1 -4 -4  0  1  3 -2  2 -1  1 -2 -2  0 -1  2    6   3   1   2   8   3   1   2   2   7  25   3   4   3   7   4   3   1   2  14  0.40 0.25
  140 N   -4  1  6  1 -7  0  1 -3  2 -4 -4 -2 -2 -4 -4  0  0  1 -2 -3    2   7  34   8   0   4  10   2   5   1   2   3   1   1   1   6   6   2   2   3  0.82 0.52
  141 G    0 -1 -1  1 -5 -2 -1  5 -4 -4 -2 -2 -3 -3  2  0 -3 -4 -6 -5    7   4   3   8   0   2   5  38   1   1   5   3   1   1   9   8   2   0   0   1  0.69 0.47
  142 V   -2  1 -4 -2 -6  1  0 -1  0  3  2  1  1 -1 -2 -1  0 -3 -4  1    3   7   1   2   0   7   6   5   2  15  16   8   3   3   2   5   5   0   0  10  0.22 0.17
  143 K   -2  4 -1 -1 -4  2 -1 -1  2 -4 -5  3 -5 -2  3  0 -2 -7 -5 -2    3  20   3   3   0   9   4   5   5   1   1  14   0   2  15   6   3   0   0   3  0.55 0.42
  144 I   -1 -3 -3 -3  2 -4 -4 -1 -2  3  2 -4  0  1 -1 -4 -2 -3 -3  4    6   2   2   2   3   1   1   6   1  13  18   1   2   5   4   1   3   0   1  28  0.50 0.32
  145 A    0  2  0 -3 -3  1  0 -2  1 -3 -3  0 -3 -7  1  4  1 -7 -3 -2    8  10   4   1   1   6   6   4   4   2   3   7   1   0   8  25   7   0   1   4  0.38 0.36
  146 E    0  1  0  1 -6  1  1  0 -2 -3 -4  0 -2 -3  4  0  0 -7 -2  0    7   6   4   8   0   6   8   7   1   2   2   7   1   1  18   7   5   0   2   7  0.27 0.27
  147 I   -1  2 -1 -3  2 -1 -3 -4 -2  1  1  0 -1 -1 -1  1  2 -6 -3  1    6  11   3   1   4   2   2   1   1   9  13   5   1   3   4  12  11   0   1  11  0.22 0.21
  148 K    0  0  0  1 -7 -1  0  0  0 -4 -4  2 -2 -3  3  1  2 -3 -3 -4    8   6   4   9   0   3   7   7   2   1   2  13   1   1  13  11  11   0   1   1  0.32 0.31
  149 K    1  1  0  3 -2  0  0 -1  2 -4 -2  1 -1 -3  1  1 -1 -6 -2 -2   10   8   5  15   1   5   7   5   4   1   4   9   2   1   7  10   3   0   1   3  0.22 0.22
  150 P    0 -2 -3 -2 -2 -3 -1 -2 -4  0  2 -4 -1 -5  5 -1  1 -4 -7  0    7   2   2   3   1   2   4   4   1   4  21   1   1   0  27   6   8   0   0   7  0.56 0.43
  151 E    1  2  0  2 -4  1  2 -1 -2 -3 -3  1 -3 -2 -1  2  0 -6 -3 -2   11  11   3  10   0   6  14   4   1   1   3   8   1   2   3  14   6   0   1   3  0.26 0.26
  152 K   -1  1  0  2 -3  2  1  0  1 -2 -2  1 -1 -1  0  0 -1 -2 -2 -1    6   9   5  12   1   8   8   8   4   2   4   8   2   3   6   6   3   1   1   4  0.15 0.16
  153 I    3 -1 -4 -2  4 -2 -4 -3 -4  1  0 -1  1 -3 -1  2 -1 -4 -5  0   26   3   1   3   9   1   1   2   0   9   9   4   4   1   4  15   3   0   0   7  0.41 0.34
  154 L   -2  0 -2 -5 -2 -2  0 -5 -3  2  3 -2  1  0 -3 -1  0 -3  0  2    3   4   2   0   1   2   6   1   1  11  29   3   3   4   1   4   5   0   3  16  0.39 0.29
  155 L    0 -4 -3 -2 -2 -4 -5 -1 -6  3  2 -4 -1  2 -2  1  0 -2 -3  3    8   1   1   3   1   1   1   5   0  17  18   1   1   7   2  10   5   1   1  18  0.40 0.30
  156 L    1 -2 -4 -1  2 -3 -3  0 -3  2  0 -3 -1  0 -4  0  1 -1 -1  3   11   3   1   3   4   1   1   8   1  11   8   2   2   4   0   7   8   1   2  22  0.26 0.22
  157 A    1 -3 -2 -5  1 -3  3 -1 -3 -1 -4 -2 -1 -1 -3  1  5 -7 -1 -2   13   2   2   0   3   1  17   5   1   3   2   3   1   2   1   8  31   0   2   3  0.60 0.48
  158 Y    0 -1 -2 -1 -3 -1  0  3  0 -2 -3 -2 -3  0 -2  1  2  3  2 -1    6   3   2   3   1   2   8  21   2   3   2   2   0   3   2  12  12   3   7   5  0.26 0.24
  159 F    0  0 -1 -2 -1 -2 -2  1 -1 -1 -1 -3 -2  4 -1  1  0  2  0  1    8   5   3   2   1   2   2  12   1   3   7   1   1  19   3  10   6   3   3   9  0.24 0.20
  160 S    0  0 -2 -3 -4 -2  1  2  5 -4 -4 -4 -4 -4  3  3  0 -6 -1 -2    7   5   2   2   0   2   8  13  12   1   2   1   0   1  13  20   6   0   2   3  0.50 0.40
  161 R   -1  2 -1 -1 -2 -1 -1 -1  4 -4 -3  0 -3  0  0  3 -1 -3  3  0    6  10   2   3   1   3   4   5   8   1   3   6   1   4   4  19   4   0  11   6  0.29 0.28
  162 S    0  3  0  1 -2  0  1 -1  3 -4 -4  0 -2 -4 -1  3 -1 -7 -3 -3    8  18   4   8   1   3   8   6   6   1   2   4   1   1   4  20   3   0   1   2  0.39 0.34
  163 K   -1  4 -2 -1 -5  0  0 -2  6 -2 -3  0 -1 -1  1  0 -3  3 -1 -3    6  20   2   4   0   4   6   4  18   2   2   6   2   3   6   7   2   4   2   2  0.52 0.39
  164 L    1  1  0  0 -2  0  0  2  2 -1 -1 -1  0 -2 -2  2  0 -1 -3 -1   12   6   3   6   1   4   5  14   5   3   6   4   2   1   2  15   6   1   1   3  0.14 0.16
  165 P    0  0  1  3 -4  0  0 -1  2 -3 -2 -1 -4 -3  3  0  0 -4 -2 -1    8   5   7  16   0   4   6   5   5   2   4   4   0   1  14   6   6   0   1   5  0.26 0.24
  166 N    0  0  4  1 -3  3  1 -2  3 -4 -2  1 -3 -3 -2  0 -1 -6 -2 -1    7   6  16   8   1  12   8   3   6   1   4   7   1   1   2   7   4   0   1   5  0.30 0.27
  167 L    2  0 -1 -1 -4 -1 -1 -1 -2  1  1 -2  2  0 -3  1 -1  1 -1  1   16   5   3   3   0   3   4   5   1   7  15   2   5   4   1  11   3   2   2   9  0.11 0.14
  168 K    0  2  0  1 -1  2  2 -2  2 -3 -1  2 -4 -4 -1 -1 -1 -4 -4  0    9  10   5   7   1   7  14   3   5   1   5  11   0   1   3   4   4   0   0   6  0.23 0.22
  169 L    0  0 -1 -1 -2  1  0 -1  0  1  1 -1  1 -2 -2  1  0 -2 -3  1   10   4   3   4   1   6   6   4   3   9  15   3   4   1   2   9   6   0   0  10  0.07 0.10
  170 F    1 -1 -3 -2 -1 -1 -2 -4 -5  1  2 -1  1  4 -3  0 -2 -1 -1  0   12   3   1   3   2   3   2   1   0   8  19   4   4  18   2   7   2   1   2   7  0.30 0.23
  171 F    1 -1  0 -2  1  1  0  0 -2  0  0  1  0  0 -2  0  1 -2 -2  0   15   2   5   2   3   6   6   6   1   6  11   9   2   5   1   5   9   1   1   5  0.07 0.11
  172 E    0  1  0  1 -3  0  3 -1  0  0 -1  1 -2 -4 -2  0  0 -2 -2 -1    9   7   4   9   1   4  19   5   3   6   6   8   1   0   2   6   4   0   1   4  0.16 0.18
  173 K    0  0  0  0 -2 -1 -1 -1 -1  0  2  2  1  0 -2  0 -1 -3 -1  0   10   5   4   4   1   3   3   3   2   3  21  13   4   5   1   7   2   0   2   8  0.08 0.13
  174 I    1 -2 -2 -3 -2 -2 -3  0 -3  1  2 -2  2  1 -2  0  1 -1 -1  1   12   2   1   1   0   1   1   8   0   9  20   2   5   5   2   7   9   1   1  12  0.17 0.18
  175 G    1  0 -1  0  0  1  0  2  0  0 -2  0  0 -2  1  0 -1 -4 -3 -1   14   6   2   5   2   6   6  18   2   5   3   6   3   2   8   4   3   0   0   3  0.15 0.16
  176 Q    0  2  1 -1 -2  1  1 -1  1 -1 -1  1  1 -2  0  0  1 -2 -2 -1   10  11   8   3   1   7   8   4   3   5   5  10   4   2   4   4   9   0   1   3  0.10 0.13
  177 G    1 -1 -1 -1  2 -1 -1  1 -1 -1 -1  1 -1 -2  1  1  1 -2 -1  1   12   2   2   3   6   1   2  11   2   3   4   9   1   2   6   8  10   0   2  13  0.10 0.14
  178 Y    1  2 -2 -1 -1  0  0  0  4 -2  0  0  0  0 -1 -1  0  1  1 -1   12  12   1   3   1   4   4   6  12   1   8   4   3   4   3   4   6   2   5   5  0.13 0.16
  179 K    0  1 -1  2 -5 -3  0  4 -2 -1 -4  0 -3 -5  1  2 -1 -2 -5 -2    6   7   2  11   0   0   5  28   1   4   1   6   1   0   6  14   4   1   0   3  0.40 0.32
  180 I   -2 -5 -4 -4 -2 -3 -4 -6 -4  3  2 -4  1  0 -2 -2 -1 -2 -1  5    3   0   1   1   1   2   1   0   1  17  16   1   3   4   3   3   4   1   2  37  0.69 0.43
  181 R   -3  6 -2 -3 -3 -1  0 -4 -2  1 -1  1 -4 -1 -1 -2  0 -5 -4 -1    1  46   2   1   1   3   5   2   1   8   5   6   0   3   3   3   6   0   1   4  0.83 0.51
  182 S    0  4 -1 -2  0 -1 -2 -3  0 -1 -2  0  2 -3 -1  2 -1 -4 -1  1    9  27   3   2   2   2   2   2   2   3   3   5   6   1   3  14   3   0   2  10  0.35 0.30
  183 L    0 -2 -1 -2 -1 -3 -3 -1 -2  1  2 -3  3  1  1 -1 -1 -3  2  2    7   2   3   3   1   1   1   4   1   8  18   0  10   5   6   5   3   0   7  16  0.23 0.21
  184 G   -2 -5 -1  1 -5 -3 -4  7 -1 -5 -5 -4 -5 -4 -4 -2 -3  1 -1 -4    3   0   3   7   0   1   1  68   2   1   1   1   0   1   1   3   1   2   2   1  1.50 0.73
  185 S    3 -5 -2 -2  1 -2 -4  2 -5 -5 -5 -3 -5 -4 -4  5 -2 -6 -3 -4   19   0   2   3   3   2   1  13   0   0   1   1   0   1   1  48   2   0   1   1  1.00 0.64
  186 A    5 -4 -4 -1  1  1 -2  0 -3 -1 -3 -2 -2 -2 -2  1 -1 -5 -3  0   43   1   0   4   3   6   2   8   1   4   2   2   1   2   2   9   3   0   1   6  0.55 0.40
  187 S    4 -2 -2 -3  2 -1 -4  3 -1 -3 -2 -1 -4 -4 -3  1  0 -1 -3 -2   38   2   1   2   4   2   1  19   1   1   4   3   0   0   1  11   5   1   1   3  0.59 0.41
  188 L   -2 -3 -1 -2  0 -3 -3 -3  0  1  4 -1  1  0 -4 -3 -2 -3  4  1    3   1   3   2   2   1   2   2   2   8  36   3   3   2   1   2   2   0  13   9  0.45 0.29
  189 D   -1  0  2  4 -4  0  1 -2  1 -4 -4  4  1 -3 -3  0 -2 -5 -3 -3    5   4   8  22   0   3   7   3   3   1   1  24   4   1   1   7   1   0   1   2  0.52 0.36
  190 M   -2 -3 -3 -5 -3 -4 -4 -4 -2  2  3 -4  3  2 -3 -3 -2  2  4  2    3   2   1   1   0   1   1   1   1  11  30   1   7   7   1   1   3   3  13  13  0.57 0.34
  191 I    3 -3 -2 -4  7 -1 -3 -1 -4  0  0 -1  0 -3 -4  0 -1  1 -4 -1   28   1   2   1  22   2   2   4   0   5   9   5   2   1   1   6   4   2   0   3  0.58 0.37
  192 L    0  0 -2 -1 -1  1 -1 -2  3 -2  1  0  3  0 -3  0 -1  2  4 -2   10   4   1   4   1   6   2   3   9   1  12   5   8   3   0   7   3   3  15   2  0.23 0.23
  193 V    0 -4 -3 -5 -1 -4 -4 -2 -4  2  2 -2  0 -2 -4 -2 -1 -4  0  5    6   0   1   0   1   0   0   4   0  10  22   3   1   1   0   2   4   0   3  40  0.61 0.39
  194 C    5 -4 -2 -3 -1 -2 -2 -2 -4  0  0 -2 -1 -1 -4  0 -2 -5 -4  0   55   0   2   1   1   2   2   3   0   5  10   3   1   2   0   5   1   0   0   6  0.72 0.48
  195 T    2  2 -1  0  1  1  2 -2 -1 -2  0 -1  1 -3 -3  1  0 -4 -3 -2   19  14   2   6   3   6  15   2   1   3   8   2   3   1   0   9   7   0   0   1  0.22 0.24
  196 G   -1 -3 -1 -3 -6 -3 -1  7 -5 -6 -3 -3 -5 -6 -5 -2 -2 -6 -6 -6    4   1   3   2   0   1   4  74   0   0   3   1   0   0   0   3   2   0   0   0  1.61 0.76
  197 R    0  3  1  0 -1  1  1 -1  1 -1 -1  1 -1 -2 -1  0  0  0 -1 -1    6  18   6   6   1   7   8   5   3   5   5   7   1   2   3   7   4   1   2   4  0.11 0.12
  198 A    4 -3 -2 -2  0 -2 -3  1 -1 -1  1 -3  0  1 -4  0 -1 -1  1  1   35   1   1   2   2   1   1  10   1   2  12   0   2   6   0   6   4   1   4   8  0.31 0.29
  199 T   -3 -3 -1  7 -1 -2  0 -2  1 -4 -3 -3 -5 -6 -1 -1  0 -6 -5 -4    2   1   2  57   2   2   5   3   4   1   2   1   0   0   4   5   6   0   0   1  1.16 0.62
  200 M    4 -3 -4 -4  1 -4 -4  2 -4  2  1 -4  1 -1 -4 -2 -2 -4 -4  1   35   1   0   0   3   0   0  16   0  13  12   0   3   3   0   2   2   0   0  11  0.49 0.35
  201 F   -3 -5 -5 -6 -2 -5 -4 -4  0 -3 -4 -3 -1  4 -6 -5 -2  3  9 -1    3   0   0   0   1   0   1   1   2   1   1   1   2  14   0   0   3   3  61   5  1.86 0.82
  202 F   -1 -3 -5 -5 -1 -3 -5 -5 -2  2  1 -4  0  3 -1 -4 -4  7  3  3    5   1   0   0   1   1   1   1   1  12  15   1   2  11   3   1   0  13   9  22  0.70 0.39
  203 D   -2  2 -2  1 -5  0  4 -2  5 -4 -4 -1 -3  1 -2  0 -1 -5 -1 -3    3  12   1   6   0   4  29   3  14   1   1   3   1   7   2   7   3   0   2   2  0.56 0.38
  204 I    0 -1 -2 -2  1 -1 -2 -2  0  1  1 -1  1  1  1 -1  0 -2  2  1   11   3   1   2   3   2   2   2   2   8  16   4   4   6   7   3   8   0   7   8  0.09 0.09
  205 R   -1  2  0 -1  0  0  0  1 -1 -2 -2 -1 -1 -1  2  2  1 -3 -1 -2    5  11   4   3   2   3   5  11   1   2   3   3   2   2  11  18   8   0   2   3  0.17 0.14
  206 G    0  0  0 -2  0 -1 -1  2  1 -1 -1 -1 -1  0  2  0  0  0  2  0    7   4   4   1   2   2   3  15   4   3   7   3   1   4  10   7   8   1   8   6  0.10 0.10
  207 K   -1  2  0 -1  0 -1 -1  4  0 -3 -3  2 -2 -2 -1  0 -1 -4 -2 -3    4  11   3   4   2   2   4  32   2   2   3  11   1   2   3   7   4   0   1   1  0.36 0.24
  208 L   -1 -3 -4 -3  5 -1  0 -2 -4  2  3 -2  1 -2 -2 -1  0 -1 -3  0    5   1   0   1  13   2   8   3   0  12  30   3   3   1   2   4   5   1   1   5  0.37 0.26
  209 R   -1  0  1 -3 -1 -1 -3 -2  3 -5 -3  5 -1 -4 -3  0 -3  5  0 -5    5   5   8   1   2   2   0   3   7   0   3  40   1   0   1   8   1   7   3   0  0.71 0.46
  210 N    0 -2 -2 -1 -1 -3  1 -3 -4  3 -1  2 -2 -3  4 -1 -2 -5 -2  0    8   2   1   3   1   0   9   1   0  21   4  16   0   1  19   3   2   0   1   5  0.43 0.33
  211 V   -8 -6 -9 -5 -8 -8 -5 -6 -1 -5 -7 -8 -7 -5 -9 -8 -6 13  2 -2    0   1   0   1   0   0   1   1   2   1   0   0   0   0   0   0   1  84   5   3  4.33 1.60
  212 D   -5 -7 -2  9 -9 -6 -2 -7 -1 -8 -9 -6 -8 -9 -7 -6 -4 -9 -8 -8    1   0   2  92   0   0   2   0   1   0   0   0   0   0   0   0   1   0   0   0  2.94 1.20
  213 I   -4 -5 -2 -5  0 -4 -3 -6  7  3 -1 -5  2  1 -3 -3  1  2  2  2    0   0   2   0   2   0   1   0  26  15   6   0   5   5   2   2  10   2   6  15  0.78 0.47
  214 A    6 -6 -6 -6  7 -5 -5 -3 -2 -5 -3 -4 -2 -6 -3 -2 -2 -6 -4 -3   64   0   0   0  20   0   0   2   1   0   3   1   1   0   1   2   2   0   1   1  1.58 0.77
  215 A    7 -6 -6 -6 -5 -5 -5  0 -6 -6 -3 -5 -5 -6  1 -2 -3 -7 -6 -3   78   0   0   0   0   0   0   7   0   0   3   0   0   0   7   2   1   0   0   1  1.68 0.83
  216 S    1 -6 -4 -4 -1 -5 -5  6 -4 -4  0 -5 -1 -2  2 -3 -2 -6 -6 -2   10   0   0   1   1   0   0  59   0   1   9   0   1   2  11   1   2   0   0   3  1.18 0.60
  217 S    1 -2  0  0 -1  0  1 -2  1  0 -2 -1  0 -1 -2  1  0  3 -1  1   15   1   5   6   1   4  11   2   4   7   2   3   3   2   1  10   4   4   2  13  0.11 0.15
  218 N    3 -5 -3 -2  2 -3 -4 -3 -2  2  3 -4 -1 -1  0 -3 -3 -5 -4  2   25   0   1   2   4   1   1   1   1  12  30   0   0   2   5   1   0   0   0  14  0.50 0.36
  219 F   -3 -4 -7 -7  0 -6 -7 -7 -4  6  3 -6  1  1 -4 -6 -4 -6 -4  3    1   1   0   0   2   0   0   0   1  42  31   0   2   4   1   0   0   0   0  15  1.19 0.57
  220 C    1 -5 -6 -6  1 -1 -5 -5 -3  2  3 -5 -1  0 -5 -4 -2 -5 -2  4   10   0   0   0   3   3   0   1   1  11  30   0   0   3   0   0   2   0   1  35  0.76 0.44
  221 S   -1  3  0 -2 -5  3  3 -4  2 -5 -2  1 -2 -5 -4 -1  2 -1 -3 -3    4  17   3   1   0  11  23   1   4   0   4   8   1   0   0   4  15   1   1   2  0.50 0.37
  222 R    2 -1 -2 -2 -3 -1  6 -1 -2 -5 -6 -2 -3 -5 -5 -2 -3 -6 -6 -1   20   2   1   1   1   2  59   4   1   0   0   1   0   0   0   2   2   0   0   4  1.23 0.68
  223 L    6 -5 -3 -5 -2 -3 -4 -4 -5 -2  1 -5 -2 -4 -5  0 -1 -6 -5 -1   68   0   1   0   1   1   0   0   0   2  11   0   1   0   0   5   4   0   0   5  1.22 0.67
  224 G   -5 -5 -2 -4 -7 -4 -7  7  3 -9 -9 -5 -7 -8 -7 -5 -6 -7 -7 -8    0   1   2   1   0   1   0  90   6   0   0   1   0   0   0   0   0   0   0   0  2.48 0.99
  225 V   -1 -7 -5 -6  0 -4 -6  7 -6 -6 -1 -6 -3 -5 -6 -4 -6 -7 -7 -3    5   0   0   0   2   1   0  80   0   0   8   0   1   1   0   1   0   0   0   2  1.90 0.81
  226 I   -1  0 -2 -3 -1 -1 -1 -3  1  1  0  1  1  2 -4 -1  0 -1  0  2    5   6   1   1   1   3   3   1   4   9   8  12   3   9   0   3   7   1   2  20  0.16 0.17
  227 P    0 -4 -5 -6  1 -5 -5 -5 -2  3  1 -5  3  0  1 -2 -3 -5 -3  5    7   1   0   0   3   0   0   0   1  13  11   0   8   4   9   2   1   0   1  40  0.72 0.41
  228 Y   -3 -1 -2 -5  0 -3 -3 -2 -2 -2 -2 -3 -3 -1 -5  1  6 -5  3 -1    1   3   1   0   2   1   1   3   1   2   4   1   0   2   0  12  54   0   9   3  0.97 0.57
  229 D   -2 -1  1  7 -4 -1 -1 -1  1 -6 -5 -3 -3 -6 -3 -2  1 -7 -6 -6    3   4   6  59   0   3   2   4   3   0   1   1   1   0   1   2  10   0   0   0  1.27 0.61
  230 I    1 -3 -4 -5 -3 -3 -3 -1 -2  3  3 -4  2  3 -2 -2 -1  3 -1  0   11   1   0   0   0   1   1   4   1  17  27   0   6  12   1   2   3   4   2   6  0.39 0.26
  231 G    1  0  1  3 -2 -1  0  0  3 -3 -2  0  0 -1 -2  0  0 -1  0 -3   12   5   6  22   1   2   3   7   7   0   4   6   3   3   1   5   7   1   4   1  0.21 0.19
  232 L    0 -5  0 -2 -2 -4 -4  7 -3 -5 -3 -3 -5 -5 -3 -1 -5 -6 -6 -3    7   0   4   2   1   1   1  70   1   1   3   1   0   0   1   4   0   0   0   2  1.43 0.63
  233 R   -1  3  2  0 -5  2  2  0  0 -3 -4  2 -4 -5 -2  1 -1 -5 -3 -4    4  17  12   4   0  11  13   7   2   1   1  12   0   0   1  11   2   0   0   1  0.42 0.29
  234 K   -1  2 -1  1 -4  1  1 -3  1 -2 -3  1 -3 -4  4 -1 -1 -5 -4  1    6  13   2   7   0   6  10   1   3   2   2   7   0   0  24   3   3   0   0  10  0.42 0.28
  235 I   -3 -2 -4 -3 -4 -4 -3 -5 -2  3  3 -4  1  3 -2 -3 -2  2  2  0    1   2   0   2   0   0   1   1   1  17  35   0   3  14   2   2   2   3   7   6  0.57 0.33
  236 K   -1  1  1  3 -2 -1 -1 -2  1  0  1 -1 -2 -1 -3 -1  0 -3 -1  0    4  11   8  22   1   2   2   2   4   6  16   4   0   2   0   2   5   0   2   7  0.19 0.19
  237 S    2 -4 -3 -1 -4 -4 -3 -1 -2 -2  0 -4 -1  4  0  0 -3  1  5 -1   18   0   1   4   0   0   1   6   1   2  10   0   1  17   5   6   1   2  22   3  0.48 0.34
  238 S    0 -1  2 -1 -3 -1  1  3 -1 -4 -2  0 -3 -1 -2  2  0 -4 -1 -2    7   2   9   3   0   2   9  22   1   0   3   6   0   3   1  19   7   0   2   3  0.26 0.22
  239 L    0  1  0  0 -1  0 -1 -1  0  0  0  2 -1 -2  0  0  0 -3 -1  0   10   8   5   5   1   3   2   3   2   5   9  18   0   1   5   8   6   0   1   9  0.08 0.11
  240 T    1  0  0  1 -4 -2 -1  4  1 -4 -3 -2 -2 -4 -1  0  1 -5 -4 -3   11   6   3   8   0   1   3  37   3   0   2   1   1   0   2   7  11   0   0   1  0.49 0.31
  241 E   -1  3  2  1 -2  0  1  3 -1 -4 -3 -1 -2 -4 -1  1 -1 -5 -3 -3    5  19   9   8   1   4  10  22   1   0   2   1   1   0   2  11   3   0   0   1  0.36 0.27
  242 V   -2  1 -2 -1 -2 -2  0 -2 -2  1  0  0  1 -1 -1  0  2 -1 -1  2    1   8   1   2   1   1   5   2   1  10   6   6   3   2   3   6  16   1   3  21  0.14 0.17
  243 S    0 -1 -2 -2 -1 -1 -1 -2 -1  1  2 -1  0 -2  2  0 -1 -4 -1  2    8   3   1   2   1   3   3   3   2   6  25   4   2   1  13   6   1   0   2  14  0.18 0.17
  244 V    1 -1  1  0 -2  0  0 -1 -1  2  0 -1 -1 -1 -2  0  0 -3  0  2   11   2   9   5   1   6   4   3   1  15  10   4   1   1   1   4   5   0   3  15  0.07 0.11
  245 V    1  0  1  0 -3  0  0 -1  4 -1 -1 -1 -2 -3 -2  1  1 -2 -2  0   12   6   8   5   0   2   7   3  11   3   6   2   1   1   1  13  11   0   1   6  0.15 0.16
  246 K   -1  0  5  3 -3 -1  1  1 -1 -5 -4  0 -2 -2 -1  0  0 -5 -4 -3    5   4  26  16   1   2   7  12   1   0   1   6   1   2   3   6   7   0   0   2  0.45 0.29
  247 D    1  1  0  2  1  1  1  2 -1 -3 -3  1 -3 -2 -1  0 -1 -2 -1 -2   11   7   4  13   3   8   9  14   1   1   1   9   0   2   2   6   4   0   2   2  0.19 0.16
  248 L   -2 -2 -2 -4 -4 -4 -4  3 -3  1  2 -4  0  1 -1 -3 -3 -1  3  1    2   2   1   0   0   0   0  23   0   9  24   0   2   7   4   1   1   1  12  11  0.42 0.28
  249 V   -3 -2 -3 -5 -2 -4 -4  1 -3  4  1 -4 -1  0 -5 -4 -2 -5 -2  4    0   2   1   0   1   0   1  14   1  25  14   0   1   4   0   0   2   0   1  34  0.69 0.39
  250 I    3 -1 -1 -2 -3  0 -1 -2 -1  3 -1  0 -1 -2 -4 -1 -2 -4 -2  2   31   3   2   2   0   5   4   2   1  17   5   5   1   1   0   2   0   0   1  18  0.34 0.29
  251 S    4 -1 -3 -4  2 -3 -2 -1 -4 -2 -2 -1 -2 -5 -2  2  0 -5 -4  1   44   2   1   0   4   1   2   3   0   1   2   4   1   0   1  17   5   0   0  12  0.59 0.41
  252 L    3 -2 -3 -3  1 -3 -4  0 -2  2  3 -3  0 -2 -2  0  0 -4 -2  0   25   2   1   1   3   1   0   7   1  11  28   0   2   1   2   5   5   0   1   5  0.30 0.26
  253 D    0  0  2  2 -4  0  0 -1  3 -4 -3  0 -1 -3  4  0 -1 -1 -3 -3    8   5  12  12   0   3   5   5   9   1   3   4   2   1  21   5   4   1   0   2  0.39 0.26
  254 E    0 -2  0  1 -5  1  3 -1 -2 -3 -5  1 -4 -6  5  0 -2 -6 -5 -3    7   1   5   8   0   6  18   5   1   1   0   9   0   0  31   5   1   0   0   2  0.68 0.39
  255 S    2  0  0 -1 -3  0  1  0  1 -2 -3  0 -2 -3 -1  1  2 -1  0 -2   21   3   3   2   0   3  11   8   4   2   1   7   1   0   2  12  14   1   3   2  0.20 0.20
  256 L   -2 -3 -3 -6 -3 -4 -5 -3 -2  3  4 -5  2 -2 -4 -4 -3 -2 -2  3    3   2   1   0   0   0   0   3   1  19  45   0   5   1   1   0   0   0   1  17  0.74 0.39
  257 L   -1 -1 -3 -2 -4 -1 -3 -4  6  1  2 -1  1  2 -4 -1 -3 -3  1  0    4   4   0   2   0   2   0   1  24   7  26   3   4   9   0   4   1   0   4   5  0.51 0.32
  258 R    0  3  1  3 -4  1  1 -1  0 -4 -3  1 -3 -4  0  0  1 -1 -4 -3    7  18   6  16   0   7   9   3   2   0   2   8   0   0   3   7  10   1   0   1  0.34 0.24
  259 S    2  1 -2  3 -4  2  1 -2 -2 -2 -2  2 -3 -4 -2  0  0  0 -3 -2   22   7   0  17   0   9   8   1   0   2   3  15   0   0   1   7   5   2   0   1  0.32 0.26
  260 F   -1 -4 -5 -5 -3 -4 -4 -4 -5  2  3 -3  2  2 -5 -4 -1  0 -1  4    5   1   0   0   0   0   1   1   0  10  34   1   5   8   0   0   2   1   2  29  0.63 0.34
  261 S    1  0 -1 -2 -3  0 -1 -2  1  1  2  0 -1 -2 -1  2 -1 -4 -2  0   13   5   2   1   0   4   2   1   3  12  20   6   1   0   3  19   2   0   1   6  0.14 0.17
  262 L   -1 -1  0  5 -5  0  3 -3  1 -4  0  0 -1 -2 -1 -1 -1 -5 -4 -3    5   2   4  37   0   4  17   1   3   0  10   4   2   2   3   2   3   0   0   1  0.53 0.30
  263 A    4 -3 -4 -4 -1 -3 -2 -1 -4  1  2 -3  0 -3 -3  0 -1  1 -3  1   38   1   0   0   1   0   2   3   0   8  23   0   2   0   0   6   3   2   0  11  0.42 0.29
  264 L   -2 -2 -5 -5 -3 -4 -2 -5 -5  3  4 -3 -1  0 -5 -4  0 -4 -3  3    2   2   0   0   0   0   3   0   0  16  47   1   0   3   0   0   7   0   0  20  0.69 0.34
  265 Q    2  2 -2 -1 -5  5  2 -2  0 -5 -5  3 -3 -5 -3  0 -1 -5 -4 -3   16   9   0   3   0  28  11   2   2   0   0  21   0   0   0   6   2   0   0   1  0.64 0.36
  266 T    1  0  0  0 -3  1  3  0 -2 -3 -3  0 -3 -4 -1  1  3 -4 -3 -2   13   4   2   4   0   6  20   6   0   0   0   5   0   0   2  11  25   0   0   2  0.33 0.20
  267 V   -3 -5 -5 -6 -3 -5 -5 -6 -5  3  0 -5 -1 -3 -5 -4 -2 -5 -3  6    0   0   0   0   0   0   0   0   0  14   5   0   0   0   0   0   0   0   0  80  1.34 0.43

                      K         Lambda
Standard Ungapped    0.1366     0.3179
Standard Gapped      0.0410     0.2670
PSI Ungapped         0.1426     0.3175
PSI Gapped           0.0436     0.2670
