
Last position-specific scoring matrix computed, weighted observed percentages rounded down, information per position, and relative weight of gapless real matches to pseudocounts
            A   R   N   D   C   Q   E   G   H   I   L   K   M   F   P   S   T   W   Y   V   A   R   N   D   C   Q   E   G   H   I   L   K   M   F   P   S   T   W   Y   V
    1 M    -3  -4  -5  -6  -4  -3  -4  -5  -4  -1   0  -4  10  -2  -5  -4  -3  -4  -3  -1    0   0   0   0   0   0   0   0   0   0   0   0 100   0   0   0   0   0   0   0  2.29 0.46
    2 V    -1  -3  -2  -3   0  -2  -3  -4  -4   0  -1  -2   3  -3   2  -1   3   0  -3   4    1   0   1   0   2   0   0   0   0   1   0   1   9   0  12   3  28   1   0  40  0.48 0.19
    3 F     0  -2  -3  -4  -2  -2  -3  -3  -3   0   3  -3   6  -1  -2  -1  -1  -3  -2   2   10   1   1   0   0   0   0   1   0   1  36   0  30   0   1   3   3   0   1  13  0.48 0.18
    4 V    -2  -2   1  -4  -3  -1  -3  -4  -2   1   3  -2   6  -1  -4  -2  -1  -3  -2   0    0   1   8   0   0   3   0   0   1   5  34   2  37   2   0   1   3   0   0   4  0.57 0.20
    5 N    -4  -3   3   7  -6  -2   0  -3  -3  -5  -6  -3  -5  -6  -4  -2  -3  -6  -5  -5    0   0  13  84   0   0   2   0   0   0   0   0   0   0   0   0   0   0   0   0  1.69 0.34
    6 P    -2  -3  -3  -3  -3  -3  -3  -4  -4   0  -2  -3  -2  -4   6  -1   4  -5  -4   1    1   0   0   0   0   0   0   0   0   4   2   0   0   0  49   1  32   0   0  10  1.16 0.26
    7 L    -3  -4  -5  -6  -3  -4  -5  -6  -5   1   6  -4   1  -1  -5  -4  -3  -3  -3   0    0   0   0   0   0   0   0   0   0   5  93   0   0   0   0   0   0   0   0   2  1.19 0.29
    8 A     6  -3  -2  -3  -2  -2  -2  -2  -3  -3  -3  -2  -3  -4  -3   3   0  -4  -4  -2   74   0   1   0   0   0   0   0   0   0   0   0   0   0   0  23   2   0   0   0  0.95 0.28
    9 N    -3  -3   8   3  -5  -2  -2  -3  -2  -5  -6  -2  -4  -5  -4  -1  -2  -6  -4  -5    1   0  80  17   0   0   0   0   0   0   0   0   0   0   0   1   0   0   0   0  1.60 0.36
   10 A     5  -3  -3  -3   0  -3  -3   2  -2  -3  -1  -2   0  -4  -3  -1  -1  -4  -3  -2   72   0   0   0   2   0   0  13   1   0   7   0   2   0   0   0   2   0   0   1  0.75 0.24
   11 L    -3  -4  -5  -5  -3  -4  -5  -5  -4   0   5  -4   4   2  -5  -4  -3  -3  -2  -1    0   0   0   0   0   0   0   0   0   1  78   0  13   8   0   0   0   0   0   0  1.03 0.27
   12 T     2  -2   0  -2  -2  -2  -2  -2  -3   0  -3  -2  -1  -3  -2   3   4  -4  -3   0   18   0   5   0   0   0   0   0   0   5   0   0   1   0   0  33  33   0   0   6  0.50 0.20
   13 S     1  -2   2  -2  -2  -1  -2  -3   0  -1  -3  -2   0  -4  -3   1   5  -4  -3  -1   12   0  13   0   0   1   0   0   2   4   0   0   2   0   0   8  54   0   0   4  0.60 0.22
   14 I    -3  -5  -5  -5  -3  -4  -5  -6  -5   7   1  -5   2  -2  -5  -4  -3  -4  -3   1    0   0   0   0   0   0   0   0   0  83  10   0   5   0   0   0   0   0   0   2  1.25 0.31
   15 Y    -2   1  -1  -2  -3   1  -2  -3   0   0   0   2   4   0  -3  -2   0   1   4   0    1   8   3   1   0   7   0   0   2   5   4  19  17   1   0   1   4   2  22   4  0.29 0.15
   16 N    -4  -3   8  -1  -5  -2  -2  -3  -2  -6  -6  -2  -5  -6  -4  -2  -2  -6  -5  -5    0   0  98   0   0   0   1   0   0   0   0   0   0   0   0   0   1   0   0   0  2.08 0.43
   17 N     2  -2   6  -1   2  -2  -2  -2   0  -4  -4  -2  -3  -4  -3   1  -1  -5  -4  -3   25   1  56   0   5   0   0   0   1   0   0   0   0   0   0  11   1   0   0   1  0.88 0.26
   18 E    -3  -2  -2   0  -6   0   7  -4  -2  -6  -5  -1  -4  -6  -3  -2  -3  -5  -4  -5    0   0   0   1   0   0  97   0   0   0   0   1   0   0   0   1   0   0   0   0  1.75 0.40
   19 M     0   1  -2  -3  -3  -1   0  -3  -2   1   1   0   6  -2  -3   0   0  -3  -2   1    7   8   1   1   0   0   6   0   1   6  14   4  33   0   0   6   3   0   0  10  0.31 0.15
   20 R    -2   7  -2  -3  -4   1  -2  -4  -2  -1  -2   0  -1  -4  -4  -2  -1  -4  -3   1    1  69   0   0   0   6   0   0   0   3   2   2   1   0   0   1   3   0   0  13  1.00 0.28
   21 R     0   3   2  -2  -4  -2  -2   5   2  -4  -4   0  -3  -4  -3  -1  -2  -4  -2  -3    7  22  12   0   0   0   0  46   5   0   0   3   0   0   0   3   0   0   1   2  0.65 0.19
   22 N    -2   1   3  -2  -5   0  -1  -3   2  -5  -4   6  -3  -5  -3  -2  -2  -5  -3  -4    1   3  15   0   0   2   1   0   6   0   1  72   0   0   0   0   0   0   0   0  1.05 0.29
   23 K    -2   4   0  -1  -4   0   0  -1   1  -4  -4   4  -3  -4   1   0  -1  -4  -3  -3    1  32   4   3   0   1   1   3   3   0   0  34   0   0   7   7   1   0   0   0  0.58 0.18
   24 Q    -3   0  -2   1  -5   2   6  -3  -1  -5  -4   0  -3  -5  -3  -1  -1  -5  -4  -3    0   2   0   4   0   9  73   0   1   0   0   3   0   0   0   3   3   0   0   1  1.10 0.29
   25 A     1  -5  -5  -5  10  -4  -5  -4  -5  -1  -3  -4  -3  -4  -4  -3  -2  -4  -4   3   14   0   0   0  62   0   0   0   0   1   0   0   0   0   0   0   0   0   0  22  1.66 0.34
   26 I    -2  -4  -4  -4  -3  -4  -3  -5  -4   5   1  -3   0  -1  -4  -3   0  -3   1   3    0   0   0   0   0   0   1   0   0  51  11   1   1   0   0   1   4   0   5  25  0.65 0.20
   27 I    -3  -5  -5  -5  -3  -4  -5  -5  -5   6   1  -4   0  -2  -4  -4  -1  -4  -3   3    0   0   0   0   0   0   0   0   0  72   5   0   0   0   0   0   2   0   0  21  1.10 0.28
   28 M     0  -1  -1  -2  -1  -1  -2  -3   1  -1  -1   1   3  -1  -2   2   0   6   3  -1    7   2   2   1   1   0   1   0   3   3   2  10  12   0   1  18   6  13  15   3  0.31 0.14
   29 P    -3  -5  -4  -4  -5  -3  -4  -5  -5  -3  -5  -3  -5  -6   9  -3  -3  -6  -5  -4    0   0   0   0   0   1   0   0   0   1   0   0   0   0  97   0   0   0   0   1  2.78 0.45
   30 A     6  -3  -3  -3  -2  -3  -3  -1  -3  -3  -3  -3  -3  -4  -3   1  -1  -5  -4  -1   85   0   0   0   0   0   0   2   0   0   0   0   0   0   0   9   1   0   0   3  1.08 0.31
   31 S    -1  -3   0  -2  -3  -2  -2  -2  -3  -5  -5  -2  -4  -5  -1   7  -1  -5  -4  -4    0   0   2   0   0   0   0   0   0   0   0   0   0   0   2  96   0   0   0   0  1.43 0.39
   32 K    -2   1   0  -3  -5  -1  -1  -3  -1  -5  -5   7  -3  -5  -3  -1  -3  -5  -4  -4    1   4   4   0   0   0   0   1   1   0   0  87   0   0   0   3   0   0   0   0  1.35 0.34
   33 L    -3  -4  -5  -6  -3  -4  -5  -6  -5   0   6  -4   2   1  -5  -4  -3  -3  -2  -1    0   0   0   0   0   0   0   0   0   2  89   0   3   6   0   0   0   0   0   1  1.13 0.29
   34 V    -1  -4  -4  -4  -1  -4  -4  -5  -4   6   2  -4   1  -1  -4  -2  -1  -4  -3   2    3   0   0   0   1   0   0   0   0  60  15   0   2   0   0   3   3   0   0  12  0.73 0.21
   35 I     2  -2  -2  -3  -3  -2  -1   5  -3   1  -1  -2  -1  -3  -3   0  -2  -3  -1  -1   20   1   0   0   0   1   4  48   0  10   4   0   1   0   0   8   0   0   2   2  0.52 0.16
   36 N     0   3   4   0  -4   1   2  -2   3  -4  -3   1   0  -3  -3   0  -1  -4  -1  -3    6  20  30   1   0   7  13   1   8   0   0   4   3   0   0   5   0   0   2   0  0.45 0.16
   37 V    -2  -4  -5  -5  -1  -4  -4  -5  -5   1  -1  -4  -1  -3  -4  -3   0  -5  -3   7    1   0   0   0   1   0   0   0   0   3   1   0   0   0   0   0   5   0   0  90  1.24 0.33
   38 L    -3  -4  -5  -6  -3  -4  -5  -6  -5   0   6  -4   0  -1  -5  -4  -3  -4  -3  -1    0   0   0   0   0   0   0   0   0   1  98   0   0   1   0   0   0   0   0   0  1.34 0.32
   39 R    -3   7  -1  -3  -5   1  -2  -4   0  -5  -4   3  -2  -5  -4   0  -3  -5  -3  -4    0  71   2   0   0   3   0   0   2   0   0  16   1   0   0   5   0   0   0   0  1.22 0.30
   40 V    -1  -4  -4  -5  -2  -4  -4  -5  -5   3   0  -4  -1  -2  -4  -3   1  -4  -3   6    2   0   0   0   0   0   0   0   0  13   2   0   0   0   0   0  10   0   0  72  0.90 0.26
   41 M    -3  -4  -5  -6  -4  -3  -4  -5  -4   1   2  -4   9   0  -5  -4  -3  -4  -3  -1    0   0   0   0   0   0   0   0   0   4  18   0  75   3   0   0   0   0   0   0  1.65 0.40
   42 Q    -3   0  -2  -3  -5   8   0  -4  -2  -5  -3   1   0  -5  -4  -2  -3  -4  -4  -4    1   2   0   0   0  88   1   0   0   0   2   4   2   0   0   0   0   0   0   0  1.70 0.42
   43 K    -1   3  -1   0  -4   1   0  -3  -2  -2   0   5   1  -3  -3   0  -1  -4  -3  -3    2  19   1   6   0   4   4   0   0   1  10  44   4   0   0   5   1   0   0   0  0.48 0.17
   44 E    -1   0   3  -1  -4   0   3  -2   4  -4  -3   0  -3  -2  -3   0  -1  -2   4  -3    5   3  19   0   0   3  26   1  14   0   1   6   0   0   0   4   1   0  17   0  0.47 0.17
   45 G    -1  -1  -1  -3  -5  -3  -3   7  -4  -6  -6  -2  -5  -5  -4  -2  -3  -5  -5  -5    1   5   3   0   0   1   1  88   0   0   0   1   0   0   0   1   0   0   0   0  1.57 0.32
   46 Y    -4  -4  -5  -6  -5  -4  -5  -6  -1  -4  -4  -4  -4   1  -6  -4  -4   0  10  -4    0   0   0   0   0   0   0   0   0   0   0   0   0   1   0   0   0   0  99   0  2.56 0.49
   47 V    -3  -5  -5  -5  -3  -5  -5  -6  -5   7   0  -5  -1  -2  -5  -4  -2  -5  -3   3    0   0   0   0   0   0   0   0   0  79   3   0   0   0   0   0   0   0   0  19  1.25 0.31
   48 G    -2  -4  -2  -3  -5  -4  -2   7  -4  -5  -6  -3  -5  -5  -4  -2  -4  -5  -5  -5    0   1   0   1   0   0   2  96   0   1   0   0   0   0   0   0   0   0   0   0  1.84 0.35
   49 E    -2  -2   0   1  -6   0   7  -3  -2  -5  -5  -1  -3  -5  -3  -1  -2  -5  -4  -4    1   0   5   4   0   0  85   1   0   0   0   0   1   0   0   2   0   0   0   0  1.37 0.34
   50 F    -4  -5  -5  -6  -4  -5  -5  -5  -3   1  -1  -5  -2   8  -6  -5  -4  -1   1  -1    0   0   0   0   0   0   0   0   0   9   0   0   0  87   0   0   0   0   1   2  1.82 0.37
   51 E    -3  -2  -2  -1  -6   0   7  -4  -2  -5  -5  -1  -4  -6  -3  -2  -3  -5  -4  -4    0   0   0   0   0   0  98   0   0   0   0   0   0   0   0   0   0   0   0   1  1.80 0.41
   52 Y    -4  -1  -4  -5  -4   0  -4  -5   1  -2   0  -3  -2   6  -5  -4  -3   0   7  -2    0   3   0   0   0   6   0   0   3   0   7   0   0  40   0   0   0   0  41   0  1.16 0.28
   53 I    -3  -5  -5  -5  -3  -5  -5  -6  -5   7   0  -5  -1  -2  -5  -4  -2  -5  -3   3    0   0   0   0   0   0   0   0   0  82   0   0   0   0   0   0   0   0   0  18  1.32 0.32
   54 D    -4  -4   0   8  -6  -1   1  -3  -3  -5  -6  -3  -5  -5  -4  -2  -3  -6  -3  -5    0   0   2  91   0   1   5   0   0   0   0   0   0   0   0   0   0   0   1   0  1.83 0.37
   55 D    -4  -4   0   8  -6  -3  -1  -4  -3  -6  -6  -3  -5  -6  -4  -2  -3  -7  -6  -6    0   0   1  99   0   0   0   0   0   0   0   0   0   0   0   0   0   0   0   0  2.11 0.42
   56 G    -2  -4  -1  -2  -5  -4  -4   7  -2  -6  -6  -3  -5  -5  -4  -2  -3  -5  -5  -5    0   0   1   2   0   0   0  94   1   0   0   1   0   0   0   1   0   0   0   0  1.75 0.34
   57 R    -3   7  -2  -3  -4   0  -2  -4  -2  -4  -3   3  -3  -5  -4  -3  -3  -5  -3  -4    0  80   0   0   0   2   0   0   0   1   2  16   0   0   0   0   0   0   1   0  1.48 0.34
   58 W     3  -3  -2  -3  -2   0  -2   2  -2  -3  -2  -2  -1  -1  -3   2   0   7  -2  -2   29   0   1   0   0   4   1  18   0   0   3   0   2   2   0  20   5  16   0   0  0.51 0.17
   59 G    -2  -4  -2  -3  -5  -4  -4   7  -4  -6  -6  -4  -5  -5  -4  -2  -4  -5  -5  -5    0   0   1   0   0   0   0  98   0   0   0   0   0   0   0   1   0   0   0   0  1.95 0.37
   60 K    -3   1  -2  -3  -5   0  -1  -4  -3  -1  -3   7   0  -3  -3  -2  -3  -5  -3  -3    0   4   0   0   0   2   0   0   0   4   1  83   3   1   0   0   0   0   0   1  1.19 0.32
   61 I    -4  -4  -5  -5  -4  -5  -5  -5  -3   3   1  -5  -1   7  -5  -4  -3  -1   3   0    0   0   0   0   0   0   0   0   0  21   8   0   0  60   0   0   0   0   7   4  1.13 0.27
   62 T    -2   5  -1  -2  -4   0  -1  -4  -2   1  -2   4  -2  -3  -3  -2  -1  -4  -3   0    0  44   1   1   0   0   1   0   0  10   1  31   1   0   0   0   2   0   0   8  0.70 0.22
   63 V    -2  -5  -5  -5  -3  -4  -5  -5  -5   4  -1  -4  -1  -2  -4  -4  -2  -5  -3   6    0   0   0   0   0   0   0   0   0  24   0   0   0   0   0   0   0   0   0  76  1.17 0.30
   64 Q    -3   0  -2  -2  -5   8   2  -4  -2  -5  -4   1  -3  -5  -3  -2  -2  -4  -4  -4    0   2   0   0   0  80   9   0   0   0   0   6   0   0   0   0   1   0   0   0  1.52 0.38
   65 L    -3  -4  -6  -6  -3  -4  -5  -6  -5   0   6  -5   0  -1  -5  -5  -3  -4  -3  -1    0   0   0   0   0   0   0   0   0   0 100   0   0   0   0   0   0   0   0   0  1.39 0.33
   66 L    -3  -3  -4  -4  -3  -3  -1  -5  -4   1   5  -2   2   0  -4  -4  -2  -3  -3   0    0   1   1   0   0   0   4   0   0   3  79   2   5   1   0   0   1   0   0   2  0.81 0.24
   67 G     0  -4  -2  -3  -5  -4  -4   7  -4  -6  -6  -4  -5  -5  -4  -2  -4  -5  -5  -5    4   0   0   0   0   0   0  96   0   0   0   0   0   0   0   0   0   0   0   0  1.86 0.35
   68 R    -3   7   1  -3  -5  -1  -2  -4  -1  -5  -4   3  -3  -5  -4  -2  -3  -5  -4  -5    0  76   8   0   0   0   0   0   1   0   0  15   0   0   0   0   0   0   0   0  1.41 0.33
   69 V    -3  -5  -5  -5  -3  -5  -5  -6  -5   7   0  -5  -1  -2  -5  -4  -1  -5  -3   2    0   0   0   0   0   0   0   0   0  87   1   0   0   0   0   0   4   0   0   9  1.32 0.33
   70 N    -4  -3   8  -1  -5  -2  -3  -3  -2  -6  -6  -2  -5  -5  -4  -2  -2  -6  -5  -4    0   0  98   0   0   0   0   0   0   0   0   0   0   0   0   0   1   0   0   1  2.06 0.44
   71 K    -2   2   1   2  -5   1  -1  -3  -2  -5  -4   6  -2  -5  -3  -2  -2  -5  -4  -4    0   6   7  11   0   3   0   0   0   0   0  71   1   0   0   0   0   0   0   0  1.02 0.28
   72 C     0  -6  -5  -6  11  -5  -6  -5  -5   1  -3  -5  -3  -4  -5  -3  -2  -5  -5  -1    6   0   0   0  81   0   0   0   0   8   0   0   0   0   0   0   1   0   0   3  2.34 0.42
   73 G    -1  -1  -1  -3  -4  -3  -4   7  -4  -6  -5  -1  -4  -5  -4  -2  -3  -5  -5  -5    3   3   2   0   0   0   0  88   0   0   0   3   0   0   0   0   0   0   0   0  1.57 0.32
   74 P     3  -3  -4  -4  -2  -3  -3  -3  -4   1  -1  -3  -1  -3   2  -1  -1  -4  -3   4   32   0   0   0   0   0   0   0   0   6   0   0   0   0   9   3   1   0   0  49  0.57 0.21
   75 I    -3  -5  -5  -3  -3  -5  -5  -6  -5   7   0  -5  -1  -2  -5  -4  -3  -5  -3   2    0   0   0   2   0   0   0   0   0  87   0   0   0   0   0   0   0   0   0  11  1.37 0.33
   76 T    -2   4  -2  -3  -5  -1  -1  -3  -2  -4  -4   6  -3  -5  -3  -1   1  -5  -4  -4    0  19   0   0   0   0   0   0   0   0   0  68   0   0   0   4   9   0   0   0  1.06 0.29
   77 P    -3  -5  -4  -4  -5  -4  -4  -3  -5  -5  -5  -3  -5  -6   9  -3  -4  -6  -6  -5    0   0   0   0   0   0   0   2   0   0   0   0   0   0  98   0   0   0   0   0  2.84 0.46
   78 R    -4   8  -3  -4  -6  -1  -2  -5  -1  -5  -4   0  -4  -5  -4  -3  -3  -5  -2  -5    0  96   0   0   0   0   0   0   1   0   0   1   0   0   0   0   0   0   1   0  1.92 0.41
   79 Y    -4  -3  -4  -5  -4  -3  -4  -5   4  -1  -2  -4  -1   7  -5  -4  -2   2   5  -2    0   1   0   0   0   1   0   0  11   2   1   0   1  57   0   0   2   2  23   1  1.26 0.29
   80 P     1  -3  -2  -3  -3  -2  -2  -3  -2  -4  -4  -2  -4  -4   6   4  -1  -5  -2  -3   13   0   1   0   0   0   0   0   1   0   0   0   0   0  42  42   0   0   1   0  1.13 0.28
   81 L    -1  -4  -5  -5  -2  -4  -4  -5  -5   2   0  -4   0  -1  -4  -3  -1  -4  -3   6    2   0   0   0   1   0   0   0   0   5   6   0   1   1   0   0   3   0   0  81  0.99 0.28
   82 S    -2   2  -1  -2  -4   0  -1  -1  -2  -4  -4   6  -3  -5  -2   0   0  -5  -4  -4    1   8   1   1   0   0   0   4   0   0   0  70   0   0   0   8   7   0   0   0  0.92 0.27
   83 Y     0   1  -1  -3  -3  -1  -2  -3   1  -1  -1   3  -1   1  -3  -1  -1   1   5   1    8   7   2   0   0   0   0   0   4   1   3  26   0   5   0   2   1   2  26  12  0.33 0.14
   84 R    -1   3   2   4  -4   0   1  -1   0  -3  -3   2  -2  -4  -2   0   0  -4  -3  -3    2  20  12  28   0   1   5   3   1   1   1  15   1   0   0   4   4   0   0   1  0.42 0.13
   85 Q    -2  -1  -1   4  -4   1   6  -2  -1  -4  -3   0  -3  -4  -2  -1  -2  -3  -3  -3    2   1   1  21   0   2  60   1   0   1   1   2   0   1   1   2   1   0   1   1  0.86 0.20
   86 M     0  -1  -1  -1  -1   0  -1  -1  -1   1   1  -1   1   0   0   0   0   0   1   0    6   3   3   3   1   3   4   5   1   8  24   4   5   3   3   5   4   1   8   5  0.03 0.01
   87 I     0   0   0   0  -1   0   0  -1  -1   1   1   0   0   0   0   0   0  -1   0   0    7   5   4   4   1   3   7   5   1   8  18   4   3   3   3   6   6   1   2   9  0.01 0.00
   88 A     0   1   1   0  -1   0   0   1   0  -1  -1   1  -1  -1   0   0   0  -1  -1  -1    8   9   8   5   1   4   6  13   1   3   6   9   1   2   3   7   5   1   2   4  0.06 0.01
   89 L    -2  -3  -3  -4  -3  -3  -3  -4  -2   2   2  -3   3   5  -2  -3  -2  -1   3   0    1   1   0   1   0   0   1   1   0  16  19   1  12  30   2   1   1   0  12   1  0.50 0.14
   90 P    -2  -2  -1   1  -4   0   5  -3  -2  -4  -4  -1  -3  -3   4  -1  -2  -4  -2  -3    1   1   1   6   0   2  58   1   0   1   1   1   0   1  22   3   1   0   1   1  0.92 0.22
   91 D    -1   1   1   2  -4   1   3  -2   2  -3  -3   3  -1  -2  -1   0  -1  -3  -1  -3    2   3   6  10   0   6  21   1   5   2   1  32   2   2   1   4   2   0   2   0  0.37 0.13
   92 Y    -4  -4  -5  -6  -5  -4  -5  -5   2  -4  -3  -5  -3   4  -6  -5  -4  11   3  -3    1   0   0   0   0   0   0   0   5   0   0   0   0  15   0   0   0  67   9   1  2.59 0.43
   93 V    -2  -1  -2  -1  -5   0   6  -3  -2   0   0  -1  -1  -4  -3  -2  -2  -4  -4  -1    2   1   0   0   0   0  70   1   0   5  11   2   1   0   0   0   1   0   0   5  0.84 0.27
   94 R    -2   5  -1  -2  -5   1   1  -3  -2  -4  -4   5  -3  -5  -3  -1  -2  -4  -3  -4    1  34   0   0   0   6   7   0   0   0   0  48   0   0   0   2   0   0   0   0  0.93 0.25
   95 R    -2   6  -1  -2  -5   2   0  -4  -1  -3  -3   4   0  -4  -3  -2  -2  -4  -3  -3    1  47   1   0   0  10   2   0   1   1   1  30   3   0   0   1   1   0   0   1  0.84 0.23
   96 Y    -4  -4  -5  -5  -5  -4  -5  -5  -1  -2  -2  -3  -2   6  -5  -4  -4   0   8  -3    0   0   0   0   0   0   0   0   0   1   1   1   0  39   0   0   0   0  58   0  1.71 0.36
   97 L    -3  -4  -6  -6  -3  -4  -5  -6  -5   0   6  -4   1  -1  -5  -4  -3  -4  -3  -1    0   0   0   0   0   0   0   0   0   0  99   0   1   0   0   0   0   0   0   0  1.36 0.33
   98 P    -2  -5  -4  -4  -5  -4  -4  -5  -5  -5  -5  -3  -5  -6   9  -3  -3  -6  -5  -4    1   0   0   0   0   0   0   0   0   0   0   0   0   0  98   0   0   0   0   1  2.80 0.46
   99 S     4  -3  -2  -3  -2  -2  -2   0  -3  -4  -4  -2  -3  -4  -3   5  -1  -4  -4  -3   47   0   0   0   0   0   0   5   0   0   0   0   0   0   0  49   0   0   0   0  0.86 0.27
  100 K    -3   6  -2  -3  -5   0  -1  -4   0  -3  -3   3  -3  -1  -2  -2  -3  -3   3  -2    0  52   0   0   0   2   1   0   2   1   0  21   0   3   1   1   0   0  15   2  0.85 0.24
  101 E    -3  -2   5   5  -5   0   2   0  -2  -5  -5  -2  -4  -5  -3  -1  -2  -5  -4  -5    0   0  33  44   0   4  13   6   0   0   0   0   0   0   0   1   0   0   0   0  0.99 0.25
  102 I    -2  -4  -4  -5  -3  -4  -4  -5  -3   5   1  -4   3   4  -4  -3  -2  -2   1   3    0   0   0   0   0   0   0   0   0  41   4   0  11  19   0   1   0   0   4  20  0.66 0.20
  103 G    -2  -5  -2  -3  -5  -4  -4   7  -4  -6  -6  -4  -5  -5  -4  -2  -4  -5  -5  -5    0   0   0   0   0   0   0 100   0   0   0   0   0   0   0   0   0   0   0   0  2.01 0.38
  104 I    -1  -4  -4  -5  -3  -4  -4  -5  -4   6   2  -4   0   0  -4  -3  -1  -4  -2   2    3   0   0   0   0   0   0   0   0  60  16   0   1   2   0   1   3   0   1  13  0.74 0.21
  105 I    -3  -4  -5  -5  -3  -4  -5  -5  -5   3   5  -4   2  -1  -5  -4  -3  -3  -3   0    0   0   0   0   0   0   0   0   0  14  79   0   3   1   0   0   0   0   0   2  1.00 0.26
  106 I    -3  -5  -5  -5  -3  -5  -5  -6  -5   7   0  -5  -1  -2  -5  -4  -2  -5  -3   3    0   0   0   0   0   0   0   0   0  80   3   0   0   0   0   0   0   0   0  17  1.25 0.31
  107 V    -2  -4  -5  -5  -2  -4  -4  -5  -5   4   3  -4   1  -1  -4  -3  -2  -4  -3   5    0   0   0   0   0   0   0   0   0  22  26   0   2   1   0   0   0   0   0  48  0.75 0.21
  108 S    -1  -3  -1  -2  -3  -2  -2  -3  -3  -4  -4  -2  -3  -4  -3   6   4  -5  -4  -3    0   0   0   0   0   0   0   0   0   0   0   0   0   0   0  69  31   0   0   0  1.11 0.33
  109 T    -2  -3  -2  -3  -3  -3  -3  -4  -4  -3  -4  -3  -3  -4  -3   0   7  -5  -4  -2    0   0   1   0   0   0   0   0   0   0   0   0   0   0   0   2  98   0   0   0  1.69 0.42
  110 S    -1  -3   0  -2  -3  -2  -2  -3  -3  -4  -5  -2  -4  -5   7   4  -1  -5  -4  -4    1   0   4   1   0   0   0   0   0   0   0   0   0   0  50  43   1   0   0   0  1.34 0.31
  111 K    -2   1   0  -1  -4   5   1  -3   1  -4  -3   4  -1  -4  -3  -1  -2  -4   0  -4    2   5   3   1   0  33   8   0   4   0   2  36   1   0   0   1   0   0   3   0  0.66 0.21
  112 G    -2  -5  -2  -3  -5  -4  -4   7  -4  -6  -6  -4  -5  -5  -4  -2  -4  -5  -5  -5    0   0   0   0   0   0   0 100   0   0   0   0   0   0   0   0   0   0   0   0  2.01 0.38
  113 V    -2  -4  -5  -5  -3  -4  -4  -5  -5   4   0  -4  -1  -2  -4  -4  -2  -5  -3   6    0   0   0   0   0   0   0   0   0  20   4   0   0   0   0   0   0   0   0  76  1.10 0.29
  114 M    -3  -4  -5  -5  -3  -3  -4  -5  -4   1   2  -3   9  -1  -5  -4  -2  -4  -3   0    0   0   0   0   0   0   0   0   0   8  17   1  69   2   0   0   1   0   0   3  1.39 0.35
  115 S     0  -3  -1  -1  -3  -2  -2  -2  -3  -3  -4  -2  -3  -4  -2   5   4  -5  -3  -3    5   0   1   1   0   0   0   0   0   0   0   0   0   0   0  60  33   0   0   0  0.93 0.29
  116 H    -4  -3   0  -2  -6   0  -2  -4  11  -6  -5  -3  -4  -4  -5  -2  -4  -5  -1  -6    1   0   2   1   0   3   0   0  92   0   0   0   0   0   0   1   0   0   0   0  2.51 0.47
  117 K    -2   4   0  -2  -4   0   0  -3   3   0  -1   4  -2  -3  -3  -1  -1  -3   1  -1    0  25   2   1   0   1   5   0   8   7   4  34   0   0   0   1   2   0   6   3  0.42 0.16
  118 E    -3  -2  -2   3  -6   0   7  -4  -2  -5  -4  -1  -3  -5  -3  -2  -3  -5  -4  -4    1   0   0  13   0   1  82   0   0   0   1   1   0   0   0   0   0   0   0   0  1.41 0.35
  119 A     7  -4  -4  -4  -2  -3  -3  -2  -4  -3  -3  -3  -3  -4  -3  -1  -2  -5  -4  -2   97   0   0   0   0   0   0   1   0   0   1   0   0   0   0   0   0   0   0   1  1.37 0.37
  120 A     0   2  -2  -2  -3   1   0  -3  -2   1   0   4   0  -3  -3  -1  -2  -4  -3   0    6  11   0   0   0   5   5   0   0  13   9  43   3   0   0   1   0   0   0   4  0.38 0.16
  121 R     0   1   0   0  -4   2   5  -2  -2  -4  -4   2  -3  -5  -3   0  -1  -4  -3  -3    9   6   3   3   0   6  54   1   0   0   0  12   0   0   0   5   1   0   0   1  0.70 0.21
  122 L    -1   3   0  -2  -4   2   0  -3  -1  -2   0   4   1  -3  -3  -1  -1  -4  -3  -3    2  17   5   0   0  10   3   0   0   1  10  42   6   0   0   2   1   0   0   0  0.50 0.18
  123 R    -2   3   1  -2  -4  -1  -2   4   2  -5  -4   2  -3  -4  -3  -1  -2  -4  -3  -4    0  21   8   0   0   1   1  44   7   0   0  18   0   0   0   2   0   0   0   0  0.70 0.20
  124 I    -2  -3  -4  -4  -2  -3  -4  -5  -4   5   2  -3   1  -1  -4  -2   1  -4  -3   2    1   1   0   0   0   0   0   0   0  50  19   0   3   1   0   2  11   0   0  13  0.62 0.19
  125 G    -2  -5  -2  -3  -5  -4  -4   7  -4  -6  -6  -4  -5  -5  -4  -2  -4  -5  -5  -5    1   0   0   0   0   0   0  99   0   0   0   0   0   0   0   1   0   0   0   0  1.98 0.37
  126 G    -2  -5  -3  -3  -5  -4  -4   7  -4  -6  -6  -4  -5  -5  -4  -2  -4  -5  -5  -5    0   0   0   0   0   0   0 100   0   0   0   0   0   0   0   0   0   0   0   0  2.02 0.38
  127 V    -2   5  -2  -3  -3   0  -1  -4  -1   2  -1   1  -1  -2  -3  -1  -1  -4  -3   3    0  37   0   0   0   4   1   0   1  12   0   8   0   1   0   3   1   0   0  30  0.47 0.18
  128 A    -1  -4  -5  -5  -3  -4  -4  -5  -5   1   6  -4   0  -1  -4  -4  -2  -3  -3   0    6   0   0   0   0   0   0   0   0   2  89   0   0   0   0   0   1   0   0   3  1.05 0.28
  129 L    -3  -4  -5  -5  -3  -4  -5  -5  -5   3   5  -4   1  -1  -5  -4  -3  -3  -3   1    0   0   0   0   0   0   0   0   0  14  80   0   2   0   0   0   0   0   0   4  1.00 0.25
  130 G     6  -3  -3  -4  -2  -3  -3   2  -4  -3  -3  -3  -3  -4  -3   0  -2  -4  -4  -1   81   0   0   0   0   0   0  15   0   0   0   0   0   0   0   1   0   0   0   2  1.03 0.29
  131 Y    -4  -4  -5  -6  -5  -4  -5  -6  -1  -3  -3  -4  -3   4  -5  -4  -4   0   9  -3    0   0   0   0   0   0   0   0   0   0   1   0   0  12   0   0   0   0  87   0  2.19 0.43
  132 V    -1  -4  -5  -5   1  -4  -4  -5  -5   2  -1  -4   0  -2  -4  -3  -2  -5  -3   6    2   0   0   0   3   0   0   0   0   7   0   0   2   1   0   0   0   0   0  86  1.15 0.31
  133 Y    -4  -4  -5  -6  -5  -4  -5  -6  -1  -4  -3  -4  -3   2  -6  -4  -4   1   9  -4    0   0   0   0   0   0   0   0   0   0   0   0   0   4   0   0   0   1  96   0  2.42 0.46

                      K         Lambda
Standard Ungapped    0.1402     0.3230
Standard Gapped      0.0630     0.2670
PSI Ungapped         0.2057     0.3179
PSI Gapped           0.0630     0.2670
