
Last position-specific scoring matrix computed, weighted observed percentages rounded down, information per position, and relative weight of gapless real matches to pseudocounts
           A  R  N  D  C  Q  E  G  H  I  L  K  M  F  P  S  T  W  Y  V   A   R   N   D   C   Q   E   G   H   I   L   K   M   F   P   S   T   W   Y   V
    1 M   -1 -1 -2 -3 -1  0 -2 -3 -2  1  2 -1  5  0 -2 -1 -1 -1 -1  1    0   0   0   0   0   0   0   0   0   0   0   0   0   0   0   0   0   0   0   0  0.00    0.00
    2 E   -1  0  0  1 -4  2  5 -2  0 -3 -3  1 -2 -3 -1  0 -1 -3 -2 -2    0   0   0   0   0   0   0   0   0   0   0   0   0   0   0   0   0   0   0   0  0.00    0.00
    3 T    0 -1  0 -1 -1 -1 -1 -2 -2 -1 -1 -1 -1 -2 -1  1  4 -2 -2  0    0   0   0   0   0   0   0   0   0   0   0   0   0   0   0   0   0   0   0   0  0.00    0.00
    4 D   -2 -2  1  6 -3  0  1 -1 -1 -3 -4 -1 -3 -3 -1  0 -1 -4 -3 -3    0   0   0   0   0   0   0   0   0   0   0   0   0   0   0   0   0   0   0   0  0.00    0.00
    5 S    1 -1  1  0 -1  0  0  0 -1 -2 -2  0 -1 -2 -1  4  1 -3 -2 -2    0   0   0   0   0   0   0   0   0   0   0   0   0   0   0   0   0   0   0   0  0.00    0.00
    6 E   -1  0  0  1 -4  2  5 -2  0 -3 -3  1 -2 -3 -1  0 -1 -3 -2 -2    0   0   0   0   0   0   0   0   0   0   0   0   0   0   0   0   0   0   0   0  0.00    0.00
    7 P   -1 -2 -2 -1 -3 -1 -1 -2 -2 -3 -3 -1 -2 -4  7 -1 -1 -4 -3 -2    0   0   0   0   0   0   0   0   0   0   0   0   0   0   0   0   0   0   0   0  0.00    0.00
    8 Y   -2 -2 -2 -3 -2 -1 -2 -3  2 -1 -1 -2 -1  3 -3 -2 -2  2  7 -1    0   0   0   0   0   0   0   0   0   0   0   0   0   0   0   0   0   0   0   0  0.00    0.00
    9 V    0 -2 -3 -3 -1 -2 -2 -3 -3  3  1 -2  1 -1 -2 -2  0 -3 -1  4    0   0   0   0   0   0   0   0   0   0   0   0   0   0   0   0   0   0   0   0  0.00    0.00
   10 R   -1  5  0 -2 -3  1  0 -2  0 -3 -2  2 -1 -3 -2 -1 -1 -3 -2 -2    0   0   0   0   0   0   0   0   0   0   0   0   0   0   0   0   0   0   0   0  0.00    0.00
   11 L   -1 -2 -3 -4 -1 -2 -3 -4 -3  2  4 -2  2  0 -3 -2 -1 -2 -1  1    0   0   0   0   0   0   0   0   0   0   0   0   0   0   0   0   0   0   0   0  0.00    0.00
   12 A    4 -1 -2 -2  0 -1 -1  0 -2 -1 -1 -1 -1 -2 -1  1  0 -2 -2  0    0   0   0   0   0   0   0   0   0   0   0   0   0   0   0   0   0   0   0   0  0.00    0.00
   13 S    1 -1  1  0 -1  0  0  0 -1 -2 -2  0 -1 -2 -1  4  1 -3 -2 -2    0   0   0   0   0   0   0   0   0   0   0   0   0   0   0   0   0   0   0   0  0.00    0.00
   14 L   -1 -2 -3 -4 -1 -2 -3 -4 -3  2  4 -2  2  0 -3 -2 -1 -2 -1  1    0   0   0   0   0   0   0   0   0   0   0   0   0   0   0   0   0   0   0   0  0.00    0.00
   15 R   -1  5  0 -2 -3  1  0 -2  0 -3 -2  2 -1 -3 -2 -1 -1 -3 -2 -2    0   0   0   0   0   0   0   0   0   0   0   0   0   0   0   0   0   0   0   0  0.00    0.00
   16 Q   -1  1  0  0 -3  5  2 -2  0 -3 -2  1  0 -3 -1  0 -1 -2 -1 -2    0   0   0   0   0   0   0   0   0   0   0   0   0   0   0   0   0   0   0   0  0.00    0.00
   17 L   -1 -2 -3 -4 -1 -2 -3 -4 -3  2  4 -2  2  0 -3 -2 -1 -2 -1  1    0   0   0   0   0   0   0   0   0   0   0   0   0   0   0   0   0   0   0   0  0.00    0.00
   18 H   -2  0  1 -1 -3  0  0 -2  7 -3 -3 -1 -2 -1 -2 -1 -2 -2  2 -3    0   0   0   0   0   0   0   0   0   0   0   0   0   0   0   0   0   0   0   0  0.00    0.00
   19 Q   -1  1  0  0 -3  5  2 -2  0 -3 -2  1  0 -3 -1  0 -1 -2 -1 -2    0   0   0   0   0   0   0   0   0   0   0   0   0   0   0   0   0   0   0   0  0.00    0.00
   20 A    4 -1 -2 -2  0 -1 -1  0 -2 -1 -1 -1 -1 -2 -1  1  0 -2 -2  0    0   0   0   0   0   0   0   0   0   0   0   0   0   0   0   0   0   0   0   0  0.00    0.00
   21 M   -1 -1 -2 -3 -1  0 -2 -3 -2  1  2 -1  5  0 -2 -1 -1 -1 -1  1    0   0   0   0   0   0   0   0   0   0   0   0   0   0   0   0   0   0   0   0  0.00    0.00
   22 A    4 -1 -2 -2  0 -1 -1  0 -2 -1 -1 -1 -1 -2 -1  1  0 -2 -2  0    0   0   0   0   0   0   0   0   0   0   0   0   0   0   0   0   0   0   0   0  0.00    0.00
   23 D   -2 -2  1  6 -3  0  1 -1 -1 -3 -4 -1 -3 -3 -1  0 -1 -4 -3 -3    0   0   0   0   0   0   0   0   0   0   0   0   0   0   0   0   0   0   0   0  0.00    0.00
   24 M   -1 -1 -2 -3 -1  0 -2 -3 -2  1  2 -1  5  0 -2 -1 -1 -1 -1  1    0   0   0   0   0   0   0   0   0   0   0   0   0   0   0   0   0   0   0   0  0.00    0.00
   25 N   -2  0  6  1 -3  0  0  0  1 -3 -3  0 -2 -3 -2  1  0 -4 -2 -3    0   0   0   0   0   0   0   0   0   0   0   0   0   0   0   0   0   0   0   0  0.00    0.00
   26 K   -1  2  0 -1 -3  1  1 -2 -1 -3 -2  4 -1 -3 -1  0 -1 -3 -2 -2    0   0   0   0   0   0   0   0   0   0   0   0   0   0   0   0   0   0   0   0  0.00    0.00
   27 A    4 -1 -2 -2  0 -1 -1  0 -2 -1 -1 -1 -1 -2 -1  1  0 -2 -2  0    0   0   0   0   0   0   0   0   0   0   0   0   0   0   0   0   0   0   0   0  0.00    0.00
   28 R   -1  5  0 -2 -3  1  0 -2  0 -3 -2  2 -1 -3 -2 -1 -1 -3 -2 -2    0   0   0   0   0   0   0   0   0   0   0   0   0   0   0   0   0   0   0   0  0.00    0.00
   29 S    1 -1  1  0 -1  0  0  0 -1 -2 -2  0 -1 -2 -1  4  1 -3 -2 -2    0   0   0   0   0   0   0   0   0   0   0   0   0   0   0   0   0   0   0   0  0.00    0.00
   30 L   -1 -2 -3 -4 -1 -2 -3 -4 -3  2  4 -2  2  0 -3 -2 -1 -2 -1  1    0   0   0   0   0   0   0   0   0   0   0   0   0   0   0   0   0   0   0   0  0.00    0.00
   31 A    4 -1 -2 -2  0 -1 -1  0 -2 -1 -1 -1 -1 -2 -1  1  0 -2 -2  0    0   0   0   0   0   0   0   0   0   0   0   0   0   0   0   0   0   0   0   0  0.00    0.00
   32 D   -2 -2  1  6 -3  0  1 -1 -1 -3 -4 -1 -3 -3 -1  0 -1 -4 -3 -3    0   0   0   0   0   0   0   0   0   0   0   0   0   0   0   0   0   0   0   0  0.00    0.00
   33 T    0 -1  0 -1 -1 -1 -1 -2 -2 -1 -1 -1 -1 -2 -1  1  4 -2 -2  0    0   0   0   0   0   0   0   0   0   0   0   0   0   0   0   0   0   0   0   0  0.00    0.00
   34 L   -1 -2 -3 -4 -1 -2 -3 -4 -3  2  4 -2  2  0 -3 -2 -1 -2 -1  1    0   0   0   0   0   0   0   0   0   0   0   0   0   0   0   0   0   0   0   0  0.00    0.00
   35 Q   -1  1  0  0 -3  5  2 -2  0 -3 -2  1  0 -3 -1  0 -1 -2 -1 -2    0   0   0   0   0   0   0   0   0   0   0   0   0   0   0   0   0   0   0   0  0.00    0.00
   36 A    4 -1 -2 -2  0 -1 -1  0 -2 -1 -1 -1 -1 -2 -1  1  0 -2 -2  0    0   0   0   0   0   0   0   0   0   0   0   0   0   0   0   0   0   0   0   0  0.00    0.00
   37 V    0 -2 -3 -3 -1 -2 -2 -3 -3  3  1 -2  1 -1 -2 -2  0 -3 -1  4    0   0   0   0   0   0   0   0   0   0   0   0   0   0   0   0   0   0   0   0  0.00    0.00
   38 A    4 -1 -2 -2  0 -1 -1  0 -2 -1 -1 -1 -1 -2 -1  1  0 -2 -2  0    0   0   0   0   0   0   0   0   0   0   0   0   0   0   0   0   0   0   0   0  0.00    0.00
   39 D   -2 -2  1  6 -3  0  1 -1 -1 -3 -4 -1 -3 -3 -1  0 -1 -4 -3 -3    0   0   0   0   0   0   0   0   0   0   0   0   0   0   0   0   0   0   0   0  0.00    0.00
   40 G    0 -2  0 -1 -2 -2 -2  6 -2 -4 -4 -2 -3 -3 -2  0 -2 -2 -3 -3    0   0   0   0   0   0   0   0   0   0   0   0   0   0   0   0   0   0   0   0  0.00    0.00
   41 V    0 -2 -3 -3 -1 -2 -2 -3 -3  3  1 -2  1 -1 -2 -2  0 -3 -1  4    0   0   0   0   0   0   0   0   0   0   0   0   0   0   0   0   0   0   0   0  0.00    0.00
   42 V    0 -2 -3 -3 -1 -2 -2 -3 -3  3  1 -2  1 -1 -2 -2  0 -3 -1  4    0   0   0   0   0   0   0   0   0   0   0   0   0   0   0   0   0   0   0   0  0.00    0.00
   43 Q   -1  1  0  0 -3  5  2 -2  0 -3 -2  1  0 -3 -1  0 -1 -2 -1 -2    0   0   0   0   0   0   0   0   0   0   0   0   0   0   0   0   0   0   0   0  0.00    0.00
   44 A    4 -1 -2 -2  0 -1 -1  0 -2 -1 -1 -1 -1 -2 -1  1  0 -2 -2  0    0   0   0   0   0   0   0   0   0   0   0   0   0   0   0   0   0   0   0   0  0.00    0.00
   45 L   -1 -2 -3 -4 -1 -2 -3 -4 -3  2  4 -2  2  0 -3 -2 -1 -2 -1  1    0   0   0   0   0   0   0   0   0   0   0   0   0   0   0   0   0   0   0   0  0.00    0.00
   46 N   -2  0  6  1 -3  0  0  0  1 -3 -3  0 -2 -3 -2  1  0 -4 -2 -3    0   0   0   0   0   0   0   0   0   0   0   0   0   0   0   0   0   0   0   0  0.00    0.00
   47 Y   -2 -2 -2 -3 -2 -1 -2 -3  2 -1 -1 -2 -1  3 -3 -2 -2  2  7 -1    0   0   0   0   0   0   0   0   0   0   0   0   0   0   0   0   0   0   0   0  0.00    0.00
   48 E   -1  0  0  1 -4  2  5 -2  0 -3 -3  1 -2 -3 -1  0 -1 -3 -2 -2    0   0   0   0   0   0   0   0   0   0   0   0   0   0   0   0   0   0   0   0  0.00    0.00
   49 L   -1 -2 -3 -4 -1 -2 -3 -4 -3  2  4 -2  2  0 -3 -2 -1 -2 -1  1    0   0   0   0   0   0   0   0   0   0   0   0   0   0   0   0   0   0   0   0  0.00    0.00
   50 A    4 -1 -2 -2  0 -1 -1  0 -2 -1 -1 -1 -1 -2 -1  1  0 -2 -2  0    0   0   0   0   0   0   0   0   0   0   0   0   0   0   0   0   0   0   0   0  0.00    0.00
   51 C    0 -3 -3 -3  8 -3 -4 -2 -3 -1 -1 -3 -1 -2 -3 -1 -1 -2 -2 -1    0   0   0   0   0   0   0   0   0   0   0   0   0   0   0   0   0   0   0   0  0.00    0.00
   52 V    0 -2 -3 -3 -1 -2 -2 -3 -3  3  1 -2  1 -1 -2 -2  0 -3 -1  4    0   0   0   0   0   0   0   0   0   0   0   0   0   0   0   0   0   0   0   0  0.00    0.00
   53 N   -2  0  6  1 -3  0  0  0  1 -3 -3  0 -2 -3 -2  1  0 -4 -2 -3    0   0   0   0   0   0   0   0   0   0   0   0   0   0   0   0   0   0   0   0  0.00    0.00
   54 L   -1 -2 -3 -4 -1 -2 -3 -4 -3  2  4 -2  2  0 -3 -2 -1 -2 -1  1    0   0   0   0   0   0   0   0   0   0   0   0   0   0   0   0   0   0   0   0  0.00    0.00
   55 V    0 -2 -3 -3 -1 -2 -2 -3 -3  3  1 -2  1 -1 -2 -2  0 -3 -1  4    0   0   0   0   0   0   0   0   0   0   0   0   0   0   0   0   0   0   0   0  0.00    0.00
   56 G    0 -2  0 -1 -2 -2 -2  6 -2 -4 -4 -2 -3 -3 -2  0 -2 -2 -3 -3    0   0   0   0   0   0   0   0   0   0   0   0   0   0   0   0   0   0   0   0  0.00    0.00
   57 P   -1 -2 -2 -1 -3 -1 -1 -2 -2 -3 -3 -1 -2 -4  7 -1 -1 -4 -3 -2    0   0   0   0   0   0   0   0   0   0   0   0   0   0   0   0   0   0   0   0  0.00    0.00
   58 D   -2 -2  1  6 -3  0  1 -1 -1 -3 -4 -1 -3 -3 -1  0 -1 -4 -3 -3    0   0   0   0   0   0   0   0   0   0   0   0   0   0   0   0   0   0   0   0  0.00    0.00
   59 G    0 -2  0 -1 -2 -2 -2  6 -2 -4 -4 -2 -3 -3 -2  0 -2 -2 -3 -3    0   0   0   0   0   0   0   0   0   0   0   0   0   0   0   0   0   0   0   0  0.00    0.00
   60 D   -2 -2  1  6 -3  0  1 -1 -1 -3 -4 -1 -3 -3 -1  0 -1 -4 -3 -3    0   0   0   0   0   0   0   0   0   0   0   0   0   0   0   0   0   0   0   0  0.00    0.00
   61 L   -1 -2 -3 -4 -1 -2 -3 -4 -3  2  4 -2  2  0 -3 -2 -1 -2 -1  1    0   0   0   0   0   0   0   0   0   0   0   0   0   0   0   0   0   0   0   0  0.00    0.00
   62 V    0 -2 -3 -3 -1 -2 -2 -3 -3  3  1 -2  1 -1 -2 -2  0 -3 -1  4    0   0   0   0   0   0   0   0   0   0   0   0   0   0   0   0   0   0   0   0  0.00    0.00
   63 V    0 -2 -3 -3 -1 -2 -2 -3 -3  3  1 -2  1 -1 -2 -2  0 -3 -1  4    0   0   0   0   0   0   0   0   0   0   0   0   0   0   0   0   0   0   0   0  0.00    0.00
   64 A    4 -1 -2 -2  0 -1 -1  0 -2 -1 -1 -1 -1 -2 -1  1  0 -2 -2  0    0   0   0   0   0   0   0   0   0   0   0   0   0   0   0   0   0   0   0   0  0.00    0.00
   65 A    4 -1 -2 -2  0 -1 -1  0 -2 -1 -1 -1 -1 -2 -1  1  0 -2 -2  0    0   0   0   0   0   0   0   0   0   0   0   0   0   0   0   0   0   0   0   0  0.00    0.00
   66 F   -2 -3 -3 -3 -2 -3 -3 -3 -1  0  0 -3  0  6 -4 -2 -2  1  3 -1    0   0   0   0   0   0   0   0   0   0   0   0   0   0   0   0   0   0   0   0  0.00    0.00
   67 A    4 -1 -2 -2  0 -1 -1  0 -2 -1 -1 -1 -1 -2 -1  1  0 -2 -2  0    0   0   0   0   0   0   0   0   0   0   0   0   0   0   0   0   0   0   0   0  0.00    0.00
   68 G    0 -2  0 -1 -2 -2 -2  6 -2 -4 -4 -2 -3 -3 -2  0 -2 -2 -3 -3    0   0   0   0   0   0   0   0   0   0   0   0   0   0   0   0   0   0   0   0  0.00    0.00
   69 N   -2  0  6  1 -3  0  0  0  1 -3 -3  0 -2 -3 -2  1  0 -4 -2 -3    0   0   0   0   0   0   0   0   0   0   0   0   0   0   0   0   0   0   0   0  0.00    0.00
   70 P   -1 -2 -2 -1 -3 -1 -1 -2 -2 -3 -3 -1 -2 -4  7 -1 -1 -4 -3 -2    0   0   0   0   0   0   0   0   0   0   0   0   0   0   0   0   0   0   0   0  0.00    0.00
   71 A    4 -1 -2 -2  0 -1 -1  0 -2 -1 -1 -1 -1 -2 -1  1  0 -2 -2  0    0   0   0   0   0   0   0   0   0   0   0   0   0   0   0   0   0   0   0   0  0.00    0.00
   72 A    4 -1 -2 -2  0 -1 -1  0 -2 -1 -1 -1 -1 -2 -1  1  0 -2 -2  0    0   0   0   0   0   0   0   0   0   0   0   0   0   0   0   0   0   0   0   0  0.00    0.00
   73 E   -1  0  0  1 -4  2  5 -2  0 -3 -3  1 -2 -3 -1  0 -1 -3 -2 -2    0   0   0   0   0   0   0   0   0   0   0   0   0   0   0   0   0   0   0   0  0.00    0.00
   74 A    4 -1 -2 -2  0 -1 -1  0 -2 -1 -1 -1 -1 -2 -1  1  0 -2 -2  0    0   0   0   0   0   0   0   0   0   0   0   0   0   0   0   0   0   0   0   0  0.00    0.00
   75 L   -1 -2 -3 -4 -1 -2 -3 -4 -3  2  4 -2  2  0 -3 -2 -1 -2 -1  1    0   0   0   0   0   0   0   0   0   0   0   0   0   0   0   0   0   0   0   0  0.00    0.00
   76 I   -1 -3 -3 -3 -1 -3 -3 -4 -3  4  2 -3  1  0 -3 -2 -1 -3 -1  3    0   0   0   0   0   0   0   0   0   0   0   0   0   0   0   0   0   0   0   0  0.00    0.00
   77 T    0 -1  0 -1 -1 -1 -1 -2 -2 -1 -1 -1 -1 -2 -1  1  4 -2 -2  0    0   0   0   0   0   0   0   0   0   0   0   0   0   0   0   0   0   0   0   0  0.00    0.00
   78 G    0 -2  0 -1 -2 -2 -2  6 -2 -4 -4 -2 -3 -3 -2  0 -2 -2 -3 -3    0   0   0   0   0   0   0   0   0   0   0   0   0   0   0   0   0   0   0   0  0.00    0.00
   79 R   -1  5  0 -2 -3  1  0 -2  0 -3 -2  2 -1 -3 -2 -1 -1 -3 -2 -2    0   0   0   0   0   0   0   0   0   0   0   0   0   0   0   0   0   0   0   0  0.00    0.00
   80 S    1 -1  1  0 -1  0  0  0 -1 -2 -2  0 -1 -2 -1  4  1 -3 -2 -2    0   0   0   0   0   0   0   0   0   0   0   0   0   0   0   0   0   0   0   0  0.00    0.00
   81 G    0 -2  0 -1 -2 -2 -2  6 -2 -4 -4 -2 -3 -3 -2  0 -2 -2 -3 -3    0   0   0   0   0   0   0   0   0   0   0   0   0   0   0   0   0   0   0   0  0.00    0.00
   82 S    1 -1  1  0 -1  0  0  0 -1 -2 -2  0 -1 -2 -1  4  1 -3 -2 -2    0   0   0   0   0   0   0   0   0   0   0   0   0   0   0   0   0   0   0   0  0.00    0.00
   83 R   -1  5  0 -2 -3  1  0 -2  0 -3 -2  2 -1 -3 -2 -1 -1 -3 -2 -2    0   0   0   0   0   0   0   0   0   0   0   0   0   0   0   0   0   0   0   0  0.00    0.00
   84 E   -1  0  0  1 -4  2  5 -2  0 -3 -3  1 -2 -3 -1  0 -1 -3 -2 -2    0   0   0   0   0   0   0   0   0   0   0   0   0   0   0   0   0   0   0   0  0.00    0.00
   85 S    1 -1  1  0 -1  0  0  0 -1 -2 -2  0 -1 -2 -1  4  1 -3 -2 -2    0   0   0   0   0   0   0   0   0   0   0   0   0   0   0   0   0   0   0   0  0.00    0.00
   86 W   -2 -3 -4 -4 -2 -2 -3 -2 -2 -3 -2 -3 -1  1 -4 -3 -2 10  2 -3    0   0   0   0   0   0   0   0   0   0   0   0   0   0   0   0   0   0   0   0  0.00    0.00
   87 D   -2 -2  1  6 -3  0  1 -1 -1 -3 -4 -1 -3 -3 -1  0 -1 -4 -3 -3    0   0   0   0   0   0   0   0   0   0   0   0   0   0   0   0   0   0   0   0  0.00    0.00
   88 R   -1  5  0 -2 -3  1  0 -2  0 -3 -2  2 -1 -3 -2 -1 -1 -3 -2 -2    0   0   0   0   0   0   0   0   0   0   0   0   0   0   0   0   0   0   0   0  0.00    0.00
   89 R   -1  5  0 -2 -3  1  0 -2  0 -3 -2  2 -1 -3 -2 -1 -1 -3 -2 -2    0   0   0   0   0   0   0   0   0   0   0   0   0   0   0   0   0   0   0   0  0.00    0.00
   90 L   -1 -2 -3 -4 -1 -2 -3 -4 -3  2  4 -2  2  0 -3 -2 -1 -2 -1  1    0   0   0   0   0   0   0   0   0   0   0   0   0   0   0   0   0   0   0   0  0.00    0.00
   91 G    0 -2  0 -1 -2 -2 -2  6 -2 -4 -4 -2 -3 -3 -2  0 -2 -2 -3 -3    0   0   0   0   0   0   0   0   0   0   0   0   0   0   0   0   0   0   0   0  0.00    0.00
   92 M   -1 -1 -2 -3 -1  0 -2 -3 -2  1  2 -1  5  0 -2 -1 -1 -1 -1  1    0   0   0   0   0   0   0   0   0   0   0   0   0   0   0   0   0   0   0   0  0.00    0.00
   93 G    0 -2  0 -1 -2 -2 -2  6 -2 -4 -4 -2 -3 -3 -2  0 -2 -2 -3 -3    0   0   0   0   0   0   0   0   0   0   0   0   0   0   0   0   0   0   0   0  0.00    0.00
   94 E   -1  0  0  1 -4  2  5 -2  0 -3 -3  1 -2 -3 -1  0 -1 -3 -2 -2    0   0   0   0   0   0   0   0   0   0   0   0   0   0   0   0   0   0   0   0  0.00    0.00
   95 Q   -1  1  0  0 -3  5  2 -2  0 -3 -2  1  0 -3 -1  0 -1 -2 -1 -2    0   0   0   0   0   0   0   0   0   0   0   0   0   0   0   0   0   0   0   0  0.00    0.00
   96 W   -2 -3 -4 -4 -2 -2 -3 -2 -2 -3 -2 -3 -1  1 -4 -3 -2 10  2 -3    0   0   0   0   0   0   0   0   0   0   0   0   0   0   0   0   0   0   0   0  0.00    0.00
   97 G    0 -2  0 -1 -2 -2 -2  6 -2 -4 -4 -2 -3 -3 -2  0 -2 -2 -3 -3    0   0   0   0   0   0   0   0   0   0   0   0   0   0   0   0   0   0   0   0  0.00    0.00
   98 D   -2 -2  1  6 -3  0  1 -1 -1 -3 -4 -1 -3 -3 -1  0 -1 -4 -3 -3    0   0   0   0   0   0   0   0   0   0   0   0   0   0   0   0   0   0   0   0  0.00    0.00
   99 L   -1 -2 -3 -4 -1 -2 -3 -4 -3  2  4 -2  2  0 -3 -2 -1 -2 -1  1    0   0   0   0   0   0   0   0   0   0   0   0   0   0   0   0   0   0   0   0  0.00    0.00
  100 I   -1 -3 -3 -3 -1 -3 -3 -4 -3  4  2 -3  1  0 -3 -2 -1 -3 -1  3    0   0   0   0   0   0   0   0   0   0   0   0   0   0   0   0   0   0   0   0  0.00    0.00
  101 F   -2 -3 -3 -3 -2 -3 -3 -3 -1  0  0 -3  0  6 -4 -2 -2  1  3 -1    0   0   0   0   0   0   0   0   0   0   0   0   0   0   0   0   0   0   0   0  0.00    0.00
  102 I   -1 -3 -3 -3 -1 -3 -3 -4 -3  4  2 -3  1  0 -3 -2 -1 -3 -1  3    0   0   0   0   0   0   0   0   0   0   0   0   0   0   0   0   0   0   0   0  0.00    0.00
  103 P   -1 -2 -2 -1 -3 -1 -1 -2 -2 -3 -3 -1 -2 -4  7 -1 -1 -4 -3 -2    0   0   0   0   0   0   0   0   0   0   0   0   0   0   0   0   0   0   0   0  0.00    0.00
  104 H   -2  0  1 -1 -3  0  0 -2  7 -3 -3 -1 -2 -1 -2 -1 -2 -2  2 -3    0   0   0   0   0   0   0   0   0   0   0   0   0   0   0   0   0   0   0   0  0.00    0.00
  105 T    0 -1  0 -1 -1 -1 -1 -2 -2 -1 -1 -1 -1 -2 -1  1  4 -2 -2  0    0   0   0   0   0   0   0   0   0   0   0   0   0   0   0   0   0   0   0   0  0.00    0.00
  106 E   -1  0  0  1 -4  2  5 -2  0 -3 -3  1 -2 -3 -1  0 -1 -3 -2 -2    0   0   0   0   0   0   0   0   0   0   0   0   0   0   0   0   0   0   0   0  0.00    0.00
  107 G    0 -2  0 -1 -2 -2 -2  6 -2 -4 -4 -2 -3 -3 -2  0 -2 -2 -3 -3    0   0   0   0   0   0   0   0   0   0   0   0   0   0   0   0   0   0   0   0  0.00    0.00
  108 W   -3 -3 -4 -5 -3 -2 -3 -3 -3 -3 -2 -3 -2  1 -4 -3 -3 11  2 -3    0   0   0   0   0   0   0   0   0   0   0   0   0   0   0   0   0 100   0   0  2.33 0.01
  109 V   -1 -3 -3 -3 -1 -3 -3 -4 -3  4  1 -3  1 -1 -3 -2  0 -3 -1  3    0   0   0   0   0   0   0   0   0  50   0   0   0   0   0   0   0   0   0  50  0.35 0.00
  110 L   -2 -3 -3 -4 -2 -3 -3 -4 -2  1  3 -3  1  5 -3 -3 -2  0  2  0    0   0   0   0   0   0   0   0   0   0  50   0   0  50   0   0   0   0   0   0  0.43 0.00
  111 D   -2 -2  1  6 -4  0  2 -1 -1 -3 -4 -1 -3 -4 -2  0 -1 -5 -3 -3    0   0   0 100   0   0   0   0   0   0   0   0   0   0   0   0   0   0   0   0  0.93 0.00
  112 D   -2 -2  0  4 -2 -1  0 -2 -2  0  2 -2  0 -1 -2 -1 -1 -3 -2 -1    0   0   0  50   0   0   0   0   0   0  50   0   0   0   0   0   0   0   0   0  0.31 0.00
  113 D   -2 -2  1  6 -4  0  2 -1 -1 -3 -4 -1 -3 -4 -2  0 -1 -5 -3 -3    0   0   0 100   0   0   0   0   0   0   0   0   0   0   0   0   0   0   0   0  0.93 0.00
  114 D   -2  4  1  4 -4  0  1 -2 -1 -3 -3  1 -2 -3 -2 -1 -1 -4 -2 -3    0  50   0  50   0   0   0   0   0   0   0   0   0   0   0   0   0   0   0   0  0.56 0.00
  115 V   -1 -1 -1 -2 -2 -1 -1 -3  6  1 -1 -2  0 -1 -2 -1 -1 -3  1  2    0   0   0   0   0   0   0   0  50   0   0   0   0   0   0   0   0   0   0  50  0.31 0.00
  116 P    0 -2 -1 -2 -3 -2 -2  4 -2 -3 -3 -1 -3 -4  6 -1 -1 -3 -3 -3    0   0   0   0   0   0   0  50   0   0   0   0   0   0  50   0   0   0   0   0  1.09 0.00
  117 Q   -2  0 -1 -2 -3  4  0 -2 -1 -3 -2  0 -1 -1 -2 -1 -2  9  1 -3    0   0   0   0   0  50   0   0   0   0   0   0   0   0   0   0   0  50   0   0  1.06 0.01
  118 W   -3 -3 -4 -5 -3 -2 -3 -3 -3 -3 -2 -3 -2  1 -4 -3 -3 11  2 -3    0   0   0   0   0   0   0   0   0   0   0   0   0   0   0   0   0 100   0   0  2.33 0.01
  119 Y   -2 -2 -3 -4 -3 -2 -3 -3  0 -2 -1 -3 -1  2 -4 -2 -2  9  6 -2    0   0   0   0   0   0   0   0   0   0   0   0   0   0   0   0   0  50  50   0  1.31 0.01
  120 T    0 -2  0 -1 -2 -1 -2  4 -2 -2 -2 -1 -2 -3 -2  1  3 -3 -2 -1    0   0   0   0   0   0   0  50   0   0   0   0   0   0   0   0  50   0   0   0  0.48 0.00
  121 D   -2 -1  5  5 -3  0  1 -1  0 -3 -4  0 -3 -3 -2  0 -1 -4 -3 -3    0   0  50  50   0   0   0   0   0   0   0   0   0   0   0   0   0   0   0   0  0.67 0.00
  122 G    3 -2 -1 -2 -1 -1 -2  4 -2 -2 -3 -1 -2 -3 -2  1 -1 -3 -3 -1   50   0   0   0   0   0   0  50   0   0   0   0   0   0   0   0   0   0   0   0  0.52 0.00
  123 P    3 -2 -2 -2 -1 -1 -1 -1 -2 -2 -2 -1 -2 -3  6  0 -1 -3 -2 -1   50   0   0   0   0   0   0   0   0   0   0   0   0   0  50   0   0   0   0   0  0.89 0.00
  124 A    4 -2 -2 -2  0 -1 -1  0 -2 -1 -2 -1 -1 -2 -1  1  0 -3 -2  0  100   0   0   0   0   0   0   0   0   0   0   0   0   0   0   0   0   0   0   0  0.41 0.00
  125 P   -1 -2 -3 -3 -2 -2 -2 -3 -3  0  2 -2  1 -1  6 -2 -1 -3 -2  0    0   0   0   0   0   0   0   0   0   0  50   0   0   0  50   0   0   0   0   0  0.80 0.00
  126 R   -1  4  0 -1 -2  0 -1 -2 -1 -2 -2  1 -1 -3 -2  1  3 -3 -2 -1    0  50   0   0   0   0   0   0   0   0   0   0   0   0   0   0  50   0   0   0  0.39 0.00
  127 F   -2 -3 -3 -4 -3 -3 -3 -3 -1  0  0 -3  0  7 -4 -3 -2  1  3 -1    0   0   0   0   0   0   0   0   0   0   0   0   0 100   0   0   0   0   0   0  0.74 0.01
  128 E    0  0  0  1 -2  1  4 -1  0 -1 -1  0 -1 -1  0  0  0 -1 -1 -1    4   3   2   3   1   2  53   4   1   3   5   3   1   2   3   4   3   1   2   3  0.25 0.00
  129 D   -1 -1  1  4 -2  0  1 -1 -1 -1 -2  0 -1 -2  0  0  0 -2 -1 -1    4   3   2  53   1   2   3   4   1   3   5   3   1   2   3   4   3   1   2   3  0.31 0.00
  130 E    0  0  0  1 -2  1  4 -1  0 -1 -1  0 -1 -1  0  0  0 -1 -1 -1    4   3   2   3   1   2  53   4   1   3   5   3   1   2   3   4   3   1   2   3  0.25 0.00
  131 W   -3 -3 -4 -5 -3 -2 -3 -3 -3 -3 -2 -3 -2  1 -4 -3 -3 11  2 -3    0   0   0   0   0   0   0   0   0   0   0   0   0   0   0   0   0 100   0   0  2.33 0.01
  132 H   -2  0  4  0 -3  0  0 -1  6 -3 -3  0 -2 -2 -2  0 -1 -3  0 -3    0   0  50   0   0   0   0   0  50   0   0   0   0   0   0   0   0   0   0   0  0.59 0.00
  133 P    0 -1  0 -1 -2 -1 -1 -1 -2 -3 -3 -1 -2 -3  6  3  0 -3 -2 -2    0   0   0   0   0   0   0   0   0   0   0   0   0   0  50  50   0   0   0   0  0.91 0.00
  134 S    1 -2 -1 -1 -1 -1 -1 -1 -2  1  0 -1  0 -2 -2  2  1 -3 -2  2    0   0   0   0   0   0   0   0   0   0   0   0   0   0   0  50   0   0   0  50  0.18 0.00
  135 D   -2 -2  1  6 -4  0  2 -1 -1 -3 -4 -1 -3 -4 -2  0 -1 -5 -3 -3    0   0   0 100   0   0   0   0   0   0   0   0   0   0   0   0   0   0   0   0  0.93 0.00
  136 R   -1  4  0  0 -4  2  4 -2  0 -3 -3  2 -2 -3 -2  0 -1 -3 -2 -3    0  50   0   0   0   0  50   0   0   0   0   0   0   0   0   0   0   0   0   0  0.55 0.00
  137 L   -2 -2 -4 -4 -1 -2 -3 -4 -3  2  4 -3  2  0 -3 -3 -1 -2 -1  1    0   0   0   0   0   0   0   0   0   0 100   0   0   0   0   0   0   0   0   0  0.46 0.00
  138 F   -2 -3 -3 -4 -2 -3 -3 -4 -2  3  1 -3  1  5 -3 -3 -1  0  2  1    0   0   0   0   0   0   0   0   0  50   0   0   0  50   0   0   0   0   0   0  0.38 0.00
  139 A    3 -1  4  0 -1  0 -1  0  0 -2 -2  0 -2 -3 -1  1  0 -3 -2 -1   50   0  50   0   0   0   0   0   0   0   0   0   0   0   0   0   0   0   0   0  0.35 0.00
  140 P   -1  1 -1 -1 -3  0  0 -2 -1 -3 -3  3 -2 -4  6 -1 -1 -4 -3 -3    0   0   0   0   0   0   0   0   0   0   0  50   0   0  50   0   0   0   0   0  0.92 0.00
  141 M   -1 -2  0  4 -2  0  0 -2 -1  0  0 -1  4 -1 -2 -1 -1 -3 -2 -1    0   0   0  50   0   0   0   0   0   0   0   0  50   0   0   0   0   0   0   0  0.31 0.00
  142 Y   -2 -2 -3 -4 -2 -2 -3 -4  0  0  3 -2  1  2 -3 -2 -2  1  5  0    0   0   0   0   0   0   0   0   0   0  50   0   0   0   0   0   0   0  50   0  0.42 0.00
  143 A    3 -1  0 -1 -1  0 -1  0 -1 -2 -2  0 -1 -2 -1  3  1 -3 -2 -1   50   0   0   0   0   0   0   0   0   0   0   0   0   0   0  50   0   0   0   0  0.35 0.00
  144 P    0 -2 -1 -2 -3 -2 -2  4 -2 -3 -3 -1 -3 -4  6 -1 -1 -3 -3 -3    0   0   0   0   0   0   0  50   0   0   0   0   0   0  50   0   0   0   0   0  1.09 0.00
  145 G   -1 -2  1  4 -3 -1  0  4 -2 -4 -4 -1 -3 -4 -2  0 -1 -3 -3 -3    0   0   0  50   0   0   0  50   0   0   0   0   0   0   0   0   0   0   0   0  0.66 0.00
  146 P    0 -2 -1 -1 -2 -1 -1 -2 -2 -2 -2 -1 -2 -3  6  1  3 -3 -2 -1    0   0   0   0   0   0   0   0   0   0   0   0   0   0  50   0  50   0   0   0  0.90 0.00
  147 Q   -1  1  0  0 -3  6  2 -2  0 -3 -2  1  0 -3 -1  0 -1 -2 -2 -2    0   0   0   0   0 100   0   0   0   0   0   0   0   0   0   0   0   0   0   0  0.66 0.01
  148 G    0 -3  0 -1 -3 -2 -2  6 -2 -4 -4 -2 -3 -3 -2  0 -2 -3 -3 -3    0   0   0   0   0   0   0 100   0   0   0   0   0   0   0   0   0   0   0   0  1.04 0.00
  149 G    3 -2 -1 -2 -1 -1 -2  4 -2 -2 -3 -1 -2 -3 -2  1 -1 -3 -3 -1   50   0   0   0   0   0   0  50   0   0   0   0   0   0   0   0   0   0   0   0  0.52 0.00
  150 G    0  1  0 -1 -3  0  0  4 -1 -3 -3  3 -2 -3 -2  0 -1 -3 -3 -3    0   0   0   0   0   0   0  50   0   0   0  50   0   0   0   0   0   0   0   0  0.49 0.00
  151 N    0 -1  4  4 -2  0  0 -1  0 -3 -3  0 -2 -3 -2  2  0 -4 -2 -3    0   0  34  32   0   0   0   0   0   0   0   0   0   0   0  33   0   0   0   0  0.48 0.01
  152 S    0  3  0 -1 -2  0  0 -1 -1 -3 -3  1 -2 -3 -1  3  1 -3 -2 -2    0  32   0   0   0   0   0   0   0   0   0   0   0   0   0  68   0   0   0   0  0.39 0.01
  153 G   -1 -2  0  3 -3 -1  0  3 -2 -1 -1 -1  3 -2 -2 -1 -1 -3 -2 -1    0   0   0  33   0   0   0  34   0   0   0   0  32   0   0   0   0   0   0   0  0.30 0.01
  154 E   -1  0  0  1 -4  2  4 -2  5 -4 -3  0 -2 -3 -2  0 -1 -3  0 -3    0   0   0   0   0   0  68   0  32   0   0   0   0   0   0   0   0   0   0   0  0.61 0.02
  155 L   -1 -1 -2 -2 -2  3 -1 -3 -2  2  2 -1  1 -1 -2 -2 -1 -2 -1  1    0   0   0   0   0  32   0   0   0  33  34   0   0   0   0   0   0   0   0   0  0.20 0.01
  156 I   -1 -2 -2 -3 -1 -2 -2 -3 -3  2  2 -2  1  0 -2 -1  2 -2 -1  1    0   0   0   0   0   0   0   0   0  34  33   0   0   0   0   0  32   0   0   0  0.23 0.01
  157 G   -1 -3 -1 -2 -3 -2 -3  5 -2 -2 -2 -2 -2  3 -3 -1 -2 -1  0 -2    0   0   0   0   0   0   0  68   0   0   0   0   0  32   0   0   0   0   0   0  0.61 0.01
  158 V    0 -1 -1  0 -2  0  3 -2 -1  0 -1  0 -1 -2 -2  2  0 -3 -2  2    0   0   0   0   0   0  32   0   0   0   0   0   0   0   0  33   0   0   0  34  0.19 0.01
  159 L   -2 -3 -4 -4 -2 -3 -3 -4 -2  1  3 -3  2  4 -3 -3 -2 -1  1  0    0   0   0   0   0   0   0   0   0   0  67   0   0  33   0   0   0   0   0   0  0.41 0.01
  160 S    4 -1 -1 -1 -1 -1 -1  0 -2 -2 -2 -1 -1 -2 -1  3  1 -3 -2 -1   66   0   0   0   0   0   0   0   0   0   0   0   0   0   0  34   0   0   0   0  0.37 0.01
  161 V    2 -2 -3 -3 -1 -2 -2 -2 -3  3  1 -2  0 -1 -2 -1  0 -3 -2  3   32   0   0   0   0   0   0   0   0  33   0   0   0   0   0   0   0   0   0  34  0.21 0.01
  162 D   -1 -1  0  3 -2  0  0 -1  0 -2 -1 -1 -1  1 -1 -1 -1  0  4 -1    3   2   1  36   1   1   2   2   1   2   3   2   1   1   2   2   2   0  34   2  0.27 0.01
  163 R   -1  5  3 -1 -3  1  0 -1  0 -2 -2  1 -1 -2 -2  0 -1 -2 -2 -2    2  61  20   1   0   1   1   1   0   1   2   1   0   1   1   1   1   0   1   1  0.45 0.03
  164 P   -1 -1  0  2 -2 -1  0 -2  4 -2 -2 -1 -2 -2  5 -1 -1 -3 -1 -2    2   1   1  21   0   1   1   1  20   1   2   1   0   1  42   1   1   0   1   1  0.71 0.03
  165 R   -1  4  0 -1 -2  1  0 -2 -1 -2 -2  3 -1 -2 -1  0  1 -2 -2 -2    1  35   1   1   0   1   1   1   0   1   1  35   0   1   1   1  17   0   1   1  0.36 0.03
  166 N    0 -1  4  4 -3  0  0 -1  4 -3 -3 -1 -2 -3 -2  0 -1 -4 -2 -3   16   0  35  33   0   0   0   0  16   0   0   0   0   0   0   0   0   0   0   0  0.48 0.05
  167 G    0 -2 -1 -1 -2 -2 -2  4 -2  0 -2 -1 -2 -3 -2  2  0 -3 -3 -1    0   0   0   0   0   0   0  51   0  16   0   0   0   0   0  33   0   0   0   0  0.45 0.04
  168 R   -1  4 -1 -2 -3  0  0 -3 -1 -2  0  3 -1 -2 -2 -1  1 -3 -2 -2    0  44   0   0   0   0   0   0   0   0  15  28   0   0   0   0  13   0   0   0  0.39 0.06
  169 R   -1  5 -1 -2 -3  0 -1 -2 -1  0 -2  1 -1 -2 -2  1 -1 -3 -2 -1    1  63   1   1   0   1   1   1   0  13   1   1   0   0   1  14   1   0   0   1  0.45 0.07
  170 P   -1 -2  1 -1 -3 -1 -1 -2 -2  0 -2 -1 -2 -3  7  0 -1 -3 -3 -2    1   0   9   1   0   0   1   1   0  11   1   1   0   0  62  11   1   0   0   1  1.12 0.11
  171 G    1 -2 -1  2 -2 -2 -1  4 -2 -2 -3 -2 -2 -3 -2  0  0 -3 -3  0   10   0   0  20   0   0   0  50   0   0   0   0   0   0   0   0  10   0   0  11  0.48 0.08
  172 A    3 -2 -2  0 -2 -1 -1 -1 -2 -2 -2  0 -2 -3  3  0  1  4 -2  0   48   0   0   7   0   0   0   0   0   0   0   7   0   0  15   0   8   7   0   7  0.38 0.11
  173 W   -2  0 -1 -3 -3 -1 -2 -3  6 -1 -2  0 -2  3 -3  0 -2  7  1 -2    0   7   0   0   0   0   0   0  30   6   1   7   0  16   0   8   0  21   0   0  0.64 0.15
  174 G    0  0  1 -1 -2  1  0  3 -1 -3 -3 -1 -2 -3  1  0  2 -3 -2 -2    7   7   8   0   0  10   7  30   0   0   1   0   0   0   8   0  20   0   0   0  0.30 0.08
  175 R   -1  3  0 -1 -2  1  0 -2 -1 -1  2  1  0 -2 -2 -1  0 -2 -2 -1    1  24   6   1   0   6   6   1   0   1  31  12   0   1   1   1   7   0   0   1  0.18 0.08
  176 E    1  1 -1  1 -2  2  3 -2 -1 -2 -2  1 -2 -3 -1  1  1 -3 -2 -2   17   7   1   5   0  10  26   1   0   1   1  12   0   0   1   6  11   0   0   1  0.28 0.09
  177 A    1 -2 -2  0 -2 -1  0 -1 -2  1  1 -1  1  0 -2 -1 -1 -2 -1  2   22   1   1   5   0   0   9   5   0   5  18   1   5   5   1   1   1   0   0  19  0.08 0.06
  178 L    1  1 -2 -3 -2 -1 -2 -2 -2  1  2  1  0 -1 -2 -1 -1 -2  0  2   17   9   0   1   0   0   1   1   0   9  26  10   0   0   1   1   1   0   4  20  0.14 0.09
  179 Q    1  2 -1 -2 -2  3  1 -1 -1 -2  0  1  1 -3 -2  1  0 -3 -2 -2   13  13   0   0   0  24   5   5   0   0  11   8   4   0   0  10   5   0   0   0  0.22 0.11
  180 M   -2  0 -1 -3 -2  0 -3 -4 -3  0  4 -2  3 -1 -3  0  0  2 -2  0    0   5   4   0   0   5   0   0   0   0  53   0  10   0   0   8   8   4   0   4  0.35 0.17
  181 Y    0  1 -2  0 -3 -2  0 -3  1  0  0 -2 -1  1 -3 -1 -2  3  5 -1   10  11   0   6   0   0   5   0   4   8  13   0   0   4   0   5   0   4  32   0  0.31 0.16
  182 A    3  0 -2 -1 -2  0 -1  1 -2 -2 -2  0  3 -3  1  1  0 -3 -3 -1   33   4   0   3   0   3   3  13   0   0   0   3  13   0   8   7   7   0   0   3  0.25 0.15
  183 F   -2  3  0  1 -4 -1 -2  2  1 -3  0  0 -2  0 -1 -1 -2  2  2 -3    0  24   5  11   0   0   0  20   3   0  11   3   0   3   3   3   0   3   9   0  0.24 0.15
  184 Q    1  1  0  0 -3  3  1 -1  2 -2 -1  1  0 -3  0  1  1 -3 -2 -2   11   9   3   3   0  16   6   4   6   0   6  11   3   0   3   9   9   0   0   0  0.18 0.11
  185 A    0  1 -2  0 -3  2  1 -3 -2  1  1  0 -1 -1  0 -1 -1 -3 -1  2   11   8   0   5   0  13   9   0   0   8  12   6   0   2   5   0   0   0   2  18  0.12 0.11
  186 A    1  0  0  1 -2  1  1  2 -2  0 -2  0 -2  0 -2  1 -1 -3 -2  0   14   4   2   7   0   8  10  15   0  10   0   3   0   5   0  13   0   0   0   9  0.12 0.11
  187 I    1  0 -3 -3 -2  0 -1 -3 -2  1  1 -1 -1  0 -3 -1  0  1  3  3   15   4   0   0   0   5   2   0   0   9  11   2   0   4   0   2   6   2  13  26  0.20 0.16
  188 A    2 -3 -3 -2 -2 -3 -3 -3  1  1  3 -3  0  1 -3  1 -2 -3 -2  1   23   0   0   3   0   0   0   0   4  10  37   0   0   5   0  12   0   0   0   6  0.33 0.23
  189 I   -1 -3 -3  1 -3 -1 -2 -3 -3  3  2 -3  1 -1 -3 -1 -2 -3  1  3    5   0   0   9   0   4   2   2   0  20  21   0   2   0   0   3   0   0   5  26  0.30 0.19
  190 S    1  0 -1 -2 -2  1  1 -1  2 -1 -1  1  0 -3 -1  2  2 -3 -1  0   10   3   0   0   0   5  11   3   7   2   5  10   2   0   2  17  13   0   2   9  0.15 0.14
  191 N   -1  0  1  1 -3  0  1  1 -1 -1  1  1  0 -2  0 -1 -1 -2  1 -2    3   6  10   7   0   2  11  11   0   4  17   8   3   0   4   3   2   0   8   0  0.08 0.10
  192 A    2 -1 -1 -1  0  2  0 -2 -1 -1  0  0  0 -1 -1  0  1 -3 -1  1   22   2   2   2   2  11   5   2   1   2   7   7   3   2   3   6   9   0   2  14  0.10 0.12
  193 R   -2  4 -1 -1 -4  2  1 -3  1 -2 -2  2 -2  2 -3  0  0  0 -2 -3    0  28   2   1   0   9  10   0   4   3   4  15   0   9   0   6   6   1   0   0  0.39 0.24
  194 L   -1  0 -3 -2 -3  0  0 -4 -1  2  3 -2  0 -1 -3 -2  0 -3  1  1    4   5   0   1   0   6   6   0   2  14  35   2   1   1   0   0   4   0   5  12  0.25 0.18
  195 R    0  3 -2  0 -3  0  0 -2  3  0  0  0  0  2 -3 -1 -2 -2  2 -1    7  18   0   5   0   2   7   3  10   7   8   5   2  11   0   4   0   0   7   4  0.15 0.14
  196 S    0  0  0  1 -3  2  1 -2 -1 -1  1  1 -1 -2 -1  1  0  0 -1 -1    7   5   5   8   0  12   9   0   1   3  17   8   0   1   1  11   4   1   2   4  0.10 0.11
  197 N    1  2  0  1 -3  3  2 -1 -1 -3 -2  0 -2 -4 -2  2 -1 -4 -3 -1   13  11   5   6   0  14  16   5   1   0   2   3   0   0   1  15   1   0   0   6  0.27 0.20
  198 M   -1 -1 -2 -2 -3 -1 -2 -3  0  1  3 -2  3  0 -4 -1  0 -3 -2  1    5   4   1   2   0   3   1   1   2   8  39   1   9   3   0   3   5   0   0  11  0.31 0.22
  199 Q   -1  1 -1 -1 -1  3  3  1  2  1 -2  0 -2 -3 -3 -1  0 -4  0  0    3   6   2   1   1  19  19  10   5   9   2   4   0   0   0   4   6   0   3   6  0.24 0.21
  200 R    0  6 -1 -2 -5  1  2 -4  2 -2 -4  1  1 -5 -1 -3 -1 -5 -4 -4    7  43   2   2   0   6  14   0   4   3   1   8   3   0   3   0   3   0   0   0  0.76 0.41
  201 A    2 -1 -2  3 -4  3  2 -3 -1 -4 -1 -1  0 -3 -2  1 -2 -4 -1 -2   17   3   1  20   0  16  15   0   1   0   6   2   2   1   2   9   0   0   2   3  0.40 0.30
  202 L   -1 -1  0 -4 -1 -1 -3 -4 -3  4  2 -3  0  0 -4 -2 -1 -2 -3  2    4   5   6   0   1   3   1   0   1  30  23   1   2   4   0   2   3   1   0  14  0.40 0.26
  203 V    1  0 -1  0 -1 -1  0 -3  0  1  0 -1 -1 -1 -2  1  2 -3 -1  0   12   4   2   5   1   1   7   0   3  11  12   3   1   3   0  10  16   0   2   6  0.10 0.12
  204 R    0  2 -1 -1 -4  3  2 -2  1 -1 -1  1 -2 -2 -3 -1 -1 -4 -1  0    8  15   3   2   0  14  18   2   3   3   7   8   0   2   0   3   4   0   1   9  0.24 0.20
  205 L    0  2 -2 -2 -1  0 -2 -4  1  1  3 -1 -1  0 -4 -1 -2 -1  1  0    7  15   2   2   1   4   1   0   5   8  32   2   0   3   0   4   1   1   4   7  0.23 0.21
  206 E    0  1 -1  0 -2  3  1 -3  2 -1 -1  2 -2 -1 -3  0 -2  0 -3  0   10   9   3   6   1  15  11   0   6   4   5  16   1   3   0   4   1   1   0   6  0.23 0.20
  207 R    0  5 -1 -2 -4  2  1 -2  0 -3 -1  2  0 -4 -4 -1 -2 -4 -2 -1    8  34   2   1   0   9   9   2   2   1   6  10   2   0   0   5   1   0   1   5  0.48 0.32
  208 D    1 -1 -1  1 -3  1  2 -2 -2  0  0 -2  2 -2 -3  1  1 -2  0  0   15   3   2   8   0   6  13   1   1   7   9   1   7   0   0   9   8   0   3   7  0.13 0.16
  209 Q    1  2  1  0 -5  3  4 -2  0 -1 -3  0  2 -5 -4 -2 -2 -5 -4 -2   11  12   6   3   0  14  27   3   2   3   2   5   6   0   0   1   1   0   0   3  0.43 0.32
  210 Q    1  2  0  2 -4  4  2 -2 -1 -3 -3  1 -1 -3 -2  0 -1 -5 -3 -2   12  13   4  11   0  19  10   1   1   1   2  10   2   1   1   5   4   0   1   2  0.35 0.27
  211 A    3  2  0 -2 -4  2  2 -2 -1 -3 -3 -1  0 -5 -2  0 -1 -5 -3 -1   30  13   3   1   0   9  16   2   1   1   2   3   2   0   2   6   3   0   1   4  0.38 0.31
  212 L   -1  0 -2 -5 -4  0 -4 -5 -2  1  5 -3  1 -1 -3 -3 -2 -2 -1 -1    6   5   2   0   0   4   1   0   1   7  57   1   3   2   1   2   2   1   2   3  0.69 0.41
  213 R    0  5 -3 -1 -5  1  2 -3  2 -1 -2  2 -3 -5 -3  0 -2 -5 -3 -2    7  33   0   2   0   7  15   1   5   4   4  10   0   0   1   7   1   0   0   2  0.56 0.36
  214 A    1  1 -1  1 -4  4  3 -3  2 -2 -2  0 -1 -4 -3 -1 -1 -5 -2 -1   12   7   3   6   0  19  24   1   5   2   3   3   1   0   1   4   4   0   1   4  0.40 0.30
  215 S    2  2  0 -1 -2  1 -1 -2 -1 -3  0 -1  0 -4 -2  3 -1 -4 -2 -2   16  12   4   3   1   6   3   2   1   1  10   3   2   0   2  30   3   0   1   2  0.31 0.28
  216 E   -1  1  0  1 -6  2  6 -2 -1 -4 -2 -1 -3 -4 -3 -2 -4 -1 -5 -2    5   6   4   6   0   8  48   3   2   1   5   3   1   1   1   2   0   1   0   3  0.82 0.54
  217 E    1  1  0  2 -6  3  5 -3 -1 -6 -3  0 -2 -6 -5 -2 -2 -2 -3 -5   13   7   4   9   0  13  36   1   2   0   3   4   1   0   0   2   2   1   1   0  0.72 0.51
  218 S   -2  4  0 -2 -3  1  0 -3  1 -1  1  1  0 -2 -4 -1 -1  1 -2 -1    3  28   4   1   0   7   6   2   3   4  14   8   2   1   0   5   3   2   1   5  0.34 0.29
  219 F   -4 -3 -5 -6 -5 -3 -6 -3  0  0  4 -6 -1  5 -4 -4 -4  4  5 -1    1   1   1   0   0   1   0   2   2   4  33   0   1  21   1   2   1   4  20   4  1.01 0.57
  220 R    0  5  0 -3 -6  2  1 -5  3 -5 -3  1  0 -4 -4  0  0 -6 -3 -5    8  32   5   1   0   9  10   0   7   0   3   7   2   1   1   6   6   0   1   0  0.67 0.47
  221 Q    2  2 -1 -1 -4  1 -1 -2 -1 -2  1  0 -1 -1 -2  1  1 -3 -1 -3   20  12   3   4   0   7   4   3   2   2  13   4   1   3   2  11   9   0   2   1  0.18 0.23
  222 A    2 -5 -6 -6 -5 -5 -6 -5 -1  4  3 -5  0  1 -4 -2 -2 -1 -2  3   17   0   0   0   0   0   0   1   2  20  24   0   2   6   1   3   2   1   1  20  0.70 0.44
  223 F   -1 -6 -4 -7 -5 -2 -5 -6 -6  2  4 -6  3  4 -5 -5 -2  0  1  2    6   0   1   0   0   2   1   0   0  12  33   0   6  18   1   1   3   1   4  12  0.79 0.48
  224 E   -1 -2  2  4 -7  0  5 -3  0 -7 -5 -2 -4 -5 -5 -1 -1 -7 -2 -5    6   2   9  23   0   3  39   2   2   0   1   2   0   0   0   4   3   0   1   1  1.01 0.65
  225 Y    0  0  3 -2 -5  0 -1  0  3 -2 -1 -2 -3  0 -4  2  0 -2  1  0    7   5  16   1   0   4   4   7   8   2   6   1   0   4   1  18   5   0   5   7  0.25 0.27
  226 A    3 -4 -3 -2 -2 -5 -3 -4 -3  2  1 -5  2 -1 -5  2  1 -6 -3  2   25   0   1   2   1   0   1   1   1  10  14   0   4   2   0  15   7   0   1  15  0.47 0.39
  227 P    0  0 -1  0 -4  0 -2  0 -2 -2  0 -3  0 -2  5  1  0 -3 -2 -2    7   5   4   5   0   4   2   8   1   3  11   1   2   2  26  10   6   0   1   2  0.38 0.32
  228 S   -1 -3  0  6  0  0  2 -3  1  0 -2 -3 -2  0 -5 -1 -1 -6 -5  0    5   1   4  37   2   4  11   2   3   6   4   1   1   4   0   3   4   0   0   7  0.62 0.43
  229 G    2 -4 -2 -5 -6 -3 -6  5 -4 -1  0 -4  0 -4  1 -2 -1 -6 -2 -2   17   1   2   1   0   1   0  44   0   4   9   1   2   1   7   2   3   0   2   3  0.81 0.53
  230 M   -1 -6 -5 -5 -5 -5 -6 -6 -6  5  2 -4  4  1 -3 -5 -2 -6 -1  3    5   0   1   1   0   1   0   0   0  33  19   1   9   5   2   1   3   0   2  19  0.95 0.53
  231 A    1 -5 -5 -4  4 -3 -3 -3 -3  1  1 -5  2  3 -2 -1 -2  7  2  1   13   0   0   1   9   1   1   2   0   6  12   0   4  11   2   5   2  13   6   8  0.59 0.38
  232 I   -3 -2 -4  3 -2 -2 -2 -4 -4  3  1 -4 -1 -1  1 -2  0 -1  0  3    2   2   0  15   1   2   2   1   0  19  15   1   1   3   7   2   7   1   3  17  0.40 0.31
  233 A    1 -3 -3 -4  2 -2 -4 -4 -2  2  2 -2  3  1 -3 -2 -2  6  1  2   11   1   1   1   4   2   1   1   1  11  18   2   8   5   1   4   2   9   4  13  0.42 0.27
  234 E    0  0  1  2 -2  0  0 -1  3 -1 -1 -1 -2 -1 -2  1  0 -2  0  0    8   5   7  12   1   3   6   5   8   4   5   3   1   2   2  10   6   0   3   9  0.10 0.08
  235 M    1 -1 -1 -1  2 -1 -1 -1 -2  1  1 -1  1  1 -1 -1 -1  0 -1  1   13   4   3   3   5   2   3   5   1   7  16   3   4   5   4   4   3   1   1  13  0.07 0.06
  236 G    0  0  0  1  0  0  1  0  0  0 -1  0  0 -2  0  0  0  0 -1  0    8   7   5   8   2   4   8   6   3   6   7   3   2   1   4   9   4   2   1   9  0.03 0.03
  237 G    0 -1 -1 -1  1 -1 -1  0 -2  1  0  0  0 -1 -1 -1  3 -2  0  1    6   4   2   3   3   3   3   8   1   7  10   6   2   2   3   4  20   0   3   9  0.10 0.10
  238 D   -3 -2  2  7 -5 -2 -2 -1  0 -4 -4 -3 -3 -4 -2 -2  0 -5 -4 -3    3   3  10  53   0   2   3   6   2   1   2   1   1   1   2   3   5   0   1   2  1.19 0.59
  239 Q    1  2 -1  0  0  1  1  0  2 -2 -2  0 -1 -3  2  0  0 -4 -2 -1   13  12   2   5   2   5   8   6   6   2   4   5   1   1  10   7   5   0   1   4  0.16 0.16
  240 H    0  1  2  4 -4  1  2 -2  2 -3 -3  0 -2 -2 -2  0  0 -4 -2 -2    6   7  11  20   0   6  12   3   4   1   2   4   1   2   2   7   5   0   1   3  0.32 0.23
  241 G   -1 -2 -1 -3 -5 -2 -3  6 -1 -4 -1 -3  0  0 -3 -1 -2 -1 -1 -4    5   2   3   2   0   2   1  56   2   1   6   2   3   3   1   5   2   1   3   1  0.99 0.52
  242 R   -2  5  1 -3  0  0 -1 -3  3  0 -1  1 -1 -3 -4 -3  1 -4 -1  0    3  29   7   1   2   4   4   2   7   5   6   7   1   1   1   1   8   0   2   8  0.44 0.31
  243 I   -3 -4 -5 -7 -2 -6 -5 -5 -4  5  1 -6  2  3 -6 -5 -4 -1  2  3    2   1   1   0   1   0   1   1   0  35  14   0   4  13   0   1   1   1   7  17  1.01 0.54
  244 L   -2  0 -4 -3 -3  0  1 -5 -2  1  3 -2 -1 -3 -5 -2  1 -6 -4  4    3   5   0   2   0   5   9   1   1   7  23   2   1   1   0   3   8   0   0  28  0.49 0.38
  245 R   -1  0 -3  1 -1 -1 -1 -2  3 -1 -2 -3  2  4 -6  1 -3 -1  5 -3    5   6   1   7   1   3   4   3   6   4   3   2   6  14   0  10   1   1  22   2  0.53 0.40
  246 T    2 -1 -5 -7  4 -6 -4 -6 -4  3 -1 -5  2  0 -6 -2 -3  6 -1  4   18   4   0   0   7   0   1   0   0  13   5   0   5   4   0   4   1  10   2  24  0.77 0.49
  247 N   -5 -4  8 -2 -8 -6 -7  1 -6 -9 -6 -7 -8 -9 -8  3 -4 -9 -8 -9    1   1  66   2   0   0   0   8   0   0   1   0   0   0   0  19   1   0   0   0  2.25 1.17
  248 D    1  2 -2  1 -4  1 -1 -5  0 -6 -4  0 -4 -4  6 -3 -1 -8 -7 -5   11  11   2   9   0   7   5   1   2   0   2   6   1   1  36   2   4   0   0   1  0.88 0.62
  249 A    5  1 -1 -3 -4 -3 -3  1 -4 -3 -5 -3 -3 -1 -3  0  3  0 -1 -3   39   6   3   1   0   1   1  12   0   1   0   1   1   3   1   8  15   2   2   2  0.67 0.53
  250 L    2 -5 -7 -7  3 -4 -7 -2 -3  1  1 -6  3  5 -7 -3 -2  5  2 -1   19   1   0   0   5   1   0   3   1   7  14   0   8  20   0   2   3   8   6   4  0.77 0.50
  251 C    1  1 -2 -3  2  2  3 -2 -2 -1  0  0 -1 -2 -5 -1  0 -5  2 -1   12   7   1   1   5   9  19   3   1   3  10   5   1   1   0   4   6   0   6   4  0.25 0.28
  252 R   -1  5  0  1 -7  2  2 -1  0 -5 -4  3 -6 -7 -5 -2 -2 -7 -4 -3    4  27   4   8   0   8  14   6   2   1   2  16   0   0   0   2   3   0   1   2  0.66 0.48
  253 L   -3 -3 -4 -7 -3 -4 -3 -6  1  4  3 -3  6  1 -7 -5 -2  1 -2  0    2   2   1   0   0   1   2   1   3  20  30   2  18   6   0   0   2   2   1   7  0.90 0.53
  254 L   -1 -5 -5 -4 -5 -3 -5 -4 -5  1  3 -5  1  5 -6  0  3  1  0 -1    4   1   0   1   0   1   1   1   0   6  25   0   4  24   0   7  16   2   3   4  0.73 0.48
  255 G   -2 -3 -2 -2 -4 -6 -5  7 -6 -7 -6 -4 -7 -7 -5 -3 -2 -7 -5 -7    3   2   2   3   0   0   1  79   0   0   1   1   0   0   1   2   3   0   1   0  2.05 1.00
  256 R   -1  1 -5 -3  1 -1 -3 -4  1  0  0 -1 -2  3 -4 -4 -3  5  7 -2    6   8   0   2   3   3   2   1   3   5   8   4   1  10   1   1   2   6  31   2  0.82 0.51
  257 R    0  1 -2  1 -1 -1  2 -2  0 -3 -3 -1 -2 -4  3  2  2 -6 -4 -3    8   9   2   7   1   2  11   3   2   1   2   3   1   1  13  17  13   0   1   2  0.34 0.33
  258 A    2  2 -2  0 -3  1  1 -2 -1 -2 -2 -1 -3 -2  4 -1 -2 -6 -2 -1   20  12   1   5   1   6   9   2   1   2   5   3   0   2  19   5   2   0   1   4  0.37 0.34
  259 S    0 -3 -2  2 -3  1  4  1  3 -4 -4 -1 -3 -4 -1  1 -1 -6 -4 -2    9   1   1  10   1   5  30   9   8   1   2   3   1   1   3   9   4   0   1   3  0.51 0.41
  260 S   -1 -1 -2  2 -7  2  6 -2 -3 -4 -5 -2 -6 -7 -2 -1 -1 -7 -4 -4    5   3   2  11   0  10  46   3   1   1   1   2   0   0   3   5   4   0   1   1  0.97 0.65
  261 M    0 -6 -6 -5 -5 -4 -5 -4 -4  2  4 -5  4  0 -4 -3 -1  0 -1  3    8   0   0   1   0   1   1   1   1  11  33   0   9   4   1   1   4   2   2  21  0.73 0.46
  262 R   -1  1 -3 -2  0 -1  0 -3 -1  3  2 -2  0 -1 -2 -2  0 -3 -2  2    4   9   1   2   2   3   6   2   1  19  16   2   2   2   2   3   7   0   1  14  0.23 0.21
  263 R   -1 -2  2 -1 -7  0 -2  6  2 -8 -8 -3 -4 -5 -1 -1 -5 -7 -3 -7    5   3   9   4   0   4   2  57   4   0   0   1   0   1   3   4   0   0   1   0  1.26 0.74
  264 Y   -1  5  1 -3 -6  3 -1 -4  0 -4 -2  3  1 -3 -6 -1  0 -3 -2 -3    4  26   6   1   0  14   4   2   2   1   4  16   4   1   0   5   6   0   2   2  0.59 0.45
  265 A    0  2  1 -1 -4 -2  0 -2  3 -2 -2 -2 -1 -2  2  2  2 -6 -4 -2    6  12   5   4   0   1   5   3   7   2   5   2   2   2  11  15  14   0   0   3  0.29 0.30
  266 F   -2 -3 -4 -4  1 -4 -4 -5  1  2  2 -6  2  4  0 -5 -4  6  1  1    3   1   1   1   3   1   1   1   3  11  18   0   5  18   4   1   1  11   4  11  0.70 0.44
  267 S    0  1 -1  0  0 -1  1 -1  0  0  1 -1 -1  2 -2  0  0  1  0 -1    9   8   3   5   2   2  10   3   3   5  14   4   1   9   2   9   5   2   3   2  0.06 0.11
  268 D    0  0  1  5 -6  1  3 -2  1 -2 -2 -2 -3 -3 -1  0 -3 -6 -4 -4    7   6   6  28   0   6  16   4   3   3   4   2   1   2   3   8   1   0   0   1  0.51 0.40
  269 L   -3  0 -3 -6  1 -3 -5 -4  1  2  3 -4  3  4 -3 -3 -3 -2  1  1    2   5   1   0   3   1   1   2   4  12  26   1   8  16   1   2   1   0   4  10  0.57 0.37
  270 V   -3 -3 -4 -5  1 -2 -5 -5  1  3  2 -4  2  4 -3 -3 -1 -5  1  3    2   2   1   1   2   2   1   1   3  17  16   1   5  18   1   2   3   0   4  19  0.63 0.39
  271 H   -3  1 -2  2 -4 -1 -1 -1  8 -3 -2 -3 -1 -3  1 -2 -3 -5  2 -1    3   6   2  11   0   2   4   4  30   2   4   2   2   1   9   4   2   0   7   5  0.79 0.50
  272 P    1 -2 -3 -1 -6  1 -2 -2  0 -6 -3 -2 -6 -3  7 -1 -1 -2 -6 -2   12   2   2   3   0   7   3   3   2   0   3   2   0   2  44   6   4   1   0   3  1.02 0.67
  273 E    1  0 -1  5  0  0  4 -2 -2 -4 -3 -3 -4 -6 -1 -1 -3 -6 -1 -3   12   4   2  26   2   3  27   3   1   1   3   2   0   0   3   4   1   0   2   2  0.71 0.50
  274 D    0  0 -1  6 -3  0  0 -1 -1 -4 -3  0 -4  1 -2 -2 -2 -3 -2 -5    9   5   3  40   1   4   6   5   2   1   4   5   0   6   3   3   2   0   2   1  0.71 0.48
  275 I    0  3 -2 -3 -5  0 -2 -2  2  1  2 -3 -2  2 -1 -3 -3  1  3 -1    7  18   2   2   0   4   2   3   5   8  18   1   1   9   3   2   2   2   9   4  0.33 0.28
  276 G    2  2  0  1 -2  1  1 -1  0 -3 -2  0 -1 -4  2  0 -1 -5 -2 -2   16  10   5   9   1   6  10   4   2   2   4   4   2   1  11   7   3   0   2   2  0.23 0.23
  277 T    1  5 -1  0  0 -1  2 -3  0 -4 -2  1 -2 -4 -3  0  0  1 -2 -3   12  26   2   6   2   3  11   2   2   1   5   7   1   1   2   8   6   2   1   2  0.40 0.34
  278 L   -1 -3 -4 -2 -5 -2 -4 -5 -1  2  3 -3  3  1  0 -3  1  0 -2  3    4   2   1   2   0   2   1   1   2  11  29   1   6   6   4   2   7   1   1  16  0.45 0.32
  279 L    0  1 -3 -1 -1 -1 -2 -5 -1  0  3 -3  4  1 -4 -1 -2  4  1  0    7   7   1   3   2   3   3   1   1   5  26   1  11   6   1   4   2   6   4   7  0.38 0.29
  280 R    2  4  0  1 -3  2  1 -3  0 -4 -2  0 -2 -4 -2 -1 -2 -3 -2 -3   15  24   5   8   1   9   9   2   2   1   5   5   1   1   2   5   3   0   1   2  0.42 0.35
  281 T    2  0 -1  0 -3  1  0  2 -2 -3  0 -1 -2 -1 -1  1  1 -5 -3 -3   15   5   3   4   0   6   7  17   1   1  11   3   1   3   3  11   7   0   1   1  0.19 0.21
  282 S    1  2 -1 -1  0  1  0  0  0  0  1 -1  1 -1 -1  0  0 -3  0  0   10  11   2   4   2   7   5   8   2   6  15   2   3   2   2   6   5   0   3   5  0.05 0.09
  283 A    1  0 -1 -1 -2  0  1  1  0  0  0  0  0 -2 -2  0  0  1 -2  0   14   5   3   3   1   5  10  10   3   5  12   5   3   2   2   5   6   2   1   6  0.06 0.09
  284 E    0  1 -1  2 -3  3  3 -2  2 -2 -3  0 -2 -6  0  0  0  0 -4 -3    7   6   2  11   1  12  21   3   4   2   3   4   1   0   5   7   5   1   0   2  0.37 0.34
  285 G    1  1  1 -1 -2  0  0  2  1 -3 -2  0 -2 -2  1  0  1 -5 -4  1   10   9   6   3   1   5   5  13   3   1   4   6   1   2   6   8   8   0   0  10  0.13 0.16
  286 G    0  0 -1  0 -1 -1 -1  2  1  0  0 -1 -1  1  0  0 -1 -2  3 -1    7   6   2   6   1   2   3  15   3   5   8   3   2   6   5   6   3   0  11   4  0.10 0.12
  287 R    0  3  0  0 -1  2  1 -1  2 -2 -1  0 -1 -3 -1  1 -1 -1 -2  0    7  15   3   5   1  11  10   4   4   2   5   4   1   1   3  10   4   1   1   7  0.18 0.19
  288 A    0  0 -1 -1  0  0 -1  0  0  1  0 -1  0  2  0  0  0 -3  0  1   10   5   3   2   2   4   4   8   2   8  11   2   2  11   4   5   4   0   2  11  0.04 0.07
  289 E   -5 -1 -4  2 -4  0  6 -2 -2  0 -2 -3 -6 -5 -3 -3 -1 -7 -3 -1    1   3   1   9   0   3  54   3   1   5   4   1   0   1   1   2   4   0   1   5  1.12 0.71
  290 L   -1  0  1 -2  0 -2  0 -3  3  0  1 -2  1  2 -4 -1  0  0  3  2    4   5   7   1   2   1   6   2   6   5  13   2   3   8   1   3   5   1  10  14  0.19 0.18
  291 R   -2  6 -2 -1  0  0  0 -2 -1 -1 -2 -1  0 -1 -3 -1 -2  4  0 -2    4  38   2   3   2   4   6   4   2   4   5   3   2   3   1   5   2   5   3   4  0.59 0.41
  292 L   -1 -1  0 -3  3 -2 -1 -2 -1  1  2 -2  1  2 -3 -2 -2 -1  3  1    5   3   5   1   7   2   4   3   1   9  22   2   4   7   1   2   1   1   9  10  0.25 0.20
  293 G   -1  4 -2 -2 -2  0 -1 -2  1  2  1  0  0 -1 -3 -2  0  0 -2  1    5  20   2   2   1   5   3   3   3  11  14   6   2   2   1   3   6   1   1  10  0.22 0.20
  294 R   -2  5 -1 -3  2 -2 -2 -3  6 -4 -1  0 -2  1 -3 -1  0  0 -3 -4    4  31   3   1   4   2   3   3  15   1   6   5   1   6   2   4   7   1   1   1  0.70 0.45
  295 R    0  3 -1 -1 -2  1 -2 -3  1 -5 -2  4 -2 -2  2 -2 -1 -5 -3 -4   10  18   2   4   1   7   2   2   3   0   4  28   1   2   9   2   4   0   1   1  0.54 0.40
  296 D   -2 -4  3  7 -3 -3 -1 -2 -2 -4 -3 -3 -3 -6 -5 -1 -1 -6 -3 -2    4   1  11  55   1   1   4   3   1   1   3   2   1   0   0   4   4   0   1   3  1.28 0.70
  297 G   -3 -1 -2 -4 -6 -1 -4  7 -6 -6 -5 -3  0 -6  0 -4 -4 -6 -4 -4    2   4   2   1   0   3   1  70   0   0   2   2   2   0   5   1   1   0   1   1  1.66 0.85
  298 T   -1  2 -1  1 -2  1  1 -2  3 -3 -3  0 -2 -3 -3  3  1 -5 -2 -2    5  11   2   7   1   6  10   3   6   1   3   4   1   1   1  23   9   0   1   3  0.32 0.30
  299 Y   -1  1 -1 -2 -3 -1  0 -2  1  1  0 -1  0  1  1 -1  0  3  2  1    4   8   3   2   0   2   8   3   3  10   7   4   2   5   6   4   7   4   9   9  0.09 0.11
  300 V   -1  2 -3 -4  1 -1 -3 -4  0  2  1 -1  2  3 -3 -2 -1 -3  1  2    6  13   1   1   3   3   2   1   2  12  13   4   5  11   1   2   3   0   4  14  0.27 0.21
  301 W   -2 -2 -3  0 -3 -3 -2 -3  4 -3 -2 -3 -5  0  3 -3  0  9  1 -2    4   3   1   6   1   1   3   2  10   2   4   2   0   4  13   2   7  28   5   3  1.12 0.63
  302 V    0 -4 -4 -4  1 -2 -3 -3 -1  4  2 -3  0  2 -3 -2 -2 -2  1  3    8   1   1   1   2   2   2   3   1  20  18   1   2   7   2   3   2   0   4  18  0.41 0.28
  303 S    0  1  0 -1 -3  1  2 -1 -1 -1  0 -1  1 -1 -2  2  0  1 -2 -3    7   9   5   4   0   6  16   4   1   4  11   3   3   3   2  14   5   2   1   1  0.16 0.20
  304 L    1 -3 -2  2  0  0 -1 -2 -2  0  1 -2  2  0 -4 -1  0  5 -2  1   11   1   2  11   2   4   5   2   1   6  16   1   4   4   0   4   5   9   1   9  0.25 0.23
  305 R   -1  3  1 -1 -1  0 -1 -2  0 -1 -1  0  0 -1 -3  2  2 -1 -1 -1    6  18   5   3   1   4   3   2   2   4   6   6   3   3   1  15  11   1   2   4  0.21 0.23
  306 N    2 -3 -2 -1  1  0 -1  2 -4  2  0 -2 -1 -3 -2 -1  0 -1 -3  1   17   1   2   3   4   4   3  17   0  15   9   2   2   1   2   5   5   1   1   8  0.21 0.21
  307 S    1  3  0 -2  1  0 -2 -1  0 -2 -2 -1 -1 -1  0  2  1 -2  1 -1   13  16   5   1   3   3   2   4   2   3   3   3   1   2   5  14   9   1   4   5  0.19 0.22
  308 V    0  1 -3 -3 -2 -2 -1 -1 -2  1  0 -2 -2 -1  4 -2 -1  4 -3  2    9   7   1   1   1   2   4   5   1   8   9   2   1   2  23   2   3   5   1  12  0.38 0.31
  309 V   -2 -2 -4 -3 -4 -1 -4 -5 -2  3  2 -3  1 -1 -2  0 -2 -2 -1  4    2   2   1   1   0   3   1   1   1  17  22   2   4   3   2   7   2   1   2  26  0.53 0.36
  310 A    0  2  0  0 -1  0  1 -2  1 -1  0  0 -1  0  1 -1  0  0  0 -1    8  14   4   5   1   4  11   3   3   3   9   4   1   5   8   3   7   1   3   4  0.09 0.12
  311 D   -1  0  2  5 -3 -2  1  0  1 -3 -4 -2 -3  1 -2 -1  0  2 -2 -2    5   6   8  31   1   2   8   6   4   1   2   2   1   6   2   4   5   2   1   3  0.47 0.35
  312 A    0  0  0  1 -1  0  2  0 -1 -1  0 -1 -1 -2  2  0 -1 -1 -1 -1    9   5   5   9   1   3  13   6   2   3  12   4   1   2  10   7   3   1   2   3  0.09 0.11
  313 A    0  1  0  1 -1  1  1  0  1 -2 -2  0 -1  0  1  0  0 -1 -2  0    9   8   3  10   2   7   7   9   3   2   3   5   1   4   6   7   4   1   1   7  0.08 0.10
  314 D   -2 -3  1  4 -3 -2  1  4 -1 -5 -3 -1 -5 -4 -2 -1 -2 -1 -4 -3    3   1   6  23   1   2  11  34   2   1   3   3   0   1   2   4   2   1   1   2  0.70 0.47
  315 G   -1  2  1  0 -1  0  0  3  0 -2 -1  0 -1 -4 -1  0  0 -4 -3 -1    5  11   5   5   1   4   5  26   2   2   7   5   1   0   3   5   5   0   1   6  0.22 0.21
  316 P    0  0 -2  0 -1  0  0 -2  0  1  0  0 -1  0  2  0  0 -3 -2  1    8   5   1   4   1   3   8   2   2  11   8   5   1   5  10   5   6   0   1  13  0.09 0.11
  317 R    1  1  1  0 -3  1  0 -1  0  0 -1 -1  0 -2  0  0  1 -2 -1  0   10   9   6   5   0   8   6   5   3   5   6   2   3   1   4   7  10   1   1   8  0.06 0.10
  318 F    0  2  0 -1  0 -1 -1  1  2  0  0  0  0  1  0 -1 -1  0  1  0    9  12   3   2   2   1   3  11   6   5   9   4   2   6   5   3   4   1   6   5  0.05 0.09
  319 L    0 -3 -2 -4 -2 -2 -3 -2 -1  2  2 -3  4  2 -3 -2 -1  0  2  2    7   1   2   0   1   1   1   3   1  13  20   1  10   8   1   3   4   1   7  15  0.33 0.26
  320 L    0 -3 -4 -1  1 -2 -2 -2 -3  2  2 -2  1  0 -2 -1  0 -1 -1  3    6   1   0   4   3   2   3   3   1  14  20   2   4   3   2   3   6   1   1  21  0.23 0.22
  321 T    1 -1 -1  0  1 -1 -1  3 -2  0  0 -2 -2 -2 -3  0  1  2 -3  0   11   3   3   6   3   2   3  24   1   6   9   1   1   2   0   7   8   3   0   7  0.18 0.20
  322 H    1 -1 -2 -2  0  1  0  0  2  2  0 -2  0 -1 -3 -1  0 -4 -2  2   13   3   2   1   2   8   6   6   6  11   9   1   3   3   0   4   6   0   1  16  0.13 0.18
  323 V    0 -2 -2 -3  0 -1 -3 -2  2  1  2 -2  1  2 -4 -1 -1 -1  1  2    9   2   2   1   2   2   1   3   6   9  19   2   3  10   0   5   2   1   4  16  0.21 0.20
  324 E    0  3 -1  0 -4  2  1 -2  1 -1 -1  0  0  0 -2  0  0 -2 -2  0    6  21   1   4   0  10   8   3   4   3   6   3   3   4   1   8   5   1   1   8  0.18 0.22
  325 D    0  0  2  6 -5 -2  0 -1 -2 -3 -4 -4 -5 -1 -3 -1 -1 -6  0 -3    7   4   8  46   0   2   4   5   1   2   1   0   0   3   1   5   4   0   4   2  0.83 0.55
  326 I   -1 -2 -3 -4 -2 -2 -3 -5 -5  6  0 -3  3  1 -3 -3 -2  3 -2  2    6   2   1   1   1   2   2   0   0  41   7   2   6   5   2   1   3   5   1  11  0.73 0.47
  327 E   -1 -1 -1 -1 -1  2 -1 -2  3 -1 -3 -2 -2 -3 -5  2  5 -6 -4 -1    4   3   2   4   1   8   3   4   6   3   2   2   1   1   0  16  35   0   0   4  0.60 0.50
  328 E    1  0  0  2 -4  1  3 -1  1 -2 -2  0 -2  0 -1 -1 -1 -4 -1 -2   13   6   4  11   0   7  23   4   3   2   3   5   1   4   2   4   4   0   2   3  0.25 0.26
  329 R   -1  4 -2 -1 -5  1  0 -1  1 -1  0  1  0 -1  0 -2 -1  0  0 -1    4  26   1   4   0   7   4   4   3   3  10   7   2   2   5   3   4   1   3   5  0.26 0.25
  330 K   -1  1 -1 -1  0  0  0 -3  0  1 -1  4  0 -2 -1  0 -1  2  0 -1    4   7   2   3   3   4   4   2   2   8   7  28   2   1   2   6   3   3   3   5  0.23 0.25
  331 R    0  3  0  0  0  2  2 -2  0 -1 -1  0  0 -1 -3 -1 -1 -4 -1 -1    6  16   4   6   2  12  14   3   3   3   8   6   2   3   0   4   4   0   2   4  0.18 0.21
  332 R    1  1 -1 -1  0  1 -1 -1  1  0  1  0  1 -1 -1  1  0 -3  0  0   13   7   3   2   2   6   3   3   4   5  13   4   4   3   2  11   6   0   4   8  0.04 0.09
  333 E   -1  1  0  0 -4  1  4 -2  2 -1 -1  0  0 -1 -1 -1 -1 -4  0 -1    5   6   4   3   0   7  29   3   5   4   6   4   3   3   3   4   3   0   3   4  0.23 0.25
  334 L    0  0  0  0  2  1  0  0  2  0 -1  0  1 -2  1  0  0 -3  1  0    6   6   5   6   5   5   6   6   5   6   6   6   5   0   6   6   6   0   5   6  0.04 0.08
  335 H   -1  0  0  0  2  0  0 -1  2  0 -1  0  2  1  0 -1  0  4  1 -1    5   5   5   5   5   5   5   5   5   5   5   5   5   5   5   5   5   5   5   5  0.09 0.08
  336 L   -2 -3 -1 -3 -1 -1 -4 -3 -5  2  5 -2  1 -1 -3 -3 -2 -1  0  1    4   1   3   1   1   3   0   3   0  11  49   3   3   2   1   1   2   1   3   8  0.60 0.41
  337 A    0  2 -2  0 -4  1  2 -2  1 -1  0  1  1 -3 -3  0 -1  0 -1  0    9  13   1   5   0   6  17   2   4   3   9   8   4   0   0   5   4   2   2   6  0.18 0.20
  338 H   -1  3  0 -1 -4  2  0 -2  5 -1  0  1 -3 -1 -4 -2 -1  0  1 -2    6  18   4   4   0   8   6   2  14   3  10   7   0   3   0   2   3   1   4   3  0.29 0.27
  339 R    0  2 -2 -1 -4  2  0 -2  1 -1  2  0  2  0 -4 -1 -2 -4 -1 -1    9  12   2   3   0   9   5   3   4   3  22   5   6   4   0   4   2   0   2   5  0.20 0.21
  340 A    4 -1  1 -4 -4 -1 -2  0  0  0 -3 -1  0 -5 -1  0  0 -5 -1 -1   39   4   7   0   0   2   3   8   2   5   3   3   3   0   3   7   5   0   2   4  0.45 0.37
  341 S    1  0  1 -1  1  1  0 -2  3 -1  0 -1  1  0 -1 -1  2 -5  1 -1   10   6   6   3   3   5   6   3   6   3   8   4   3   4   3   5  11   0   5   4  0.11 0.11
  342 H   -1  0  0  0  2  0  0 -1  2  0 -1  0  2  1  0 -1  0  4  1 -1    5   5   5   5   5   5   5   5   5   5   5   5   5   5   5   5   5   5   5   5  0.09 0.08
  343 D   -2 -2 -1  5 -1 -1  2 -1 -3 -2  0 -2 -1 -1 -1  0 -1 -4 -2 -1    2   2   3  31   2   3  14   4   0   2  10   2   2   3   3   7   4   0   2   4  0.38 0.31
  344 S    2 -1 -1 -1  0  0  1  0  0 -1 -1  0  0  0  1  1  1 -3  0  0   19   3   2   3   2   3   8   5   2   2   5   5   2   4   7   8   8   0   3   7  0.07 0.11
  345 L   -1 -1 -1  1 -3  1 -1 -1 -3  0  3 -2  1 -2 -1 -1 -1 -3  0  0    4   4   3  10   0   7   4   5   0   5  32   0   3   0   3   4   4   0   3   5  0.18 0.21
  346 T    0  0  0  0 -3  0  0  0 -2  0 -1  0  1  1  0  0  0  3  1  0    6   6   5   6   0   5   6   6   0   6   6   6   5   5   6   6   6   5   5   6  0.06 0.08
  347 G    1  0 -1  0 -4  1  0  4  0  0 -3  0 -1 -2 -3  0 -2 -4 -4 -2   12   5   3   6   0   5   7  30   2   5   3   6   2   2   1   6   2   0   1   3  0.35 0.24
  348 L    0 -1 -2 -2 -4  0 -1 -2 -1  1  4 -2 -1 -1 -1 -2 -2 -4 -1  0    7   3   2   2   0   5   4   3   1   6  41   2   1   3   3   3   2   0   2   6  0.41 0.28
  349 P    1  1 -2  0 -1 -1  0 -2  2 -2 -2  0  0  1  4 -1 -1  0 -1 -2   13   7   2   5   1   2   6   4   5   3   5   6   2   5  19   5   4   1   2   3  0.25 0.19
  350 N   -2  0  6  0 -4  0 -1 -2  3 -1 -1 -3  0  0 -4 -1 -1  0 -1 -2    3   5  33   6   0   5   3   3   7   3   8   1   3   3   1   3   5   1   2   3  0.58 0.38
  351 S   -1  6 -2 -2 -1 -1  1 -2 -1 -2 -1 -1 -1  0 -2 -2  0 -6 -1 -1    7  35   2   3   2   3   8   4   2   3   6   3   2   4   3   4   6   0   2   4  0.58 0.37
  352 A    3  2 -1 -1  0 -1  0  0  1  0 -1  0  1 -1 -2  0  0  1 -1  0   20   9   2   3   2   3   5   6   3   5   5   5   4   2   3   8   5   2   2   5  0.12 0.12
  353 E   -2 -1 -1  0  1  0  0 -2  1 -1  2 -1  2  2 -2 -1 -1  2  2 -1    4   4   3   5   3   4   6   3   3   4  19   4   5   7   3   4   3   3   8   4  0.15 0.12
  354 L   -1  0  0  0 -3  0  0 -1  2  0 -1  0  1  0  0  0  0  3  1  0    5   5   5   5   0   5   5   5   5   5   5   5   5   5   5   5   5   5   5   5  0.06 0.08
  355 R    0  3  0 -1 -3  1  2 -2  0 -1  0  0  1  1 -2  0 -1 -1 -1 -1    6  16   4   3   1   6  12   3   2   4  11   3   4   6   2   8   3   1   2   4  0.13 0.11
  356 S    0  2  0  2 -2  1  2 -1  0 -1 -1 -1  0 -2 -1  0  0  0 -1 -1    6  11   3  14   1   5  15   5   2   4   6   3   2   2   2   6   6   2   2   4  0.14 0.11
  357 R   -1  4 -2 -1 -3  2  0 -2  1 -1  0  0 -1 -1 -2 -2 -2 -2 -1  1    5  26   2   3   1   8   7   3   3   3  11   4   1   3   2   3   3   1   2  11  0.28 0.17
  358 L    0 -1  0 -1 -1  0  0 -1 -1  1  1 -1  1  0  0 -1  0 -1 -1  1    5   4   6   3   1   3   7   3   2   8  17   3   4   5   6   4   7   1   2   9  0.04 0.05
  359 A    1  0  0  0 -1  1  1  0  0 -1  0  0  0 -1  0  0  0 -2 -1  0   11   6   6   4   1   9  10   6   3   4   8   4   2   2   5   7   5   0   2   5  0.05 0.05
  360 A    2  1  0  0 -1  2  2 -1  0 -1  0  0 -1 -2 -1  0  0 -2 -2 -1   17   6   5   4   1  11  12   5   2   3   8   4   1   2   2   6   5   0   1   4  0.11 0.10
  361 R    2  3 -1 -1 -2  1  1 -2 -1 -1  0  0  1 -1 -2  0 -1 -1  0 -1   18  18   2   3   1   5  10   2   2   3  10   4   3   3   2   5   2   1   3   4  0.19 0.15
  362 L   -1  0 -3 -3 -2 -1 -2 -3 -3  2  4 -2  1 -1 -3 -1  0 -1 -2  1    5   5   1   1   1   2   3   2   1  10  39   2   2   3   1   6   5   1   1   9  0.39 0.21
  363 C    2  0  0  0  0  0  1 -1 -1 -1  0  0  0 -2 -1  0  0 -2 -1  0   20   6   4   5   3   4  10   4   2   4   7   5   3   2   3   6   4   1   2   6  0.07 0.07
  364 Q    0  2 -1 -1 -3  4  3 -2  0 -2 -1  0  0 -2 -3 -1 -1 -3 -1 -1    6   9   2   3   0  20  21   2   2   3   7   4   2   2   1   4   4   0   2   6  0.37 0.24
  365 R    1  1  0  0 -2  0  1 -1  0 -1  1  0  1 -1 -1  0  0 -1 -2 -1   16  10   5   4   0   4   8   3   2   3  16   4   3   2   3   7   4   1   1   3  0.08 0.09
  366 P    0  2  0  0 -3  1  1 -1  0  0  0  1  0 -1 -1  0 -1 -2 -1 -1    8  14   5   5   0   8   7   4   2   5  12   7   2   3   3   5   3   1   1   4  0.08 0.07
  367 Q    0  3 -1 -1 -3  3  3 -1  0 -2 -1  0 -2 -2 -2  0 -1 -2 -2 -2    6  14   3   4   0  15  18   4   3   3   7   5   1   2   2   7   3   1   1   3  0.29 0.19
  368 S    0  1  0  0 -1  1  1 -1  0 -1  1 -1  0  0 -2  0  0 -2 -1  0   10  10   3   6   1   6   9   4   2   3  15   2   3   4   2   7   6   0   2   5  0.05 0.06
  369 S    1  1  1 -1 -1  1  0  0  0 -1  0 -1  0 -1 -2  0 -1 -2 -1 -1   13  10   9   3   1   5   6   8   2   4  12   3   3   2   1   8   4   0   2   4  0.06 0.07
  370 H    0  1  0  0 -3  2  2 -1  2 -1  1  0  0 -1 -2 -1 -1 -1  0 -1    6   8   5   4   1   9  12   6   6   3  14   4   3   3   1   5   3   1   3   3  0.10 0.09
  371 A    2  1 -2  0 -1  1  0 -1 -2 -2 -1 -1  0 -1 -2  0  1 -1 -1  0   22   8   2   5   1   8   6   3   1   2   7   2   3   3   2   7   9   1   2   6  0.13 0.13
  372 V   -1 -1 -1 -3 -3  0 -1 -3  1  1  4 -2  1  2 -3 -2  0 -3 -1  0    6   4   3   2   0   4   4   2   3   6  37   3   2   7   1   3   5   0   2   7  0.31 0.19
  373 A    1  0  1 -1  0  0  0 -2  2  0  0  0  0 -1 -2  0  0 -2 -1  0   16   5   9   3   2   5   5   2   5   4  12   4   3   2   1   8   7   1   1   6  0.07 0.08
  374 D    1  1  0  3 -2  1  2 -1  0 -1  0  0 -1 -3 -3  0 -1 -2 -1 -2   12   8   3  18   1   6  13   4   2   3   9   4   1   1   1   6   3   1   2   3  0.21 0.15
  375 A    2 -1  0 -1 -1  1  1 -1  0 -1  1  0  2 -1  0  0  0 -2  0 -1   16   3   4   3   1   5  10   3   2   3  14   4   5   2   5   8   4   1   3   4  0.07 0.09
  376 M   -1  0 -2 -2 -3  0 -1 -3 -2  1  4 -2  2  1 -2 -2 -1 -3 -1  0    5   6   2   2   0   4   3   2   1   6  38   3   5   5   2   3   4   0   2   6  0.33 0.19
  377 D    0  0  0  2 -1  0  1 -1 -2 -1  1 -1 -1 -2 -2  0  2 -3 -1 -1    9   4   5  10   1   4  10   4   1   4  13   4   1   1   1   6  15   0   2   3  0.12 0.12
  378 A    0  1 -1  1 -2  1  2  1  1 -1  0 -1 -1 -2 -2 -1  0 -2 -1 -1   10   8   3   9   0   6  13  10   3   3  11   3   1   2   1   3   6   1   2   5  0.08 0.08
  379 A    2  1 -2 -1 -1  0  0 -2 -2  0  2  0 -1 -1 -1 -1 -1  0 -2  0   17   8   1   3   1   3   7   2   1   6  24   4   1   2   3   4   3   1   1   5  0.14 0.13
  380 Y   -1  1  0  0 -2  1  1 -2  0  0  1  0  1 -1  0 -1 -1  1  1 -1    6   9   4   6   1   5  10   2   3   5  18   6   4   3   4   2   3   2   5   4  0.07 0.08
  381 G    0  3  3  0 -3  2  1 -1  1 -2 -2  0 -1 -2 -3 -1  0 -3 -1 -2    9  17  13   4   0  11  10   4   3   2   4   5   2   2   1   5   4   0   2   3  0.25 0.17
  382 N   -1  3  1  0 -3  1  1 -2  2 -2 -1 -1  0  1 -3 -1 -1  3 -1 -2    5  18   8   6   0   7   9   3   5   2   7   3   2   6   1   4   3   5   2   2  0.23 0.16
  383 S    2  2  0 -1 -2  2  0 -1  1 -1 -1  2 -1 -3 -2  0 -1 -1 -2 -1   19  12   5   4   1   9   7   4   3   3   6  10   2   1   2   5   3   1   1   3  0.18 0.14
  384 A    2  2  0 -1 -2  1  1 -2  0 -1  0  0 -1 -2  0  0  0 -3 -1 -1   16  11   5   2   1   7   9   2   2   2  11   6   1   1   5   6   6   0   2   4  0.12 0.11
  385 V    0  1 -1 -2 -2  0  0 -2  1  1  2  0  0  1 -2 -1  0 -2 -1  1    6   9   3   2   1   5   6   2   3   7  19   5   2   7   2   3   7   0   1  10  0.08 0.08
  386 F    0  1  1 -1 -3  1  1 -3  1  0  2 -1  0  1 -2 -1 -1 -2  1 -1    7   8   8   3   0   6   8   2   4   4  21   3   3   7   1   3   3   0   4   4  0.12 0.10
  387 D    1  1  0  2 -2  1  2 -2  0  0  0 -1 -1 -2 -2  0 -1 -2 -1 -1   11   9   4  14   1   7  12   2   2   5  11   3   1   2   1   5   4   1   2   4  0.13 0.11
  388 S    1  2  0  0 -2  2  1 -2  1 -2 -1  0  0 -2 -2  0  1 -2 -1 -2   14  14   4   4   1   9  11   3   3   2   7   5   2   1   1   7   7   0   3   3  0.16 0.13
  389 G    1  1  1 -1 -2  0  2 -1  1 -1  2 -1  0 -1 -2 -1 -1 -1 -2 -1   12   7   7   3   1   4  14   3   4   3  21   3   2   2   2   5   3   1   1   3  0.12 0.11
  390 G    0  3  1 -1 -3  1  1  1 -1 -1  0  0  0 -2 -2  0  0 -3 -2 -1    9  15   7   3   0   7   7   9   2   3  11   4   2   1   1   6   6   0   1   3  0.12 0.10
  391 H    2  2 -1 -2 -3  2  0 -1  5 -2 -2 -1 -1 -3 -3  0 -1 -2  1 -3   21   9   3   2   0   9   6   4  15   2   5   4   2   1   1   6   3   1   4   2  0.35 0.20
  392 T    0  1  0  1 -2  1  1 -2  2 -2  1 -1  0 -1 -2  0  1 -3 -1 -1    7   9   3   7   1   8   8   3   6   2  15   3   3   2   1   7  10   0   2   5  0.10 0.10
  393 F    0  0 -2 -1 -1 -1 -2 -2  1  0  2 -2 -1  0 -2 -1  2 -1  0  1    9   6   1   5   1   2   2   2   3   6  20   2   1   4   1   5  15   1   3   9  0.13 0.11
  394 D   -1  0  0  6 -4  0  2 -1  0 -3 -3 -2 -3 -4 -3 -1 -1 -3 -3 -4    6   4   4  43   0   4  11   6   2   1   4   2   1   1   1   5   3   0   1   1  0.81 0.37
  395 F    0  1 -2  0 -2  0 -1 -1  3 -2  0 -1  0  0  3  0  1 -2  0 -2    8   8   1   6   1   4   4   5   8   2   8   4   2   5  13   6   8   0   3   2  0.15 0.12
  396 S    0 -2 -3  2 -1  0 -2 -3 -2 -2  4 -2  0 -2 -3 -2  0 -2 -2 -1    7   2   1  12   1   4   2   2   1   1  46   3   2   2   1   3   5   1   1   3  0.55 0.29
  397 V    1 -3 -2 -1 -4 -1 -1 -1 -2 -2  0 -2 -2 -3 -1 -1  6 -4 -2 -2   11   2   2   3   0   2   3   5   1   2  10   2   1   1   4   4  43   0   1   3  0.64 0.34
  398 A   -1  0  0  0 -3  0 -1  4  0 -2  2 -1 -2 -2 -2 -1 -1 -3 -2 -2    4   6   4   4   1   3   3  29   3   2  20   4   1   1   2   4   4   0   1   2  0.30 0.19
  399 A   -1 -2 -2 -1 -1 -2 -3 -3  2  0  3  0 -1 -1 -2 -2  3 -1 -1  0    4   2   1   5   1   2   2   2   6   5  32   5   1   2   2   2  17   1   2   7  0.32 0.20
  400 E    1 -1  0  2 -2 -1  1  1  1 -3 -1 -1 -1 -1  2 -1  0  1  0 -2   10   4   5  11   1   2   9  11   4   1   6   4   1   3  12   3   4   2   4   3  0.14 0.10
  401 P   -2 -1  6 -2  0 -1 -2 -2 -2 -2  1 -3 -3 -3  0 -1 -1 -4 -2  0    3   4  41   2   2   3   2   3   1   2  13   2   1   1   5   4   3   0   2   7  0.71 0.33
  402 Y    0  6 -1 -2 -3 -2 -2 -3 -1 -3  1 -1 -1 -3  0 -2 -1 -3 -2 -2    8  42   3   2   1   2   2   3   1   2  14   3   1   1   5   2   5   0   2   2  0.70 0.32
  403 G    0  4  2 -2 -2 -1 -2  0  0 -1  0 -1 -2 -2 -2 -1  2 -2 -1 -2    9  27  11   2   1   2   3   6   2   3   8   3   1   2   2   4  11   0   2   3  0.32 0.19
  404 A    2  3 -1 -2 -1 -1 -1  1  1 -2  0 -1 -1  0 -2  0 -1  0  1 -1   19  16   3   1   1   2   3  10   3   1  12   3   1   5   2   5   3   1   5   3  0.16 0.13
  405 F   -1  0 -2 -3 -3 -1 -2 -2 -2 -1  3 -2  2  6 -3 -3 -2  0  0 -2    5   5   2   1   0   3   3   3   1   3  26   3   6  29   1   2   2   1   2   2  0.57 0.25
  406 D   -1  1  1  2 -2  2  2 -1  0 -1 -1 -1  0  0  0 -1 -1 -1  1 -2    6   8   7  12   1   9  13   4   2   3   7   3   2   5   5   3   3   1   6   2  0.13 0.10
  407 H   -1  1  2  1 -3  2  2 -2  3 -2 -1  0 -1  0 -2  0 -1  1 -1 -2    6   8  10   8   0   8  12   3   7   2   7   4   2   5   1   7   3   2   2   2  0.16 0.11
  408 H    0  4 -2 -2  3  1  0 -2  2 -1  0 -1  0 -1 -2 -1  0 -2  0 -1    9  24   1   2   7   5   7   3   5   3   8   3   2   3   2   4   5   1   3   4  0.25 0.16
  409 V    0  0 -2 -1 -2  0 -1 -2 -2  0  3 -2  1  1 -2 -2 -1 -1 -1  1   10   6   2   3   1   4   4   3   1   4  35   2   3   5   1   3   3   1   2   8  0.23 0.15
  410 H    0  1  0  0 -2  2  2 -1  2 -2 -1  0 -1 -1  1 -1 -1 -1 -1 -1   10   9   4   5   1  11  13   4   5   2   6   3   2   2   8   4   4   1   2   4  0.14 0.11
  411 A    1  3  0  0 -2  1  0 -2  0 -1  1  0  0  0 -2 -1 -1 -2 -1 -1   13  19   3   4   1   7   7   3   3   2  13   4   2   4   1   4   4   0   1   3  0.15 0.12
  412 V    1  0 -1  0  0  1  4 -2 -1 -1  1 -1  0 -2 -2  0 -1 -2 -1 -1   12   4   2   4   2   6  26   3   1   4  12   3   2   2   2   6   4   1   2   4  0.20 0.15
  413 A    1  0 -1 -2 -1  0 -1 -2 -1  1  2 -1  1  0 -1  0 -1  1 -1  1   12   5   2   2   1   5   3   3   1  10  20   3   4   3   2   9   3   2   2   8  0.08 0.07
  414 P    2  1  0  1 -2  1  2 -1  0 -1  0  0 -1 -2 -1  0  0 -2 -2 -1   19   7   3   9   1   6  13   4   2   3   8   4   2   2   3   6   4   1   1   4  0.11 0.09
  415 E    0  3 -1  0 -2  1  1 -2  0  0  1  0  1 -2 -2 -1  1 -2 -1 -1    6  19   2   4   1   6  10   3   2   5  15   3   3   2   1   4   8   1   2   3  0.15 0.11
  416 D    3  0 -1  0  1  0  0 -1  0 -1 -1 -1 -1  0 -1  1  0  0 -1  0   26   5   2   4   3   4   6   4   2   3   6   3   2   4   2   9   5   2   2   8  0.10 0.09
  417 G    1  3  0  0 -2  2  0  0  0 -2 -1  1 -1 -1 -2  1 -1 -2 -2 -2   11  17   4   5   1   9   6   6   2   3   8   7   1   2   2  10   3   0   1   2  0.14 0.10
  418 R    1  6 -1 -2 -2  0 -1 -2  0 -2 -1  0 -1 -2 -2 -1 -1  0 -2 -2   13  39   2   2   1   3   4   3   2   2   6   4   2   2   2   5   3   1   1   3  0.53 0.24
  419 D   -1  2  0  1 -2  1  1 -2  2 -1  0  0 -1 -1 -1  0  0 -1  1 -1    5  11   5   9   1   6   8   3   6   2  10   4   1   1   2   7   5   1   7   4  0.10 0.08
  420 D    0  3  1  1 -2  1  1  1  1 -2 -2  0 -1 -2  0  0 -1 -2 -2 -2    6  18   6   7   1   7   8  12   3   2   5   6   1   1   3   6   4   0   1   3  0.16 0.09
  421 G    0  0  1  0 -1  0  0  1  1 -1 -1  0 -1  0  0  1  1 -1  0 -1   10   5   6   4   1   4   4  14   4   3   5   4   1   5   3  10   8   1   4   4  0.06 0.04
  422 A    1  0 -1  0 -1  1  0  3  1 -2 -1  0 -1 -2  0  0 -1 -2 -1 -1   10   6   3   5   1   6   6  25   3   2   6   4   1   1   4   8   4   0   2   4  0.17 0.08
  423 K    0  2  0 -1 -2  3  1 -1  2 -2 -2  1 -1 -2 -1  0  1 -1  0 -2    6  15   4   3   1  13  10   5   6   2   4   6   1   1   2   5   8   1   3   3  0.18 0.11
  424 G   -1  1 -1 -1 -1 -1 -1  0  0 -3 -2  0 -1 -3  6  0 -1 -2 -2 -2    5   7   3   4   1   3   3   9   2   2   3   6   2   1  36   6   3   1   1   2  0.59 0.24
  425 L   -2 -4 -4 -4 -1 -4 -4 -4 -2  0  4 -4  2  4 -3 -2 -2 -2  0  2    3   1   1   1   1   1   1   1   1   4  40   1   5  17   1   2   2   0   3  14  0.63 0.28
  426 A    5 -4 -4 -4  1 -4 -4  1 -3 -4 -4 -4 -3 -5 -4  4  0 -3 -3 -3   46   1   0   1   3   0   1   8   0   1   1   1   0   0   1  28   5   0   1   2  0.95 0.45
  427 V   -2 -5 -5 -5  1 -4 -5 -5 -5  2  4 -5  1 -2 -5 -4 -3 -4 -3  4    2   1   0   1   3   0   1   1   0  10  43   1   3   1   1   1   1   0   1  31  0.96 0.39
  428 L   -1 -4 -5 -5  0 -4 -5 -5 -3  3  4 -4  4  0 -5 -4 -3 -4 -2  1    5   1   0   1   2   0   1   1   1  18  47   1   8   4   1   1   1   0   1   8  0.85 0.35
  429 F   -1 -3 -3 -5 -1 -3 -4 -5 -1  0  2 -4  6  5 -5 -3 -3 -2  4 -1    5   1   2   1   1   1   1   1   2   5  16   1  21  24   0   2   1   0  12   4  0.86 0.37
  430 C   -2 -4 -5 -5  1 -4 -5 -4 -5  4  4 -4  3  1 -5 -3 -3 -2 -3  2    4   0   0   0   3   0   1   1   0  27  34   1   7   6   0   1   1   1   1  10  0.78 0.32
  431 D   -5 -5 -3  8 -6 -4 -2 -5 -5 -6 -6 -5 -6 -6 -5 -4 -5 -6 -6 -6    1   0   0  91   0   0   1   1   0   0   1   1   0   0   0   1   1   0   0   1  2.75 0.87
  432 L   -3 -5 -2 -5 -1 -5 -5 -4 -5  4  5 -5  0 -2 -5 -3 -3 -4 -4  1    2   0   2   0   1   0   1   2   0  26  49   1   1   1   0   2   1   0   0   8  0.97 0.39
  433 D   -5 -5  0  8 -6 -5 -3 -5 -5 -6 -6 -5 -6 -6 -5 -5 -5 -7 -6 -6    1   0   5  88   0   0   1   1   0   0   1   0   0   0   0   1   0   0   0   1  2.67 0.86
  434 G   -3  3  2  1 -5 -3 -3  2  8 -5 -4 -1 -5  0 -5 -3 -4 -3  1 -5    2  14  10   7   0   0   1  16  33   0   2   3   0   4   0   1   1   0   4   0  1.06 0.45
  435 F   -6 -6 -6 -7 -6 -6 -6 -6 -6 -5 -3 -6 -5  9 -7 -6 -6 -4 -2 -5    1   0   0   0   0   0   0   1   0   0   3   0   0  91   0   1   0   0   0   0  3.15 0.95
  436 K   -5 -2 -5 -5 -6 -3 -3 -4 -5 -6 -6  8 -5 -6 -5 -5 -5 -6 -6 -6    1   1   0   0   0   1   1   2   0   0   1  90   0   0   0   1   0   0   0   0  2.56 0.88
  437 S    1  3 -1 -1 -3  3  1 -2  0 -3 -2  1 -2 -3  1  1 -1 -3 -3 -2   14  15   3   3   0  17   7   3   2   1   3   7   1   1   8   9   3   0   1   2  0.30 0.21
  438 I   -3 -6 -6 -6 -5 -5 -6 -6 -6  6 -1 -5 -3 -1 -5 -5 -3 -5 -1  5    2   0   0   0   0   0   0   1   0  46   4   0   0   3   0   1   1   0   2  38  1.51 0.55
  439 N   -4 -5  9 -4 -6 -5 -5 -5 -4 -6 -7 -5 -6 -6 -6 -4 -5 -7 -6 -6    2   0  92   0   0   0   0   1   0   0   1   0   0   0   0   1   0   0   0   0  3.01 0.98
  440 D   -6 -6 -2  8 -7 -3 -3 -5 -5 -6 -7 -5 -6 -7 -6 -5 -5 -7 -6 -6    1   0   1  91   0   1   0   1   0   0   1   0   0   0   0   1   0   0   0   0  2.82 0.92
  441 R   -1  3  1 -3 -1  2 -1 -2  0 -3 -3 -1 -4 -4 -4  1  5 -5 -4 -3    4  16   6   1   1   9   3   3   2   1   2   3   0   0   0   9  35   0   0   2  0.62 0.35
  442 F   -4 -3 -5 -5 -2 -4 -4 -5  6 -4  1 -4 -1  5 -6 -5 -5  4  7 -4    1   1   0   1   1   1   1   1  19   0  14   1   2  19   0   1   0   4  33   1  1.46 0.55
  443 G   -4 -6 -4 -5 -3 -6 -6  8 -6 -7 -7 -6 -6 -6 -6 -5 -6 -6 -6 -6    1   0   1   0   1   0   0  92   0   0   1   0   0   0   0   1   0   0   0   0  2.57 0.84
  444 H   -6 -5 -3 -4 -7 -5 -5 -6 11 -7 -7 -5 -6 -6 -6 -6 -6 -6 -2 -7    1   0   1   1   0   0   0   1  91   0   1   0   0   0   0   1   0   0   1   0  3.86 1.13
  445 N    3 -1 -2  2 -4  2  1 -1  0 -3  0 -1 -2 -3  1  0 -2 -4 -3 -2   29   3   2  12   0   9   9   4   3   1  10   2   1   1   6   5   2   0   0   2  0.30 0.23
  446 A    5 -3 -4 -4  0 -3 -3 -2 -3  0 -2 -3  0 -1 -4 -1  0 -2 -3  3   44   1   0   1   2   1   2   3   1   6   2   1   2   3   0   3   6   1   1  21  0.68 0.37
  447 G   -6 -8 -6 -7 -8 -8 -8  8 -8 -10 -10 -7 -9 -9 -8 -6 -7 -8 -9 -6    0   0   0   0   0   0   0  99   0   0   0   0   0   0   0   0   0   0   0   1  3.03 1.02
  448 D   -8 -8 -3  9 -10 -6 -4 -7 -7 -9 -10 -7 -9 -10 -8 -5 -7 -10 -9 -9    0   0   1  98   0   0   0   0   0   0   0   0   0   0   0   1   0   0   0   0  3.34 1.12
  449 A    2  2 -2  0 -2  3  3 -3  0 -3 -1  0  0 -4 -4 -2 -1 -5 -2 -2   18  11   1   6   1  11  23   1   2   1   8   6   2   1   0   2   3   0   1   3  0.38 0.27
  450 V    0 -5 -6 -6  0 -5 -5 -6 -6  1  2 -5 -1 -2 -5 -5 -1 -6 -4  6    9   0   0   0   2   0   0   0   0   5  18   0   1   2   0   0   3   0   0  57  1.20 0.50
  451 L   -6 -6 -7 -7 -5 -6 -6 -7 -6  0  7 -6 -3 -4 -6 -6 -5 -6 -5 -4    0   0   0   0   0   0   0   0   0   4  91   0   0   0   0   0   0   0   0   0  2.12 0.75
  452 I   -1  4 -3 -4  2  3 -2 -4 -3  1 -2  3 -1 -4 -4 -3 -1 -2 -4  2    4  24   1   0   5  16   1   1   1   8   3  17   1   1   0   1   3   1   0  13  0.59 0.33
  453 E    2  1 -1 -1 -3  2  3 -2  2 -1 -2 -1 -1 -3 -4 -1  0 -3 -3 -2   21   6   2   2   1  10  22   3   5   3   5   3   2   1   0   4   6   0   1   3  0.32 0.23
  454 V   -1 -5 -6 -6 -3 -5 -5 -6 -6  2  1 -5  2  2 -5 -4  0 -5 -3  6    5   0   0   0   0   0   0   0   0  12  11   0   4   9   0   1   5   0   0  51  1.05 0.45
  455 A    6 -5 -5 -5 -2 -5 -5  0 -5 -4 -5 -5 -5 -6 -5  0 -2 -6 -5  0   72   0   0   0   1   0   0   7   0   1   1   0   0   0   0   7   3   0   0   6  1.52 0.64
  456 R    1  3  0  1 -3  2  2 -1  1 -4 -2  1 -2 -4 -3  0  0 -3 -3 -3   10  17   5   8   0  11  11   5   3   0   3  10   1   1   0   5   6   0   0   2  0.30 0.20
  457 R   -1  6 -4 -5  2 -1 -3 -4 -2  1  0 -2 -2 -4 -4 -2  1 -3 -4  0    6  45   0   0   4   2   1   1   1   7  10   1   1   0   1   2   8   0   0   8  0.83 0.41
  458 L   -2 -5 -6 -6  1 -5 -6 -5 -6  3  5 -5  3  0 -6 -5 -4 -2 -4  1    3   0   0   0   3   0   0   1   0  13  56   0   8   4   0   1   1   1   0   8  1.10 0.45
  459 S    0  5 -1 -3 -4  3  0 -2 -1 -2 -2  3 -2 -5 -4  0  0 -4 -4 -1    6  27   3   1   0  13   4   3   2   2   5  15   1   0   0   8   5   0   0   4  0.49 0.29
  460 G    2  1  1  1 -3  1  2  1  2 -4 -3  0 -3 -4 -3  2  0 -4 -3 -3   18   8   5   7   0   7  12   9   4   1   3   4   0   1   1  15   4   0   0   1  0.27 0.20
  461 G    1  0  1 -3  6  2  0 -1  2 -1 -1 -2 -1 -2 -4  1  1 -4 -2  0   14   4   6   1  15  10   5   4   5   3   5   1   1   1   0  12   7   0   1   7  0.31 0.21
  462 V   -1 -5 -5 -5  0 -4 -5 -5 -5  2  4 -4  1 -2 -5 -2  0 -5 -4  4    4   0   0   0   2   0   1   1   0   9  37   1   2   2   0   3   7   0   0  30  0.80 0.37
  463 R   -5  8 -4 -6 -7 -3 -5 -3 -2 -6 -6 -3 -5 -7 -2 -4 -6 -7 -6 -6    1  87   1   0   0   1   1   3   1   1   1   1   0   0   2   1   0   0   0   0  2.59 0.89
  464 D    1  0  0  2 -4  1  3 -1  0 -3 -3  1 -3 -4  2  1 -1 -5 -3 -2   11   6   4  11   0   6  20   5   3   2   2   7   0   0  10   9   3   0   0   2  0.29 0.20
  465 G    0 -2  0  0 -2  0  1  2  0 -1 -3 -2 -2 -3 -3  2  2 -3  0 -1    6   2   5   5   1   5   9  17   3   3   2   1   1   0   1  19  12   0   4   5  0.23 0.19
  466 D   -3 -6 -4  8 -5 -4 -2 -4 -4 -7 -6 -5 -7 -6 -6 -4 -4 -7 -6 -6    3   0   0  88   0   0   2   1   0   0   1   0   0   0   0   1   1   0   0   1  2.62 0.89
  467 T   -2 -2 -4 -5 -1 -3 -3 -4  0  2  3 -3  2  1 -4 -1  3 -2 -2  2    2   2   0   0   1   1   1   1   2  12  25   1   5   6   1   4  22   1   1  13  0.48 0.27
  468 V    1 -5 -5 -6 -1 -4 -5 -5 -4  2  2 -5 -1  0 -1 -3 -3 -5 -4  5   10   0   0   0   1   0   0   0   0  11  22   0   1   4   3   1   1   0   0  43  0.87 0.39
  469 A    6 -5 -5 -5  3 -5 -5  3 -5 -3 -5 -5 -4  0 -5 -2 -3 -5 -3 -1   56   0   0   0   6   0   0  21   0   1   1   0   0   4   0   3   1   0   1   4  1.17 0.52
  470 R   -6  9 -5 -6 -7 -4 -5 -6 -5 -7 -6 -3 -6 -7 -6 -5 -6 -7 -6 -7    0  95   0   0   0   0   0   0   0   0   1   0   0   0   0   0   0   0   0   0  3.04 1.00
  471 L   -4 -5 -4 -6 -3 -2 -5 -6 -2  2  3 -5  1  3 -5 -3 -3  6  5  0    1   0   1   0   0   2   0   0   1  13  27   0   3  12   0   2   1  12  18   5  0.93 0.40
  472 G   -3 -6 -5 -6 -6 -6 -6  8 -6 -7 -7 -6 -6 -7 -6 -3 -6 -6 -7 -7    2   0   0   0   0   0   0  92   0   0   1   0   0   0   0   2   0   0   0   0  2.58 0.85
  473 G   -5 -6 -5 -3 -6 -6 -6  8 -6 -7 -7 -6 -7 -7 -6 -5 -6 -6 -7 -7    0   0   0   1   0   0   0  94   0   0   1   0   0   0   0   0   0   0   0   0  2.65 0.87
  474 D   -4 -5 -4  7 -7 -4  6 -6 -5 -7 -7 -4 -6 -7 -5 -5 -5 -7 -6 -6    1   0   0  48   0   0  46   0   0   0   1   0   0   0   0   0   0   0   0   0  2.03 0.76
  475 E   -6 -5 -5 -4 -7 -3  8 -6 -5 -7 -7 -4 -6 -7 -6 -5 -6 -7 -6 -7    0   0   0   0   0   0  95   0   0   0   1   0   0   0   0   0   0   0   0   0  2.79 0.99
  476 F   -8 -9 -9 -10 -9 -9 -9 -9 -7 -4 -5 -9 -4 10 -10 -9 -8 -5 -1 -7    0   0   0   0   0   0   0   0   0   1   1   0   0  98   0   0   0   0   1   0  3.67 1.15
  477 V    3 -6 -5 -7  0 -6 -6 -3 -6  1  1 -6  2 -3 -6 -4 -2 -6 -4  5   24   0   0   0   2   0   0   2   0   7  12   0   5   1   0   0   3   0   0  44  0.99 0.47
  478 I   -1 -7 -7 -8 -3 -7 -7 -6 -7  5  1 -7  1 -3 -7 -6 -4 -7 -6  5    5   0   0   0   1   0   0   0   0  34  13   0   3   1   0   0   0   0   0  43  1.43 0.57
  479 L   -3 -7 -7 -8 -1 -6 -7 -6 -7  4  5 -7  1 -2 -7 -5 -4 -2 -4  3    2   0   0   0   1   0   0   0   0  18  55   0   2   1   0   1   0   0   0  17  1.28 0.53
  480 A   -1 -7 -8 -8  1 -4 -7 -7 -7 -1  6 -7  2 -1 -7 -5 -3 -6 -5  0    5   0   0   0   2   1   0   0   0   3  75   0   5   2   0   1   2   0   0   5  1.53 0.62
  481 N    0  0 -1 -1 -5 -1  0 -4  1 -5 -5 -2 -6 -5  7  0  0 -5 -5 -4    9   6   3   3   0   2   6   1   4   1   1   2   0   1  47   7   6   0   0   1  1.09 0.51
  482 G   -1 -1  3  3 -1  2  3  2  2 -4 -3 -2 -3 -6 -2 -1 -2 -6 -5 -3    4   2  14  14   1   8  17  18   6   1   2   1   0   0   2   5   2   0   0   2  0.48 0.29
  483 L    0 -4 -4 -4  2 -3 -3 -4 -1  2  0 -4  3 -3 -3 -1  5 -6 -4  1    8   1   0   0   4   1   1   1   2  11  10   0   7   1   1   4  36   0   0  11  0.65 0.38
  484 G   -1 -2  1  5 -3 -1  0  1  2 -5 -6 -3 -5 -6  0  2  1 -6 -5 -5    5   2   6  31   1   3   6  10   5   0   0   1   0   0   6  14  10   0   0   0  0.63 0.36
  485 R    1  1 -1 -1 -2  0  0 -2  1 -1  1  1 -1 -2  1  0  0 -4 -2 -1   12  10   1   3   1   4   6   3   4   4  19  10   1   1   8   5   4   0   1   3  0.11 0.12
  486 A    3 -1 -1  3 -3  1  3 -1  1 -4 -3 -1 -4 -4 -1 -1  0 -6 -4 -3   25   4   2  15   1   7  20   3   4   1   2   2   0   1   3   4   4   0   0   2  0.44 0.29
  487 D    0 -1 -1  5 -3  2  2  2  0 -5 -5 -2 -3 -5 -3 -1 -1 -6 -5 -3    9   3   2  29   1  10  14  14   2   0   1   2   1   0   1   5   3   0   0   2  0.60 0.34
  488 A    6 -6 -5 -6 -2 -5 -5 -2 -7 -1 -1 -6 -4 -4 -4 -2 -3 -7 -4  1   72   0   0   0   1   0   0   2   0   4   6   0   0   1   1   2   1   0   0   9  1.45 0.65
  489 Q    1  1 -2 -1  0  0  1 -2  0  0  1  0  1 -2 -3  0  0 -1 -1  1   12  10   1   3   2   4  11   3   2   5  14   4   4   1   1   5   4   1   2  13  0.08 0.11
  490 D    2  1 -1  0 -2  2  1 -2  1 -1 -1  0  0 -3 -1  0  0 -4 -3  1   17  10   2   5   0   8   9   2   3   3   6   4   3   0   2   6   6   0   0  12  0.14 0.15
  491 L   -1 -4 -6 -7 -1 -4 -5 -5 -5  4  3 -4  0 -1 -5 -5 -1 -4 -4  5    4   1   0   0   1   1   0   1   0  24  22   1   2   2   0   0   4   0   0  35  0.92 0.41
  492 A    7 -4 -6 -6  1 -5 -5 -1 -5 -3 -4 -5 -2 -7 -5 -3 -3 -8 -7 -2   80   1   0   0   3   0   0   5   0   1   2   0   1   0   0   1   1   0   0   3  1.77 0.75
  493 V   -2 -1 -1  2 -4  2  6  0 -2 -7 -5 -2 -4 -6 -6 -3 -4 -7 -6 -5    3   3   3   9   0   7  58   9   1   0   1   2   0   0   0   2   1   0   0   1  1.27 0.59
  494 R   -4  7  0 -5 -8  0 -3 -5 -1 -6 -6  4 -6 -7 -7 -3 -3 -8 -7 -7    1  59   4   0   0   3   1   1   1   0   0  25   0   0   0   2   1   0   0   0  1.77 0.71
  495 L   -4 -6 -8 -8 -1 -5 -7 -8 -7  6  4 -7  1 -2 -7 -6 -4 -4 -5  1    1   0   0   0   1   0   0   0   0  44  39   0   3   1   0   0   0   0   0   9  1.48 0.58
  496 R   -3  7 -4 -5  1 -1 -4 -6 -2  2  2 -2 -2 -4 -7 -5 -3 -5 -6 -1    2  52   0   0   3   3   1   0   1  12  17   1   1   1   0   0   1   0   0   3  1.23 0.56
  497 G    3  1 -1  0 -2  3  2 -2  1 -3 -2  0 -2 -4 -4  0 -1 -4 -4 -2   25   9   2   5   1  13  12   2   3   1   5   6   1   0   0   6   4   0   0   3  0.32 0.24
  498 E    4  1 -2 -3  1  1  0 -2  0 -2 -2 -1 -2 -5 -4  1  0 -6 -4 -1   40   7   1   1   3   7   5   3   2   2   3   3   1   0   0  12   6   0   0   5  0.49 0.33
  499 I   -3 -6 -6 -7  0 -4 -6 -7 -6  4  3 -6  3  1 -6 -5 -3 -4 -4  4    2   0   0   0   2   1   0   0   0  26  31   0   7   6   0   1   1   0   0  23  1.02 0.44
  500 I    3  0  0 -1  0  3  3 -1 -2 -4 -4 -1 -4 -5 -4  2 -1 -6 -4 -2   27   5   4   3   2  12  16   5   1   1   1   4   0   0   0  13   3   0   0   3  0.44 0.31
  501 Q    1  3 -1  0 -4  4  3 -3  0 -4 -3  0 -2 -5 -1  0  1 -4 -5 -3   12  14   2   4   0  18  20   1   3   1   2   4   1   0   2   6   7   0   0   2  0.47 0.30
  502 P    0 -2 -4 -2 -5 -1 -1 -4  1 -3 -2 -3 -2 -2  7 -1 -1 -6 -4 -3    6   2   0   2   0   2   4   1   4   1   5   2   1   2  55   6   4   0   0   2  1.28 0.55
  503 I   -2 -2 -5 -3 -1 -4 -3 -5  0  4  1 -4  2  5 -3 -3 -2 -1  2  2    3   2   0   1   2   0   2   1   2  21  10   1   5  23   2   1   1   1   8  15  0.60 0.29
  504 R    1  0  0  1 -1  0  1 -2  1  0 -1 -1  0 -1  1  0  0  0 -1  0   14   7   3   7   1   5   8   1   4   5   6   2   2   3   8   6   6   1   1   9  0.08 0.08
  505 A    1 -3 -4 -3 -1 -2 -3 -3  0  3  2 -3 -1  2 -1 -2 -1  1  0  2   11   1   0   1   1   1   1   2   3  19  21   1   1   8   3   2   3   2   4  16  0.32 0.20
  506 E    0 -1  2  4 -3  0  2  2  0 -4 -3 -1 -3 -4  1 -1 -2 -4 -5 -3    7   3   8  20   1   4  16  18   2   1   2   4   1   1   6   3   2   0   0   2  0.41 0.25
  507 G   -2 -3  1  2 -5 -1  0  6 -1 -5 -5 -2 -5 -5  1 -1 -2 -2 -5 -4    3   1   5  12   0   3   5  51   2   1   1   2   0   0   7   3   2   1   0   1  0.94 0.43
  508 R   -1  1  0 -1 -3  2  1  0  5 -2 -1  0 -1 -3 -1 -1  0 -4 -1 -1    5   9   4   3   1  10   9   8  17   3   5   6   1   1   2   4   6   0   1   5  0.26 0.19
  509 A    1  1 -1  0 -1  1  2 -1  0 -2 -2 -1 -1 -4  2  1  1 -4 -3 -1   11   7   3   5   1   7  16   4   2   2   4   2   1   0  11  11   8   0   0   5  0.20 0.16
  510 V   -2 -3 -5 -4  2 -4 -4 -3 -2  5  2 -4  0  1 -4 -4 -3 -2 -1  3    3   1   0   1   5   1   1   3   1  28  22   1   2   5   1   1   1   1   2  22  0.68 0.32
  511 R   -1  3  1 -1 -3  2  0  0  3 -3 -3  0 -2 -1  1  1  1 -4 -1 -2    4  16   6   3   1   8   4   8   8   1   2   5   1   2   7  12   8   0   2   2  0.24 0.19
  512 V   -2 -6 -6 -7  1 -3 -6 -6 -6  5  2 -5  0  0 -3 -4 -1 -6 -3  5    3   0   0   0   2   1   0   0   0  30  17   0   2   3   1   1   5   0   1  33  0.97 0.43
  513 G   -3 -3 -3 -5 -3 -3 -5  2 -4 -6 -6 -5 -3 -6 -5  4  6 -7 -7 -5    1   1   1   0   0   1   0  15   0   0   0   0   1   0   0  27  51   0   0   0  1.47 0.70
  514 A    4 -6 -6 -6  1 -5 -5 -3 -6  2  1 -5  1 -2 -1 -3 -1 -6 -5  3   40   0   0   0   3   0   0   1   0  12  11   0   3   2   3   1   3   0   0  19  0.79 0.42
  515 S   -4 -7 -5 -6 -4 -6 -6 -5 -7 -8 -8 -6 -7 -8 -7  8 -2 -9 -8 -7    1   0   0   0   0   0   0   0   0   0   0   0   0   0   0  97   2   0   0   0  2.74 1.09
  516 F   -1 -7 -7 -7 -1 -5 -6 -6 -7  6  2 -6  0  3 -7 -5 -5 -6 -3  2    5   0   0   0   1   1   0   0   0  45  17   0   2  13   0   1   0   0   0  13  1.22 0.51
  517 G   -4 -8 -6 -7 -8 -8 -8  8 -8 -10 -10 -7 -9 -9 -8 -6 -7 -8 -9 -9    1   0   0   0   0   0   0  99   0   0   0   0   0   0   0   0   0   0   0   0  3.06 1.05
  518 I   -2 -6 -7 -7  1 -7 -7 -4 -7  6  0 -7 -1 -2 -7 -5 -2 -5 -3  5    4   0   0   0   3   0   0   1   0  37   8   0   1   1   0   1   2   0   1  41  1.34 0.55
  519 G    6 -6 -6 -5 -1 -6 -6 -3 -4 -4 -4 -5 -6 -6 -6  2  1 -7 -7 -1   69   0   0   0   1   0   0   2   0   1   1   0   0   0   0  13   7   0   0   5  1.54 0.70
  520 W   -1 -2 -4 -4  1  1  0 -4 -1 -1  1 -4  0  3 -4  0  1  2  5 -1    4   2   0   0   3   6   7   1   1   2  15   0   2  12   1   6   9   2  22   5  0.47 0.30
  521 A    0 -2 -4 -4 -1 -3 -5 -2  0 -2  1 -4  0  0  6  0 -2  1  1 -1    8   2   0   1   2   1   0   3   3   2  13   0   2   3  39   8   2   2   5   4  0.79 0.42
  522 H   -1  2 -1  3 -3  3  2 -1  1 -3 -1  0 -2 -3 -1 -1  0 -5 -2 -2    6  11   3  16   1  13  13   4   4   1   7   4   1   1   3   3   5   0   1   3  0.26 0.20
  523 C    0 -2 -1  4 -3  0  0 -2  6 -5 -3 -2 -3 -1  3  0 -2 -6 -3 -4    8   2   3  20   1   4   6   4  19   0   2   1   1   2  16   6   3   0   1   1  0.66 0.37
  524 G    2 -4 -1  1 -5 -2 -1  6 -1 -6 -7 -4 -4 -5 -3 -1 -2 -7 -3 -3   14   1   3   9   0   1   5  53   1   0   0   1   0   1   2   5   2   0   1   2  1.05 0.49
  525 M    0  0 -2  3 -2  1  4 -2 -1 -3 -2 -1  0 -4 -1  0  1 -6 -4 -2    7   4   1  18   1   6  27   2   1   2   4   3   2   0   2   7   8   0   1   3  0.43 0.29
  526 T   -1 -3  1  5 -4 -1  0 -1 -1 -5 -6 -3 -5 -7 -2  3  3 -7 -5 -5    4   1   6  28   0   3   7   4   1   1   0   1   0   0   2  21  20   0   0   0  0.79 0.45
  527 A    2 -3 -4 -3 -2 -1 -1 -3 -2  1  1 -2  1  0  4 -1 -2 -1 -3  2   18   1   0   1   1   3   3   2   1   7  14   2   4   4  19   4   2   1   1  13  0.34 0.24
  528 D    0 -1  1  4 -3  0  4 -2  0 -4 -4  0 -4 -5 -3 -1 -1 -7 -4 -3    9   3   7  22   1   4  31   3   2   1   1   5   0   0   1   4   4   0   0   2  0.65 0.38
  529 E    2  2 -2  2 -4  2  2 -1 -2 -4 -3 -2 -2 -6 -4  1  2 -5 -5 -3   15  10   1  13   0  11  16   4   1   1   2   2   1   0   0  11  12   0   0   2  0.42 0.30
  530 V   -2 -7 -8 -8 -4 -6 -8 -7 -8  0  6 -7  1 -1 -8 -6 -3  0 -6  0    4   0   0   0   0   0   0   0   0   3  78   0   3   2   0   1   2   2   0   5  1.71 0.71
  531 L   -5 -6 -7 -8 -2 -5 -7 -8 -7  4  5 -7  4  1 -6 -5 -5 -5 -1  1    0   0   0   0   1   0   0   0   0  19  54   0   8   5   0   1   0   0   2   8  1.30 0.56
  532 K    1  3  0  0 -3  2  1 -3  3 -3 -3  3 -1 -4 -5  0 -2 -6 -4 -3   14  17   5   4   0   9   7   1   7   1   2  20   2   1   0   5   2   0   0   1  0.50 0.32
  533 S    1  6  2 -1  0  2 -2 -5  3 -4 -3  0 -2 -5 -5 -2 -2 -2 -3 -3   13  38   9   3   2   9   2   0   6   1   3   5   1   0   0   2   2   1   1   1  0.77 0.43
  534 A    7 -7 -7 -8 -5 -7 -7 -5 -7 -6 -6 -7 -5 -8 -7 -3 -6 -8 -7 -3   95   0   0   0   0   0   0   0   0   0   1   0   0   0   0   1   0   0   0   2  2.56 1.01
  535 D   -8 -8 -5  9 -10 -7 -2 -8 -7 -10 -10 -7 -10 -10 -8 -7 -7 -11 -10 -10    0   0   0  98   0   0   2   0   0   0   0   0   0   0   0   0   0   0   0   0  3.41 1.19
  536 E    1  2 -1  0 -3  4  2 -2  0 -2 -2  1 -1 -5 -4  0  1 -6 -5 -3   14  11   3   4   0  17  15   2   2   3   4   9   1   0   0   5   9   0   0   1  0.36 0.27
  537 R    7 -2 -5 -6 -4 -3 -5 -3 -4 -7 -4 -5 -1 -8 -7 -4 -5 -8 -6 -5   88   2   1   0   0   1   0   1   0   0   2   1   1   0   0   1   0   0   0   0  2.19 0.91
  538 M   -7 -8 -9 -9 -5 -7 -8 -9 -8 -4  5 -8  9 -5 -9 -8 -6 -7 -7 -3    0   0   0   0   0   0   0   0   0   0  56   0  43   0   0   0   0   0   0   1  2.47 0.93
  539 Y   -8 -8 -9 -10 -9 -8 -9 -10 -1 -8 -5 -9 -4 -2 -10 -7 -8 -4 10 -8    0   0   0   0   0   0   0   0   1   0   1   0   1   1   0   0   0   0  96   0  3.90 1.32
  540 V    2  4 -3 -1 -2  4  2 -4  3 -4 -3  0 -2 -5 -5 -2 -1 -6 -4 -2   15  23   1   3   1  21  11   1   6   1   3   5   1   0   0   3   3   0   0   3  0.63 0.39
  541 E    7 -5 -6 -4 -3 -5 -4 -3 -5 -4 -7 -6 -3 -8 -6  1 -5 -8 -7  0   79   0   0   1   0   0   1   1   0   1   0   0   1   0   0   9   0   0   0   6  1.87 0.81
  542 K   -7 -4 -6 -7 -10 -5 -5 -8 -7 -9 -9  9 -8 -10 -7 -6 -7 -9 -8 -9    0   0   0   0   0   0   0   0   0   0   0 100   0   0   0   0   0   0   0   0  3.28 1.18
  543 R    1  5  2 -2 -6  3  0 -3  3 -5 -5  2 -4 -5 -5  0 -2 -6 -5 -4   10  32   8   2   0  11   6   2   7   1   1  11   0   0   0   6   2   0   0   1  0.74 0.40
  544 S    3  0  2 -1 -4  2  0  1 -2 -4 -2 -1 -3 -6 -4  2  0 -6 -5 -4   29   5   9   3   0   8   6   9   1   0   4   3   0   0   0  16   4   0   0   0  0.44 0.31
  545 R   -5  1 -3 -5 -6 -5 -6  7 -7 -9 -8 -2 -8 -6 -7 -4 -6 -8 -6 -8    0   7   1   0   0   1   0  85   0   0   0   2   0   0   0   1   0   0   0   0  2.32 0.86
  546 P   -6  8 -3 -4 -4 -3 -5 -2 -4 -8 -6  4 -6 -8 -3 -4 -5 -8 -7 -6    0  68   1   1   0   0   0   4   0   0   0  20   0   0   2   1   1   0   0   0  2.04 0.80
  547 K   -2 -3  8  1 -6 -3 -3  1 -3 -8 -8 -5 -7 -8 -6 -2 -5 -9 -6 -8    4   2  69   8   0   1   1  11   0   0   0   0   0   0   0   3   0   0   0   0  2.00 0.80
  548 Q   -4  6 -2 -5  5  4 -3 -3 -2 -6 -5 -1 -4 -7 -5 -2  0 -3 -4 -3    1  46   2   0  13  17   1   2   1   0   1   3   0   0   0   3   6   0   0   2  1.30 0.59
  549 H   -2 -3 -5 -6  1 -3 -5 -5  3  0 -1 -5 -3  1 -6 -4 -2  5  5  5    2   1   0   0   2   1   0   1   8   4   4   0   0   4   0   1   2   7  22  40  1.02 0.46
  550 R   -1  6 -4 -4  2  2  0 -3  3 -2 -3  0 -2 -4 -5 -3 -1 -2 -4  2    4  41   0   0   5   9   6   2   6   1   1   4   1   0   0   1   4   1   0  13  0.77 0.40
  551 R    0  2 -2 -3  0  0 -1 -3  1  0  2 -1  2 -1 -2  0  0  1 -1  1    7  14   1   0   2   4   2   0   3   5  25   2   5   1   1   6   6   2   2   9  0.17 0.15
  552 A    6 -5 -4 -4  0 -3 -4  0 -1 -5 -4 -4 -3 -1 -5 -1 -2 -5  2 -4   73   0   0   1   1   1   0   5   2   0   1   0   1   3   0   4   1   0   6   0  1.28 0.54
  553 G   -3 -5 -3 -4 -5 -4 -5  7 -5 -7 -7 -4 -6 -6 -5  3 -4 -6 -6 -6    0   0   0   0   0   0   0  79   0   0   0   0   0   0   0  21   0   0   0   0  1.83 0.53

                      K         Lambda
Standard Ungapped    0.1356     0.3196
Standard Gapped      0.0410     0.2670
PSI Ungapped         0.1431     0.3175
PSI Gapped           0.0438     0.2670
