
Last position-specific scoring matrix computed, weighted observed percentages rounded down, information per position, and relative weight of gapless real matches to pseudocounts
           A  R  N  D  C  Q  E  G  H  I  L  K  M  F  P  S  T  W  Y  V   A   R   N   D   C   Q   E   G   H   I   L   K   M   F   P   S   T   W   Y   V
    1 M   -1 -2 -3 -3 -2 -1 -3 -3 -2  3  2 -2  5  0 -3 -2 -1 -2 -1  1    0   0   0   0   0   0   0   0   0  33   0   0  67   0   0   0   0   0   0   0  0.34 0.02
    2 F   -2 -1 -2 -1 -3  0  2 -3  0 -1 -1 -1 -1  4 -3 -1 -2  1  5 -2    0   0   0   0   0   0  34   0   0   0   0   0   0  33   0   0   0   0  33   0  0.41 0.01
    3 K   -1  2  4  0 -3  1  0 -1  0 -3 -3  4 -2 -3 -1  0 -1 -3 -2 -3    0   0  34   0   0   0   0   0   0   0   0  66   0   0   0   0   0   0   0   0  0.45 0.01
    4 N   -2  0  5  3 -3  3  1 -1  0 -3 -3  0 -2 -3 -2  0 -1 -3 -2 -3    0   0  49  20   0  31   0   0   0   0   0   0   0   0   0   0   0   0   0   0  0.53 0.02
    5 S    3 -1  0 -1 -1  0 -1  0 -1 -2 -2 -1 -1 -3 -1  3  1 -3 -2 -1   40   0   0   0   0   0   0   0   0   0   0   0   0   0   0  60   0   0   0   0  0.38 0.02
    6 K   -1  0 -2 -3 -2  0 -1 -3 -2  1  2  2  4 -1 -2 -1 -1 -2 -1  0    0   0   0   0   0   0   0   0   0   0  31  29  40   0   0   0   0   0   0   0  0.21 0.02
    7 S    0  0  0 -1 -2  0  0  3 -1 -3 -3  3 -2 -3 -1  2  0 -3 -2 -3    0   0   0   0   0   0   0  31   0   0   0  40   0   0   0  29   0   0   0   0  0.36 0.01
    8 Y   -2 -2 -2 -3 -3 -2 -2 -3  2 -2 -1 -2 -1  3 -3 -2 -2  2  7 -1    0   0   0   0   0   0   0   0   0   0   0   0   0   0   0   0   0   0 100   0  0.98 0.04
    9 Y   -1 -1  2 -1 -2 -1 -1 -2  1 -2 -1 -1 -1  2 -2 -1 -1  1  6 -1    2   1  21   1   0   1   1   1   0   1   2   1   0   1   1   1   1   0  61   1  0.43 0.02
   10 I   -1 -2 -3 -3 -2 -1 -2 -3 -2  2  2 -2  6 -1 -3 -2 -1 -2 -1  2    1   1   0   1   0   0   1   1   0  11  12   1  56   0   1   1   1   0   0  13  0.46 0.10
   11 Y    1 -1  2 -2 -2  0 -1  0 -1  0 -1  0  2  1 -2 -1 -1 -1  3  0   14   0  15   0   0   6   0   7   0   5   1   4  14   7   0   1   0   0  16   7  0.10 0.06
   12 T   -1 -2 -2 -2  3  1 -1 -2 -1  1  0 -1 -1  0  1  0  2 -1  3  0    1   0   0   0  11   8   0   1   0  14   9   0   0   0   7   8  21   0  17   1  0.17 0.07
   13 M   -3  2 -3 -4 -3 -2 -3 -4 -3 -1  1 -1  8 -2 -4 -3  0 -4 -3  1    0  14   0   0   0   0   0   0   0   0   8   2  60   0   0   0   6   0   0   8  1.03 0.38
   14 N   -2 -3  2  5 -4 -2  0  0  0 -5 -5 -3 -4 -5 -3  3  1 -5 -1 -4    0   0   9  43   0   0   4   7   2   0   0   0   0   0   0  25   8   0   2   0  0.84 0.41
   15 I   -4 -5 -6 -6 -4 -5 -6 -6 -5  0  5 -5  6  3 -6 -5 -4 -4  0 -2    0   0   0   0   0   0   0   0   0   3  56   0  24  14   0   0   0   0   3   0  1.32 0.58
   16 R   -3  8 -2 -5 -7 -1 -3 -6 -4 -6 -6  1 -5 -6 -5 -2 -4 -6 -5 -6    2  86   1   0   0   1   0   0   0   0   0   7   0   0   0   2   0   0   0   0  2.18 0.82
   17 D    0  0  1  3 -4  1  4 -1  0 -4 -4  0 -4 -4 -3  1 -1 -4 -2 -4    9   4   5  19   0   6  30   4   3   0   0   3   0   0   0  12   3   0   1   0  0.51 0.31
   18 F   -1 -4 -5 -5 -4 -4 -3 -5  1  1  0 -4 -1  7 -5 -3 -3  3  4 -1    6   0   0   0   0   0   1   0   3   9   9   0   1  47   0   2   1   3  14   2  1.02 0.45
   19 I   -4 -5 -5 -6 -4 -5 -5 -6 -5  5  4 -5  2 -2 -5 -5 -3 -4 -4  2    0   0   0   0   0   0   0   0   0  34  47   0   4   0   0   0   0   0   0  12  1.09 0.48
   20 E    1  0  2  2 -4  0  3 -1  0 -4 -3  0 -2 -4 -2  2 -1 -4 -3 -3   12   6  10  14   0   2  24   3   2   0   2   4   1   0   2  16   2   0   0   0  0.39 0.27
   21 R    0  2 -1  0 -1  1  0 -1  0 -1 -1  2 -1 -2 -2  0  0  1 -1  0    6  15   2   6   1   7   6   3   2   2   8  16   1   1   0   7   5   3   1   8  0.12 0.12
   22 V   -3 -4 -5 -5 -3 -3 -5 -5 -2  2  5 -4  3  2 -5 -4 -3 -1 -3  0    2   0   0   0   0   1   0   0   1  10  61   0   7   7   0   0   0   1   0   6  0.91 0.43
   23 R   -1  4  0  2 -4  1  3 -2 -2 -4 -3  3 -3 -4 -2 -2 -3 -4 -4 -3    4  25   3  11   0   5  22   3   0   0   3  20   0   0   1   0   0   0   0   2  0.59 0.33
   24 E    0  0  0  2 -4  2  3 -1 -2 -4 -4  2 -3 -4  0  1 -1 -4 -2 -3    8   4   3  12   0  12  23   5   0   0   1  13   0   0   5   9   3   0   1   0  0.39 0.25
   25 L    1  2  2  1 -3  1  2 -2 -2 -3 -1  1 -1 -3 -2  0 -1 -3 -2 -2   12  13  10   7   0   6  18   1   0   1   5  10   2   1   1   7   3   0   0   2  0.24 0.17
   26 G    0 -3  1  0 -3 -1 -1  5  0 -2 -3  0 -3 -2 -2 -1 -2 -3 -2 -1    5   1   5   5   0   2   4  49   3   2   2   6   0   2   1   3   2   0   1   4  0.57 0.28
   27 L   -2  1  0  2 -3  1  2 -1 -1  0  1  1  0 -1 -2 -1 -1 -3 -1  0    2   7   5  13   0   6  15   4   1   5  20   8   2   1   0   2   1   0   1   6  0.14 0.14
   28 L   -2 -3 -4 -5 -3 -4 -3 -4 -4  2  4 -4  1 -2 -3 -4  0 -4 -1  3    1   1   0   0   0   0   2   1   0   8  51   0   2   0   1   0   5   0   2  23  0.70 0.37
   29 R   -2  1 -1  0 -3  0  2 -3  2  2  0  2 -1 -1 -2 -1 -1 -4 -2  1    2   9   3   4   0   3  14   0   6  13   9  16   1   3   1   2   4   0   1  12  0.15 0.17
   30 E   -2  1 -2  2 -2  0  3 -4  1  2 -2  0 -2 -1 -2 -1  0 -4 -2  1    0   8   1  12   1   3  25   0   4  15   3   5   0   2   1   3   6   0   1  11  0.28 0.24
   31 V   -2 -3 -1 -1 -2 -4 -3 -4 -4  5 -1 -3 -1 -1 -4 -3  0 -4  1  4    3   1   3   4   1   0   2   1   0  37   2   1   0   2   0   1   5   0   5  31  0.64 0.37
   32 K   -2  2  1  2 -5  1  4  0  0 -5 -4  3 -4 -5 -3 -1 -1 -5 -4 -3    2  11   6  12   0   3  26   8   2   0   1  22   0   0   0   2   3   0   0   1  0.54 0.33
   33 G   -3  0 -3  0 -5  0  5 -3 -2 -5 -5  1 -4 -4  5 -1 -1 -6 -5 -4    1   4   0   5   0   3  38   2   1   0   0   8   0   1  29   4   3   0   0   1  0.95 0.50
   34 A    0 -3 -5 -5  1 -4 -2 -5 -2  2  1 -4 -2 -2  1 -3 -3 -5 -1  5    9   2   0   0   3   0   3   0   1  11  11   0   0   1   6   0   0   0   2  50  0.68 0.41
   35 S   -1 -1  1  5 -4 -2  1 -2 -2 -5 -4 -1 -4 -4 -2  4 -2 -5  0 -3    3   2   6  32   0   0   8   1   1   0   1   4   0   0   1  33   1   0   4   1  0.72 0.43
   36 W   -2  1 -3 -3  0 -2 -2 -2 -4 -2 -1  2 -3 -4  5  1  2  0 -2 -2    1   8   0   0   2   0   2   3   0   2   7  12   0   0  35   9  13   1   2   2  0.66 0.38
   37 D   -2  2  1  2 -2 -1  3 -3  2 -1 -3  2 -2 -3 -1 -1 -2 -4 -2  0    2  12   7  10   1   1  24   1   6   5   0  14   1   1   3   2   1   0   1   8  0.33 0.26
   38 L   -3 -5 -5 -2 -5 -4 -2 -4  1 -2  2 -5 -2  6 -6 -5 -4 -2  6 -1    1   0   0   3   0   0   2   1   4   1  23   0   0  29   0   0   0   0  32   3  1.16 0.55
   39 E   -2 -2 -3  0 -6 -1  7 -3 -3 -3 -5 -2 -5 -6 -4 -2 -1 -5 -5 -5    3   2   0   5   0   1  78   2   0   2   0   1   0   0   0   1   4   0   0   0  1.60 0.72
   40 I    2 -3 -3 -4 -2 -3 -2 -3 -2  3  1 -3  2  0 -1 -2 -2 -3 -2  2   24   1   0   1   0   0   2   1   1  23  14   1   5   4   4   1   1   0   0  16  0.39 0.26
   41 G    4 -3 -2 -2 -1 -1 -1  1 -3 -3 -3 -1 -1 -2  3  1  2 -3 -3 -1   37   1   1   2   1   2   3  10   0   1   1   2   1   2  12   9  12   0   0   4  0.42 0.28
   42 A    3  2 -2 -2  0 -1  2  0 -2 -2 -3  2 -2 -3 -2  0 -2 -3 -2 -2   30  10   1   1   2   1  13   7   0   3   2  16   1   1   1   7   1   0   2   1  0.32 0.24
   43 I   -1 -2 -2 -4 -3 -3 -2 -4 -4  5  1 -3  1 -1 -2 -3 -1 -4 -1  3    4   2   2   1   0   0   2   1   0  39  10   1   2   2   2   1   3   0   2  26  0.61 0.32
   44 T    1 -1 -2 -2 -1 -2 -2 -1 -1  0  2 -2  1 -2 -1  0  3  0 -1 -1   12   2   1   1   1   1   1   4   1   6  25   1   3   1   2   8  23   1   2   3  0.21 0.19
   45 D    1  3 -1  1 -3  0  0 -2  2 -3 -2  3 -2 -1 -1 -1 -1 -3  0 -2   12  22   2   9   0   2   5   2   5   1   4  18   0   3   2   3   4   0   3   3  0.27 0.18
   46 L   -1  3 -2 -2 -3  0  0 -2 -2  1  1  1  0  0 -2 -1 -1 -2  2 -1    4  21   1   2   0   4   8   3   0  11  17  10   1   4   1   2   2   0   7   1  0.19 0.17
   47 N    0  0  0 -2 -2  0 -1 -2  0  1  1  0  1  0 -2  0  1 -2  0  1    8   5   4   2   0   4   1   2   2   7  18   7   5   5   1   5  11   0   4   9  0.06 0.08
   48 A    1 -1  0 -1  0  1  2 -1  0 -1  0  2 -1 -2 -2  0 -1  1  1 -1   16   1   3   3   2   6  14   3   2   3  14  15   0   0   1   6   1   2   5   3  0.12 0.15
   49 K    0  2 -1  0 -3  1  1  1 -2 -3 -2  3 -3 -1 -1  0  0 -3 -1 -3   10   9   2   5   0   6  10   9   0   0   3  26   0   3   2   8   4   0   3   0  0.27 0.21
   50 R    0  1  3  1 -4  1  1 -1  3 -2 -1  1 -1 -2 -3 -1 -1 -3  2 -2    6   8  15   9   0   5  10   4   8   1   7   9   1   0   0   3   3   0  11   2  0.21 0.19
   51 R   -2  2  0  2 -4  0  0  3 -3 -4 -4  1 -2 -4  0 -1  1  3 -4 -4    0  12   3  14   0   5   7  28   0   1   1   7   1   0   5   3   9   4   0   0  0.43 0.29
   52 K    0  1  0  2 -2  0  0  3 -2 -3 -3  2 -3 -4 -2  1  0 -4 -1 -3    8   8   3  14   1   2   4  22   0   1   3  14   0   0   1   9   7   0   2   1  0.28 0.21
   53 F   -2  2 -1  1 -2  0 -1 -1 -1 -4 -4  3 -4 -1  5 -1 -3 -2  0 -3    2  13   2   8   1   3   2   4   1   0   0  21   0   2  30   4   1   1   4   2  0.66 0.38
   54 T    3 -3 -4 -4 -1 -3 -3 -3 -4 -1 -1 -2 -3 -4  5 -2  2 -5 -4  0   31   1   0   0   1   0   0   1   0   4   6   1   0   0  30   1  14   0   0   8  0.78 0.44
   55 L   -2 -5 -5 -5 -3 -4 -5 -3 -5  3  3 -4  1 -1  1 -4 -1 -4 -3  4    1   0   0   0   0   0   0   2   0  14  28   0   2   3   7   0   4   0   0  38  0.73 0.41
   56 L   -2 -2 -5 -6 -1 -3 -3 -6 -4  2  4 -4  2  2 -5 -4 -3  1  2  2    3   3   0   0   1   1   2   0   0   9  49   0   5   8   0   0   0   2   6  12  0.71 0.40
   57 F   -5 -6 -6 -6 -5 -6 -6 -6 -5  2 -1 -6 -1  9 -6 -5 -5 -3 -1 -2    0   0   0   0   0   0   0   0   0  10   3   0   1  80   0   0   0   0   0   1  2.30 0.84
   58 D   -2  2  2  1 -4 -1  3 -3  4 -4 -3  2 -3 -2 -3 -1  0 -4 -1 -4    1   9  12   8   0   1  25   1  11   0   2  15   0   1   0   3   7   0   1   1  0.50 0.31
   59 E   -2  0  6  4 -5 -1 -1 -2 -1 -5 -2  1 -4 -5 -4 -1 -1 -5 -4 -4    2   5  44  20   0   1   2   3   1   0   4  11   0   0   0   2   2   0   0   0  0.91 0.46
   60 I   -3 -3 -5 -5  1 -2 -3 -4 -5  4  1 -4 -1 -2  0 -4 -3 -5 -4  5    0   1   0   0   2   2   1   1   0  19  11   0   1   1   5   0   0   0   0  52  0.89 0.46
   61 K   -1  2  0  0 -3  0  1  0 -1 -2 -2  4 -2 -3 -2 -1 -1 -3 -1 -1    4  13   4   5   0   3   8   7   1   3   3  33   1   1   1   2   4   0   2   6  0.31 0.20
   62 D    0 -2  0  2 -3 -1  2  5 -2 -3 -2 -2 -3 -3 -2 -1 -2 -3 -3 -2    6   1   3  11   1   2  13  44   1   1   4   2   1   1   1   3   2   0   1   3  0.57 0.25
   63 Y    0  1  0  0  0 -1  0 -1  1 -1 -1 -1 -1  1 -1  1 -1  2  4 -1    5   8   4   5   3   2   5   5   3   2   6   3   1   6   2  12   3   2  18   5  0.12 0.09
   64 P    0  0 -1  0 -1  0  0  0 -1 -1 -1  1 -1  0  3  0  0 -1  0 -1    6   6   2   5   1   4   7   7   1   3   5  10   1   4  19   6   6   1   3   5  0.17 0.06
   65 K   -1 -1  2  3 -2  0  1  0 -1 -2 -2  0 -1 -2  0  2  1 -2  0 -2    3   1   8  17   0   3   9   5   1   1   2   6   1   2   5  19   9   0   3   3  0.22 0.15
   66 G    0  0  0  2 -3 -2 -1  5 -3 -3 -4 -2 -3 -4 -2  0 -2 -4 -3 -2    6   5   5  12   0   1   5  47   0   2   2   1   0   1   2   6   1   0   1   3  0.66 0.32
   67 Y   -2 -1 -2 -4 -4 -2 -3 -3  2  1  0 -1  3  4 -4 -2 -1  5  4  0    3   3   1   0   0   1   1   1   6   9   7   5  10  22   0   2   3   8  12   5  0.52 0.30
   68 R   -3  4 -1 -2 -5 -2  2 -4 -1 -4 -4  2 -4 -1  5 -1 -1 -5 -4 -2    1  20   3   2   0   0  12   1   1   0   1  10   0   3  34   4   3   0   0   3  0.84 0.44
   69 V    1 -3 -4 -5  3 -4 -4 -1 -5  2  0 -4 -1 -3 -4 -3 -3 -4 -2  5   13   2   0   0   7   0   0   6   0   9   8   0   1   0   0   1   0   0   1  49  0.73 0.42
   70 L    2 -5 -5 -5  1 -4 -5 -5 -5  3  1 -4 -2 -2 -5 -3 -1 -5 -2  5   20   0   0   0   3   0   0   0   0  15  12   0   0   1   0   0   2   0   1  44  0.83 0.47
   71 T    0 -4 -3 -3  0 -3 -4  4 -4  0 -1 -2  5 -3 -4  2  2 -5 -4 -2    8   0   0   1   2   0   0  28   0   4   5   1  19   1   0  17  11   0   0   2  0.60 0.43
   72 G   -2 -5  8 -3 -7 -4 -3  2 -4 -8 -8 -5 -6 -7 -6 -4 -4 -8 -7 -7    4   0  78   0   0   0   1  17   0   0   0   0   0   0   0   0   0   0   0   0  2.27 0.97
   73 A   -1 -5 -3 -6 -4 -3 -5 -6 -1  3  4 -5  0  0 -2 -4 -1 -5 -3  3    5   0   1   0   0   1   0   0   2  18  45   0   1   3   2   0   4   0   0  17  0.74 0.42
   74 L   -2 -4 -5 -5  4 -3 -5 -4 -4  1  2 -3 -1  4  0 -3 -1  5  2  2    2   0   0   0  11   1   0   1   0   8  19   1   1  17   5   1   4   7   8  14  0.55 0.34
   75 L    1 -3  2  1  1 -2 -2  4 -3 -3 -3 -2 -3 -3 -3  2  0 -4 -1 -3   14   1   9   7   3   1   2  31   0   1   2   1   0   1   1  17   5   0   3   1  0.46 0.29
   76 D   -1  0  1  1 -4 -3 -2 -1 -4 -4 -4 -2 -4 -5 -1  4  5 -5 -4 -4    3   5   7   8   0   0   1   4   0   0   0   2   0   0   2  30  36   0   0   0  0.77 0.49
   77 Y   -5  8 -4 -5 -6 -3 -4 -6  0 -4 -2 -1 -2 -5  1 -4 -5  1  0 -5    0  76   0   0   0   0   0   0   2   1   5   1   1   0   6   0   0   2   3   0  1.87 0.82
   78 R   -1  2 -1  3 -5  1  5 -2 -1 -5 -4  1 -4 -5 -2 -1 -3 -1 -4 -4    6   9   2  19   0   4  37   3   1   0   2   9   0   0   2   4   0   1   0   1  0.69 0.42
   79 R    0  5 -1 -1 -5 -1 -1 -3 -1 -3 -1  3 -1 -3 -4 -2  0 -5 -3  0    6  38   3   3   0   1   3   1   1   1   7  19   1   1   0   2   6   0   1   6  0.59 0.38
   80 V   -2 -4 -5 -5 -2 -4 -4 -4 -1  4  4 -2  2  2 -5 -4 -3  0 -1  2    3   0   0   0   1   0   0   1   2  25  38   2   6   8   0   0   0   1   2  10  0.66 0.36
   81 S    5 -2 -4 -3  2 -2 -2  0 -3 -2 -1 -3 -1 -2 -4  0 -2 -1  3 -2   52   2   0   1   5   1   3   6   0   2   6   0   1   1   0   5   1   1  11   1  0.68 0.45
   82 L    0  3 -2 -2 -4  1  1 -3 -3  0  1  2  2 -3 -3 -1 -2  1 -3  0    7  18   1   2   0   5  10   1   0   4  18  16   5   0   0   3   1   2   0   6  0.25 0.23
   83 A    4 -4 -3 -4 -3 -3 -3  0 -1  0 -1 -3  3  1 -4  1 -2 -3  3  0   37   0   0   0   0   0   0   6   1   6   6   0   8   5   0  13   0   0  10   6  0.47 0.36
   84 L   -4 -5 -5 -6 -1 -4 -4 -6 -5  2  5 -5  4  3 -5 -5 -3 -4 -1 -1    0   0   0   0   1   0   1   0   0  11  56   0  10  12   0   0   1   0   2   3  1.02 0.50
   85 N   -3 -1  4 -1 -5 -2 -1  6 -2 -6 -4 -2 -5 -5 -5 -1 -4 -5 -5 -5    0   4  17   3   0   1   4  59   1   0   2   2   0   0   0   4   0   0   0   0  1.19 0.56
   86 L   -1 -3 -3 -3  3 -1 -3 -3 -3  3  1 -3  1  0 -3 -1  1 -3 -1  3    5   1   1   1   8   2   1   2   0  18  10   1   3   3   1   4  11   0   2  27  0.35 0.24
   87 P   -1  0  1  2 -3  0  2  0 -2 -2 -3  1 -2 -3  3  0  1 -3 -3 -2    4   5   5  13   0   3  13   8   0   3   2  10   0   1  13   7  10   0   1   1  0.25 0.16
   88 A    1  0  0  0  0  0  2 -1 -2 -2 -3  2 -2 -3  2  1 -1 -3 -2 -1   16   4   4   4   2   2  17   5   0   1   2  15   0   1   9   9   3   0   1   5  0.22 0.17
   89 N    0  1  1  3 -3 -1  3  0 -2 -2 -2  1 -2 -3 -1  0 -1 -3 -1 -1    6   7   7  15   0   1  22   8   0   2   3   9   0   1   2   8   3   0   2   4  0.25 0.17
   90 S   -1  0  2  3  0  0  2  0  0 -2 -2  0 -2 -3 -2  2  1 -3 -2 -2    3   4  10  17   2   3  12   6   2   2   4   6   1   1   1  16   8   0   1   2  0.23 0.15
   91 D   -1 -1 -1  3 -2 -1  0 -2 -1  1  1 -1  1  1  0 -1  0  1 -1  0    4   2   2  19   1   1   4   2   1  11  19   2   3   8   4   3   5   2   2   5  0.12 0.11
   92 I    0  0 -1 -1  1  0  0 -1  0  1  1  0  1 -1 -1  0  0  0 -1  1    7   5   2   3   5   3   6   3   4   9  12   5   4   2   3   7   4   1   1  13  0.02 0.03
   93 E   -1  2  0  2 -1  1  3 -2  2 -3 -3  1 -2 -1  0  0 -1 -3 -2 -2    4  10   3  12   1   6  23   2   6   1   2   9   1   4   4   5   4   0   1   2  0.28 0.17
   94 L    0  1 -1 -1 -2  0  0 -1  0  0  0  0  0  1 -1  0  1  0  0  0   11   9   2   3   0   5   7   3   3   5  11   5   3   6   1   4  10   1   3   6  0.03 0.04
   95 V   -2  0 -2 -3  0 -2 -3 -2 -2  0  3 -2  2  1 -3 -2 -2  3  4  2    3   6   2   1   2   1   1   3   0   3  28   1   6   4   1   2   2   4  15  14  0.33 0.21
   96 K    1  0 -1  0 -2  0  1 -1 -1 -2 -1  2 -2 -1 -1  2  0 -3  0 -1   16   5   2   5   0   3  10   4   1   2   6  13   0   2   3  16   5   0   3   2  0.13 0.12
   97 K   -1  2 -1  1 -2  1  2  1  0 -3 -3  4 -3 -4 -2 -1  0 -3 -3 -2    4  10   2   9   1   4  15   9   2   1   2  28   0   1   1   3   5   0   0   3  0.36 0.24
   98 L    1  1 -3 -3  0 -2 -1 -2 -2  3  2 -2  2  0 -3 -2 -2 -1 -1  1   14   9   1   1   2   1   3   2   1  18  26   1   5   3   1   1   2   1   1   7  0.25 0.19
   99 R    0  0 -1 -1 -2 -1  0 -1 -1  1  2 -1  2 -1 -1 -1  0 -2  0  0    7   5   2   3   0   1   6   4   2   9  27   3   7   2   2   4   5   0   4   5  0.09 0.10
  100 E    0  1 -1  3 -3 -1  4 -2  0 -2 -2 -1 -1 -2 -1  0 -2 -3  0 -3   10   6   2  18   0   1  31   2   2   2   4   3   1   1   2   7   1   0   4   1  0.40 0.25
  101 R    1  2  1  0 -2  0  0  0  1 -1  0  1 -1  0 -1  0 -1 -2  0 -1   12  13   8   3   0   2   5   9   4   3   9   7   1   6   3   8   2   0   3   3  0.06 0.07
  102 L   -1 -2 -2 -2 -2 -2 -1  0  1  2  2 -2  4  0  0 -2  0 -2  0  0    3   1   1   1   1   1   5   9   3  14  20   2  13   4   4   2   5   0   4   6  0.15 0.13
  103 A    1  0  0  0  0  0  1 -1  0  0  0  0  0  0 -1  0  0 -2  0  0   12   5   6   5   2   1  10   4   3   4  12   8   3   3   2   6   4   0   3   6  0.02 0.03
  104 Y    0  0  1  1 -2  0  0  0  1 -1 -1  1 -1  0  0  0 -1  2  0 -1    8   6  10   8   1   2   7   5   5   3   7   8   1   3   5   6   3   4   4   4  0.06 0.05
  105 A    2 -2 -1 -1 -1  0  0  0 -2 -1  1 -1  0 -1  2  0  0  1 -1 -1   23   1   3   3   1   4   5   6   1   3  14   3   3   3  11   6   5   2   2   2  0.12 0.10
  106 S    0  0 -1 -1 -2  1  0  0 -1  0  1  1  3 -1  0  0  1 -2 -2  0    8   4   3   4   1   5   5   7   1   5  12   9  12   1   4   4   8   0   1   6  0.06 0.07
  107 K    0  1  0  2 -2  0  2 -1 -1 -1 -1  2 -1 -2  0  0 -1 -2 -2 -1    9   7   5  10   1   1  17   3   1   3   6  17   2   1   3   6   3   0   1   3  0.17 0.12
  108 E    0  0  2  0 -2  1  1  0 -1 -1 -1  1 -1 -2 -1  0  0  0 -2  0   10   4  14   4   1   6  13   5   1   4   6  10   1   2   2   4   6   1   1   6  0.11 0.09
  109 Y    1 -1  0  0 -2  0  0 -1  0  0 -1  0  1 -2  3  0  0 -2 -1  0   13   3   5   4   1   2   7   5   2   8   5   5   6   1  15   7   4   0   2   5  0.12 0.09
  110 A    1 -1  0  0  0  0  0  0 -1  0  0  0  0  0  1  0  0 -2 -1  0   13   3   6   4   2   2   6   5   1   3  13   8   2   4   6   6   6   0   2   7  0.03 0.03
  111 N   -1 -1  3  1 -3  0  1 -1 -2 -2 -3 -1 -3 -2  4  1 -1 -3 -2 -1    5   2  19   9   0   3   8   5   0   2   2   3   0   1  20  10   3   0   2   6  0.38 0.25
  112 Y   -1 -1  0 -1  0 -2  0  1 -2  1 -1 -1  1 -1  2 -1 -1 -2  2  0    3   3   5   4   2   1   6  12   0  12   6   3   4   2  13   4   2   0  11   6  0.12 0.14
  113 S    0  0  1  0 -3  0  1 -1  0 -2 -1  2 -1 -3  2  0 -1  0 -2 -1    8   5   9   4   0   3  11   3   2   1   8  13   1   1  12   9   3   1   0   4  0.16 0.15
  114 P   -1 -3  1 -3 -4 -3 -3  0 -3  0 -1 -1 -1 -1  6 -1  0  1 -1  0    4   1   6   1   0   1   1   7   0   5   5   3   1   2  40   5   5   2   3   8  0.68 0.38
  115 R   -1  3 -1 -2 -3  0  1 -1 -1  0 -1  2 -1 -3 -3 -1  1 -4 -3  2    5  19   3   1   0   3   8   6   1   6   4  16   1   0   1   2   8   0   0  16  0.22 0.22
  116 E   -1  1 -1 -1 -3  0  3 -2  1  1  0  1  0 -3  0  0  0 -4 -2  0    2   8   1   3   0   2  22   2   4   9  11   9   2   0   4   6   6   0   1   8  0.15 0.18
  117 V   -1  0 -1 -3 -3 -3  0 -2 -3  2  1 -2  0  0 -2 -2 -1 -3  1  4    3   6   3   0   0   0   6   3   0  11  15   2   2   3   2   2   3   0   6  33  0.30 0.26
  118 S    0  1  1  3 -3  0  2 -2 -1 -2 -2  1 -1 -2  0  1  0 -4 -2  0    7   8   8  17   0   2  12   2   1   2   3   8   1   1   4   9   4   0   1   9  0.19 0.17
  119 D    0  0  1  3 -3  0  0 -1  0 -3 -2  2 -2  1 -3  0  0 -1 -2 -1    7   3   8  23   0   2   5   5   3   0   3  12   0   7   0   7   6   1   1   6  0.21 0.20
  120 S    3 -3 -1  1 -3 -2  0  2 -3 -1 -2 -1 -2 -1  0  1 -1 -4 -3  0   27   0   3  11   0   0   5  16   0   3   4   4   0   3   4  10   3   0   0   7  0.23 0.22
  121 P   -1 -1 -2 -1 -2 -1  2 -1 -1 -2 -3  0 -3  0  6  0 -2 -4 -3 -3    4   3   2   2   1   2  14   4   2   3   2   7   0   4  37   9   2   0   1   2  0.65 0.35
  122 L   -1 -1 -3 -2  4 -2 -2 -2 -3  0  1 -2  0  3  0 -1  1  3  1  0    3   3   1   2  10   1   2   3   0   4  12   3   2  17   4   5  12   4   3   7  0.22 0.19
  123 L   -1 -1 -2  0 -3  1 -1 -2  0 -1  0  1  2  2  1  0 -2  3  0 -2    4   3   1   7   0   9   3   3   2   3  10  11   8  10   6  10   1   5   2   1  0.14 0.17
  124 E   -1  1  1  1 -4  1  5 -3  1 -4 -4  1  1  0 -3  0 -2 -4 -3 -4    4   7   5   8   0   6  38   1   3   1   1   9   5   5   1   6   1   0   0   1  0.55 0.35
  125 N   -1  0  3  1  2  0  0  0  1 -1 -1  1 -2 -1 -3  0 -1  1  0  0    3   3  18   7   5   3   4   6   3   4   6  11   0   3   1   7   1   2   3  10  0.11 0.14
  126 V    0 -1 -2 -2 -1 -2 -2 -2 -2  2  0 -1  1  0 -2 -1 -1 -1  2  3    7   2   1   2   1   1   2   2   1  18   8   3   4   4   2   4   3   1   8  28  0.18 0.11
  127 D   -1 -1  0  1 -2  0  1 -2  1  1  0  0  0  1 -1 -1  0  2  2  0    4   3   3   8   0   4  11   2   5   9  12   4   2   5   3   2   4   3   8   6  0.05 0.04
  128 V   -1  1  0 -1 -1  1  0 -1 -1  0  0  0  0 -2 -1  1  2 -2  0  0    3  10   3   3   1   7   6   4   1   4   7   3   3   1   2  12  18   0   4   7  0.08 0.07
  129 G    0  1 -1  0 -2 -1  1  3 -1 -2 -2  0 -1 -1  0  0  0 -2  0 -1    5   8   1   6   0   2   8  28   1   2   5   6   1   2   3   8   5   0   5   3  0.17 0.09
  130 E   -1  1  0  3 -3  0  2 -1 -1 -2 -2  2 -1 -3  1  1 -1 -3 -3 -1    4   6   3  19   0   1  17   2   1   2   3  15   2   0   8   9   1   0   0   5  0.27 0.14
  131 K   -1 -1  2  4 -3  0  2 -1 -2 -2 -2  1 -2 -3  0  0 -1 -3 -3 -2    4   1   9  28   0   3  18   4   0   2   4   8   0   1   5   6   3   0   0   3  0.35 0.16
  132 V    0 -2 -2 -1 -2 -2 -1 -1 -2  2  0 -1 -1  2  0 -2 -1  1 -1  3    8   1   1   3   0   1   4   4   0  13   5   5   0  12   4   2   1   2   1  32  0.18 0.14
  133 D   -3 -2  3  6 -4 -1 -1 -2 -1 -3 -2  0 -3 -4 -3  1 -1 -4 -4 -3    1   1  14  51   0   2   1   1   1   1   4   4   0   0   1  10   4   0   0   2  0.82 0.32
  134 L   -3 -4 -5 -5 -3 -4 -5 -5 -5  2  6 -4  1  0 -5 -4 -3 -4 -3  0    1   0   0   0   0   0   0   0   0  12  77   0   1   2   0   0   0   0   0   5  1.13 0.41
  135 F    0  0  0  1 -3  0  1  0 -1 -2 -1  0  0  1 -2  2  1 -2  1 -2    5   6   2   7   0   3  11   6   1   0   8   6   2   7   0  20   8   0   7   0  0.12 0.12
  136 K    0  2 -1  3 -2  0  2 -2 -1 -1 -2  3 -2 -3 -3  0 -1 -4  0 -2    6  14   1  17   1   1  12   2   1   4   3  23   0   1   0   8   3   0   3   1  0.29 0.18
  137 F   -4 -4 -6 -6 -4 -4 -5 -6 -4  2  5 -5  2  2 -5 -5 -3  1  1 -1    0   0   0   0   0   0   0   0   0   8  70   0   4   9   0   0   0   2   5   2  1.06 0.40
  138 P   -3 -6 -5 -5 -6 -5 -5 -4 -6 -6 -6 -4 -6 -7  9 -4 -4 -7 -6 -6    2   0   0   0   0   0   0   1   0   0   0   0   0   0  98   0   0   0   0   0  3.08 0.81
  139 S    1 -4 -3 -5 -2 -4 -4 -5 -4  5  0 -4  2  2 -4 -2 -2 -1 -2  3   11   0   1   0   1   0   0   0   0  46   5   0   5   8   0   2   0   1   0  20  0.72 0.32
  140 P   -2 -4 -4 -4 -2 -2 -4 -5 -4  2  2 -4  4 -2  6 -3 -2 -1 -4  1    1   0   0   0   1   2   0   0   0  10  21   0  11   1  40   0   1   1   0  10  0.93 0.36
  141 K   -3  3 -2 -3 -4  0 -2 -4  0 -1 -2  4 -2 -4 -3 -1  4  2  0 -2    0  20   0   0   0   4   0   0   3   5   2  28   1   0   0   1  30   3   3   1  0.59 0.33
  142 W   -4 -4  0 -4  3 -3 -4 -5  7 -1 -1 -4 -3  4 -5 -2 -3  2  6 -3    0   0   4   0   6   0   0   0  26   3   4   0   0  18   0   2   1   2  33   1  1.16 0.44
  143 H   -3 -2 -1 -5 -5 -1 -4 -5  6 -4 -3 -4 -3  4 -5 -1 -2  6  6 -4    1   2   2   0   0   2   0   0  20   0   0   0   0  19   0   4   3  11  36   0  1.26 0.45
  144 E   -1  0 -3  1 -3  0  4 -1 -3 -3 -4  0 -4 -5  5 -2 -2 -5 -4 -4    4   4   0   8   1   3  32   4   0   1   1   6   0   0  34   1   1   0   0   1  0.86 0.35
  145 H   -2  2 -1  0 -1  0  1  2 -1 -3 -2  4  0 -3 -3 -1 -1 -4  0 -3    1  10   1   4   1   3  11  21   1   1   4  30   3   0   0   1   2   0   4   0  0.36 0.22
  146 D   -5 -4 -2  8 -7 -3  3 -4  0 -6 -7 -3 -6 -7 -4 -3 -4 -7 -6 -6    0   0   0  83   0   0  15   0   2   0   0   0   0   0   0   0   0   0   0   0  2.07 0.64
  147 G    3 -2 -2 -3 -3 -3 -2  5 -4 -3 -4 -2 -1 -5  0  1 -2 -5 -4 -1   25   2   1   0   0   0   2  48   0   1   0   1   2   0   4   9   1   0   0   3  0.76 0.33
  148 G    1 -1 -2 -4 -5 -4 -4  7 -4 -6 -6 -3 -5 -6 -4  0 -3 -5 -5 -5   10   4   1   0   0   0   0  78   0   0   0   0   0   0   0   5   1   0   0   0  1.55 0.50
  149 R    0  4 -3 -4 -5  0 -3 -4 -3 -5 -3  0 -4 -1  6 -2 -2 -5 -1 -4    9  24   0   0   0   4   0   0   0   0   2   5   0   4  47   2   1   0   2   0  1.15 0.42
  150 Y   -5 -5 -5 -6 -1 -5 -5 -6 -2 -4 -2 -5 -4  3 -6 -5 -4 -1  9 -2    0   0   0   0   2   0   0   0   0   0   3   0   0  10   0   0   0   0  81   2  2.29 0.68
  151 I   -3 -5 -5 -5 -3 -5 -5 -4 -3  6  3 -5  0  3 -5 -4 -3 -4 -1  1    0   0   0   0   0   0   0   1   1  54  24   0   1  12   0   0   0   0   1   5  0.96 0.37
  152 G    0 -1  0  0  0  1 -1  0 -1 -1 -1 -1 -1 -1 -1  1  3 -1 -1  0    6   3   4   4   2   6   3   8   1   3   5   3   1   2   3   9  30   1   2   5  0.15 0.07
  153 T   -1 -3 -2 -3 -3 -3 -3 -2 -4 -4 -3 -2  0 -5 -3  4  6 -5 -4 -3    2   0   1   0   0   0   0   1   0   0   2   2   2   0   0  30  60   0   0   0  1.17 0.50
  154 A    4 -3 -3 -3 -3 -1 -2  0 -3 -2 -1 -2 -2 -3 -3  3 -1  4  1 -2   44   0   0   0   0   3   0   5   0   2   6   0   0   0   0  25   1   6   5   0  0.58 0.31
  155 D   -1 -3 -2 -1 -3 -2 -2  5 -3  1 -2 -2  0 -3  1  0 -1 -3 -3  0    2   1   1   4   0   1   1  50   0   9   1   1   3   1   6   7   3   0   1   9  0.58 0.23
  156 A   -1 -4 -4 -4  0 -4 -4 -4 -4  4  1 -4  3  1 -4 -3 -2 -3  0  4    5   0   0   0   2   0   0   1   0  24   9   0   8   6   0   0   0   0   3  40  0.62 0.28
  157 V   -2 -4 -4 -5  0 -4 -4 -3  0  3  0 -4  1  1 -4 -3  0 -4  0  5    1   0   0   0   2   0   0   2   3  18   4   0   2   7   0   0   7   0   3  49  0.63 0.30
  158 V    1 -4 -4 -4  0 -4 -4 -3 -4  4  0 -4 -1  2 -4 -2 -2 -3  0  4   12   0   0   0   2   0   0   1   0  28   6   0   0  11   0   2   0   0   2  35  0.58 0.28
  159 T    3 -1 -2 -3  4 -2 -2  0 -3 -2 -1 -1  1 -2 -3  1  2 -4 -3  1   30   2   0   0  12   0   0   6   0   0   3   2   4   1   0  11  16   0   0  12  0.35 0.22
  160 K   -1  4 -1 -2 -4  1  1 -2 -2 -2 -3  4 -1 -2 -3 -1  0 -1  0 -1    3  23   2   0   0   4  10   1   0   2   1  32   1   2   0   3   4   1   4   6  0.45 0.24
  161 D   -2 -1  1  6 -1 -1  1  0  0 -4 -4 -2 -3 -3 -3  0  0  0 -3 -3    2   3   7  51   1   2   6   7   2   1   1   1   0   1   1   6   5   1   1   1  0.74 0.29
  162 P   -2 -2 -2 -1 -3 -1  0 -2 -3 -1 -2  0 -1 -3  7 -2 -2 -3 -3 -2    2   2   1   3   0   2   7   3   1   5   5   5   2   1  55   2   1   0   1   3  1.10 0.30
  163 E   -1 -1 -1  4 -3  0  3 -2  0 -2 -1  0 -2 -2 -2 -1 -1 -3  2 -2    4   2   1  26   0   3  24   3   2   1   8   5   0   1   1   2   2   0   9   3  0.35 0.19
  164 S    0 -1  1  1 -3 -1  0  2 -1 -3 -3  1 -2 -1 -2  1  4 -3 -1 -2    5   3   6   7   0   1   6  14   1   1   1  10   0   3   1   7  31   0   3   1  0.27 0.18
  165 E   -2 -2  1  1 -4 -3 -1  6 -3 -3 -5  0 -4 -5 -4  0 -2 -5 -5 -5    0   1   6   8   0   0   5  63   0   2   0   7   0   0   0   6   1   0   0   0  1.02 0.38
  166 W    0  1 -1 -3 -1 -1 -1 -2 -2  1 -1  1  1  0 -3 -1  0  4  1  2    5  10   2   0   1   2   4   2   0  11   3   9   4   5   0   4   4   7   4  22  0.13 0.12
  167 V   -1  2 -2 -2  4  2 -1 -1 -1  0 -1 -1  0 -1  0 -1  1 -3  2  2    2  15   0   2   9  14   2   5   1   3   2   0   3   2   4   2   8   0   8  19  0.20 0.19
  168 N   -4 -4  8  1 -6 -3 -3 -2  1 -6 -6 -3 -5 -4 -5 -1 -2 -6 -1 -6    0   0  82   6   0   0   0   1   4   0   0   0   0   1   0   2   2   0   2   0  1.95 0.65
  169 V    3 -3 -3 -4  2 -3 -3 -2 -4  1  2 -3  1 -1 -3  0  0  3 -3  1   37   0   0   0   4   0   0   1   0   6  19   0   5   2   0   7   4   4   0  11  0.39 0.25
  170 G   -1 -4 -2 -3 -1 -3 -3  4 -4 -5 -5 -3 -4 -5 -4  6 -1 -5 -5 -4    1   0   0   0   2   0   0  27   0   0   0   0   0   0   0  67   3   0   0   0  1.26 0.53
  171 A   -3 -4 -1 -5 -4 -4 -5 -5 -4  5 -1 -4  3  4 -5 -4 -2 -3  3  1    2   0   3   0   0   0   0   0   0  47   1   0   7  22   0   0   1   0   9   8  0.88 0.37
  172 Y   -1  0 -3 -4 -5 -1 -3 -4  9 -3 -5 -3 -4 -2 -5 -4 -4 -3  6 -5    4   5   0   0   0   3   0   1  60   2   0   0   0   0   0   0   0   0  24   0  1.95 0.62
  173 R   -5  8 -4 -5 -6 -2 -3 -5 -3 -6 -5  0 -4 -6 -5 -4 -4 -6 -5 -6    0  97   0   0   0   0   0   0   0   0   0   2   0   0   0   0   0   0   0   0  2.43 0.73
  174 V   -2 -3 -2 -4 -3  0 -3 -3 -2  2  2 -3  6  1 -4 -1  0  0 -2  1    2   0   1   0   0   5   0   2   1  13  22   0  29   6   0   4   4   1   0   8  0.51 0.28
  175 M   -3 -1 -4 -4 -2  5 -1 -5 -1 -2  1 -2  8 -1 -4 -2 -1 -4 -3 -2    0   3   0   0   1  27   3   0   1   0  12   1  42   2   0   3   2   0   0   1  1.02 0.47
  176 L   -2 -2 -4 -5 -3 -3 -4 -5 -4  2  1 -2  1  1  2 -3 -2 -3  2  4    1   1   0   0   0   0   0   0   0  10  15   3   2   5  10   0   0   0   9  43  0.57 0.29
  177 V   -1  0 -1 -2 -3  0 -1 -4  2  3  2  1 -1  0 -3 -2 -1 -3  0  1    2   6   3   1   0   4   2   0   8  19  22  14   0   3   0   1   1   0   2  12  0.20 0.16
  178 D   -1 -4  0  5 -5 -3  0  4 -3 -5 -5 -3 -5 -5 -2  1 -3 -5 -5 -5    4   0   3  44   0   0   4  33   0   0   0   0   0   0   2  10   0   0   0   0  1.00 0.39
  179 K   -2  1  0  3 -4 -1  2  1 -2 -4 -4  4 -4 -5  2 -1 -2 -5 -4 -4    1   8   4  17   0   0  15  11   0   0   0  29   0   0  10   4   0   0   0   0  0.54 0.27
  180 N   -2  3  5  3 -5 -1  0  0  1 -5 -5  1 -2 -4 -3 -1  0 -5 -2 -4    1  15  31  18   0   0   4   7   3   0   0  11   1   0   0   3   5   0   2   0  0.60 0.29
  181 R   -2  4 -1 -1 -2  1  1 -4  4 -4 -4  3 -3 -4 -3  0  0 -4 -1 -2    1  25   2   1   1   5  11   0  12   0   0  24   0   0   0   6   7   0   2   3  0.55 0.28
  182 L    2 -4 -4 -5 -1 -3 -4 -2 -4  0  4 -4  2  2 -4 -3  0 -3  0  1   20   0   0   0   1   0   0   2   0   3  48   0   6   7   0   0   4   0   2   7  0.52 0.28
  183 A    2  0 -2 -3 -1 -3 -3  3 -3  0 -1 -2 -2 -3 -2  1  0 -4 -3  2   24   5   1   0   1   0   0  23   0   6   5   0   0   0   1   8   5   0   0  20  0.31 0.21
  184 I    1 -4 -5 -5  0 -4 -4 -1 -5  5  1 -4  3 -2 -4 -3 -2 -4 -3  3   15   0   0   0   2   0   0   5   0  41   7   0   9   0   0   0   0   0   0  21  0.70 0.33
  185 F   -4  6 -3 -3 -5  0 -3 -3  2 -4  0 -1  0  2 -3 -1 -3 -1  0 -3    0  57   0   1   0   3   0   1   5   0  11   1   2   9   1   3   0   1   3   1  0.93 0.42
  186 I   -2 -3 -5 -5  1 -4 -4 -5 -4  4  3 -4  4  0 -3 -3 -2  5 -2  1    2   1   0   0   3   0   0   0   0  24  36   0  12   2   1   1   1   9   0   7  0.71 0.31
  187 D    1 -4 -2 -1 -3 -1 -2 -3  0  0  0 -2  0 -2 -4 -3 -1 -4 -3  5   15   0   2   5   0   4   1   1   3   2   9   2   2   1   0   0   1   0   0  52  0.51 0.31
  188 S    0 -1  0 -1 -2 -1  3 -1 -2 -1 -2 -1 -2 -3  5  1 -1 -3 -2 -1    6   2   4   1   0   1  22   3   1   4   2   3   1   1  27  15   2   0   2   3  0.46 0.18
  189 P   -3  1  0 -3 -5  0 -3  2  2 -5 -4 -2 -1 -3  6 -1 -1  0 -4 -4    0  10   5   0   0   4   0  18   6   0   1   0   2   1  43   4   4   1   0   0  0.95 0.37
  190 H   -3  6 -2 -3 -5  1 -1 -2  5 -5 -4  0 -4 -5 -2  0 -1 -5 -2 -5    0  58   0   0   0   6   1   3  14   0   0   4   0   0   2   5   4   0   1   0  1.14 0.44
  191 H   -4  0 -1  2 -5 -2 -3  0  9 -4 -1 -2 -4 -4 -5 -3 -2 -5 -2 -4    0   5   2  13   0   1   0   7  60   1   7   1   0   0   0   0   2   0   0   1  1.55 0.54
  192 G   -1 -4 -3 -4 -3 -3 -4  2 -1  2  4 -3  1 -1 -2 -1  1 -4 -3 -1    4   0   0   0   0   0   0  15   2  10  47   0   2   2   1   3  13   0   0   1  0.44 0.26
  193 R    1  1 -2 -1 -1  0  0 -1  5 -4 -3 -1 -2  0 -4 -1  0  4  5 -3   13   7   1   3   1   4   5   5  19   0   0   2   1   1   0   2   6   5  26   0  0.54 0.29
  194 I    0  2 -1 -1 -3  2  0 -2  1  0  0  0  0  0 -3 -1  0 -2  1  0    7  18   1   4   0  11   4   3   3   7  12   5   2   3   0   2   7   0   7   6  0.10 0.10
  195 H   -3 -3  1 -1  1 -1 -3 -4  3  3  1 -3  4  3 -4 -3 -2 -2  3 -1    0   0   7   3   3   2   0   0   9  22  14   0  15  12   0   1   1   0  10   0  0.44 0.26
  196 M   -1 -1 -3 -4 -4 -1 -3 -4  4  0  1 -3  2  3 -4 -3 -2  5  6 -1    5   3   0   0   0   2   0   0  13   4  13   0   5  12   0   0   1   9  28   3  0.74 0.32
  197 E   -1  2  1  0 -4  2  2 -1  2 -2 -3  3 -1 -3 -3 -1 -1 -4 -3 -2    5  14   7   5   0   9  17   3   5   2   1  21   2   1   0   1   2   0   0   2  0.33 0.18
  198 K   -1  2  0  2 -4  1  2 -2 -1 -4 -3  4  0 -2 -3 -1 -1 -4 -3 -3    5  10   3  10   0   3  15   1   1   0   1  37   3   2   0   3   3   0   0   1  0.47 0.24
  199 Y    4 -1  0 -4 -3 -3 -3 -3  0 -4 -4 -2 -1 -1 -4  0 -3  6  4 -3   48   2   6   0   0   0   0   0   2   0   0   2   2   2   0   5   0  12  18   1  0.84 0.40
  200 L    0  1 -2 -2 -1  1  3 -3  0  1  1  1  0 -2 -2  0 -1 -3 -2  0   10   7   0   0   1   6  23   0   2   9  13  10   3   1   1   4   2   0   0   7  0.16 0.14
  201 R    1  2  1  1 -4  1  4 -3 -2 -4 -4  3 -3 -5 -3  0 -2 -5 -4 -4   15  10   6   6   0   3  36   1   0   0   0  18   0   0   0   5   1   0   0   0  0.60 0.30
  202 Q    1  3  0  0 -2  1  1 -3  2 -1 -1  2  1 -3 -3  0  0 -4 -2 -1   14  17   4   4   0   7   7   0   7   4   6  14   5   0   0   3   4   0   1   3  0.19 0.14
  203 G   -2 -4  3 -2 -5 -3 -1  6 -1 -6 -6  0 -5 -6 -5 -2 -4 -5 -5 -6    1   0  12   2   0   0   4  73   1   0   0   7   0   0   0   1   0   0   0   0  1.44 0.49
  204 K   -2  3 -2  0 -5  2  4 -1 -1 -4 -4  4 -2 -5 -3 -2 -3 -5 -3 -1    1  14   0   3   0   7  35   6   1   0   0  27   1   0   0   0   0   0   1   5  0.69 0.32
  205 K   -1  1 -1  4 -5 -2  3 -2 -3 -5 -5  0 -4 -5  5 -1 -2 -5 -2 -4    5   6   2  23   0   0  19   2   0   0   0   6   0   0  30   4   1   0   1   1  0.77 0.30
  206 C   -1 -4 -5 -5  1 -4 -5 -5 -4  0  5 -4  5  0 -5 -4  0 -4 -3  1    4   0   0   0   2   0   0   0   0   2  55   0  19   4   0   0   7   0   0   7  0.85 0.36
  207 P   -3 -3 -1  2 -6 -2  3 -4  0 -6 -6  1 -5 -6  7 -3 -3 -6 -5 -5    1   0   2  11   0   1  18   0   2   0   0  10   0   0  56   0   0   0   0   0  1.50 0.48
  208 I    0 -5 -5 -5  0 -4 -5 -3 -5  4 -1 -4  2  0 -5 -4 -2  1 -1  5    8   0   0   0   1   0   0   2   0  27   1   0   5   3   0   0   0   2   1  49  0.86 0.37
  209 V    6  0 -3 -4 -1 -3 -3 -1 -4 -2 -4 -3 -3 -5 -3  1  1 -5 -4 -1   68   4   0   0   1   0   0   3   0   1   0   0   0   0   0  10   8   0   0   4  0.96 0.44
  210 I   -2 -5 -5 -6 -3 -5 -5 -6 -6  6  1 -5  2 -3 -5 -4 -2 -5 -4  4    1   0   0   0   0   0   0   0   0  52   8   0   4   0   0   0   1   0   0  33  1.18 0.43
  211 S    3 -4 -1 -4  1 -3 -2 -3 -4  1  0 -3  0  0 -3  0  1 -4 -1  4   25   0   3   0   3   0   1   0   0   5   5   0   1   4   0   5   8   0   1  39  0.43 0.27
  212 F   -3 -4 -2 -5 -3 -3 -5 -5 -5  5  3 -4  2  2 -5 -4 -3  3 -2  2    0   0   3   0   0   1   0   0   0  41  25   0   5   8   0   0   0   5   0  12  0.80 0.33
  213 S   -2 -6 -4 -4 -6 -5 -5  7 -5 -7 -7 -5 -6 -6 -5 -2 -5 -6 -6 -6    1   0   0   0   0   0   0  98   0   0   0   0   0   0   0   1   0   0   0   0  2.34 0.67
  214 P    2 -3  1 -3  2 -3 -3 -1  0  0  0 -3  1 -3  0 -1  0 -4 -1  3   21   0   7   0   5   0   0   3   3   3  10   0   3   0   5   1   4   0   2  34  0.30 0.22
  215 P   -3 -4  1  5 -6 -3  0 -4  7 -6 -6 -3 -5 -5  4 -3 -4 -6 -3 -4    2   0   7  37   0   0   4   0  30   0   0   0   0   0  18   0   0   0   0   1  1.33 0.49
  216 L   -2 -5 -5 -5 -6 -5 -4 -5 -5 -1 -3 -4 -1 -6  8 -3 -4 -7 -4 -1    2   0   0   0   0   0   0   0   0   3   3   0   1   0  84   1   0   0   1   4  2.38 0.69
  217 D    4 -1 -2 -2 -3 -2 -1 -3  2  0  1 -3  0 -1 -3  0 -1 -4 -1  0   48   3   1   1   0   0   3   0   6   5  13   0   2   2   1   4   3   0   2   6  0.39 0.26
  218 L    0 -4 -4 -4 -3 -2 -4 -4 -2  3  1 -3  0  1 -4 -2  1 -3  0  4    8   0   0   0   0   2   0   0   1  21  13   0   1   6   0   1  12   0   3  32  0.45 0.24
  219 F   -1 -3 -3 -3 -1 -1  0 -4 -3  2  3 -3  2  1 -4 -1  1 -2  3  0    3   0   0   1   1   1   9   0   0  10  35   0   7   5   0   4  11   0  11   2  0.33 0.22
  220 I   -3 -4 -5 -5 -3 -4 -4 -5 -4  3  4 -4  3  3 -5 -4 -1  0 -1  0    1   0   0   0   0   0   1   0   0  14  55   0   7  13   0   0   3   1   2   3  0.82 0.34
  221 F    5 -4 -3 -4  2 -3 -3  1 -4 -3 -4 -3  0 -2 -3  1  1 -5 -4 -1   62   0   0   0   4   0   0  11   0   0   0   0   2   2   0   9   7   0   0   4  0.84 0.40
  222 S    5 -4 -3 -4  1 -2 -3  2 -4 -4 -4 -3 -4 -5 -3  3 -1 -5 -4 -3   57   0   0   0   3   1   0  14   0   0   0   0   0   0   0  23   3   0   0   0  0.95 0.43
  223 G    4 -3 -3 -3  4  1 -3 -1 -3 -2 -1 -3 -1 -3 -3  2  1 -4  0  0   40   0   0   0   9   6   0   4   0   1   6   0   2   0   0  14   7   0   3   8  0.43 0.27
  224 M    0 -3 -3 -3  0 -3 -3 -3 -3  0  1 -3  3  0 -2  2  4 -3  1  0    7   0   0   0   2   0   0   0   0   3  11   0   9   5   1  16  34   0   5   6  0.42 0.28
  225 E   -2  3 -1 -3 -4  1  0 -3 -3 -3 -1  0 -3 -3  3  3 -1  0 -2 -4    0  17   2   0   0   7   5   0   0   1   6   5   0   1  18  34   1   2   2   0  0.52 0.30
  226 V    1 -3 -3 -4 -1 -3 -3 -2 -4  1  2 -3  0  0  3 -1  0 -4 -2  2   14   0   0   0   1   0   0   3   0   7  21   0   1   4  18   2   5   0   1  22  0.36 0.20
  227 P    0 -3 -3  1 -5 -3  0 -1 -1 -5 -5 -2 -4 -5  7 -2 -2 -6 -5 -2    8   1   1   7   0   0   5   4   1   0   0   1   0   0  62   2   2   0   0   3  1.48 0.47
  228 Q   -1 -2 -3  1 -3 -1  1 -4 -1  0  1 -2 -2  3  0 -2  0  3  4 -1    6   2   0   8   0   2  10   0   1   6  13   0   0  12   4   2   6   4  22   3  0.29 0.19
  229 G   -2 -4  0  2 -4 -2  1  5 -1 -5 -5 -2 -4 -5 -2  0  1 -5 -4 -3    1   0   4  13   0   1   8  54   1   0   0   1   0   0   1   5   8   0   0   2  0.86 0.34
  230 V    0 -1 -2 -2 -2  0 -1 -1 -2  1  0  0  0  1 -1 -2 -1 -2  0  3    7   3   0   2   0   6   3   4   0   6   9   6   2   7   2   1   3   0   3  33  0.14 0.13
  231 S   -3 -2  2  5 -4 -2 -1 -3 -3 -3 -4  1 -4  3 -3  2 -1 -4  1 -4    0   1  12  37   0   0   1   0   0   1   0   8   0  14   0  18   3   0   4   0  0.67 0.33
  232 E   -4 -3 -2  1 -6 -1  7 -5 -3 -6 -6  1 -5 -6 -2 -2 -1 -6 -5 -5    0   0   1   5   0   0  79   0   0   0   0   8   0   0   2   1   3   0   0   0  1.61 0.59
  233 Y   -1 -3 -4 -5 -3 -4 -4 -4 -3  1  4 -4  2  2 -5 -3 -1  2  4  0    5   1   0   0   0   0   0   1   0   7  42   0   5   8   0   1   4   3  20   4  0.62 0.29
  234 N    1  0  1  2 -1  0  3  1  0 -4 -3  0 -2 -2  0  0 -1  0 -2 -2   11   3   6   9   1   3  28  12   1   0   1   6   1   2   3   6   2   1   1   2  0.27 0.17
  235 F   -3 -5 -5 -5  0 -4 -5 -4 -3  4  1 -4  1  3 -5 -4 -3 -3  4  3    1   0   0   0   2   0   0   1   0  25  13   0   3  15   0   0   0   0  15  26  0.74 0.32
  236 S    6 -4 -4 -3 -3 -1 -4 -2 -4 -1 -4 -4 -4 -5 -4 -1 -2 -5 -2 -1   81   0   0   1   0   3   0   2   0   3   0   0   0   0   0   3   1   0   1   3  1.31 0.55
  237 G    2 -4  3 -3 -4 -3 -3  4 -3 -5 -5 -3 -4 -5 -1  3 -2 -5 -5 -3   21   0  13   0   0   0   0  36   0   0   0   0   0   0   2  25   0   0   0   2  0.82 0.38
  238 A    4  1 -1 -3  1 -2 -1  1 -1 -2 -1  0 -1 -1 -3  1 -1  1 -1 -2   39  10   2   0   3   0   3  12   1   1   5   4   1   3   0   9   3   2   1   0  0.31 0.23
  239 V   -4 -5 -6 -6 -4 -5 -5 -2 -5  2  5 -5  4  2 -5 -5 -4 -4 -1 -1    0   0   0   0   0   0   0   3   0  12  66   0   9   7   0   0   0   0   2   1  1.06 0.42
  240 T    0  3 -1 -3 -3  0 -2 -2  0 -1  2  0  3 -2 -3  0 -1 -1 -1  0    6  23   2   1   0   3   0   2   3   2  24   4  12   1   0   8   1   1   2   6  0.26 0.20
  241 G   -2 -4  1  0 -5  0 -1  6 -4 -6 -6 -1 -5 -5 -3 -2 -1 -5 -5 -5    0   0   6   5   0   4   4  70   0   0   0   3   0   0   1   2   3   0   0   0  1.29 0.45
  242 K    0  1 -1 -1 -4  0  3  4 -2 -4 -4  2 -3 -4 -3  0 -1  1 -3 -3    6  10   2   1   0   3  20  33   1   0   1  12   0   0   0   5   3   2   1   1  0.48 0.25
  243 R    0  0  0 -1 -4 -2  0 -2 -2 -4 -2  1 -3 -4  6  1  0 -4 -4 -3    9   6   4   3   0   0   7   2   1   0   3  10   0   0  39   9   4   0   0   1  0.73 0.28
  244 V   -2 -4 -4 -4 -3 -3 -3 -3 -4  2  4 -2  2 -1 -3 -3 -1 -4 -1  3    1   0   0   0   0   0   1   2   0  12  42   2   6   1   1   1   4   0   1  25  0.56 0.26
  245 D   -1  3 -1  0 -2  1  4 -1 -2 -3 -4  2 -3 -5  2  0  0 -5 -4 -4    3  16   3   5   1   4  34   3   1   1   1  11   0   0   9   4   6   0   0   0  0.51 0.26
  246 V   -3 -3 -5 -5  0 -4 -5 -4 -5  2  4 -4  3 -1 -5 -4 -1 -4 -2  4    0   1   0   0   2   0   0   1   0   7  39   0   7   2   0   0   2   0   1  38  0.79 0.34
  247 L    1 -1 -3 -4  3 -3 -3 -3 -1  1 -1 -3  0  1 -3 -1  0 -2  1  4   11   4   0   0   7   0   0   2   1   5   2   1   2   8   0   4   7   0   5  39  0.35 0.22
  248 R   -1  3  0 -1 -4  2  2 -1 -2 -3 -3  4 -1 -4 -1 -1  0 -3 -1 -3    3  17   4   2   0   7  12   3   0   1   1  35   1   0   3   1   5   0   2   1  0.50 0.23
  249 G    1 -3 -3 -3  8 -3 -2  1 -3 -2  0 -3 -1 -3 -3  2  1 -3 -3 -2   12   1   1   1  33   1   2   9   0   2   9   1   1   0   1  14  11   0   0   2  0.71 0.29
  250 E   -2 -1 -2  0 -4 -1  3 -3 -2  0  1  0 -1 -3  5 -2 -2 -4 -1 -1    1   3   1   5   0   2  20   1   1   5  18   6   1   0  27   1   0   0   2   3  0.47 0.24
  251 D   -1 -1  0  2 -3 -1 -1 -1 -1 -1  0 -2 -1 -1 -2  1  4 -3 -1  0    3   2   3  16   0   1   3   3   2   1  12   1   1   2   1   9  31   0   2   8  0.25 0.18
  252 T   -2 -3  4  0 -2 -2 -2 -1  3  0 -2 -2 -2  0 -2  0  1  1  2  2    0   0  26   5   0   1   0   3   7   4   2   1   0   4   1   7   7   2   7  19  0.30 0.21
  253 G   -2 -2  1  4 -5 -2 -1  5 -2 -5 -4 -2 -4 -5  0 -1 -2 -5 -5 -5    0   1   5  28   0   1   3  50   1   0   2   1   0   0   4   2   1   0   0   0  0.96 0.35
  254 L   -1 -4 -1 -4 -3 -3 -1 -2 -4  3  3 -3  2  0 -4 -3 -2 -3 -2  2    6   0   4   0   0   0   4   4   0  24  37   0   5   3   0   0   1   0   0  12  0.44 0.22
  255 P   -2 -1 -1 -1 -3  0  2 -3  0 -2  1  1  0 -2  4 -1 -2  0  0 -1    1   3   2   2   0   3  20   1   3   0  17   8   3   1  26   3   1   1   3   4  0.41 0.22
  256 I    1 -5 -5 -5 -2 -5 -5 -5 -5  1 -1 -5  0 -3 -5 -4 -2 -5 -2  6   12   0   0   0   1   0   0   0   0   5   2   0   2   0   0   0   1   0   1  76  1.29 0.48
  257 P   -4 -5 -5 -5 -6 -5 -5 -5 -6 -1 -4 -4 -5 -6  9 -3 -4 -7 -6 -5    0   0   0   0   0   0   0   0   0   5   1   0   0   0  91   2   0   0   0   0  2.78 0.73
  258 A    4 -3 -2 -2  1 -2 -1 -2 -3 -2 -1 -2 -2 -1 -2  2 -1  0  0  0   49   1   1   2   3   1   2   1   0   1   6   1   0   3   2  15   3   1   3   7  0.43 0.23
  259 E   -1  0  1  3 -2 -1  2  1  3 -4 -3 -1 -1 -3  0  0 -1 -1 -1 -3    5   6   6  20   1   1  18  13  11   0   2   2   2   0   4   4   4   1   2   0  0.32 0.17
  260 S    5 -4 -3 -4  3 -3 -3 -2 -4 -4 -4 -3 -3 -5 -3  3  1 -5 -4 -2   61   0   0   0   6   0   0   1   0   0   0   0   0   0   0  22   8   0   0   1  1.02 0.44
  261 E   -2 -3 -3  0 -6  0  7 -2 -3 -6 -5 -2 -1 -6 -4  1 -1 -6 -5 -5    3   0   0   3   0   2  76   3   0   0   0   0   2   0   0   8   3   0   0   0  1.44 0.54
  262 I   -2 -5 -5 -5 -4 -5 -5 -6  0  6  0 -5  2  3 -5 -4 -3 -4  1  3    2   0   0   0   0   0   0   0   2  49   5   0   4  12   0   0   0   0   5  21  0.92 0.36
  263 A   -2 -5 -6 -6 -4 -5 -5 -6 -6  4  0 -5 -2 -3 -5 -4 -2 -5 -4  6    2   0   0   0   0   0   0   0   0  24   4   0   0   0   0   0   2   0   0  68  1.37 0.48
  264 I   -2 -5 -5 -6 -3 -4 -5 -6 -5  5  4 -5  4  2 -5 -4 -3 -4 -3  1    2   0   0   0   0   0   0   0   0  36  36   0  12   8   0   0   0   0   0   6  0.90 0.35
  265 E   -4 -2 -3  0 -2 -1  7 -5  0 -5 -2 -2 -5 -4 -4 -3 -2 -6 -3 -4    0   2   0   2   1   0  82   0   2   0   5   1   0   1   0   0   2   0   1   1  1.60 0.58
  266 G    1 -3 -3 -4 -5 -4 -5  7 -5 -6 -6 -4 -5 -3 -5 -3 -1 -5 -5 -3   10   1   0   0   0   0   0  82   0   0   0   0   0   2   0   0   4   0   0   2  1.68 0.53
  267 Y   -3  3 -3 -3 -4 -1  1 -4  1 -2 -2  2 -1  2 -4 -2  1  2  4  0    0  19   0   0   0   0   9   0   3   1   2  17   1   9   0   1  10   3  16   9  0.41 0.25
  268 I   -4 -5 -6 -6 -1 -5 -6 -6 -6  7  2 -5  1 -3 -5 -5 -3 -5 -4  3    0   0   0   0   1   0   0   0   0  64  14   0   3   0   0   0   0   0   0  18  1.33 0.45
  269 T   -2  0 -2  0 -2 -2 -2 -1 -1 -2  2 -2 -1 -3  3  0  3 -4 -2 -1    1   5   1   6   1   0   2   5   2   0  23   1   0   0  15   7  27   0   1   4  0.32 0.22
  270 G    1  0  2  2 -2  0 -1  2  1 -4 -4  0 -3 -5  4 -1 -1 -5 -4 -4   12   7  10  14   1   3   3  16   3   0   1   4   0   0  23   3   2   0   0   0  0.49 0.22
  271 E   -3  1  0  3 -5  1  5 -2 -1 -4 -5  0 -4 -3 -4 -2 -3 -5 -2 -2    1   8   3  17   0   5  51   3   1   1   0   5   0   1   0   0   0   0   1   4  0.84 0.36
  272 L   -1  3 -2 -2 -3  2 -1 -3  1 -2  1  1  2 -2 -1 -2  2 -4 -1  0    3  23   1   1   0   9   1   1   3   0  15   9   6   1   2   0  15   0   2   7  0.26 0.19
  273 T    2  2 -2  0  0 -1  1 -3 -1  0 -2  0 -2 -3 -3 -1  1 -4 -3  2   25  16   0   6   2   1  11   0   1   4   2   3   0   0   0   1  11   0   0  17  0.26 0.21
  274 D   -2  1  0  3 -2  0  3 -3  2 -2 -2  1  0 -4  2 -1 -1  2 -3 -1    1   9   3  22   1   4  21   0   6   1   3   7   3   0   9   3   2   3   0   4  0.36 0.19
  275 E   -4 -3 -3  1 -6 -1  7 -5 -3 -6 -4 -2 -5 -6 -1 -2 -4 -6 -5 -5    0   0   0   5   0   1  86   0   0   0   2   1   0   0   3   1   0   0   0   0  1.80 0.61
  276 G   -1 -5 -3  0 -5 -4  0  7 -5 -6 -6 -4 -5 -6 -5 -3 -4 -5 -6 -6    3   0   0   5   0   0   6  85   0   0   0   0   0   0   0   0   0   0   0   0  1.83 0.55
  277 P   -1 -2 -5 -3 -6 -5 -4 -5 -5 -6 -4 -4 -5 -6  8 -4 -4  5 -5 -6    5   2   0   1   0   0   0   0   0   0   2   0   0   0  81   0   0   9   0   0  2.48 0.69
  278 F   -4 -5 -5 -6  0 -5 -5 -5  0 -3 -1 -5  4  8 -6 -5 -4 -2  3 -2    0   0   0   0   2   0   0   0   2   0   3   0  13  68   0   0   0   0   8   2  1.73 0.53
  279 G   -1 -4 -3 -4 -1 -4 -4  4 -4 -1 -2 -4 -1 -4  0 -2 -1 -4 -2  5    2   0   0   0   1   0   0  36   0   0   1   0   1   0   5   2   4   0   1  44  0.75 0.34
  280 E   -4 -3  1  6 -6 -2  5 -4 -3 -6 -6 -3 -5 -6 -4 -3 -3 -6 -5 -5    0   0   4  50   0   0  42   0   0   0   0   0   0   0   0   0   0   0   0   0  1.54 0.51
  281 F   -2 -4 -3 -4 -3 -3 -4 -4  3  4  1 -4  3  4 -4 -2 -3 -1  2  0    3   0   1   0   0   0   0   0   9  31   9   0  10  19   0   3   0   1   8   5  0.56 0.26
  282 M   -1 -1 -3 -3 -3 -2 -3 -4  1 -1  2  0  2 -2  1  0  5 -4 -3 -1    2   2   0   1   0   0   0   0   4   1  21   5   7   1   7   4  40   0   0   4  0.47 0.28
  283 G   -2 -1 -2 -1 -5  0 -4  6 -2 -5 -2 -2 -1 -5 -4 -2 -3 -5 -5 -5    0   4   1   3   0   5   0  74   1   0   4   1   2   0   0   2   1   0   0   0  1.30 0.43
  284 Y   -3 -3 -3 -4 -3 -3 -3 -3  1 -2  0 -2  0  0 -4  0  5 -2  5  0    0   0   0   0   0   0   0   1   3   1   8   2   2   3   0   4  38   0  28   6  0.73 0.34
  285 Y   -4 -3 -5 -3  1 -4 -5 -6 -2 -3 -3 -5 -2  1 -3 -4 -2  1  9 -1    0   1   0   2   3   0   0   0   0   1   2   0   1   2   1   1   2   1  76   4  2.00 0.65
  286 A   -1 -3  1  6 -1 -1  0  1 -3 -4 -4 -2 -4  0 -2  0  0 -5 -4 -1    3   0   4  49   1   2   5   9   0   0   0   1   0   5   1   8   7   0   0   4  0.72 0.33
  287 G   -1  1  0  1 -3  0  1  0  1  0 -1  0 -1 -2  2  0  0 -3  0 -1    2   7   3   7   0   4  12   6   5   9   4   5   2   1  12   6   5   0   4   4  0.11 0.08
  288 G    0 -1 -2 -2 -3  0  1 -1 -1  1 -1 -1 -2 -3  1 -2  0 -4 -1  4    9   3   1   1   0   4  11   6   2   6   2   4   0   0   6   1   4   0   2  37  0.23 0.20
  289 R   -3  6  1 -1 -1  0  0 -2 -2 -3 -4  0 -3 -4 -3 -1 -3 -4 -3  0    1  59   5   3   2   3   6   3   0   2   1   4   0   0   1   3   1   0   0   7  0.95 0.38
  290 M    0  0  0  0 -1  0 -1  0  0  0  0 -1  1 -1  1  0  0  2 -1  0    5   6   4   5   1   3   3   8   3   4  13   3   7   2   8   7   7   3   1   7  0.04 0.03
  291 K    0  1  0  0 -3  2  1 -2 -1 -2 -2  3  0 -3  2  1  0 -3 -2 -2    7   8   2   4   0   9   7   1   1   1   4  21   3   1   9  15   4   0   1   2  0.24 0.13
  292 N   -2 -1  2 -2  1  5  2  0  1 -4 -2 -1 -3  0 -3  0 -1 -4  0 -2    0   1  10   0   3  36  17   6   3   0   4   1   0   4   0   6   2   0   3   3  0.52 0.30
  293 P   -2 -4 -1 -4 -5 -2 -4 -4 -1 -5 -5 -4 -5 -3  8 -3 -4 -5 -5 -3    2   0   3   0   0   2   0   1   2   0   1   0   0   2  81   1   0   0   0   2  2.24 0.63
  294 V   -2 -4 -5 -5 -2 -4 -2 -5 -5  3  1 -4 -1 -3 -5 -3 -2 -5 -2  6    2   1   0   0   1   0   2   0   0  13  11   0   1   0   0   2   2   0   1  66  1.06 0.44
  295 I   -1 -5 -5 -5 -3 -4 -5 -5 -4  4  2 -5  2  4 -5 -4 -3 -3  0  3    4   0   0   0   0   0   0   0   0  29  17   0   6  22   0   0   0   0   3  21  0.77 0.33
  296 E   -2  2 -1 -1 -4  1  4 -4  2 -3 -4  3 -3 -4 -3  0  2 -5 -2 -1    0  12   2   1   0   5  29   0   5   1   0  19   0   0   0   4  15   0   1   5  0.51 0.29
  297 V   -3 -5 -5 -5 -1 -5 -5 -6 -5  4  1 -5  0  2  0 -4 -3 -4 -2  5    0   0   0   0   1   0   0   0   0  21  13   0   1  11   5   0   0   0   1  47  0.87 0.37
  298 K   -3 -2 -1  3 -4  0  4 -4 -1 -4 -2  2 -3 -5 -3  0  4  0 -4 -2    0   1   2  15   0   3  28   0   2   0   3  12   0   0   0   5  27   1   0   2  0.59 0.33
  299 R    3  2  0 -2  2 -1  0  0  1 -4 -4  1 -3 -4 -3  1 -1 -4 -3 -3   34  13   3   1   6   2   4   7   4   0   0  11   0   0   0  13   3   0   0   0  0.41 0.26
  300 V   -2 -5 -5 -6 -4 -4 -5 -6 -5  5  1 -5  6 -1 -5 -4 -3 -5 -2  4    2   0   0   0   0   0   0   0   0  34  11   0  21   1   0   0   0   0   1  30  1.04 0.42
  301 Y   -2 -1 -3 -4 -1 -3 -3 -4  3 -2 -1 -2  2  0 -4  0  4  2  6 -2    2   4   0   0   1   0   0   1   7   1   5   1   5   2   0   8  29   2  32   1  0.74 0.38
  302 Y    0  1 -3 -4  1 -2 -3 -2  6  0 -1 -2  3  0 -4 -1 -1  1  2  2    9  10   0   0   4   1   0   2  22   5   4   0  10   3   0   3   3   2   7  15  0.39 0.26
  303 R   -2  7  1 -4 -1  0 -3 -2 -1 -5 -5  3 -3 -5 -4 -2 -1 -5 -4 -1    3  58   5   0   2   2   0   2   1   0   0  17   0   0   0   1   3   0   0   5  1.12 0.46
  304 N   -2  3  2  3 -5  0  3 -3  1 -5 -5  3 -4 -5  1 -1 -1 -5 -4 -4    1  14  12  18   0   3  19   1   3   0   0  19   0   0   7   2   2   0   0   0  0.59 0.29
  305 D   -3 -3  4  5 -5  1  2  0  1 -5 -5  1 -4 -5 -4 -1 -1 -6 -4 -4    0   0  25  37   0   5  10   7   3   0   0   7   0   0   0   2   3   0   0   1  0.87 0.38
  306 P    3 -3 -4 -4 -5 -4 -1 -3 -5 -5 -4 -4 -5  1  7 -2 -4 -6 -3 -4   27   2   1   0   0   0   3   1   0   0   1   0   0   6  58   1   0   0   1   0  1.57 0.56
  307 I   -3 -5 -5 -5 -4 -5 -5 -6 -3  6  1 -5  1  0 -1 -4 -3  0  1  2    1   0   0   0   0   0   0   0   1  60   9   0   3   3   3   0   0   1   6  13  1.05 0.42
  308 L   -2 -4 -5 -6  1 -4 -5 -5 -2 -1  1 -5  2  5 -5 -3 -2  2  6  0    2   0   0   0   3   0   0   0   1   3  13   0   6  31   0   2   2   2  31   5  1.00 0.40
  309 L   -3 -1 -2 -4 -5  4 -1 -5  8 -3 -2 -3 -4 -2  3 -2 -4  2  1 -3    1   3   1   0   0  20   3   0  41   1   5   0   0   1  16   1   0   2   3   1  1.17 0.49
  310 G    2 -3 -2  1 -2 -1 -2  1 -3  0 -2 -2 -1 -2 -3  2  1 -4  0  1   24   0   0   8   0   3   0  13   0   6   1   1   2   1   0  14  11   0   3  13  0.23 0.19
  311 T   -2 -4 -4 -4  0 -4 -4 -5 -4  5  2 -4  0  0 -4  0  2 -4 -3  1    1   0   0   0   2   0   0   0   0  40  24   0   1   3   0   7  14   0   0   9  0.64 0.32
  312 T    0 -3 -1 -3  1 -1 -3 -4 -3  1  2 -2  1  2 -1 -1  0 -2  2  2    7   0   4   0   3   3   0   0   0   9  24   3   2   8   4   3   5   0   9  17  0.21 0.17
  313 P    1 -4 -1 -3  3 -3  0 -2 -4 -3 -2 -3 -3 -4  6  0  1 -5 -4  1   10   0   3   0   7   0   6   2   0   0   4   0   0   0  41   5   9   0   0  12  0.83 0.38
  314 G    1 -4 -3 -4 -4 -4 -2  6 -4 -5 -5 -4 -4 -4 -4 -1 -4  6 -4 -2   13   0   0   0   0   0   2  63   0   0   1   0   0   0   0   3   0  11   0   4  1.34 0.51
  315 I    0  2 -1 -1 -2  0 -1  1  1 -1 -1  1  0  0 -1  1  0 -2  1 -1    6  14   1   3   0   2   1  11   3   5   5  10   3   4   3  11   8   0   7   3  0.08 0.08
  316 P    0  0 -1 -2  0 -2 -1 -1  0 -1 -1 -2  0 -3  5  2 -1 -3 -2 -1    5   6   2   1   2   1   4   4   2   4   4   1   3   1  33  16   3   0   1   4  0.49 0.21
  317 P   -1 -2 -2 -2  1 -2  1  2  1 -2 -2 -1 -2  0  3  1  0  2 -1 -1    2   1   0   1   3   0  12  21   4   2   2   2   0   6  15  14   5   3   1   4  0.28 0.19
  318 Y    0  0  0  3 -3 -1  1  0 -1 -1 -1 -1  1 -1  0  0  0  0  1 -1    6   4   4  21   0   0   9   7   1   5   4   2   5   1   3   6   8   2   7   5  0.12 0.12
  319 D   -4 -3 -3  4 -6 -1  6  0  2 -5 -5 -2 -5 -5 -4 -1 -4 -5 -4 -5    0   0   0  19   0   0  62   6   6   0   0   0   0   0   0   3   0   0   0   0  1.34 0.57
  320 Y   -2 -3  0  1 -4 -2  0 -1  7  2  0 -3  0 -2  1 -2  0 -3  1 -2    2   0   4   8   0   0   6   6  31  13   8   0   3   0   6   1   7   0   5   1  0.51 0.30
  321 S    0  0  0 -1  0  0 -1 -1  3  1  0  1  0 -1 -3  0 -1 -3  1  0    8   5   4   3   3   5   3   4  12  10  12   9   1   1   0   8   2   0   5   6  0.07 0.10
  322 Y   -2 -1 -1 -3 -3 -1 -4 -5 -2  0  3 -3  2  1 -4 -3  2  5  3  0    2   3   2   2   0   2   0   0   1   4  32   0   6   5   0   0  14   8  13   5  0.47 0.31
  323 F   -2 -4 -2 -5  0 -4 -5 -1 -5  1  5 -4  3 -1 -1 -2 -1 -4 -3  0    2   0   3   0   2   0   0   6   0   6  59   0   8   2   3   4   2   0   0   4  0.70 0.39
  324 R   -1  0  1 -4 -4 -1 -4  1  0  1  0 -2  7 -3 -4  0 -1  0 -4 -2    6   6   7   0   0   2   0  13   2   7   9   2  35   0   0   7   2   1   0   0  0.57 0.40
  325 C    0 -2 -3 -3  2 -1  1  5 -4 -2 -2 -1  0 -1 -4  0 -3 -1 -2 -1    9   2   0   0   5   2   9  45   0   3   3   2   3   3   0   7   0   1   1   6  0.53 0.32
  326 P    2 -2 -4 -4 -2 -3 -3 -3 -4  2  2 -2  2  2  2 -1 -1  2 -1  1   18   1   0   0   0   0   0   1   0  13  22   2   7  10   9   3   2   3   1   8  0.30 0.23
  327 I    2 -1 -4 -4  0  1 -1 -2 -4  1  0 -3  0 -4  5  0 -1 -5 -3 -2   17   3   0   0   3   6   3   3   0   8  10   0   3   0  34   5   3   0   1   2  0.61 0.34
  328 R   -1  3  2 -1 -4  1  1  0 -1 -1 -2  1 -1 -1 -3 -2  1 -3  1 -1    3  22  10   1   0   7   8   9   1   4   2   8   1   2   0   0   9   0   5   5  0.22 0.20
  329 S    1 -2 -3 -2  1  0  6 -4 -3 -2 -3 -1 -4 -5 -3  1  0 -5 -4 -4   13   2   0   0   3   2  57   0   0   3   3   2   0   0   0   9   4   0   0   0  0.92 0.49
  330 A    3 -2 -1 -3 -1 -1 -1 -1 -3 -1 -1 -3 -1 -3  4 -1  0 -4  0  1   31   2   3   0   1   2   3   4   0   2   4   0   1   0  22   2   4   0   3  14  0.43 0.28
  331 M   -1  2  0 -2 -3  1  1 -2 -2 -1  1  0  1  2 -1  0  1 -3  0  0    5  12   4   0   0   5   9   1   0   3  15   6   3  12   3   7   8   0   2   5  0.10 0.12
  332 I   -2 -4 -5 -5 -3 -4 -4 -5 -5  5  3 -2  3 -2 -4 -4 -3 -4 -3  2    3   0   0   0   0   0   0   0   0  40  30   3   8   0   0   0   0   0   0  12  0.86 0.40
  333 W   -2 -2 -1 -4 -4  0 -3 -1 -2 -3  0  1 -3  3 -1 -2 -1  6  6 -3    3   2   3   0   0   4   1   5   0   0   9   9   0  10   4   2   3  11  33   0  0.74 0.38
  334 D    0  3  1  1 -3  2  1 -1  0 -1 -1  1 -2 -2 -1  0 -1  1 -1 -2    8  18   6   7   0  13   6   5   2   4   5   9   0   2   2   5   4   2   1   2  0.17 0.14
  335 M    1  1 -2 -1 -3  0 -1 -1  2  0  0 -1  0  0  2  1 -1 -3  0  0   15   8   0   2   0   5   3   3   7   8  10   1   3   5   9  11   3   0   3   4  0.10 0.12
  336 L   -1 -4 -4 -5  2  1 -4 -5 -4  2  3 -4  0 -2 -4 -3  0 -4 -3  4    6   0   0   0   5   7   0   0   0   8  35   0   1   0   0   0   4   0   0  30  0.60 0.34
  337 E   -2  3 -1 -2 -4  1  2 -2 -2 -1  0  4 -2 -4 -3  1 -1 -4 -3 -2    2  20   2   1   0   4  13   3   0   3  13  25   0   0   0   9   2   0   0   2  0.39 0.27
  338 R   -2  3  3  0 -4  2  2 -2  0 -4 -3  2 -3 -3 -3  0 -1 -4  0 -3    1  20  15   4   0  10  13   2   2   0   2  15   0   0   0   6   3   0   3   1  0.43 0.25
  339 I    2 -1 -1 -1 -2  0 -2 -2 -2  0 -1  0  1  0 -2  0  1 -2  0  2   23   3   3   3   0   4   1   2   0   5   3   4   5   5   1   5   9   0   2  19  0.13 0.13
  340 G    0  0  0  0  0  1  0  2  0  0 -1 -1 -1 -2 -1  0 -1  1 -2  0    9   7   4   5   3   9   4  22   2   5   5   2   1   1   2   7   3   2   1   7  0.11 0.08
  341 I   -2 -3 -3 -2  1 -3 -3 -3 -1  3  2 -3  0  4  0 -3 -2 -2 -1  3    2   1   1   2   3   1   1   2   2  15  17   1   1  19   5   1   1   0   0  26  0.42 0.24
  342 R   -3 -1 -4 -4 -2 -3 -3 -1 -1 -4 -3  0 -4 -5  7  0  1 -5 -4 -1    1   4   0   0   1   0   1   5   2   0   2   6   0   0  58   6   8   0   0   5  1.32 0.52
  343 D   -1 -1  1  2 -3  1  2  1  0 -2 -3  1 -2 -1 -1  0  1  1 -3 -1    2   3   6  11   0   5  18  13   2   2   0   8   0   2   2   5  13   2   0   6  0.20 0.17
  344 V   -3 -5 -5 -3  1 -5 -5 -6 -5  3  1 -3 -2 -3 -5 -4 -1 -5 -4  6    1   0   0   2   3   0   0   0   0  17  11   1   0   0   0   0   4   0   0  59  1.07 0.50
  345 K    0  2 -2  0 -2  2  1 -2  1 -1 -1  3 -2 -4 -1 -1  0 -4 -3  1    6  11   0   4   1   9   6   1   4   2   4  26   0   0   2   4   6   0   0  14  0.26 0.23
  346 G    1 -1  3  4 -1  0  0  1 -3 -3 -4  0  0 -1 -3  0 -2  0 -3 -4   12   2  18  29   2   3   3  11   0   1   0   6   3   3   0   5   2   2   0   0  0.45 0.29
  347 V   -2 -5 -5 -5 -3 -4 -5 -5 -5  2  1 -5  0  2 -5 -4 -3 -4  1  6    3   0   0   0   0   0   0   0   0   7  12   0   1   9   0   0   0   0   4  60  1.01 0.47
  348 W   -1  2  0 -3 -3 -2 -1 -3  4 -1 -1  0  1 -1 -3  0 -1  6  3  0    4  14   6   0   0   0   3   1  14   3   6   5   4   1   0   8   3  11   9   9  0.37 0.25
  349 A   -1 -4 -4 -3  0 -3 -4 -3 -3  1  4 -4  3  1  0 -3 -2 -3  2  0    4   0   0   2   2   0   0   2   0   8  46   0   8   4   5   0   1   0   9   6  0.55 0.31
  350 H   -2 -2 -1 -3 -4 -3 -2 -4  1 -4 -3 -3 -3 -1  5  0  5 -4  0 -2    1   2   2   0   0   0   2   1   4   0   1   0   0   3  34   4  38   0   3   2  1.02 0.49
  351 E    0 -1 -1 -1 -4 -1  3 -3 -3 -1  0  0 -1 -4  4  0  1 -4 -4 -1    8   3   3   1   0   1  25   1   0   3  12   4   1   0  21   5   8   0   0   4  0.39 0.27
  352 V    2 -3 -1 -2  2 -2  2  4 -3 -4 -4 -1 -1 -3 -1  1 -2  0  1 -2   18   0   2   0   5   0  16  31   0   0   0   2   2   0   2  12   0   1   5   3  0.44 0.29
  353 G    1 -3 -3 -4 -5  1 -1  6 -4 -5 -5 -2 -4 -5 -4  0 -2 -5  0 -5    9   1   0   0   0   8   3  64   0   0   0   1   0   0   0   7   2   0   3   0  1.16 0.50
  354 F    0  0 -3 -3  6 -3 -2  2 -3 -1 -3 -3 -2  1  0 -1  1  2 -1  0    9   6   0   0  23   0   2  15   0   3   1   0   1   6   5   4  10   3   2   9  0.41 0.26
  355 S   -1 -3  0 -3  5 -3 -4  3  2 -3 -2 -3  0  2 -4  2  1 -4 -2 -2    2   1   5   0  15   0   0  28   5   0   4   0   3  10   0  15   8   0   1   2  0.51 0.32
  356 R   -2  2  0 -4 -5 -1  0 -1  5 -4 -4 -1 -1 -2 -5 -4 -4  9  4 -1    3  11   4   0   0   2   6   4  13   0   0   3   2   0   0   0   0  31  14   5  1.17 0.49
  357 A    0  0  1 -4 -2 -3 -4 -1 -3 -1  3 -3  2  4 -4 -2 -1 -3  1  0    8   5   8   0   1   0   0   4   0   2  31   0   5  23   0   3   4   0   3   4  0.37 0.27
  358 L   -1 -3  1 -4  1 -3 -3 -3  7  0  1 -3  1 -1 -4 -1 -1  3  0  0    5   0   6   0   4   0   1   1  34   5  17   0   4   2   0   4   3   4   2   8  0.65 0.37
  359 V    5 -4 -4 -4  2 -3 -3  0 -4  0  0 -3 -1 -2 -1 -1 -1 -4 -4  1   58   0   0   0   4   0   0   6   0   4   8   0   1   1   2   1   3   0   0   9  0.68 0.39
  360 V   -1 -4 -3 -5 -3 -1 -4 -5 -5  4  0 -2 -2  1 -5 -3 -3 -4  1  5    3   0   1   0   0   3   0   0   0  27   6   2   0   4   0   1   0   0   5  47  0.83 0.42
  361 V   -1 -6 -6 -6 -4 -5 -6 -6 -6  5  0 -5 -2 -1 -5 -5 -3 -5 -4  6    4   0   0   0   0   0   0   0   0  33   5   0   0   2   0   0   0   0   0  56  1.31 0.56
  362 A    2 -2 -2  1 -4  5 -1 -2 -3 -5 -5  1 -4 -5 -3  4 -1 -5 -4 -4   16   1   0   7   0  27   2   1   0   0   0   7   0   0   0  36   2   0   0   0  0.77 0.46
  363 I   -3 -5 -5 -5 -4 -5 -5 -2 -5  6  1 -5  3 -2 -5 -2 -1 -5 -4  2    0   0   0   0   0   0   0   4   0  58  10   0   9   1   0   4   4   0   0  11  1.02 0.46
  364 K   -3  1 -1  3 -6  1  2 -4  2 -5 -5  5 -4 -5 -4 -2 -1 -6 -4 -5    1   7   1  16   0   4  14   0   5   0   0  46   0   0   0   1   4   0   0   0  0.90 0.44
  365 Q   -2  0 -3 -1 -6  2 -2 -3 -1 -5 -5  7 -4 -6  2 -3 -2 -6 -5 -3    2   2   0   3   0   8   0   2   2   0   0  69   0   0   9   0   2   0   0   2  1.29 0.59
  366 A    1  3  0 -2 -1  3 -1 -3  1 -1 -2  1 -1 -3 -2  0  2 -4 -1 -3   10  21   4   0   1  16   2   0   3   4   4  10   1   0   1   8  13   0   2   0  0.32 0.24
  367 F   -2 -1  1 -2  0 -1 -2 -4  3 -2 -1 -2 -2  2 -1  0  3  1  4 -1    1   2   7   1   2   3   1   0   7   1   5   2   0  11   2   7  22   2  21   4  0.37 0.27
  368 A    1 -2 -1  2 -5  1  4  0 -3 -5 -5 -2 -4 -5  4 -1 -3 -5 -4 -4   11   1   2  11   0   5  36   6   0   0   0   0   0   0  25   2   0   0   0   0  0.83 0.40
  369 G    1 -4 -2 -2 -4 -3 -1  6 -4 -5 -3 -3 -1 -1 -4 -1 -1 -4 -4 -4   10   0   1   2   0   0   5  66   0   0   2   0   2   2   0   3   4   0   0   0  1.12 0.45
  370 H   -3 -1 -2  5 -5  2  3 -4  5 -5 -4  0 -4  0 -4 -3 -3 -5 -3 -4    0   3   0  38   0   7  20   0  18   0   2   4   0   4   0   0   0   0   0   0  0.95 0.42
  371 Q    3 -1 -1 -1 -3  0  0  3 -3 -3 -2 -2 -2 -2  2 -1 -2 -4 -3 -1   35   3   2   2   0   4   7  20   0   0   4   1   0   2   9   3   0   0   0   5  0.35 0.24
  372 T   -1  4 -1 -2  0  0 -2  0 -3 -3 -4  5 -3 -5 -3 -1 -1  1 -4 -3    5  27   2   2   2   2   0   7   0   1   1  40   0   0   0   3   4   2   0   1  0.71 0.37
  373 M   -1  3  4 -1 -4  3 -1 -3  1 -3  0  2  1 -4 -3 -1 -1 -4 -2 -2    4  19  26   1   0  14   3   0   3   0   9  11   5   0   0   1   2   0   1   2  0.46 0.29
  374 L    4 -2  0 -2 -2  0 -2 -3 -3  0  0  0 -2 -1 -3 -1 -2 -4 -3  3   39   0   4   1   0   4   0   0   0   3  11   8   0   2   0   2   0   0   0  23  0.37 0.28
  375 G    1 -2 -2 -3 -2 -2 -3  2 -3  3  0 -1  4 -2 -3 -1 -1 -3 -3  1   11   2   2   1   0   1   1  19   0  26   7   5  13   0   1   3   3   0   0   6  0.27 0.20
  376 H    0  0 -1 -1  0  0  0 -1  1  0  2  0  3 -1 -2 -1  0 -3 -2  0    6   5   3   4   2   3   5   5   5   5  25   5  13   1   1   4   4   0   0   3  0.10 0.12
  377 I    4  0 -3  0  0 -1 -2  0 -3  1  0 -2 -1 -3 -3 -1 -1 -3 -1 -1   50   5   0   7   2   3   1   5   0   8   9   1   1   0   0   2   2   0   2   2  0.39 0.27
  378 L    4 -4 -4 -4  0 -3 -4 -1 -4  2  1 -3 -2 -1 -4 -2 -2 -4 -3  3   43   0   0   0   1   0   0   4   0  15  13   0   0   2   0   0   1   0   0  22  0.59 0.35
  379 A    0 -1 -3 -4 -3 -3 -4 -4 -3  1  2 -2  4  4 -4 -2 -3  5  1  0    8   3   1   1   0   0   0   0   0  10  21   2  12  21   0   2   0  10   5   4  0.53 0.29
  380 I    3 -2 -1 -2 -2 -2 -1  1  0 -1  1 -1  0  1 -2  1  1 -3 -2 -2   28   0   3   0   0   0   4  10   2   2  15   3   3   7   0  12   9   0   0   0  0.19 0.18
  381 S    3 -1 -1 -3 -2 -1 -1  2 -3 -2 -1 -2 -1 -1 -2  1  1 -3 -2 -1   37   3   2   0   0   2   2  13   0   2   4   0   1   3   0  11  12   0   1   4  0.31 0.23
  382 P   -1 -2 -1 -2 -3 -2 -2 -1  7 -2  1 -1  1  1  1 -2  0 -3  0 -2    4   1   3   2   0   0   2   6  31   1  17   3   4   7   8   2   6   0   1   3  0.46 0.27
  383 L    0  1  0 -2 -3  0 -1  1  1 -2 -1  0  0 -1  4  0  1 -3 -2 -1    8   7   3   1   0   5   3  13   4   1   6   6   2   2  21   6   9   0   0   3  0.26 0.15
  384 T    0 -2  1  0 -3  1 -1  0 -2 -1  0 -2  2 -1 -2  3  0  3 -1 -1    8   0   6   4   0   8   2   8   0   2   9   0   6   3   0  30   4   4   1   3  0.21 0.20
  385 S   -1 -1  1  1 -2 -1 -1  0  1 -1  0 -1  2  1 -1  1 -1 -2  0  0    3   1   6  12   1   2   2   8   4   2   8   2   9   7   3  18   2   0   4   6  0.08 0.09
  386 Y   -1  1 -1 -1 -2  0 -1 -1  1  0 -1  2  2  1  0  0 -1  2  2 -1    3   9   1   2   1   5   2   4   4   6   3  15   7   8   4  10   2   3   9   3  0.09 0.08
  387 G   -1  1  0  0 -2 -1  0  0  2  0 -1  0 -1  1 -2  0  0  2  3 -1    4   9   3   4   1   1   6   9   6   7   7   4   1   5   1   8   6   3  14   3  0.08 0.06
  388 G    0 -3 -1 -2 -3 -3 -3  0 -4  2  3 -3  1  0 -1 -2  0 -3 -2  2    6   0   3   2   0   0   0   9   0  10  36   0   2   2   2   1   8   0   0  18  0.29 0.20
  389 R   -4  0 -3 -1 -6 -2 -2 -5  3 -3 -5  7 -4 -6 -1 -2 -4 -6 -4 -1    0   2   0   2   0   0   0   0   8   1   0  78   0   0   2   2   0   0   0   4  1.49 0.61
  390 Y   -3  0  0 -3 -4  2 -1 -2  6  0  0 -1  3  0 -4 -2 -1  1  1  0    0   6   6   0   0   9   2   2  24   5   9   3  11   4   0   1   4   2   4   7  0.37 0.25
  391 V    0 -5 -5 -6  0 -5 -5 -5 -6  3  1 -5 -2 -3 -5 -4 -3 -5 -4  6    9   0   0   0   2   0   0   0   0  15  12   0   0   0   0   0   0   0   0  63  1.10 0.47
  392 I   -3 -5 -3 -1 -3 -4 -4 -5 -5  5  0 -4 -1 -2 -5 -3  2 -5 -4  5    0   0   1   5   0   0   0   0   0  37   4   0   0   1   0   0  13   0   0  38  0.90 0.42
  393 V    1 -4 -5 -3 -3 -4 -2 -5 -2  2  2 -4  0 -1 -4 -3 -2 -5 -3  5   11   0   0   2   0   0   2   0   1  11  16   0   2   2   0   0   0   0   0  53  0.76 0.37
  394 V   -3 -5 -5  0  1 -5 -5 -6 -6  0 -1 -5 -2 -4 -5 -4 -1 -6 -4  7    0   0   0   6   3   0   0   0   0   2   2   0   0   0   0   0   3   0   0  84  1.54 0.61
  395 D   -3 -5  0  8 -6 -3 -1 -1 -4 -2 -6 -4 -6 -6 -5 -3 -3 -7 -6 -3    2   0   3  82   0   0   1   5   0   3   0   0   0   0   0   0   1   0   0   3  1.85 0.65
  396 E   -1 -1  0  5 -5  0  4 -3 -2 -5 -5 -1 -4 -5  0  0  0 -5 -4 -4    4   2   2  33   0   2  36   1   1   0   0   1   0   0   3   7   6   0   0   0  0.85 0.39
  397 D   -4 -4 -2  8 -5 -3  0 -4 -4 -3 -5 -3 -5 -5 -1 -1 -2 -6 -5 -5    0   0   0  83   0   0   3   0   0   2   1   0   0   0   3   4   2   0   0   0  1.86 0.61
  398 I   -1 -4 -4 -1 -3 -4 -2 -5 -5  6 -1 -4 -1 -3 -4 -4 -2 -4 -3  5    5   0   0   4   0   0   3   0   0  47   1   0   0   0   0   0   0   0   0  38  0.99 0.41
  399 D   -4 -4  4  7 -5 -3 -1 -2 -3 -5 -5 -2 -5 -5 -1 -3 -3 -6 -5 -5    0   0  22  67   0   0   0   3   0   0   1   2   0   0   3   0   0   0   0   0  1.59 0.55
  400 P   -1 -5 -5 -5 -4 -4 -2 -5 -5  6  0 -4 -2 -3  5 -4 -3 -5 -4  2    4   0   0   0   0   0   2   0   0  47   4   0   0   0  27   0   0   0   0  15  1.10 0.46
  401 S   -2  2 -1  2 -4 -1 -2 -3  1 -3 -1 -2 -2  4 -4  0  1  1  5 -2    2  12   2  11   0   2   1   1   3   0   5   1   0  19   0   7   9   1  21   2  0.41 0.26
  402 D   -4 -2  4  6  0 -1 -1 -4 -3 -5 -6 -1 -5 -6 -4  1  0 -6 -5 -5    0   2  18  58   2   2   2   0   0   0   0   3   0   0   0   8   4   0   0   0  1.23 0.48
  403 L   -1 -3 -3  0 -3 -2 -2 -1  0  0  1 -3  2  0  5  0  0  4  0 -2    5   0   0   6   0   0   2   4   2   4  13   0   7   5  29   7   7   7   3   0  0.46 0.25
  404 N   -1  1  2  2 -3  0  2 -1 -1 -2 -2  0  0 -3 -1  1  0 -4 -1 -1    4  10  14  13   0   2  19   4   0   1   3   5   3   0   2  10   3   0   2   5  0.24 0.16
  405 Q    0  0 -2  5 -5  4  4 -4 -3 -5 -5 -2  0 -5 -4  0 -2 -5 -4 -4    8   5   0  31   0  19  27   0   0   0   0   0   3   0   0   6   2   0   0   0  0.83 0.40
  406 V   -3 -5 -6 -6 -4 -5 -5 -2 -6  3  1 -5 -1 -3 -5 -4 -3 -5 -4  6    0   0   0   0   0   0   0   4   0  16  10   0   1   0   0   0   0   0   0  69  1.26 0.51
  407 V   -2 -3 -3 -2 -4  1  5 -5 -3  1  2 -2  3  0 -4 -3 -2 -4 -3  0    2   0   0   0   0   6  43   0   0  10  18   0   9   4   0   0   1   0   0   6  0.61 0.36
  408 W   -2 -4 -6 -3 -6 -5 -1 -6 -5 -5 -2 -4 -4  1 -7 -6 -5 11  4 -6    3   1   0   2   0   0   6   0   0   0   5   1   0   6   0   0   0  64  13   0  2.73 0.79
  409 A    7 -4 -4 -2 -3 -4 -4 -3 -4 -2 -4 -4 -4 -5 -4 -1 -3 -5 -1 -3   92   0   0   2   0   0   0   0   0   2   0   0   0   0   0   1   0   0   2   0  1.61 0.65
  410 L   -3 -4 -5 -5 -3 -4 -5 -5 -4  5  3 -2  4  1 -5 -4 -2 -4  0  2    0   0   0   0   0   0   0   0   0  37  28   2  13   6   0   0   1   0   2  11  0.79 0.35
  411 C    5 -3 -1 -3  1 -3 -3 -1 -3 -3 -1 -3 -1 -4 -3  2  0  1 -3  0   53   0   3   0   3   0   0   4   0   0   6   0   1   0   0  16   4   3   0   5  0.61 0.34
  412 T   -3 -3 -1 -2 -3 -2 -1 -4 -4 -3 -2 -2 -3 -2 -4 -1  7 -5 -4 -1    0   0   2   2   0   1   4   0   0   0   3   1   0   2   0   2  77   0   0   4  1.31 0.55
  413 R   -4  8 -1 -4 -6  0 -3 -5  2 -6 -5  1 -4 -5 -5 -3 -4 -5 -4 -5    0  84   2   0   0   2   0   0   5   0   0   4   0   0   0   0   0   0   0   0  1.95 0.65
  414 T   -1 -4 -4 -4  3 -3 -4 -2  0 -1  0 -4  3  4 -4  0 -1  2  1  3    5   0   0   0   8   0   0   2   2   0   5   0   8  25   0   7   2   3   5  26  0.47 0.27
  415 D   -3  3  0  2  0  5 -1 -3  3 -3 -3  2 -3 -4 -3 -2 -1 -4 -3 -4    1  20   3  11   2  36   0   1   8   1   2   9   0   0   0   1   3   0   0   0  0.70 0.34
  416 P    3 -4 -3 -3 -4 -3 -3  2  0 -3 -4 -3 -4 -4  6 -2 -3 -2 -4 -2   27   0   0   0   0   0   0  14   3   1   1   0   0   0  46   2   0   1   0   2  1.15 0.41
  417 A    0 -1  0  5 -4 -2  1  0 -1 -4 -2 -2 -2 -4  0  1 -2 -5 -4 -2   10   4   4  46   0   0   5   6   1   0   4   1   1   0   3   9   1   0   0   3  0.61 0.30
  418 N   -2  5 -1 -1 -4  0  1 -2  1 -3 -2  3  0 -4 -3 -2  0 -4 -3 -2    2  40   1   3   0   3  11   3   3   1   2  16   3   0   0   1   7   0   0   3  0.57 0.29
  419 S   -4  0 -1  7 -5 -3  0 -1 -4 -5 -6 -3 -5 -6 -4  0 -2 -6 -5 -3    0   4   1  75   0   0   3   5   0   0   0   0   0   0   0   6   1   0   0   3  1.53 0.54
  420 I   -2 -3 -1 -3 -3 -1 -1 -4  0  3  2 -3  2 -1 -3 -2  2 -3  0  2    0   0   3   0   0   2   4   0   2  19  26   0   6   1   0   0  19   0   4  11  0.33 0.22
  421 E   -1 -3 -3 -2 -3 -1 -2 -4 -1  2  1 -2  3  3 -3 -2  1 -3 -1  3    3   0   0   2   0   3   3   0   2  10  11   1   9  16   0   1   9   0   1  29  0.33 0.21
  422 V   -1 -3 -4 -4 -2 -2 -3 -4 -2  4  1 -3  3  1 -4 -1 -1 -3 -1  3    5   0   0   0   0   2   0   0   1  30  10   0   7   6   0   5   3   0   1  27  0.46 0.24
  423 V   -3 -4 -4 -4 -3 -4 -2 -5 -4  5  2 -2 -1  2 -4 -3 -1 -3  0  2    0   0   0   0   0   0   3   0   0  48  15   3   0  10   0   0   3   0   2  15  0.70 0.31
  424 K   -2  1 -2  1 -4 -1  1 -3  1 -5 -4  2 -4 -5  6  1 -2 -5 -4 -4    2   9   1   8   0   1  11   1   4   0   0  11   0   0  39  11   2   0   0   0  0.84 0.34
  425 N   -3  0  5  3 -5  1  0  4  0 -5 -5 -1 -4 -4 -4 -2 -3 -4  1 -3    0   4  31  17   0   6   4  29   2   0   0   2   0   0   0   0   0   0   5   1  0.74 0.35
  426 V    3 -3 -3 -3  0 -2 -3  0 -3  0 -1 -1  2 -3 -3  0  1 -4 -1  3   27   0   0   0   2   2   0   7   0   4   3   3   7   0   0   4  11   0   3  28  0.31 0.24
  427 P   -2  5 -2 -2  1  0  0 -4 -3 -3 -3  2 -2 -2  4 -2 -1 -2 -1  0    2  35   1   1   4   3   4   0   0   0   2  10   1   2  20   2   4   0   2   7  0.57 0.29
  428 S    1 -4 -2 -1  2 -3 -2  5 -4  0 -4 -3 -3 -4 -4  1 -1 -4 -4 -1   11   0   0   2   4   0   3  53   0   7   0   0   0   0   0  11   3   0   0   5  0.76 0.33
  429 T    0 -3  1  2 -3 -2 -2 -3  2 -2 -2 -3 -3  3 -3  4  0 -3  1 -3    5   0   5  12   0   0   0   0   5   2   2   0   0  15   0  43   6   0   4   0  0.54 0.34
  430 P    0 -1 -2 -3 -3 -1 -1 -2 -2 -3 -3 -2 -1 -1  3  3  2 -3  2  0    8   2   0   0   0   2   4   2   0   0   0   1   1   2  18  29  14   0   8   7  0.43 0.27
  431 L   -4  1 -5 -5 -4 -4 -5 -6 -5  2  6 -4  1 -2 -5 -3 -3 -4 -3 -1    0  10   0   0   0   0   0   0   0   9  76   0   2   0   0   2   0   0   0   0  1.11 0.46
  432 D   -1 -4 -2  7 -5 -3  1 -4 -4 -1 -3 -3 -4 -5 -4 -3 -3 -6 -5 -2    5   0   0  76   0   0   7   0   0   4   3   0   0   0   0   0   0   0   0   3  1.53 0.54
  433 P   -1 -3 -3 -3 -4 -3 -1 -4  1 -4 -2 -3 -4 -4  8 -2 -3 -4 -4 -4    4   1   1   1   0   1   4   1   3   1   4   1   0   1  75   1   1   0   0   1  1.90 0.52
  434 M    1  1 -1 -2  2  0 -2 -1  0 -2 -1 -1  1  0 -2  3  0  2  1  0    8   7   1   1   4   4   1   3   2   1   4   1   4   5   1  37   2   3   6   7  0.24 0.19
  435 A    2 -1 -1 -2 -1  0 -1  0 -2 -1  0  0  1 -2 -2  2  0 -2 -2  0   20   3   1   1   1   5   3   6   0   1   9   5   4   1   1  25   4   0   1   9  0.15 0.12
  436 E   -1 -1  1  4 -2  0  2 -1 -1 -2 -1 -1 -2 -2 -1  2  1 -2 -2 -2    3   3   4  26   1   2  14   4   1   2   6   2   1   1   2  16   9   0   1   2  0.27 0.12
  437 R    0  0  1  0  1  1  1  0  3 -2 -2  0 -1 -2  3  0 -1 -2 -1 -1    7   5   9   3   3   9   8   7  10   3   4   4   1   2  14   3   3   1   2   3  0.17 0.07
  438 K    0  0  0  1 -1  0  1  0  2 -1 -1  0 -1  1 -1  0 -1 -1  1 -1    5   4   5   9   1   3  12   7   7   3   5   5   1   9   3   7   3   1   5   4  0.07 0.03
  439 E    1  0  1  0 -1  0  1  0  0 -1 -1  0 -1 -1  0  1  0 -1  1 -1   15   3   6   5   1   2   8   8   1   3   5   6   2   2   3  13   7   1   6   4  0.06 0.03
  440 N    0  1  1  0  1  0  0  0  1 -1  0  0 -1 -1 -1  1  0 -1 -1  0    4  11   6   4   4   5   3   9   5   4   8   5   1   2   3  13   3   1   2   6  0.04 0.02
  441 V    0  1  0 -1 -1  0  0 -1  0  0  0  0  0 -1  2  0  1 -1 -1  0    7   9   5   3   1   2   3   4   3   6   7   3   1   2  13   8  11   1   2   8  0.09 0.03
  442 K    0  1 -1  1 -2  0  1 -1 -1 -1 -1  2 -1 -1  1  0 -1 -1 -1  0    5  10   2   7   1   3   8   5   1   2   8  15   1   3   8   7   2   1   1   8  0.08 0.04
  443 E    0  1  1  3 -2  0  2  0  0 -2 -2  0 -2 -1 -2  0  0 -2  0 -1    6  11   9  18   0   2  15   8   2   2   2   3   1   3   1   5   5   0   3   3  0.17 0.09
  444 Y   -1 -2  0 -2 -3 -2 -1  5  1 -2  0 -1  0 -2 -3 -2 -2 -3  0 -3    4   1   4   1   0   1   4  54   3   2  11   4   3   2   1   1   1   0   3   1  0.62 0.24
  445 V   -1 -2 -2 -3 -2 -1 -2 -3 -2  2  2  0  2  0 -1 -1  2 -2  0  2    4   1   1   1   0   2   1   1   0  11  20   7   5   2   2   5  15   0   4  18  0.16 0.12
  446 S   -1 -3  1 -1 -1  0 -2  3 -1 -3 -3 -2 -2 -4 -3  1  4  3 -3 -1    3   0   7   3   1   3   0  26   2   0   1   0   1   0   0   9  36   5   0   3  0.53 0.29
  447 S    2 -2 -1  1  1 -2 -2  2 -1 -3 -3 -1 -3 -3 -1  3  2 -4 -2 -1   20   0   1  10   3   0   0  17   2   0   0   3   0   1   2  25  13   0   1   3  0.35 0.22
  448 R   -3  4 -3 -3 -5 -1 -2 -4 -3 -5 -2  7 -3 -5 -3 -2 -1 -5 -4 -4    0  19   0   0   0   0   0   0   0   0   3  70   0   0   0   1   4   0   0   0  1.33 0.50
  449 A   -1 -4 -4 -5  1 -3 -4 -5 -4  2  3 -4  5 -1 -4 -3  0  4 -2  2    5   0   0   0   3   0   0   0   0  12  27   0  22   2   0   0   7   6   0  18  0.62 0.31
  450 I   -1 -5 -3 -4 -4 -4 -4  6 -4  2 -2 -4 -3 -1 -4 -3 -2 -4  1  1    2   0   0   0   0   0   0  59   0  15   3   0   0   2   0   0   2   0   5  11  0.94 0.39
  451 I   -3 -5 -5  0 -3 -4 -4 -5 -5  6  1 -4  1  2 -5 -2 -3 -4 -1  3    0   0   0   6   0   0   0   0   0  54   9   0   2   9   0   2   0   0   1  18  0.86 0.37
  452 Y   -4 -4  1  7  1 -3  0 -4 -4 -1 -5 -4 -5 -5 -4 -3 -4 -6  1 -4    0   0   5  79   3   0   2   0   0   4   0   0   0   0   0   0   0   0   5   1  1.72 0.59
  453 A    6 -4 -4 -5  1 -4 -4 -2 -4 -1 -3 -4  0 -5 -4 -2 -3 -5 -4 -1   85   0   0   0   3   0   0   2   0   4   1   0   2   0   0   0   0   0   0   3  1.37 0.57
  454 T   -3 -2 -3 -4 -4 -4 -4 -5 -5 -2 -2 -4 -3 -5 -4 -2  7 -6 -5 -1    0   2   0   0   0   0   0   0   0   1   3   0   0   0   0   0  91   0   0   3  1.83 0.68
  455 K    0  4 -1 -3  2 -1 -2 -3 -2  0 -1  4  1 -3 -1 -1 -1 -4 -1  0    6  23   1   0   4   0   0   0   0   6   6  32   5   0   3   4   2   0   2   6  0.40 0.25
  456 P   -3 -2 -1 -3 -5 -3  0 -4 -4 -4 -5  3 -4 -5  7  0 -2 -6 -4 -2    0   0   3   0   0   0   6   0   0   1   0  18   0   0  58   9   1   0   0   4  1.41 0.47
  457 F   -2 -4 -4 -5 -3 -4 -4 -2 -4 -1  4 -4  1  4 -4 -2 -1  7 -1 -1    3   0   0   0   0   0   0   4   0   1  46   0   3  19   0   3   3  16   0   1  0.79 0.33
  458 N    0  0  2  3 -4 -1  1  3 -2 -3 -3  0 -3 -4  0  0 -1 -4 -3 -2    6   5  13  17   0   1   7  28   0   1   1   6   0   0   5   5   1   0   0   3  0.37 0.18
  459 K   -1  3  0  1 -4  0  3 -1  1 -3 -2  2 -2 -3 -3 -1 -1 -4 -1  0    5  24   3   6   0   1  21   3   3   0   3  18   0   0   0   1   3   0   3   7  0.35 0.21
  460 S    1  1 -2  1  0  0  3  0 -2 -3 -2  1 -3 -4  2  0 -2 -4 -3 -3   13   6   0   7   3   3  29   9   0   0   4  10   0   0   9   6   0   0   0   0  0.33 0.19
  461 F   -1 -1 -2  1 -4  0  3  0  1 -3 -2  1 -2  1 -3 -1 -1  5  3 -2    4   3   0   7   0   4  22   9   3   0   2   9   1   7   0   4   2  11  11   2  0.33 0.19
  462 P   -2  1 -1  0 -4 -1  2  1 -1 -3 -3  1 -3  1  5 -2 -3 -4 -3 -3    1   9   1   4   0   0  18  14   1   1   1  12   0   7  29   0   0   0   0   2  0.57 0.26
  463 L   -3  1 -3 -3 -4 -2  2 -4 -2 -1 -1  0 -1  6 -4 -2  1 -2  2 -2    0   9   0   0   0   0  20   0   0   3   3   7   2  40   0   0   9   0   4   1  0.57 0.29
  464 E    0  2 -2 -1 -4  0  5 -3 -2 -3 -3  2 -3 -1 -1 -1  0 -4 -1  0    9  11   0   0   0   1  45   0   0   0   0  11   0   3   2   1   5   0   2   7  0.50 0.26
  465 I   -1  4 -3 -3 -1 -2 -1 -4 -3  2  1 -1 -1 -3  2 -1 -2 -4 -3  1    4  35   0   0   1   0   2   0   0  18  14   0   0   0  12   3   0   0   0   8  0.42 0.23
  466 K    1  3 -1 -1 -3  1  1 -1 -2 -3 -2  3 -2 -3  0  0  1 -3 -1 -2   14  17   0   2   0   5   9   3   0   0   2  27   0   0   4   3  10   0   2   2  0.29 0.15
  467 V    0  0 -2 -2 -2  1 -2 -3 -2  2  1  0  1 -2  1 -1  0 -3 -2  2    7   4   1   1   0   7   1   1   0  21   8   6   6   1   9   1   7   0   0  20  0.16 0.10
  468 S    0 -2  0  2 -2 -1  0 -2  1  0 -1 -1 -1  0  4  1 -1  0 -2 -2    7   1   3  17   0   1   5   1   4   6   4   1   2   4  22  17   1   1   1   1  0.31 0.11
  469 E    1  1 -1  2 -3  1  3 -2 -2 -1 -2  1 -1 -3  3 -1 -1 -3 -2 -1   12   8   0  11   0   4  24   1   0   4   1  11   2   0  14   1   1   0   0   5  0.30 0.12
  470 D   -1 -2 -1  3 -3  0  3  2 -2 -3 -3 -1 -1 -1  1  1  0 -3 -2 -3    1   1   0  23   0   2  22  15   0   1   1   1   3   3   7  13   6   0   0   1  0.34 0.13
  471 L   -1 -1 -2 -2 -2 -2 -2 -1 -3  1  3  0  1 -1 -3 -2 -1 -3 -2  3    4   3   0   3   0   0   1   6   0   0  36   7   4   0   1   1   3   0   0  30  0.21 0.12
  472 V    0 -2 -1 -2 -2 -2 -2 -1 -2  1  1 -1  0  2  0  1  0 -2 -1  2    8   1   4   1   0   0   1   4   0  12  10   3   0  13   4  14   6   0   0  18  0.08 0.07
  473 K    1  2 -1  3 -3  2  3 -2 -1 -3 -3  1 -2 -4  0 -1  0 -4 -3 -3   13  16   0  23   0  13  19   0   0   0   0   8   0   0   3   0   6   0   0   0  0.43 0.16
  474 K   -2  3 -1 -2 -4  1  0 -3 -2  0 -3  4 -2 -3  1  0 -1 -3  0 -1    0  23   0   0   0   5   4   0   0   8   0  41   0   0   6   4   3   0   4   3  0.45 0.18
  475 I    1 -1 -4 -4 -2 -3 -3 -4 -4  4  0 -3  1 -2 -3 -1 -1 -4 -2  4   10   4   0   0   0   0   0   0   0  33   0   0   4   0   0   3   0   0   0  46  0.54 0.21
  476 K    0  0  1  2 -3  1  2 -2 -1 -2  1  1 -1 -2 -2  1  1 -3 -2 -2    5   3   9  16   0   4  14   0   0   0  20  10   0   0   0   8  12   0   0   0  0.18 0.10
  477 E    1  2 -1  2 -3  1  3 -2 -1 -3 -3  2 -2 -4 -2  1 -1 -4 -3 -3   15  15   0  11   0   5  25   0   0   0   0  18   0   0   0  11   0   0   0   0  0.40 0.13
  478 N   -2  3  3  1 -3  0  1 -3 -1  2 -2  1  0 -3 -3 -1 -1 -4 -3 -1    0  27  20  10   0   0   7   0   0  23   0  10   3   0   0   0   0   0   0   0  0.31 0.14
  479 W   -4 -4 -5 -5 -4 -3 -4 -4 -3 -3 -1 -2 -3  3 -5 -4 -4 11  4 -4    0   0   0   0   0   0   0   0   0   0   4   4   0  10   0   0   0  69  13   0  2.36 0.37
  480 S   -1  2  2  3 -3  0  0 -2 -1 -1  1  2 -1 -2 -2  1 -1 -3 -2 -1    0  12  10  20   0   0   3   0   0   0  19  18   0   0   0  11   0   0   0   7  0.19 0.09
  481 E   -1 -1  0  3 -4  2  4 -1 -1 -4 -4  0 -3 -3  1  0 -1 -3  0 -3    0   0   0  25   0   8  42   4   0   0   0   0   0   0   8   8   0   0   6   0  0.54 0.12
  482 I   -2 -2  3 -2 -2 -2 -2  1  3  1  3 -2  0 -1 -3 -1 -1 -3 -1  0    0   0  22   0   0   0   0  12  11   7  48   0   0   0   0   0   0   0   0   0  0.21 0.07
  483 F   -3 -3 -3 -4 -3 -3 -3 -4 -1 -1  0 -3  0  7 -4 -3 -2  1  4 -1    0   0   0   0   0   0   0   0   0   0   0   0   0  81   0   0   0   0  19   0  0.89 0.07
  484 Q    1  0  0  0 -1  3  1 -1  0 -3 -3  0 -1 -3 -1  3  1 -3 -2 -2    0   0   0   0   0  29   0   0   0   0   0   0   0   0   0  71   0   0   0   0  0.39 0.01

                      K         Lambda
Standard Ungapped    0.1388     0.3195
Standard Gapped      0.0410     0.2670
PSI Ungapped         0.1557     0.3176
PSI Gapped           0.0476     0.2670
