
Last position-specific scoring matrix computed, weighted observed percentages rounded down, information per position, and relative weight of gapless real matches to pseudocounts
           A  R  N  D  C  Q  E  G  H  I  L  K  M  F  P  S  T  W  Y  V   A   R   N   D   C   Q   E   G   H   I   L   K   M   F   P   S   T   W   Y   V
    1 M   -1 -1 -2 -3 -1  0 -2 -3 -2  1  2 -1  5  0 -2 -1 -1 -1 -1  1    0   0   0   0   0   0   0   0   0   0   0   0   0   0   0   0   0   0   0   0  0.00    0.00
    2 N   -1  0  6  1 -3  0  0  0  1 -3 -3  0 -2 -3 -2  1  0 -4 -2 -3    0   0   0   0   0   0   0   0   0   0   0   0   0   0   0   0   0   0   0   0  0.00    0.00
    3 E   -1  0  0  1 -4  2  5 -2  0 -3 -3  1 -2 -3 -1  0 -1 -3 -2 -2    0   0   0   0   0   0   0   0   0   0   0   0   0   0   0   0   0   0   0   0  0.00    0.00
    4 L   -1 -2 -3 -3 -1 -2 -3 -4 -3  3  3 -2  4  0 -3 -2 -1 -2 -1  2    0   0   0   0   0   0   0   0   0  36  32   0  31   0   0   0   0   0   0   0  0.32 0.01
    5 K   -1  4  0 -1 -3  3  1 -2  0 -3 -2  4 -1 -3 -1  0 -1 -3 -2 -3    0  26   0   0   0  27   0   0   0   0   0  47   0   0   0   0   0   0   0   0  0.51 0.01
    6 L   -2 -2 -4 -4 -1 -2 -3 -4 -3  2  4 -3  2  0 -3 -3 -1 -2 -1  1    0   0   0   0   0   0   0   0   0   0 100   0   0   0   0   0   0   0   0   0  0.50 0.02
    7 S    1 -1  0 -1 -1 -1 -1  3 -1 -3 -3 -1 -2 -3 -1  4  1 -3 -2 -2    0   0   0   0   0   0   0  26   0   0   0   0   0   0   0  74   0   0   0   0  0.45 0.02
    8 K    1  0 -1 -1 -2  2  0 -1 -1 -2 -2  2 -1 -3  4  0 -1 -3 -2 -2   27   0   0   0   0  23   0   0   0   0   0  24   0   0  26   0   0   0   0   0  0.48 0.01
    9 R   -2  6 -1 -2 -4  1  0 -3  0 -3 -2  2 -2 -3 -2 -1 -1 -3 -2 -3    0 100   0   0   0   0   0   0   0   0   0   0   0   0   0   0   0   0   0   0  0.83 0.03
   10 L   -2 -2 -4 -4 -2 -2 -3 -4 -3  2  4 -3  4  0 -3 -3 -1 -2 -1  1    0   0   0   0   0   0   0   0   0   9  72   0  20   0   0   0   0   0   0   0  0.51 0.06
   11 Q    0  2 -1  0 -3  3  3 -2 -1 -3 -3  2 -1 -3 -2  0  0 -3 -2 -2   11  15   0   0   0  28  30   0   0   0   0   9   0   0   0   0   7   0   0   0  0.42 0.05
   12 T    2 -2 -2 -3 -2 -1 -2 -2  2  1  0 -2  0  2 -2  0  1 -1  3  0   34   0   0   0   0   0   0   0  10  13   7   0   0   9   0   0  10   0  17   0  0.17 0.04
   13 V   -1 -3 -4 -4 -1 -3 -3 -4 -3  3  3 -3  1  0 -3 -3 -1 -2 -2  2    0   0   0   0   0   0   0   0   0  28  50   0   0   0   0   0   0   0   0  21  0.43 0.05
   14 A    2 -1 -1  1 -2  0  3 -2 -2  1  1 -1 -1 -2 -2  0 -1 -3 -2  0   29   0   0   8   0   0  34   0   0  12  17   0   0   0   0   0   0   0   0   0  0.20 0.06
   15 E   -1  2 -1  0 -4  1  4 -2  2 -4 -3  3 -2 -4 -2 -1 -1 -3 -2 -3    0   9   0   0   0   0  46   0   8   0   0  36   0   0   0   0   0   0   0   0  0.58 0.09
   16 Y    1 -2 -3 -3 -2  0 -2 -3  0  1  1 -2  0  3 -3 -1 -1  0  5  1   15   0   0   0   0   8   0   0   0   7  14   0   0  11   0   0   0   0  35  10  0.30 0.06
   17 I    0 -2 -2 -3 -1 -2 -2 -3 -3  3  2 -2  1 -1 -2  0  1 -3 -2  3    6   0   0   0   0   0   0   0   0  23  21   0   0   0   0  11   8   0   0  31  0.23 0.05
   18 P   -1  2 -1 -2 -3  1 -1  0 -2 -3 -1  2 -2 -3  5 -1  0 -3 -3 -2    0  16   0   0   0   7   0   8   0   0   7  23   0   0  33   0   6   0   0   0  0.56 0.07
   19 N    0 -1  1 -1 -3  0  0  4 -2 -3 -3  0 -2 -3  3  0 -1 -3 -3 -1    8   0   8   0   0   6   8  41   0   0   0   6   0   0  17   0   0   0   0   6  0.45 0.05
   20 G    1 -2 -1  0 -3 -1 -1  5  1 -4 -4  1 -3 -3 -2  0 -2 -3 -3 -3   17   0   0   7   0   0   0  59   6   0   0  11   0   0   0   0   0   0   0   0  0.61 0.08
   21 A    1  2 -1  2 -3  1  2 -2 -1 -2 -1  1  2 -3 -2  0 -1 -3 -2 -2   13  17   0  11   0   6  21   0   0   0   0   8  16   0   0   7   0   0   0   0  0.24 0.05
   22 V   -1  4 -2 -3 -2 -1 -1 -3 -2  0 -1  1 -1 -2 -3  0 -1 -3 -2  3    0  42   0   0   0   0   0   0   0   0   0   7   0   0   0   6   0   0   0  45  0.36 0.09
   23 M   -1 -3 -4 -4 -2 -3 -3 -4 -3  3  2 -3  2 -1 -3 -2 -1 -3 -2  3    0   0   0   0   0   0   0   0   0  23  26   0   7   0   0   0   0   0   0  44  0.44 0.08
   24 A    4 -2 -3 -3 -1 -2 -2 -1 -2  1 -1 -2 -1  1 -2  0 -1 -2  2  1   57   0   0   0   0   0   0   0   0  12   0   0   0   6   0   0   0   0  10  15  0.29 0.09
   25 D   -3 -3  1  7 -5 -1  1 -2 -2 -4 -5 -2 -4 -5 -2 -1 -2 -5 -4 -4    0   0   0 100   0   0   0   0   0   0   0   0   0   0   0   0   0   0   0   0  1.45 0.18
   26 I    0 -3 -4 -4 -1 -3 -3 -4 -4  3  1 -3  0 -1 -3 -2 -1 -3 -2  4    6   0   0   0   0   0   0   0   0  20   8   0   0   0   0   0   0   0   0  66  0.49 0.10
   27 G   -1 -3 -1 -2 -3 -3 -3  6 -3 -5 -5 -2 -4 -4 -3 -1 -2 -3 -4 -4    0   0   0   0   0   0   0 100   0   0   0   0   0   0   0   0   0   0   0   0  1.44 0.16
   28 S   -1 -2 -1 -2  7 -2 -2 -2 -3 -2 -2 -2 -2 -3 -2  2  4 -3 -3 -1    0   0   0   0  37   0   0   0   0   0   0   0   0   0   0  13  50   0   0   0  0.78 0.14
   29 D   -1 -3  0  5 -4 -2 -1  5 -2 -4 -4 -2 -4 -4 -3 -1 -2 -4 -4 -4    0   0   0  44   0   0   0  56   0   0   0   0   0   0   0   0   0   0   0   0  0.92 0.12
   30 H   -1  1  0 -2 -2  0 -1 -2  7 -3 -3 -1 -2 -2 -2  2  2 -3  0 -3    0   7   0   0   0   0   0   0  45   0   0   0   0   0   0  29  20   0   0   0  0.62 0.13
   31 A    2 -3 -1 -2 -3 -2 -3  6 -3 -4 -4 -2 -3 -4 -3 -1 -2 -3 -4 -3   19   0   0   0   0   0   0  81   0   0   0   0   0   0   0   0   0   0   0   0  1.06 0.13
   32 Y   -1 -3 -3 -4 -2 -2 -3 -4 -2  3  2 -3  3  0 -3 -2 -1 -2  2  3    0   0   0   0   0   0   0   0   0  30  13   0  17   0   0   0   0   0  14  26  0.37 0.08
   33 L   -2 -3 -4 -4 -2 -3 -4 -5 -4  1  5 -3  1  0 -4 -3 -2 -2 -2  0    0   0   0   0   0   0   0   0   0   0 100   0   0   0   0   0   0   0   0   0  0.81 0.14
   34 P    3 -2 -1 -2 -2 -1 -1 -1 -2 -3 -3 -1 -2 -3  4  3  0 -4 -3 -2   43   0   0   0   0   0   0   0   0   0   0   0   0   0  27  30   0   0   0   0  0.64 0.10
   35 C   -1 -3 -4 -4  2 -3 -3 -4 -4  4  2 -3  1 -1 -3 -3 -1 -3 -2  3    0   0   0   0   7   0   0   0   0  37  25   0   0   0   0   0   0   0   0  30  0.44 0.08
   36 Y    4 -2 -2 -2 -1 -1 -2  2 -1 -2 -2 -1 -2 -1 -2  1  0 -2  2 -1   59   0   0   0   0   0   0  13   0   0   0   0   0   0   0   8   6   0  14   0  0.39 0.09
   37 A    4 -2 -2 -3 -1 -2 -2 -1 -2 -1  1 -2 -1 -2 -2  1 -1 -3 -2 -1   72   0   0   0   0   0   0   0   0   0  23   0   0   0   0   6   0   0   0   0  0.43 0.11
   38 V    3 -2 -2 -3 -1 -2 -2 -1 -3  1 -1 -2 -1 -2 -2  0  1 -3 -2  3   54   0   0   0   0   0   0   0   0   5   0   0   0   0   0   0   9   0   0  32  0.34 0.09
   39 L    1  1 -1 -2 -2  3  0 -2 -1 -1  1  3  0 -2 -2 -1 -1 -3 -2 -1   17   6   0   0   0  22   0   0   0   0  27  29   0   0   0   0   0   0   0   0  0.23 0.07
   40 N   -1  1  2 -2 -2 -1 -2 -2 -2  0  2 -1  0 -1 -2  1  0 -3 -2  0    0  13  16   0   0   0   0   0   0   0  39   0   0   0   0  22   0   0   0   9  0.17 0.07
   41 H   -1 -2 -1 -2 -3 -1  0  6  4 -4 -4 -2 -3 -4 -3 -1 -2 -3 -2 -4    0   0   0   0   0   0   9  76  15   0   0   0   0   0   0   0   0   0   0   0  0.96 0.13
   42 K   -1  2  0  0 -2  2  2 -1  2 -1 -1  1 -1 -1  0  0  0 -1 -1 -1    4  16   2   3   1   9  19   4   9   2   4  10   1   2   3   3   3   1   2   3  0.16 0.02
   43 A    4 -2 -2 -3 -1 -2 -2  1 -3  0  1 -2  0 -2 -2  0 -1 -3 -2  2   56   0   0   0   0   0   0   9   0   0  15   0   0   0   0   0   0   0   0  20  0.29 0.09
   44 S    1  1  0  0 -2  2  1  1 -1 -3 -3  2 -2 -3 -2  3  0 -3 -2 -2    6   5   0   5   0   9   5  12   0   0   0  24   0   0   0  35   0   0   0   0  0.31 0.07
   45 G   -1  4  0  0 -3  3  1  0  2 -3 -3  1 -2 -3 -2  1 -1 -3 -2 -3    0  36   0   5   0  25   6   7   6   0   0   0   0   0   0  15   0   0   0   0  0.43 0.08
   46 A    3 -2 -2 -3 -1 -2 -2 -2 -3  2  0 -2  0 -2 -2  1  0 -3 -2  4   34   0   0   0   0   0   0   0   0   6   0   0   0   0   0   9   0   0   0  51  0.33 0.09
   47 I   -1 -3 -3 -3 -1 -2 -3 -3 -3  3  1 -3  0  1 -3 -1  1 -2 -1  3    0   0   0   0   0   0   0   0   0  27  12   0   0   9   0   6  10   0   0  36  0.29 0.06
   48 A    5 -2 -2 -2 -1 -1 -2  1 -2 -2 -2 -1 -2 -3 -2  1 -1 -3 -3 -1   83   0   0   0   0   0   0   8   0   0   0   0   0   0   0   9   0   0   0   0  0.61 0.13
   49 G    0 -2 -2 -2 -1 -2 -2  1 -2  2  1 -2  4 -1 -2 -1  0 -2 -2  1    9   0   0   0   0   0   1  14   0  17  12   1  25   0   0   1   7   0   0  11  0.16 0.05
   50 E   -2 -2  0  7 -4 -1  2 -2 -2 -4 -4 -1 -4 -4 -2 -1 -2 -5 -4 -4    0   0   0  87   0   0  13   0   0   0   0   0   0   0   0   0   0   0   0   0  1.23 0.16
   51 I   -1 -3 -3 -3 -2 -2 -3 -3 -3  2  3 -3  1  0 -3 -1 -1 -2  1  2    0   0   0   0   0   0   0   0   0  17  41   0   0   0   0   9   0   0   6  27  0.31 0.07
   52 T   -1  2  2  4 -3  0  1 -2 -1 -3 -3  0 -3 -4 -2  1  1 -4 -3 -3    0  15  13  42   0   0   6   0   0   0   0   0   0   0   0  17   7   0   0   0  0.50 0.08
   53 D    0  3  1  2 -4  0  3 -2 -1 -3 -3  0 -2 -4  3 -1 -1 -4 -3 -3    7  22   8  13   0   0  33   0   0   0   0   0   0   0  17   0   0   0   0   0  0.50 0.08
   54 G   -1 -3 -2  0 -2 -2 -2  3 -3  0  1 -2  0  1 -3 -1  0 -2 -1  2    0   0   0   8   0   0   0  35   0   0  16   0   0   9   0   0   6   0   0  26  0.22 0.06
   55 P    3 -2 -2 -2 -2 -1  0  1 -2 -3 -3 -1 -2 -3  5  1 -1 -4 -3 -2   42   0   0   0   0   0   8   8   0   0   0   0   0   0  36   6   0   0   0   0  0.70 0.10
   56 F    0 -3 -4 -4 -2 -3 -3 -4 -3  2  3 -3  1  1 -3 -2 -1 -2 -1  3    6   0   0   0   0   0   0   0   0   8  37   0   0   7   0   0   0   0   0  42  0.36 0.07
   57 L   -1  3 -1 -1 -3  2  2 -2 -1 -1  1  2  0 -2 -2  0  0 -3 -2 -1    0  22   0   0   0   9  14   0   0   0  22  17   0   0   0   9   6   0   0   0  0.23 0.05
   58 S    2  0 -2 -2 -1 -1 -2  0 -2  1 -1 -1 -1 -2 -2  2  0 -3 -2  2   26   7   0   0   0   0   0   7   0   6   0   0   0   0   0  21   0   0   0  34  0.18 0.06
   59 A    4 -2 -2 -3 -1 -2 -2 -1 -2 -1  0 -2 -1 -2 -2  0  0 -3 -2  1   77   0   0   0   0   0   0   0   0   0   8   0   0   0   0   0   5   0   0   9  0.47 0.12
   60 K    0  3  1 -1 -3  4  1  0  2 -3 -3  1 -2 -3 -2  0  0 -3 -2 -3    6  21   8   0   0  30   8   9   7   0   0   7   0   0   0   0   5   0   0   0  0.36 0.07
   61 R    1  1 -1  2 -3  1  4 -2 -1 -1 -2  2 -2 -3 -2  0 -1 -3 -2 -2   13   7   0   9   0   0  41   0   0   9   0  14   0   0   0   7   0   0   0   0  0.33 0.07
   62 Q   -2 -1  5  2 -3  2  0 -2  2 -3 -2  1 -2 -3 -2  0 -1 -4 -2 -3    0   0  57   9   0  13   0   0   7   0   7   8   0   0   0   0   0   0   0   0  0.57 0.11
   63 V    1 -3 -3 -3 -1 -2 -3 -3 -3  2  0 -2  0 -2 -2 -1  1 -3 -2  4   17   0   0   0   0   0   0   0   0   7   0   0   0   0   0   0  13   0   0  63  0.38 0.10
   64 E    1  2 -1  0  2  1  3 -2 -1 -3 -3  1 -2 -3 -2  1 -1 -3 -2 -2   14  16   0   0   7   6  38   0   0   0   0   5   0   0   0  15   0   0   0   0  0.37 0.07
   65 K   -1  3  1 -1 -3  2  1 -2 -1 -1  1  2  0 -1 -2 -1  0 -2  0 -1    0  19   8   0   0  13   6   0   0   0  23  21   0   0   0   0   5   0   6   0  0.20 0.05
   66 S    1 -1  5  0 -2 -1 -1 -1  3 -2 -1 -1 -2 -2 -2  1 -1 -3  1 -2   20   0  48   0   0   0   0   0   8   0   9   0   0   0   0   7   0   0   7   0  0.38 0.09
   67 G    0  0 -1 -2 -3  0 -1  4  5 -3 -3 -1 -2 -3 -2 -1 -2 -3 -1 -3   10   5   0   0   0   6   0  47  27   0   1   0   0   0   0   1   0   0   0   0  0.56 0.09
   68 L   -1 -3 -3 -3 -1 -2 -3 -3 -3  2  3 -3  1 -1 -3 -2 -1 -3 -2  4    1   0   0   0   0   0   0   1   0   0  41   0   0   0   0   1   0   0   0  53  0.41 0.09
   69 N    1 -1  2  1 -3  0  3  0 -1 -3 -3  0 -2 -3 -2  1  0 -3 -2 -2   16   0  15   6   0   0  39   7   0   0   0   0   0   0   0  12   6   0   0   0  0.37 0.07
   70 S   -2 -1  3  5 -4  0  3 -2 -1 -4 -4 -1 -3 -4 -2  1 -1 -4 -3 -3    0   0  23  44   0   0  26   0   0   0   0   0   0   0   0   7   0   0   0   0  0.71 0.10
   71 H    1  4 -1 -2 -2  1 -1 -2  3 -1 -2  1 -1 -3 -2  1  1 -3 -1 -2   14  38   0   0   0   5   0   0  12   6   0   7   0   0   0   9   8   0   0   0  0.31 0.07
   72 I   -1 -3 -4 -4 -2 -3 -3 -4 -4  4  1 -3  0 -1 -3 -3 -1 -3 -2  4    0   0   0   0   0   0   0   0   0  46   0   0   0   0   0   0   0   0   0  54  0.61 0.12
   73 S    1  1  0  1 -2  2  2 -2 -1 -2 -2  0 -2 -3 -2  1  3 -3 -2 -2   14   9   0   9   0  12  14   0   0   0   0   0   0   0   0  14  28   0   0   0  0.29 0.06
   74 V    0 -3 -2 -3 -1 -2 -2 -3 -3  1  1 -2  0  1 -3  0  1 -3 -1  4    5   0   0   0   0   0   0   0   0   0   7   0   0   8   0   9  13   0   0  58  0.29 0.09
   75 R   -2  6 -1 -2 -4  0 -1  0 -1 -2  0  2 -1 -3 -3 -1 -2 -3 -2 -1    0  66   0   0   0   0   0   6   0   0  11  12   0   0   0   0   0   0   0   5  0.60 0.11
   76 Q   -1 -1 -2 -1 -3  4  1 -3 -1  0  1  1  0 -2 -2 -1 -1 -3 -2  2    0   0   0   0   0  39  10   0   0   0  21   6   0   0   0   0   0   0   0  24  0.29 0.09
   77 G    0 -2  2 -1 -3 -2 -2  5 -2 -4 -4 -2 -3 -4 -2  1 -1 -3 -3 -3    6   0  11   0   0   0   0  71   0   0   0   0   0   0   0  13   0   0   0   0  0.86 0.11
   78 D   -2 -2  5  5 -4 -1  0 -2 -1 -4 -4 -1 -3 -4  1 -1 -1 -5 -3 -4    0   0  41  52   0   0   0   0   0   0   0   0   0   0   7   0   0   0   0   0  0.89 0.13
   79 G   -1 -3 -2 -3 -2 -3 -3  4 -3  0  2 -3  0 -1 -3 -2 -2 -3 -3 -1    0   0   0   0   0   0   0  52   0   6  42   0   0   0   0   0   0   0   0   0  0.51 0.10
   80 L    1 -3 -4 -4 -2 -3 -3 -3 -3  1  4 -3  1  0 -3 -2 -1 -2 -2  1   14   0   0   0   0   0   0   0   0   0  79   0   0   0   0   0   0   0   0   6  0.51 0.11
   81 E    1  1  0  4 -3  1  3 -2 -1 -3 -3  1 -2 -3 -2  0  0 -4 -3 -2   15   8   0  35   0   7  20   0   0   0   0   6   0   0   0   0   9   0   0   0  0.41 0.07
   82 V    2 -1  0 -1 -2 -1  1  0  1 -1 -2  0 -2 -3  4  0 -1 -3 -2  0   29   0   5   0   0   0  13   5   5   0   0   6   0   0  24   0   0   0   0  13  0.34 0.06
   83 I   -2 -3 -4 -4 -2 -3 -4 -4 -3  3  3 -3  1  1 -3 -3 -1 -2 -1  2    0   0   0   0   0   0   0   0   0  36  52   0   0   6   0   0   0   0   0   6  0.49 0.09
   84 K    0  2  0 -1 -2  1  1 -2 -1  0 -1  2 -1 -2 -2  0  0 -3 -2  0   11   9   5   0   0   6  11   0   0   8   7  28   0   0   0   0   6   0   0   8  0.15 0.04
   85 K    0 -1 -1 -1 -2  1  1  0 -1 -2 -2  1 -2 -3  5  1  0 -3 -2 -2    7   1   1   1   0   6   9   6   0   1   2   8   0   1  37  10   7   0   1   1  0.55 0.05
   86 G    0 -1  1  1 -2 -1  1  4 -1 -2 -2 -1 -2  0 -1  0 -1 -2 -1 -2    2   2   7  11   1   1  10  42   1   2   3   2   1   8   2   2   2   0   1   2  0.29 0.03
   87 E   -1  0 -1  2 -4  2  5 -2 -1 -3 -3  1 -2 -3  1 -1 -1 -3 -2 -3    1   0   0   8   0   5  67   1   0   0   1   7   0   0   6   1   1   0   0   1  0.67 0.10
   88 A    4 -2 -2 -2 -1  0 -1 -1 -2  0 -1 -1  1 -2  1  0  0 -3 -2  2   59   0   0   0   0   5   0   0   0   0   0   0   5   0   6   0   5   0   0  21  0.33 0.09
   89 D   -2 -3  0  6 -4 -1  0 -2 -2 -3 -3 -2 -3  1  1 -1 -2 -4 -2 -2    0   0   0  80   0   0   0   0   0   0   0   0   0   9   6   0   0   0   0   5  0.92 0.14
   90 A    1 -2 -1  2  2 -1  0  0 -2  0  1 -1  1 -1 -2 -1 -1 -2 -2  1   15   1   0  15   7   0   6   9   0   1  16   1   7   0   1   1   1   0   0  20  0.07 0.03
   91 I   -1 -3 -4 -4 -2 -3 -3 -4 -4  4  2 -3  1 -1 -3 -3 -1 -3 -2  4    0   0   0   0   0   0   0   0   0  34  19   0   0   0   0   0   0   0   0  47  0.49 0.09
   92 T    2 -2 -2 -2  3 -2 -2 -2 -2  1  0 -2  0 -2 -2  0  1 -3 -2  2   33   0   0   0   8   0   0   0   0  11   6   0   0   0   0   0  14   0   0  24  0.20 0.05
   93 I   -1 -3 -3 -3 -1 -2 -3 -3 -3  4  1 -3  1 -1 -2 -2 -1 -3 -2  3    1   1   1   1   0   1   1   1   0  54   9   1   0   0   1   1   1   0   0  27  0.40 0.08
   94 A    5 -2 -2 -3 -1 -2 -2 -1 -2 -2 -2 -2 -2 -3 -2  0 -1 -3 -3 -1  100   0   0   0   0   0   0   0   0   0   0   0   0   0   0   0   0   0   0   0  0.80 0.16
   95 G   -1 -2  5  0 -3 -1 -2  5 -1 -4 -4 -1 -3 -4 -3  0 -1 -4 -3 -4    0   0  48   0   0   0   0  52   0   0   0   0   0   0   0   0   0   0   0   0  0.90 0.13
   96 M   -2 -3 -4 -4 -2 -2 -3 -4 -3  4  2 -3  5 -1 -3 -3 -1 -3 -2  2    0   0   0   0   0   0   0   0   0  48   7   0  37   0   0   0   0   0   0   8  0.57 0.12
   97 G   -1 -3 -2 -2 -2 -2 -3  4  1  1  1 -2  0 -2 -3 -1  0 -3 -2  0    0   0   0   0   0   0   0  45   7  11  25   0   0   0   0   0   6   0   0   6  0.33 0.07
   98 G    3  1 -2 -2 -2 -1 -2  4 -2 -2 -2 -1 -2 -3 -2  0 -1 -3 -3  0   48   9   0   0   0   0   0  34   0   0   0   0   0   0   0   0   0   0   0   8  0.44 0.09
   99 A    0  2  1  3 -3  0  3 -2  2 -3 -3  0 -2 -3  1  0 -1 -4 -2 -3   13  17   6  26   0   0  24   0   8   0   0   0   0   0   7   0   0   0   0   0  0.39 0.07
  100 L   -1 -2 -2 -3 -1 -2 -2 -3 -3  2  2 -2  0 -1 -3 -1  3 -3 -2  3    0   0   0   0   0   0   0   0   0   6  20   0   0   0   0   0  32   0   0  42  0.34 0.09
  101 I   -1 -3 -3 -4 -2 -2 -3 -4 -3  4  1 -3  4 -1 -3 -2  0 -3 -2  3    0   0   0   0   0   0   0   0   0  47   0   0  25   0   0   0   7   0   0  22  0.46 0.10
  102 A    1 -3 -3 -3 -1 -2 -3 -3 -3  3  3 -2  2 -1 -3 -1  0 -3 -2  1   20   0   0   0   0   0   0   0   0  34  33   0   6   0   0   0   6   0   0   0  0.28 0.07
  103 H    1  3 -1  1  2  0  1 -2  2 -2 -2  2  0 -3 -2  1 -1 -3 -2 -2   16  22   0   8   6   0   9   0   7   0   0  14   6   0   0  12   0   0   0   0  0.21 0.05
  104 I   -2 -3 -4 -4 -2 -3 -4 -4 -3  4  3 -3  2  3 -3 -3 -2 -2  0  1    0   0   0   0   0   0   0   0   0  44  32   0   8  16   0   0   0   0   0   0  0.46 0.09
  105 L    0 -2 -3 -3 -2 -2 -3 -3 -3  1  3 -2  1  2 -3 -1  0 -2  0  1   10   0   0   0   0   0   0   0   0   6  47   0   0  15   0   6   5   0   0  10  0.25 0.06
  106 E   -1  1 -1  2 -3  0  2  0 -1 -3 -3  2 -3 -4  4  0 -1 -4 -3 -3    0   7   0  12   0   0  22   9   0   0   0  19   0   0  26   7   0   0   0   0  0.52 0.07
  107 A    1  0  0  3 -3  2  3 -1 -1 -3 -3  1 -2 -3 -2  1 -1 -3 -2 -2   21   0   0  22   0  15  25   0   0   0   0   9   0   0   0   8   0   0   0   0  0.40 0.07
  108 G    2 -2 -2 -2 -2  0 -2  4 -2 -1 -1 -2 -1 -2 -2 -1 -1 -3 -3  1   22   0   0   0   0   8   0  43   0   0   6   0   0   0   0   0   0   0   0  20  0.36 0.07
  109 K    0  3 -1  0 -3  1  0 -2 -1 -2 -1  2 -1  1  1 -1 -1 -2  1 -2   11  22   0   6   0   8   0   0   0   0   8  22   0  11   6   0   0   0   5   0  0.19 0.05
  110 D    0  1  0  3 -3  0  2  0 -1 -3 -3  1 -2 -4  2  0 -1 -4 -3 -3   10  12   0  29   0   0  21   7   0   0   0  12   0   0   9   0   0   0   0   0  0.40 0.06
  111 K   -1  2 -1  1 -3  2  0 -2  2  0  0  2 -1 -2 -2 -1 -1 -3 -2  0    5  16   0   8   0  16   0   0   6   6  11  21   0   0   0   0   0   0   0  12  0.16 0.05
  112 L   -2 -3 -3 -4 -2 -2 -3 -4 -3  1  4 -3  1  0  1 -2  0 -3 -2  1    0   0   0   0   0   0   0   0   0   6  69   0   0   0   8   0   9   0   0   8  0.44 0.09
  113 T    1  1 -1 -2 -2  0 -1 -2 -2  0 -1  3 -1 -2 -2  0  1 -3 -2  2   13   5   0   0   0   0   0   0   0   0   0  35   0   0   0   0  15   0   0  31  0.22 0.08
  114 G   -1 -1 -1 -1 -3  2  1  0  1 -3 -3 -1 -2 -4  6  1 -1 -4 -3 -3    0   0   0   0   0  16   6   7   5   0   0   0   0   0  48  17   0   0   0   0  0.90 0.11
  115 K    1 -2  1 -1 -2 -1 -2  5 -2 -2 -3  0 -2 -3 -2  0  1 -3 -3 -1    9   0   8   0   0   0   0  55   0   0   0   7   0   0   0   0  14   0   0   6  0.53 0.08
  116 E   -1 -1 -1  1 -3  1  1  4 -2 -3 -3  0 -2 -4 -2  0  1 -3 -3 -3    0   0   0   8   0   9  14  48   0   0   0   6   0   0   0   0  14   0   0   0  0.49 0.08
  117 R    0  2 -1  1 -2  1 -1 -2  2 -2  0  0 -1  0 -2 -1  2  3  3 -1    8  19   0   9   0   6   0   0   6   0  10   0   0   0   0   0  20   5  17   0  0.18 0.06
  118 L   -2 -3 -4 -4 -2 -3 -4 -4 -3  1  4 -3  1  5 -4 -3 -2 -1  1  0    0   0   0   0   0   0   0   0   0   0  65   0   0  35   0   0   0   0   0   0  0.65 0.11
  119 I   -2 -3 -4 -4 -2 -3 -3 -4 -3  3  2 -3  1  3 -3 -3 -1 -2  0  3    0   0   0   0   0   0   0   0   0  29  22   0   0  24   0   0   0   0   0  25  0.41 0.07
  120 L    1 -2 -2 -3 -1 -2 -2 -2 -2  0  3 -2  1 -1 -2 -1  2 -2 -2  0   12   0   0   0   0   0   0   1   0   0  54   0   0   0   0   1  28   0   0   0  0.28 0.08
  121 Q    0  0  2 -1 -2  5  0 -1 -1 -3 -3  0 -1 -3 -2  3  0 -3 -2 -2    1   0   8   0   0  45   0   1   0   0   1   0   0   0   0  40   0   0   0   0  0.52 0.11
  122 P   -1 -3 -2 -2 -3 -2 -2  4 -3 -3 -3 -2 -3 -4  6 -1 -2 -3 -3 -3    1   0   0   0   0   0   0  40   0   0   1   0   0   0  53   1   0   0   0   0  1.21 0.12
  123 N    0 -2  2 -1 -2  0 -1  0 -1  2 -1 -1 -1 -1 -2  0  2 -2  1  0    8   0  14   0   0   7   0   8   0  24   0   0   0   0   0   6  24   0  10   0  0.13 0.06
  124 I   -1  2 -1 -2 -2  2 -1 -3 -2  3  0 -1  0 -2 -2  1  1 -3 -2  1    0  15   0   0   0  15   0   0   0  41   0   0   0   0   0  14   8   0   0   6  0.19 0.08
  125 H   -1  1  2  2 -4  0  2  2  4 -4 -4  2 -2 -3 -2 -1 -1 -3 -2 -3    0   6   9  15   0   0  16  21  16   0   0  17   0   0   0   0   0   0   0   0  0.37 0.06
  126 A    2  0 -2 -1 -2 -1  1 -2 -2  1  1  0  0 -2 -2  0 -1 -3 -2  1   25   6   0   0   0   0  13   0   0  14  17   6   0   0   0  10   0   0   0   8  0.10 0.04
  127 V   -1  0 -1  3 -3  0  3 -3 -2  1 -1 -1 -1 -3  1 -1 -1 -4 -2  1    0   7   0  19   0   0  33   0   0  17   0   0   0   0   8   0   0   0   0  15  0.28 0.07
  128 H    0 -1 -1  1 -2  1  2 -2  2  0  0 -1  1 -2 -2  1  0 -3 -1  0    6   0   0   8   0  10  17   0   7   6   8   0   9   0   0  15   7   0   0   7  0.12 0.04
  129 I   -1 -3 -3 -3 -1 -2 -3 -3 -3  2  2 -3  2 -1 -3 -1 -1 -3 -2  4    0   0   0   0   0   0   0   0   0   7  21   0   9   0   0   8   0   0   0  54  0.37 0.09
  130 R   -2  5 -1 -2 -4  1  1 -3  0 -3 -3  1 -2 -1 -3 -1  0 -2  3 -3    0  60   0   0   0   6  10   0   0   0   0   0   0   0   0   0   7   0  17   0  0.62 0.12
  131 E    0  3 -1  2 -4  2  4 -2 -1 -3 -3  2 -2 -4 -2 -1 -1 -3 -2 -3    9  20   0   9   0  10  44   0   0   0   0   8   0   0   0   0   0   0   0   0  0.51 0.08
  132 W    2  1 -2  0 -2  1 -1 -2 -2 -2 -2  0 -1  2 -2 -1 -2  7  0 -2   29   9   0   7   0   8   0   0   0   0   0   6   0  17   0   0   0  24   0   0  0.47 0.08
  133 L    0 -3 -4 -4 -2 -3 -3 -4 -3  1  5 -3  1  0 -3 -3 -2 -2 -2  0    7   0   0   0   0   0   0   0   0   0  93   0   0   0   0   0   0   0   0   0  0.65 0.12
  134 Y    0 -1 -2 -2 -2  2 -1 -3  2  2  0  0  0  0 -2 -1 -1 -1  3  1   11   0   0   0   0  17   0   0   8  24   8   8   0   0   0   0   0   0  18   7  0.14 0.06
  135 K    2  0 -1  1  3  1  1 -1 -1 -2 -2  2 -2 -3 -2  1  1 -3 -2 -2   23   0   0  11  10   7   9   0   0   0   0  25   0   0   0   7   8   0   0   0  0.24 0.05
  136 E    0  1  2 -1 -3  1  2 -2  6 -4 -3  0 -2 -3 -2  1 -1 -3  0 -3    7  10   9   0   0   7  16   0  41   0   0   0   0   0   0   9   0   0   0   0  0.52 0.09
  137 R    1  2 -1 -2 -3  1 -2  5 -2 -4 -4 -1 -3 -4 -3 -1 -2 -3 -3 -3    9  18   0   0   0   7   0  65   0   0   0   0   0   0   0   0   0   0   0   0  0.74 0.10
  138 Y   -3 -3 -4 -4 -3 -3 -4 -4 -1 -2 -1 -4 -1  6 -4 -3 -3  8  4 -2    0   0   0   0   0   0   0   0   0   0   0   0   0  56   0   0   0  26  18   0  1.26 0.15
  139 A    2  0 -1 -2 -1 -1  0  1 -2  1 -1 -1 -1 -2 -2  1  1 -3 -2  2   23   8   0   0   0   0   7  10   0   9   0   0   0   0   0  11   7   0   0  25  0.12 0.04
  140 L   -1 -3 -4 -4 -2 -3 -3 -4 -4  4  3 -3  1 -1 -3 -3 -1 -3 -2  3    0   0   0   0   0   0   0   0   0  38  35   0   0   0   0   0   0   0   0  27  0.47 0.08
  141 I   -1  1 -1 -2 -2 -1 -1 -2  2  1  0  1  0 -1 -2 -1  1 -2 -1  2    1  10   1   1   0   1   1   1  10   9   8  10   0   1   1   1  16   0   1  26  0.09 0.03
  142 D    0 -1  2  4 -3  0  3 -1 -1 -3 -3  0 -2 -3 -1  0 -1 -3 -2 -2   10   1   9  41   0   1  26   1   0   1   2   1   0   1   1   1   1   0   1   1  0.45 0.05
  143 E   -1 -1 -1  2 -4  1  5 -2 -1 -3 -3  1 -2 -4 -2  0  2 -4 -3 -3    0   0   0   9   0   0  66   0   0   0   0   9   0   0   0   0  17   0   0   0  0.64 0.10
  144 V   -1  2 -1  1 -2  1  0 -2  2  0 -1  3 -1 -2 -2 -1 -1 -3 -1  1    1  11   0   9   0  10   1   1   8   0   1  30   0   0   0   1   0   0   0  26  0.18 0.05
  145 I   -1 -2 -3 -3 -1 -2 -3 -3 -3  3  2 -2  2  1 -3 -2 -1 -2 -1  3    1   0   0   0   0   0   1   1   0  27  20   0   9   8   0   1   0   0   0  29  0.28 0.05
  146 L    0 -2 -3 -3 -1 -2 -2 -3 -2  2  2 -2  4 -1 -2 -1 -1 -2 -1  3   11   0   0   0   0   0   1   1   0  10  19   0  25   0   0   1   0   0   0  30  0.25 0.05
  147 E   -1  0 -1  0 -3  2  4 -3 -1 -2 -2  3 -1  1 -2 -1 -1 -3 -1  0    0   0   0   0   0   9  43   0   0   0   0  27   0  10   0   0   0   0   0  10  0.37 0.08
  148 E   -2 -1  0  4 -3  0  4 -3 -1 -2 -1 -1 -2 -3 -2 -1 -1 -4 -3  0    0   0   0  35   0   0  45   0   0   0  10   0   0   0   0   0   0   0   0  10  0.51 0.08
  149 D   -1 -2  4  5 -3 -1  0  1 -1 -4 -4 -1 -3 -4 -2  1 -1 -4 -3 -3    0   0  27  47   0   0   0  13   0   0   0   0   0   0   0  13   0   0   0   0  0.60 0.06
  150 G    0 -2 -1 -1 -3 -1  1  6 -2 -4 -4 -2 -3 -4 -2 -1 -2 -3 -3 -4    0   0   0   0   0   0  13  87   0   0   0   0   0   0   0   0   0   0   0   0  1.00 0.08
  151 K   -1  4  0 -1 -4  3  2 -2  0 -3 -3  3 -2 -3 -2 -1 -1 -3 -2 -3    0  28   0   0   0  15  18   0   0   0   0  38   0   0   0   0   0   0   0   0  0.52 0.04
  152 C   -2 -3 -4 -4  4 -2 -3 -3 -3  1  0 -3  2  2 -4 -3 -2  9  1 -1    0   0   0   0  12   0   0   0   0  12   0   0  15  14   0   0   0  47   0   0  1.08 0.07
  153 Y   -2 -2 -2 -3 -3 -2 -2 -3  4  1 -1 -2 -1  2 -3 -2 -2  1  7 -1    0   0   0   0   0   0   0   0  15  18   0   0   0   0   0   0   0   0  67   0  0.71 0.07
  154 E    1 -1  0  0 -2  0  2 -1 -1 -2 -2  0 -2 -2  3  2  0 -2 -2 -1   19   1   1   1   0   1  29   1   0   1   2   1   0   1  17  22   1   0   1   1  0.33 0.02
  155 V   -1 -2 -2 -2 -1 -1 -2 -2 -1  1  1 -2  4  1 -2 -1 -1  0  3  2    1   1   1   1   0   1   1   1   0   1   2   1  34   1   1   1   1   0  21  29  0.20 0.03
  156 L   -1 -2 -2 -3 -1 -1 -2 -3 -2  1  3 -2  3  0 -2 -2 -1 -2 -1  2    1   1   1   1   0   1   1   1   0   1  50   1  16   1   1   1   1   0   1  19  0.24 0.02
  157 V    1 -1 -1 -2  5 -1 -1 -1 -2  0 -1  1 -1 -2 -1  0  1 -2 -2  1   19   1   1   1  21   1   1   1   0   1   2  17   0   1   1   1  15   0   1  16  0.16 0.02
  158 A    3 -1 -2 -2 -1 -1 -1  0 -2  0 -1 -1 -1 -2 -1  0  0 -2 -1  1   63   1   1   1   0   1   1   1   0   1   2   1   0   1   1   1   1   0   1  22  0.23 0.03
  159 E   -1 -2 -2 -2 -1 -1  1 -3 -2  2  2 -2  1 -1 -2 -1  1 -3 -2  2    0   0   0   0   0   0  14   0   0  18  21   0   0   0   0   0  18   0   0  30  0.17 0.02
  160 A    1  3 -1 -1  4  0  2 -2 -1 -3 -2  0 -2 -3  3  0 -1 -3 -2 -2   14  33   0   0  18   0  21   0   0   0   0   0   0   0  14   0   0   0   0   0  0.38 0.03
  161 G    2  2 -1 -1 -2 -1 -1  3 -2 -3 -3  0 -2 -3 -2  1  0 -3 -2 -2   30  18   0   0   0   0   0  35   0   0   0   0   0   0   0  18   0   0   0   0  0.37 0.03
  162 D   -1 -2  0  4 -3 -1  0 -2 -1 -2 -2 -1 -2  3 -2  1 -1 -2  0 -2    0   0   0  50   0   0   0   0   0   0   0   0   0  27   0  22   0   0   0   0  0.39 0.02
  163 R   -1  2 -2 -2 -2  2 -1 -3 -1  1  2  0  1 -1 -2 -1 -1 -2 -1  2    0  23   0   0   0  22   0   0   0   0  27   0   0   0   0   0   0   0   0  28  0.17 0.01
  164 D   -1 -1  1  4 -3  0  3 -1 -1 -3 -3  0 -2 -3 -1  2  0 -4 -3 -3    0   0   0  45   0   0  27   0   0   0   0   0   0   0   0  28   0   0   0   0  0.54 0.02
  165 A    1  3  0  4 -3  0  1 -1 -1 -3 -3  0 -2 -3 -2  0 -1 -4 -3 -2   23  27   0  50   0   0   0   0   0   0   0   0   0   0   0   0   0   0   0   0  0.43 0.02
  166 A    1 -2 -3 -3 -1 -2 -2 -2 -3  1  4 -2  2  0 -2 -1 -1 -2 -1  1   23   0   0   0   0   0   0   0   0   0  77   0   0   0   0   0   0   0   0   0  0.31 0.02
  167 Y   -2 -2 -2 -3 -3 -2 -2 -3  2 -2 -1 -2 -1  3 -3 -2 -2  2  7 -1    0   0   0   0   0   0   0   0   0   0   0   0   0   0   0   0   0   0 100   0  0.92 0.02
  168 D   -2  5  0  3 -4  1  0 -2 -1 -3 -3  2 -2 -3 -2 -1 -1 -3 -2 -3    0  69   0  31   0   0   0   0   0   0   0   0   0   0   0   0   0   0   0   0  0.58 0.01
  169 G   -1 -2 -2 -2 -3 -2 -2  3 -2 -3 -3 -1 -3 -4  7 -1 -1 -3 -3 -3    0   0   0   0   0   0   0  31   0   0   0   0   0   0  69   0   0   0   0   0  1.36 0.01
  170 I   -2 -2 -2 -1 -2  0  3 -3 -2  1 -1 -1 -1 -1 -2 -2 -1  8  0  0    0   0   0   0   0   0  37   0   0  31   0   0   0   0   0   0   0  32   0   0  0.55 0.01
  171 S    1 -1  0  0 -2  1  3 -1 -1 -3 -3  0 -2 -3 -1  3  1 -3 -2 -2    0   0   0   0   0   0  32   0   0   0   0   0   0   0   0  68   0   0   0   0  0.41 0.01
  172 L   -2 -2 -4 -4 -1 -2 -3 -4 -3  2  4 -3  2  0 -3 -3 -1 -2 -1  1    0   0   0   0   0   0   0   0   0   0 100   0   0   0   0   0   0   0   0   0  0.48 0.01
  173 S    1 -1  0  1 -2  1  3 -1 -1 -3 -3  0 -2 -3 -1  3  1 -3 -2 -2    0   0   0   0   0   0  37   0   0   0   0   0   0   0   0  63   0   0   0   0  0.41 0.01
  174 A    2 -1  0 -1 -1 -1 -1  3 -2 -2 -3 -1 -2 -3 -1  2  0 -3 -2 -2   31   0   0   0   0   0   0  32   0   0   0   0   0   0   0  37   0   0   0   0  0.39 0.01
  175 G    1 -2  0 -1 -2 -1 -1  4 -1 -3 -3 -1 -2 -3 -1  3  0 -3 -2 -2    0   0   0   0   0   0   0  50   0   0   0   0   0   0   0  50   0   0   0   0  0.53 0.00
  176 M    0 -1 -1 -1 -1  0 -1 -1 -1  0  1 -1  4 -1 -2  2  1 -2 -1  0    0   0   0   0   0   0   0   0   0   0   0   0  50   0   0  50   0   0   0   0  0.19 0.00
  177 L   -2 -2 -4 -4 -1 -2 -3 -4 -3  2  4 -3  2  0 -3 -3 -1 -2 -1  1    0   0   0   0   0   0   0   0   0   0 100   0   0   0   0   0   0   0   0   0  0.46 0.00
  178 V    0 -3 -3 -3 -1 -2 -3 -3 -3  3  1 -2  1 -1 -3 -2  0 -3 -1  4    0   0   0   0   0   0   0   0   0   0   0   0   0   0   0   0   0   0   0 100  0.35 0.00
  179 G    0 -2  0 -1 -3 -2 -2  6 -2 -4 -4 -2 -3 -3 -2  0 -2 -3 -3 -3    0   0   0   0   0   0   0 100   0   0   0   0   0   0   0   0   0   0   0   0  1.04 0.00
  180 P   -1 -2 -2 -2 -3 -1 -1 -2 -2 -3 -3 -1 -3 -4  8 -1 -1 -4 -3 -3    0   0   0   0   0   0   0   0   0   0   0   0   0   0 100   0   0   0   0   0  2.05 0.00
  181 F   -2 -3 -3 -4 -2 -3 -3 -4 -2  1  3 -3  1  5 -3 -3 -2  0  2  0    0   0   0   0   0   0   0   0   0   0  50   0   0  50   0   0   0   0   0   0  0.43 0.00
  182 L   -2 -2 -4 -4 -1 -2 -3 -4 -3  2  4 -3  2  0 -3 -3 -1 -2 -1  1    0   0   0   0   0   0   0   0   0   0 100   0   0   0   0   0   0   0   0   0  0.46 0.00
  183 A    3 -2 -2 -3 -1 -2 -2 -1 -2  1  0 -1  0 -2 -2  0  0 -3 -2  3   50   0   0   0   0   0   0   0   0   0   0   0   0   0   0   0   0   0   0  50  0.21 0.00
  184 K   -1  2  0 -1 -3  1  1 -2 -1 -3 -3  5 -1 -3 -1  0 -1 -3 -2 -2    0   0   0   0   0   0   0   0   0   0   0 100   0   0   0   0   0   0   0   0  0.52 0.00
  185 E    3 -1 -1  0 -2  1  3 -1 -1 -2 -2  0 -2 -3 -1  1  0 -3 -2 -1   50   0   0   0   0   0  50   0   0   0   0   0   0   0   0   0   0   0   0   0  0.36 0.00
  186 K   -1  1 -1 -1 -3  0  0 -2 -1 -3 -3  3 -2 -4  6 -1 -1 -3 -2 -2    0   0   0   0   0   0   0   0   0   0   0  50   0   0  50   0   0   0   0   0  0.92 0.00
  187 N   -2  0  6  1 -3  0  0  0  1 -3 -4  0 -2 -3 -2  1  0 -4 -2 -3    0   0 100   0   0   0   0   0   0   0   0   0   0   0   0   0   0   0   0   0  0.73 0.00
  188 A    3 -1 -1  0 -2  1  3 -1 -1 -2 -2  0 -2 -3 -1  1  0 -3 -2 -1   50   0   0   0   0   0  50   0   0   0   0   0   0   0   0   0   0   0   0   0  0.36 0.00
  189 V   -1 -3 -3 -3 -1 -3 -3 -4 -3  4  1 -3  1 -1 -3 -2  0 -3 -1  3    0   0   0   0   0   0   0   0   0  50   0   0   0   0   0   0   0   0   0  50  0.35 0.00
  190 F   -2 -3 -3 -4 -3 -3 -3 -3 -1  0  0 -3  0  6 -4 -3 -2  1  3 -1    0   0   0   0   0   0   0   0   0   0   0   0   0 100   0   0   0   0   0   0  0.74 0.00
  191 L   -2 -3 -3 -4 -2 -3 -3 -4 -2  1  3 -3  1  5 -3 -3 -2  0  2  0    0   0   0   0   0   0   0   0   0   0  50   0   0  50   0   0   0   0   0   0  0.43 0.00
  192 K    0  1  0 -1 -2  1  0 -1 -1 -3 -3  3 -2 -3 -1  3  1 -3 -2 -2    0   0   0   0   0   0   0   0   0   0   0  50   0   0   0  50   0   0   0   0  0.34 0.00
  193 K   -1  2  0 -1 -3  1  1 -2 -1 -3 -3  5 -1 -3 -1  0 -1 -3 -2 -2    0   0   0   0   0   0   0   0   0   0   0 100   0   0   0   0   0   0   0   0  0.52 0.00
  194 W   -3 -3 -4 -5 -2 -2 -3 -3 -3 -3 -2 -3 -2  1 -4 -3 -3 11  2 -3    0   0   0   0   0   0   0   0   0   0   0   0   0   0   0   0   0 100   0   0  2.33 0.01
  195 T    0  0  0 -1 -2  4  1 -2  0 -2 -2  0 -1 -3 -1  1  3 -2 -2 -1    0   0   0   0   0  50   0   0   0   0   0   0   0   0   0   0  50   0   0   0  0.38 0.00
  196 Q   -1  0 -1 -2 -2  4  0 -3 -1  0  2  0  1 -1 -2 -1 -1 -2 -1  0    0   0   0   0   0  50   0   0   0   0  50   0   0   0   0   0   0   0   0   0  0.25 0.00
  197 E   -1  0  0  2 -4  2  5 -2  0 -3 -3  1 -2 -3 -1  0 -1 -3 -2 -3    0   0   0   0   0   0 100   0   0   0   0   0   0   0   0   0   0   0   0   0  0.74 0.00
  198 L   -1 -3 -4 -4 -1 -3 -3 -4 -3  3  3 -3  2  0 -3 -3 -1 -2 -1  2    0   0   0   0   0   0   0   0   0  50  50   0   0   0   0   0   0   0   0   0  0.37 0.00
  199 Q   -1  4  0 -1 -3  4  1 -2  0 -3 -2  2 -1 -3 -2  0 -1 -2 -2 -3    0  50   0   0   0  50   0   0   0   0   0   0   0   0   0   0   0   0   0   0  0.57 0.00
  200 H   -1  1  0 -1 -3  1  0 -2  6 -3 -3  3 -2 -2 -2 -1 -1 -3  0 -3    0   0   0   0   0   0   0   0  50   0   0  50   0   0   0   0   0   0   0   0  0.49 0.00
  201 T   -1 -2 -1 -2 -1 -1 -2 -3 -2  1  2 -2  1 -1 -2  0  3 -2 -1  0    0   0   0   0   0   0   0   0   0   0  50   0   0   0   0   0  50   0   0   0  0.25 0.00
  202 Q   -1  1  0  0 -3  6  2 -2  0 -3 -2  1  0 -3 -1  0 -1 -2 -2 -2    0   0   0   0   0 100   0   0   0   0   0   0   0   0   0   0   0   0   0   0  0.66 0.00
  203 S    0 -1  1  4 -2  0  1 -1 -1 -3 -3  0 -2 -3 -1  3  0 -4 -2 -2    0   0   0  50   0   0   0   0   0   0   0   0   0   0   0  50   0   0   0   0  0.49 0.00
  204 I   -1 -3 -3 -3 -1 -3 -3 -4 -3  4  1 -3  1 -1 -3 -2  0 -3 -1  3    0   0   0   0   0   0   0   0   0  50   0   0   0   0   0   0   0   0   0  50  0.35 0.00
  205 Y   -2  4 -1 -2 -3  0 -1 -3  1 -2 -2  1 -1  1 -3 -1 -1  1  5 -2    0  50   0   0   0   0   0   0   0   0   0   0   0   0   0   0   0   0  50   0  0.50 0.00
  206 E    3 -1 -1  0 -2  1  3 -1 -1 -2 -2  0 -2 -3 -1  1  0 -3 -2 -1   50   0   0   0   0   0  50   0   0   0   0   0   0   0   0   0   0   0   0   0  0.36 0.00
  207 Q   -1  1  0  0 -3  6  2 -2  0 -3 -2  1  0 -3 -1  0 -1 -2 -2 -2    0   0   0   0   0 100   0   0   0   0   0   0   0   0   0   0   0   0   0   0  0.66 0.00
  208 I   -1 -3 -3 -3 -1 -3 -3 -4 -3  4  1 -3  1 -1 -3 -2  0 -3 -1  3    0   0   0   0   0   0   0   0   0  50   0   0   0   0   0   0   0   0   0  50  0.35 0.00
  209 S    3 -1  0 -1 -1  0 -1  0 -1 -2 -2  0 -1 -2 -1  3  1 -3 -2 -1   50   0   0   0   0   0   0   0   0   0   0   0   0   0   0  50   0   0   0   0  0.35 0.00
  210 Q   -1  4  0 -1 -3  4  1 -2  0 -3 -2  2 -1 -3 -2  0 -1 -2 -2 -3    0  50   0   0   0  50   0   0   0   0   0   0   0   0   0   0   0   0   0   0  0.57 0.00
  211 A    3 -1 -1 -1  0  0  0  0 -1 -1 -1  0 -1 -1  0  1  0 -1 -1  0   54   3   2   3   1   2   3   4   1   3   5   3   1   2   3   4   3   1   2   3  0.14 0.00
  212 A    3 -1  0 -1 -1  0 -1  0 -1 -2 -2  0 -1 -2 -1  3  1 -3 -2 -1   50   0   0   0   0   0   0   0   0   0   0   0   0   0   0  50   0   0   0   0  0.35 0.00
  213 D   -2 -2  1  6 -4  0  2 -1 -1 -3 -4 -1 -3 -4 -2  0 -1 -4 -3 -3    0   0   0 100   0   0   0   0   0   0   0   0   0   0   0   0   0   0   0   0  0.93 0.00
  214 T    0  0  0 -1 -2  4  1 -2  0 -2 -2  0 -1 -3 -1  1  3 -2 -2 -1    0   0   0   0   0  50   0   0   0   0   0   0   0   0   0   0  50   0   0   0  0.38 0.00
  215 E   -1  0  0  2 -4  2  5 -2  0 -3 -3  1 -2 -3 -1  0 -1 -3 -2 -3    0   0   0   0   0   0 100   0   0   0   0   0   0   0   0   0   0   0   0   0  0.74 0.00
  216 Q    0  0  0  0 -2  4  1 -1  0 -3 -2  1 -1 -3 -1  3  1 -2 -2 -2    0   0   0   0   0  50   0   0   0   0   0   0   0   0   0  50   0   0   0   0  0.40 0.00
  217 N    2 -1  4  0 -1  0 -1  0  0 -2 -2  0 -2 -3 -1  1  0 -3 -2 -1   50   0  50   0   0   0   0   0   0   0   0   0   0   0   0   0   0   0   0   0  0.35 0.00
  218 K   -1  2  0 -1 -3  4  1 -2  0 -3 -2  4 -1 -3 -1  0 -1 -3 -2 -2    0   0   0   0   0  50   0   0   0   0   0  50   0   0   0   0   0   0   0   0  0.49 0.00
  219 Q   -1  0  0 -1 -3  4  1 -2  6 -3 -3  0 -1 -2 -2 -1 -1 -2  1 -3    0   0   0   0   0  50   0   0  50   0   0   0   0   0   0   0   0   0   0   0  0.57 0.00
  220 K   -1  2  0 -1 -3  1  1 -2 -1 -3 -3  5 -1 -3 -1  0 -1 -3 -2 -2    0   0   0   0   0   0   0   0   0   0   0 100   0   0   0   0   0   0   0   0  0.52 0.00
  221 L   -1  0 -1 -2 -2  4  0 -3 -1  0  2  0  1 -1 -2 -1 -1 -2 -1  0    0   0   0   0   0  50   0   0   0   0  50   0   0   0   0   0   0   0   0   0  0.25 0.00
  222 K   -1  1  0  1 -4  2  4 -2  0 -3 -3  3 -2 -3 -1  0 -1 -3 -2 -3    0   0   0   0   0   0  50   0   0   0   0  50   0   0   0   0   0   0   0   0  0.50 0.00
  223 E   -1  1  0  1 -3  4  4 -2  0 -3 -3  1 -1 -3 -1  0 -1 -3 -2 -2    0   0   0   0   0  50  50   0   0   0   0   0   0   0   0   0   0   0   0   0  0.60 0.00
  224 L   -2 -2 -4 -4 -1 -2 -3 -4 -3  2  4 -3  2  0 -3 -3 -1 -2 -1  1    0   0   0   0   0   0   0   0   0   0 100   0   0   0   0   0   0   0   0   0  0.46 0.00
  225 A    3  4 -1 -2 -2  0 -1 -1 -1 -2 -2  1 -1 -3 -1  0 -1 -3 -2 -1   50  50   0   0   0   0   0   0   0   0   0   0   0   0   0   0   0   0   0   0  0.35 0.00
  226 D   -1  1  1  4 -3  1  1 -2 -1 -3 -3  3 -2 -3 -1  0 -1 -4 -3 -3    0   0   0  50   0   0   0   0   0   0   0  50   0   0   0   0   0   0   0   0  0.51 0.00
  227 R   -1  4  0 -1 -3  4  1 -2  0 -3 -2  2 -1 -3 -2  0 -1 -2 -2 -3    0  50   0   0   0  50   0   0   0   0   0   0   0   0   0   0   0   0   0   0  0.57 0.00
  228 M   -1 -2 -3 -3 -1 -1 -3 -3 -2  3  2 -2  4  0 -3 -2 -1 -2 -1  2    0   0   0   0   0   0   0   0   0  50   0   0  50   0   0   0   0   0   0   0  0.30 0.00
  229 E   -1  0  0  2 -4  2  5 -2  0 -3 -3  1 -2 -3 -1  0 -1 -3 -2 -3    0   0   0   0   0   0 100   0   0   0   0   0   0   0   0   0   0   0   0   0  0.74 0.00
  230 L   -1  0 -1 -2 -2  4  0 -3 -1  0  2  0  1 -1 -2 -1 -1 -2 -1  0    0   0   0   0   0  50   0   0   0   0  50   0   0   0   0   0   0   0   0   0  0.25 0.00
  231 L   -2 -2 -4 -4 -1 -2 -3 -4 -3  2  4 -3  2  0 -3 -3 -1 -2 -1  1    0   0   0   0   0   0   0   0   0   0 100   0   0   0   0   0   0   0   0   0  0.46 0.00
  232 K   -1  1  0  1 -4  2  4 -2  0 -3 -3  3 -2 -3 -1  0 -1 -3 -2 -3    0   0   0   0   0   0  50   0   0   0   0  50   0   0   0   0   0   0   0   0  0.50 0.00
  233 E   -1  0  0  2 -4  2  5 -2  0 -3 -3  1 -2 -3 -1  0 -1 -3 -2 -3    0   0   0   0   0   0 100   0   0   0   0   0   0   0   0   0   0   0   0   0  0.74 0.00
  234 V    0 -3 -3 -3 -1 -2 -3 -3 -3  3  1 -2  1 -1 -3 -2  0 -3 -1  4    0   0   0   0   0   0   0   0   0   0   0   0   0   0   0   0   0   0   0 100  0.35 0.00
  235 I   -1 -3 -4 -4 -1 -3 -3 -4 -3  3  3 -3  2  0 -3 -3 -1 -2 -1  2    0   0   0   0   0   0   0   0   0  50  50   0   0   0   0   0   0   0   0   0  0.37 0.00
  236 D   -2 -2  1  6 -3  0  1 -1 -1 -3 -4 -1 -3 -3 -1  0 -1 -4 -3 -3    0   0   0   0   0   0   0   0   0   0   0   0   0   0   0   0   0   0   0   0  0.00    0.00
  237 H   -2  0  1 -1 -3  0  0 -2  7 -3 -3 -1 -2 -1 -2 -1 -2 -2  2 -3    0   0   0   0   0   0   0   0   0   0   0   0   0   0   0   0   0   0   0   0  0.00    0.00
  238 G    0 -2  0 -1 -2 -2 -2  5 -2 -4 -4 -1 -3 -3 -2  0 -2 -2 -3 -3    0   0   0   0   0   0   0   0   0   0   0   0   0   0   0   0   0   0   0   0  0.00    0.00

                      K         Lambda
Standard Ungapped    0.1335     0.3152
Standard Gapped      0.0410     0.2670
PSI Ungapped         0.1319     0.3176
PSI Gapped           0.0404     0.2670
