
Last position-specific scoring matrix computed, weighted observed percentages rounded down, information per position, and relative weight of gapless real matches to pseudocounts
           A  R  N  D  C  Q  E  G  H  I  L  K  M  F  P  S  T  W  Y  V   A   R   N   D   C   Q   E   G   H   I   L   K   M   F   P   S   T   W   Y   V
    1 M   -3 -4 -4 -5 -3 -3 -4 -5 -4  2  1 -4  9 -2 -4 -4 -2 -4 -3  1    0   0   0   0   0   0   0   0   0  13   9   0  72   0   0   0   0   0   0   6  1.40 0.41
    2 S    0 -2  3 -2 -3  1 -1 -2  1 -4 -4 -1 -3 -4 -3  5  1 -5 -3 -2    6   0  14   0   0   6   2   0   3   0   0   3   0   0   0  55   8   0   0   3  0.66 0.32
    3 N   -1 -1  2 -2 -3 -1 -1 -2 -3  2 -1 -2  1 -3 -1  1  3  1 -3  1    3   3  12   0   0   1   3   1   0  15   5   0   4   0   2  11  26   2   0  12  0.24 0.19
    4 N   -2 -3  6  4 -5  1 -2 -3  0 -5 -6 -3 -4 -5 -2  1 -1 -6 -2 -5    3   0  46  23   0   7   1   0   2   0   0   0   0   0   2  12   3   0   1   0  1.06 0.47
    5 P    0 -3 -3 -4 -3 -2 -4 -3 -3  4 -1 -4 -1 -3  3 -1  0 -4  0  3    8   1   1   0   0   2   0   1   1  31   3   0   0   0  13   3   5   0   4  28  0.54 0.31
    6 F    1 -1  3 -1 -3  1 -1 -2  1 -1  0 -1  0  1 -3  0  1 -3  0  0   15   1  16   2   0  10   1   2   3   4   9   3   3   6   0   7   8   0   3   6  0.12 0.15
    7 K    0  2  0  1 -1  2  3 -2  0 -3 -4  2 -3 -4 -3  0  1 -4 -3 -3    9  14   3   9   2  11  21   1   2   2   0  11   0   0   0   4   8   0   0   1  0.37 0.24
    8 G    0  5  0 -1 -4 -1 -2 -2 -1  0  0  0 -2  0 -3  0  0  2 -2  1    7  34   4   3   0   1   1   2   1   4   7   2   0   4   1   7   7   4   1  10  0.31 0.25
    9 I   -3 -5 -6 -6 -4 -4 -6 -6 -5  6  3 -4  4  2 -6 -5 -3 -5 -1  1    1   0   0   0   0   0   0   0   0  42  30   1   9   9   0   0   1   0   2   5  1.07 0.49
   10 D   -4 -4  3  7 -7  0  3 -4 -3 -7 -7 -4 -6 -7 -5 -3 -4 -2 -5 -7    1   0  11  62   0   3  18   1   0   0   0   0   0   0   0   1   1   1   0   0  1.68 0.72
   11 N    0  3  2  3 -5  1  3 -1  0 -5 -4 -1 -3 -5 -3  0 -1 -5 -2 -4    7  20  10  19   0   6  17   4   2   0   1   2   0   0   1   6   3   0   1   0  0.52 0.33
   12 T    3  0 -1 -3 -3  0 -2 -2  0  0  2 -2  1 -2 -3  1  1 -4 -2  0   25   5   2   0   0   5   1   2   2   6  22   2   3   1   0   9   8   0   1   6  0.23 0.23
   13 K   -2  3 -2 -3 -6 -2  0 -1  0 -4 -6  2 -5 -7  6 -3 -3 -7 -6 -5    2  17   2   1   0   1   5   6   3   1   0  15   0   0  45   1   1   0   0   0  1.23 0.59
   14 L   -2 -3 -4 -6 -4 -4 -2 -5 -4  2  3 -4  3  4 -3 -4 -2  3 -1  2    3   1   1   0   0   0   3   0   0  13  29   1   7  19   1   0   2   3   1  15  0.66 0.37
   15 N   -2  0  4 -2 -2 -2 -3  2 -3 -5 -5 -1 -5 -5 -3  4  3 -3 -5 -4    2   5  18   1   1   1   0  15   0   0   1   3   0   0   1  29  21   0   0   1  0.72 0.47
   16 W    0  4 -3 -4 -5 -2 -3  1 -2 -4 -4  2 -3 -4  4  1 -2  1 -5 -5    6  26   1   0   0   1   0  11   1   1   2  14   0   1  19  13   2   2   0   0  0.70 0.44
   17 N   -1  1 -1 -4 -4 -1 -3 -5 -2 -1  0 -1 -1  6 -3 -3  0  0  4 -1    4   7   3   1   0   3   1   0   1   3   7   4   1  35   1   2   5   1  15   5  0.68 0.40
   18 H   -2 -2 -4 -5 -5  5  2 -2  8 -4 -2 -3 -2  0 -4 -2 -2 -4 -2 -3    3   2   0   0   0  23  11   3  39   1   4   0   1   3   1   2   3   0   1   2  1.27 0.65
   19 I   -3  4 -4 -5 -3 -2 -4 -3 -3  1 -1  2 -3  1 -5 -3 -1  8  3 -1    2  24   0   0   0   1   0   2   0   7   6  12   1   4   0   1   3  20  11   3  0.91 0.49
   20 K   -3  5 -3 -5 -6 -1 -3 -4 -2 -2  1  5  2 -3 -5 -2 -1  0 -3 -3    2  33   1   0   0   1   1   1   1   2  12  30   5   1   0   3   3   1   0   2  0.88 0.51
   21 I    0 -5 -4 -6 -3 -5 -5 -5 -6  4  3 -5  1 -1 -5 -2  2  2 -4  3    8   0   1   0   0   0   0   0   0  26  24   0   3   2   0   3  11   3   0  18  0.70 0.41
   22 W    0 -3 -5 -6 -2 -5 -5 -6 -5  1  4 -5  2  4 -5 -1  0 -1  0  2    9   1   0   0   1   0   0   0   0   6  34   0   4  19   0   4   7   1   3  11  0.65 0.39
   23 Y    1 -4 -5 -6 -2 -5 -5  0 -5  3  2 -4  0  4 -5 -3 -1  6 -1  1   15   0   0   0   1   0   0   7   0  15  19   0   2  15   0   2   3  10   1   9  0.57 0.35
   24 T    1 -3 -5 -5 -2 -4 -5  0 -4  2  3 -4  0  1 -5 -1  0  4 -1  2   13   1   0   0   1   0   0   8   0  14  27   0   2   5   0   5   4   6   1  12  0.43 0.30
   25 A    3 -5 -4 -5  7 -5 -5  0 -4  0 -1 -5 -2 -2 -5  2  0 -6 -5  0   23   0   0   0  26   0   0   8   0   6   5   0   1   2   0  17   5   0   0   6  0.91 0.51
   26 G    3 -5 -4 -5 -3 -4 -5  4 -5 -4 -3 -3  0  5 -5  1 -2  3 -2 -3   23   0   0   0   0   0   0  27   0   1   2   1   2  22   0  13   2   4   1   2  0.80 0.48
   27 M    0 -5 -5 -6 -2 -5 -6  2 -6  2  4 -5  3  0 -6 -2 -1 -4 -4  0    7   0   0   0   1   0   0  15   0  11  42   0   8   4   0   2   3   0   0   5  0.69 0.41
   28 G    2 -6 -5 -6 -1 -6 -6  6 -6  2 -3 -5 -3 -6 -6 -2 -2 -6 -5  0   15   0   0   0   1   0   0  58   0  11   3   0   1   0   0   2   3   0   0   7  1.26 0.62
   29 F   -3 -6 -4 -4 -5 -3 -4  2  0  1  0 -5  2  0 -1 -4 -2  9  3  1    1   0   0   1   0   1   1  15   2   9   7   0   5   3   4   1   2  25  11  11  0.94 0.50
   30 F    2 -5 -6 -6 -3 -5 -6 -2 -5  1  2 -5  4  5 -6 -4 -2 -4 -2  0   20   0   0   0   0   0   0   4   0   9  21   0  10  26   0   1   2   0   1   6  0.80 0.46
   31 T   -2 -6 -6 -7 -1 -6 -6 -7 -6  1  4 -6  3  5 -6 -4 -1 -5 -3  0    4   0   0   0   1   0   0   0   0   7  43   0   6  26   0   1   5   0   0   6  1.09 0.54
   32 D   -6 -7 -4  8 -6 -5  0 -5 -6 -5 -7 -6 -7  4 -7 -5 -4 -8 -4 -5    0   0   0  77   0   0   5   1   0   1   0   0   0  14   0   0   1   0   0   1  2.33 0.99
   33 A    3 -6 -5 -6 -6 -3 -6  6 -6 -7 -4 -6 -6 -4 -6  0 -4 -7 -7 -6   25   0   0   0   0   1   0  64   0   0   2   0   0   1   0   6   1   0   0   0  1.69 0.78
   34 Y   -2 -7 -7 -8 -7 -6 -7 -6 -4 -3  0 -7  6  6 -7 -6 -6  0  7 -4    4   0   0   0   0   0   0   1   0   1   7   0  17  30   0   0   0   1  37   1  1.83 0.81
   35 D   -4 -6 -1  8 -8 -2 -1 -3 -6 -1 -6 -6 -7 -8 -6 -5 -3 -9 -7 -1    2   0   3  77   0   2   3   2   0   4   1   0   0   0   0   0   1   0   0   6  2.08 0.91
   36 L   -2 -5 -3 -6 -4 -4 -5 -5 -5  1  3 -5  1  0 -5 -2  4 -2  0  3    3   0   1   0   0   1   0   0   0   5  33   0   3   3   0   2  23   1   4  21  0.73 0.45
   37 L    2 -4 -3 -5 -3  1 -4  3 -4 -2  0 -4  3  1 -5  0  0 -2  1  1   19   0   1   0   0   8   0  20   0   2   8   0   7   7   0   5   4   0   5  12  0.37 0.31
   38 I    1 -6 -3 -5 -2 -5 -6 -4 -6  5  1 -5  4 -2 -6 -2 -1 -6 -4  4   10   0   2   0   1   0   0   1   0  29  14   0   8   1   0   4   3   0   0  27  0.85 0.46
   39 I   -1 -6 -4 -7 -5 -5 -6 -3 -5  5  2 -6  4  2 -6 -5 -4 -5  3  1    5   0   1   0   0   0   0   2   0  35  19   0   8   7   0   0   0   0  11  10  0.91 0.48
   40 S    1 -6 -2 -5 -6 -4 -5  5 -6 -6 -7 -5 -6 -7 -1  4  0 -7 -7 -4   12   0   1   0   0   0   0  42   0   0   0   0   0   0   3  35   5   0   0   1  1.27 0.69
   41 Y    0 -5 -5 -6 -5 -5 -6  2 -5  0  1 -5 -1  6 -3 -2 -2 -4  3  1    7   0   0   0   0   0   0  15   0   6  10   0   1  34   2   2   2   0   8  11  0.77 0.44
   42 I    4 -6 -6 -6 -5 -5 -5 -4 -6  3 -1 -5  2 -5 -5 -1  0 -6 -5  4   32   0   0   0   0   0   0   1   0  15   6   0   4   0   0   4   6   0   0  32  0.92 0.53
   43 L    1 -5 -2 -3 -4 -4 -2 -3 -5  3  4 -4  4 -2 -5 -2 -1 -5 -4  0   14   0   2   2   0   0   3   2   0  15  39   0  10   1   0   3   3   0   0   5  0.64 0.40
   44 A    1 -3 -3 -3 -6 -2 -3 -1 -2 -2 -1 -1 -3 -5  6  0  0 -6 -3  0   10   1   1   1   0   2   1   4   1   2   6   3   1   0  46   6   5   0   1   7  0.98 0.54
   45 V    3 -2 -3 -2 -4  2 -3 -1 -2 -2  0 -2 -1  1 -1  2  2 -4  0  0   24   1   0   2   0   9   1   3   1   2   9   2   1   6   3  14  11   0   4   7  0.25 0.26
   46 M   -3 -6 -7 -7 -5 -6 -7 -7 -7  5  5 -6  3 -2 -7 -6 -5 -3 -4  0    2   0   0   0   0   0   0   0   0  31  52   0   7   1   0   0   0   0   0   5  1.44 0.66
   47 I    1  0 -2 -3 -4  2 -2 -2 -2  2  0  1  4 -3 -2  1  1 -4 -3  0   13   6   1   0   0   8   2   3   1  13   7   9  11   0   1  10   9   0   0   5  0.23 0.24
   48 D    3 -1  0  0 -3  2  1 -2  1 -3 -3  2 -3 -4  1  0  0 -5 -2 -1   23   3   3   4   0   9   8   2   3   1   2  16   0   0   7   6   6   0   1   3  0.28 0.25
   49 A    0 -3 -2  3 -5  2  4 -1  1 -2  0 -2 -2 -2 -4  0  0 -5  0 -1    9   1   1  15   0   9  26   4   3   2   9   1   0   2   0   5   6   0   4   4  0.36 0.30
   50 Y   -5 -6 -6 -7 -6 -5 -6 -5 -3 -3  1 -5  2  5 -5 -5 -5 11  2 -4    1   0   0   0   0   0   0   1   1   1  14   1   5  20   1   1   1  46   5   1  2.29 0.88
   51 K    0 -1 -1  0 -3  2 -1  4  5 -3 -2  0 -2 -2 -3 -1 -2 -1 -2 -3    8   3   3   4   0   9   3  33  13   1   4   5   1   1   1   3   2   1   1   2  0.51 0.27
   52 Y   -2 -3 -3 -3 -3 -3 -3 -3 -3  3  5 -3  2  0 -3 -2 -2 -1 -2  1    2   1   1   1   0   1   1   2   1  15  49   1   4   3   2   3   2   1   1   7  0.65 0.30
   53 Y    0 -1  1  1 -1  0  0  0 -1 -1 -1  0 -1 -1  0  2  2 -1 -1 -1    6   3   5   8   1   4   4   7   1   3   5   4   2   2   4  16  16   1   3   4  0.12 0.07
   54 G    0  0  0  0 -1  0  0  0  0 -1 -1  1  0 -1  2  0  0 -1 -1  0    9   6   4   6   1   3   4   7   2   5   7  12   2   2   9   8   4   1   2   6  0.06 0.03
   55 F    1 -1 -1 -1 -1  0  0  0  0  0  0  0  0 -1  1  1  1  0  0  0   16   3   3   3   1   5   4   8   2   6   7   4   2   3   8   9   8   1   3   6  0.05 0.03
   56 N    1  0  0  1 -1  2  1  0  0 -1 -1  0  0 -1  0  1  1 -1 -1 -1   10   3   4   9   1  10   9   6   2   3   6   4   3   2   3   9   8   1   2   4  0.07 0.04
   57 M    0  0  0 -1 -1  0  0  0  0  0  1  0  1  0  0  0  0 -1  0  0    9   4   4   4   1   3   4   8   2   4  21   5   4   4   4   6   5   1   3   5  0.01 0.01
   58 A    1  0  0  0 -1  0  0  1  0  0  0  0  0 -1  0  0  0  0  0  0   14   4   4   5   1   4   5   9   2   5   9   5   2   3   4   9   5   1   2   6  0.03 0.01
   59 G    0  0  0  0 -1  1  0  0  0  0  0  0  0  0  1  0  0  0  0  0    8   4   4   4   2   6   5   6   2   5  10   5   2   4   9   7   6   1   4   6  0.04 0.00
   60 F    0  0  0  0  0  0  0  0  0  0  0  0  0  0  0  0  0  0  0  0    7   4   4   5   2   4   6   7   2   5  11   5   2   6   5   7   7   1   4   7  0.01 0.07
   61 T    0  0  0  0  0  0  0  0  0  0  0  0  0  0  0  0  0  0  0  0    8   5   4   5   2   4   6   7   2   5   9   5   2   6   5   7   7   1   3   6  0.01 0.06
   62 E    0  0  0  0  0  0  0  0  0  0  0  0  0  0  1  0  0  0  0  0    9   5   4   5   2   4   6   8   2   5   9   5   2   3   5   8   5   1   3   7  0.02 0.06
   63 Y    0  0  0  0  0  0  0  0  0  0  0  0  0  0  0  0  0  0  0  0   10   5   4   5   2   4   6   7   2   5   8   5   2   4   5   7   7   1   4   6  0.02 0.06
   64 L    0  0  0  0  0  0  0  0  0  0  0  0  0  0  1  0  0  0  0  0    9   5   4   5   2   5   7   8   2   5   9   6   2   4   5   7   6   1   3   6  0.02 0.06
   65 I    0  0  0  0 -1  0  0  0  0  0  0  0  0  0  0  0  0  0  0  0    7   4   5   6   2   5   6   7   2   5  12   5   2   3   5   7   6   1   3   6  0.02 0.06
   66 G    0  0  0  0 -1  0  0  0  0  0  0  0  0  0  0  0  0  2  0  0    8   4   4   5   2   4   5  10   2   5  10   5   2   6   5   6   5   4   3   6  0.02 0.00
   67 N    0  0  2  0 -1  0  0  1  0 -1 -1  0 -1 -1  0  1  0  1 -1 -1    7   4  12   6   1   3   5  10   2   4   6   4   2   3   4  12   6   2   2   5  0.06 0.02
   68 Q    0 -1 -1 -1 -1  0 -1 -1 -1  0  2 -1  1  0  0  0  0 -1 -1  0    7   4   3   4   1   3   4   5   2   6  27   4   3   4   4   8   4   1   2   5  0.05 0.03
   69 A    0 -2  1  1 -2 -1 -1  0 -2 -2 -2 -1 -2 -2 -1  4  3 -2 -2 -2    5   2   6   9   1   2   3   5   1   2   4   2   1   2   3  29  20   0   1   2  0.36 0.20
   70 T    1 -1  0 -1 -2 -1 -1 -1 -1 -1 -1  0 -1 -2  4  1  1 -2 -2 -1   14   3   4   4   1   2   4   3   1   3   6   5   1   1  19  13   9   0   1   5  0.24 0.13
   71 F    0 -1 -1 -1 -2  0 -1  1  0 -1  0 -1  0  2 -1  0  0  2  1  0   10   3   2   2   1   4   4  14   3   3   8   3   2  10   2   5   8   3   4   9  0.06 0.06
   72 W    0 -2 -2 -1 -3  5  2 -2  1 -2 -1 -1  1 -2 -2 -1  0  5 -1 -2    8   2   2   3   1  28  11   4   3   3   5   3   4   1   2   3   5   9   2   3  0.48 0.25
   73 T    3 -2 -1 -2 -2  1  1  0  0  0  0 -1  0 -2 -2  0  1 -3 -2  0   25   1   2   1   0   8   9   6   3   7   9   2   2   1   1   6   8   0   1   6  0.15 0.14
   74 G   -1 -4 -3 -4 -4 -4 -2  7 -4 -4 -4 -4 -4 -3 -4  0 -2 -3 -5 -4    4   1   1   1   0   1   3  73   0   1   2   1   0   1   1   6   3   0   0   1  1.58 0.62
   75 L    0 -3 -3 -4 -3 -3 -4 -3 -4  0  3 -4  3  2 -1 -1 -1  5  0  0   10   1   1   1   0   1   1   1   0   4  33   1   7   9   4   5   3   9   3   6  0.48 0.29
   76 L   -2 -5 -5 -6 -3 -5 -5 -4 -5  5  3 -5  2  0 -5 -4  0 -5 -3  3    4   0   0   0   0   0   0   1   0  27  29   0   4   4   0   1   5   0   0  23  0.87 0.43
   77 A    1 -4 -2 -4 -4 -3 -4  4 -3  0 -1 -4  3  0 -4  0  1 -5 -4  2   13   0   2   0   0   1   0  28   1   6   5   0   7   4   0   6  10   0   0  16  0.45 0.32
   78 S    3 -5 -4 -5 -5 -5 -5  0 -5 -4 -3 -5 -4 -5 -5  6  3 -6 -6 -3   20   0   0   0   0   0   0   7   0   1   2   0   0   0   0  50  18   0   0   1  1.18 0.68
   79 S    3 -5 -4 -5 -1 -4 -4 -1 -5  2 -2 -4  2 -2 -4  3 -1  4  0  1   25   0   0   0   1   0   0   5   0  10   3   0   5   2   0  24   3   5   4  12  0.55 0.40
   80 A    4 -4  0 -4 -4 -4 -4  1 -5 -2 -2 -4 -1 -1 -4  1  3 -3 -3 -1   34   0   5   0   0   0   0  11   0   2   4   0   1   3   1  10  22   0   1   4  0.60 0.42
   81 I   -2 -6 -5 -7 -5 -6 -6 -6 -6 -1  5 -6  2  3 -3 -1 -2 -5  0 -2    3   0   1   0   0   0   0   0   0   2  62   0   4  13   1   5   2   0   3   2  1.17 0.58
   82 W    0 -6 -6 -6 -2 -5 -6 -4 -4  5  2 -5 -1  4 -5 -5 -3  3 -1  3    7   0   0   0   1   0   0   1   0  28  19   0   1  16   0   0   1   3   2  19  0.85 0.44
   83 T    0 -7 -5 -6 -6 -6 -6  7 -6 -7 -7 -6 -4 -3 -6 -2 -3 -7 -7 -3    6   0   0   0   0   0   0  83   0   0   0   0   0   1   0   3   1   0   0   2  2.17 0.90
   84 A    2 -5 -4 -6  0 -1 -5 -3 -5  0  1 -5  7 -3 -5  1  1 -1 -2 -1   15   0   1   0   2   3   0   2   0   5  14   0  31   1   0  10  10   1   1   3  0.83 0.50
   85 I    3 -5 -5 -6 -4 -5 -5 -3 -5  1  1 -5  4  4 -5 -3 -2 -4 -3  2   29   0   0   0   0   0   0   2   0   9  15   0  12  17   0   1   2   0   0  12  0.75 0.45
   86 I    0 -6 -6 -6 -2 -6 -6 -5 -6  5  3 -6 -2  4 -5 -5 -3 -5 -4  3    7   0   0   0   1   0   0   1   0  31  22   0   0  15   1   0   1   0   0  20  1.01 0.50
   87 G   -4 -7 -6 -6 -7 -7 -7  8 -7 -8 -8 -7 -8 -8 -7 -4 -7 -7 -8 -8    1   0   0   0   0   0   0  96   0   0   0   0   0   0   0   1   0   0   0   0  2.85 1.11
   88 Q    6 -6 -4 -6 -1 -4 -5  4 -6 -6 -5 -5 -6 -7 -5  2 -2 -7 -5 -4   54   0   0   0   1   1   0  25   0   0   1   0   0   0   0  14   2   0   0   1  1.36 0.71
   89 L    0 -5 -6 -6 -4 -5 -6 -3 -6  3  4 -5  2  2 -2 -2 -3  5 -2  1    7   0   0   0   0   0   0   2   0  16  37   0   5   9   2   3   2   8   1   8  0.77 0.42
   90 V    0 -5 -5 -6 -1 -5 -6 -1 -5  3  3 -5 -1  3 -5 -2 -1 -2 -3  2    7   0   0   0   1   0   0   6   0  18  29   0   1  14   0   3   4   0   0  15  0.62 0.37
   91 F    3 -5 -5 -6  0 -5 -5  2 -5 -1  0 -5 -2  6 -6  1 -3  0 -3 -2   26   0   0   0   2   0   0  16   0   3   7   0   1  28   0  10   1   1   0   3  0.82 0.49
   92 G   -4 -8 -4 -7 -8 -7 -7  8 -7 -9 -9 -7 -8 -7 -8 -2 -5 -8 -8 -8    1   0   1   0   0   0   0  94   0   0   0   0   0   0   0   3   1   0   0   0  2.74 1.10
   93 Y   -1  1 -2 -4 -5 -3 -4 -4 -2  2 -1 -2  1  1  3 -1  0  6  3  0    6   8   2   0   0   1   0   1   1  11   5   2   4   6  15   5   6  10  10   8  0.41 0.30
   94 I   -1 -6 -7 -7 -4 -6 -7 -7 -7  3  5 -6  1  0  1 -4 -3 -3 -3  1    4   0   0   0   0   0   0   0   0  13  58   0   2   3   6   1   1   0   1   9  1.11 0.57
   95 G    5 -6 -4 -6  0 -5 -5  1 -6 -4 -5 -5 -6 -7 -6  4  1 -7 -6 -3   49   0   0   0   2   0   0   9   0   1   1   0   0   0   0  28   9   0   0   2  1.24 0.70
   96 D   -6 -6 -1  8 -9 -3 -1 -6 -4 -9 -9 -5 -9 -7 -7 -6 -7 -10 -9 -9    0   0   2  91   0   1   3   0   1   0   0   0   0   0   0   0   0   0   0   0  2.92 1.18
   97 R   -3  7 -4 -6 -6 -2 -5 -7  0 -3 -1  4 -2 -3 -6 -3 -3 -1  0 -3    3  55   0   0   0   1   0   0   2   1   6  20   1   1   0   1   1   1   4   2  1.43 0.73
   98 L   -5 -5 -6 -7 -6 -6 -7 -7 -2  5  1 -4  0  5 -7 -6 -5  2  5  1    0   1   0   0   0   0   0   0   1  30  14   1   2  24   0   0   0   2  17   7  1.24 0.59
   99 G   -6 -8 -6 -6 -9 -8 -8  8 -8 -10 -10 -8 -9 -9 -8 -5 -8 -9 -9 -9    0   0   0   0   0   0   0  99   0   0   0   0   0   0   0   0   0   0   0   0  3.07 1.22
  100 R   -7  9 -7 -8 -7 -5 -6 -6 -5 -9 -8 -4 -8 -9 -7 -5 -7 -9 -8 -9    0  98   0   0   0   0   0   1   0   0   0   0   0   0   0   1   0   0   0   0  3.35 1.34
  101 K   -4  5 -4 -6 -7  0 -4 -7 -4 -3 -5  6 -6 -7 -5 -4 -4 -5 -5  2    1  29   0   0   0   3   0   0   0   2   0  45   0   0   0   1   1   0   0  16  1.49 0.76
  102 K   -2  5  0 -3 -6 -2 -3 -4 -1 -3 -3  5 -3 -2  1 -1  0  0 -3 -2    3  29   5   1   0   1   0   1   1   2   3  30   1   2   8   4   5   1   1   3  0.75 0.48
  103 V    1 -6 -5 -6 -3 -5 -5 -2 -6  3  1 -5  4 -3 -5 -1  3 -6 -5  4   11   0   0   0   0   0   0   3   0  13  11   0  11   1   0   5  16   0   0  29  0.72 0.45
  104 Y   -4 -7 -4 -8 -5 -6 -7 -8 -6  3  5 -7  2  4 -7 -6 -5 -5  3  0    1   0   1   0   0   0   0   0   0  13  46   0   5  18   0   0   0   0  11   4  1.22 0.60
  105 G    0 -2 -3 -4 -2  2 -3 -1 -3  3  2 -3  4  0 -5 -1  1 -5 -3  1    7   2   1   0   1  11   1   4   0  16  19   1  10   4   0   4   9   0   0  10  0.34 0.28
  106 V    0 -6 -4 -6 -3 -5 -6 -1 -5  4  2 -6  1  2 -4 -2 -2  6  1  1    8   0   1   0   1   0   0   5   0  23  20   0   3   9   1   3   2  12   4  10  0.70 0.40
  107 E    1 -5  1  2  4 -4 -3 -2 -5  0 -3 -4 -1 -2 -5  2  4 -6 -3 -2   10   0   6  11   8   0   1   3   0   6   2   0   1   2   0  17  29   0   1   2  0.62 0.45
  108 A    1 -6 -6 -6 -2 -5 -6 -1 -6  4  3 -5  2  0 -3 -3 -2 -5 -4  3   10   0   0   0   1   0   0   6   0  19  24   0   5   4   1   2   2   0   0  24  0.67 0.40
  109 S    2 -6 -6 -6 -1 -5 -6 -2 -6  3  4 -5  0  1 -6 -2 -1 -3 -3  3   15   0   0   0   1   0   0   3   0  14  34   0   2   6   0   3   4   0   0  17  0.68 0.41
  110 L   -1 -6 -7 -7  0 -6 -6 -4 -6  4  4 -6  0  2 -6 -4 -1  5 -4  1    6   0   0   0   2   0   0   2   0  19  38   0   2   8   0   1   4   9   0  10  0.91 0.49
  111 L   -5 -8 -8 -4 -7 -8 -7 -7 -4  0 -2 -8  1  8 -8 -6 -2 -1  5 -3    1   0   0   2   0   0   0   0   0   5   3   0   3  61   0   0   3   1  20   2  2.15 0.91
  112 T    2 -5 -4 -5 -1 -5 -5  2 -5  0 -1 -5 -2  0 -5  4  1 -6 -5  0   18   0   0   0   1   0   0  18   0   6   6   0   1   4   0  33   7   0   0   7  0.65 0.47
  113 A    0 -6 -7 -7 -2 -6 -6 -1 -7  4  3 -6 -2  0 -6 -5 -2 -6 -5  4    7   0   0   0   1   0   0   5   0  20  29   0   0   4   0   0   2   0   0  31  0.93 0.50
  114 G    2 -6 -5 -6  2 -6 -6  2 -6 -2 -1 -6 -2  6 -6  1 -2  0 -3 -3   20   0   0   0   4   0   0  18   0   2   5   0   1  33   0  12   2   1   0   1  0.96 0.56
  115 A    2 -6 -2 -5 -1 -5 -5 -1 -6 -4 -4 -5  0 -7 -6  4  5 -7 -6 -5   18   0   2   0   1   0   0   5   0   1   2   0   3   0   0  31  37   0   0   0  1.16 0.70
  116 L    0 -6 -6 -6 -1 -6 -6  2 -6  2  4 -6 -2  3 -5 -5 -3 -5 -3  2    8   0   0   0   1   0   0  15   0   9  35   0   0  14   0   0   1   0   0  16  0.76 0.45
  117 L    3 -6 -6 -7 -2 -6 -6  2 -6  0  4 -6  1 -1 -3 -4 -3 -1 -5 -1   24   0   0   0   1   0   0  15   0   5  43   0   3   2   1   0   1   1   0   4  0.85 0.51
  118 S    1 -5  0 -5  7  2 -5 -2 -5 -1 -2 -5  0 -5 -6  4  2 -7 -6 -4   10   0   4   0  19  10   0   3   0   3   4   0   3   0   0  29  14   0   0   1  0.87 0.56
  119 A    6 -6 -6 -6 -6 -6 -6  3 -6 -3 -4 -6  0  1 -3 -1 -3 -5 -2 -3   56   0   0   0   0   0   0  23   0   1   1   0   2   6   1   4   1   0   2   2  1.23 0.68
  120 L   -2 -7 -8 -8 -4 -6 -8 -6 -5  0  3 -7  1  8 -8 -5 -4  3  1 -1    3   0   0   0   0   0   0   0   0   4  25   0   3  52   0   1   1   3   3   3  1.64 0.74
  121 S    6 -6 -6 -6 -2 -5 -6 -5 -6 -2 -5 -5 -5 -4 -4  3  1 -7 -6  1   55   0   0   0   1   0   0   0   0   2   1   0   0   1   1  20   9   0   0  11  1.27 0.73
  122 P   -3 -1  0 -1 -6  4 -2 -1  2 -3 -5 -2 -3 -4  4  1  3  3 -4 -2    2   3   5   4   0  19   2   4   4   1   1   1   0   1  22   9  15   4   0   3  0.62 0.45
  123 N   -4 -5  6  3 -6 -4 -1  1 -3 -7 -7 -5 -6 -7 -5  4  2 -8 -7 -6    0   0  31  17   0   0   3  10   1   0   0   0   0   0   0  28  10   0   0   0  1.19 0.68
  124 L   -1 -5 -6 -5 -6 -5 -4 -4 -4  1  1 -5  1  4  4 -4 -3  4  4  1    6   0   0   0   0   0   1   1   0   9  12   0   3  19  18   1   1   5  13   9  0.75 0.45
  125 P    0 -3 -1 -1 -4  0  2  0  1  0 -1 -3 -1 -2  1 -1  1  5  1  0    8   0   3   3   0   3  16   7   3   5   6   0   1   1   7   4  11  10   5   5  0.25 0.25
  126 L   -1 -4 -4 -1 -5  4  2 -4 -1  0 -1 -4  3  0 -4  1  1  5 -3  0    6   0   0   4   0  21  11   1   1   6   5   0   7   3   1  10   9   9   0   6  0.47 0.39
  127 L   -5 -8 -8 -9 -7 -8 -8 -9 -7 -1  6 -8  2  6 -8 -7 -7 -6 -3 -3    1   0   0   0   0   0   0   0   0   2  61   0   4  30   0   0   0   0   1   2  1.88 0.85
  128 I    1 -5 -4 -5  0 -5 -5  0 -5  3  3 -4  2  2 -5 -1 -1 -3 -2  1   11   0   0   0   2   0   0   7   0  14  31   0   4  10   0   4   4   0   1  10  0.51 0.34
  129 L    2 -6 -6 -7 -3 -6 -6 -3 -6  4  2 -6 -1  2 -6 -5 -1 -2 -4  4   15   0   0   0   0   0   0   2   0  26  16   0   1   8   0   0   4   0   0  27  0.89 0.49
  130 F    1 -6 -6 -7  3 -5 -6 -2 -5 -1  3 -6  1  5 -6 -1 -2  3  1 -1   11   0   0   0   5   0   0   4   0   3  32   0   4  22   0   4   3   4   5   3  0.74 0.44
  131 R   -8  9 -6 -8 -10 -4 -4 -9 -6 -9 -8 -1 -8 -9 -8 -6 -7 -9 -5 -9    0  95   0   0   0   0   1   0   0   0   0   2   0   0   0   0   0   0   1   0  3.22 1.33
  132 S    0 -7 -7 -8 -3 -7 -7 -5 -6  1  1 -7 -1  8 -8 -4  1 -3 -3  1    7   0   0   0   1   0   0   1   0   6  13   0   1  55   0   1   7   0   0   8  1.55 0.74
  133 I   -3 -7 -8 -8 -2 -7 -6 -6 -7  5  5 -7  2  1 -7 -6 -5 -2 -5  1    2   0   0   0   1   0   0   1   0  28  48   0   4   6   0   0   0   1   0   9  1.31 0.63
  134 M    3 -5 -5 -5 -4  2 -4  1 -5  1  1 -4  2 -5 -5 -2  3 -6 -5  1   21   0   0   0   0   9   0  10   0   9  12   0   6   0   0   3  19   0   0   9  0.51 0.40
  135 G   -3 -8 -6 -7 -9 -8 -8  8 -8 -10 -10 -8 -9 -9 -8 -4 -7 -9 -9 -9    2   0   0   0   0   0   0  97   0   0   0   0   0   0   0   1   0   0   0   0  2.95 1.21
  136 L   -3 -7 -8 -8 -3 -7 -7 -7 -7  4  4 -7  2  3 -7 -6 -5 -6 -5  2    2   0   0   0   1   0   0   0   0  25  44   0   5  11   0   0   0   0   0  12  1.25 0.61
  137 G    2 -7 -6 -7 -6 -7 -7  7 -8 -8 -7 -7 -5 -5 -7 -5 -5 -8 -8 -4   18   0   0   0   0   0   0  78   0   0   0   0   0   1   0   0   1   0   0   2  2.23 0.99
  138 I   -5 -7 -6 -8 -1 -7 -7 -7 -7  4  4 -7  2  3 -7 -6 -4 -6 -1  3    0   0   0   0   1   0   0   0   0  24  36   0   4  11   0   0   1   0   2  20  1.16 0.57
  139 G   -4 -8 -6 -7 -9 -8 -8  8 -8 -6 -10 -8 -9 -6 -8 -6 -8 -9 -9 -9    1   0   0   0   0   0   0  98   0   1   0   0   0   0   0   0   0   0   0   0  3.02 1.24
  140 G    4 -7 -6 -6 -1 -6 -6  6 -7 -1 -4 -6  0 -5 -4 -3 -4 -7 -7 -2   32   0   0   0   1   0   0  52   0   4   2   0   3   0   1   2   1   0   0   3  1.42 0.73
  141 D    2 -5 -4  3  0 -1  5 -4 -3 -3 -1 -4 -2 -6 -5  1 -1 -7 -5  0   16   0   0  16   2   2  34   1   0   1   6   0   1   0   0  10   4   0   0   7  0.71 0.50
  142 Y   -3 -6 -6 -7 -5 -5 -6 -6 -5  1  2 -6  6  2 -6  2 -2  7  5 -1    2   0   0   0   0   0   0   0   0   6  16   0  17   6   0  13   3  14  18   4  1.09 0.61
  143 P    2 -7 -5 -6 -6 -5 -6 -1 -7 -1 -5 -6  0 -6  7 -1  0 -8 -6  2   16   0   1   0   0   0   0   5   0   3   0   0   2   0  48   5   5   0   0  13  1.35 0.73
  144 I    1 -6  3 -5 -2 -5 -6 -6 -6  3  0 -5 -1 -5 -5 -2  1 -7 -5  4   12   0  15   0   1   0   0   0   0  18   9   0   1   0   0   3   8   0   0  32  0.83 0.50
  145 S    4 -6 -5 -2  0 -5 -5  4 -6 -1 -4 -5 -4 -5 -5  1 -1 -7 -6  2   35   0   0   3   2   0   0  27   0   4   1   0   0   0   0  10   4   0   0  14  0.84 0.53
  146 A    2 -5 -1 -3 -5 -2 -4 -2  0  0 -2 -3  2 -3  4  1  1  1  1  1   19   0   3   1   0   1   0   2   2   6   2   1   6   1  19  12   9   2   5   9  0.43 0.36
  147 T    4 -6 -5 -5 -4 -5 -5 -4 -6  0 -1 -5  2 -6 -1  1  4 -7 -6  2   29   0   0   0   0   0   0   1   0   5   6   0   4   0   3  12  27   0   0  13  0.79 0.54
  148 I   -5 -7 -8 -8 -6 -3 -7 -8 -4  1  5 -7  4 -2 -8 -5 -5 -5  6 -3    1   0   0   0   0   1   0   0   0   7  53   0   9   1   0   1   1   0  25   1  1.57 0.77
  149 M   -2 -6 -6 -7 -4 -3 -6 -7 -7  4  2 -6  6 -1 -7 -4  0 -4 -5  4    4   0   0   0   0   1   0   0   0  25  20   0  18   2   0   1   5   0   0  23  1.10 0.57
  150 S    5 -6  0 -4 -4 -5 -5  0 -6 -4 -6 -5 -6 -7 -6  5  1 -7 -6 -3   38   0   5   1   0   0   0   7   0   1   0   0   0   0   0  36   9   0   0   2  1.15 0.69
  151 E   -7 -6 -7 -2 -10 -4  8 -9 -6 -10 -9 -5 -8 -10 -7 -6 -7 -9 -8 -9    0   0   0   2   0   0  98   0   0   0   0   0   0   0   0   0   0   0   0   0  3.14 1.37
  152 Y   -2 -5 -3 -7 -4 -6 -6 -7 -3  2 -1 -6  2  6 -7 -1  0  0  6  0    4   0   2   0   0   0   0   0   1  12   5   0   5  29   0   5   7   1  23   5  1.06 0.57
  153 S    4 -4 -5 -6  1 -5 -5 -5 -6  2 -1 -5  0 -2 -5  3  0  4 -3  1   30   1   0   0   3   0   0   0   0  10   5   0   2   2   0  23   6   6   1  11  0.72 0.50
  154 N   -3  1 -1 -4 -8 -4 -4 -4 -3 -8 -7 -4 -8 -9  8 -1 -3 -9 -8 -8    3   8   3   1   0   1   1   1   1   0   0   1   0   0  74   4   2   0   0   0  2.30 1.07
  155 V    4  2 -3 -2 -5 -1  0 -2 -3 -3 -5  2 -4 -5  2  1  1 -6 -5 -2   31  10   1   2   0   2   6   2   0   2   0  12   0   0  11   8  10   0   0   2  0.54 0.41
  156 K    1  5  0 -1 -6  0  1 -2  2 -6 -5  4 -5 -5 -4  0 -2 -4 -4 -4   10  26   4   3   0   4   9   2   5   0   1  26   0   0   0   6   2   0   0   1  0.76 0.48
  157 D   -3  2  1 -1 -3  1 -1 -3  5  0  0  1  0 -2 -5  0 -2  2  2  0    1  13   6   3   0   5   2   1  13   6   8  10   2   1   0   7   2   3   8   8  0.29 0.26
  158 R   -7  9 -7 -6 -10 -4 -6 -6 -7 -9 -9 -3 -6 -9 -8 -6 -7 -9 -8 -9    0  97   0   0   0   1   0   1   0   0   0   1   0   0   0   0   0   0   0   0  3.31 1.36
  159 G    1 -7 -2 -6 -7 -6 -7  7 -4 -7 -8 -6 -4 -8 -6  2 -2 -8 -8 -5   11   0   2   0   0   0   0  71   0   0   0   0   1   0   0  12   3   0   0   1  1.85 0.87
  160 K   -1  6 -4 -5 -6 -1 -4 -4 -4 -3 -1  4  0  1 -2 -1  1 -6 -3 -3    5  37   0   0   0   2   0   1   0   2   5  22   2   7   2   4   8   0   1   2  0.84 0.52
  161 L    2 -2 -2 -6 -3 -4 -5 -3 -4  0  3 -4  3  2 -5 -3 -1  3  1  1   17   3   3   0   0   0   0   2   0   5  31   0   8   9   0   2   3   5   5   8  0.54 0.37
  162 V   -2 -6 -4 -4 -2 -3 -6 -3 -6  2  2 -5  3 -2 -6  0  0 -6 -3  5    3   0   1   1   1   1   0   2   0  11  21   0   8   1   0   7   7   0   1  37  0.76 0.46
  163 A    3 -5 -1 -5 -4 -4 -5  4 -6 -3 -3 -5 -1 -5 -5  2  2 -6 -5  2   22   0   3   0   0   0   0  27   0   1   2   0   1   0   0  15  14   0   0  14  0.72 0.49
  164 L    1 -4 -5 -6 -2 -4 -5 -3 -4  2  3 -4  3  2 -5 -1  1  2  1  0   10   1   0   0   1   0   0   2   0  11  33   0   6   8   0   5   8   2   5   6  0.51 0.34
  165 V   -2 -5  1 -5 -3 -4 -6 -5 -4  1  3 -5  6  2 -6 -2 -1 -2  1  3    3   0   8   0   0   0   0   1   0   6  23   0  18   7   0   2   3   0   6  21  0.71 0.44
  166 F    0 -4 -2 -2 -5  6  2 -3 -3 -2 -3 -4  1  4 -5  0 -1 -2  0 -3    7   0   2   2   0  32  15   2   0   2   3   0   3  17   0   6   3   0   3   2  0.75 0.51
  167 S    1 -5 -4 -5  5 -4 -4 -1 -5  0  1 -4  0  2 -4  4  0 -5 -4  0   11   0   0   0  10   0   0   5   0   4  15   0   2   9   1  31   6   0   0   6  0.57 0.41
  168 N    0 -5  1 -5 -3 -4 -5  4 -5 -1 -2 -5  4  4 -5  0 -3  0 -2 -1    9   0   6   0   1   0   0  32   0   4   3   0  12  16   0   8   1   1   1   4  0.71 0.44
  169 Q   -3 -7 -5 -7 -6 -2 -7 -4 -4  3 -3 -7 -2  4 -7 -6 -5 11  4 -1    2   0   1   0   0   2   0   1   0  13   2   0   1  14   0   0   1  44  13   5  2.18 0.90
  170 A    3 -4  1 -4 -3  0 -4 -1 -1 -3 -4 -4 -1  0  1  1  2  1  1  1   28   0   6   0   0   4   0   5   1   0   0   0   1   4   7  10  13   2   5  12  0.40 0.35
  171 L   -1 -6 -6 -6 -1 -6 -6 -3 -6  4  3 -6  0  3 -6 -3 -2  0 -2  4    6   0   0   0   1   0   0   2   0  19  25   0   1  10   0   2   2   1   1  29  0.79 0.44
  172 G   -3 -8 -6 -7 -8 -7 -8  8 -7 -5 -9 -7 -8 -8 -8 -4 -7 -8 -8 -8    2   0   0   0   0   0   0  95   0   1   0   0   0   0   0   1   0   0   0   0  2.80 1.15
  173 S    2 -5 -4 -6 -5 -2 -5  0 -5  3 -3 -5  0  1 -2  0 -1  8  2  0   16   0   0   0   0   2   0   8   0  17   2   0   2   6   2   9   4  21   7   5  0.84 0.48
  174 I    1 -5 -3 -5 -2 -3 -5  1 -5  3  3 -4  3 -1 -2 -2 -1 -5 -4  2   14   0   1   0   1   1   0   9   0  15  28   0   6   2   2   2   4   0   0  13  0.48 0.32
  175 A    2 -5 -5 -5  1 -4 -5 -1 -5  2  3 -5  1  0 -5 -1 -1 -5 -4  2   20   0   0   0   3   0   0   5   0  13  30   0   4   4   0   4   3   0   0  15  0.54 0.34
  176 A    6 -5 -5 -5 -3 -4 -5  2 -6 -2 -4 -5 -2 -3 -4  2 -2 -6 -6 -2   56   0   0   0   0   0   0  14   0   3   1   0   1   1   1  16   2   0   0   3  1.16 0.65
  177 L    4 -5 -2 -4 -4 -3 -4  2 -4 -2 -2 -4 -4  1 -2  0 -1 -3  4  1   34   0   2   1   0   1   0  13   0   2   4   0   0   5   2   6   3   0  16   8  0.61 0.42
  178 I    0 -5 -5 -5 -1 -5 -5 -1 -5  3  4 -5  0  2 -4 -4 -2 -3 -3  2    7   0   0   0   1   0   1   5   0  15  43   0   1   9   1   1   2   0   0  12  0.72 0.38
  179 V    0 -4 -3 -4 -2 -4 -4 -3 -4  3  2 -4 -1 -1 -4  1  0 -4 -3  4    8   1   1   1   1   1   1   2   0  17  19   1   1   2   1  10   5   0   0  30  0.55 0.31
  180 G    1 -2  3 -1 -2 -1 -2  3 -2 -3 -3 -2 -2 -1 -2  1  0 -2  2 -2   12   1  15   3   1   2   2  26   1   1   2   1   1   3   2   8   7   0   7   2  0.37 0.23
  181 V    1 -2 -2 -3 -3 -2 -2 -1 -1  1  0 -2  0  2 -1 -2  1  3  5 -1   13   1   1   1   0   2   2   6   1  10   8   1   3   6   3   3   9   4  20   4  0.32 0.20
  182 V    1 -3 -3 -3 -1 -2 -3 -2 -2  1  3 -3  0  3 -2 -2 -1  0 -1  2   10   2   1   1   1   1   1   2   1   9  29   1   2  15   2   2   3   1   2  13  0.36 0.20
  183 A    1 -3 -3 -3 -1 -3 -3 -2 -3  1  3 -3  1  1 -2 -1 -1 -2 -2  2   11   1   1   1   1   1   2   3   1   9  35   1   3   6   1   4   3   0   1  14  0.36 0.20
  184 A    3 -1 -2 -2 -1 -2 -3  1 -2 -1  0 -2 -2  3 -3  2 -1 -2  1  0   26   3   1   1   1   1   1   9   1   4   9   2   0  11   1  14   4   1   4   6  0.26 0.21
  185 L    1 -1  0 -1 -3 -1 -2 -1 -1 -1  0 -1  0  0  1  2  0  1  1 -1   14   2   4   4   0   3   2   5   2   3  11   4   3   3   7  17   4   2   6   4  0.11 0.13
  186 T    1 -2 -1 -3 -3  0 -2 -1 -1 -1  1 -2  1  2 -2 -1  0  6  1  0   11   2   3   1   0   4   2   4   2   3  18   2   3  10   1   3   7  10   5   8  0.24 0.18
  187 L   -2 -4 -2 -2 -3 -3 -3  0 -1  2  3 -3  3  2 -2 -2 -1 -1 -1  1    3   1   2   2   0   1   2   9   2  13  32   1   7   8   2   2   3   1   1   9  0.36 0.23
  188 P    0 -3 -2  0 -4 -2 -2  0 -2  4  1 -3  0 -1  4 -1 -1 -3 -1  0    6   1   1   5   0   1   2   8   1  24  13   1   2   2  18   4   3   0   2   6  0.38 0.26
  189 P    0 -4 -2  0 -5 -1  1  2 -1 -3 -3 -3 -3 -5  6 -1 -2 -4 -4 -1    8   1   2   6   0   3   8  16   2   1   2   1   1   0  36   5   3   0   1   5  0.74 0.43
  190 D    1  0  0  3 -4  0  2 -1  3 -1 -2 -1 -1 -3 -1  1  0 -1 -1 -1   10   5   4  17   0   4  12   4   8   3   3   3   1   1   3   9   5   1   3   4  0.21 0.18
  191 I   -1 -3  0  1 -4 -1  0 -1  2  1  0 -3  0  4 -3 -2 -1  3  4 -1    4   1   5   8   0   3   5   5   5   8  10   1   2  16   1   2   3   5  13   3  0.28 0.21
  192 A    3 -5 -2 -1 -4 -4 -4  6 -5 -4 -5 -5 -6 -3 -4  0 -3 -2 -6 -3   23   0   2   3   0   1   1  53   0   1   1   0   0   1   1   7   2   1   0   2  1.21 0.63
  193 W   -9 -10 -11 -11 -10 -9 -10 -10 -4 -10 -9 -10 -9 -4 -11 -10 -10 13 -4 -8    0   0   0   0   0   0   0   0   1   0   0   0   0   1   0   0   0  98   0   0  5.47 1.92
  194 R   -7  8 -4 -6 -9  2 -2 -7  2 -9 -7 -1 -7 -8 -5 -4 -5 -8 -6 -8    0  79   0   0   0   9   2   0   5   0   0   2   0   0   1   1   0   0   0   0  2.48 1.10
  195 V    1 -6 -6 -7 -5 -6 -6  0 -6  1 -1 -6  0 -1 -2  2 -2  9  2  2   10   0   0   0   0   0   0   7   0   7   6   0   3   2   2  13   2  28   5  14  1.10 0.60
  196 M    1 -6 -5 -6 -1 -4 -7 -6 -7  1  2 -4  8 -4 -5 -4 -2 -7 -4  3   10   0   0   0   1   0   0   1   0   8  18   1  37   0   1   1   2   0   0  19  1.30 0.68
  197 A   -5 -8 -8 -9 -7 -8 -8 -7 -7 -2  4 -8  0  7 -8 -7 -6 -5  1 -2    1   0   0   0   0   0   0   0   0   1  39   0   2  49   0   0   0   0   4   3  1.93 0.86
  198 G    2 -6 -5 -6 -4 -5 -6  3 -5  1  2 -5  1  2 -6 -3 -4  5  0  1   16   0   0   0   0   0   0  23   0   8  20   0   3   8   0   1   0   8   3   9  0.65 0.42
  199 F    0 -6 -6 -6 -2 -5 -6 -3 -6  4  2 -5  0  1 -6  1  0 -3 -4  3    7   0   0   0   1   0   0   3   0  21  22   0   1   6   0   9   5   0   0  24  0.67 0.41
  200 G    3 -6 -5 -6 -5 -2 -2  6 -6 -4 -4 -5 -1 -4 -3  0  0 -7 -7 -3   20   0   0   0   0   2   4  54   0   1   1   0   2   1   2   7   5   0   0   2  1.18 0.64
  201 A    5 -6 -5 -6 -2 -5 -6  3 -6  1  0 -5 -1 -3 -6 -1 -1 -6 -6  1   42   0   0   0   1   0   0  21   0   8   8   0   2   1   0   4   3   0   0  11  0.84 0.52
  202 I   -1 -7 -7 -7 -3 -6 -7 -6 -7  5  4 -7 -2  0 -6 -4 -4 -6 -5  4    6   0   0   0   0   0   0   1   0  28  32   0   1   4   0   1   0   0   0  27  1.16 0.58
  203 P   -3 -8 -8 -7 -8 -7 -7 -2 -8  0 -3 -7 -4 -2  8 -5 -4 -9 -7 -4    3   0   0   0   0   0   0   4   0   5   3   0   0   2  79   1   1   0   0   1  2.50 1.13
  204 A    5 -6 -6 -6  0 -5 -6  0 -6 -1  2 -5 -2 -3 -1  1 -3 -7 -4 -1   53   0   0   0   2   0   0   6   0   3  18   0   1   1   3   8   1   0   0   5  0.98 0.60
  205 A    0 -7 -7 -8 -4 -6 -7 -5 -7  3  5 -7  0  2 -6 -5 -4 -6 -5  3    9   0   0   0   0   0   0   1   0  15  50   0   1   7   0   0   0   0   0  16  1.12 0.58
  206 T   -1 -6 -7 -7 -3 -6 -6 -6 -6  4  4 -6  1  1 -4 -3 -3 -1  3  2    6   0   0   0   1   0   0   0   0  21  38   0   3   6   1   2   1   1  10  11  0.85 0.47
  207 V    2 -6 -5 -6 -3 -5 -6 -2 -6  3  3 -5 -1  2 -6 -2 -1 -3  0  3   16   0   0   0   0   0   0   3   0  14  25   0   1   8   0   2   4   0   3  22  0.63 0.39
  208 I   -2 -6 -7 -7 -4 -6 -6 -5 -6  2  3 -6  0  4  3 -4 -2  5 -2  2    4   0   0   0   0   0   0   1   0  11  29   0   2  16  14   1   2   8   1  11  0.83 0.48
  209 Y   -1 -6 -7 -7 -4 -5 -6 -4 -5  2  2 -6 -2  3  0 -5 -5  5  4  3    5   0   0   0   0   0   0   2   0  12  22   0   0  13   5   0   0   8  14  17  0.83 0.47
  210 L   -1 -6 -6 -7 -3 -5 -6  1 -6  3  4 -6  4  1 -6 -3 -3  0 -4  2    5   0   0   0   0   0   0  11   0  15  36   0   8   6   0   1   1   1   0  14  0.76 0.44
  211 R   -2  7 -6 -7 -4 -3 -5 -5 -3  0  1 -3  2 -3 -6 -3 -5  3 -2  1    4  52   0   0   0   1   0   1   1   5  14   0   5   1   0   1   0   3   2   8  1.24 0.67
  212 R   -1  5 -3 -6 -6 -3 -4 -5 -2  1  1  1  0  3 -5 -3 -3  4 -1 -1    6  30   1   0   0   0   0   0   1   7  13   9   3  14   0   2   1   6   2   4  0.66 0.43
  213 K   -1  1  0 -2 -3 -1 -3  1  2 -2  0  1 -2  3 -3  0 -1  2  2 -2    6   8   6   1   0   2   1  14   5   1   9  11   1  12   1   7   3   3   7   2  0.19 0.20
  214 V   -4 -6 -7 -7 -4 -6 -7 -7 -7  3  5 -6  4 -1 -6 -5  0 -6 -3  3    1   0   0   0   0   0   0   0   0  17  44   0   9   2   0   1   6   0   1  19  1.14 0.58
  215 P   -5 -4 -6 -4 -8 -3 -1 -5  1 -3 -7  0 -5 -8  8 -3 -3 -9 -5 -6    1   1   0   1   0   1   4   1   3   2   1   6   0   0  75   2   1   0   0   1  2.32 1.07
  216 E   -6 -3 -4  2 -9 -2  8 -8 -5 -9 -8 -3 -6 -7 -6 -6 -7 -9 -8 -8    0   2   1   9   0   1  85   0   0   0   0   1   0   0   0   0   0   0   0   0  2.50 1.15
  217 T   -2 -6 -5 -6 -6 -6 -5 -6 -6 -7 -7 -6 -7 -8  3  7  0 -8 -7 -7    3   0   0   0   0   0   0   0   0   0   0   0   0   0  14  76   6   0   0   0  2.04 1.04
  218 P    0 -5 -6 -3 -5 -3  0 -6 -5 -1 -1 -4  0 -5  7 -4 -4 -7 -3  1    8   1   0   2   0   1   6   0   0   3   6   1   2   0  57   1   1   0   1  10  1.48 0.74
  219 R   -2  7 -4 -3 -6  0 -2 -2 -1 -1 -2  0  0 -4 -2 -2 -2 -6 -2 -1    4  55   1   1   0   3   2   3   1   4   5   4   2   1   2   3   2   0   1   5  1.07 0.58
  220 Y   -5 -6 -6 -7 -6 -6 -6 -6 -4 -5 -5 -6 -5  6 -6 -6 -6 11  5 -6    1   0   0   0   0   0   1   1   0   1   1   0   0  27   1   1   0  47  17   1  2.88 1.09
  221 S    0  0 -1 -1 -1  0  0 -1  0  0  2  0  1  0 -1 -1  0 -1  0  0    6   4   3   3   1   5   5   4   2   5  25   4   5   2   3   5   5   1   4   8  0.06 0.04
  222 L   -1 -2 -4 -4 -3 -1 -3 -4 -3  0  5 -2  0 -1 -4 -3 -3 -3 -3  1    5   3   1   1   1   3   2   1   1   4  55   3   2   2   1   2   2   0   1  10  0.74 0.39
  223 I    1 -1 -1 -2 -3 -1  1 -2 -1  2  1 -1  2 -2 -3 -1 -1 -1 -2  2   16   4   2   2   0   2   9   2   2  10  17   3   5   1   1   4   4   1   1  15  0.15 0.15
  224 A    1  3  0 -2 -3  1 -1 -1  1 -2 -3  3 -2 -4 -3  2  0 -4 -3 -2   10  19   5   1   0   6   3   4   3   2   3  16   1   1   1  17   4   0   1   3  0.35 0.25
  225 K   -1  3  1 -2 -4  2 -1  0  2 -2 -3  4 -2 -3 -3 -1 -1 -4 -3 -2    5  16   6   2   0  10   3   8   4   2   2  29   1   1   1   4   3   0   1   3  0.50 0.31
  226 G    0  1  1 -2 -4  0 -2  5 -1 -4 -4  0 -3 -3 -2 -1 -3 -3 -3 -4    6   7   6   2   0   4   3  49   2   1   2   6   1   1   2   3   2   0   1   1  0.79 0.40
  227 D   -2  6 -1  1 -4  0  0 -3  0 -4 -3  2 -1 -3  0 -2 -2 -4 -2 -3    4  38   2   9   0   5   5   2   2   1   3  12   1   1   6   3   2   0   1   2  0.66 0.37
  228 V    0  0 -1  0 -2  0  1 -2  1  0  0  0 -1 -1  0  0  1 -2  0  1   10   6   2   6   0   5   9   2   4   8   7   7   1   3   3   5   9   0   3  11  0.05 0.06
  229 E    2 -1 -1  3 -4  1  4 -2 -2 -3 -3  1 -3 -4 -2 -1 -1 -3 -3 -3   18   2   2  16   0   5  27   3   1   1   2   8   1   1   2   4   3   0   1   2  0.49 0.32
  230 E    1  1 -1  0 -4  2  5 -2 -1 -4 -2  2 -3 -4 -3 -2 -2 -4 -4 -2   12   7   2   5   0   8  39   3   1   1   4  10   1   1   1   2   2   0   0   2  0.65 0.39
  231 A    6 -2 -3 -4 -1 -3 -2 -2 -4  1 -1 -2 -2 -4 -3 -2 -2 -4 -3 -1   58   2   1   1   1   1   3   2   0   9   7   2   1   1   1   2   2   0   1   5  0.89 0.48
  232 K    1  4 -1  0 -3  1  2 -2  1 -2 -1  2 -2 -2 -2 -1 -2 -3 -2 -2   10  24   3   5   0   5  15   3   4   3   5  10   1   2   1   3   2   0   1   2  0.35 0.24
  233 K    2  2 -1  0 -3  1  1 -2  0 -1 -2  3 -2 -3 -2  0 -1 -4 -2 -1   21  13   2   4   0   6   9   2   2   3   4  18   0   1   1   5   3   0   1   3  0.28 0.22
  234 A    0 -3 -2 -3 -2 -2 -3 -3 -2  4  1 -2  0 -2 -3 -2  0 -1 -3  4    8   1   2   1   1   2   2   2   1  24  10   2   2   1   1   3   6   1   0  30  0.51 0.29
  235 A    0 -1 -3 -3 -1 -2 -2 -3 -2  2  3 -2  2 -1 -3 -1 -2 -2 -2  2    9   3   1   1   1   1   3   2   1  10  33   2   4   2   1   4   2   0   1  16  0.33 0.21
  236 Q    1  3  1  0 -2  2  1 -1  0 -2 -2  2 -2 -3 -2  0  0 -3 -2 -2   11  16   6   4   1  10   8   4   2   2   4  13   1   1   1   7   5   0   1   2  0.23 0.17
  237 F    0  4 -1 -1 -3  1  0 -2  1 -1 -1  3  0 -1 -2 -1 -1 -2 -1 -2    6  24   3   2   0   7   7   3   3   3   7  17   2   3   2   4   3   1   2   3  0.31 0.21
  238 V   -1 -2 -3 -3 -2 -2 -2 -3 -1  4  2 -3  3  1 -3 -2  0 -2  1  2    5   2   1   2   1   1   3   2   1  22  19   1   7   7   1   2   6   0   5  12  0.33 0.20
  239 G    1  0  0  1 -1 -1  2  2 -1 -2 -2 -2 -2  0 -1  0 -1 -2  0 -2   11   6   5   6   1   2  17  19   1   2   4   1   1   4   2   6   4   0   3   3  0.18 0.15
  240 A    1  0 -1 -1 -3 -1  0  2 -2 -1 -2  0 -1 -2  4  0 -1 -3 -3 -1   11   6   3   3   0   3   6  14   1   5   5   5   1   2  21   7   4   0   1   4  0.27 0.18
  241 N    0  1  1  2 -3  1  2  0  1 -2 -2  1 -2 -3  1  0  0 -3 -2 -2    7   7   7  10   0   6  14   6   4   2   3   7   1   1   7   7   6   0   1   3  0.18 0.14
  242 L    1  0  0 -1 -1  0  0 -1  0  0  0 -1  0  0  0  0  0  0  1  1   17   4   4   4   1   4   5   4   2   6  11   3   1   3   4   5   4   1   5  10  0.03 0.05
  243 Q    0  0  0  1 -2  1  2  1  0 -2 -1  0 -1 -1  0  0  0 -1 -1  0    8   5   3   9   1   7  14   9   2   2   5   4   1   3   5   6   5   1   3   7  0.09 0.09
  244 V    1 -1 -1 -1 -2  0  0 -1  0  1  1 -1  0 -1  0  0  0 -2 -1  1   12   4   2   4   1   4   5   4   2  11  14   3   2   2   5   6   5   0   1  13  0.05 0.06
  245 K    1  0  0  1 -3  1  1  0  0 -1 -1  0 -2 -1  2  0  0 -2 -2 -1   11   6   3   9   0   6  11   5   2   3   5   6   1   3   9   7   6   1   1   5  0.11 0.09
  246 D    1 -1  0  3 -3  1  2  0 -1 -2 -2  0 -2 -2  1 -1  0 -2 -2 -1   11   2   4  15   0   5  16   7   1   2   4   6   1   1   8   4   6   1   1   5  0.19 0.16
  247 S    0  0  0  1 -2  1  2 -1  0  0 -1  0 -1 -2  0  1  0 -2 -2  0    9   4   4   8   1   5  16   5   2   6   6   4   1   1   5   9   6   0   1   6  0.09 0.09
  248 L    0  0 -1  0 -2  0  1 -2 -1  1  1 -1  0  0  0 -1  0 -2 -1  1   10   5   2   4   0   4   9   2   2  12  17   3   2   5   4   4   4   1   1  11  0.06 0.08
  249 K    1  1 -1  0 -3  1  2 -2  0 -2 -1  1 -2 -1  2  0  0 -3 -2 -1   11   8   3   5   0   6  14   3   2   2   5   9   1   3  10   5   6   0   1   6  0.15 0.14
  250 A    1 -1 -1  0 -2  1  2 -1 -1 -1  0  0 -1 -1  1  0  0 -3 -2  0   15   3   3   5   0   6  14   4   1   3   9   5   1   2   8   6   6   0   1   7  0.11 0.11
  251 P    1  0 -2 -1 -2  1  1 -2 -1  0 -1  1  0 -2  4 -1  0 -3 -3  0   11   4   1   3   1   5  10   3   2   7   6   8   2   1  18   4   6   0   1   7  0.21 0.17
  252 N    0  0  0  0 -3  1  1  0  0 -1 -1  2 -1 -2  2  0  0 -2 -2  0    8   5   5   3   0   6   9   6   3   3   5  13   1   2   9   7   6   0   1   7  0.10 0.10
  253 S    1  0  0 -1 -2  1  0  0  0 -2 -3  1 -2 -2  1  2  1 -2 -2 -1   15   5   5   3   0   6   7   7   2   2   2   8   1   2   7  14   8   0   1   5  0.15 0.15
  254 S    1  0  0  0 -3  1  1  0 -1 -1 -2  0 -1 -1  1  1  0 -2 -2  0   13   6   3   4   0   7  10   9   1   4   3   6   1   2   5  11   6   1   1   6  0.09 0.10
  255 T    0  1  0  0 -2  0  0  0 -1 -1 -1  2 -1 -1  0  1  1 -1 -2 -1    9  10   3   4   0   4   5   9   2   4   6  13   1   3   4   9   8   1   1   5  0.08 0.09
  256 K    1  1  0 -1 -2  1  0  1 -1 -2 -2  2 -1 -1  0  1  0 -1 -2 -1   12   8   3   2   1   7   7  11   1   2   2  13   2   3   5  10   7   1   1   4  0.14 0.14
  257 L    0  0  0 -1 -2  0  0  1  0  0 -1  0 -1 -2  2  1  1 -1 -2  0    9   5   3   3   1   4   4  10   2   5   7   6   1   2  10  12   7   1   1   8  0.08 0.08
  258 N    0 -1 -1 -1 -3 -1 -1  0 -1  0  0 -1  0  2  1  0 -1  2  0  0    7   4   3   2   0   2   5   7   2   7  10   4   2  13   7   8   3   3   2   9  0.06 0.08
  259 I    1  1 -2 -1 -3  0  0  0 -1  0  1  0  0  0 -2  1  0  1 -2  0   12  10   1   2   0   4   4   6   1   6  13   7   2   4   1  10   6   2   0   8  0.06 0.09
  260 M    1  0 -1  0 -2  1  1  0  0 -1  0  0  0 -2 -1  1  0 -2 -2  0   11   6   2   6   0   6   9   7   2   3  12   6   3   2   3  11   5   0   1   5  0.05 0.07
  261 T   -1 -1 -3 -2 -4 -1 -1 -3 -3  2  4 -1 -1 -1 -2 -1 -1 -3 -3  1    4   4   1   2   0   2   3   2   1  13  39   3   1   2   2   6   3   0   0  10  0.37 0.26
  262 F   -2 -2 -3 -3 -5 -3 -3 -4 -2 -1  1 -3 -2  7 -5 -2 -2  6 -1 -1    3   2   1   2   0   1   2   2   1   3  12   2   1  47   1   3   2  10   1   4  1.18 0.56
  263 L    0  2 -1 -1 -2  0 -1 -1  0 -2 -1  1 -1 -1 -2  3  1  1 -3 -2    7  10   2   3   1   5   3   5   2   2   6  10   1   2   2  27   8   2   0   2  0.24 0.24
  264 R    0  3 -2 -1 -5  0  0  0  0 -3 -2  3 -3 -3  3  0 -2  1 -2 -2    7  18   2   3   0   3   5   8   2   1   3  16   0   1  15   6   2   2   1   3  0.35 0.26
  265 N    0  2  0  0 -4  1  0  2  0 -2 -2  2 -1 -2  1  0 -1 -3 -2 -2    6  13   4   5   0   6   6  14   3   2   4  14   1   2   8   5   3   0   1   2  0.20 0.18
  266 Y   -1  2 -2 -4 -5 -1 -4 -4  2 -2  1 -2  0  2 -3 -2  0  3  6 -1    5  12   2   1   0   2   0   1   5   2  11   3   3   8   1   2   5   3  30   4  0.66 0.41
  267 S    1  3 -2 -3 -4 -3 -3  0 -3 -1  2 -1 -1  0 -2  0 -1  3 -2 -1   13  20   2   1   0   0   1   8   0   4  21   3   1   4   2   7   4   4   1   3  0.27 0.25
  268 L   -1  4 -3 -3 -4 -1 -3 -2 -3 -2  1  3  0  1  0 -2 -1  0 -2  0    4  26   1   1   0   1   1   3   0   2  13  20   2   6   5   3   3   1   1   6  0.44 0.32
  269 L    0  4  0 -2 -3 -1 -3  0 -2  0  0 -1  0  0  0  0  1  0 -1 -1    7  24   3   1   0   2   1   8   1   7   9   2   2   4   5   8   9   1   2   4  0.19 0.20
  270 L   -2 -3 -5 -5 -5 -4 -5 -3 -5  0  1 -4  0  0 -4  1  6 -1 -3 -1    2   1   0   0   0   1   0   2   0   6  13   1   2   3   1  11  51   1   1   4  1.02 0.62
  271 I    0 -2 -5 -5 -4 -4 -4 -4 -4  4  4 -2  0  2 -5 -2  0 -3 -3  2    7   3   0   0   0   0   1   1   0  21  34   2   1   7   0   2   5   0   0  13  0.61 0.36
  272 G    0 -2 -3 -5 -1 -4 -4  2 -5  0  2 -3  5  4 -2 -1 -2 -1  0  0    8   2   1   0   2   0   0  14   0   4  17   1  18  16   2   4   2   1   3   6  0.49 0.34
  273 T    1 -1 -2 -4 -1 -3 -4  0 -4  2  3 -2  0  0 -3 -1  0 -3 -3  2   15   3   2   1   1   0   0   7   0  10  28   2   1   5   1   5   6   0   0  12  0.28 0.24
  274 A    1 -4 -6 -6  1 -2 -6  0 -3 -1 -1 -2 -2  0 -4  2  0  9 -1  0   10   1   0   0   3   2   0   6   1   4   6   2   1   4   1  14   5  31   1   8  1.07 0.57
  275 G    0 -2 -4 -5 -2 -4 -5  1 -4  3  3 -3  1 -1 -3 -2  0 -3 -2  2    9   2   0   0   1   0   0  10   0  19  25   1   3   2   1   3   5   0   1  17  0.44 0.30
  276 T    1 -2 -4 -4 -2 -3 -4 -2 -3  2  2 -3  1  3 -2 -1  1 -3 -2  1   14   2   0   1   1   0   0   3   1  11  23   1   3  13   2   5  10   0   1  11  0.33 0.25
  277 W    0 -2 -4 -5  2 -4 -4 -1 -4 -2 -2 -4 -2  3 -2 -1  0  9  3 -2    8   2   1   1   4   1   1   5   0   2   5   1   1  12   2   6   5  31  10   3  1.17 0.57
  278 F   -1 -5 -5 -5 -2 -5 -6 -4 -5  0  1 -5  0  7 -3 -1  1 -2 -1  0    5   0   0   1   1   0   0   1   0   5  12   0   2  48   2   6   9   0   1   6  1.15 0.56
  279 I    0 -5 -3 -5  6 -2 -5  1 -5  0  1 -4  5  1 -3 -1 -1 -2 -4  1    8   0   1   0  16   2   0  13   0   6  13   0  15   6   1   4   4   0   0   9  0.56 0.35
  280 L    0 -3  0 -4  3  3 -3  1 -3  2  1 -3  0  0 -4 -1 -2 -3  0  2    6   1   4   0   6  15   1  11   0  12  12   0   3   4   0   5   2   0   3  14  0.26 0.24
  281 D    0 -3  1  0 -2  2 -3 -2  0  0  2 -2  2 -1 -3  0 -1  0 -1  2    7   1   7   6   1  10   0   3   2   3  23   1   4   2   1   6   3   1   1  17  0.20 0.21
  282 I   -1 -5 -5 -5 -3 -3 -5  1 -4  3  2 -5  1  5 -4 -3 -1 -1  0  2    4   0   0   0   0   1   0  10   0  16  20   0   3  23   1   2   3   1   2  13  0.59 0.34
  283 A    1 -4 -4 -3 -2 -2 -4  3 -4  0  0 -4  2 -2  2  1 -1 -5 -2  1   12   0   0   1   1   2   0  24   0   6   8   0   6   2  10  12   3   0   1  11  0.37 0.30
  284 F   -2 -5 -3 -6 -1 -2 -5 -2 -4  1  0 -5  1  3 -6 -1 -2  0  7  2    3   0   1   0   1   2   0   4   0   8   7   0   3  11   0   4   3   1  38  12  0.99 0.53
  285 Y   -5 -6 -1 -7 -1 -2 -6 -6 -1 -1 -2 -6 -4  4 -6 -4 -3  3  9 -4    1   0   3   0   1   2   0   1   1   4   4   0   0  14   1   1   2   3  60   1  2.00 0.87
  286 G    4 -4  0 -5 -5 -4 -5  5 -5 -3  0 -5 -1 -2 -5 -2 -1 -6 -5 -2   30   1   4   0   0   1   0  40   0   2   8   0   2   2   0   3   4   0   0   3  0.89 0.52
  287 T   -1 -5 -4 -6 -2 -2 -6 -4 -6  5  3 -5  3  2 -5 -3 -1 -5 -4  2    6   0   1   0   1   2   0   1   0  29  25   0   8   8   0   2   3   0   0  12  0.78 0.43
  288 G    0 -4  1 -4 -2 -4 -5  1 -4 -1 -1 -4  3  5 -4  1  2  0  2 -1    7   0   8   0   1   1   0  12   0   4   5   0   7  23   1   9  11   1   6   3  0.48 0.35
  289 V   -1 -4  2 -4 -3 -1 -4 -2 -4  2  1 -4 -1 -1 -5  2  4 -2  0  0    4   0   9   0   0   2   1   3   0  11  11   0   2   2   0  16  28   0   3   7  0.48 0.38
  290 Y   -5 -7 -2 -8 -7  1 -7 -5 -6 -4 -4 -7 -5  4 -8 -5 -5 11  4 -4    1   0   3   0   0   6   0   1   0   1   2   0   0  13   0   1   1  56  13   2  2.81 1.12
  291 S    1 -5 -5 -6 -5 -2 -6 -1 -5  1  5 -5  4 -2 -6 -3  0 -4  0  0   11   0   0   0   0   2   0   5   0   6  49   0   9   1   0   2   6   0   3   4  0.81 0.48
  292 S   -3 -7 -4 -5 -4 -3 -6 -4 -7 -2 -4 -6 -5 -1  8  0 -2 -8 -7 -2    2   0   1   1   1   1   0   1   0   2   2   0   0   3  73   7   3   0   0   3  2.15 0.99
  293 S   -1 -1 -1 -2 -4  1 -3  0 -4  0 -2  1 -2 -3 -2  2  5 -4 -3 -2    4   3   2   1   0   5   1   8   0   5   3   9   1   1   2  18  31   0   1   3  0.47 0.38
  294 V   -4 -3 -4 -5 -5 -3 -5 -4 -5  5  3 -5  0  2 -5 -3 -2 -1  3  2    1   2   1   0   0   1   0   1   0  27  25   0   2   8   0   2   2   1  11  15  0.78 0.42
  295 I   -3 -5  1 -5 -4 -4 -5 -5 -5  1  5 -5  5  2 -5 -5 -4  2  0 -1    2   0   7   1   0   0   1   1   0   6  47   1  16   8   1   1   1   3   2   3  0.99 0.50
  296 T    2  0 -1 -2 -2  1  0 -1 -2  0 -1  1  0 -1 -2  1  1 -3 -2  2   18   5   3   1   0   5   5   3   1   4   6   9   2   3   1   9   8   0   1  14  0.12 0.12
  297 P    1  0 -1  0 -2  1  1  0 -1  0 -1  1 -1 -2  1  0  0 -1 -1  0   13   3   3   4   1   6   8   6   1   7   6  12   1   2   7   7   6   1   2   6  0.07 0.05
  298 I    0  0  0 -1 -1  1  1 -1 -1  1  1  0  1  0 -1  0  0 -1  0  0   10   4   3   3   1   7   8   4   1   9  13   6   4   4   2   4   7   1   3   6  0.03 0.03
  299 F    0  0  0 -1 -1 -1 -1  1  1  0  0  0  0  1 -1 -1 -1 -1  2 -1    6   7   6   3   1   3   4  12   3   5  13   4   3   6   3   4   3   1  10   4  0.05 0.04
  300 G    0 -1 -1 -1 -1 -1 -1  2  1  0  0 -1  0  1 -1 -1 -1  1  2  0    6   3   3   3   1   2   3  17   4   5  11   4   3   8   3   4   3   1   9   5  0.07 0.05
  301 S    1  0  0  0 -1  0  0  0  0  0  1  0  0  0  0  1  0 -1  0  0   13   3   3   4   1   3   5   6   2   4  16   5   3   3   4   9   6   1   3   5  0.02 0.02
  302 P    0 -1  0  1 -1  0  0  0 -1 -1 -1  0 -1 -1  3  0  0 -1 -1 -1    9   3   5   7   1   5   6   9   2   4   7   4   1   3  13   9   6   1   3   4  0.10 0.04
  303 F    0  1  0  0 -1  0  0  0  0  0  0  0  0  1  0  0  0 -1  1  0    6   9   3   5   1   4   5   7   2   5   6   6   2   8   5   5   6   1   5   8  0.02 0.01
  304 S    0  0  0 -1 -1  0 -1  1  0  1  0  0  0 -1 -1  0  0  0  0  0    8   4   5   4   1   3   4  13   2  11   9   5   3   3   3   9   5   2   3   6  0.02 0.02
  305 S    0  0  0  0 -1  0  0  0  0  0  0  1  0  2  0  0  0 -1  0  0   10   3   3   4   1   5   5   7   2   6   8   9   2  11   4   7   4   1   3   4  0.02 0.02
  306 T    0 -1  0 -1 -1  0  0  1 -1 -1 -1 -1  0 -1  0  1  2 -1 -1 -1    8   4   4   3   1   4   7  13   1   4   6   3   2   2   3  12  14   1   2   5  0.08 0.05
  307 I    0 -1 -1  0 -1  0  0  0 -1  1  0  0  1  1  0  0  0  0  0  0    6   3   3   4   1   4   5   9   2   8  12   4   4   8   3   6   6   1   4   8  0.00 0.01
  308 T    1  0  0 -1 -1  0  0  1 -1  0  0  0  0 -1 -1  1  1  0 -1  0   10   4   3   3   1   3   4  10   1   5  10   4   2   3   3  12  12   1   2   7  0.04 0.04
  309 S    0 -1  0 -1 -1 -1  0  2  0  0  0 -1  0  0 -1  0  0  0  1  0    8   3   3   3   1   2   5  16   3   6  11   4   2   5   3  10   5   1   5   6  0.04 0.03
  310 I    0 -1 -1 -1 -1 -1 -1 -1 -1  1  1 -1  1  1 -1  0  0 -1  0  1    6   3   3   3   1   3   5   5   1  10  17   3   4   6   3   7   6   1   2  13  0.05 0.04
  311 T    0  1  0  0 -1  0  0  0  0 -1  0  1  0 -1 -1  0  1 -1 -1  0    8   7   5   3   1   3   5   8   2   3  11  11   3   3   3   7  10   1   2   5  0.04 0.03
  312 E    0 -1  0  0 -2  0  1  2  0 -1 -1  0  0 -1 -1  1  0 -2 -1 -1    7   2   4   6   1   4  12  15   2   3   5   4   2   2   3  14   7   0   2   5  0.11 0.09
  313 F    1  0 -1 -1 -2 -1 -1 -1  0 -1  0 -1  0  3 -1  0  0 -1  1  0   14   7   3   4   1   2   4   5   2   3  10   4   2  15   2   7   6   0   4   6  0.07 0.07
  314 Q   -1 -2  0 -1 -3  1  0  4  1 -2 -1 -2 -2 -2 -3  0 -1 -3 -1 -2    5   2   5   4   0   6   7  37   3   3   7   2   1   2   1   7   3   0   2   2  0.40 0.22
  315 S    1 -2 -2 -2 -3 -2 -2 -2  0  0  0 -3  0  3 -2  1  0 -2  5 -1   10   1   2   3   0   2   2   3   2   5   9   1   3  13   2  11   6   0  21   3  0.35 0.22
  316 E    1 -2  0  1 -3 -1 -1  1 -1 -1 -2 -2 -1 -1  0  3  1 -3 -2  0   12   1   5   7   0   2   4   9   1   3   4   1   1   2   4  26   8   0   1   7  0.22 0.18
  317 L   -1 -2 -3 -3 -3 -3 -2 -2 -3  2  4 -2  2 -1 -3 -2 -2 -2 -2  2    4   2   1   2   0   1   2   3   0  11  42   2   5   3   1   2   2   0   1  13  0.51 0.26
  318 A    0 -1  0 -1 -1  0  0  1 -2  0  1 -1  0 -1 -1  0  1  0  0  1    9   3   4   3   1   3   5  12   1   5  14   3   2   3   2   7  10   1   3  10  0.04 0.05
  319 K    1  1  1 -1 -2  1  0  0  0 -2 -1  1 -1 -2 -1  2  0 -1 -1 -1    9   6   6   3   1   8   5   8   2   2   6  11   2   2   2  15   6   1   2   4  0.10 0.09
  320 Q    2 -2 -1 -2 -2 -1 -2  1 -1 -1 -2 -2 -2 -2 -2  4  2 -2 -2 -1   19   2   3   2   0   3   2   9   1   4   3   1   1   1   2  29  11   0   1   4  0.36 0.24
  321 L    1 -2 -2 -3 -2 -2 -2  0 -2  1  2 -2  1  1 -2  0 -1 -2  0  1   16   1   1   1   1   1   2   8   1   8  24   2   3   6   2   6   3   0   4  11  0.18 0.13
  322 F    0 -1  0 -2 -2 -2 -1  2 -2  0  1 -2  1  1 -2  0  0  3  0  0    7   2   4   2   0   1   3  20   1   6  14   2   3   7   2   8   5   5   3   5  0.14 0.11
  323 I   -1 -3 -2 -3 -3 -2 -2 -1 -2  3  0 -3  0  4 -3 -2 -1  4  3  1    5   1   2   1   0   2   2   4   1  20   8   1   2  15   1   3   5   5  12   9  0.38 0.20
  324 G    0 -3  0 -2 -3 -2 -2  3 -3 -1  1 -2 -1 -2 -2  1  3 -1 -2 -1    5   1   4   2   1   1   2  20   1   3  16   2   1   1   2   8  23   1   2   4  0.31 0.21
  325 G    3 -3 -2 -3 -2 -2 -2  0 -3  1  1 -2  1  1 -2 -1  0 -1 -2  2   24   1   1   1   1   1   2   8   1   8  14   1   3   5   2   4   6   1   1  15  0.22 0.16
  326 I    0 -4 -4 -4 -2 -3 -4 -2 -4  4  2 -3  2  0 -3 -2  0 -3 -1  4    9   1   1   1   1   1   1   3   0  21  16   1   5   4   1   2   4   0   2  27  0.50 0.27
  327 P   -2 -3  2 -3 -3 -1 -3 -2 -2  3  1 -3  5  2 -3 -2  0 -3  0  1    4   1  12   1   0   3   2   3   1  16  13   1  14   9   2   3   7   0   3   7  0.34 0.24
  328 Y    0 -3  2 -2 -2  2 -2  0 -2  2  0 -2  2  0 -2  0  1 -3  0  0    7   1  13   1   1   9   1   6   0  11   9   1   5   4   2   8  11   0   4   7  0.15 0.17
  329 L    0 -4 -4 -5  0 -4 -4 -3 -4  3  4 -4 -1  1 -3 -3 -1 -4 -3  3    7   1   1   1   2   1   1   2   0  19  34   1   1   7   2   2   3   0   0  18  0.61 0.33
  330 V    3 -5 -4 -4 -2 -4 -4  5 -4 -1 -1 -4  0  3 -3 -2 -3 -4 -4  0   22   0   0   1   1   0   1  39   0   4   5   1   2  12   1   2   2   0   0   7  0.78 0.43
  331 G    2 -3  0 -3 -3  3 -3  3 -3 -3 -2 -3  2  1 -3  1  1 -2 -1 -2   16   1   5   1   0  15   1  20   0   1   3   1   5   7   1  10   8   1   2   2  0.38 0.30
  332 F   -1 -4 -4 -5 -3 -4 -4 -3 -4  3  3 -4  3  3  0 -3  0  0 -1  2    4   0   0   0   0   1   1   3   0  14  24   1   8  13   5   1   7   1   2  14  0.49 0.29
  333 P    1 -4 -4 -4  1 -4 -4 -4 -5  3  2 -4 -2  0  4 -3 -2 -2 -4  3   11   1   0   1   3   0   1   1   0  16  19   1   0   4  19   1   2   1   0  18  0.59 0.34
  334 G   -1 -6 -4 -5 -6 -5 -6  7 -6 -6 -6 -5 -3 -1 -6 -3 -4 -3 -6 -4    4   0   0   0   0   0   1  82   0   1   1   0   1   2   0   2   1   0   0   2  2.09 0.86
  335 Y    2 -4 -2 -4  4 -2 -4 -2 -2  1 -2 -3 -2  1 -3 -1  2 -2  6  0   18   0   2   1   7   1   0   3   1   7   3   2   1   4   1   5  12   0  24   7  0.56 0.37
  336 F    0 -5 -4 -5 -2 -5 -5 -5 -5  3  3 -5  0  4 -4 -4 -3  3  0  2    8   0   1   0   1   0   0   1   0  18  31   0   2  14   1   1   1   4   3  13  0.72 0.38
  337 T    1 -4 -4 -4  0 -4 -4 -1 -4  3  2 -4 -2  1 -1  1  1 -4 -3  3   11   0   0   0   2   0   0   5   0  14  18   0   0   7   3   9   8   0   0  20  0.37 0.27
  338 A    4 -5 -3 -5  1 -4 -4  3 -5 -2 -1 -4 -1  2 -4  1 -1 -3 -2 -1   37   0   1   0   3   0   1  20   0   2   5   0   1   8   1  11   4   0   1   4  0.62 0.41
  339 V    3 -5 -5 -5 -3 -5 -4  4 -4  1  0 -5  3 -3 -5  0 -2 -3 -4 -1   29   0   0   0   0   0   1  30   0   9   8   0   8   1   0   5   2   0   0   5  0.71 0.44
  340 A   -1  0 -3 -5 -4  0 -5 -4  0 -2  0 -3  0  2 -2 -2 -2  9  5 -1    6   5   1   0   0   4   0   1   2   3  10   2   2   9   2   3   2  25  18   5  1.00 0.52
  341 L   -2 -4 -7 -7 -2 -4 -6 -4 -6  2  5 -5  1  2 -6 -5 -2  1 -1  0    4   1   0   0   1   1   0   2   0  10  58   1   3   8   0   1   2   2   2   6  1.05 0.54
  342 I    2 -5 -3 -6 -2 -4 -5 -3 -5  4  0 -5  4 -4 -5  0  0 -6 -4  3   18   0   1   0   1   1   0   2   0  25   6   0  11   0   0   7   6   0   0  19  0.72 0.45
  343 D   -6 -5  1  8 -9 -4  3 -5 -3 -7 -9 -6 -6 -9 -7 -5 -5 -9 -5 -8    0   1   5  73   0   0  17   1   0   0   0   0   0   0   0   0   0   0   0   0  2.32 1.03
  344 K   -3  7 -4 -6 -8 -2 -5 -6 -2 -3 -4  5 -3 -6 -6 -2 -2 -2 -5 -3    2  54   1   0   0   1   0   1   1   2   2  27   1   0   0   4   2   1   0   2  1.59 0.79
  345 L   -2 -4 -6 -7 -2 -5 -6 -4 -3  5  2 -6  1  4 -7 -5 -4  5  1  1    4   1   0   0   1   0   0   1   1  29  20   0   3  17   0   0   1   9   3  10  0.96 0.49
  346 G   -5 -5  2 -1 -7 -4 -3  7 -1 -8 -8 -4 -7 -8 -3 -2 -4 -7 -7 -8    0   0  10   3   0   1   2  75   2   0   0   1   0   0   2   3   1   0   0   0  1.92 0.87
  347 R   -2  8 -5 -7 -6 -4 -5 -6 -4 -3 -3 -3 -6 -3  1 -5 -4 -7 -6 -6    4  78   0   0   0   0   0   1   0   2   4   0   0   1   7   1   1   0   0   0  2.20 1.00
  348 K   -4  6 -1 -5 -6 -3 -4 -5  1 -4 -6  6 -4 -5 -4 -5 -5 -6 -3 -4    1  43   3   0   0   1   0   1   3   1   0  42   0   0   1   0   1   0   1   2  1.68 0.81
  349 L   -1  3 -2 -4 -4 -1 -3 -2 -2 -2 -2  3 -2 -1  4 -2  1  4 -1 -2    6  13   1   0   0   2   0   3   1   2   4  19   1   3  23   3   8   5   2   3  0.55 0.38
  350 I   -1 -4  0 -4 -2 -3 -4 -4 -4  1  3 -3  2  0 -2 -1  2 -1 -3  3    5   0   5   1   1   1   1   1   0   6  28   1   5   4   2   3  16   1   1  19  0.43 0.29
  351 Q   -2 -4 -4 -5 -3  0 -3 -3 -4  2  4 -4  3  3 -5 -3 -1 -4 -1  1    3   1   1   1   1   4   1   2   0  11  42   1   7  10   0   1   4   0   2   7  0.66 0.36
  352 V    1 -3 -3 -4 -2 -2 -3 -2 -3  4  2 -2  2  0 -3 -1 -1  0  0  2   12   1   1   1   1   1   1   4   0  23  17   2   6   4   1   5   4   1   3  12  0.33 0.22
  353 Q    1 -3 -2 -3 -1 -2 -3  0 -1  3  1 -3  0  1  0 -1  1  2 -1  1   10   1   1   1   1   1   1   9   2  18  12   1   1   6   4   5   8   3   2  12  0.17 0.14
  354 G   -1 -4 -2 -3  0 -3 -4  4 -3 -2 -2 -3  0  4 -1  1  0  1  3 -3    6   1   2   1   2   1   1  30   0   2   4   1   3  15   3  12   5   2   9   2  0.51 0.31
  355 F    0 -4 -2 -4 -2  0 -4 -2 -2 -2  1 -4 -1  6 -4  1 -1  0  3 -3    9   1   2   1   1   4   1   3   1   1  13   1   2  33   1  10   4   1  10   1  0.66 0.37
  356 I    2 -3 -4 -4  0 -3 -4 -1 -4  3  2 -3 -1  2 -3 -2 -1  2 -1  2   20   1   1   1   2   1   1   5   0  16  19   1   1   8   1   3   3   3   2  14  0.35 0.24
  357 V    0 -4 -4 -4  2 -4 -4  4 -4  2  2 -4  1  0 -4 -3 -2  0 -3  2    7   0   0   0   4   0   1  32   0  11  17   1   3   4   1   1   2   2   0  13  0.55 0.33
  358 M    2 -4 -2 -4  2 -2 -4  0 -4  0  0 -3  5  0 -3  1  2 -4  0 -1   17   0   1   1   5   1   1   8   0   4  10   1  16   4   1  12  11   0   4   4  0.37 0.29
  359 G    5 -4 -4 -4 -1 -4 -4  2 -4  0 -2 -4 -1 -1 -4  0  1 -3 -1  0   43   0   1   0   1   0   1  16   0   7   3   1   1   3   0   6   7   0   2   6  0.65 0.41
  360 I    1 -5 -5 -5  0 -4 -5 -3 -5  3  2 -5  0  0 -5 -3 -1 -3 -2  4   13   0   0   0   2   1   0   2   0  18  22   0   2   4   0   1   3   0   1  28  0.66 0.37
  361 L    2 -4 -3 -4  3 -4 -4 -1 -4 -1  1 -4  1  2 -3  3  0  0 -3  0   16   0   1   0   5   0   0   4   0   3  16   0   4  10   1  27   6   1   0   6  0.42 0.33
  362 Y    0 -4 -5 -4 -1 -4 -5 -1 -4  2  4 -4  1  1 -5 -1 -1 -4  1  1    8   0   0   1   1   0   0   6   0  10  40   0   4   5   0   5   3   0   5  10  0.52 0.32
  363 G    2 -4 -3 -3  0 -3 -3  1 -3  1  2 -3  0  2 -2  0  0  1  1  1   18   0   1   1   2   0   0  11   0   8  18   0   2   8   2   7   6   2   4   8  0.22 0.19
  364 I    2 -5 -5 -5 -1 -4 -5 -2 -5  3  3 -4  2  0 -4 -3 -1 -3 -1  2   17   0   0   0   1   0   0   4   0  13  32   0   4   4   1   2   3   0   2  15  0.55 0.34
  365 V    0 -5 -5 -5  1 -4 -5 -3 -4  2  3 -5  3  2 -3 -3 -1 -2  4  2    7   0   0   0   2   1   0   3   0  11  29   0   6   8   2   1   3   0  12  13  0.55 0.33
  366 S    3 -4 -4 -4 -2 -4 -4  4 -5 -2 -3 -4 -1 -3 -3  2  0 -4 -1 -1   24   1   0   0   1   0   1  35   0   2   2   0   1   1   1  15   7   0   2   4  0.73 0.44
  367 L    0 -2 -3 -3  0 -1 -3 -2 -2  2  3 -3  1  2 -3 -2 -1  2  1  2    8   2   1   1   2   3   1   2   1  11  26   1   4  10   1   3   3   2   5  13  0.28 0.18
  368 V    2 -2 -2 -2  2 -1 -2  0 -2  1  1 -1  0  1 -1  0 -1 -2  0  1   19   2   2   2   4   2   2   6   1   7  14   4   3   8   2   6   4   0   3  11  0.09 0.09
  369 L    0 -1 -1 -2 -1 -1 -1  0  0  0  1 -1  0  3  1 -1  0  0  2  0   10   3   2   2   1   2   3   6   2   7  13   3   3  14   7   5   5   1   7   5  0.09 0.07
  370 F    0 -1 -1 -1 -1 -1 -1  0  1  0  0 -1  0  3  0  0  0  1  2  0    9   3   3   3   1   2   3   6   4   5  10   3   3  13   4   7   5   2   9   5  0.07 0.05
  371 Q    1 -1  0  0 -1  0 -1  0  0  0  0 -1  0  0  0  1  1 -1  0  0   11   3   5   4   1   6   3   9   3   4   9   3   3   5   4  10   8   1   4   4  0.03 0.03
  372 A    0 -1  0  0 -1  0  0  0  0  0  0 -1  0  0  1  0  0 -1  0  0   10   3   5   4   1   4   4   9   2   7   8   3   2   5   7   8   7   1   3   6  0.03 0.02
  373 G    1 -1  0 -1 -1  0  0  2  0 -1 -1 -1 -1 -1  0  0  0  0 -1 -1   13   3   5   4   1   5   4  20   2   4   6   3   2   3   5   7   5   2   2   5  0.10 0.06
  374 K    0  0  0  0 -1  1  0  0  0  0  0  0  0  0  0  0  0  0  0  0    9   3   4   4   1   7   5   7   2   6  10   4   3   4   4   9   6   1   2   7  0.02 0.01
  375 S    1 -1  0  0 -1  0  0  1  0 -1  0 -1  0 -1  0  2  1  0 -1 -1   10   3   4   4   1   4   4  10   3   3   8   3   2   3   5  17   8   1   2   5  0.07 0.05
  376 I    0 -1  0 -1 -1  0  0  0  0  1  1 -1  0  0  0  0  0  0  0  0    8   2   4   4   1   4   4  10   2   9  14   3   3   3   4   7   5   1   3   8  0.01 0.01
  377 S    0 -1  1 -1 -1  0 -1  1  0  0  0 -1  0  0  0  1  1  3  0  0   10   3   6   4   1   3   3   9   3   5   8   3   2   5   5  10   9   4   3   5  0.04 0.04
  378 F    0 -1  0 -1 -2 -1 -1  0 -1  0  1 -1  1  2 -1 -1  0  3  1  0    7   3   5   2   1   3   3   6   2   5  14   3   4  12   3   5   5   4   4   8  0.06 0.05
  379 T    0 -1  1 -1 -2  0 -1  0  0  0  1 -1  0 -1  1  0  1 -1 -1  0    9   3   7   2   1   4   3   8   2   5  14   4   2   3   7   7   9   1   2   8  0.04 0.05
  380 I    0 -2 -1 -1 -2 -1 -1  0  0  1  1 -1  1  0  1  0  0  1  0  1    8   2   3   4   1   3   4   6   2   7  18   2   4   4   6   6   6   3   2  10  0.04 0.05
  381 P    1 -1  0  0 -2 -1 -2  0 -1  0  1 -1  0 -1  3  0  0  0 -1  0   12   2   4   5   0   2   2   7   1   7  13   2   2   3  15   9   5   1   2   5  0.12 0.10
  382 A    1 -2  0  0 -1 -1 -2  1 -1  0  0 -1  1 -1  1  1  1 -1 -1  0   15   1   4   4   1   3   2  10   1   4  12   2   4   3   6  11   9   1   2   7  0.08 0.09
  383 T    1 -2 -1 -2 -2 -2 -2 -1 -3  1  1 -2  1  0  2  0  1  3  0  1   10   1   4   2   1   1   2   5   0   7  14   1   5   4   9   5  11   4   2  11  0.13 0.12
  384 V    0 -3 -2 -3 -1 -2 -2 -1 -2  2  1 -3  3 -1  0 -1  1  2 -2  2    9   1   2   1   1   2   2   5   1  11  16   1   7   3   4   4   9   3   1  17  0.19 0.15
  385 A    1 -3 -2 -3 -2 -1 -2  1 -3  1  2 -3  1  1 -1 -1  0  2 -1  1   16   1   1   1   1   3   2  11   0   7  23   1   3   5   2   5   5   2   1  10  0.18 0.16
  386 F   -2 -4 -4 -5 -3 -4 -5 -4 -4  3  3 -4  4  4 -2 -4 -2  0  2  2    2   0   1   0   0   0   1   1   0  13  27   1   9  19   3   1   2   1   6  12  0.67 0.36
  387 I    0 -4 -3 -5 -1 -4 -4 -3 -4  3  3 -4  2  2 -3 -2 -1 -1  0  2    8   0   1   0   1   0   0   2   0  16  30   0   4   8   1   3   4   1   3  15  0.47 0.29
  388 L    1 -4 -3 -4  2 -4 -4  1 -4  2  3 -4  1  2 -3 -2 -2  0 -2  2   13   0   1   0   4   0   0  11   0  11  26   0   3  10   1   2   2   1   0  12  0.38 0.26
  389 Y    1 -4 -4 -4 -1 -3 -3  0 -3  1  2 -3  1  4 -3 -1 -1  3  2  1   14   1   1   1   1   0   1   6   0   9  18   1   3  17   1   4   3   3   8   9  0.35 0.23
  390 S    2 -4 -2 -4  2 -3 -4  4 -3  0 -1 -3  1  3 -2  0 -1 -4 -2  1   15   1   1   1   4   0   1  28   0   5   5   1   3  12   2   8   3   0   1   9  0.41 0.28
  391 L    1 -4 -4 -4  1 -3 -4 -2 -4  2  3 -4  3  4 -3 -2 -1 -2 -1  1   12   1   1   1   3   1   1   3   0  10  24   1   8  15   1   3   3   0   2  10  0.41 0.26
  392 T    1 -3 -1 -3  1 -3 -3  0 -3  1  1 -3  0  3  0  0  0 -1  0  1   14   1   2   1   3   1   1   7   0   7  15   1   2  12   5   8   5   1   3  12  0.17 0.16
  393 F    1 -3 -2 -3 -1 -2 -3 -1 -1  1  2 -3  3  3 -3 -1 -2 -2  2  1   11   1   2   1   1   1   1   5   1   9  21   1   9  12   1   4   2   0   8   8  0.29 0.20
  394 F    1 -3 -2 -3 -3 -2 -3  4 -3  0 -1 -3 -1  3 -4  2 -1 -4 -1 -1   12   1   2   1   0   2   1  29   0   7   5   1   2  11   1  17   3   0   2   4  0.43 0.29
  395 F    2 -5 -5 -4 -1 -5 -5 -1 -4  0  0 -5  0  7 -5 -1 -2 -3 -1 -1   16   1   0   1   1   0   1   5   0   4   7   1   3  47   1   5   2   0   1   4  1.07 0.51
  396 I    0 -4 -3 -4  3 -3 -4 -2  2  0 -1 -4 -1  6 -4  1  0 -3  0  0    7   1   1   1   6   1   1   4   6   5   5   1   2  36   1  12   6   0   2   6  0.68 0.38
  397 D    2 -3  3 -2 -2 -1 -1  1 -3 -1 -1 -3  2 -2 -3  1  1 -4 -3  0   18   1  16   2   1   3   3   9   0   3   6   1   5   1   1  11  10   0   1   8  0.26 0.23
  398 F    0 -3  2 -3 -2 -1 -3 -1 -3  2  2 -3  1  2 -3  0 -1 -1 -1  0    9   1  11   1   0   3   1   5   0  15  19   1   3  10   1   9   2   1   2   5  0.21 0.19
  399 G   -1 -5 -4 -5 -5 -5 -5  7 -5 -4 -5 -5 -4 -1 -5  0 -2  1 -4 -3    6   1   1   1   0   0   1  70   0   1   1   1   0   3   1   7   3   2   1   2  1.55 0.69
  400 A    3 -4 -3 -4 -2  1 -3 -1 -2  1 -1 -3  2 -1  2  1  1  2 -1  0   26   0   1   1   1   7   0   3   1   7   5   0   6   2  10   8  10   3   2   5  0.34 0.29
  401 N   -1 -4  0 -3 -4  4 -3  3 -4 -2 -3 -3  0  1 -1  0 -2  7  0 -3    4   1   5   1   0  19   1  22   0   3   3   1   3   6   3   8   3  14   3   2  0.64 0.40
  402 T    2 -4  0 -4 -3 -3 -3  3 -4  1 -3 -3  0 -3  2  1  1 -5 -4  0   16   0   5   0   0   1   1  21   0  10   2   1   2   1  11  13   8   0   0   7  0.38 0.29
  403 T    1 -4 -3 -5 -3 -2 -4  3 -4  1  2 -4  0 -3 -4  0  0 -2 -4  3   12   0   1   0   0   1   0  19   0   7  22   0   2   0   0   6   5   0   0  21  0.45 0.32
  404 T    0 -4 -2 -3 -3  0 -2 -3 -3  2  2 -3  4  0 -3 -2  2 -3  1  2    6   0   2   1   0   5   2   1   0  13  23   1  10   3   1   1  13   0   5  12  0.36 0.27
  405 F   -2 -4  2 -5 -4 -3 -5  2  0 -2 -2 -4 -5  1 -1 -4 -5  8  6 -5    4   1   9   0   0   1   0  18   2   2   4   1   0   6   4   1   0  19  26   0  1.17 0.60
  406 V    4 -5 -5 -4 -4 -4 -4 -3 -5  0  0 -5 -1 -2 -1 -1  1 -6 -5  3   39   0   0   1   0   0   0   2   0   6   9   0   1   2   3   4   9   0   0  24  0.72 0.47
  407 I   -5 -6 -6 -7 -2 -6 -7 -4 -4  0  3 -6  1  4 -7 -4 -4  1  7 -1    1   0   0   0   1   0   0   1   0   5  23   0   3  16   0   1   1   1  42   4  1.48 0.71
  408 P    1 -4 -3 -5 -2 -3 -4 -2 -5  2  1 -4  2  0  3  0  3 -5 -4  1   13   0   1   0   1   1   0   3   0  12  12   0   5   4  14   7  18   0   0   9  0.40 0.32
  409 S    3 -5  1 -5 -5 -5 -5  0 -5 -5 -5 -5 -4 -7  4  3  1 -7 -6 -2   27   0   6   0   0   0   0   8   0   0   0   0   0   0  21  24   9   0   0   3  0.91 0.59
  410 E   -3 -2 -3 -2 -8  2  7 -3 -3 -8 -6 -4 -5 -8 -6 -2 -2 -8 -7 -6    2   2   1   1   0   8  77   2   1   0   1   0   0   0   0   2   2   0   0   0  1.99 0.98
  411 V   -2 -5 -2 -6 -2  0 -5 -4 -3  3  4 -5  0  2 -5 -1 -4 -3  2  1    3   0   2   0   1   5   0   1   0  16  41   0   2   9   0   5   0   0   6   7  0.68 0.42
  412 Y   -7 -8 -8 -9 -5 -5 -8 -8 -2 -6 -5 -8 -6  7 -9 -7 -6 -1  8 -4    0   0   0   0   0   1   0   0   1   0   1   0   0  44   0   0   1   1  51   1  2.75 1.12
  413 P   -6 -7 -4 -4 -9 -6 -4 -5 -8 -7 -8 -7 -8 -7  9 -4 -6 -9 -7 -8    0   0   1   1   0   0   1   1   0   0   0   0   0   0  93   1   0   0   0   0  3.27 1.36
  414 T   -1 -4  1 -4 -6 -3 -5 -5 -4 -4 -1 -6  0 -7 -2  0  7 -7 -5 -3    5   1   7   1   0   1   0   1   0   1   7   0   2   0   2   7  64   0   0   2  1.45 0.81
  415 K    2  3  0  1 -4  1  3 -2  3 -4 -5  1 -3 -5 -1  1 -2 -4 -2 -3   16  15   4   6   0   6  17   2   7   0   0   7   0   0   3  10   1   0   1   1  0.42 0.33
  416 F    1 -6 -5 -6  0 -5 -6 -2 -5  5  2 -6  1  0 -6 -2 -3 -4 -1  4   10   0   1   0   2   0   0   3   0  30  15   0   4   4   0   3   1   0   2  24  0.76 0.43
  417 R   -7  9 -6 -8 -10 -5 -6 -8 -6 -9 -8 -3 -7 -9 -8 -6 -7 -9 -8 -9    0  99   0   0   0   0   0   0   0   0   0   1   0   0   0   0   0   0   0   0  3.38 1.34
  418 S    4 -6 -2 -4 -4 -5 -5  4 -6 -6 -5 -5 -4 -3 -6  3 -1 -7 -6 -4   38   0   2   1   0   0   0  34   0   0   1   0   0   1   0  18   4   0   0   1  1.15 0.65
  419 T   -1  1 -3 -5 -4 -2 -5 -5 -4 -1 -2 -2 -1  0 -5  2  6 -6 -2 -2    5   7   1   0   0   1   0   0   0   3   4   3   1   5   0  16  50   0   1   2  0.99 0.62
  420 G    4 -7 -6 -6 -2 -6 -7  6 -7 -7 -6 -6 -4 -5 -7 -3 -5 -7 -6 -5   30   0   0   0   1   0   0  65   0   0   0   0   1   1   0   1   0   0   0   1  1.90 0.87
  421 H   -1 -4 -2 -3 -4  4 -2 -4 -1  1 -1 -4  4 -3 -5  1  1 -6 -3  3    5   0   2   1   0  21   1   1   1   7   6   0  12   1   0  10   9   0   1  23  0.59 0.44
  422 G    1 -6  0 -6 -7 -6 -6  7 -7 -8 -8 -6 -7 -8 -7  2 -4 -8 -8 -6    9   0   4   0   0   0   0  68   0   0   0   0   0   0   0  17   1   0   0   0  1.82 0.85
  423 I   -2 -7 -7 -7 -3 -6 -7 -5 -6  2  1 -7  2  5 -7 -3 -1  9 -2  1    4   0   0   0   1   0   0   1   0  10  15   0   4  26   0   3   4  24   0   9  1.31 0.63
  424 S    5 -5 -4 -6  5 -3 -5  1 -4 -2 -2 -4  3 -5 -5  1  0 -6 -6 -1   46   0   0   0  10   1   0  11   0   2   4   0   7   0   0   9   6   0   0   3  0.90 0.55
  425 A    1 -4  0 -4 -3  0 -3  0 -1 -2  0 -4  1  1 -5  2  2  1  4 -2   13   0   4   0   0   4   1   6   2   2   8   0   3   5   0  19  13   1  15   3  0.37 0.33
  426 A    3 -5  4 -4 -4 -4 -5  3 -5 -4 -3 -4 -1  0 -5  2 -1 -6 -5 -1   23   0  18   0   0   0   0  25   0   0   3   0   1   4   0  17   3   0   0   4  0.75 0.49
  427 S    0 -6 -5 -6  0 -5 -6 -3 -6  3  0 -5  3  4 -6 -1  1  1 -3  4    7   0   0   0   2   0   0   2   0  19   8   0   6  17   0   4  10   2   0  25  0.68 0.41
  428 G    0 -6  1 -3 -6 -4 -6  6  3 -7 -2 -5 -2 -7 -6  2 -4 -7 -6 -6    8   0   5   1   0   1   0  55   7   0   5   0   1   0   0  18   0   0   0   0  1.28 0.67
  429 K   -7  8 -5 -7 -9 -4 -6 -7 -4 -9 -5  0 -7 -6 -8 -5 -7  7 -6 -8    0  77   0   0   0   0   0   0   0   0   1   5   0   0   0   1   0  15   0   0  2.73 1.15
  430 L    1 -6 -3 -6 -1 -5 -6 -1 -6  5  2 -5  0  3 -6 -3 -2 -4 -4  2   11   0   1   0   1   0   0   6   0  31  19   0   1  10   0   2   2   0   0  15  0.71 0.41
  431 G    2 -6 -5 -6 -3 -6 -6  6 -6 -1 -1 -6  1 -1 -6 -2 -3 -2 -5  1   14   0   0   0   1   0   0  55   0   4   5   0   3   3   0   3   2   1   0   9  1.13 0.60
  432 A    4 -5  2 -3 -5 -4 -5  4 -5 -6 -5 -5 -3 -6 -5  2  0 -7 -3 -4   36   0   9   1   0   0   0  29   0   0   1   0   1   0   0  16   5   0   1   1  1.00 0.59
  433 A    4 -6 -6 -6 -3 -5 -6  0 -6  5 -1 -5  1  2 -6 -2 -3  0 -3  1   31   0   0   0   0   0   0   8   0  30   5   0   3   8   0   2   1   1   1  10  0.79 0.48
  434 I    1 -6 -6 -6 -2 -5 -6 -2 -6  4  3 -6  0  3 -6 -3 -1 -5 -4  3   12   0   0   0   1   0   0   3   0  22  28   0   1  12   0   1   3   0   0  18  0.75 0.43
  435 T    2 -6 -4 -5 -3 -5 -5  5 -5  1 -2 -5 -1  2 -5  1 -1  0 -4  1   17   0   0   0   0   0   0  39   0   8   3   0   2   8   0   9   3   1   0   9  0.73 0.46
  436 T    1 -6 -6 -6 -6 -3 -6 -3 -7 -2 -5 -6 -5 -7  7  1  3 -8 -7 -1   11   0   0   0   0   1   0   3   0   2   1   0   0   0  51  10  16   0   0   5  1.49 0.77
  437 Y    0 -5 -3 -5 -4 -1 -5 -3 -4  2  2 -5  2  4 -3 -1  0  3  3  1    7   0   1   0   0   3   0   2   0   9  20   0   4  19   1   5   6   4   8  10  0.47 0.32
  438 L    1 -5 -5 -6 -3 -5 -5 -2 -5  2  4 -5  2  2 -5 -1  0 -5 -1  2   11   0   0   0   0   0   0   3   0  10  36   0   4   7   0   4   7   0   2  16  0.59 0.37
  439 F   -2 -6 -6 -6 -4 -6 -6  2 -6  2  1 -6  0  5 -6 -4 -1 -5 -2  4    3   0   0   0   0   0   0  15   0  12  10   0   2  22   0   0   4   0   1  29  0.83 0.47
  440 P    1 -7 -5 -6 -7 -6 -6  5 -7 -7 -2 -6 -7 -6  6 -4 -4 -8 -7 -5   11   0   0   0   0   0   0  46   0   0   5   0   0   0  36   1   1   0   0   1  1.62 0.79
  441 S    1 -4 -3 -4 -4 -1 -2 -3  0  2  1 -3  2  2 -1 -1  0  4  2  2   11   0   1   1   0   2   2   1   2  13  12   1   5   7   3   4   6   7   8  14  0.28 0.23
  442 L   -1 -6 -6 -7 -5 -5 -6 -4 -6  2  5 -6  5  1 -6 -2 -3 -5 -3  1    4   0   0   0   0   0   0   2   0   9  53   0  12   6   0   3   1   0   1   8  1.06 0.55
  443 V    1 -4 -4 -4 -4 -2 -3 -3 -5  2  3 -4  3  0 -4  0 -1 -3 -1  2   14   0   1   1   0   1   1   2   0  10  31   0   8   3   0   8   3   0   2  13  0.43 0.31
  444 A    3 -1  0  1 -4  1  1  1  0 -4 -3  0 -3 -4 -1  2  1 -5 -2 -2   26   2   3   7   0   8   8   9   2   1   2   4   0   0   2  15   7   0   1   2  0.32 0.28
  445 S    1  0  2 -2 -4  2 -1  1  3 -2 -2  0 -1 -3 -4  2  1  0 -2 -1   11   4   8   2   0   8   3  12   8   2   3   5   1   0   0  18   9   2   1   3  0.25 0.24
  446 I   -2 -4 -2 -5 -4 -3 -5 -1  0  1  3 -3  2  3 -5 -2 -2  5  4  0    3   1   2   0   0   1   0   6   2   9  25   1   6  10   0   2   3   8  13   6  0.53 0.33
  447 G   -2 -5 -1 -1 -6 -4 -4  6 -3 -7 -4 -5 -5 -6  2  3 -1 -4 -6 -6    2   0   3   3   0   1   1  53   1   0   2   0   0   0  10  19   4   0   0   0  1.18 0.63
  448 F   -1 -3 -2 -5 -3 -2 -4 -1 -1  2  2 -3  1  4  0 -2  0  0  1  1    5   1   2   0   0   1   0   6   1  12  24   1   3  17   5   3   5   1   4   8  0.32 0.24
  449 R    1 -2 -1 -2 -4  1 -1  3  0 -3 -3 -1 -3  0  1  2  0 -2 -1 -2   14   2   3   2   0   7   4  24   2   1   2   2   0   4   6  14   7   0   2   3  0.27 0.24
  450 N    1 -2  0 -3 -3  1 -2  2  0 -1 -1 -2  0  0  0  0  1  3  1  0   14   1   5   0   0   6   2  14   2   2   7   2   3   4   4   6  10   4   5   9  0.13 0.16
  451 I    3 -5  1 -5 -2 -3 -4 -1 -5  3  0 -4  1 -4 -1  0  3 -6 -4  3   21   0   6   0   1   0   0   4   0  15   6   0   3   0   3   6  16   0   0  18  0.46 0.36
  452 F   -3 -7 -4 -7 -6 -6 -6 -4 -4  2  1 -7  4  8 -7 -6 -4 -3  0 -1    2   0   1   0   0   0   0   1   0  13  13   0  10  53   0   0   1   0   2   3  1.60 0.71
  453 V    2 -4 -4 -5 -3 -4 -4  2 -3  1  2 -4  2  1 -5  0 -1  3  2  0   17   0   0   0   0   0   0  16   0   8  22   0   5   5   0   6   4   4   6   5  0.37 0.29
  454 L    1 -6 -6 -6 -2 -5 -6 -2 -5  4  2 -5  3  3 -5 -3 -1  0 -2  3   12   0   0   0   1   0   0   4   0  24  16   0   7  13   0   1   3   1   1  18  0.65 0.39
  455 L   -1 -6 -4 -3  1 -5 -6 -2 -5  2  2 -6  1  6 -6 -5 -2 -2  2  0    6   0   1   2   3   0   0   4   0  10  19   0   3  38   0   0   3   0   7   5  0.92 0.49
  456 T    6 -6 -5 -6  2 -5 -5  2 -6 -3 -4 -5 -2  0 -5  1  1 -4 -6 -2   56   0   0   0   4   0   0  13   0   2   2   0   1   4   0   9   7   0   0   3  1.06 0.62
  457 A    3 -5 -5 -6 -1 -5 -5  2 -6  3  0 -5 -1  0 -5 -1 -2 -6 -5  3   25   0   0   0   1   0   0  15   0  17  10   0   1   3   0   4   2   0   0  21  0.61 0.40
  458 V    1 -5 -6 -6  0 -5 -5 -3 -6  4  1 -5  3  1  3 -2 -2 -4 -4  3   11   0   0   0   2   0   0   2   0  21  11   0   9   6  15   3   2   0   0  18  0.63 0.40
  459 S    3 -5 -3 -5  3 -4 -3  2 -2 -1  0 -4  3  0 -2  0 -1  0  2 -1   27   0   1   0   6   0   1  13   1   4  11   0   8   4   2   8   3   1   7   3  0.37 0.31
  460 I    0 -6 -6 -7 -4 -5 -6 -4 -5  2  3 -6 -1  2 -4 -5 -3 -2  3  3   10   0   0   0   0   0   0   1   0  10  32   0   1   9   1   0   1   1  11  24  0.79 0.45
  461 I    0 -6 -6 -6 -1 -6 -6 -1 -6  5  3 -6  0  0 -6 -3 -3 -4 -4  3    9   0   0   0   1   0   0   6   0  30  29   0   1   4   0   2   1   0   0  16  0.84 0.46
  462 G    3 -5 -3 -1  0  1 -4  4 -4  0 -1 -4 -2 -3 -3  0 -1 -6 -5  0   27   0   1   3   2   6   0  29   0   5   7   0   1   1   1   7   3   0   0   8  0.53 0.38
  463 A    4 -5 -5 -5 -1 -5 -5  1 -5  0  1 -5  2  2 -5 -1 -1 -2 -4  1   36   0   0   0   1   0   0   9   0   5  15   0   4  10   0   4   3   1   0  11  0.57 0.40
  464 I    1 -6 -6 -6 -3 -6 -6 -2 -6  4  3 -6  0  1 -5 -3 -3 -1 -4  3   11   0   0   0   0   0   0   3   0  24  29   0   1   6   0   1   1   1   0  21  0.79 0.44
  465 L    3 -5 -4 -3 -2 -5 -5 -3 -5  3  1 -5  0  4 -5 -1 -1  1 -2  3   24   0   1   2   1   0   0   2   0  14  11   0   2  15   0   3   3   2   1  20  0.56 0.38
  466 T    2 -5 -5 -5 -1 -5 -5 -3 -5  2  0 -5  2 -2 -3  1  2 -6 -4  4   17   0   0   0   1   0   0   2   0  12   6   0   4   1   1  10  14   0   0  30  0.63 0.42
  467 I    1 -3 -4 -5 -2 -1 -4 -2 -1  2  3 -2  1  2 -5 -2 -1  5  1  1   14   1   0   0   1   2   0   3   1  11  25   2   2   8   0   2   4   7   4  11  0.38 0.28
  468 V    0 -1 -5 -6  0 -4 -5 -4 -3  1  3 -1  1  4 -4 -3 -1  3  0  1    9   4   0   0   2   0   0   1   0   8  27   4   3  20   0   1   3   3   2  11  0.49 0.32
  469 L   -3 -3 -5 -6  0 -4 -6 -3 -5  1  4 -1  4  4 -6 -4 -2  4  1  0    2   1   0   0   2   0   0   3   0   7  36   4   9  17   0   1   2   6   5   5  0.72 0.42
  470 I    2 -3 -4 -3 -4 -3 -4  3 -4  1  2 -3  3 -2 -4 -3 -3 -3 -2  1   19   2   0   1   0   0   0  25   0   9  21   1   6   1   0   1   0   0   1  10  0.49 0.34
  471 P   -4 -1 -6 -3 -7 -2 -2 -6 -2 -1 -6  0 -5 -3  8 -4 -2 -3 -5  0    1   4   0   1   0   2   3   0   1   3   1   7   0   1  64   1   3   1   0   6  1.72 0.82
  472 E   -5  0 -4 -3 -9 -3  8 -7 -5 -8 -8 -1 -7 -8 -5 -4 -6 -8 -7 -5    0   4   0   1   0   0  88   0   0   0   0   3   0   0   1   1   0   0   0   1  2.44 1.09
  473 P   -2 -2 -4 -6 -6 -4 -5 -5 -4 -6 -3 -4 -4 -7 -2 -1  8 -6 -5 -5    3   2   0   0   0   1   0   1   0   0   3   1   0   0   2   3  83   0   0   0  2.12 1.00
  474 K   -2  5 -1 -5 -5 -1 -3 -4 -4 -7 -6  6  0 -7 -5 -1 -2 -5 -5 -4    3  29   3   0   0   2   1   1   0   0   0  50   2   0   0   5   2   0   0   1  1.41 0.71
  475 M   -2 -1  1 -3 -7  1 -5  7 -4 -8 -7 -1 -4 -5 -6 -2 -4 -7 -7 -6    3   4   7   2   0   7   0  69   0   0   0   4   1   0   0   2   1   0   0   0  1.58 0.74
  476 K   -2  5 -4 -4 -6  0 -3 -6 -2  0  0  5  1 -5 -5 -3 -1 -6 -4  0    2  28   0   1   0   4   1   0   1   5   8  35   3   0   0   1   3   0   0   8  0.89 0.52
  477 S    1 -1 -1  0 -5  0  2 -3 -3 -4 -5 -2 -4 -5  1  4  2 -3 -3 -1   10   2   3   5   0   4  16   1   0   0   0   2   0   0   6  32  12   0   1   4  0.52 0.41
  478 L   -5 -7 -8 -8 -6 -7 -8 -8 -5  2  7 -7 -1 -2 -8 -7 -6 -6 -6 -2    1   0   0   0   0   0   0   0   0   8  87   0   1   1   0   0   0   0   0   2  2.00 0.85
  479 E   -1 -3 -3  3 -7  0  7 -4  1 -7 -7 -3 -6 -7 -3 -1 -2 -7 -6 -4    5   1   1  14   0   3  63   1   3   0   0   1   0   0   1   4   2   0   0   1  1.46 0.73
  480 D   -1 -2 -1  3 -6  3  6 -4 -2 -6 -5  0 -4 -5 -5  0 -2 -6 -5 -3    4   1   3  17   0  13  46   0   1   0   1   4   0   0   0   6   2   0   0   2  1.02 0.56
  481 V    1 -5 -5 -5 -2 -3 -4 -5 -4  6  2 -5  2 -3 -4 -2  1 -5 -4  2   10   0   0   0   1   1   0   0   0  43  18   0   4   0   0   3   8   0   0  11  0.84 0.44
  482 A    3 -3 -1 -2 -2  1  4  0 -1 -5 -4 -2 -4 -5 -3  3 -1 -1 -5 -3   21   0   3   1   1   5  28   6   1   0   2   0   0   0   1  27   2   1   0   1  0.62 0.43
  483 K    2  2  0 -1 -4  1  1 -1 -1 -3 -3  2 -2 -3  0  1 -1 -4 -2 -3   23  12   4   2   0   7  10   4   1   1   2  16   1   1   4   9   3   0   1   1  0.30 0.24
  484 E    0  0  0  2 -4  1  3  0 -2 -2 -2  1  0 -4 -1  1 -1 -4 -4 -2    8   6   3  15   0   6  26   6   0   2   4   8   3   0   2   9   3   0   0   3  0.30 0.21
  485 E    0  0 -1  2 -3  0  2 -2 -2 -1  1  0  0  0  1 -1  0  0 -2 -1    7   4   2  13   0   2  14   2   1   4  20   5   2   5   8   2   5   1   0   1  0.12 0.13
  486 I    0  0 -2 -2 -2  0 -1 -2  2  2  1 -1  2  0 -1 -1  0 -3  0  1   11   7   1   1   0   3   2   1   6  14  16   1   6   3   3   4   6   0   4  13  0.10 0.11
  487 Q    0  2 -1 -1 -4  1  1 -1  3 -3 -3  3  0 -4  0  1  0 -4 -3 -2    6  14   1   2   0   7   6   4   9   0   0  26   2   0   5  10   5   0   0   4  0.34 0.22
  488 T    1  1  2  0 -3 -1  0  2 -2 -3 -3  0 -2 -2 -1  1  1 -4 -2 -1   15   9  11   3   0   1   6  14   0   0   0   7   0   2   2  12  13   0   1   4  0.20 0.14
  489 E   -2  3  2  0 -4  0  3  0  2 -3 -4  2 -3 -4 -3 -1 -1 -4 -1 -3    1  17  11   4   0   2  27   9   5   1   0  16   0   0   0   2   4   0   2   1  0.43 0.23
  490 T    0  0  0  0 -3  0  1 -1 -2 -2 -2  1 -2 -3  2  1  2 -3 -1 -1    7   6   2   5   0   2  10   3   0   2   3  11   0   0   9  13  21   0   2   4  0.21 0.13
  491 E    0  2  1  0 -3  1  2 -1 -1 -2 -1  1 -2 -3  0  1  1 -4 -3  0    6  14  10   2   0   3  21   2   0   0   6   7   0   0   3  11   8   0   0   7  0.20 0.12
  492 S    3  1  0 -2 -2 -1  0  0 -2 -3 -3  0 -2 -3 -2  3  1 -4 -3 -1   36   9   2   0   0   0   8   5   0   0   0   2   0   0   0  26   9   0   0   3  0.37 0.19
  493 E   -1  3  2  1 -4  2  3 -2 -1 -4 -4  1 -3 -4 -2  2 -1 -4 -3 -3    0  22  11   4   0   8  27   0   0   0   0   7   0   0   0  22   0   0   0   0  0.49 0.17

                      K         Lambda
Standard Ungapped    0.1397     0.3235
Standard Gapped      0.0410     0.2670
PSI Ungapped         0.1752     0.3176
PSI Gapped           0.0536     0.2670
