
Last position-specific scoring matrix computed, weighted observed percentages rounded down, information per position, and relative weight of gapless real matches to pseudocounts
           A  R  N  D  C  Q  E  G  H  I  L  K  M  F  P  S  T  W  Y  V   A   R   N   D   C   Q   E   G   H   I   L   K   M   F   P   S   T   W   Y   V
    1 M   -1 -1 -2 -3 -1  0 -2 -3 -2  1  2 -1  5  0 -2 -1 -1 -1 -1  1    0   0   0   0   0   0   0   0   0   0   0   0   0   0   0   0   0   0   0   0  0.00    0.00
    2 P   -1 -2 -2 -1 -3 -1 -1 -2 -2 -3 -3 -1 -2 -4  7 -1 -1 -4 -3 -2    0   0   0   0   0   0   0   0   0   0   0   0   0   0   0   0   0   0   0   0  0.00    0.00
    3 I   -1 -3 -3 -3 -1 -3 -3 -4 -3  4  1 -3  1  0 -3 -2 -1 -3 -1  2    0   0   0   0   0   0   0   0   0   0   0   0   0   0   0   0   0   0   0   0  0.00    0.00
    4 Q   -1  1  0  0 -3  5  2 -2  0 -3 -2  1  0 -3 -1  0 -1 -2 -1 -2    0   0   0   0   0   0   0   0   0   0   0   0   0   0   0   0   0   0   0   0  0.00    0.00
    5 S    1 -1  1  0 -1  0  0  0 -1 -2 -2  0 -1 -2 -1  4  1 -3 -2 -2    0   0   0   0   0   0   0   0   0   0   0   0   0   0   0   0   0   0   0   0  0.00    0.00
    6 L   -1 -2 -3 -4 -1 -2 -3 -4 -3  1  4 -2  2  0 -3 -2 -1 -2 -1  1    0   0   0   0   0   0   0   0   0   0   0   0   0   0   0   0   0   0   0   0  0.00    0.00
    7 D   -2 -2  1  6 -3  0  1 -1 -1 -3 -4 -1 -3 -3 -1  0 -1 -4 -3 -3    0   0   0   0   0   0   0   0   0   0   0   0   0   0   0   0   0   0   0   0  0.00    0.00
    8 P   -1 -2 -2 -1 -3 -1 -1 -2 -2 -3 -3 -1 -2 -4  7 -1 -1 -4 -3 -2    0   0   0   0   0   0   0   0   0   0   0   0   0   0   0   0   0   0   0   0  0.00    0.00
    9 S    1 -1  1  0 -1  0  0  0 -1 -2 -2  0 -1 -2 -1  4  1 -3 -2 -2    0   0   0   0   0   0   0   0   0   0   0   0   0   0   0   0   0   0   0   0  0.00    0.00
   10 A    4 -2 -2 -2  0 -1 -1  0 -2 -1 -2 -1 -1 -2 -1  1  0 -3 -2  0  100   0   0   0   0   0   0   0   0   0   0   0   0   0   0   0   0   0   0   0  0.41 0.00
   11 A    4 -2 -2 -2  0 -1 -1  0 -2 -1 -2 -1 -1 -2 -1  1  0 -3 -2  0  100   0   0   0   0   0   0   0   0   0   0   0   0   0   0   0   0   0   0   0  0.41 0.00
   12 T    2 -1 -1 -1 -1 -1 -1 -1 -2 -1 -1 -1 -1 -2 -1  1  4 -3 -2  0   35   0   0   0   0   0   0   0   0   0   0   0   0   0   0   0  65   0   0   0  0.36 0.01
   13 M   -2 -2 -3 -4 -2 -2 -3 -3 -2  1  3 -2  4  4 -3 -2 -1 -1  1  0    0   0   0   0   0   0   0   0   0   0  32   0  33  35   0   0   0   0   0   0  0.35 0.01
   14 N    0 -1  4  0 -1  0  0 -1 -1 -2 -2  0 -2 -3 -1  3  3 -3 -2 -1    0   0  33   0   0   0   0   0   0   0   0   0   0   0   0  35  32   0   0   0  0.38 0.01
   15 R   -1  5  0 -1 -4  1  0 -2  0 -3 -2  3 -2 -3 -2 -1 -1 -3 -2 -3    0  68   0   0   0   0   0   0   0   0   0  32   0   0   0   0   0   0   0   0  0.63 0.02
   16 R    0  3 -1 -1 -2  0  0 -2 -1  0 -1  2 -1 -2 -2  1  0 -3 -2  1    0  25   0   0   0   0   0   0   0   0   0  24   0   0   0  24   0   0   0  27  0.19 0.02
   17 R   -1  3  0 -1 -3  1  2 -2 -1 -3 -3  3 -2 -3 -2  1  1 -3 -2 -2    0  31   0   0   0   0  15   0   0   0   0  22   0   0   0  17  15   0   0   0  0.36 0.04
   18 F   -1 -2 -2 -3 -2 -2 -2 -3  3  0  2 -2  0  4 -3  0 -1  0  3 -1    0   0   0   0   0   0   0   0  15   0  33   0   0  26   0  13   0   0  13   0  0.29 0.05
   19 L   -2 -3 -4 -4 -2 -3 -3 -4 -3  2  4 -3  3  3 -4 -3 -2 -2  0  0    0   0   0   0   0   0   0   0   0   9  62   0  14  15   0   0   0   0   0   0  0.50 0.09
   20 G   -2 -3 -3 -3 -3 -2 -2  0  2 -1  2 -2  0 -2  6 -2 -2 -3 -2 -1    0   0   0   0   0   0   0   9  10   0  40   0   0   0  41   0   0   0   0   0  0.72 0.12
   21 H   -1 -1  2 -1 -3 -1 -1 -2  7 -3 -3 -1  1 -2 -3  3 -1  5  0 -3    0   0  13   0   0   0   0   0  40   0   0   0   8   0   0  30   0   9   0   0  0.67 0.17
   22 A    1  0 -2 -2 -2 -2 -2  3 -2  2 -1  1 -1 -2 -2  0 -1 -3 -3  0   14   6   0   0   0   0   0  34   0  27   0  11   0   0   0   8   0   0   0   0  0.28 0.11
   23 V   -2 -3 -4 -4 -2 -2  0 -4 -3  2  4 -3  1 -1 -4 -3 -2 -3 -2  2    0   0   0   0   0   0   8   0   0  12  68   0   0   0   0   0   0   0   0  13  0.56 0.16
   24 G    0 -2  0 -2  4  1 -1  2  1 -2 -2 -1  2 -3  0  2  1 -3 -2 -2    7   0   4   0  12   6   3  15   5   0   0   0  14   0   5  18  10   0   0   0  0.21 0.10
   25 A    3  1 -3 -3 -2 -2  0  0 -2  1  1 -1 -1  0 -2 -1 -1 -3 -2 -1   45   9   0   0   0   0   6   4   0  10  20   0   0   6   0   0   0   0   0   0  0.23 0.14
   26 A    3  1  0 -2 -2 -1 -2 -2 -2 -2 -1 -1 -2  0 -2  3  0  2 -2 -1   36  11   5   0   0   0   0   0   0   0   4   0   0   4   0  28   3   3   0   4  0.33 0.18
   27 V    0 -3 -1 -4 -2 -3 -4  0 -4  2  4 -3  0  0 -4 -3 -2 -3 -2  2    8   0   3   0   0   0   0   8   0   7  52   0   0   4   0   0   0   0   0  17  0.42 0.19
   28 L    2  0 -3 -2  4 -2 -3 -3 -3 -1  3 -2 -1 -2 -3 -1  3 -4 -3 -1   19   7   0   3  10   0   0   0   0   0  33   0   0   0   0   0  28   0   0   0  0.41 0.25
   29 T    0 -3 -3 -3  4 -3 -3 -3 -3  1  2 -3  2 -1 -3  1  1 -3 -2  1    5   0   0   0  14   0   0   0   0   9  23   0   7   2   0  16  12   0   0  13  0.32 0.18
   30 G    2  0 -2 -3  3 -2  0  2 -2  0  0 -2 -1  0 -3 -1 -1 -3  0  0   21   7   0   0   9   0   6  19   0   6  11   0   0   6   0   2   0   0   3   8  0.15 0.12
   31 A    2  0 -2 -3 -2 -2 -2 -2 -3  1  1 -2  1  0 -3  2  1 -3 -2  1   18   7   0   0   0   0   0   0   0   8  13   0   5   4   0  27   6   0   0  10  0.21 0.17
   32 S   -2 -1 -3 -4  6 -3 -3  0 -4  2  2 -3 -1 -2 -1  0  2  2 -3  0    0   3   0   0  20   0   0  10   0  15  21   0   0   0   3   6  14   4   0   3  0.37 0.21
   33 S   -1 -1 -2 -3 -3  0 -2  3 -2  0  0 -2  1  0 -3  2  1 -2  2  0    0   3   0   0   0   4   0  24   0   5   8   0   6   2   0  21   7   0  10   9  0.22 0.17
   34 T    0 -3 -3 -3  4 -3 -3  0 -3  1  2 -3 -1  1 -3  2  0 -3 -2  0    8   0   0   0  10   0   0   9   0  10  28   0   0   7   0  20   4   0   0   2  0.26 0.19
   35 A    3 -3 -3 -3  2 -1 -1  1 -3 -1  1 -3 -1 -3 -3  0 -2 -4 -3  2   32   0   0   0   6   3   3  11   0   0  15   0   0   0   0   7   0   0   0  23  0.32 0.22
   36 L    0 -1 -4 -4 -3 -3 -3 -3 -3  2  4 -3  3  1 -2 -3  0 -3 -1  1    8   4   0   0   0   0   0   2   0  10  45   0   7   5   2   0   6   0   2   9  0.41 0.23
   37 P   -2  1 -1 -3 -3  0 -2 -3 -1  0  1 -2 -1  3  2  0  1  1  0  1    0  11   3   0   0   3   0   0   2   4  14   0   0  14  12  10  12   2   2  10  0.20 0.17
   38 L    0 -3 -3 -2 -1 -3 -3 -2  1  1  3 -3 -1  3 -3 -1  0  0  0  0   11   0   0   2   1   0   0   3   5   8  36   0   0  14   0   4   6   1   3   4  0.30 0.20
   39 V    2 -3 -2 -2  1 -3 -3 -3 -3  1  2 -3 -1 -2 -1  1  0 -4 -1  2   25   0   1   2   3   0   0   0   0   5  27   0   0   0   2  13   5   0   1  13  0.29 0.22
   40 F    0 -3 -3 -4 -3 -2 -3 -2  2  0  1 -3 -1  4 -2  0  1  4  3  1   11   0   0   0   0   2   0   2   6   3  12   0   0  20   1   6   9   6  11  11  0.34 0.22
   41 T    1  0 -2 -3  0  0 -1 -1 -3  1  0 -1 -1 -2 -2  2  3 -4 -3  1   14   5   0   0   2   4   2   4   0   7   8   3   0   1   1  16  20   0   0  11  0.18 0.17
   42 T    1 -3 -1 -3  4 -1 -1 -1 -3  1  2  0 -1 -1 -3  0  2 -4 -3 -1   12   0   3   0   9   1   4   5   0  10  23   5   0   2   0   5  19   0   0   1  0.22 0.20
   43 P    1 -3  2 -2 -3  0 -1 -1 -3 -2  1 -2 -2 -3  4  1  0  1 -1 -1   12   0  13   0   0   5   3   4   0   0  15   0   0   0  22  12   4   2   2   5  0.35 0.23
   44 A    2 -1  0  0  3  0  0 -1 -2 -1  0 -2 -2 -3 -3  2  1 -4 -2  0   18   3   5   5   7   3   7   3   0   3   9   0   0   0   0  17  11   0   1   6  0.17 0.16
   45 R   -1  2  1  0 -1  1  0 -3 -2 -1 -2  1 -2 -3 -2  1  1 -4 -3  2    3  12   8   4   1   8   3   0   0   2   1   9   0   0   1  14  10   0   0  21  0.23 0.21
   46 A    3  0  0 -2 -3 -2 -3 -2 -3  0  1 -2 -1 -2 -2  1  1 -4 -3  1   28   7   4   2   0   1   0   1   0   5  18   1   0   1   1  13   7   0   0  10  0.22 0.21
   47 R    0  2 -1  1  1  2 -1 -2 -2  0 -1  0 -2 -2  0  2  1 -1 -3 -1    6  14   1   7   3  11   2   1   0   5   5   4   0   2   3  20   9   1   0   3  0.18 0.18
   48 E    2 -2  0  3 -3  1  2 -2  1 -2 -2  0 -3 -4 -2  2  1 -4 -3 -2   17   1   3  19   0   5  12   2   4   2   3   4   0   0   1  17   7   0   0   3  0.31 0.22
   49 A    1 -2  1  1  1  0  0  1 -3 -3 -3  0  2 -2 -2  2  1  1 -3 -1   14   1   9   7   3   3   5   9   0   0   1   5   8   2   1  18   8   2   0   4  0.19 0.19
   50 S    1  0  1  2 -2  1  0  0  0 -2 -4 -1 -3 -4 -2  3  0 -4  0 -3   14   4   6  13   1   7   6   5   2   2   1   3   0   0   1  27   4   0   3   0  0.32 0.25
   51 P   -1  1 -1  0 -5  1  0  0 -4 -4 -1  0 -2 -5  6 -1 -1 -5 -3 -3    5   8   3   5   0   6   7   7   0   0   6   5   1   0  39   3   3   0   1   1  0.72 0.37
   52 V   -3 -3 -3 -5 -3 -2 -1 -3 -2  2  1 -4 -3 -3  5 -4 -2 -5 -2  4    0   1   1   0   1   2   4   2   1  11  14   1   0   1  29   0   2   0   1  29  0.77 0.41
   53 V   -1 -2 -4 -3 -1  0  1 -5  0  3  0 -1 -2 -2 -4 -1  1 -5 -3  4    4   2   0   1   1   4   9   0   3  17   8   5   0   1   0   3  10   0   0  32  0.42 0.30
   54 I    0 -3 -7 -7 -2 -6 -6 -7 -7  3 -1 -4 -3 -2 -6 -5 -3 -6 -3  7    8   2   0   0   1   0   0   0   0  13   5   1   0   2   0   0   1   0   1  67  1.48 0.67
   55 E   -1  1  2  2 -2  4  2 -2  2 -4 -4  0 -4 -5 -4  0  2 -5 -2 -4    4   7   8  13   1  19  14   2   6   1   1   6   0   0   0   5  12   0   1   0  0.49 0.34
   56 T    0 -5 -3 -3  2 -3 -5 -4 -6  1  1 -5 -4 -5 -3 -1  6 -6 -5  2    6   0   1   1   3   1   0   1   0   8  13   0   0   0   1   5  48   0   0  12  0.95 0.56
   57 R    0  3  0 -1 -5  1  1  0  0 -4 -3  1 -3 -3  3  0  1 -5 -4 -3    7  14   4   2   0   6   8   7   3   0   2   8   0   1  17   8  11   0   0   2  0.36 0.27
   58 L    1 -2  1  0  3  3 -2  0  1 -3  0 -2 -1 -1 -3  2  0 -4  3 -2   10   1   5   5   6  13   2   6   3   1   8   1   2   3   1  16   5   0  11   3  0.22 0.24
   59 G   -1 -7 -4 -6 -7 -6 -7  7 -7 -8 -8 -4 -7 -8 -2 -4 -6 -7 -8 -8    5   0   1   0   0   0   0  90   0   0   0   1   0   0   2   1   0   0   0   0  2.48 0.98
   60 R   -2  2 -1 -1  0  1 -2 -3 -4 -1 -2  3 -3 -2  2 -1  3 -3 -2 -1    3  12   2   3   2   6   2   1   0   5   5  16   0   2  10   5  23   0   1   3  0.34 0.29
   61 L   -3 -5 -6 -6 -5 -1 -6 -6 -5  4  3 -5  1  1 -2 -5 -4 -1  3  4    1   0   0   0   0   3   0   0   0  27  22   0   2   6   2   0   0   1   9  25  0.89 0.46
   62 R   -3  4 -1 -2  0  2  0 -4  1  0 -1  1  1 -3 -4 -3  2 -5 -1 -1    1  28   3   1   2   9   6   0   4   7   7   8   3   1   0   1  15   0   2   3  0.44 0.33
   63 G   -1 -6 -5 -6 -7 -2 -6  7  0 -8 -8 -1 -7 -8 -7 -3 -4 -7 -4 -3    5   0   0   0   0   2   0  82   2   0   0   4   0   0   0   1   1   0   1   2  2.10 0.89
   64 E   -2  1 -1 -2 -4 -1  1 -4  1  1  0  1 -1  0 -2 -1  2  1  1  1    2  10   2   1   0   2   9   0   3   7  10  10   1   4   1   4  14   2   6  12  0.15 0.18
   65 S    0  2 -1 -1 -4  0 -1 -3  1  0 -2  0 -3 -2 -3  1  2 -2  1  2    8  12   3   4   0   4   2   0   4   5   3   5   0   1   1  12  16   0   4  15  0.20 0.22
   66 V   -1  1  0  2 -1  0  1 -3  2 -2  0  0  0 -1 -3  0  1 -1  0  1    2   7   3  13   1   5  10   1   5   1  13   6   2   2   0   6   8   1   3  11  0.13 0.15
   67 E   -2 -1  1  4 -5  1  1  2  2 -3 -4  1 -1 -4  0  0 -2 -5 -1 -5    1   2   7  23   0   6  10  18   5   2   1   7   2   1   4   7   1   0   2   0  0.46 0.32
   68 G   -2  0  2  1 -5  1  1  3  1 -5 -4 -1 -3 -4  1  0 -1 -5  1 -4    2   4  12   8   0   8  10  24   3   0   1   4   0   1   7   7   3   0   5   1  0.39 0.29
   69 V   -2 -5 -4 -6 -5 -4 -6 -3 -6  3  1 -5 -3  0 -6 -3  0 -5  2  5    4   1   1   0   0   1   0   2   0  16  12   0   0   4   0   2   5   0   6  47  0.94 0.50
   70 A    1 -1  1  2  0  0  1 -3  3 -1 -2 -2 -1 -1 -4  0  0 -1  1  0   15   3   8  15   2   4   9   1   8   5   4   1   2   2   0   6   4   1   6   6  0.19 0.20
   71 S    2  2 -3 -3 -2  1 -2 -3  1  0 -2 -1 -2 -2 -4  1  0 -3  2  2   21  11   1   1   0   7   2   1   3   7   1   4   0   1   0  10   7   0   8  14  0.27 0.27
   72 F   -1 -3 -8 -8 -7 -2 -8 -8 -5 -4 -3 -7 -5  8 -8 -7 -7  3  5 -5    6   2   0   0   0   3   0   0   0   1   2   0   0  65   0   0   0   4  18   1  2.30 0.94
   73 K   -2  3 -3 -2 -2 -1 -2 -2  3 -2  3  2  0  0 -5 -3 -1 -4  2 -2    2  16   1   2   1   2   2   4   6   1  34  11   2   3   0   1   4   0   6   2  0.42 0.32
   74 G    0 -3  0 -3 -6 -4 -3  7 -6 -7 -7 -4 -7 -7 -4  1 -5 -7 -7 -7    6   1   4   2   0   1   2  74   0   0   0   1   0   0   1   9   0   0   0   0  1.77 0.79
   75 V   -5 -7 -7 -7 -5 -7 -7 -7 -7  7  0 -4 -1 -5 -7 -6 -3 -7 -6  4    0   0   0   0   0   0   0   0   0  62   8   1   1   0   0   0   2   0   0  24  1.83 0.78
   76 P   -4  3 -7 -3 -8 -3 -4 -7 -7 -8 -8 -6 -7 -8  8 -5 -4 -8 -8 -4    1  15   0   1   0   1   1   0   0   0   0   0   0   0  76   1   1   0   0   1  2.58 1.14
   77 Y   -4 -7 -7 -8 -2 -2 -7 -8 -4 -2 -6 -7 -6  5 -8 -7 -7 -4  9 -6    1   0   0   0   1   2   0   0   0   3   0   0   0  24   0   0   0   0  68   0  2.79 1.14
   78 G    7 -6 -6 -6 -2 -6 -4  1 -6 -6 -6 -6 -6 -3 -4 -1 -3 -7 -1 -4   78   0   0   0   1   0   1  10   0   0   0   0   0   1   1   3   1   0   2   1  1.82 0.92
   79 A    2  1 -3 -1 -5  3  2 -3  1 -2 -2  3 -4 -5 -4 -1  2 -5 -3 -3   16   6   0   3   0  14  13   1   3   3   4  22   0   0   0   2  11   0   1   2  0.48 0.39
   80 S    3 -5 -4 -3 -5 -2 -4 -5 -2 -1 -2 -3 -2 -6  7  0 -3 -6 -6 -2   20   0   1   2   0   2   1   0   1   4   4   1   1   0  50   7   1   0   0   3  1.31 0.70
   81 T    1 -5 -5 -3 -5 -5 -5 -5 -5 -5 -4 -4 -5  0  8 -4  0 -5 -2 -4   10   1   1   2   0   1   1   1   0   1   2   1   0   5  66   1   6   0   1   2  1.88 0.86
   82 A    0 -2 -1 -3 -3 -3 -2 -1 -2  3  2 -2 -1 -2  0 -1  1 -3 -3  4    6   3   3   1   0   1   2   4   1  14  16   2   1   1   5   4   7   0   1  27  0.31 0.22
   83 G   -1  0  0  0 -4 -2 -1  6 -2 -4 -4 -1 -3 -4 -3 -1 -2 -4 -3 -3    4   5   5   6   0   2   5  53   1   1   2   4   1   1   1   3   2   0   1   2  0.88 0.42
   84 D    0  0  1  2 -2  1  3 -2 -1 -2 -2  0 -1 -2  2  1  0 -3 -3 -2    7   5   6  11   1   5  18   2   1   2   3   6   2   2  12   9   5   0   1   2  0.26 0.20
   85 N   -1  1  1 -2 -4 -1  0 -2  0 -2  4 -1  1 -1 -2 -3 -2 -4 -2 -2    5   7   7   2   0   2   7   3   2   1  47   3   3   2   2   2   2   0   1   1  0.51 0.36
   86 R   -4  9 -6 -6 -7 -2 -3 -7 -6 -7 -7 -4 -6 -7 -2 -6 -6 -7 -6 -7    2  88   0   0   0   2   2   0   0   0   1   0   0   0   3   0   0   0   0   0  2.83 1.26
   87 F   -2 -5 -7 -7 -6 -7 -4 -5 -6 -5 -1 -5 -2  8 -5 -4 -6  6  0 -4    4   1   0   0   0   0   1   1   0   0   6   1   1  67   1   1   0  11   2   1  2.27 1.03
   88 R    2  4 -3 -3 -2  3  0 -1 -1 -5 -3  3  2 -5 -3 -1 -1 -5 -5 -4   17  22   1   1   1  11   6   4   1   0   3  15   5   0   1   5   3   0   0   1  0.55 0.43
   89 P    2  0 -1 -1 -6 -2 -2 -4  2 -5 -2  1 -3 -3  6 -1 -3 -6 -1 -2   16   6   3   4   0   1   3   1   6   0   4   9   1   1  34   4   2   0   2   2  0.74 0.52
   90 P    0 -7 -7 -4 -7 -6 -5 -5 -7 -7 -5 -6 -7 -8  8  0 -4 -8 -5 -5    8   0   0   1   0   0   1   1   0   0   1   0   0   0  77   6   1   0   1   1  2.49 1.28
   91 V   -1  1 -3 -2 -5  4  2 -4 -1  0  0  1  1 -4 -3 -2  0 -5 -2  2    5   9   1   2   0  17  14   1   1   5   8   8   3   1   1   2   5   0   1  17  0.36 0.35
   92 P    0 -1 -5 -2 -4 -4  0 -5  2 -7 -1 -1 -7 -7  7 -1 -3 -8 -5 -4    9   3   1   3   0   1   6   1   4   0   6   3   0   0  54   5   2   0   1   1  1.42 0.88
   93 P    2 -3 -3 -3 -2 -1 -2 -4  1  0  0 -1 -1 -2  5 -1  0 -5 -1  1   15   1   1   1   1   2   2   1   4   6  10   4   1   2  25   4   5   0   2  11  0.43 0.36
   94 A    0  0 -1  1 -2  1  2 -1 -1 -1  1  0  1 -3  1  0  0 -4 -2 -2   10   4   2   7   1   6  15   5   1   3  14   5   4   1   8   5   7   0   2   2  0.13 0.18
   95 A    0  1  0  0 -2  0  0  0  2 -4 -4 -1 -3 -4  5  1  1 -6 -2 -4    7   7   4   6   1   5   5   6   5   1   2   3   1   1  25  11   8   0   2   1  0.46 0.39
   96 W    0  0 -4 -3 -6 -1 -3 -4 -1 -4 -1 -4  1  0  2  0  0 10  0 -2    7   6   1   2   0   3   2   1   2   1   6   1   4   4   9   6   5  33   3   3  1.19 0.72
   97 T   -1  2  1  1 -3  2  2 -1  1 -3 -2 -1 -2 -2  0  1  1 -4  0 -2    5  11   6   9   0   8  12   5   3   1   5   3   1   2   5   9   9   0   4   2  0.18 0.21
   98 G    0 -1 -1  1 -5  1  2  4 -2 -3 -3 -1 -3 -3 -1  0 -1 -6 -4 -4    9   3   2   9   0   7  13  30   1   1   3   3   1   1   4   7   4   0   1   1  0.45 0.37
   99 E    1 -1 -2 -1 -3 -2  0 -3 -2  2 -1 -2  0 -2  2 -1  1 -5 -1  3   11   3   2   3   1   2   6   2   1   9   5   2   2   2  10   4   9   0   3  23  0.25 0.25
  100 R   -1  5 -4 -3 -6  0  0 -4 -1  0  2  1  0  2 -2 -3 -4 -2  1 -1    5  27   1   2   0   4   5   1   2   5  16   7   2   8   2   2   1   1   5   4  0.50 0.36
  101 D    0 -2  3  5 -3  2  2 -4 -1 -3 -3 -1 -2 -7 -2 -3 -2 -7 -4 -3    9   3  12  32   1   9  11   2   1   2   3   3   1   0   3   3   3   0   1   2  0.75 0.50
  102 A    6 -1 -7 -7  2 -3 -7 -1 -3 -4 -3 -4 -1 -2 -4 -2 -2 -2 -2 -3   63   3   0   0   4   2   0   4   1   1   3   2   2   2   1   3   3   1   1   3  1.44 0.81
  103 T    1  2 -1 -2 -2 -3 -4 -2 -1 -2 -2 -2  1 -2 -3  0  5 -7  0  0   10  11   3   3   1   1   1   3   1   3   5   3   3   2   2   8  29   0   4   7  0.51 0.38
  104 Q    1  4 -1  0 -1  3  2 -3 -1 -1 -2  1 -3 -4 -3  1  0 -6 -1 -1    9  17   3   5   1  11  11   3   1   3   4   8   1   1   2   9   5   0   2   4  0.31 0.26
  105 F    0 -1 -5 -2 -3  0  0 -4  1 -1  0 -2  0  4  2 -3 -1  1  5 -2    8   3   1   3   1   4   7   2   3   3   8   2   2  15   9   2   4   2  17   4  0.45 0.32
  106 G    1  2 -2 -1 -2  1 -1  3 -1 -2 -2 -1 -1 -4  2  1 -2 -6  1 -3   10  11   2   3   1   5   5  19   1   3   5   5   1   1  10   9   2   0   4   2  0.27 0.24
  107 L    2  0  1 -1 -1 -1 -2 -4 -1 -1  0 -1  1  0  4  0 -2  1 -1 -1   15   5   6   4   1   3   3   2   1   4  10   4   3   3  19   6   3   2   2   4  0.27 0.24
  108 S    2  0  0 -1 -1  0  0 -1 -5  0 -1 -1  3 -1 -1  2  0 -1 -2  0   15   5   4   3   2   4   6   5   0   5   6   4   6   3   3  13   5   1   2   7  0.12 0.14
  109 A    3  1 -4 -2  9 -3 -8 -3 -3 -4 -3 -3  1 -2  1  0 -3 -1 -8 -2   22   6   1   3  32   1   0   2   1   1   3   2   3   2   7   7   2   1   0   3  1.23 0.70
  110 S    1  1 -3  1  1 -1 -3 -3 -1  0  0 -3  1 -2  4 -1  0  2  0 -1   10   7   1   7   3   3   2   2   2   6   9   2   3   2  22   5   5   2   3   5  0.32 0.27
  111 Q    0  0 -2 -3 -1  6 -2 -1 -1 -2 -1 -2  1 -1  1 -2 -2 -2  0 -1    7   5   2   1   2  33   3   5   2   3   6   2   3   3   7   3   3   1   3   4  0.63 0.47
  112 P   -1 -2 -1 -1 -6  0 -2 -1  0 -1 -1 -2 -1  1  6 -2 -2  0  0 -2    5   3   4   4   0   4   4   5   2   3   7   3   1   5  35   4   2   2   3   4  0.61 0.45
  113 A    0  1 -1  0 -5  1  0  0 -2 -1 -1 -1  0 -2  3 -1  0 -1 -1  0    8   7   4   6   0   6   6   8   1   4   7   4   2   2  14   5   5   1   2   7  0.12 0.13
  114 A    1  0  0  0  0  0  0 -1 -1  0 -1 -2  0 -1  1  0  0 -1  0  0   11   6   5   6   2   3   5   5   1   7   7   2   2   2   8   8   6   1   3   6  0.00 0.06
  115 A    1  1 -1  0 -1 -1  0  0 -2 -2 -2 -1  0  0  3 -1  0  0 -2 -2    9   7   3   5   2   2   7   6   1   2   4   4   2   4  17   5   7   1   2   3  0.12 0.20
  116 S   -1  0 -1  0 -1  1  0  0  0 -1 -1 -1  1 -2  2  1  0  1  0 -1    5   5   2   5   1   6   5   8   2   3   8   3   4   2  10  10   5   2   3   5  0.02 0.10
  117 P   -2  0 -1  0  0  0  1 -2  0 -1 -2 -1 -1  0  5 -1 -1  1 -1  0    4   5   3   5   2   5   8   4   2   3   4   4   2   4  24   4   3   2   2   6  0.27 0.31
  118 V   -1  0 -1  0  0  0  0 -2  1  0 -1 -1  2  0  1 -1  0  2  0  1    6   4   3   6   2   5   5   4   3   6   6   3   6   4   8   4   5   2   3   9  0.02 0.08
  119 E   -1  0  0  0  2  0 -1 -1  2  0 -1  0  2  0  0 -1  0  3  1 -1    5   5   5   5   5   5   5   5   5   5   5   5   5   5   5   5   5   5   5   5  0.03 0.09
  120 F    1  0 -2 -2 -3 -2 -2  0  2  0  1 -2  1  3  0 -1 -1 -2  1  1   12   6   2   3   1   2   2   7   5   4  12   2   3  11   5   5   3   1   4  10  0.14 0.11
  121 A    1  1 -1  0 -5 -1  1  0  1 -1 -2  0  0 -3  0  2  0 -2 -2  0   12   9   3   6   0   2   8   7   3   4   4   6   2   1   5  13   5   1   2   8  0.11 0.12
  122 W   -1 -1  0 -1 -6 -3  1 -1 -1  1 -1 -3  2  0  0 -1  1  2 -3  4    5   4   5   4   0   1   9   5   2   7   5   1   5   4   5   4   8   3   1  23  0.26 0.19
  123 Y   -1  1 -1  0 -2  0  3 -1  2  0  0 -3  0  0 -2 -2  2 -1  0  1    5   8   3   5   1   4  16   5   4   5   8   1   2   4   2   3  10   1   4   9  0.15 0.15
  124 W   -2  0  1  4 -1 -2  1 -2 -1 -2  0 -2 -2  0  0  0  0  0  0 -1    4   6   6  25   1   2   7   3   2   2   8   3   1   4   4   7   6   2   3   4  0.31 0.23
  125 S   -1  2  1  2 -1  0  0  0  1  0  0 -1  0  0  0 -2  0 -2  0 -1    6  12   7  10   2   4   5   6   4   7   8   4   2   4   5   3   5   1   3   4  0.09 0.09
  126 K    0  0  0  0 -2  1  1 -1  0 -1 -1  0  1 -1  0  0  1  1 -1  0    7   6   3   7   1   5   8   5   3   3   5   7   4   2   4   7  12   2   1   8  0.06 0.08
  127 V    0 -2 -1 -2 -1 -1 -2  0 -1  4  0 -3  0  0 -1 -2  0 -1 -2  2    7   2   3   2   1   3   2   8   2  27   7   2   2   5   3   2   6   1   1  16  0.32 0.25
  128 P   -1 -1 -1  1 -2  0  0 -2 -1 -2 -3 -1 -2 -2  6 -1  0 -1  0  0    6   3   3   7   1   3   5   3   1   3   2   3   1   2  38   3   5   1   3   6  0.65 0.45
  129 T    0 -1 -1 -2 -1  0 -2  4  0 -1 -2 -2  0 -2  0 -1  1 -1 -2 -1    6   3   3   1   1   5   2  37   3   3   3   2   2   1   4   5  10   1   1   5  0.40 0.32
  130 S    1  1  0  1 -1 -1  1  0 -1 -4 -3 -1 -1 -2  3  2 -1 -4 -1 -3   11   9   3   8   1   2   8   8   1   0   2   3   1   1  17  16   4   0   2   2  0.29 0.28
  131 E    1  0 -1  2 -4 -1  3  1  1 -2 -2 -1 -3 -2  0 -1 -1 -4 -2 -1   12   4   2  13   0   2  23  13   4   2   4   2   0   2   5   4   3   0   2   4  0.27 0.26
  132 D   -1  0  0  3 -4 -1  0  4  1 -2 -2 -2 -1 -2  1 -1 -1 -4 -1 -2    3   5   3  15   0   3   6  34   3   2   3   2   2   2   6   3   4   0   2   2  0.39 0.31
  133 N    1  0  0  2  3  0  0  0  1 -2 -2  0  0 -3  1  0 -1  2  0 -1   11   4   3  11   8   3   6   9   4   0   3   6   3   0   6   7   4   3   3   6  0.11 0.14
  134 L    0  0  1  0 -2  1 -1 -2  2  0  0 -1  1  1  1  0  0 -2  1  0    7   7   7   7   0   7   0   0   6   7   7   0   6   6   7   7   7   0   6   7  0.07 0.12
  135 T   -1  3  0 -3 -3 -2 -4 -2  1 -4 -2 -2 -5  1  4 -3  1 -5  5 -1    5  15   4   2   1   1   1   3   3   1   4   2   0   5  18   2   9   0  20   4  0.63 0.47
  136 L    1 -4 -8 -8  0 -7 -7 -5 -7  2  5 -7 -1 -3 -7 -4 -3 -7 -3  3   11   1   0   0   2   0   0   1   0  10  46   0   1   1   0   1   1   0   1  21  1.13 0.62
  137 S   -5  6  6 -2 -3 -4 -4 -5 -3 -5 -5 -3 -4 -5 -3  0 -1 -8 -3 -4    1  40  31   3   1   1   1   1   1   1   1   2   1   1   2   8   4   0   1   2  1.46 0.84
  138 V   -4 -3 -10 -10 -2 -9 -6 -10 -1  6  1 -9 -1 -3 -10 -5 -4 -10 -2  5    2   2   0   0   1   0   1   0   2  36  13   0   2   1   0   1   1   0   1  36  1.61 0.78
  139 Y   -6 -2 -5 -6 -2 -4 -5 -10  0 -5 -6 -9 -4  2 -2 -5 -1  8  9 -3    1   3   1   1   1   1   1   0   2   1   1   0   1   7   2   1   4  16  53   2  2.33 1.15
  140 T    1  5 -4 -4 -1 -3 -3 -5  0 -1 -2 -1 -1 -4 -4 -2  4  2 -4  1   12  26   1   1   1   2   2   1   2   4   4   4   1   1   1   3  19   3   1  10  0.70 0.48
  141 P   -3 -3 -2 -3 -10 -2 -3 -3 -2 -4 -6 -2 -3 -10  8 -3 -3 -10 -3 -5    2   2   2   2   0   2   2   2   1   1   1   3   1   0  70   2   2   0   1   1  2.15 1.23
  142 G    2  1 -1  0  1  1  0 -1  0 -1 -3  1 -2 -3  0  1 -1  0 -1 -1   19   8   3   5   2   6   5   6   3   3   3   7   1   1   6  10   4   1   2   5  0.16 0.16
  143 V    0  0  0  0  2  0  1  1  2 -1 -1 -1  0 -1  2 -1  0  0 -1 -1    7   6   5   5   4   4   8  10   6   3   5   4   3   3   9   5   6   2   2   4  0.08 0.08
  144 N    1  2  1  1 -1  0  0 -1  1 -3 -3  1 -6 -2  1  1  1  0 -2 -2   11   9   7   8   2   3   7   5   3   2   2   9   0   2   7   9   8   1   2   3  0.19 0.19
  145 D   -1  0 -1  1 -1  0  0  0  0 -3 -3  1 -2 -2  3  2  0  0 -2 -2    6   5   3   9   2   4   6   8   3   2   2   8   1   2  15  13   5   1   1   3  0.23 0.23
  146 G    0  1  1  2 -1  0  1  1  1 -2 -2  0 -1 -2  0  1  0  0 -2 -2    8   6   6  10   2   4   8   9   3   2   4   6   1   2   6  11   5   1   2   2  0.11 0.13
  147 G    0  0  0  0  2  0  0 -1  1  0 -1  0  1  0  0  0  0 -2  1  0    5   5   5   5   5   5   5   5   5   5   5   5   5   5   5   5   5   0   5   5  0.03 0.05
  148 K    0  0  0  0 -2  1  0  0  1  0 -1  0  1  0  1  0  0 -3 -1  0    6   6   5   6   0   5   6   6   5   6   6   6   5   5   6   6   6   0   0   6  0.01 0.07
  149 R   -1  0 -2  0  2  0  0 -1  2  0 -1  0  1  0  0  0  0  3  1  0    5   5   0   5   5   5   5   5   5   5   5   5   5   5   5   5   5   5   5   5  0.06 0.10
  150 P    0  0  0  0 -3 -1  0  0 -2 -3 -3  0 -3 -4  6  0  0 -4 -3 -3    7   5   5   5   0   0   5   7   0   0   1   5   0   0  44   6   6   0   0   1  0.76 0.22
  151 I    1 -2 -2 -2  3 -2 -2  0 -2  1  0 -2  2 -2  2  0  1 -3 -2  1   10   0   0   0   9   0   1  10   0  10  10   1   9   0  10  10  10   0   0  10  0.14 0.10
  152 L   -2 -3 -2 -5 -2 -3 -4 -2 -2  3  3 -3  6  0 -4 -3 -1 -4 -2  2    2   1   2   0   1   0   0   3   1  14  27   1  25   3   0   0   4   0   1  14  0.62 0.37
  153 V   -1 -2 -4 -5 -3 -1 -4 -4 -2  2  1 -4  1  1 -3 -2 -2 -4 -3  5    4   3   0   0   0   4   0   1   1   8  12   0   2   6   1   3   1   0   0  54  0.74 0.43
  154 W   -2 -5 -2 -1 -5 -5 -4 -5  0 -3 -3 -5  0  5 -6 -5 -2 10  5 -3    3   0   2   4   0   0   1   0   2   1   2   0   3  20   0   0   3  37  20   1  1.76 0.70
  155 L   -2 -5 -2 -5  0 -4 -5 -5 -4  5  1 -5  2  4 -5 -1 -1 -1  0  1    2   0   2   0   2   0   0   0   0  38  12   0   5  18   0   4   3   1   3   6  0.70 0.40
  156 H   -4 -3  0 -2 -2 -2 -4 -3  9 -5 -5 -4 -5 -1 -1 -4 -1 -5  4 -2    1   1   4   2   1   2   0   2  57   0   0   0   0   2   3   0   5   0  14   3  1.84 0.77
  157 G   -2 -6  2 -1 -6 -5 -2  6 -5 -7 -6 -5  0 -6  0 -2 -5  1 -6 -6    3   0   8   3   0   0   3  69   0   0   0   0   2   0   5   3   0   2   0   0  1.55 0.68
  158 G    0 -2 -4 -2 -5 -1 -1  6 -5 -6 -6 -4 -5 -6 -5 -1  0 -5 -5 -5    7   2   0   2   0   2   5  68   0   0   1   0   0   0   0   4   5   0   0   0  1.43 0.62
  159 A    0 -2 -2 -1 -5 -1 -3  5 -1 -3 -2 -4  1 -2 -5  1 -2  0  0 -5    9   3   2   3   0   2   2  49   2   2   4   0   3   2   0   9   2   2   3   0  0.81 0.50
  160 F   -3 -1 -2 -2 -6 -2 -6 -2  1 -2  0 -6  1  7 -6 -5 -2  6  4 -5    2   3   3   3   0   2   0   3   3   2   9   0   3  38   0   0   2  11  13   0  1.14 0.66
  161 S   -1  0 -1 -1  1  2  0 -2  0  0 -1 -1  2  0 -3 -1  0  2  1  2    5   4   3   4   3   9   6   3   3   6   6   3   7   5   0   5   7   3   4  15  0.09 0.16
  162 I   -1 -1  0 -1  0  0 -1 -1  1  0  0 -1  2  1 -3  0  0  2  1  0    5   3   3   3   3   3   4   5   3   7   8   3   8   7   0   9   7   3   4   7  0.03 0.10
  163 G    0 -2  1  0  2  1  0  0  2 -1  0 -2  1  1 -2  0  0 -2  1  0    7   0   7   7   6   7   7   7   6   0   7   0   6   6   0   7   7   0   6   7  0.07 0.13
  164 A    0 -3  1  3 -1 -3 -3  1  1 -6 -5 -3 -2 -2 -4  5  1 -4 -1 -5    6   1   5  16   2   1   1  10   3   0   1   1   1   2   1  40   9   0   2   0  0.74 0.52
  165 G    1 -3 -1 -4 -3 -4 -3  3  0  0  2 -2 -2 -4  1  1  0 -3 -4  0   14   1   3   0   0   0   1  19   2   6  21   3   0   0   8  11   5   0   0   5  0.30 0.28
  166 T   -1 -1  2  5 -3 -2  2 -1  1 -4 -5 -2 -3 -3 -5  3  0 -2 -3 -3    6   3   8  28   1   1  12   5   4   1   1   2   1   1   0  20   6   1   1   2  0.58 0.41
  167 S   -1 -2  0  1 -4  0 -1 -1 -2  0  0 -2  2 -3 -2  2  3  0 -2 -2    4   2   5   8   0   5   3   5   0   5  11   1   5   1   2  19  17   1   1   2  0.22 0.24
  168 P   -1 -1  0  1 -3 -1  0 -3  6 -3 -2 -2 -2  1  3 -1 -2 -1  2 -2    6   4   4   8   1   3   6   2  20   1   4   2   1   5  15   5   2   1   8   4  0.45 0.31
  169 G   -2 -1  0  5 -2 -1  0 -1 -1 -1 -1 -2 -1  0 -1 -1 -1  3  0 -1    4   3   4  35   1   2   6   4   2   4   6   1   1   4   3   3   4   4   3   5  0.41 0.28
  170 F    0 -2  0 -1 -3 -2 -1  0  0 -1 -2 -3 -1  2 -1 -1 -2  3  6  0    9   2   4   3   1   1   5   8   2   3   3   1   2   8   3   4   2   3  29   6  0.43 0.32
  171 D   -1 -1  1  4 -3  0  0 -1  0  0  0 -2 -1 -2  1  0 -1 -1 -2  0    3   3   5  24   0   4   4   5   2   7  12   1   1   2   6   6   4   1   1   9  0.19 0.19
  172 G    1 -4 -2 -3  7 -3 -4  4 -3 -3 -2 -4 -1 -3  2 -2 -2 -5 -5 -4   12   1   1   2  25   1   1  32   0   1   3   0   1   1  12   2   2   0   0   1  0.99 0.52
  173 S    0  5 -1  0 -3  1  0 -2 -1 -4 -2  0 -2 -2 -1  1  1 -3 -3 -3    8  32   1   5   1   6   6   3   1   1   4   4   1   1   3  13   8   0   1   1  0.42 0.32
  174 H    1  1  1 -1 -2  0  1 -1  1 -1 -1  0  0  0 -1  0 -1  3  1 -1   14   9   7   2   0   4   8   5   3   4   4   4   3   5   2   8   3   4   7   3  0.08 0.10
  175 L   -3 -3 -3 -5 -2 -3 -4 -5 -2  2  4 -3  2  3 -3 -4 -2 -1  0  0    1   1   1   0   1   1   0   0   1  13  46   1   5  14   1   0   3   1   2   6  0.70 0.38
  176 A    5 -4 -3 -4  3 -2 -2 -3 -4 -2 -1 -3  0 -1 -4  0 -1 -1 -2  1   57   0   1   0   5   2   2   1   0   1   4   1   2   2   0   5   2   1   1  10  0.80 0.50
  177 K    2  3  2  0 -2  1  0 -2  0 -2 -2  1  0 -3 -1  0 -1 -3 -2 -2   21  18  10   5   1   5   6   2   2   2   2   7   3   1   2   7   2   0   1   2  0.24 0.22
  178 A    0  1  1  1 -2  1  1  0  1 -2 -1  1 -1 -2 -2  0  0 -1  0 -1    9  10   8   9   0   5  12   8   5   2   5   6   2   2   0   4   7   1   3   3  0.11 0.10
  179 Q    1  1  0 -1 -2  2  1  1  1 -2 -1  0 -1 -2 -2  1  1 -1 -2 -2   14   7   5   2   1  10  11  12   3   1   5   6   1   1   1   9   9   1   1   2  0.14 0.13
  180 N   -2  0  3  3 -2  0  0  4 -1 -5 -5  0 -4 -5  1 -1 -2 -5 -3 -4    2   5  13  20   1   3   5  30   1   0   1   5   0   0   8   3   1   0   1   1  0.56 0.31
  181 V    1 -3 -4 -4  5 -3 -3 -2  0  3 -1 -4  0  0 -4 -2 -2 -1 -1  4   14   1   0   0  12   1   2   4   3  16   3   0   2   5   0   1   1   1   2  31  0.52 0.32
  182 V   -1 -3 -4 -4 -2 -3 -5 -4 -2  5 -1 -3  0  0 -2 -3 -2 -5 -4  5    4   1   1   1   1   1   0   1   1  31   2   1   2   3   2   1   2   0   0  45  0.92 0.45
  183 V   -2 -3 -5 -5  0 -2 -5 -3 -1  1  1 -4  0  1 -4 -2 -2 -1  1  5    3   1   0   0   2   2   0   2   2   5  12   0   1   6   1   2   2   1   5  55  0.78 0.42
  184 V   -1 -1 -6 -6 -4 -5 -5 -6 -6  3  0 -5  1 -2 -5 -5 -3 -6 -4  6    5   3   0   0   0   0   0   0   0  11   5   0   3   2   0   0   0   0   0  69  1.34 0.58
  185 S    1 -1  1 -2 -1  0 -1 -2 -4 -3 -4 -2 -2 -3 -4  4  3 -5 -3 -2   11   2   6   1   1   3   3   2   0   1   1   1   1   1   0  40  22   0   1   3  0.63 0.44
  186 I   -2 -5 -5 -5 -1 -4 -5 -5 -5  3  0 -5  3  3  0 -3 -2  0  0  4    2   0   0   0   1   0   0   0   0  19   6   0   8  14   5   2   1   1   2  38  0.73 0.40
  187 N   -2 -2  6  3 -5  1 -1  2  2 -3 -5 -1 -4 -3 -3  0 -2 -5 -2 -5    3   1  38  15   0   7   3  13   5   2   0   3   0   1   1   4   2   0   2   0  0.72 0.42
  188 H   -2 -2 -6 -7 -6 -2 -6 -7  4 -5 -3 -5 -1  2 -7 -5 -2 -2  9 -2    3   3   0   0   0   2   0   0   8   0   2   0   2   7   0   0   2   0  70   2  2.15 0.87
  189 R   -3  8 -1 -5 -7 -3 -2 -3  0 -6 -3 -2 -5 -6 -1 -3 -5 -6 -5 -6    2  81   3   0   0   0   3   2   2   0   3   0   0   0   3   2   0   0   0   0  2.00 0.83
  190 L   -2 -2 -5 -2 -4 -2 -3 -3 -1 -1  5 -2  1 -3 -5 -3  0  0 -1  1    2   2   0   2   0   2   2   2   2   2  59   2   2   0   0   2   6   2   2  11  0.71 0.47
  191 N    1 -1  2 -1  2 -1 -2  5  2 -5 -5 -1 -4 -4 -1  0 -3 -5  1 -2   10   3  11   3   4   2   3  39   5   0   0   3   0   0   3   8   0   0   4   2  0.60 0.41
  192 L    1 -1 -1 -1  1 -2 -2 -2  2  1  1 -2  0  1  1 -1 -1  1  0  1   14   2   2   4   3   0   1   3   6  10  15   1   2   5   6   4   3   2   2  12  0.09 0.13
  193 F   -1 -3 -1 -1  2  0  1 -2  0 -1  2 -3  0  4 -1 -2 -1  5  1 -1    5   1   2   3   5   4  11   3   2   3  19   1   2  18   3   3   2   8   3   3  0.27 0.23
  194 G    0 -2  1  1  3 -1 -1  1  3 -2  0 -1 -1 -2  2  1 -1 -3 -2 -2   11   1  10  11  10   0   1  11  10   1  11   1   0   0  11  11   1   0   0   1  0.18 0.10
  195 S   -1  0 -2 -2  1 -2  0  0  3  0 -1  0 -2  3  2  0 -1  2  1 -1    4   5   0   0   3   0   6   9   8   6   5   5   0  17   9   6   4   3   4   4  0.14 0.13
  196 L    1  0 -2 -3  1 -1 -1 -1 -2  0  1 -2  1  3  0 -1  0  2  0  0   12   6   0   0   4   2   5   5   0   3  15   1   3  16   5   3   6   3   2   7  0.11 0.13
  197 F    1  0  0  1  0 -1 -2  0  2 -1 -1 -1 -1 -1  2  0  0  1  2 -2   11   6   4  10   2   3   1   8   5   3   7   2   1   2  11   8   5   2   8   2  0.11 0.12
  198 T    0 -2 -1 -1  3 -1 -3 -1  2 -1  1 -3  0  0  0  0  2  4  0  0    7   2   3   3   7   3   1   5   6   3  14   1   2   5   5   8  12   6   2   5  0.16 0.19
  199 G    0 -1  2 -1 -5 -1 -1  2  1 -5 -3 -1  1 -1  2  1 -1  2  0 -2    9   4   8   4   0   3   5  16   3   1   4   4   3   3  12   9   4   3   3   3  0.23 0.20
  200 E   -1 -1 -1  4  1  0  0  1  1 -2 -2 -1  0 -1 -1  0  0  2  0 -2    5   3   3  20   3   4   7  10   3   3   4   3   3   3   3   8   6   3   3   3  0.24 0.19
  201 F    0 -1  0  0 -2 -1  0 -1  1  0  1 -1  1  1 -1 -1  0 -2  1  0    7   3   5   5   0   3   5   5   4   4  20   3   5   7   3   4   4   0   4   6  0.04 0.08
  202 P    0  0  0  0 -3  1  0  0  2  0 -1  0 -1  0  1  0  0  3 -1  0    6   6   6   6   0   6   6   6   6   6   6   6   0   6   6   6   6   6   0   6  0.06 0.09
  203 E    0 -2 -2  1 -4  0  6 -1 -2 -3 -3  0 -3 -2 -1 -1 -1 -4 -2 -3    8   2   2   6   0   3  46   5   1   2   3   4   1   2   3   3   4   0   1   2  0.73 0.40
  204 E    0  0  1  1 -2  0  1 -2  7 -3 -2 -2 -2 -1 -1  0 -1  0  0 -2    7   5   5   8   1   3   9   3  28   2   3   2   1   3   3   6   3   1   3   3  0.56 0.30
  205 L    0  2 -1  0 -1  0 -1 -1 -1 -2 -1  1 -3 -2  4  0 -1 -1 -1 -1    9  10   3   5   1   4   2   5   1   2   5  10   0   2  22   6   3   1   3   5  0.28 0.19
  206 S    0 -2 -1  1 -4 -2  0 -1  0 -1 -2 -2 -1  5  0 -1 -2  1  3 -2   10   2   2   7   0   2   7   6   2   4   3   3   1  26   5   4   2   2   9   2  0.36 0.24
  207 P   -1 -1 -1  1 -4  0  0 -1  3 -3 -3 -2 -4 -3  6 -2 -1 -5 -3 -2    4   3   2   7   0   4   6   6   6   1   3   2   0   1  42   2   4   0   1   3  0.89 0.47
  208 A    4 -2 -1 -3 -1 -2 -3  1 -2  0 -2 -3 -2 -3 -2  0  1 -4 -3  1   40   2   3   2   1   2   2  11   1   4   3   2   1   1   2   6   7   0   1   9  0.46 0.32
  209 S    4  0 -1  0 -2 -1 -1 -2  2 -3 -3 -2 -3 -3  3  0  0  0 -2 -2   31   5   3   6   1   2   3   3   5   2   3   2   0   1  17   6   6   1   1   3  0.42 0.28
  210 G    2 -1 -1  0 -1 -1 -2  3  1 -1 -1 -1 -1 -1  0  0 -1  1 -1 -1   15   3   2   4   1   3   2  28   3   3   6   2   1   2   4   6   4   2   2   5  0.22 0.14
  211 N   -2 -1  6  2 -3 -2 -1 -1  1 -2 -3 -1 -3 -2  0  0 -2 -3 -1 -3    2   3  44  11   1   1   4   5   3   3   3   3   1   2   4   5   2   0   2   2  0.75 0.32
  212 L    0  0  0  1 -1  0 -1 -2  1  0  0 -1  1  0 -1 -1  0  3  2  0    7   5   3  12   1   4   3   2   3   6  12   2   4   4   3   3   4   5   9   8  0.07 0.07
  213 S    2 -3 -2 -2 -3 -1 -1  5 -3 -2 -3 -3 -3 -3  0 -1 -2 -3 -2 -2   19   1   1   2   0   3   4  46   0   2   3   1   1   1   5   3   2   0   2   2  0.74 0.34
  214 V   -2 -3 -3 -4 -1 -2 -3 -3  0  2  4 -3  1  1 -2 -3 -1 -3  0  3    2   2   1   1   1   2   1   2   2  11  37   1   3   6   2   2   2   0   4  18  0.44 0.25
  215 L    0  0 -1  2 -3  1  2 -2  1 -1  1  0  1  0 -3 -1 -1  2 -1 -2    8   5   2  14   0   6  13   2   4   2  16   5   3   4   1   4   2   3   2   2  0.15 0.14
  216 D   -1 -5 -4  8 -6 -4  0 -5 -5 -6 -6 -5 -6 -6 -5 -1 -5 -6 -6 -1    6   0   0  73   0   0   5   1   0   0   1   1   0   0   1   5   1   0   0   5  1.98 0.77
  217 Q    2 -3 -2 -4  4  5 -2 -2  0 -1 -2 -2  1 -1 -4 -1  1 -5 -4  0   20   0   2   1   9  27   2   3   2   4   3   2   3   3   1   5   7   0   0   5  0.56 0.35
  218 I   -1  1 -1 -1  1  0  0 -2  1  2  0 -1  1  1 -4 -1 -1  3  3  0    6   8   3   3   3   5   6   3   3  13   7   3   3   5   0   3   3   4  12   7  0.13 0.17
  219 A   -1  0  0  0  2  0  0 -1  2  0 -1  0  1  0 -3  0  0  3  1  0    5   5   5   5   5   5   5   5   5   5   5   5   5   5   0   5   5   5   5   5  0.06 0.10
  220 A    6 -6 -6 -6 -1 -5 -3 -2 -6 -5 -3 -5 -5 -6 -5 -2 -2  3 -5  1   72   0   0   0   1   0   2   3   0   0   2   0   0   0   0   3   2   4   0   8  1.58 0.73
  221 L   -2 -5 -6 -6  0 -5 -5 -6  0  2  5 -5  0  1 -6 -5  1  3  1  1    3   0   0   0   2   0   0   0   2   8  50   0   2   6   0   0   9   3   4   7  0.87 0.44
  222 K    0  3  0  0  1  2  2 -2  0 -2 -2  2 -2 -3 -4 -1  0 -1 -2 -2    6  16   3   5   4  11  12   2   2   2   4  14   1   1   0   5   6   1   1   3  0.28 0.22
  223 W   -3 -3 -7 -3 -1 -1 -7 -4  1 -7 -6 -7 -6  0 -7 -7 -7 12  1 -2    2   2   0   2   2   3   0   2   3   0   0   0   0   3   0   0   0  71   4   3  3.43 1.23
  224 V    0 -5 -5 -5  1 -4 -5 -5 -5  3  1 -2  2  0 -1 -2  0 -5  0  4    9   0   0   0   3   0   0   0   0  15  13   3   5   3   3   3   5   0   3  33  0.59 0.37
  225 R    1  1 -1 -2  0  2  0 -2  4 -2 -1  0 -1  0 -2  0 -1  1  1 -1   15   7   3   2   2  12   5   3  12   2   5   6   2   5   2   5   3   2   4   4  0.19 0.19
  226 D    0  0  0  0  2  0  0  0  1  0 -1  0  1  0 -2  0  0 -2  1  0    6   6   5   6   5   5   6   6   5   6   6   6   5   5   0   6   6   0   5   6  0.03 0.07
  227 N   -3 -2  6 -2 -1  1  0 -3  6 -6 -6 -3 -2  0 -3 -2 -3 -6 -1 -6    2   2  44   2   1   6   5   1  21   0   0   1   1   4   1   2   2   0   2   0  1.29 0.70
  228 A    4 -2 -4 -5  0 -4 -4  1 -1  5 -2 -2  0 -4 -1 -2 -2 -5 -1 -1   32   3   0   0   2   0   0  10   2  29   2   2   2   0   3   2   2   0   2   4  0.61 0.44
  229 S    3  0 -1  0  0 -1  1  0  1 -2 -2  0 -1  0  1  0 -1 -4 -1 -1   26   5   2   5   2   3   9   7   4   2   2   6   2   5   6   6   3   0   2   3  0.16 0.19
  230 A    2  0  0  0 -3  0  1 -1  1 -2 -1  0  0 -1 -1  1  1 -3  0 -1   18   4   4   5   0   4  11   4   4   2   5   4   2   3   2  14   7   0   3   3  0.11 0.16
  231 I    0  0 -2 -2  2  1  0 -3  2  0  0 -1  2  1 -3  0 -2  4  2  0    7   7   0   0   7   7   7   0   7   7   7   0   7   7   0   7   0   7   7   7  0.15 0.17
  232 G   -1 -1  1 -2 -2 -1 -2  6 -1 -6 -5 -3 -2 -5 -4 -2 -3 -5 -1 -5    3   3   6   2   1   3   3  67   2   0   0   1   1   0   0   3   1   0   2   0  1.23 0.60
  233 G    2 -4 -3 -4  0 -4 -4  4 -4  2  0 -4 -1 -2 -4 -1 -2  2 -4  1   15   0   0   0   2   0   0  40   0  14   8   0   2   2   0   3   2   3   0   9  0.59 0.38
  234 D   -2 -2  2  7 -6 -2 -1 -3  1 -3 -4 -2 -5 -2 -4 -1 -3 -6 -5 -4    3   2  11  64   0   2   2   1   3   1   2   2   0   2   0   3   1   0   0   1  1.36 0.67
  235 A    1 -1 -1 -2 -4 -1 -2 -1 -2 -3 -3 -1 -4 -5  6  0  0 -5 -2 -2   14   3   3   1   0   2   2   4   1   1   3   3   0   0  48   7   5   0   1   2  1.00 0.52
  236 G    1  0  1  3 -1  0  1  2  0 -3 -3  0 -3 -4 -1  1  1 -4 -2 -3   11   5   7  17   1   4   9  15   2   0   2   5   0   0   2  11   8   0   1   1  0.26 0.21
  237 N   -2  6  2 -1 -2  0 -1 -3  1 -3 -2  1 -2 -3 -2 -1 -1 -5 -2 -3    3  45  11   3   1   3   3   2   3   2   3   7   1   1   2   3   4   0   1   2  0.67 0.43
  238 V    0 -2 -2 -2  3 -1  0  0 -2  1  0 -2  2  1 -2  0  1 -2 -1  1    9   0   0   0   8   0   9   9   0   9   9   0   9   9   0   9   9   0   0   9  0.08 0.10
  239 T    2 -1 -1 -1  2 -1 -1 -1  0  0 -1  0  1  0 -2  0  2 -2  0  0   20   2   2   4   6   2   1   3   2   5   4   5   5   4   1   6  18   0   3   7  0.10 0.12
  240 I   -1 -3  0 -3 -2 -1 -3 -3  1  3  2 -2  1  1 -3 -2  0 -3 -1  3    5   1   5   1   0   4   1   1   5  17  17   1   3   7   1   1   4   0   0  28  0.27 0.20
  241 F    0  0  0  0  2 -2  0  0  2  0  0 -2  1  1 -3  0  0  3  1  0    6   6   6   6   6   0   6   6   6   6   6   0   6   6   0   6   6   6   6   6  0.07 0.13
  242 G    0 -4 -3 -4  3 -4 -4  6 -4 -4 -4 -4 -4  2 -4  0 -3 -4 -4  0    8   1   0   1   7   0   1  54   0   1   1   1   0   8   1   8   1   0   0   8  1.00 0.38
  243 Q   -1 -2 -1  2 -1  2  1 -2  6 -1 -2 -3 -1 -2 -2 -2  1  0 -1  0    4   2   2  13   1   8  11   2  22   4   3   0   2   2   2   2   9   1   2   7  0.41 0.27
  244 S   -2  2 -1 -1  0 -3 -1 -1 -4 -5 -5 -3 -4  1  1  6 -3 -5 -4 -5    3  10   2   4   2   0   3   5   0   0   1   0   0   6   6  54   0   0   0   0  0.89 0.51
  245 G    0 -2  1 -2  2  1  0  0 -1  0  0 -1 -1  1 -2  0  0 -2  1  0    8   0   7   0   7   7   8   8   0   8   8   0   0   7   0   8   8   0   7   8  0.06 0.10
  246 G    1  0  0  1 -2 -1 -1  4 -2 -2 -2 -1 -2 -2 -2  0 -1 -2 -2 -1   14   9   1  13   0   1   1  45   0   1   1   1   0   1   1   1   1   0   0   9  0.33 0.05
  247 A    2  1  0 -1 -2  0 -1  2  3 -2 -2  0 -1 -2 -1  1 -1 -2 -1 -2   29   9   1   1   0   1   1  23  17   1   2   1   0   1   1  10   1   0   1   1  0.23 0.04
  248 A   -1  0  0  0  2  0  0 -1  2  0 -1 -2  1  1  0  0  0  3  1  0    5   5   5   5   5   5   5   5   5   5   5   0   5   5   5   5   5   5   5   5  0.07 0.11
  249 K    0  0  0  0  2  0 -1  0  1  0 -1  0  1  0  0  0  0 -2  1  0    6   6   5   6   5   5   0   6   5   6   6   6   5   5   6   6   6   0   5   6  0.03 0.08
  250 V    2 -3  0 -1  2 -3 -3 -1 -3  1 -1 -1  1 -3  0  0  1 -4  0  3   17   0   4   4   4   0   0   4   0   9   4   4   4   0   4   6   8   0   4  22  0.19 0.21
  251 A   -1  0  0  0  2  0  0 -1  2  0 -1  0  2  1  0 -1  0  4  1 -1    5   5   5   5   5   5   5   5   5   5   5   5   5   5   5   5   5   5   5   5  0.09 0.08
  252 V    1 -2 -1 -2  2 -1 -2 -2  2 -1  0 -2  2  1  0 -1  0  3  1  1   12   3   3   3   4   3   3   4   5   4  10   3   4   7   5   5   7   4   5   8  0.12 0.11
  253 L   -1  0  0  0  2  0  0 -1  2  0 -1 -2  1  1  0  0  0  3  1  0    5   5   5   5   5   5   5   5   5   5   5   0   5   5   5   5   5   5   5   5  0.07 0.11
  254 L    2 -2 -1 -6  2 -1 -2 -2  1  0  2 -6  5 -1 -1 -1  0  2  0  0   14   3   3   0   4   3   3   3   3   6  17   0  11   3   4   5   6   3   3   5  0.31 0.23
  255 G    0 -1  1 -2  1  0 -2  0  1  0  3 -2  1  0 -1 -1 -1  2  0 -1    8   3   6   3   3   5   3   7   3   5  24   3   3   4   4   4   4   2   3   4  0.13 0.11
  256 A   -1  0  0  0  2  0  0 -1  2  0 -1  0  1  0 -3  0  0  3  1  0    5   5   5   5   5   5   5   5   5   5   5   5   5   5   0   5   5   5   5   5  0.06 0.10
  257 P    3 -1 -1  0  1 -1 -1 -1  1 -2 -2 -2  1 -1  2 -1 -1  2  0 -1   20   4   3   5   3   3   4   4   3   3   5   3   3   3  12   5   3   3   3   4  0.15 0.19
  258 A   -1  0  0  0  2  0  0 -1  2  0 -1  0  2  1  0 -1  0  4  1 -1    5   5   5   5   5   5   5   5   5   5   5   5   5   5   5   5   5   5   5   5  0.09 0.08
  259 A    0  0  0  0  2  0  0 -1  1  0 -1  0  1  0  0  0  0 -2  1  0    5   5   5   5   5   5   5   5   5   5   5   5   5   5   5   5   5   0   5   5  0.03 0.05
  260 K   -1  2  0  1  0  1  1 -2  1 -2 -2  2  0 -1  0  0 -1  2 -1 -2    5  13   4   8   2   6   8   4   3   3   4  10   2   3   5   7   3   2   2   3  0.13 0.16
  261 G    0  0  1  0 -3  1  0  0  2  0 -1  0 -1 -2  1  0  0  3 -2  0    6   6   6   6   0   6   6   6   6   6   6   6   0   0   6   6   6   6   0   6  0.09 0.10
  262 L   -1  0 -3 -1  2 -1 -1 -2 -3  0  3 -1  1  0  1 -1 -1  2  2 -1    4   5   0   3   4   3   4   3   0   4  34   3   4   4   7   3   3   3   7   3  0.21 0.23
  263 F    0 -2 -3 -2 -3 -3 -3 -2  0  1  0 -2  0  5  0 -2 -1 -2  2  1    8   3   0   3   0   0   1   3   3   8   6   3   3  33   5   3   3   0   7   9  0.43 0.31
  264 H    0  0  0  0  2  0  0  0  1  0 -1  0 -1  0  1  0  0 -2  1  0    6   6   5   6   5   5   6   6   5   6   6   6   0   5   6   6   6   0   5   6  0.03 0.06
  265 R    0  3  0 -1  1  2 -1  0  1 -4 -4  2  0 -4  1  0 -1  2  0 -2    9  20   3   3   3   8   3   7   3   0   0  11   3   0   7   5   4   3   4   3  0.25 0.26
  266 A    3 -3 -1 -3  0  2 -1  0  0 -1 -1 -1  0 -1  1 -1 -1 -4 -1  1   34   0   2   0   2  10   3   6   3   3   6   2   2   2   7   3   3   0   2   9  0.26 0.30
  267 V   -1 -3 -3 -3 -1  0 -4 -3 -1  5  0 -2  1 -2 -3 -3 -2  1  0  2    5   2   1   1   1   5   0   2   2  40   8   2   4   2   2   2   2   2   3  16  0.63 0.43
  268 I    0  0  0  0  2  0  0 -1  1  0 -1  0  1  0  0  0  0 -2  1  0    5   5   5   5   5   5   5   5   5   5   5   5   5   5   5   5   5   0   5   5  0.03 0.05
  269 Q   -3 -2 -1 -2  1  5  0 -3  1 -1 -1  0  6 -1 -2 -2 -2  2  0 -2    3   3   3   3   3  22   6   3   4   3   7   5  15   3   3   4   3   2   3   3  0.57 0.41
  270 S    0  0 -4 -1  0 -1 -4 -2 -1 -1 -2 -1  1 -1  0  5 -3 -5  2 -2    7   5   0   3   2   3   0   3   2   4   4   3   3   3   5  42   0   0   6   3  0.60 0.47
  271 A    0  0  0 -2 -2  1  0  0  2  0 -1  0 -1  1  1  0  0 -2  1  0    6   6   6   0   0   6   6   6   6   6   6   6   0   6   6   6   6   0   6   6  0.05 0.08
  272 S    0 -2  0 -1  1  0 -2 -1 -2  0  0 -2  1  0  3  1  1 -3  0  0    9   0   4   4   3   4   0   5   0   5   7   0   4   5  14  16   8   0   4   9  0.15 0.17
  273 G    3 -2 -2 -2  0 -2 -3  1 -1  1  2 -3  0  1  0 -1 -1  1 -1 -1   19   2   2   3   2   2   2  11   2   6  16   2   3   6   5   6   4   2   2   4  0.21 0.15
  274 A    0 -1 -1 -2  1 -1 -1  0  0  0  1 -2  1  0  2 -1  1  1  1  0    7   3   3   3   3   3   4   7   2   6  12   2   3   5  10   5  10   2   5   5  0.09 0.09
  275 W    0 -1  0 -1  1 -1 -2 -2 -2  0  0 -3  2  1  1  1  1  5  2 -2    7   3   4   3   3   3   3   3   1   5   8   2   4   6   7  11   9   7   8   3  0.22 0.19
  276 R    0  2 -1  1 -2  0 -2 -1  2 -2 -1 -2  0 -1  4  0  0  0  0 -1    8  10   3   7   1   5   3   6   4   2   5   2   2   2  18   7   5   1   3   5  0.23 0.21
  277 L   -1  0  0  0  2  0  0 -1  2  0 -1  0  2  1  0 -1  0  4  1 -1    5   5   5   5   5   5   5   5   5   5   5   5   5   5   5   5   5   5   5   5  0.09 0.08
  278 A    1  0 -1  0  0  0 -1 -1  0  0  0 -1  3 -1  0 -1  1  1 -1  0   14   5   3   5   2   5   4   6   3   6   9   3   7   3   4   4   7   2   2   5  0.07 0.08
  279 T   -1 -1  0  1  1 -1 -1 -2  1  0 -1 -1  0  0  0  2  2  2  1  0    4   4   4   7   3   3   4   3   4   6   5   3   3   5   4  14  11   3   4   7  0.11 0.12
  280 P    0  0  0  0 -2  0  0  0  1  0 -1  0  1  0  0  0  0 -2  1  0    5   5   5   5   0   5   5   5   5   5   5   5   5   5   5   5   5   0   5   5  0.00 0.06
  281 E    0  1  0  2 -4  0  2 -1  1 -1 -1  0  0 -1  0  0  0  2  1 -1    8   7   4  12   0   4  14   4   3   3   4   6   3   3   4   6   4   3   4   3  0.11 0.13
  282 S   -1  0  0  1  0  1  2 -1  0 -2 -1  0  0 -1 -1  0  0  2 -1 -1    5   5   5   9   2   7  14   5   3   2   5   6   3   3   3   7   6   3   2   4  0.10 0.13
  283 A    4 -1 -2 -1 -1 -1 -1 -2  0 -2 -2 -3  0 -2  2  0  0  1 -1 -1   32   4   2   4   1   3   5   4   2   3   4   2   2   2   9   7   5   2   2   5  0.37 0.31
  284 A   -1  0  0  0  2  0  0 -1  2  0 -1  0  2  1  0 -1  0  4  1 -1    5   5   5   5   5   5   5   5   5   5   5   5   5   5   5   5   5   5   5   5  0.09 0.08
  285 R   -1  2  1  0  1  1  1 -1  1 -1 -1  0  1 -1  0 -1  0  2 -1 -1    6  10   5   4   3   7   9   5   3   3   5   7   3   3   5   5   6   3   3   4  0.08 0.09
  286 S   -1  2  0 -1  0  0 -1 -2  1  0 -1  0  0  0  0  1  0  2  1  0    5  10   5   3   2   4   4   3   3   5   7   7   3   3   4  11   7   3   4   8  0.07 0.09
  287 A   -1  0  0  0  2  0  0 -1  2  0 -1  0  2  1  0 -1  0  4  1 -1    5   5   5   5   5   5   5   5   5   5   5   5   5   5   5   5   5   5   5   5  0.09 0.08
  288 H    1  0  1  0  1  1  0 -2  2 -1 -1  0  0  0 -1  0  0  2  2 -1   10   6   7   6   3   6   6   3   4   4   6   6   3   4   3   5   6   3   6   3  0.07 0.08
  289 A    1  2 -1  0  0  0  0 -1  1  0 -1  1  1 -1 -1 -1  0  1  0 -1   13  10   3   5   2   4   7   4   3   5   5   8   3   2   4   4   7   2   4   5  0.07 0.08
  290 L   -1  0  0  0  2  0  0 -1  2  0 -1  0  2  1  0 -1  0  4  1 -1    5   5   5   5   5   5   5   5   5   5   5   5   5   5   5   5   5   5   5   5  0.09 0.08
  291 L    2 -1 -1 -1  2  0 -2  1  0  0  1 -1  1  0 -5 -1 -1 -5  0  0   17   3   3   4   4   4   3   9   3   4  13   4   4   5   0   5   4   0   3   7  0.14 0.12
  292 A    1  1  0  0  1  1  1 -2  0 -1 -1  1  0 -1 -3  0  0  3  0 -1   16   9   4   4   3   6   8   3   3   3   5   8   3   2   0   5   7   4   3   5  0.11 0.15
  293 Q    1  2  0  0 -1  1 -1  1  2 -2  0  0 -1 -1 -2  0 -1  0  0 -1   11  10   5   6   2   5   4   9   5   2  10   5   2   3   2   6   4   1   4   4  0.07 0.08
  294 F    1 -3 -1 -3  3 -2 -3 -3  1  0  2 -2  1  2 -3 -1  0  0  1  0   12   2   3   2   5   2   2   3   4   4  21   2   4   9   2   5   7   2   4   7  0.26 0.18
  295 D   -1 -3  1  3 -1 -2 -2  4  0 -3 -2 -2  1 -2 -1 -1 -1 -7  0 -2    5   1   7  13   2   2   3  31   2   1   5   3   3   2   4   4   4   0   3   3  0.47 0.33
  296 L   -2 -2 -1 -1  7 -1 -3 -1 -3  0  1 -3  1  0 -3 -1  0  0  0 -1    4   2   3   5  22   3   2   5   1   5  15   2   3   4   2   6   6   1   3   5  0.57 0.33
  297 T   -1 -2 -1  0  1 -1 -2  0  0 -2 -3 -2 -1 -1  2  3  2 -1  1 -1    5   3   3   6   3   3   3   6   3   2   3   3   1   3  10  18  14   1   5   5  0.23 0.24
  298 A    2  0 -1  0  0  1 -1  0 -1 -2 -1 -1 -1 -3  1  0  1  0  0 -1   18   6   3   5   2   6   4   8   2   3   5   4   2   1   8   8   7   1   4   4  0.13 0.15
  299 R    0  0  0  3 -2 -1  2 -1 -2 -1 -2  1  0 -2  0  0  0  2 -3 -2    7   6   5  14   1   3  13   4   1   3   5   9   2   2   5   7   7   2   1   4  0.17 0.17
  300 N   -1 -3  4  3 -1  0 -1 -1 -3 -3 -1 -2  2 -2 -3  0  3 -7 -3 -3    5   2  15  17   1   4   4   4   1   2   6   3   4   2   1   8  17   0   1   2  0.44 0.34
  301 A    2 -1 -2 -2 -6 -3  1 -4 -3  1  1 -3  3 -1  0  0 -1  0 -2  2   14   3   2   2   0   1  10   2   1   8  15   2   6   2   5   8   5   1   2  12  0.24 0.20
  302 G    2 -2  0  3 -3  1  3 -1  1 -4 -3 -1 -2 -7 -1  1  2 -7 -2 -4   15   2   5  14   1   5  15   5   3   1   3   4   1   0   3   8  11   0   2   2  0.37 0.32
  303 K    1 -1 -7  1  8  0  3 -4 -1 -3 -3 -1 -7 -3 -4 -1 -2  2 -1 -1   10   3   0   9  26   4  15   1   2   2   4   4   0   1   1   4   3   3   2   4  0.89 0.52
  304 L   -2 -2 -3 -1  0 -2 -2 -5 -1  0  4 -5  4  2 -1 -4 -2  2  2  0    4   2   1   3   2   2   3   1   2   6  34   1   8   7   3   2   3   2   6   6  0.54 0.33
  305 R   -2  6 -4 -1 -1  1  0 -5  1  1  0 -1  1 -3 -3 -3 -1 -7 -2 -1    4  33   1   4   1   6   6   1   4   7   9   4   3   1   2   2   3   0   2   5  0.63 0.41
  306 E   -1  0  0  0  2  0  0 -1  2  0 -1  0  2  1  0 -1  0  4  1 -1    5   5   5   5   5   5   5   5   5   5   5   5   5   5   5   5   5   5   5   5  0.09 0.08
  307 I   -1 -1 -1  0  4 -1 -1 -2  1  1  1  1  1 -1 -1 -2 -1  2  0  0    6   4   3   5   9   3   3   3   3   7  14  10   3   3   3   3   4   3   3   7  0.15 0.11
  308 P   -1  0 -1  2 -7  0 -2 -3  0 -3  0 -1  1 -1  5  0  0 -7  1 -3    5   5   4  11   0   4   3   3   2   2   8   4   4   2  23   8   6   0   5   2  0.40 0.34
  309 A    3  2 -3 -2 -1  0 -1 -2  0 -1 -1 -1 -1 -1  1  0  0  1 -1 -1   23   9   2   2   1   5   5   3   2   3   7   4   2   2   6   8   5   2   3   5  0.18 0.20
  310 D    0 -1  0  3 -1  2  3 -1  0 -3 -2  0  0 -2 -1  0 -1 -7 -2 -2    8   4   4  14   1  10  17   4   2   2   5   6   2   2   3   6   4   0   1   3  0.27 0.24
  311 K    0  1  0  2 -6  2  2 -3 -1  0 -2  2  0 -3  0 -1  0  0 -6 -1    7   7   4  10   0   9  12   2   2   6   4  13   2   1   4   4   6   1   0   4  0.25 0.22
  312 L   -1 -2 -1 -2 -4 -1 -2 -3 -1  2  4 -2  0  1 -2 -1  0 -5 -1  1    6   2   3   2   0   3   3   2   1  10  34   2   2   6   3   5   5   0   2   8  0.32 0.25
  313 V    1 -1 -1 -2 -2  1  0 -3 -2  0  2 -1  1  0 -2 -2  0  0 -2  2   10   4   3   2   1   5   6   2   1   4  22   5   4   4   3   3   6   1   1  14  0.18 0.14
  314 A    3  0  2  1 -3  0  1 -2  1 -3 -1  1  0 -2 -2  0 -2  0 -1 -2   20   6   9   7   1   5   9   3   3   2   7   7   2   2   2   8   3   1   2   3  0.22 0.20
  315 A    3  1 -3 -1  1  0  2 -1  0 -1 -1  0 -3 -2 -2  0  0 -1 -1 -1   26   6   1   4   3   4  11   5   2   4   6   5   1   2   3   6   5   1   2   4  0.23 0.21
  316 I    0 -2  1 -1 -5  1 -1 -2 -2  1  2 -2  2  0 -2 -1  0 -2  0  2    9   2   6   4   0   5   5   3   1   8  17   2   5   3   2   5   5   1   3  13  0.14 0.12
  317 A    1  1  1  1 -5  1  1 -2  1 -1 -1  0  0  2 -1 -1 -1  2  0 -1   11   7   8   7   0   6   9   4   3   3   7   4   3   7   3   5   3   3   3   4  0.10 0.11
  318 Q    0  0  0  0  0  2  0 -1  1 -2 -2  1  0  0  0 -1  0  3 -1 -1    8   6   4   6   2   9   6   6   3   3   5   9   2   4   5   5   6   3   2   6  0.08 0.09
  319 V    0  0 -1  0  0 -1 -1 -2  0  1  1 -1  1  1  0 -1  0  2  0  2    7   4   2   5   2   3   5   4   3   7  11   3   4   6   5   3   6   3   3  15  0.08 0.07
  320 A    0  0  1  0  0  0  0 -1  0 -1  0 -1  1  0  1  0  0  2 -1 -1    9   5   7   4   2   4   5   5   2   3  11   4   3   4   9   7   5   3   2   4  0.03 0.06
  321 A    0 -1  0  0 -1  0 -1  0 -1 -1  0  0  0 -1  2  1  0  1  1 -2    9   3   4   5   1   4   3   9   1   4   8   5   3   3  10  12   5   2   5   3  0.09 0.11
  322 K   -1  0  0  0  2  0 -1 -1  2  0 -1  0  2  0  0 -1  0  3  1 -1    5   5   5   5   5   5   5   5   5   5   5   5   5   5   5   5   5   5   5   5  0.03 0.09
  323 T   -1  0  1  0 -5 -1  0  0  1 -1 -1 -1  1  0  1  1  2  2  0 -1    5   4   6   5   0   3   5   6   3   4   6   4   4   5   6  10  12   3   3   4  0.09 0.11
  324 G   -1  0  0  0  2  0  0 -1  2  0 -1  0  2  1  0 -1  0  4  1 -1    5   5   5   5   5   5   5   5   5   5   5   5   5   5   5   5   5   5   5   5  0.09 0.08
  325 V   -1  0  0 -1  1  0  0 -1  1  1  0 -1  1  1  0 -1  0  2  1  0    6   4   4   3   3   5   5   5   4   7  11   3   3   7   5   5   5   3   6   6  0.04 0.04
  326 A   -1 -2 -1 -2  1 -1 -1  0  0  0  0 -1  2  2  1  1  0  3  1  0    5   3   3   2   3   2   4   6   3   5  10   3   4   8   8  10   6   4   4   7  0.10 0.09
  327 D   -1  0  1  1  1  0 -2  0 -1 -2 -2 -1  1  0  4  0  0  1 -1 -1    5   5   6   7   2   4   2   7   2   3   5   4   4   4  18   7   5   2   2   5  0.20 0.19
  328 F   -3 -4 -8 -3 -1 -3 -8 -3 -2 -1  0 -4  1  8 -3 -2 -3  5  3 -3    2   1   0   2   2   2   0   3   1   4   8   2   3  46   2   3   2   6   8   3  1.44 0.73
  329 R    0  2 -2 -3  1 -1 -3  3  0 -1  1 -2  1  0 -1  1  0  0 -1  1    7   9   2   1   2   3   2  19   2   3  11   2   3   4   3  10   6   1   2   9  0.17 0.16
  330 P   -2 -3 -4 -2 -1 -2 -3 -2 -8 -4 -3 -2 -8 -3  8 -3 -2 -8 -1 -3    4   2   1   2   1   2   2   4   0   1   3   2   0   2  62   2   3   0   2   3  1.70 0.98
  331 T   -1 -1 -1 -1  1  1 -1 -2  1  1 -1  0  2  0 -1 -1  1  2  0  2    5   3   4   4   3   5   4   3   3   9   5   5   5   3   3   4  10   3   4  15  0.13 0.12
  332 L   -1 -1 -1 -1  1  0 -2 -1  1  1  0 -1  1  2  0  0 -1 -4  2  2    5   4   4   3   3   4   3   5   3   9   8   3   3   8   5   6   4   0   6  14  0.10 0.09
  333 D   -2 -1  0  5 -1 -1  1  2  0 -5 -3 -1 -4 -1  1 -1 -1  1 -1 -4    3   3   4  30   2   3  10  15   2   0   3   3   0   2   6   4   4   2   2   0  0.45 0.36
  334 N    0 -1  1  2  0  0  0  3  1 -2 -2 -1 -3 -2  1 -1 -1 -4 -1 -1    6   3   6  12   2   3   5  25   4   2   4   4   0   2   7   4   4   0   2   4  0.22 0.21
  335 L    0 -1  0  2 -3  0  0 -1  0  0  0 -1  0  0  0  0 -1  2  1  0    8   3   3  14   0   4   6   4   3   5  12   4   2   5   5   5   3   3   6   6  0.05 0.09
  336 V   -1 -2 -1 -1  0 -3 -2 -1 -3  1  0 -2  1  4  2 -1 -1  2  2  1    5   2   2   3   2   0   3   5   0   7  11   2   3  19   9   3   4   3   6  11  0.19 0.20
  337 F   -2 -4 -2 -2  1 -1 -2 -2 -1  2  3 -2  1  2 -1 -2 -1  1 -1  1    3   0   2   2   3   3   3   3   2  11  33   2   3   8   3   2   4   2   2   9  0.29 0.25
  338 K    0  1 -1 -1 -1  0 -1 -1 -1 -2 -2 -1 -1  0  5  0  1 -5 -2 -1    6   7   3   4   1   3   4   6   2   2   3   4   2   4  27   6   9   0   2   5  0.36 0.31
  339 Q    0  0 -1  3 -1  0  2 -2  0 -2 -2  1 -1 -2  2 -1  0 -4 -1 -1    7   5   3  16   1   4  15   3   2   2   4   8   1   2   9   4   5   0   3   6  0.19 0.20
  340 H    0  0  0  2 -4  0  1 -2  3 -1 -1 -1  0 -1  1  0  0  0  1 -1    7   5   5  12   0   4  11   3   9   3   6   2   2   3   6   7   6   1   4   3  0.14 0.17
  341 P   -1 -2 -1 -1 -2 -1 -1 -1  1 -1 -1 -2  0 -1  5 -1 -1  1  1 -1    5   2   3   4   1   3   5   5   3   3   7   2   3   3  33   4   4   2   4   4  0.51 0.39
  342 F    0  0 -1  1 -3  0  1 -2  0  0  0  0  1  1 -1  1  0  0  0  0    7   4   2   8   0   2  11   2   2   6  11   5   3   8   3  10   6   1   4   5  0.05 0.09
  343 D    0  0  0  4 -2  1  3 -3  0 -2 -3 -1 -1 -3 -1 -1  0  0 -2 -1    7   5   4  20   1   5  19   2   3   2   3   3   2   1   3   5   7   1   1   5  0.34 0.31
  344 P    1 -1 -2 -2 -1  0  0 -3  0 -1  2 -2  2 -1  2  0  0  0  0 -2   12   4   2   2   1   4   6   2   2   4  22   3   4   2   9   6   7   2   3   3  0.18 0.18
  345 A    1 -1 -2 -3 -1 -1 -3 -3 -1  1  2  0  2  2 -3 -1 -2  3  2 -1   13   3   2   2   2   3   2   2   1   9  22   5   5   7   2   4   3   3   6   5  0.27 0.20
  346 A    1  2 -1 -1  0  2  1 -2  0 -3 -1  1 -1 -1 -1 -1  0  3 -1 -1   13  11   3   4   2   8  10   3   3   2   7   7   2   2   3   4   5   4   3   4  0.14 0.16
  347 S    1  1  1  1 -1  2  1 -2  0 -2 -2  0  0 -1  0  1  0  1 -2 -1   14   8   6   6   2   8   8   4   2   2   5   7   2   2   4   9   5   2   1   4  0.11 0.14
  348 A    1  0 -1  0 -1 -1  0  4  0 -2 -2  1 -2 -3 -3 -1 -2 -7 -2 -3    9   6   3   5   1   3   6  32   2   2   5   8   1   2   2   5   3   0   2   2  0.42 0.31
  349 L    0  2  2  1 -6  1  1 -1  3 -1 -1  1 -1 -1  0 -1 -2  2  0 -2    8  10   9   8   0   7   7   4   6   3   6   8   1   2   4   4   3   2   3   3  0.16 0.15
  350 S    2 -1 -2 -1 -2 -1 -3 -4  0  0  0 -4 -2  5  0 -1 -2  1  1 -1   16   3   2   4   1   3   2   2   2   4  10   1   1  24   5   4   2   2   5   5  0.49 0.32
  351 E    2  2  2 -2 -7  0 -1 -2  4 -2 -3  2 -1 -3 -1  0  0  0 -3 -2   17   9   8   2   0   3   5   4   9   2   3  12   2   1   4   6   6   1   1   3  0.31 0.26
  352 D   -2  2  2  3  0  1 -3  0  1 -4 -4  3 -7 -4  1  0  0 -8 -2 -4    4  10   9  16   2   5   2   7   3   1   2  16   0   1   7   6   7   0   1   1  0.42 0.33
  353 I   -1 -2 -4 -4  0 -3 -4 -5 -3  4 -1  1  1 -7 -3 -4  1 -2  0  5    5   3   1   1   2   1   2   1   1  18   7   9   3   0   2   2   7   1   3  32  0.73 0.44
  354 P   -1 -2 -1  3 -9  1  0 -4 -7 -5 -6 -3 -8 -5  7 -2 -4 -9 -3 -8    5   3   3  16   0   7   6   2   0   1   1   2   0   1  49   3   1   0   1   0  1.47 0.92
  355 L   -2 -5 -7 -5 -2 -4 -4 -5 -3  4  2 -3  0 -1 -4 -2 -2  2  2  3    4   1   0   1   1   1   1   1   1  21  21   2   2   2   1   4   3   3   8  22  0.70 0.44
  356 L   -4 -7 -4 -5 -6 -4 -4 -8 -7  4  4 -7  6  0 -5 -4 -2  1 -2  0    2   0   1   1   0   1   2   0   0  18  40   0  17   4   1   1   2   2   2   7  1.13 0.64
  357 I    0 -3 -4 -6 -3 -5 -5 -3 -2  4  2 -5  2 -1 -3 -1  0 -1 -1  3    9   1   1   0   1   0   1   2   1  25  16   0   5   3   1   5   6   1   2  21  0.62 0.40
  358 G    0  0  1  0  2  1 -1  0 -2  0  0  0  1 -2  1  0  0 -3 -2  0    7   7   7   7   6   7   0   7   0   7   7   7   6   0   7   7   7   0   0   7  0.06 0.10
  359 T   -1  0 -1 -1  1  0 -1 -1  1  0 -1 -3  0  0 -1  0  2  2  3  1    5   5   3   3   3   4   4   5   4   4   3   0   3   3   3   7  13   3  12  12  0.13 0.17
  360 T    0 -3  3  0  1 -1 -1 -2  0 -3 -1 -1  0  0 -1  0  4 -4  0 -1    6   0  18   4   3   3   5   3   2   0   5   2   3   5   2   4  26   0   3   5  0.30 0.31
  361 A    1  2  1  1  0  0  0 -2  0 -2 -2  0 -1 -2  0  1  1 -4 -2 -2   13  10   6   9   2   3   6   3   2   2   4   6   1   2   4  11  11   0   1   3  0.13 0.16
  362 D   -1 -1  1  5 -1  0  1 -1  2 -3 -3 -2 -1  1 -3 -2 -2  1  2 -3    5   3   8  33   1   4   8   5   5   1   2   2   2   5   1   3   2   2   7   2  0.54 0.39
  363 E    0  1  1  1 -2  1  0  0 -1  0  0  0 -1  1 -2  0 -1 -2  1  0    7   7   7   7   0   7   7   7   0   7   7   7   0   7   0   7   0   0   7   7  0.04 0.07
  364 A    0 -1 -3  0  1 -3 -2  4  0 -2 -2 -2  2  1 -1 -1 -1  1  1  0    9   4   0   7   3   0   2  30   2   2   3   2   6   6   3   3   3   2   5   6  0.29 0.26
  365 T    0  0 -1 -1 -3  0  0  1  2 -1  0 -1  1 -1 -1  0  1  1  2 -1    9   7   2   2   0   4   6   9   6   4   8   3   4   2   2   6  12   2   8   3  0.07 0.12
  366 F    0  0  0 -2 -1 -1 -3 -1  1  0  1 -2  1  3 -1 -1 -2  3  2  0    9   5   5   2   1   2   0   4   3   6  16   2   3  12   4   4   2   5   8   5  0.15 0.16
  367 F   -2  0 -1 -2 -4 -4 -2 -1 -1  0  1 -1  1  6 -3 -2 -2  3  3 -1    2   6   3   2   0   0   3   5   2   4  11   3   3  32   2   3   2   4   8   4  0.50 0.34
  368 V    0 -1 -2 -2 -3 -1 -1 -1 -1  2  2 -1  1  0  0  0  0 -3 -1  1    9   4   2   1   0   2   3   4   2  13  19   3   3   5   5   6   6   0   2  12  0.10 0.12
  369 A    1  0  0 -1 -3  0  0  0 -1 -1 -1 -1 -1 -1  3  0  0 -1  0  0   14   5   4   2   0   4   7   6   1   4   6   2   1   3  15   5   5   1   4   9  0.13 0.14
  370 G    0  0  1  0  0  0 -1  1  0 -2 -1  0  0  2  0  0 -1  1  2 -1    9   5   7   4   3   3   4  14   2   2   6   5   3   8   4   6   2   2  10   3  0.09 0.12
  371 D    0 -1  0  1 -2  0  1  0  0  0  0  0 -1 -1  0  0  0 -1  0  0    8   2   5   8   0   5  12   7   2   8   8   5   2   3   5   7   5   1   3   5  0.05 0.06
  372 Q    0  0 -1  0 -2  1  0 -1  0  0  0  0  1  0  1  0  0  1 -1  0   10   3   3   5   0   8   7   3   3   6   9   6   5   6   6   4   4   2   2   6  0.04 0.07
  373 R   -1  0  0  0  2  0  0 -1  2  0 -1  0  2  1  0 -1  0  4  1 -1    5   5   5   5   5   5   5   5   5   5   5   5   5   5   5   5   5   5   5   5  0.09 0.08
  374 N    0  0  1  1  1  1  0  0  1  0 -1  0  0  0  0  0  0  2  0 -1    6   4   7   8   3   5   4   7   4   5   5   7   3   4   4   8   6   3   3   4  0.04 0.05
  375 F   -1  0 -1 -1  0  0 -1 -2  1  0  0 -1  0  3  1 -1 -1  2  3  0    6   5   2   4   2   4   5   4   3   6  10   3   2  12   6   5   4   2   9   5  0.12 0.10
  376 S   -1 -1  1  1 -1 -1  0 -1  0 -1 -1  0  2  0  1  2  1 -5 -2 -2    6   4   7   7   1   3   7   6   2   4   6   5   5   4   7  14   8   0   2   3  0.11 0.13
  377 L    0  0  0  0  0 -1 -1 -2  0  1  2  1  1  0  0 -1  0  1 -1 -1    8   4   5   6   2   3   3   4   2   7  19   8   4   3   5   4   5   2   2   5  0.06 0.06
  378 G    0  0  0  2 -1 -1  0  0 -4 -2 -1  0  0  1  0  1  0  1 -1 -3    6   4   5  10   1   3   7   8   0   2   8   6   3   6   5  12   7   2   2   2  0.10 0.12
  379 A    1  0  2  0 -2  0  1 -1 -2  0 -1  0 -2 -1  1 -1  0  1 -1 -1   10   5   9   4   1   5  10   5   1   5   8   5   1   3   6   5   6   2   2   5  0.06 0.08
  380 D    0 -1  0  3 -6  0  3 -1 -1 -3 -3  0  0 -2 -1  1 -1  0 -3 -4    8   4   5  16   0   4  19   6   2   2   3   6   2   2   4  10   4   1   1   2  0.33 0.28
  381 Q   -1 -1  2  0 -1  1  0 -2 -2 -2 -1  1  2  0  0  1  1  0  1  0    6   3   9   5   1   6   6   4   1   2   7   7   5   5   5   9   8   1   5   5  0.08 0.10
  382 V   -1  0 -1 -1 -5 -2 -2 -3 -2  2  2 -2  0  2 -1 -1 -1  1  0  2    6   5   3   3   0   2   2   2   1  12  17   3   2   9   4   6   5   2   3  12  0.21 0.14
  383 R    0  2 -1  1 -2  0  0 -2  0  1 -1  0 -1  0  0 -1  1 -5  0  0    8  12   3   7   1   4   7   3   2  10   6   6   2   3   5   4   9   0   3   5  0.10 0.10
  384 A    1  0  0 -1 -1  2  1 -2 -2 -1 -1  0  0 -1 -1  1  1  1 -3 -1   13   6   4   3   1  10   8   4   1   3   7   5   3   3   4  10   9   2   1   4  0.12 0.15
  385 R   -1  2  0 -1 -5  0  0 -2 -2  1  1  0  1  1 -2 -1  0  1  1 -1    6  13   4   3   0   5   5   3   1   8  14   6   3   7   2   4   6   2   4   4  0.13 0.11
  386 I   -1  1 -3 -3 -2 -4 -2 -4 -2  2  3  0  2  1 -1 -2 -1 -2 -1  1    5   8   1   2   1   1   3   2   1  11  25   6   5   5   3   4   3   1   3   9  0.31 0.20
  387 K    0  0  1 -1 -2  0  2 -1  0 -2 -1  2 -2 -2  1  0  0 -1 -1 -1    9   6   6   4   1   4  15   4   2   2   6  12   1   2   7   6   6   1   2   5  0.15 0.16
  388 K   -1  2  0  0 -3  1  2 -1  0 -1 -1  1 -2  2  0 -1  0  0  0 -3    6  10   5   5   1   5  11   4   2   3   7   7   1  10   6   5   6   1   3   2  0.12 0.13
  389 F    0 -1 -3 -2 -3 -1 -3 -4  0 -1  2 -2 -2  5 -1 -2 -1 -2  4  0    7   3   2   2   1   3   2   2   2   3  21   2   1  20   3   3   5   1  11   6  0.51 0.31
  390 I   -2 -2 -3 -3 -1 -1 -2 -3 -1  0  2 -3  3  3  2 -2  0  1  2  0    4   2   1   2   1   3   3   2   2   5  20   2   6  10  11   4   5   2   7   7  0.30 0.21
  391 G    0 -2  1 -1 -2  0 -1  5  0 -4 -3  0 -2 -1  0 -1 -4 -2  0 -2    7   2   6   4   1   5   4  36   2   1   3   5   1   3   5   5   2   1   4   3  0.52 0.35
  392 L   -1 -2 -1 -1 -2 -2 -2 -1 -1  2  2 -1  1  1 -2 -1 -2 -1  1  1    5   3   4   4   1   2   2   6   2  10  22   4   3   6   2   4   3   1   5  11  0.17 0.11
  393 D   -1 -1  3  2  0 -3 -1  0  1  0 -3 -2 -1 -1  2  2  1 -6 -2 -3    5   3  12  10   2   1   3   8   3   5   3   3   2   3  11  14   7   0   2   2  0.25 0.22
  394 D   -1 -1  2  3 -6  1  3 -1  3 -4 -3  0 -1 -3  2 -1 -1 -2 -1 -3    5   4   8  13   0   6  15   5   6   1   3   7   1   1  10   5   4   1   3   2  0.32 0.27
  395 A    2 -1 -1  1 -1 -1  3 -2  0  1 -1 -1 -1  1  0  0 -1 -2 -2 -2   17   3   3   7   2   3  17   4   2   7   5   3   2   6   5   8   4   1   1   3  0.19 0.17
  396 A    1 -1  0  0  0  0 -1  1  0  1  0 -1 -1  0 -1  0  0 -3 -1  1   10   3   3   4   2   5   4  12   3   8  10   4   1   4   3   7   6   0   2   9  0.03 0.03
  397 T    1  0 -1 -1 -2  0 -1  0  0  1  0  0  0  0  0  0  0  1  0  1   12   5   2   3   0   3   2   7   2   8  12   5   2   5   5   4   7   2   3  10  0.02 0.05
  398 D    0  1  0  3 -4  0  3 -1  0 -2 -2  0  0 -1  1 -1 -1  1  1 -2    7   7   4  15   0   4  19   4   2   2   3   4   2   2   7   4   3   2   5   3  0.23 0.23
  399 K    1  1  0 -1 -3  1  1 -1  1 -1 -1  1  0 -3  1  1  0  1  0 -1   11   6   4   3   0   6  10   4   4   3   7  10   2   0   6   9   6   2   4   4  0.09 0.13
  400 L   -1 -1 -2 -2 -3 -2 -2 -3 -3  3  2 -1  2  0 -2 -2 -1  1  1  1    6   3   2   2   0   2   3   2   0  21  20   4   5   4   2   2   4   2   5  11  0.25 0.22
  401 I    0 -1 -2 -2 -1  0 -1 -2 -1  1  2 -1  1  0 -1 -1  0  0  2  0    7   4   2   2   1   4   3   3   2   7  26   4   3   4   2   5   6   1   8   7  0.13 0.15
  402 R    0  0  0  0 -3  1  0  0  2 -2 -1  0  1  1  0  0  0  3  1 -1    6   6   5   6   0   5   6   6   5   0   6   6   5   5   6   6   6   5   5   6  0.08 0.12
  403 A    0  0  0  0  1  1  0 -2  2 -1 -1  0  0  0  0  0 -1  2  1  0    8   5   5   4   3   6   7   3   5   4   7   6   3   5   4   5   4   2   4   6  0.02 0.05
  404 Y   -1  0  0 -2  2  0  0 -1  2  0 -1  0  1  1  0  0  0  3  1  0    5   5   5   0   5   5   5   5   5   5   5   5   5   5   5   5   5   5   5   5  0.07 0.11
  405 R    0  1  0  0 -3  0 -1  0  1  0 -1  0  0  0  2 -1  0 -3  1 -1    6  10   4   7   0   4   4   8   4   6   7   5   3   4  10   4   6   0   6   4  0.07 0.09
  406 D    0  0  1  4 -5 -1  1  1  0 -2 -2 -1  0 -2 -1  0 -1 -5 -1 -2    7   5   5  27   0   3   9  10   3   3   4   3   2   2   4   5   4   0   2   2  0.32 0.27
  407 I    0  0  0  0  0  0  0  0  0  0 -1  0  0  0  0  0  0  4  1  0    6   5   5   4   2   3   4   8   2   5   7   6   3   3   5   6   8   7   6   6  0.07 0.08
  408 L   -1 -1  0  0 -1 -1 -1  0  1  1  1 -1  0  1  1 -1  0  1  2  0    4   4   5   5   1   2   3   6   4   7  13   4   2   5   7   5   5   2   7   8  0.05 0.05
  409 P   -1  0  0  0  2  0  0 -1  2  0 -1  0  2  1  0 -1  0  4  1 -1    5   5   5   5   5   5   5   5   5   5   5   5   5   5   5   5   5   5   5   5  0.09 0.08
  410 E   -2  0  0  2 -6  2  1  1  1  0 -2 -1  0 -1  0 -1  0  2  0 -1    3   4   5  11   0   8   9  11   3   5   4   4   3   3   6   5   5   3   4   4  0.14 0.14
  411 S    0  1  0  0 -1  1  0  0  1 -2 -2  0 -1 -1  0  1  1  0  0 -1    8   7   4   6   1   7   7   8   3   3   4   4   2   3   5  11   8   1   3   5  0.06 0.09
  412 S   -1  0  2  2 -2  0  0 -1  0 -1 -3  0 -1 -2  0  1  2  0  0 -3    4   6   9  13   1   4   7   4   2   3   3   5   2   2   6  10  13   1   3   2  0.21 0.20
  413 P    0 -3  1 -1 -6  0 -3 -2 -1  0  0 -2  2  2  4 -2 -1  2  3 -1    7   2   7   4   0   5   2   4   1   6   8   3   4   7  18   3   5   2   8   5  0.31 0.25
  414 S    1  4  0 -2 -6  1  0 -1 -1 -1 -1  1  0  0 -1 -1 -1  1  0 -1   10  19   5   2   0   6   5   6   1   3   6   9   2   4   4   5   4   2   4   4  0.20 0.18
  415 E   -1  2  0  4 -5  2  3 -3  0 -2 -2  1  0 -5 -3 -1 -2 -5 -1 -2    4  10   5  22   0   8  18   2   2   2   4   8   2   0   1   3   2   0   2   2  0.44 0.34
  416 L    1  1 -1 -1 -1  2 -1 -1 -3  0  1  0  0  0  0 -1  0 -4 -3  0   16  10   2   3   1  12   3   4   0   6  13   5   2   4   4   4   5   0   0   6  0.11 0.16
  417 L    0 -2 -3 -3 -1  0 -3 -1 -1  1  2 -2  2  3 -4 -1  0  1  1  0   10   2   1   1   1   5   0   6   2   6  20   2   6  13   0   5   5   1   6   8  0.20 0.19
  418 I    0  0 -1  0  0  1 -1  0 -1  1  0 -1  1 -1 -3  0  0  0 -1  1    9   7   3   5   3   6   3   8   1   8   8   3   4   3   0   8   6   2   2  12  0.03 0.07
  419 A    2  1  1  3 -4  2  2 -3  1 -3 -3  1 -1 -3 -2  0 -1 -5 -1 -3   17   7   5  15   0   8  13   2   3   1   3   7   1   1   1   7   4   0   2   2  0.29 0.28
  420 V    1 -2 -2 -2 -1 -1 -1 -2 -1  2  1 -2  3  0 -2 -2  0  0  1  1   12   2   2   2   1   3   4   3   1  13  16   1   9   5   2   2   5   2   4  11  0.15 0.16
  421 A    0 -2  0 -3  1 -2 -2 -1 -1  2  1 -2  2  1 -3  0  0  0  1  1    9   2   4   1   3   1   2   4   1  11  14   1   7   7   0   6   7   2   5  11  0.13 0.14
  422 G    0 -1 -1 -1 -5 -1 -2  4 -1 -1 -4 -2 -1 -5 -4  2  4 -5 -5 -3    6   3   3   3   0   2   2  26   2   4   2   2   2   0   0  16  25   0   0   2  0.60 0.45
  423 D   -3  0 -1  7  0 -1  1 -3  0 -2 -4 -4 -2 -3 -3 -3 -3 -1 -3 -3    3   5   2  56   2   3   9   2   2   3   2   0   1   1   2   2   1   1   1   2  1.21 0.68
  424 Y    0  0 -1 -1 -3  0 -1 -1  2  0  0 -1  0  1 -1  0 -1  3  3  0    9   6   3   3   0   3   3   4   6   5   7   4   3   5   3   7   3   4  12   7  0.10 0.13
  425 N    0  0  0 -1  1  0 -1 -1  1  1  0 -1  2  1 -3 -1  0  4  1  0    6   5   5   3   3   5   3   5   4   8   8   3   7   7   0   3   6   6   5   8  0.08 0.12
  426 Y   -3 -2 -1 -2 -5 -2 -2 -3  0  1 -1 -2  1  7 -6 -2 -2  5  3 -1    2   3   3   2   0   2   2   2   2   6   5   2   3  40   0   3   3   7   7   5  0.89 0.54
  427 V    0  0  0 -2  0  0 -1  1  1  1  0  0 -2 -1 -3 -1  1  1 -1  1    6   5   5   2   2   4   2  12   5  10   6   6   0   3   0   4   9   2   2  14  0.06 0.12
  428 L    1 -1 -3 -2  7 -2 -1 -1  0  0 -1 -2 -1 -1 -1  0 -2  2  1  0   13   4   1   2  23   2   4   5   3   5   5   2   2   3   3   6   2   3   5   6  0.41 0.34
  429 P   -1 -2 -1 -2  0  0 -3  1  0 -5 -2 -3  1 -2  6 -2 -3  0 -2 -3    6   3   3   2   2   4   1  11   2   0   4   1   4   2  45   3   2   1   1   2  0.98 0.63
  430 T    2  0  0 -2 -4 -1 -2 -1 -4  1 -1 -2  1 -2  0  1  2 -4 -1  1   20   6   4   2   0   2   2   5   0   7   4   2   4   2   4  12  16   0   2   9  0.21 0.25
  431 L   -1  2 -1  0 -4  2 -1 -2  1  0  1 -1  1  1 -4 -3 -1  2  3  1    4  14   3   5   0  11   3   3   4   4  13   2   3   5   0   1   3   3   9  10  0.22 0.24
  432 L    0  3  0 -1 -4  1  1 -1  0 -1  0  0  0  1 -3 -1 -1  1  2 -1    6  16   4   4   0   7  11   4   2   4  11   5   2   5   0   2   3   2   6   5  0.14 0.17
  433 V   -1 -3 -2 -2 -1 -2 -2 -3 -2  0  1 -4  2  4 -1 -1  1  4  0  2    6   1   2   3   1   1   3   2   1   3  16   0   6  16   3   4  10   6   3  13  0.32 0.28
  434 A    5 -3 -3 -5  0 -1 -3 -1 -2 -1 -1 -4  2 -3 -5 -1  1 -5 -2  1   46   1   1   0   2   3   2   5   1   4   7   0   4   1   0   5   8   0   1   8  0.66 0.49
  435 D   -1  2  1  2 -5  3  2 -3  1 -3 -2  2 -2 -3 -2  0 -1 -1 -1 -4    6  13   6  12   0  13  11   1   3   1   5  11   1   1   2   6   3   1   2   1  0.33 0.29
  436 R    1  2  0  0 -1  1 -1 -2  0 -1  1  0  0 -1 -3  0 -1  1  1 -2   15  13   4   5   1   6   3   2   3   3  15   6   2   2   1   8   2   2   6   2  0.13 0.18
  437 K   -1  1 -1 -4 -1  1 -3 -3  6 -2  1 -3  0  2 -5 -1 -1  3  3 -2    6   8   3   0   2   8   1   2  17   2  14   1   3  10   0   4   3   4   9   3  0.46 0.36
  438 A    3  1 -1 -2 -1 -1 -3 -2  1 -1 -1 -2 -3 -3 -2  3  0 -4 -2  0   29   8   3   2   1   2   1   3   3   4   5   2   0   1   2  21   4   0   1   6  0.35 0.33
  439 A    3  2 -1  1 -4  2  1 -2 -1 -3 -2  1 -2 -4 -2  1  0 -5 -2 -2   22  11   3   8   0   9  10   3   1   1   4   8   1   0   1   9   5   0   1   2  0.29 0.28
  440 Q    1  1  0  1 -4  2 -1 -1  4 -2 -1  0 -1 -1 -3  0  0  0  1 -1   15   9   5   7   0   9   3   5  11   2   6   4   1   2   1   5   4   1   4   3  0.17 0.19
  441 G    1 -1  1 -1 -4 -2 -2  4  2 -3 -3 -2 -2 -3 -2  1  0 -2  0 -2   11   3   6   3   0   2   2  37   4   1   3   3   1   1   2  11   5   1   3   3  0.49 0.34
  442 K   -1  1  3  0 -1  1  0  2  1 -2 -2  1 -2 -2 -1  0 -1 -3  0 -1    3   7  15   5   1   7   6  17   3   2   3   7   1   2   3   6   4   0   3   4  0.19 0.17
  443 A    2 -1  1 -1 -1  0 -2  1  0  0 -2 -1 -1 -2  0  1  1 -3 -1  0   19   4   8   4   1   5   2  10   3   5   2   3   1   2   4  12  10   0   2   5  0.14 0.17
  444 P    0  1  0  1 -5  1 -1 -1 -2 -5 -3  0 -4 -5  6 -1 -2  0 -3 -3    9   8   4   8   0   6   3   4   1   1   3   6   0   0  34   5   2   1   1   2  0.67 0.45
  445 V    0 -2 -4 -3  2 -4 -3 -4 -5  0 -1 -2 -1  1 -3 -1  4 -2 -3  4    9   2   0   1   3   0   1   1   0   4   7   2   1   5   1   4  25   1   1  30  0.59 0.43
  446 Y   -5 -6 -3 -7 -6 -6 -6 -7  1 -6 -5 -5 -6  4 -5 -5 -3  8  8 -4    1   0   1   0   0   0   0   0   3   0   1   1   0  17   1   1   2  22  46   1  2.33 1.09
  447 A   -1  2 -3 -5  0 -1 -3 -2 -1 -1  2 -2  3  3 -5  0  0 -2  3  1    5  10   1   0   2   3   1   3   1   2  17   2   9  13   0   7   5   0   9  10  0.28 0.27
  448 Y   -1 -4 -7 -7 -1 -3 -5 -6 -4 -4 -3 -6 -2  1 -7 -6 -4  2  9 -4    6   1   0   0   1   1   1   1   0   1   2   0   1   6   0   0   1   3  73   1  2.51 1.18
  449 R   -2  4 -2 -2 -4  1  2 -4  2  0 -1 -1  0 -1 -4 -1 -1 -1  2  0    2  21   2   2   0   6  16   0   5   6   7   3   2   3   0   5   4   1   9   6  0.34 0.30
  450 F   -5 -6 -4 -6 -6 -6 -5 -2 -5 -2  0 -6  2  8 -6 -4 -3  2  3 -2    1   0   1   0   0   0   1   3   0   2   8   0   5  62   0   1   2   2   9   3  1.85 0.85
  451 D    1 -2  3  4 -2  1  0 -1 -2 -4 -3 -2 -2 -5 -2  1  2 -5 -2 -3   11   2  12  24   1   6   5   4   1   1   2   2   1   0   2  11  12   0   1   2  0.43 0.34
  452 W   -1 -1 -3 -3 -3 -1 -1 -4  6 -1 -3 -3 -4  2 -4 -3 -3  8  5  1    5   4   1   2   1   3   4   1  17   4   2   1   0   8   1   2   1  18  17   8  0.94 0.54
  453 R    0  3 -1  1  0  1  0 -2  4 -2 -2  0 -1 -1  1  1 -1 -4 -2  0    8  18   2   7   2   5   5   3  10   2   3   4   2   3   7   9   4   0   1   7  0.21 0.21
  454 S    1 -2  2 -1 -4 -1 -2  1 -2 -3 -2 -1 -4  0  4  3  1 -5 -4 -3   11   2   9   4   0   2   1  10   1   1   5   3   0   4  17  20   7   0   0   1  0.36 0.32
  455 P    0  0  1  0 -4 -1  1 -1 -1 -4 -2  0 -2 -3  4  1  1  0 -4 -2    7   4   6   5   0   3   9   4   1   0   5   6   1   1  24  12  10   1   0   2  0.39 0.31
  456 A    1  0  1  0 -1  0  0  2  1 -1 -1 -1  0 -1  1  1  0 -1 -1 -1   11   4   6   4   1   4   5  18   3   3   7   2   2   2   6  10   4   1   2   4  0.09 0.11
  457 R   -1  2  0  0 -2  0  0 -2  0 -1 -1  1 -1  0  1  1  0  2  1 -1    5  11   5   5   1   3   7   2   2   2   7   7   1   4   7  13   6   3   5   3  0.10 0.12
  458 D   -2 -1  1  2 -4 -2  0  0  1 -3 -3  0 -3 -1  4  0  0  1  0 -2    3   3   6  13   0   1   6   8   3   1   3   5   0   3  22   6   7   2   3   2  0.35 0.27
  459 G   -1 -1  1  0 -1 -1 -1  2  2 -3 -2  0 -2 -1  4  1 -1  3 -1 -2    6   2   7   5   1   2   3  14   5   2   5   6   1   3  19   9   3   4   2   3  0.27 0.21
  460 V   -2 -1 -1 -1 -1 -1 -2 -1  0 -1 -1 -2  1  2  2 -2  0  6  2  0    3   4   3   3   2   2   2   4   2   4   6   3   3  10  11   3   5  13   7   7  0.33 0.23
  461 L   -1  0  0  0 -2 -1 -1 -1  0  1  0  0  1  0  1 -1  0  2  0  1    4   6   4   7   0   2   2   3   2   8  10   7   5   5   7   4   4   3   4  11  0.04 0.06
  462 G   -1  0  0  1 -3  1  0  3 -2 -1 -1  1  0 -1  0  0 -1 -3 -3 -1    4   4   3   7   0   7   4  31   0   5   4   8   4   3   4   4   4   0   0   4  0.22 0.18
  463 S    3 -3  0 -3  1 -2 -1  1 -3  0 -2  0  1 -3  0  1  1 -3  0  1   28   0   4   0   4   0   4  10   0   5   0   5   4   0   4  10   7   0   4   9  0.20 0.22
  464 P    0 -2  0  2  3 -1 -2  0 -1 -1 -1 -1  0  0  3  0  0  1  2 -1    6   2   3  13   7   2   0   6   2   4   6   2   2   4  14   8   6   2   9   4  0.17 0.15
  465 H   -5 -1 -1 -5  1  0 -4 -6 10 -6 -6 -5 -5 -5 -1 -5 -5 -6  1 -2    0   4   3   0   3   4   0   0  73   0   0   0   0   0   3   0   0   0   4   3  2.61 0.95
  466 T    1 -1 -1  0  4 -2 -2  4 -1 -1 -3 -3 -1 -1 -3  0  0 -4 -2 -1   11   3   3   5   9   2   2  36   1   3   2   0   2   3   0   8   5   0   1   3  0.44 0.26
  467 A    0 -1  0  4 -3 -1  1 -2 -1  0 -1 -2 -1 -2 -1  2  0 -4 -2 -1    9   3   4  26   0   2  10   2   1   5   7   0   2   1   3  15   4   0   2   4  0.26 0.21
  468 E   -4 -4  1  5 -6 -1  5 -4  0 -5 -3 -3 -5 -6 -4 -1 -4 -6 -5 -5    1   0   5  37   0   2  43   0   2   0   3   0   0   0   0   3   0   0   0   0  1.34 0.61
  469 V   -1 -2 -1 -4 -3  0 -3 -3  1  2  3 -2  2  0 -4 -2 -1  0 -2  2    4   2   3   0   0   4   1   2   3  12  32   2   6   4   0   2   2   2   0  17  0.33 0.23
  470 P    2 -1 -1 -2 -2  1 -2 -2 -1  1 -1 -2 -3  2  4 -1 -1  2  1 -1   16   3   2   2   1   8   2   3   1   8   5   1   0   9  21   4   4   3   4   3  0.30 0.23
  471 F   -1 -3 -3 -5 -1 -2 -4 -3  1 -2  0 -4  2  5 -2 -1 -2  0  6 -2    5   1   1   0   2   2   1   2   3   2   9   0   4  27   2   5   2   1  28   3  0.89 0.45
  472 I   -2 -4 -4 -5 -3 -2 -4 -5 -2  3  3 -4  2  0 -4 -2  0  3 -3  4    2   0   0   0   0   2   0   0   1  17  27   0   4   4   0   2   6   4   0  26  0.60 0.33
  473 F   -5 -5 -5 -5 -5 -5 -2 -6 -2 -2  1 -5  0  8 -6 -3 -2  3  0 -2    1   0   0   0   0   0   3   1   1   1  11   0   2  67   0   2   2   4   1   2  1.75 0.67
  474 G   -2 -1  0  1 -4  0 -3  6  1 -4 -4 -2 -4 -2 -1 -2 -3 -4 -1 -3    2   3   4   9   0   5   1  55   4   1   1   1   0   2   3   2   1   0   3   2  0.89 0.41
  475 T    0  0  3  0 -1 -1 -1  0  1 -2 -2 -1  1 -2 -2  1  2  1  0 -1    6   5  18   4   1   2   2   6   3   2   3   3   4   2   2  11  17   2   3   5  0.22 0.19
  476 L   -1 -1 -1 -1 -1 -1 -1 -1 -1  0  1 -2  0  1  4 -1 -1  0  1 -1    5   2   3   4   1   2   4   5   2   4  18   2   2   7  20   5   3   1   5   3  0.21 0.15
  477 D   -1 -1  1  2 -2  0  1 -1 -1 -2 -1  0 -1  2  1  1  0  1 -1 -2    5   3   7  13   1   5   8   5   1   2   7   4   1  10   6  10   5   2   2   2  0.11 0.10
  478 A    1 -1  0 -1 -1  0 -1  1  0  0 -1  0  0  0  0  0  1  4 -1 -1   12   4   6   4   1   3   2  12   2   8   7   5   2   3   4   7   8   6   2   4  0.07 0.08
  479 A    1 -1  0  0  1 -1 -1  1 -1 -1  0 -1  1  1 -1  0  0 -1  0  0   13   2   3   7   4   2   4  10   1   3  11   4   4   6   3   9   5   0   3   6  0.03 0.05
  480 A    1  0  1  0 -2 -1  0  1  0 -1 -1  0 -1 -1  0  0  1  3 -1 -1   13   5   7   5   1   1   6   9   2   3   6   6   2   3   5   6  10   4   1   4  0.07 0.08
  481 P   -1  0 -2 -1 -4  0 -1  0  0 -2  0  1  0 -2  5 -1 -1 -2 -1 -2    6   6   2   3   0   3   4   8   3   2   8   7   2   2  28   5   4   1   2   2  0.39 0.24
  482 L   -1  0 -1  0 -2 -1 -2 -2  0 -1  1 -1  2  2  1 -1 -1  0  0  1    6   5   3   6   1   2   1   3   3   2  16   5   6   9   7   5   4   2   3  11  0.09 0.10
  483 I    0 -1  0  1 -2  0  0 -2  0  0  1 -1  1  1  0  0 -1  1  0 -1    6   3   4   8   1   4   8   3   2   6  18   3   3   8   4   6   3   2   3   3  0.05 0.07
  484 G    0  0  0  0 -3 -1  0  3 -1 -2 -1  1 -1 -1  0 -1  0 -3  0 -1    7   4   4   6   0   3   6  26   1   2   7   8   2   3   4   4   5   0   3   4  0.18 0.14
  485 D    1 -1  0  2 -3 -1 -1  0 -1 -2 -2  0 -3  1  2  0  0 -3  2  0   12   3   4  12   0   2   4   9   1   2   4   5   0   6  10   8   5   0   8   6  0.15 0.13
  486 S   -1  0  2  0 -5 -2 -1 -2  1 -2 -4 -1 -4 -2 -1  3  4  0 -3 -2    4   5   9   4   0   2   4   3   3   3   1   3   0   2   3  21  28   2   1   2  0.51 0.38
  487 P    0  0 -1  2 -5  0  4 -4 -2 -4 -3  1 -5 -5  4 -1  0  0 -2 -1    7   4   3  11   0   3  24   1   1   1   3   7   0   0  18   4   6   2   1   4  0.52 0.38
  488 D    1  0  1  2 -5  0  4 -2  0 -5 -4  0 -2 -4  0 -1 -1  2 -2 -1   10   4   5  12   0   4  29   3   2   0   2   4   1   1   5   4   4   2   2   5  0.42 0.32
  489 R   -1  0 -2  4 -2  2  4 -4 -1 -4 -4 -1 -2 -1 -2 -1 -3 -5  1 -4    6   4   2  22   1   8  31   1   2   1   2   3   1   3   2   4   1   0   6   1  0.68 0.44
  490 L    0  2 -1 -2 -4  2  0 -2 -1  1  1  1 -2  0 -2 -1  0 -2  1  1    7  14   2   2   0   9   6   2   2   7  12  10   1   3   2   3   5   1   5   9  0.14 0.15
  491 N    1  1  2  0 -3  1  2 -1  1 -2 -1  2 -1 -2 -2  0  0 -1 -2 -2   12   9   9   6   0   8  12   3   3   3   6  11   1   1   1   5   6   1   1   2  0.17 0.16
  492 V   -1 -3 -4 -5 -3 -3 -4 -6 -6  2  5 -6  2  1 -5 -4 -2 -5 -2  3    5   1   1   1   0   1   1   0   0  12  46   0   5   6   1   1   2   0   1  16  0.87 0.48
  493 R    3  1 -1 -3 -2 -3 -2  1 -5 -1 -4 -2  0 -6 -5  5 -1 -6 -3 -3   19   6   3   1   1   1   3   9   0   3   1   3   2   0   0  41   3   0   1   2  0.72 0.51
  494 D    0  3  0  1 -1  2  1 -1  0 -2 -1  2 -2 -4 -2  0 -1 -5 -4 -3    8  17   5   9   1   8  10   4   2   2   6  13   1   1   1   5   4   0   0   2  0.26 0.22
  495 R    0  3 -1  0 -4  2  1 -2 -1 -1 -1  1  2 -1 -3 -1  1 -2  1 -2    9  18   2   4   0  10   8   3   1   3   6   7   5   2   1   5   8   0   5   2  0.22 0.21
  496 I   -5 -6 -7 -7 -6 -4 -5 -7 -6  2  2 -6  8  1 -7 -6 -1 -6 -1  3    0   0   0   0   0   1   1   0   0  11  19   0  39   5   0   0   3   0   2  16  1.52 0.73
  497 G    0  3 -3 -5 -2  3 -4 -2  3  2 -3 -2  7 -5 -5 -2  0 -6 -5  1    7  14   1   0   1  13   0   3   6  10   2   2  23   0   0   3   6   0   0   9  0.75 0.48
  498 E    1  2  1  2 -3  0  0  1  0 -5 -4  3 -4 -4 -3  1  1 -3 -4 -4   10  13   5  10   0   4   5  10   2   0   2  15   0   1   1  12   8   0   0   1  0.33 0.27
  499 I    2 -3 -5  0 -3 -3 -4 -5 -1  0  1 -4  3  2 -6 -3 -1  2  6 -2   15   1   0   5   1   1   1   1   1   6  13   1   7   6   0   2   4   2  30   3  0.75 0.46
  500 W   -4 -5 -8 -8 -7 -5 -8 -8 -7  0  1 -8 -3  3 -8 -7 -7 12 -1 -2    2   1   0   0   0   1   0   0   0   5  12   0   1  10   0   0   0  61   2   3  3.02 1.19
  501 A    3 -3 -3 -5  0 -4 -4  0 -5  1  0 -4 -2 -4 -3  0  4 -6 -5  2   26   2   1   0   2   0   1   8   0   7   7   0   1   1   1   8  23   0   0  13  0.54 0.40
  502 S    1  0  6  1 -1  0 -1 -1  2 -5 -6 -2 -5 -6 -5  2 -1 -7 -2 -6   11   6  36   6   1   5   3   4   5   1   0   2   0   0   0  15   3   0   1   0  0.83 0.52
  503 F   -8 -9 -9 -9 -8 -9 -9 -9 -7 -6 -3 -9 -1 10 -9 -8 -8  0  0 -7    0   0   0   0   0   0   0   0   0   0   2   0   2  92   0   0   0   1   2   0  3.49 1.32
  504 A    6 -6 -6 -7  0 -6 -6 -3 -7  3 -4 -6  1 -6 -6 -2 -2 -7 -6  2   64   0   0   0   2   0   0   1   0  13   1   0   3   0   0   2   2   0   0  12  1.47 0.76
  505 R    0  5 -1 -5 -6 -2 -2 -5  2 -5 -5  5 -1 -4 -6 -3  0 -3 -2 -3    9  33   3   0   0   1   2   0   5   0   1  30   1   1   0   1   7   0   1   2  1.03 0.58
  506 S   -2 -3  1  0 -1 -2 -1  0  2 -3 -5 -2 -4  0 -4  1  5 -5  2 -4    2   1   7   5   2   2   3   8   5   1   1   2   0   4   0  10  40   0   6   0  0.67 0.45
  507 G   -1 -3 -4 -2 -5 -5 -2  7 -3 -6 -2 -5 -5 -6 -4 -1 -3 -2 -3 -6    4   2   0   2   0   0   2  72   1   0   4   0   0   0   1   4   2   1   1   1  1.60 0.70
  508 R   -2  0  5  4 -2 -2  0 -2  1 -3 -5  0 -2 -4 -4  0  0 -1 -3 -1    2   5  25  26   1   1   6   2   3   2   1   6   1   1   0   7   6   1   1   4  0.62 0.38
  509 P   -5 -4 -5 -5 -6 -2 -4 -6 -6 -4 -3 -5 -3 -6  8 -3 -3 -6 -4 -6    1   1   0   0   0   2   1   1   0   1   3   1   1   0  82   2   1   0   1   1  2.56 1.01
  510 T   -2 -1  6  1 -4 -3 -1  2 -1 -2 -3 -2 -4 -4 -2 -1  2 -1 -4 -3    3   3  38   7   0   1   4  15   1   2   3   2   0   0   2   4  11   1   0   2  0.73 0.40
  511 T    0  0 -1  0  1 -1 -1  2 -1 -2 -1  0  1 -1  2  1  0  2 -2 -1    6   5   2   5   4   2   2  19   2   2   5   5   4   2   9  13   6   3   1   3  0.15 0.13
  512 K    0  0 -1  2 -1  0  2  1  2 -2 -2  0 -1 -2  2  0  0 -3 -2 -1    9   6   2  10   1   3  13  11   6   2   3   6   1   1  10   8   5   0   1   3  0.17 0.13
  513 A    0 -1  1  2 -3 -1  0  4  1 -3 -2 -1 -2 -3  0  0  0 -4 -3 -3    7   3   8  12   0   2   6  29   4   1   4   3   1   1   4   7   5   0   1   2  0.35 0.22
  514 I    0  0 -1 -2 -2 -1 -1 -1 -2  1  2  0  0 -1  0 -1  0 -1 -1  1    7   5   2   2   0   2   5   6   0  10  26   5   1   2   4   4   7   1   2   7  0.09 0.10
  515 A    0 -3 -3 -1 -1 -1 -1  0 -2 -2 -1 -2  1 -2  5  0  0 -4 -2  0    8   1   1   4   1   2   4   7   1   2   6   2   3   2  33   6   6   0   2   8  0.52 0.30
  516 E   -1  0  1  1 -2  1  1  1  3 -2 -1 -2 -3 -3  2  1  1 -4  0 -2    5   5   7   8   1   7   8   9   9   1   6   1   0   0  10   9   8   0   4   2  0.19 0.17
  517 W   -8 -8 -8 -9 -8 -7 -8 -8 -7 -4 -7 -8 -2  0 -8 -8 -8 13 -2 -5    0   0   0   0   0   0   0   0   0   1   0   0   1   3   0   0   0  90   1   1  4.72 1.58
  518 N   -2 -2 -2  1 -7  0  1 -6 -6 -7 -3  1 -3 -7  7 -1 -2 -8 -7 -6    3   3   2   7   0   3   9   0   0   0   2   8   1   0  54   5   3   0   0   0  1.41 0.71
  519 P    2  2 -2 -3 -3  1  1 -3 -4 -2 -1  1  0 -5  4 -1 -1 -5 -5 -1   16  10   2   1   1   7  10   1   0   2   5   9   3   0  22   4   4   0   0   4  0.44 0.32
  520 Y   -2 -6 -6 -7 -2 -2 -6 -7  3 -2  0 -6 -2  3 -7 -3 -2  2  8  0    3   0   0   0   1   2   0   0   6   2   7   0   1  12   0   2   2   2  51   7  1.57 0.72
  521 R   -2  2  2  3 -5  0 -1  1  0 -2 -3 -1 -3 -5 -4  1  2 -5 -2 -3    2  12  10  20   0   4   3  10   2   3   2   3   1   0   0  11  16   0   1   1  0.40 0.31
  522 G    1  0  1 -2 -4  2  0  1  0 -2 -3  1 -1 -3  3  0 -1 -5 -3 -2   11   5   6   2   0   9   7  10   3   3   2  11   1   1  16   8   3   0   1   2  0.27 0.21
  523 E   -2  0  1  4 -5  0  2  1 -1 -4 -4  1 -4 -4  0  0  0 -5 -2 -3    1   5   7  23   0   4  15  11   1   1   1   7   0   1   5   8   6   0   1   2  0.43 0.31
  524 E    0  1  2  3 -5  0  2  0  2 -3 -5  1 -4 -5 -2  1 -1 -5 -4 -2    8   7  10  16   0   3  14   8   5   2   0   7   0   0   2  12   3   0   0   2  0.35 0.27
  525 R   -2  4  1 -1 -5  3  1  0  1 -3 -1  1 -2 -4  2 -1 -1 -5 -4 -2    2  22   6   2   0  12   7   7   3   1   7   8   1   1  10   4   3   0   0   2  0.35 0.28
  526 T    1  0  2 -3 -2  0 -2 -1 -1 -1 -1  0  1 -1 -1  0  0 -3  3  1   11   5   9   1   1   5   1   3   1   3   3   5   4   2   3   7   7   0  14  13  0.15 0.19
  527 A   -1 -3 -3 -4 -4 -2 -4 -4  1  1  3 -3  2  1 -5 -2  0 -3  4  2    4   1   1   1   0   1   0   1   3   7  28   2   6   5   0   3   7   0  16  14  0.49 0.33
  528 A   -1  1 -2 -4 -3  2 -1 -2 -3  0  2  1  5  0 -4 -1 -2 -4  0  1    5   7   1   0   0  11   2   2   0   4  21  11  15   3   0   3   2   0   3   9  0.32 0.28
  529 L   -2  1 -1 -1  1 -2  0 -4  1  3  2  0  0  0 -4 -2 -2  0 -1  1    2   9   3   3   3   1   8   0   4  16  25   4   1   3   0   3   2   1   1  10  0.22 0.21
  530 I   -2 -3 -3  1 -4 -2 -4 -2 -5  4  2 -4 -1  4 -4 -2 -2 -2 -2 -1    3   1   1   8   0   2   1   4   0  29  22   0   1  21   1   3   2   0   1   2  0.62 0.38
  531 G    0 -3  2  4 -4 -2 -2  4 -4 -3 -1 -2 -4 -2 -4  1 -1 -5 -2 -3    6   1  11  23   0   1   2  29   0   1   6   2   0   2   0  10   3   0   2   2  0.55 0.35
  532 G    1 -1  1  2 -4 -1  1  2  1 -2 -1 -1 -2 -3  0  0  1 -4 -2 -2   14   2   6  14   0   1  11  15   4   3   6   1   1   1   5   4  10   0   2   1  0.19 0.19
  533 T   -1  1  1 -1 -4  1  1  0 -3  0 -3  2 -2 -4  2  0  3 -5 -2 -2    3   7   8   3   0   6   9   8   0   5   2  12   0   0   9   6  20   0   1   2  0.26 0.24
  534 W    0 -2  0  1  0  1 -2 -1  0  1  0 -1 -1  0  1  0  0  1 -2  0   10   1   5   8   2   8   0   5   2   9  11   3   1   5   8   8   6   2   0   6  0.06 0.11
  535 R    0  2  1 -1 -4  2  2 -3  0 -3 -3  0 -1 -1  2  0  1 -4  0 -2    6  12   6   3   0   9  17   1   2   1   1   4   1   3  10   7  10   0   4   2  0.27 0.23
  536 T    2 -1 -1 -2 -1  1 -1 -2 -2  1  0 -1  2 -1  0  1  2 -4 -3  2   17   3   3   1   1   6   2   1   1   7   7   2   6   2   3   8  13   0   0  15  0.15 0.18
  537 V   -1  0 -3 -1 -3 -3  1  0 -2  2  0 -1  2 -2 -2 -2  0 -4 -3  4    5   5   0   3   0   0  10   7   1  12   7   3   5   1   2   2   5   0   0  32  0.28 0.25
  538 D    0 -1  0  1 -2  0  1  1  1 -3 -2 -1 -2  0  1  0  1 -3  0 -1    5   3   5  10   1   3  12  14   3   0   2   3   0   5   8   7   9   0   3   6  0.14 0.14
  539 D   -2  2  1  5 -5  2  0 -3  2 -2 -4  0  1 -5 -4  1  0 -5 -4 -2    3  11   5  30   0  11   5   1   5   2   0   5   4   0   0  10   5   0   0   2  0.53 0.35
  540 H    1 -2  0  0 -2 -2 -2  1  2 -3 -2  0 -2 -1  5 -1  0 -4  2 -2   11   2   4   5   1   1   1  11   5   1   4   5   1   3  27   4   4   0   8   2  0.40 0.27
  541 A    0 -1  0 -1 -3 -1 -2 -1  0 -1  3 -1  1  0 -1  0 -1  3  1 -1   10   3   4   4   0   2   2   4   2   0  33   4   3   3   4   7   2   4   6   4  0.17 0.19
  542 K    1  3  1  1 -4  0  0 -2  0 -3 -1  3 -1 -2  0 -1 -1 -4  0 -2   12  18   7   7   0   2   6   1   1   1   5  19   1   1   4   3   3   0   5   3  0.25 0.22
  543 A    2  0  0  2 -4  1  2  0  1 -3 -3  2 -1 -2  0  0 -1 -4 -1 -2   18   5   3  12   0   6  12   9   4   1   2  13   2   1   3   4   1   0   2   2  0.21 0.19
  544 R   -1  4  1 -1 -5  0  2 -1  2 -3 -3  3 -3 -5 -1 -1 -2 -5 -4 -2    5  28   6   3   0   3  16   5   5   2   2  16   0   0   2   2   2   0   0   3  0.49 0.32
  545 R   -2  6 -1 -1 -1  3  1 -3  0 -3 -1  2  0 -1 -3 -3 -3 -5 -2 -2    3  41   3   3   1  12   8   2   2   1   6   9   2   3   1   0   0   0   2   3  0.67 0.41
  546 A   -1 -2 -3 -5  8  1 -2 -4  1  0  0 -2  3 -1 -5 -3 -1 -5  0  1    5   3   1   0  34   6   3   1   3   6   9   2   8   2   0   0   4   0   3  10  0.79 0.43
  547 A    2  0  0  1 -2  2  1  0  0 -2 -1 -1 -2  0 -2  0 -2 -4 -3 -1   24   5   3  10   1  10  11   5   3   1   8   3   0   6   1   5   1   0   0   5  0.17 0.20
  548 F   -6 -7 -7 -8 -6 -7 -7 -7 -6 -4 -1 -7  1  8 -8 -7 -4  8  0 -3    0   0   0   0   0   0   0   0   0   0   6   0   4  65   0   0   1  21   2   2  2.44 0.91
  549 A   -3 -2 -2 -7 -6 -3  0 -7 -6 -1 -2 -4 -5  0 -7 -6 -2 11 -1 -1    2   3   2   0   0   1   6   0   0   4   4   1   0   3   0   0   3  64   1   5  2.58 0.92
  550 D   -3 -1  4  4 -5  1  3 -3 -2 -2 -2 -1 -4 -4 -4  0  0 -5 -2 -4    0   3  24  29   0   6  17   0   0   2   6   2   0   0   0   5   5   0   2   0  0.67 0.36
  551 I   -1  1  1 -2 -3  0  3 -2 -1  0 -1  1  1 -3 -1  1  1 -3  1 -1    2   6   6   0   0   1  26   1   1   8   5   9   4   0   2  10  11   0   6   3  0.21 0.20
  552 A    0 -1 -1 -3 -3  0 -1 -3  4  0  3 -2  2 -1 -3  0 -1 -3  1  0    8   3   2   0   0   4   2   0  13   3  35   2   6   2   0   9   2   0   4   5  0.26 0.21
  553 P    1 -2 -1  0 -3 -2 -1 -1  0 -1  2  0  2  0  4 -2 -2 -3 -1 -1   11   1   2   5   0   0   3   4   3   3  23   5   8   3  25   0   0   0   2   2  0.34 0.20
  554 Y    0  1 -3 -2 -4 -1 -2 -4  3  0 -3  2 -2  1 -1 -2 -3 -1  6  0    8  10   0   2   0   2   0   0   8   6   0  17   0   4   2   0   0   0  34   8  0.51 0.29
  555 E   -2 -1  0  3 -4  2  3 -3  2 -3 -1  3 -2 -3 -3  0 -2 -4  0 -2    0   0   3  18   0   9  24   0   7   0   6  23   0   0   0   4   0   0   3   3  0.44 0.22
  556 Y    0 -2  0 -1 -3 -1 -2 -3  4 -3 -2 -1  0  1 -3  1 -2  7  4 -3   12   0   4   4   0   2   0   0  13   0   3   4   3   5   0  11   0  21  18   0  0.65 0.25
  557 S    0  1  0 -2 -3  1 -1  3  1 -2 -1  0 -2 -3  3  0 -1 -3 -2 -2    6  10   5   0   0   9   0  27   4   0  11   6   0   0  16   5   0   0   0   0  0.30 0.11
  558 R    0  4 -1 -2 -3  2  1 -2 -1 -2 -1  3 -1 -3 -2 -1 -1 -3 -2 -1    7  33   0   0   0  10   7   1   0   0   7  26   0   0   0   1   1   0   0   6  0.39 0.13
  559 P   -2  1 -2  0 -4  1 -1  0 -3 -4 -4 -1 -3 -5  7 -2 -2 -4 -4 -4    0   9   0   7   0   7   0   9   0   0   0   0   0   0  68   0   0   0   0   0  1.43 0.21
  560 V    1 -3 -3 -3 -1 -2 -3 -3 -3  1  2 -2  1 -1 -2 -1  1 -3 -2  3   15   0   0   0   0   0   0   0   0   0  29   0   0   0   0   0  11   0   0  44  0.27 0.07
  561 T   -1 -2 -1 -2 -1 -1 -2 -2 -2 -1  1 -1  0 -2 -2  1  5 -3 -2  0    0   0   0   0   0   0   0   0   0   0  17   0   0   0   0   0  83   0   0   0  0.49 0.08
  562 F   -2 -3 -3 -4 -3 -3 -4 -3 -1  0  0 -3  0  7 -4 -3 -2  1  3 -1    0   0   0   0   0   0   0   0   0   0   0   0   0 100   0   0   0   0   0   0  0.81 0.02
  563 T    0 -1  0 -1 -1 -1 -1 -2 -2 -1 -1 -1 -1 -2 -1  1  5 -3 -2  0    0   0   0   0   0   0   0   0   0   0   0   0   0   0   0   0 100   0   0   0  0.48 0.01
  564 R   -1  5  0 -2 -3  1  0 -2  0 -3 -2  2 -1 -3 -2 -1 -1 -3 -2 -2    0   0   0   0   0   0   0   0   0   0   0   0   0   0   0   0   0   0   0   0  0.00    0.00
  565 D   -2 -2  1  6 -3  0  1 -1 -1 -3 -4 -1 -3 -3 -1  0 -1 -4 -3 -3    0   0   0   0   0   0   0   0   0   0   0   0   0   0   0   0   0   0   0   0  0.00    0.00

                      K         Lambda
Standard Ungapped    0.1333     0.3179
Standard Gapped      0.0410     0.2670
PSI Ungapped         0.1156     0.3175
PSI Gapped           0.0354     0.2670
