
Last position-specific scoring matrix computed, weighted observed percentages rounded down, information per position, and relative weight of gapless real matches to pseudocounts
            A   R   N   D   C   Q   E   G   H   I   L   K   M   F   P   S   T   W   Y   V   A   R   N   D   C   Q   E   G   H   I   L   K   M   F   P   S   T   W   Y   V
    1 M    -1  -2  -3  -4  -2  -1  -3  -3  -2   1   2  -2   7   0  -3  -2  -1  -2  -1   0    0   0   0   0   0   0   0   0   0   0  10   0  90   0   0   0   0   0   0   0  0.65 0.08
    2 S     0   1   1   1  -2   0   0   1  -1  -2  -3   0  -2  -3  -1   3   2  -3  -2  -2    0   9   8   8   0   0   0   8   0   0   0   0   0   0   0  43  24   0   0   0  0.30 0.03
    3 K    -1  -1   1  -2  -2  -1  -2  -2  -2   2   1   0   0  -1   1   1   0  -3  -2   1    0   0  10   0   0   0   0   0   0  36  16   7   0   0   8  23   0   0   0   0  0.12 0.02
    4 D    -1  -2   2   1  -2  -1   1  -2  -1   1   0  -1   0  -2  -2   0   1  -3  -2   2    0   0  21   6   0   0  15   0   0   9   8   0   0   0   0   0  14   0   0  28  0.13 0.02
    5 E    -1  -1   4   3  -3   0   2  -1   0  -3  -3   0  -2  -3  -2   2   0  -4  -2  -3    0   0  36  16   0   0  18   0   0   0   0   0   0   0   0  30   0   0   0   0  0.47 0.04
    6 E    -1  -1   0   4  -4   1   5  -2  -1  -4  -4   1  -3  -4  -2   0  -1  -4  -3  -3    0   0   0  29   0   0  64   0   0   0   0   7   0   0   0   0   0   0   0   0  0.73 0.05
    7 L    -2  -3  -4  -4  -2  -2  -3  -4  -3   3   3  -3   4   1  -3  -3  -1  -2  -1   1    0   0   0   0   0   0   0   0   0  29  40   0  20   6   0   0   0   0   0   5  0.42 0.06
    8 L    -3  -3   3  -3  -3  -2  -1  -4  -3   1   1  -1   8  -2  -4  -2  -1  -3  -3  -1    0   0  16   0   0   0   5   0   0   7   6   3  61   0   0   0   3   0   0   0  0.86 0.26
    9 Q    -4  -2   0  -1  -5   0   0  -4  -4  -2  -1  -1   9  -3  -5   0  -1  -5  -4  -2    0   1   5   4   0   3   5   1   0   0   1   3  67   0   0   6   3   0   0   0  1.52 0.51
   10 N    -3   0   6   1  -5   1   2  -3   3  -5  -5   2  -4  -5  -4   0  -2  -5  -4  -5    0   5  42   6   0   5  15   0   9   0   0  12   0   0   0   6   0   0   0   0  0.88 0.32
   11 Y    -4  -5  -6  -6  -4  -5  -6  -6  -5   7   2  -5  -1   0  -6  -5  -3  -4   3   1    0   0   0   0   0   0   0   0   0  62  17   0   0   2   0   0   0   0  11   8  1.26 0.41
   12 C     1  -4  -4  -4   3  -4  -4  -3  -4   4   1  -4  -1   1  -4  -1  -2  -2   1   3   16   0   0   0   6   0   0   1   0  25  13   0   0   6   0   5   0   0   5  23  0.43 0.21
   13 S     1  -4  -3  -5   0  -4  -4  -3  -5   2   1  -4  -1  -3  -4   0  -1  -5  -3   5   14   0   1   0   2   0   0   1   0   8  12   0   1   0   0   8   2   0   0  51  0.68 0.30
   14 I    -2  -5  -5  -6  -3  -5  -5  -6  -5   4   1  -5   2  -2  -5  -4  -1  -5  -4   5    2   0   0   0   0   0   0   0   0  26  11   0   5   1   0   0   4   0   0  52  1.01 0.35
   15 L    -3  -4  -4  -5  -5  -5  -5   7  -5  -2  -1  -5  -5  -6  -5  -3  -4  -6  -6  -1    0   1   0   0   0   0   0  84   0   3   7   0   0   0   0   0   0   0   0   5  1.77 0.51
   16 F    -4  -5  -5  -6  -4  -4  -5  -6  -4   2   5  -5   1   1  -5  -5  -2  -3   2   1    0   0   0   0   0   0   0   0   0   8  65   0   3   4   0   0   3   0   8   9  0.99 0.35
   17 T    -3  -4   7  -2  -5  -3  -3  -3  -3  -5  -6  -3  -5  -6  -4   4   2  -6  -5  -5    0   0  49   0   0   0   0   0   0   0   0   0   0   0   0  36  15   0   0   0  1.43 0.50
   18 Y    -6  -4  -3  -5  -7  -4  -4  -6  11  -7  -6  -5  -5  -4  -6  -5  -6  -5   5  -7    0   0   0   0   0   0   0   0  83   0   0   0   0   0   0   0   0   0  17   0  3.14 0.76
   19 K    -4   3  -1  -3  -6  -1  -2  -5   1  -6  -5   7  -4  -6  -4  -3  -2  -6  -5  -4    0  14   2   0   0   0   1   0   3   0   0  75   0   0   0   0   2   0   0   1  1.59 0.51
   20 T    -3  -4  -3  -4  -4  -4  -4  -5  -5  -2  -5  -1  -4  -6  -5   0   8  -6  -5  -2    0   0   0   0   0   0   0   0   0   2   0   4   0   0   0   4  89   0   0   2  1.94 0.62
   21 I     6  -5  -5  -5  -3  -4  -4  -3  -5   1  -4  -4  -4  -5  -4  -1  -1  -6  -5   0   83   0   0   0   0   0   0   0   0   7   0   0   0   0   0   2   4   0   0   4  1.43 0.50
   22 G    -2  -4  -3  -1  -6  -4  -4   1  -5  -6  -6  -4  -6  -7   8   0  -1  -7  -6  -5    2   1   1   3   0   0   0  12   0   0   0   0   0   0  70   7   3   0   0   0  1.92 0.53
   23 I    -3  -5  -6  -6  -4  -5  -5  -6  -6   4   0  -5   0  -1  -5  -5  -2  -5  -4   6    0   0   0   0   0   0   0   0   0  20   6   0   1   3   0   0   1   0   0  70  1.38 0.44
   24 S    -2  -3  -3   3  -3   0   7  -5  -2  -6  -6  -2  -5  -6  -3   0  -3  -6  -5  -5    2   0   0  13   1   2  75   0   0   0   0   0   0   0   1   6   0   0   0   1  1.56 0.51
   25 N    -3  -4   1  -3  -4  -4  -2  -5  -5   5   0  -1  -1  -1  -5  -4  -2  -5  -3   4    0   0   8   1   0   0   2   0   0  42   7   4   0   1   0   0   1   0   1  33  0.83 0.32
   26 L    -5   8  -4  -5  -6  -2  -4  -6  -4  -4   0  -1   1  -5  -6  -4  -4  -6  -5  -5    0  84   0   0   0   0   0   0   0   1  11   0   3   0   0   0   0   0   0   0  2.02 0.60
   27 H    -1  -4  -4  -2  -7  -1   7  -5   1  -7  -6  -3  -5  -7  -5  -1  -4  -6  -5  -6    5   0   0   0   0   0  89   0   3   0   0   0   0   0   0   3   0   0   0   0  1.99 0.61
   28 L    -2   4  -3  -3   1   0  -2  -3  -1  -5  -3   6  -4  -3  -3   0  -2  -5  -4  -5    1  19   0   1   3   2   0   1   2   0   2  59   0   1   0   8   1   0   0   0  1.09 0.41
   29 Y    -2  -4  -5  -6  -3  -4  -5  -6   3   0   5  -5   0   2  -5  -4  -3  -3   1   2    2   0   0   0   0   0   0   0   8   3  60   0   1   9   0   0   0   0   4  12  0.88 0.33
   30 Y     5  -4  -2  -4  -3  -3  -3  -2  -1  -4  -4  -3  -4  -3  -4   4   0   2   3  -3   46   0   1   0   0   0   0   1   2   0   0   0   0   0   0  31   5   2  13   0  0.91 0.39
   31 F    -3  -6  -6  -6  -5  -6  -6  -6   0   3   1  -6  -1   8  -6  -5  -4  -3   0  -1    2   0   0   0   0   0   0   0   2  15  11   0   1  64   0   0   0   0   1   3  1.55 0.46
   32 R     1   1   0   0  -4   0  -1   0  -2  -4  -4   0  -3  -5   4   2   0  -1  -4  -3    9   8   5   6   0   5   2   6   0   0   1   5   0   0  24  22   6   1   0   0  0.48 0.21
   33 E     0  -1  -1   1  -5   1   5   2  -1  -5  -4   0  -4  -5   2   0  -2   0  -3  -4    6   2   2   7   0   4  41  15   1   0   1   3   0   0   9   6   1   1   1   0  0.56 0.26
   34 T     0  -1   2   2  -3   1   2   0   2  -2  -3   1  -2  -3   1   1   1  -3  -2  -2    8   1  10  12   0   4  15   5   5   3   1   8   0   0   7   9   9   0   0   2  0.23 0.13
   35 E     0   0   0   1  -3   3   3  -1  -1  -3  -3   2  -2  -4   0   0   0  -1  -3  -2    7   3   4   7   0  13  26   4   1   1   1  16   1   0   3   5   5   1   0   1  0.35 0.18
   36 I    -3  -3  -4  -5  -3  -3  -3  -5  -4   4   4  -3   3  -2  -5  -3  -2  -2   0   1    1   0   0   0   0   1   1   0   0  32  38   1   9   0   0   1   2   0   4   7  0.73 0.28
   37 K    -2   2  -1   0  -5   1   5  -2   0  -5  -4   3  -4  -5   1   0  -2  -5  -4  -4    3   9   1   3   0   6  39   3   2   0   1  20   0   0   7   5   1   0   0   1  0.64 0.28
   38 S     1   0  -1   1  -2   0   3   0  -1  -2  -1   1  -2  -2   0   1   0  -4  -3  -2   13   4   1   7   1   1  24   5   1   2   7  10   0   2   3  14   5   0   0   0  0.22 0.14
   39 L     2  -4  -3  -5  -2  -3  -4  -2  -3   2   4  -2  -1  -1  -2  -1  -2  -3  -3   0   24   0   1   0   0   0   0   2   0  10  48   2   0   1   2   4   0   0   0   3  0.52 0.26
   40 K     0   2  -1  -3  -3   0  -2  -3   2   0   3   2   0  -2  -3   0  -1  -4  -1   0    7  11   2   0   0   4   1   0   6   6  32  15   1   0   0   8   2   0   1   4  0.23 0.16
   41 Q     0   2   1   0  -4   3   2  -2   2  -3  -2   1  -2  -4  -3   1   0  -2  -3  -3    9   9   7   5   0  16  16   2   6   0   4  10   0   0   0  10   4   0   0   0  0.31 0.17
   42 L    -2   1  -2  -3  -3   0   0  -3   4   1   2   1   2   0  -3  -1  -1  -3   1  -1    2   7   1   1   0   3   6   1  13   8  29   9   5   2   0   3   2   0   6   3  0.22 0.15
   43 I    -2  -2  -3  -3  -1  -2  -2  -4  -3   2   3  -2   1   1   2  -2  -1  -2  -1   2    2   3   0   1   1   2   2   1   1  11  40   1   3   6   9   2   2   0   2  13  0.35 0.18
   44 N     0   1   2   0   0   0   0   1   1  -1  -1   1  -2  -3  -2   1   0  -4  -2   0    6   8  14   5   2   4   5  10   3   2   5   9   0   0   1  12   4   0   0   9  0.11 0.09
   45 A     2   1  -1   0  -2   0   1   1  -2  -1  -2   1  -2  -4  -3   3   1  -4  -3  -2   15   7   1   3   1   4   9  10   0   4   3   7   0   0   0  27   6   0   0   2  0.24 0.16
   46 E    -4  -4  -3  -2  -7  -1   8  -2  -4  -7  -6  -2  -6  -7  -5  -4  -4  -6  -6  -6    0   0   0   0   0   1  94   3   0   0   0   0   0   0   0   0   0   0   0   0  2.21 0.65
   47 F     2  -3   0  -3   5  -3  -3   2  -2  -1  -2  -3   2  -1  -4  -1  -2  -4  -2   2   22   1   5   1  16   0   0  17   1   2   2   1   8   3   0   3   1   0   1  17  0.42 0.23
   48 A     2  -4  -3  -4   1  -3  -4  -3  -4   2   1  -4   3  -2  -4  -2  -1  -4  -3   4   23   0   1   0   3   0   0   1   0  14   9   0   9   1   0   2   3   0   0  34  0.52 0.25
   49 I    -4  -6  -6  -6  -4  -6  -6  -7  -6   7   1  -6   0   0  -6  -5  -4  -5  -2   2    0   0   0   0   0   0   0   0   0  74   8   0   1   4   0   0   0   0   1  12  1.54 0.46
   50 L    -4  -5  -6  -6  -4  -5  -6  -6  -6   2   5  -5  -1  -2  -6  -5  -4  -5  -4   3    0   0   0   0   0   0   0   0   0  12  70   0   0   1   0   0   0   0   0  17  1.25 0.41
   51 Q    -1  -4  -3  -4  -4   3  -3  -4  -4  -6  -6  -1  -2  -6  -4   7  -2  -6  -5  -5    3   0   0   0   0  12   0   0   0   0   0   2   1   0   0  81   0   0   0   0  1.59 0.57
   52 T    -4  -5  -4  -5  -5  -4  -5  -5  -5  -4  -5  -4  -4  -6  -5  -2   8  -6  -5  -4    0   0   0   0   0   0   0   0   0   0   0   0   0   0   0   0 100   0   0   0  2.45 0.72
   53 C    -5  -8  -7  -8  12  -7  -8  -7  -7  -5  -5  -7  -6  -7  -7  -5  -5  -7  -7  -5    0   0   0   0 100   0   0   0   0   0   0   0   0   0   0   0   0   0   0   0  4.15 0.89
   54 N    -5  -4   9  -2  -7  -4  -4  -4  -3  -7  -7  -4  -6  -7  -6  -3  -4  -8  -6  -7    0   0 100   0   0   0   0   0   0   0   0   0   0   0   0   0   0   0   0   0  2.87 0.75
   55 R    -5   9  -4  -5  -7  -3  -4  -6  -4  -7  -6  -1  -5  -7  -6  -4  -5  -7  -5  -6    0 100   0   0   0   0   0   0   0   0   0   0   0   0   0   0   0   0   0   0  2.73 0.72
   56 V    -3  -5  -5  -5  -4  -5  -5  -6  -5   2   1  -5   0  -3  -5  -3   3  -5  -4   6    0   0   0   0   0   0   0   0   0   7  10   0   2   0   0   1  17   0   0  64  1.13 0.41
   57 E    -5  -4  -4  -2  -8  -2   8  -6  -4  -7  -7  -3  -6  -7  -5  -4  -5  -7  -6  -6    0   0   0   0   0   0 100   0   0   0   0   0   0   0   0   0   0   0   0   0  2.49 0.71
   58 I    -3  -5  -6  -6  -4  -5  -5  -6  -5   6   2  -5   1   0  -5  -5  -2  -5  -3   4    0   0   0   0   0   0   0   0   0  47  20   0   3   4   0   0   1   0   0  26  1.06 0.35
   59 Y    -5  -5  -5  -6  -1  -5  -5  -6  -1  -3  -1  -5  -4   0  -6  -5  -4  -1   9  -3    0   0   0   0   2   0   0   0   1   1   6   0   0   2   0   0   0   0  86   1  2.54 0.67
   60 L     4  -4  -4  -4   0  -3  -3   0  -4   1   1  -3   0   0  -3  -1  -1  -4  -3   2   47   0   0   0   2   0   0   6   0   7  15   0   1   5   0   2   2   0   0  13  0.50 0.26
   61 Y     1  -1  -2  -3  -1  -3  -3  -3   0   1  -1  -3  -1   0  -4  -1   1  -2   3   4   14   3   2   0   1   0   0   1   2   5   3   0   0   3   0   4  11   0  10  39  0.38 0.22
   62 S     2  -3  -2  -3   0  -3  -3  -1  -4  -1  -2  -3  -2  -3  -3   3   4  -5  -4   2   14   0   1   1   1   0   1   3   0   2   3   0   0   1   1  26  29   0   0  19  0.53 0.28
   63 D    -1   3   2   2  -4   1   1  -2  -1  -3  -3   1  -2  -4   1   1  -1  -4  -3  -3    2  20  10  14   0   4   9   2   1   1   2  10   1   0   8  11   2   0   0   2  0.35 0.16
   64 T    -2   0   1   5  -4   0   2  -2  -1  -4  -4   1  -4  -4  -2   0   1  -5  -2  -3    1   4   6  40   0   2  16   2   1   0   1   7   0   0   1   6   9   0   1   2  0.64 0.25
   65 N    -1  -1   1   2  -3   1   2   2   1  -1  -3   1  -3  -3   2   0  -1  -4  -2  -2    2   2   6  10   0   4  20  15   5   4   2   7   0   0  10   5   3   0   1   2  0.25 0.13
   66 T     2  -2   0   1  -2  -1   0   3  -1  -3  -2  -2  -1  -3   0   1   1  -2  -3  -1   17   0   5   7   1   2   7  24   1   0   2   1   2   0   3  11  11   0   0   5  0.26 0.14
   67 L     0   0  -2   0  -2   0   2  -3  -2   2   1   0   1   0  -2  -1   0  -3   1   1    6   5   0   5   0   3  16   1   0  18  11   5   5   3   1   4   4   0   5   7  0.10 0.09
   68 K     1   2   0   1   0   1   2  -1   0  -2  -3   2  -1  -3   1   0  -1  -2  -2  -2   14  10   4   7   2   5  14   4   2   1   1  18   2   0   5   7   2   1   1   1  0.22 0.12
   69 E     1   1   0   1  -2   1   2   2  -1  -2  -2   0  -1  -2  -1   0   0  -3  -2  -2   12   8   2   6   1   4  19  19   1   2   4   4   1   2   1   7   4   0   0   2  0.18 0.10
   70 V    -2  -4  -4  -4  -3  -4  -3  -4  -4   5   2  -3   1  -1  -3  -3  -2  -4  -3   4    2   0   0   0   0   0   1   1   0  34  20   1   2   1   1   2   1   0   0  32  0.72 0.26
   71 N    -1   2   0  -1  -3   0   1  -3  -1   0  -1   4  -1  -1  -3  -1   0   3  -1  -1    2  13   5   3   0   3   8   1   1   7   5  31   1   2   0   2   5   4   1   4  0.28 0.16
   72 K    -1   2   1   2  -3   2   3  -2   0  -3  -3   2  -2  -4  -2   0   0  -4  -2  -2    3  12   5  13   0  11  19   3   2   1   1  14   1   0   0   8   4   0   1   2  0.35 0.17
   73 I    -3  -5  -6  -6  -4  -5  -6  -6  -4   3   2  -5  -1   7  -6  -5  -3  -1   0   1    1   0   0   0   0   0   0   0   0  17  15   0   1  54   0   0   1   1   1  10  1.28 0.40
   74 I    -3  -3  -3  -5  -3  -3  -4  -5  -3   2   5   1   3   1  -5  -3  -1   0  -2   0    1   0   1   0   0   0   0   0   0  12  56   9   6   5   0   2   2   1   1   2  0.69 0.29
   75 Q     2  -1  -1   0   1   2   1  -1   2  -3  -3  -1  -3  -1  -3   3   0  -4  -2  -2   21   2   2   4   4  11  10   3   5   1   1   2   0   3   0  27   4   0   1   1  0.32 0.20
   76 Y    -2   1  -2   3  -5   1   3  -3  -1  -3  -3  -1  -2   5  -4  -1  -3  -2   3  -3    2   7   1  16   0   7  19   1   1   0   1   3   0  25   0   5   0   0  11   0  0.52 0.25
   77 L    -2  -2  -4  -4  -4  -3  -3  -5   2  -1   3  -1   0   4  -5  -3  -3   4   5  -2    3   2   0   0   0   0   1   0   4   3  35   4   1  17   0   2   0   7  21   0  0.71 0.28
   78 N     1  -2   2   0   0  -1  -2  -2   7  -5  -5   0  -3  -1  -4   3  -2  -5  -2  -4   11   1   9   4   2   1   0   2  31   0   0   6   0   3   0  28   1   0   0   0  0.77 0.33
   79 N    -1   0   2   2  -3   1   2   3   2  -5  -5   1  -4  -5  -3   0  -2  -4  -3  -4    2   4  12  10   0   8  13  25   6   0   0  11   0   0   0   6   1   0   0   0  0.46 0.20
   80 I    -2  -3  -4  -4   0  -2  -4  -5  -2   4   3  -3   2   2  -4  -3  -1  -3   1   2    2   0   0   0   2   1   0   0   1  27  26   2   5   7   0   1   2   0   6  17  0.48 0.20
   81 H    -1  -2   1   2  -4  -1   0  -1   6  -5  -4  -1  -4  -3   4   2  -1  -5  -3  -4    4   2   7  11   0   1   5   5  23   0   1   2   0   1  22  15   3   0   0   0  0.69 0.28
   82 N    -1   2   1  -1  -3   0  -1   0   1   0   1   1   0  -2   0  -1  -1  -3  -1   0    3  13   8   1   0   4   3   7   5   6  18   8   2   1   6   3   2   0   2   8  0.07 0.07
   83 E    -1   0   0   2  -4   0   3   0   1   0  -1   1  -2  -4  -1   0  -2  -4  -3  -1    3   4   4  12   0   3  28   6   3   8   5  11   0   0   2   7   1   0   0   3  0.27 0.16
   84 P    -1  -1   0   2  -4   1   4  -3  -2  -2  -2   0  -2  -4   3   1   0  -3  -3   0    4   2   3   9   0   5  32   0   0   2   3   5   0   0  13   9   5   0   0   7  0.42 0.21
   85 I    -3  -5  -4  -5  -4  -5  -5  -6  -5   4   5  -5   0   3  -5  -2  -3  -4  -2   0    1   0   1   0   0   0   0   0   0  25  54   0   0  12   0   3   0   0   1   4  0.94 0.33
   86 G    -1   2   1   2  -3   0   3  -1  -1  -3  -3   1  -3  -4  -3   2   0  -4  -3  -2    3  10   6  15   0   2  21   4   1   1   1  10   0   0   0  17   4   0   0   3  0.34 0.18
   87 N    -2   2   2   1  -4   2   1  -2  -1  -3  -4   3  -2  -5   3   1  -1  -5  -4  -4    1  14  12   9   0   7   9   2   1   1   0  19   1   0  13   8   3   0   0   0  0.45 0.20
   88 Q    -1  -3  -1   1   2  -1  -2  -4   7  -1  -3  -3  -2   2  -5   0  -3   1   5  -3    4   0   2   8   4   2   1   0  32   4   1   0   1   7   0   8   0   2  23   1  0.90 0.34
   89 A     1  -4  -5  -5  -2  -4  -5  -4  -5   1   5  -4   0   2  -5  -3   0  -4  -3   0   11   0   0   0   1   0   0   1   0   5  64   0   1   7   0   1   5   0   0   4  0.81 0.32
   90 R    -5  -2  -5  -1  -6  -5  -4  -6  -1  -4  -3  -5  -4   4  -6  -5   0  -1   9  -3    0   2   0   3   0   0   1   0   0   0   2   0   0  17   0   0   7   0  67   1  1.90 0.56
   91 V    -1  -2  -2  -1   1  -2  -2  -3   0   3   0  -2   1   3  -3   0   1  -2   0   2    4   2   1   4   3   1   1   1   3  22   7   1   3  13   0   9   8   0   2  15  0.19 0.14
   92 L    -4  -2  -3  -5  -5  -2  -4  -5   6  -2   3  -1  -1   2  -5  -3  -4  -2   6  -3    0   2   1   0   0   1   0   0  18   2  30   5   1   6   0   2   0   0  33   0  0.98 0.37
   93 C    -1   1  -1   1   1   1   1  -3   2  -1   0   1  -1  -1  -2   0   2  -3  -1  -1    4   9   1   7   4   6  10   1   8   3  13   7   0   2   1   5  15   0   2   2  0.12 0.11
   94 G    -2  -3   1   3  -3  -1  -1   5   4  -5  -2  -3  -4  -5  -4  -1  -3  -5  -3  -4    2   0   7  17   1   2   4  42  14   0   6   0   0   0   0   4   0   0   0   0  0.75 0.29
   95 K    -1   1  -1   0  -4   2   4  -2   0  -2  -2   1  -1  -2  -1  -1  -1  -3   2  -2    3   8   2   5   0  11  32   2   2   2   3   9   2   1   2   2   3   0   9   3  0.36 0.20
   96 D    -1  -1   0   6  -6   0   5  -3  -2  -6  -6   0  -5  -6  -3  -1  -3  -6  -5  -5    5   2   3  41   0   4  36   1   0   0   0   4   0   0   0   3   1   0   0   0  1.07 0.37
   97 A     6  -4  -4  -5   0  -4  -4  -2  -5  -4  -4  -4  -4  -5  -4   0   0  -6  -5   0   80   0   0   0   2   0   0   2   0   0   0   0   0   0   0   5   5   0   0   6  1.33 0.48
   98 A    -1  -5  -6  -6  -4  -5  -5  -6  -6   6   0  -5  -1  -3  -5  -4  -2  -5  -4   5    4   0   0   0   0   0   0   0   0  42   5   0   0   0   0   0   1   0   0  48  1.27 0.41
   99 K    -3   6  -1  -4  -5   0   0  -4   1  -4  -3   3   2  -5  -4  -1  -1  -5  -3  -4    1  53   2   0   0   2   6   0   3   0   1  19   6   0   0   3   3   0   0   1  1.03 0.37
  100 H    -6  -4  -3  -5  -7  -3  -4  -6  11  -8  -7  -5  -6  -5  -6  -5  -6  -7  -2  -7    0   0   0   0   0   0   0   0 100   0   0   0   0   0   0   0   0   0   0   0  3.78 0.87
  101 L    -3  -5  -6  -6  -4  -5  -5  -3  -5   3   5  -5   0  -2  -5  -5  -3  -4  -4   2    1   0   0   0   0   0   0   2   0  18  63   0   1   0   0   0   0   0   0  15  1.06 0.36
  102 F    -5  -6  -6  -7  -6  -6  -6  -7  -5  -2   0  -6   4   9  -7  -6  -5  -3   1  -4    0   0   0   0   0   0   0   0   0   1   8   0   9  80   0   0   0   0   2   0  2.21 0.59
  103 L    -4   7  -3  -4  -4   0   1  -5  -3  -4  -3   1  -2  -3  -5  -2  -3  -5  -2  -5    0  73   0   0   0   2   8   0   0   1   2   7   1   1   0   2   0   0   2   0  1.56 0.49
  104 V    -4  -6  -6  -7  -4  -6  -6  -7  -7  -1  -2  -6  -3  -4  -6  -5  -3  -6  -5   8    0   0   0   0   0   0   0   0   0   0   2   0   0   0   0   0   0   0   0  98  2.13 0.62
  105 A     6  -4  -4  -4  -2  -3  -4  -2  -4  -4  -4  -3  -4  -5  -4   2   1  -5  -5  -1   69   0   0   0   0   0   0   1   0   0   0   0   0   0   0  17   9   0   0   3  1.18 0.45
  106 S     4  -4  -3  -4   0  -3  -3  -3  -4  -5  -5  -3  -4  -5  -4   6  -2  -6  -5  -4   33   0   0   0   2   0   0   1   0   0   0   0   0   0   0  64   0   0   0   0  1.37 0.51
  107 G    -2  -4  -3  -4  -5  -4  -4   5  -4  -6  -6  -4  -5  -6  -4   5  -3  -6  -5  -5    0   0   0   0   0   0   0  45   0   0   0   0   0   0   0  55   0   0   0   0  1.50 0.51
  108 A    -3  -5  -6  -7  -4  -5  -6  -7  -6   2   6  -5   0  -2  -6  -5  -4  -5  -4  -2    2   0   0   0   0   0   0   0   0   9  88   0   1   0   0   0   0   0   0   0  1.57 0.48
  109 D    -5  -5  -2   8  -7  -3   1  -5  -4  -7  -7  -4  -7  -7  -5  -4  -5  -8  -7  -7    0   0   1  91   0   0   8   0   0   0   0   0   0   0   0   0   0   0   0   0  2.43 0.64
  110 S    -2  -4  -3  -4  -4  -4  -4  -4  -5  -6  -6  -4  -5  -6  -4   7  -2  -7  -5  -5    1   0   0   0   0   0   0   0   0   0   0   0   0   0   0  99   0   0   0   0  2.17 0.69
  111 L    -5  -5  -6  -7  -5  -4  -6  -7  -5  -1   3  -5  10  -3  -6  -5  -4  -5  -5  -2    0   0   0   0   0   0   0   0   0   1  24   0  74   0   0   0   0   0   0   0  2.41 0.68
  112 S    -2  -5  -5  -6  -4  -5  -5  -6  -6   3  -1  -5  -1  -4  -5   1  -3  -6  -4   6    1   0   0   0   0   0   0   0   0  17   3   0   1   0   0  10   0   0   0  68  1.25 0.44
  113 I    -3  -5  -6  -6  -3  -5  -5  -6  -5   4   3  -4   1  -2  -5  -4  -2  -5  -4   4    0   0   0   0   0   0   0   0   0  27  33   0   2   0   0   0   1   0   0  37  1.02 0.35
  114 G    -3  -6  -4  -5  -6  -5  -6   8  -6  -7  -7  -5  -6  -7  -6  -4  -5  -6  -7  -7    0   0   0   0   0   0   0 100   0   0   0   0   0   0   0   0   0   0   0   0  2.52 0.64
  115 E    -4  -4  -4  -1  -7  -2   8  -5  -4  -7  -7  -3  -6  -7  -5  -4  -4  -7  -6  -6    0   0   0   1   0   0  99   0   0   0   0   0   0   0   0   0   0   0   0   0  2.42 0.69
  116 Y     0  -4  -4  -1  -5  -4  -3   1  -4  -5  -5  -4  -4  -4   6   0   1  -4   3  -3    7   0   0   4   0   0   0  13   0   0   0   0   0   0  47   6  11   0  11   1  1.12 0.38
  117 E    -5  -3  -4  -4  -7   9   2  -6  -3  -7  -6  -2  -4  -7  -5  -4  -4  -6  -5  -6    0   0   0   0   0  87  13   0   0   0   0   0   0   0   0   0   0   0   0   0  2.43 0.72
  118 I    -5  -7  -7  -7  -5  -6  -7  -7  -7   8  -2  -6  -2  -4  -6  -6  -4  -6  -5   0    0   0   0   0   0   0   0   0   0  98   0   0   0   0   0   0   0   0   0   2  2.39 0.64
  119 L    -4  -5  -6  -7  -4  -5  -6  -7  -6  -1   6  -6  -1  -2  -6  -5  -3  -5  -4   0    0   0   0   0   0   0   0   0   0   1  92   0   0   0   0   1   1   0   0   5  1.66 0.51
  120 S     1  -5  -3  -4   1  -4  -4   6  -5  -6  -6  -2  -5  -6  -5   2  -4  -5  -6  -5    9   0   0   0   3   0   0  73   0   0   0   2   0   0   0  13   0   0   0   0  1.51 0.45
  121 Q    -5  -3  -4  -4  -7   9  -2  -6  -3  -7  -6  -3  -4  -7  -5  -4  -5  -6  -5  -6    0   0   0   0   0 100   0   0   0   0   0   0   0   0   0   0   0   0   0   0  2.90 0.81
  122 I    -3  -5  -6  -6  -4  -5  -5  -6  -6   4   1  -5   0   1  -5  -4  -3  -5  -3   6    0   0   0   0   0   0   0   0   0  26  12   0   1   6   0   0   0   0   0  54  1.12 0.38
  123 R    -4   2  -4  -4  -7  -1  -3  -5  -4  -6  -6   8  -5  -7  -5  -4  -4  -1  -5  -6    0   9   0   0   0   1   0   0   0   0   0  89   0   0   0   0   0   1   0   0  2.06 0.61
  124 S    -1  -2   1   5  -5   0   3  -3  -1  -4  -2  -1  -3  -5  -3   0   2  -5  -4  -4    3   2   5  36   0   4  21   1   1   0   5   2   0   0   0   6  13   0   0   0  0.65 0.27
  125 T     6  -4  -4  -4  -2  -4  -4  -3  -4  -4  -2  -3  -4  -5  -4   2   2  -5  -3  -3   71   0   0   0   0   0   0   0   0   0   3   0   0   0   0  11  13   0   0   0  1.19 0.45
  126 I    -5  -5  -5  -6  -5  -5  -5  -6   4  -1  -2  -5   1   5  -6  -5  -5  -2   8  -3    0   0   0   0   0   0   0   0  11   4   3   0   3  20   0   0   0   0  57   1  1.81 0.52
  127 D    -1   1   0   2  -4   2   2   2   0  -3  -2   2  -1  -3  -3   0  -1  -4  -2  -3    3   9   4  10   0  10  18  14   1   0   3  12   2   0   0   8   3   0   1   0  0.29 0.15
  128 M    -1  -2   0  -2  -1   0  -1  -3   1   1   2   0   2   1  -3  -1  -1  -1   3   0    4   1   6   1   1   4   3   0   3   9  24   5   8   5   0   3   3   0  14   4  0.18 0.13
  129 F     6  -4  -4  -4  -2  -4  -4   0  -4  -4  -5  -4  -4  -1  -4   2  -3  -5  -4  -3   76   0   0   0   1   0   0   7   0   0   0   0   0   3   0  13   0   0   0   0  1.32 0.48
  130 K     0   2  -1  -2   2   2  -1  -3  -2  -1   1   2   0  -1  -3   0   0  -3  -2   0   10  10   2   1   5  14   3   0   0   3  18  14   3   2   0   4   5   0   0   7  0.16 0.13
  131 K    -1   0  -1   1  -4   3   4  -3  -1  -5  -4   3  -2  -5  -3   0  -2  -5  -3  -4    4   4   2   5   0  13  36   1   1   0   1  23   1   0   0   8   1   0   0   0  0.70 0.30
  132 L     1   0   0  -3   0   0   0  -2   3  -1   1  -1   0   2  -3  -1  -1  -1   4  -1   12   4   5   0   2   3   5   1   8   1  15   4   2   8   0   4   2   0  20   3  0.21 0.15
  133 G    -2   1   2  -1  -3   0   0   4   0  -5  -5   4  -4  -5  -4  -1  -3  -5  -4  -4    0   8  10   2   0   4   5  33   3   0   0  32   0   0   0   2   0   0   0   0  0.74 0.30
  134 F     3  -4  -2  -3  -2  -3  -3   1  -4   1  -2  -3  -1  -1  -3   2   4  -4  -3  -1   23   0   0   0   0   0   0  13   0   8   2   0   1   2   0  13  35   0   0   2  0.54 0.28
  135 S     1  -4  -3  -4   0  -3  -3  -2  -4   2  -2  -3  -2  -4  -4   2   5  -5  -4   2   11   0   0   0   2   0   0   2   0  12   2   0   0   0   0  18  39   0   0  12  0.62 0.31
  136 G    -2  -2   1  -1  -5  -4  -4   6  -3  -6  -6  -1  -5  -6  -5   1  -3  -6  -6  -6    1   2   8   2   0   0   0  74   0   0   0   3   0   0   0  10   0   0   0   0  1.49 0.45
  137 K    -1   2  -1  -3  -3   0  -2  -3   0   1   0   2   0  -1   1  -1   1  -4  -2   1    3  12   2   0   0   2   1   1   3  10  11  16   2   2   8   3  13   0   0  11  0.16 0.13
  138 Y    -3  -5  -4  -5  -2  -4  -4  -6   1   5   2  -5   0  -1  -5  -4  -2   0   2   3    1   0   0   0   1   0   1   0   3  45  14   0   1   2   0   0   1   1   8  22  0.82 0.31
  139 L    -4  -5  -6  -6  -4  -5  -6  -6  -5   1   6  -5   3   1  -6  -5  -4  -4  -3  -1    0   0   0   0   0   0   0   0   0   7  80   0   6   6   0   0   0   0   0   1  1.40 0.44
  140 Q    -4   0   7   2  -1  -1  -1  -3   4  -6  -6  -2  -5  -6  -5  -2  -1  -6  -4  -6    0   4  64  10   1   2   3   1  10   0   0   1   0   0   0   0   4   0   0   0  1.46 0.47
  141 I    -1   6  -2  -3  -2   1  -1  -3  -1   0  -4   3  -2  -5  -3  -2   2  -5  -4  -3    4  45   1   0   1   5   1   1   2   5   0  16   1   0   0   1  16   0   0   1  0.78 0.32
  142 F    -2  -5  -6  -6  -4  -5  -6  -6  -5  -1   6  -5   0   4  -6  -5  -4  -4  -3   0    3   0   0   0   0   0   0   0   0   1  75   0   1  16   0   0   0   0   0   3  1.30 0.43
  143 F    -5  -5  -6  -7   0  -5  -6  -6  -4  -2   3  -6   4   7  -6  -5  -5  -3   1  -3    0   0   0   0   2   0   0   0   0   0  25   0  11  58   0   0   0   0   2   0  1.58 0.47
  144 E    -3   1   1   0  -5   3   3  -4   7  -5  -5   3  -4  -5  -2  -2  -1  -5  -3  -5    0   6   6   4   0  13  17   0  27   0   0  20   0   0   1   1   4   0   0   0  0.84 0.33
  145 R    -4   4  -2  -3  -6   5  -1  -4   0  -5  -5   5  -4  -6  -4  -3  -1  -5  -4  -5    0  23   0   0   0  24   1   0   2   0   0  44   0   0   0   0   4   0   0   0  1.20 0.43
  146 A     7  -4  -4  -5  -4  -4  -4  -3  -5  -4  -5  -4  -4  -5  -4   1   0  -6  -5  -3   86   0   0   0   0   0   0   0   0   0   0   0   0   0   0   9   5   0   0   0  1.58 0.54
  147 I    -4  -5  -6  -6  -4  -5  -6  -6  -5   5   2  -5   1   6  -6  -4  -4  -3  -1   0    0   0   0   0   0   0   0   0   0  36  16   0   3  41   0   1   0   0   0   4  1.24 0.40
  148 K     0   0   1  -2  -4   1  -1  -3   2  -4  -4   2  -3  -1  -3   4   3  -4  -2  -3    6   4   5   0   0   5   2   0   4   0   0  14   0   4   0  37  16   0   1   1  0.51 0.27
  149 V     1  -5  -5  -6  -4  -5  -5  -5  -6   1  -2  -5  -1  -4  -5  -4   1  -6  -4   7   12   0   0   0   0   0   0   0   0   3   0   0   1   0   0   0   8   0   0  76  1.36 0.47
  150 G     5  -5  -3  -4  -4  -3  -4   5  -5  -5  -5  -4  -4  -5  -4   0  -3  -5  -5  -4   45   0   0   0   0   1   0  48   0   0   0   0   0   0   0   6   0   0   0   0  1.30 0.44
  151 R    -4   3  -4  -4  -7  -2  -3  -5  -4  -6  -6   8  -5  -7  -5  -4  -4  -6  -5  -6    0  11   0   0   0   0   0   0   0   0   0  89   0   0   0   0   0   0   0   0  2.10 0.62
  152 K    -5   8  -4  -5  -7  -2  -2  -6  -4  -4  -5   3  -5  -6  -5  -4  -4  -6  -5  -6    0  82   0   0   0   0   1   0   0   1   1  15   0   0   0   0   0   0   0   0  2.07 0.59
  153 V    -1  -6  -6  -6  -4  -5  -5  -6  -6   3  -2  -5  -2  -4  -5  -4  -2  -6  -4   7    6   0   0   0   0   0   0   0   0  16   0   0   0   0   0   0   1   0   0  77  1.55 0.49
  154 R    -5   8  -4  -5  -7  -2  -4  -6   1  -7  -6  -1  -5  -6  -6  -4  -5  -6  -5  -6    0  95   0   0   0   1   0   0   3   0   0   1   0   0   0   0   0   0   0   0  2.50 0.68
  155 E    -2  -1   0  -3  -4  -1   0  -4  -4  -3  -2  -2  -4  -5  -4   2   6  -5  -4  -3    1   3   5   0   0   2   5   0   0   1   3   2   0   0   0  14  65   0   0   0  1.14 0.45
  156 E    -4  -2  -3  -1  -7   0   7  -5  -3  -6  -5  -1  -5  -7  -4   0  -4  -6  -5  -5    0   2   0   1   0   1  87   0   0   0   1   1   0   0   0   5   0   0   0   0  1.92 0.59
  157 T    -4  -5  -4  -5  -5  -4  -5  -5  -5  -4  -5  -4  -4  -6  -5  -2   8  -6  -5  -4    0   0   0   0   0   0   0   0   0   0   0   0   0   0   0   1  99   0   0   0  2.42 0.72
  158 S     0   2   2  -1  -3  -1   0   3  -3  -4  -4   3  -3  -4  -3   1  -1  -5  -4  -4    6  12  10   3   0   0   6  27   0   0   1  18   0   0   0  14   3   0   0   0  0.46 0.21
  159 I    -5  -7  -7  -7  -5  -6  -7  -7  -7   8  -1  -6  -2  -4  -6  -6  -4  -6  -5   0    0   0   0   0   0   0   0   0   0  96   1   0   0   0   0   0   0   0   0   2  2.30 0.62
  160 S     4  -4   1   1  -1  -3  -3   4  -4  -5  -5  -3  -4  -5  -4   3  -2  -5  -5  -4   33   0   7   7   1   0   0  31   0   0   0   0   0   0   0  21   0   0   0   0  0.78 0.32
  161 K    -1   2   0   0  -3   2   3  -3   0  -4  -4   3  -3  -4  -3   2   2  -4  -2  -3    2  10   4   5   0   7  22   1   2   1   0  17   0   0   0  16  13   0   1   0  0.44 0.22
  162 G    -2   0   5  -2  -5  -2  -3   4   2  -6  -6  -2  -4  -5  -4   3  -2  -5  -3  -5    2   4  27   0   0   1   0  34   6   0   0   1   0   0   0  24   0   0   1   0  0.90 0.35
  163 K     6  -4  -4  -4  -3  -3  -3  -2  -4  -4  -5   2  -4  -5  -1   0  -3  -6  -5  -3   78   0   0   0   0   0   0   1   0   0   0  12   0   0   3   4   0   0   0   0  1.31 0.48
  164 V    -2  -6  -6  -7  -4  -6  -6  -7  -7   1  -2  -6  -2  -3  -6  -5  -3  -6  -4   7    2   0   0   0   0   0   0   0   0   3   0   0   0   1   0   0   0   0   0  94  1.99 0.59
  165 G    -2  -4  -2  -4  -4  -4  -4   1  -4  -6  -6  -4  -5  -6  -4   7  -2  -6  -5  -5    0   0   0   0   0   0   0  11   0   0   0   0   0   0   0  88   0   0   0   0  1.80 0.61
  166 I    -4  -6  -6  -6  -4  -5  -6  -6  -6   6  -1  -5  -1  -3  -6  -5  -3  -6  -4   5    0   0   0   0   0   0   0   0   0  57   3   0   0   0   0   0   0   0   0  40  1.55 0.47
  167 Y    -1  -4  -3  -4  -3  -3  -4   0  -4  -5  -6  -4  -5  -4  -3   7  -2  -5   3  -5    3   0   0   0   0   0   0   5   0   0   0   0   0   0   1  79   0   0  11   0  1.48 0.55
  168 S    -3  -5  -4  -5  -5  -4  -4  -5  -3  -4  -4  -4  -4   5  -5   4  -3  -2   7  -4    0   0   0   0   0   0   0   0   0   0   0   0   0  27   0  35   1   0  38   0  1.49 0.50
  169 L     6  -5  -5  -5  -3  -4  -4  -3  -5  -2   0  -4  -3  -5  -4  -2  -2  -5  -5   1   78   0   0   0   0   0   0   0   0   1   9   0   0   0   0   0   1   0   0  10  1.28 0.47
  170 A     7  -5  -5  -5  -4  -4  -4  -2  -5  -5  -5  -4  -4  -6  -4  -2  -3  -6  -5  -4   98   0   0   0   0   0   0   1   0   0   0   0   0   0   0   1   0   0   0   0  2.00 0.62
  171 I    -3  -6  -6  -7  -4  -6  -6  -7  -7   2  -2  -6  -2  -4  -6  -5  -3  -6  -4   7    1   0   0   0   0   0   0   0   0   9   0   0   0   0   0   0   0   0   0  90  1.91 0.57
  172 D    -4  -3  -3   1  -7   0   7  -4  -3  -7  -5  -2  -5  -7  -5  -3  -4  -6  -6  -6    0   0   1   5   0   2  89   1   0   0   1   0   0   0   0   0   0   0   0   0  2.01 0.61
  173 E    -4  -4  -6  -6  -4  -5  -2  -7  -6  -1   6  -5   1   0  -6  -5  -4  -4  -2  -2    0   0   0   0   0   0   3   0   0   1  90   0   2   3   0   0   0   0   1   0  1.54 0.49
  174 A     7  -5  -5  -5  -4  -4  -4  -2  -5  -3  -5  -4  -4  -5  -4  -2  -3  -6  -5  -1   92   0   0   0   0   0   0   2   0   1   0   0   0   0   0   1   0   0   0   4  1.73 0.57
  175 K    -4   4  -2  -2  -6   2   1  -4  -1  -5  -5   6  -4  -6  -4  -3  -3  -5  -3  -5    0  24   1   1   0   9   7   0   1   0   0  54   0   0   0   0   1   0   1   0  1.21 0.42
  176 K    -3   1  -1  -3  -5   1  -1  -3  -3  -3  -3   6   2  -5  -4   0  -1  -5  -4  -3    1   7   3   1   0   6   2   1   0   1   1  62   6   0   0   5   4   0   0   1  1.02 0.39
  177 R    -3   0  -3  -5  -4  -2  -3  -6  -3   6  -1   2  -2  -3  -5  -3  -3  -5  -2   1    0   6   1   0   0   1   1   0   0  62   3  15   0   0   0   1   1   0   1   7  1.00 0.38
  178 F    -4  -6  -6  -6  -4  -6  -6  -6  -4   0   1  -6   0   8  -6  -4  -4  -2   0   1    1   0   0   0   0   0   0   0   0   4  13   0   1  71   0   1   1   0   0   8  1.71 0.49
  179 N    -1  -3   1   2  -2   0   2   5  -3  -4  -5  -1  -4  -5  -2  -1  -1  -5  -4  -3    4   0   5  13   1   3  12  49   0   1   0   3   0   0   1   3   4   0   0   1  0.74 0.27
  180 D    -3  -2   3   6  -4  -1   1  -1   0  -5  -5  -2  -3  -4  -4   1   1  -6  -4  -5    1   2  14  46   0   2   8   4   2   0   0   2   0   0   0  11   9   0   0   0  0.86 0.32
  181 F    -4  -5  -6  -7  -4  -5  -6  -7  -6   1   6  -6   0   1  -6  -5  -4  -4  -3  -1    0   0   0   0   0   0   0   0   0   6  86   0   0   6   0   0   0   0   0   1  1.54 0.48
  182 Y     1  -1   1   1  -2   0   3  -1  -1  -4  -4   1  -3  -4  -2   3   1  -4  -1  -3   10   3   6   9   0   3  20   2   1   0   1   9   0   0   1  28   6   0   2   0  0.40 0.21
  183 D    -1  -1   2   4  -5  -1  -1   4  -2  -5  -5   1  -4  -5  -3  -1   0  -5  -5  -4    2   3  11  26   0   1   3  35   0   0   0  10   0   0   1   2   5   0   0   1  0.69 0.27
  184 R    -1   4  -3  -4   2  -1  -2  -4   1  -5  -4   6  -4  -5  -4  -2  -3  -5   0  -5    3  23   0   0   4   2   1   0   3   0   1  58   0   0   0   2   1   0   3   0  1.19 0.42
  185 R    -1   3   1  -3  -4  -1  -2  -3  -1  -3  -4   3  -1  -4  -3   2   4  -5  -4  -1    3  14   6   0   0   1   1   1   1   1   0  19   2   0   0  15  34   0   0   5  0.56 0.28
  186 I     0  -5  -5  -6  -1  -5  -5  -4  -6   4  -2  -5  -2   1  -5  -4  -3  -5  -3   6    7   0   0   0   1   0   0   1   0  19   0   0   0   7   0   0   0   0   0  63  1.15 0.41
  187 L     1  -4  -5  -6   0  -4  -5  -4  -5  -1   4  -4   7  -2  -5  -2  -2  -4  -4  -1   14   0   0   0   2   0   0   1   0   1  40   0  35   1   0   2   2   0   0   2  1.05 0.40
  188 V    -4  -5  -6  -6  -4  -5  -5  -6  -6   5   4  -5  -1  -2  -5  -5  -3  -5  -4   3    0   0   0   0   0   0   0   0   0  34  44   0   0   0   0   0   0   0   0  21  1.12 0.37
  189 I    -4  -5  -6  -6  -4  -5  -6  -6  -6   6   2  -5   0  -3  -5  -5  -3  -5  -4   3    0   0   0   0   0   0   0   0   0  60  20   0   1   0   0   0   0   0   0  19  1.33 0.41
  190 G    -3  -6  -4  -5  -6  -5  -6   8  -6  -7  -7  -5  -6  -7  -6  -4  -5  -6  -7  -7    0   0   0   0   0   0   0 100   0   0   0   0   0   0   0   0   0   0   0   0  2.52 0.64
  191 A     7  -5  -5  -5  -4  -4  -4  -3  -5  -5  -5  -4  -4  -6  -4  -2  -1  -6  -5  -3   96   0   0   0   0   0   0   0   0   0   0   0   0   0   0   0   4   0   0   0  1.93 0.61
  192 G    -3  -6  -4  -5  -6  -5  -6   8  -6  -7  -7  -5  -6  -7  -6  -3  -5  -6  -7  -7    0   0   0   0   0   0   0  99   0   0   0   0   0   0   0   1   0   0   0   0  2.49 0.63
  193 E    -4  -2  -2  -1  -7   0   7  -5  -3  -6  -6   4  -5  -6  -4  -3  -4  -6  -5  -6    0   0   1   2   0   2  72   0   0   0   0  24   0   0   0   0   0   0   0   0  1.67 0.54
  194 M    -5  -5  -6  -7  -5  -4  -6  -7  -6   1  -2  -5  11  -4  -6  -5  -1  -5  -5  -2    0   0   0   0   0   0   0   0   0   6   0   0  89   0   0   0   4   0   0   1  2.90 0.78
  195 A     4  -4  -3  -4   6  -3  -4   2  -4  -3  -4  -3  -4  -5  -4   3  -2  -5  -5  -3   37   0   0   0  17   0   0  17   0   1   0   0   0   0   0  27   0   0   0   1  0.95 0.38
  196 Q    -4   2  -1  -2  -2   1   7  -4  -3  -6  -6   0  -5  -6  -4  -1   0  -6  -5  -5    0   9   2   0   1   4  72   1   0   0   0   3   0   0   0   3   5   0   0   0  1.40 0.48
  197 K    -4  -3  -6  -6  -4  -4  -5  -6  -6  -1   6   1  -1  -3  -6  -5  -4  -5  -4  -2    0   1   0   0   0   0   0   0   0   0  88  10   0   0   0   0   0   0   0   0  1.53 0.50
  198 I     5  -4  -4  -4  -3  -3  -4  -3  -4   0   1  -3  -2  -4  -4  -1   3  -5  -4   0   52   0   0   0   0   0   0   0   0   6  17   0   0   0   0   1  18   0   0   6  0.76 0.35
  199 T     6  -4  -5  -5  -2  -4  -4  -3  -5  -1  -2  -4  -2  -4  -4  -2  -1  -5  -4   3   68   0   0   0   1   0   0   0   0   1   3   0   1   0   0   1   3   0   0  23  1.14 0.44
  200 S    -3   5  -1  -3  -5   3  -1  -4  -3  -5  -2   5  -3  -2  -4  -1  -2  -5  -4  -4    0  33   1   0   0  16   1   0   0   0   4  36   0   2   0   4   2   0   0   1  1.00 0.38
  201 M    -2  -4  -1  -5  -6  -3  -4  -6  10   0  -5  -4   2  -4  -6  -3  -4  -6   1  -5    4   0   2   0   0   0   0   0  78   5   0   0   6   0   0   1   0   0   3   0  2.50 0.66
  202 L    -5  -5  -7  -7  -4  -5  -6  -7  -6  -1   6  -6   0   3  -6  -6  -4  -4  -3  -2    0   0   0   0   0   0   0   0   0   1  88   0   0  11   0   0   0   0   0   0  1.64 0.50
  203 H     0  -2  -2  -4  -1  -2  -3  -4   1   3   2  -1   1  -2  -4  -2  -1  -3   2   3    7   2   2   0   1   1   0   0   4  21  20   3   2   0   0   1   1   0   7  26  0.37 0.19
  204 N     2  -1   4   0  -3  -2  -1  -1  -3  -5  -5  -1  -4  -5  -3   4   0  -5  -4  -4   19   3  26   3   0   0   4   4   0   0   0   3   0   0   0  35   3   0   0   0  0.70 0.32
  205 E     0  -1   5  -1  -2   1   2  -1   1  -4  -4   2  -3  -4  -3   1  -1  -4   0  -3    6   2  34   1   1   4  12   3   4   0   1  15   0   0   0   9   2   0   4   1  0.52 0.25
  206 G    -3  -3   1  -2  -2  -4  -5   7  -5  -7  -7  -5  -4  -6  -5  -3  -5  -6  -6  -6    0   1   7   2   1   0   0  90   0   0   0   0   0   0   0   0   0   0   0   0  2.06 0.56
  207 A     3  -5  -5  -5  -3  -4  -5  -3  -5   3  -1  -4  -2  -3  -5  -2  -2  -5  -2   6   23   0   0   0   0   0   0   1   0  12   1   0   0   0   0   1   0   0   1  59  1.04 0.39
  208 K    -1   3   1  -1  -1   0   1  -1  -2  -4  -4   4  -3  -5  -3   2   1  -5  -4  -3    2  14   6   2   1   2   7   4   1   0   0  30   0   0   0  20  10   0   0   1  0.50 0.24
  209 D    -1   1   3   3  -4   1   2   1   1  -4  -4   1  -3  -4  -3   1   1  -4  -3  -2    2   6  14  15   0   6  13  10   4   0   0  10   0   0   0   9   8   0   0   2  0.35 0.17
  210 V    -3  -5  -6  -6  -4  -5  -6  -6  -6   5   1  -5   0  -2  -5  -5  -3  -5  -4   6    0   0   0   0   0   0   0   0   0  36   8   0   1   1   0   0   0   0   0  54  1.33 0.42
  211 T    -1  -3  -3  -4  -2  -3  -4  -4  -3   2   2  -3   3   2  -4  -1   2  -2   2   0    4   1   0   0   1   0   0   0   0  14  24   1   9  11   0   4  17   0   9   6  0.38 0.20
  212 I    -3  -6  -6  -6  -4  -5  -6  -6  -6   5  -2  -6  -2  -4  -6  -5  -3  -6  -4   7    0   0   0   0   0   0   0   0   0  28   0   0   0   0   0   0   0   0   0  72  1.68 0.51
  213 M     3  -4  -3  -4  -2  -3  -3  -3  -4  -1  -1  -3   1  -1  -3   1   3  -4  -3   2   34   0   0   0   0   0   0   0   0   2   6   0   5   3   0  12  24   0   0  14  0.51 0.27
  214 N    -5  -4   9  -2  -6  -4  -4  -4  -3  -7  -7  -4  -6  -7  -6  -1  -3  -8  -6  -7    0   0  96   0   0   0   0   0   0   0   0   0   0   0   0   4   1   0   0   0  2.66 0.71
  215 R    -5   9  -4  -5  -7  -3  -4  -6  -4  -7  -6  -1  -5  -7  -6  -4  -5  -7  -5  -6    0 100   0   0   0   0   0   0   0   0   0   0   0   0   0   0   0   0   0   0  2.73 0.72
  216 T    -3  -4  -2  -4  -4  -4  -4  -5  -3  -4  -5  -3  -4  -6  -4   3   7  -6  -5  -4    0   0   1   0   0   0   0   0   1   0   0   0   0   0   0  19  78   0   0   0  1.75 0.58
  217 I    -4  -2  -3  -5  -4  -2  -4  -5   1   0   1  -3  -2   6  -3  -4  -2   2   6   0    0   2   1   0   0   2   1   0   4   6  14   1   0  32   1   0   2   2  29   5  0.95 0.33
  218 E    -1   0  -2   2  -6   1   6  -3  -2  -6  -5  -1  -5  -6  -4   0  -3  -6  -5  -5    5   4   1  11   0   5  65   1   1   0   0   2   0   0   0   5   0   0   0   0  1.22 0.43
  219 K    -5   8  -2  -5  -7  -2  -3  -5  -2  -6  -6   3  -5  -6  -5  -4  -3  -6  -5  -6    0  78   1   0   0   1   0   0   1   0   0  19   0   0   0   0   1   0   0   0  1.98 0.57
  220 A     7  -5  -4  -5  -4  -4  -4   2  -5  -5  -5  -4  -4  -6  -4  -1  -3  -6  -5  -3   86   0   0   0   0   0   0  12   0   0   0   0   0   0   0   2   0   0   0   0  1.63 0.54
  221 K    -1   0  -3  -2   2   2   3  -4  -3   0  -1   2  -1  -4  -4  -2  -2  -5  -3   3    4   5   0   0   5  10  25   0   0   3   5  12   1   0   0   0   1   0   0  30  0.44 0.25
  222 Q     0   0   0   1  -4   2   5  -3  -2  -3  -4   3  -3  -5  -2   0  -1  -5  -4  -3    6   4   3   6   0   6  42   1   0   2   1  18   0   0   1   6   3   0   0   0  0.64 0.28
  223 L    -4  -5  -7  -7  -4  -5  -6  -7  -6   0   6  -6   1  -2  -6  -6  -4  -5  -4  -1    0   0   0   0   0   0   0   0   0   4  92   0   2   1   0   0   0   0   0   2  1.69 0.51
  224 A     7  -5  -5  -5  -4  -4  -4  -3  -5  -5  -4  -4  -4  -6  -4  -1  -3  -6  -5  -2   95   0   0   0   0   0   0   0   0   0   0   0   0   0   0   2   0   0   0   2  1.86 0.59
  225 L     0   1   1   1   0   2   4  -1  -1  -2  -2   2  -2  -4  -3   0  -1  -4  -3  -2    7   7   6   6   2  10  28   3   1   2   3  16   0   0   0   4   2   0   0   2  0.37 0.19
  226 K    -2   2  -2  -1  -3   3   5  -3  -2  -4  -3   4  -3  -5  -3  -2  -1  -5  -4  -3    3  10   1   2   1  13  37   1   0   0   2  26   0   0   0   1   3   0   0   1  0.76 0.31
  227 F    -5  -6  -6  -7  -5  -6  -6  -7  -4  -1   1  -6  -1   8  -7  -6  -5   0   4  -3    0   0   0   0   0   0   0   0   0   2  11   0   1  76   0   0   0   1  10   1  2.07 0.55
  228 G    -2  -1   4   0   1   1  -1   4   2  -5  -5   1  -4  -4   1   0  -2  -5  -4  -4    1   3  21   5   4   7   3  31   5   0   0   7   0   0   6   7   0   0   0   0  0.54 0.24
  229 Y    -2  -5  -3  -2  -5  -2  -1   7  -3  -4  -5  -4  -5  -1  -5  -3  -4  -4   2  -5    1   0   0   2   0   2   4  77   0   1   1   0   0   3   0   0   0   0   9   0  1.55 0.47
  230 N     0   3   0  -2  -1   1   2  -3  -1  -1  -3   3  -2  -4  -3   1   1  -4  -3  -2    8  20   4   1   1   6  12   0   1   4   1  21   0   0   0  11  10   0   0   2  0.38 0.20
  231 Y     5  -4  -3  -2  -4  -2  -3  -3  -4  -3  -4  -3  -4  -1   4  -1  -2  -4   3  -1   56   0   1   2   0   1   1   0   0   1   1   0   0   2  18   2   1   0  11   4  0.90 0.38
  232 E    -1  -4  -5  -3  -1  -4  -1  -4  -4   4   1  -4  -1   1  -4  -2  -2  -4  -2   4    3   0   0   1   1   0   4   1   0  32  13   0   0   5   0   2   2   0   1  36  0.67 0.27
  233 K    -1   3   0  -1  -4   0  -1  -2  -1  -4  -3   3   0  -5   4   1  -1  -5  -4  -3    4  18   5   3   0   4   3   3   1   0   2  19   2   0  23  10   2   0   0   1  0.53 0.22
  234 L    -4  -5  -6  -6  -5  -5  -5  -6  -4   0   3  -5   1   7  -6  -5  -4   0   4  -2    0   0   0   0   0   0   0   0   0   3  25   0   3  55   0   0   0   1  11   0  1.46 0.44
  235 D    -2  -1   0   6  -6  -1   4  -3   1  -5  -5  -2   0  -6  -4  -1  -1  -6  -5  -5    2   2   4  43   0   1  34   1   3   0   0   0   2   0   0   2   4   0   0   0  1.07 0.38
  236 L    -1  -2  -3  -2  -3  -1   2  -4  -1   0   2  -1   3   3   0  -2   0  -2   1  -1    5   1   0   0   0   2  19   0   1   5  18   3  10  16   4   2   5   0   5   3  0.24 0.17
  237 D    -1  -1   1   3  -4   1   3  -2   0  -3  -2   1  -3  -2  -3   1   0  -4  -2  -3    3   2   5  21   0   6  25   2   2   1   3   8   0   2   0  14   5   0   1   0  0.41 0.20
  238 K     0   1  -1  -2   0   1   1  -2   4  -2  -2   1  -2   1  -3  -1  -2   2   3   0    6   7   2   1   3   6  13   3  11   1   1  11   1   7   0   1   0   2  13  10  0.23 0.16
  239 L    -3  -5  -6  -6  -4  -5  -5  -6  -5   3   5  -5   4  -1  -5  -5  -3  -4  -4   0    2   0   0   0   0   0   0   0   0  16  64   0  13   1   0   0   0   0   0   4  1.17 0.39
  240 G     1   0   0  -1  -2   0   0   0   3  -1  -1   1  -2  -2   1   0  -1  -4  -1   0   14   4   4   3   0   1   7   6  12   3   4  14   0   1   8   3   2   0   1  11  0.14 0.11
  241 N    -1   2   2   2  -3   2   3  -2   2  -3  -3   2  -1  -4  -3  -1  -1  -3  -2  -3    4  11  12   9   0   8  20   2   6   0   2  13   2   0   0   3   3   0   1   2  0.35 0.17
  242 F     4  -3  -3  -4   0  -3  -3  -3  -3  -1  -2  -3   0   0  -3   2   1  -4   2   2   37   0   0   0   2   0   0   0   0   2   0   0   2   5   0  18   9   0   7  18  0.50 0.28
  243 D    -5  -5  -2   8  -7  -4  -2  -5  -1  -7  -7  -4  -7  -7  -5  -4  -5  -8  -7  -7    0   0   0  99   0   0   0   0   1   0   0   0   0   0   0   0   0   0   0   0  2.71 0.70
  244 V    -4  -6  -6  -6  -4  -6  -6  -7  -6   7   0  -6  -1  -3  -6  -5  -4  -6  -4   2    0   0   0   0   0   0   0   0   0  81   6   0   0   0   0   0   0   0   0  13  1.80 0.52
  245 A    -1  -6  -6  -6  -4  -5  -6  -6  -6   4  -1  -5  -2  -4  -5  -5  -3  -6  -4   6    3   0   0   0   0   0   0   0   0  21   3   0   0   0   0   0   0   0   0  72  1.48 0.47
  246 F    -4  -6  -6  -6  -4  -6  -6  -7  -5   7   2  -6  -1   5  -6  -5  -4  -4  -2   0    0   0   0   0   0   0   0   0   0  62  13   0   0  23   0   0   0   0   0   2  1.43 0.45
  247 I    -1  -4  -3  -4   5  -3  -3  -4  -4  -2  -4  -3  -4  -5  -4   5   4  -6  -5  -1    3   0   0   0  11   0   0   0   0   2   0   0   0   0   0  57  22   0   0   5  1.13 0.45
  248 S     2  -4  -3  -4   3  -3  -3  -3  -4  -5  -5  -3  -5  -6  -4   6  -2  -6  -5  -4   17   0   0   0   5   0   0   0   0   0   0   0   0   0   0  77   0   0   0   0  1.51 0.54
  249 I    -4  -5  -4  -5  -4  -4  -5  -5  -5   2  -4  -4  -4  -5  -5  -2   8  -6  -5  -2    0   0   0   0   0   0   0   0   0  12   0   0   0   0   0   0  87   0   0   1  1.97 0.63
  250 Y     2  -4  -1  -2  -4  -3  -2   5  -4  -3  -4  -2  -2   2  -4   1  -2  -4  -1  -3   19   0   2   2   0   0   1  49   0   1   1   1   1   9   0  10   1   0   2   1  0.77 0.30
  251 H     6  -3  -3  -4  -4  -3  -3  -3   2  -4  -4  -2  -4  -4  -4   1  -3  -5   2  -3   73   1   1   0   0   0   0   0   4   0   0   2   0   0   0  10   0   0   8   0  1.21 0.46
  252 E    -3  -3  -2  -1  -5  -1   2  -4  -2  -5  -5   0  -5  -6   7   0   2  -6  -5  -5    1   1   1   2   0   3  12   0   1   0   0   5   0   0  55   7  12   0   0   0  1.37 0.42
  253 N     0   0   2   0  -4   0   2  -3   7  -1  -3  -1  -3  -3  -4   0  -2  -5  -2   0    9   4   9   5   0   3  14   1  31   4   1   3   0   0   0   5   2   0   0   9  0.55 0.26
  254 L    -2  -3  -4  -4  -3  -3  -4  -5  -3   3   2  -1   6   0   2  -3  -3  -3   2   0    2   0   0   0   0   0   0   0   0  19  16   5  31   3  11   0   1   0   7   3  0.69 0.29
  255 R    -2   4  -3  -3  -4  -1  -2  -4   1   3  -1   4   0  -4  -3  -2  -2  -5  -3   0    3  22   0   0   0   1   1   0   4  23   4  32   2   0   1   2   0   0   0   5  0.57 0.28
  256 L    -1   2  -2  -1  -3   0   1  -2   0   2   1   1   0  -2  -2  -1  -1  -3  -2   0    4  13   0   3   0   4  13   2   2  14  20  12   2   0   1   2   2   0   1   5  0.15 0.12
  257 E    -4   7  -1   0  -6  -1   0  -5  -1  -3  -5   1  -4  -6  -4  -3  -2  -6  -4  -4    0  72   3   6   0   1   6   0   1   2   0   5   0   0   0   0   2   0   0   1  1.50 0.48
  258 N    -1   5   1  -2  -5   0  -1  -2   0  -5  -5   5  -4  -5  -1  -1  -3  -5  -4  -4    4  33   7   1   0   3   2   3   2   0   0  38   0   0   2   3   0   0   0   1  0.87 0.33
  259 K    -2   0   5   0  -4   2  -1   2   3  -4  -3   0  -1  -2  -1  -1  -2  -4   1  -4    2   4  32   5   0  11   1  15   9   0   2   7   2   1   3   3   0   0   5   0  0.49 0.24
  260 W    -3   5   0  -2  -5   2   0  -3  -1  -5  -5   5  -4  -5  -4  -1  -3   1  -4  -5    0  37   3   1   0   7   5   1   1   0   0  36   0   0   0   5   0   2   0   0  0.99 0.36
  261 N    -2  -2   1  -2  -4  -1  -2  -2  -4  -5  -4   0  -5  -4   7   1  -2  -6  -2  -5    2   2   6   1   0   3   2   3   0   0   2   5   0   0  62   9   1   0   1   0  1.47 0.43
  262 T    -3  -4  -3  -5  -3  -3  -4  -5  -4   3   3  -4   7  -2  -4  -2   0  -4  -3   1    0   0   1   0   0   0   0   0   0  19  29   0  32   0   0   3   5   0   0   9  0.90 0.33
  263 L    -4  -6  -6  -7  -5  -5  -6  -6  -5  -1   1  -6   5   8  -6  -5  -4  -3  -1  -2    0   0   0   0   0   0   0   0   0   3  12   0  16  65   0   0   1   0   0   2  1.76 0.51
  264 I    -4  -5  -6  -6  -4  -5  -5  -6  -5   4   4  -5   3   5  -5  -5  -3  -3  -1   1    0   0   0   0   0   0   0   0   0  21  36   0   6  29   0   0   0   0   0   8  0.98 0.33
  265 V    -4  -6  -6  -6  -4  -6  -6  -7  -6   8  -1  -6  -2   1  -6  -6  -4  -5  -4   2    0   0   0   0   0   0   0   0   0  85   0   0   0   6   0   0   0   0   0   9  1.91 0.55
  266 D    -6  -5  -2   8  -7  -4  -2  -5  -5  -7  -8  -4  -7  -7  -5  -4  -5  -8  -7  -7    0   0   0 100   0   0   0   0   0   0   0   0   0   0   0   0   0   0   0   0  2.78 0.71
  267 I    -5  -6  -7  -7  -4  -6  -7  -7  -7   8   1  -6   0  -3  -6  -6  -4  -6  -5   0    0   0   0   0   0   0   0   0   0  89   8   0   2   0   0   0   0   0   0   1  2.02 0.57
  268 T     5  -4  -3  -4  -3  -3  -3   0  -4  -5  -5  -3  -4  -5  -4   4  -1  -5  -5  -3   57   0   0   0   0   0   0   7   0   0   0   0   0   0   0  34   2   0   0   0  1.15 0.44
  269 V    -3  -5   0  -2  -4  -5  -5  -6  -5  -1  -2  -5  -2  -3  -5   0  -3  -6  -2   7    0   0   5   3   0   0   0   0   0   0   1   0   0   0   0   7   0   0   2  83  1.47 0.51
  270 P    -5  -6  -6  -5  -7  -5  -5  -6  -6  -7  -7  -5  -7  -8   9  -5  -5  -8  -7  -6    0   0   0   0   0   0   0   0   0   0   0   0   0   0 100   0   0   0   0   0  3.33 0.79
  271 P    -5   8  -2  -5  -7  -2  -3  -6  -4  -6  -5  -1  -5  -6   0  -2  -3  -6  -5  -6    0  88   1   0   0   1   0   0   0   0   1   0   0   0   6   3   1   0   0   0  2.15 0.62
  272 L    -4  -4   6   6  -6  -3   0  -4  -3  -1  -3  -3  -5  -6  -5  -3  -3  -7  -5  -1    0   0  35  49   0   0   5   0   0   4   2   0   0   0   0   0   0   0   0   5  1.35 0.45
  273 F    -4  -6  -6  -6  -4  -6  -6  -7  -6   7  -1  -6  -2   3  -6  -5  -4  -5  -3   3    0   0   0   0   0   0   0   0   0  68   0   0   0  12   0   0   0   0   0  19  1.55 0.47
  274 T    -2  -3  -2   6  -6  -1   5  -4  -2  -6  -6  -2  -5  -6  -2  -2  -2  -6  -3  -5    3   1   0  46   0   2  41   0   1   0   0   1   0   0   2   1   2   0   1   0  1.34 0.44
  275 G    -3  -3   7   0  -6  -2  -2   4   0  -5  -6  -3  -4  -6  -1  -1  -3  -6  -5  -6    1   0  58   3   0   1   1  28   1   1   0   0   0   0   3   2   0   0   0   0  1.39 0.46
  276 N    -1  -5   1  -2  -2  -4  -4  -5  -5   2  -1  -2  -2  -4  -5  -3  -2  -6  -4   6    5   0   7   3   1   0   1   0   0   9   2   3   0   0   0   1   1   0   0  69  1.05 0.40
  277 N    -4  -2   2  -4  -5   0  -2  -5   0  -4  -4  -1  -3   4  -5  -1  -1  -2   8  -4    1   2  11   0   0   4   3   0   1   0   0   4   0  14   0   5   3   0  51   0  1.19 0.42
  278 V    -1  -5  -6  -6  -2  -5  -5  -6  -5   0   5  -5  -1  -2  -4  -2  -3  -5  -4   3    6   0   0   0   1   0   0   0   0   1  67   0   0   0   0   3   0   0   0  21  1.05 0.38
  279 I    -5  -5  -6  -7  -6  -5  -4  -7  -1   0  -4  -6  -4   4  -7  -5  -5  -1   9  -4    0   0   0   0   0   0   1   0   1   6   0   0   0  12   0   0   0   0  80   0  2.52 0.67
  280 T    -4  -3   6   6  -6  -3  -2  -4  -3  -6  -6  -3  -5  -6  -5  -2   2  -7  -5  -5    0   1  35  50   0   0   0   0   0   0   0   1   0   0   0   1  12   0   0   0  1.52 0.48
  281 L    -4  -5  -6  -6  -4  -5  -6  -6  -6   6   1  -5   0  -3  -5  -5  -3  -5  -4   4    0   0   0   0   0   0   0   0   0  58  10   0   2   0   0   0   1   0   0  29  1.35 0.42
  282 E    -5  -2  -2   8  -7  -3   1  -5  -4  -7  -7  -1  -6  -7  -5  -4  -4  -8  -6  -7    0   2   0  88   0   0   7   0   0   0   0   3   0   0   0   0   0   0   0   0  2.26 0.61
  283 E    -4  -5   1   8  -7  -3   0  -4  -2  -7  -7  -4  -6  -7  -5  -1  -4  -8  -6  -6    1   0   5  85   0   0   4   0   1   0   0   0   0   0   0   4   0   0   0   0  2.10 0.58
  284 L    -5  -5  -7  -7  -5  -5  -6  -7  -6  -2   7  -6  -1  -3  -6  -6  -4  -5  -4  -2    0   0   0   0   0   0   0   0   0   0 100   0   0   0   0   0   0   0   0   0  1.96 0.57
  285 E    -4   0   0  -2  -6   7   3  -5  -1  -6  -5   4  -4  -6  -4  -2  -3  -5  -4  -5    0   3   5   1   0  48  18   0   1   0   0  23   0   0   0   1   1   0   0   0  1.26 0.45
  286 R     2  -1   2   0  -3   1   1   3  -1  -4  -4   0  -1  -2  -3   1  -1  -4  -3  -3   19   2   9   3   0   7   9  25   1   0   0   4   1   2   0  13   2   0   0   1  0.36 0.18
  287 I    -2  -6  -6  -6  -4  -5  -6  -6  -6   4  -1  -5  -2  -2  -5  -5  -3  -6  -4   6    2   0   0   0   0   0   0   0   0  20   3   0   0   1   0   0   0   0   0  73  1.48 0.47
  288 S     0  -5  -5  -5  -4  -5  -5  -5  -5   1  -2  -5  -2  -4  -5   2  -2  -6  -4   6    7   0   0   0   0   0   0   0   0   6   1   0   0   0   0  15   0   0   0  70  1.21 0.44
  289 N     2  -2   2   4  -4   2   4  -3   0  -4  -3   0  -4  -5  -3   0  -1  -5  -3  -3   17   0   9  22   0   7  28   0   1   0   2   6   0   0   0   4   2   0   0   1  0.57 0.26
  290 L     3  -1  -1  -2  -3   3   2  -2  -1  -3  -2   0  -2  -4  -3   2   1  -4  -4  -2   31   2   1   1   0  17  12   1   1   1   3   4   0   0   0  15   8   0   0   2  0.43 0.24
  291 N    -5  -4   9  -2  -6  -1  -4  -4  -1  -4  -7  -2  -2  -6  -6  -2  -3  -7  -2  -5    0   0  90   1   0   2   0   0   1   1   0   1   1   0   0   1   1   0   2   1  2.29 0.65
  292 F    -2  -1  -3  -5  -3   0  -4  -5   0   3   4  -1   2   0  -4  -4  -2  -3   0   0    3   3   1   0   0   6   0   0   3  15  50   4   6   3   0   0   1   0   3   2  0.55 0.25
  293 K     0   1  -1   0  -5   1   4  -3  -1  -3  -2   4  -3  -2  -3  -2  -2  -5  -4  -3   10   7   1   4   0   6  34   1   1   1   3  27   0   2   0   1   1   0   0   1  0.59 0.27
  294 A    -2   0  -1   1  -5   2   5  -2  -2  -3  -2   1  -2  -3  -3   1  -1  -5  -3  -3    2   3   2   6   0  10  47   3   0   2   3   7   1   1   0  10   2   0   1   2  0.63 0.28
  295 R    -5   9  -4  -5  -7  -3  -4  -6  -4  -7  -6  -1  -5  -7  -6  -4  -5  -7  -5  -6    0 100   0   0   0   0   0   0   0   0   0   0   0   0   0   0   0   0   0   0  2.73 0.72
  296 E    -1   4  -1  -2  -5   4   2  -3   1  -4  -1   3   0  -4  -3  -1  -2  -4  -3  -3    4  23   1   0   0  20  16   1   3   0   6  16   3   0   0   4   1   0   0   1  0.55 0.26
  297 E    -2   3   0  -2  -5   3   1  -4  -2  -2  -3   5  -1  -5  -4  -1  -3  -5  -4  -3    3  14   3   1   0  11   9   0   0   3   2  48   2   0   0   2   0   0   0   1  0.82 0.33
  298 E     0  -3  -4  -1  -6  -1   7  -5  -2  -5  -4  -3   4  -6  -4  -2  -4  -6  -5  -5    9   0   0   1   0   0  77   0   0   0   1   0  10   0   0   1   0   0   0   0  1.61 0.54
  299 L     6  -5  -5  -5  -3  -4  -4  -3  -5   2  -2  -4  -2  -5  -4  -1  -2  -6  -5  -1   81   0   0   0   0   0   0   0   0  11   3   0   0   0   0   1   1   0   0   2  1.38 0.49
  300 A     0   1  -1  -1  -4   3   3  -3  -2  -1  -1   2   0  -4  -1  -1  -1  -1  -3  -1    8   8   1   2   0  14  27   1   0   2   5  11   3   0   2   3   4   1   0   6  0.30 0.18
  301 K    -2   3  -1  -2  -5   0   2  -4  -2  -4  -2   5  -1  -4  -4  -1  -3  -5  -2  -2    2  17   2   1   0   3  14   0   0   1   3  49   1   0   0   3   1   0   1   3  0.82 0.33
  302 I     7  -5  -5  -5  -1  -4  -4  -2  -5   0  -4  -4  -4  -5  -4  -2  -3  -6  -5   0   88   0   0   0   1   0   0   1   0   5   0   0   0   0   0   1   0   0   0   5  1.58 0.54
  303 N    -4  -1   0  -1  -6   0   7  -4  -3  -6  -4   1   0  -6  -4  -2  -3  -6  -5  -5    0   3   4   1   0   1  76   1   0   0   1   9   2   0   0   1   0   0   0   0  1.51 0.50
  304 K     1   1  -1   0  -3   1   2   0  -1  -2  -1   2  -1  -3  -3   0  -1  -4  -2  -1   16   7   2   4   0   5  17   9   1   2   5  17   1   1   0   4   3   0   1   5  0.19 0.13
  305 L    -4  -6  -6  -6  -4  -6  -6  -7  -6   8   2  -6   2  -2  -5  -5  -3  -6  -4   0    0   0   0   0   0   0   0   0   0  82  13   0   4   1   0   0   0   0   0   1  1.78 0.52
  306 V    -4  -6  -6  -6  -4  -5  -6  -6  -6   6   1  -5  -1  -3  -5  -5  -3  -5  -4   4    0   0   0   0   0   0   0   0   0  58  11   0   0   0   0   0   0   0   0  31  1.39 0.43
  307 E    -1   0   0   3  -5   0   5  -3  -1  -4  -4   0  -4  -5  -4  -1  -1  -5  -4  -3    6   4   4  17   0   3  51   2   1   1   1   3   0   0   0   3   3   0   0   1  0.84 0.33
  308 D    -2  -2  -1   2  -6   3   6  -2  -1  -6  -5  -1  -4  -6  -4  -2  -2  -6  -5  -4    2   1   2   9   0  10  64   3   1   0   1   3   0   0   0   1   2   0   0   1  1.21 0.43
  309 G    -3  -3  -3  -1  -2  -1   7   0  -3  -6  -6  -2  -5  -5  -4  -2  -4  -6  -2  -6    1   0   0   1   1   0  83   8   0   0   0   1   0   0   0   2   0   0   2   0  1.72 0.56
  310 I    -1  -4  -5  -5  -3  -3  -4  -5  -5   4   2  -4   1  -2  -5  -4  -1  -5  -3   5    4   0   0   0   0   1   0   0   0  26  16   0   4   1   0   0   3   0   0  44  0.85 0.31
  311 N     0   0   0   2  -4   0   4   1  -1  -1  -2   1  -2  -4  -2  -1  -1  -4  -2  -1    9   4   5  10   0   2  30  12   1   5   3   7   0   0   1   3   4   0   1   3  0.28 0.16
  312 E     1   1   0  -1  -4   3   3  -2  -1  -3  -2   3  -2  -4  -3   0   0  -3  -3  -2   12   6   3   2   0  14  19   1   1   0   4  21   1   0   0   6   6   0   0   1  0.35 0.19
  313 L    -6  -6  -7  -7  -6  -7  -7  -7  -5  -3   1  -7  -3   9  -7  -6  -6  -3   1  -4    0   0   0   0   0   0   0   0   0   0  10   0   0  88   0   0   0   0   2   0  2.53 0.64
  314 L    -2  -1   0   0   0   0   1  -3   1   1   1   0   1   1  -3  -1  -1   0   1   0    1   3   4   6   2   5  12   0   4  11  14   5   6   7   0   3   1   1   7   7  0.08 0.08
  315 Y    -1   3   1   0  -2   1  -1  -2   0  -2  -1   4  -2  -3  -3   0  -1  -2   0  -1    3  17   7   4   1   5   2   2   3   2   6  29   0   0   0   6   3   0   3   6  0.29 0.17
  316 D    -6  -3  -6   2  -7   0  -5  -6  -6  -7  -6  -2  -6  -3  -7  -6  -6  12  -2  -7    0   1   0  12   0   5   0   0   0   0   0   3   0   0   0   0   0  78   0   0  3.53 0.81
  317 Y    -3  -2  -5  -5   0   0  -3  -5  -2   0   4  -4   2   1  -5  -4  -3   6   5  -1    0   2   0   0   2   4   1   0   1   3  46   0   4   4   0   1   0  11  19   2  0.83 0.32
  318 K     0   3   1   0  -4   2   2   0   0  -4  -2   3  -3  -4  -3   1  -1  -4  -3  -3    8  17   5   4   0   7  13   5   2   0   3  19   0   0   0  14   1   0   0   0  0.36 0.18
  319 K     0  -1   2  -2  -2   0   0  -1  -2  -3  -4  -1  -1  -4  -3   4   3  -5  -2  -2    6   3   9   1   0   4   5   3   0   1   0   3   1   0   0  43  17   0   2   1  0.54 0.28
  320 E    -4   0  -5  -5  -4   3  -1  -6  -1   0   5  -4   1  -1  -5  -4  -4  -4  -3  -2    0   5   0   0   0  13   3   0   1   3  69   0   3   1   0   0   0   0   1   0  0.99 0.38
  321 I    -2  -2  -1   3  -5   2   4  -2  -1   0  -4   1  -2   1  -3   0  -2  -4  -3  -2    1   1   2  20   0   9  35   2   1   6   0   8   1   7   0   5   1   0   0   3  0.54 0.25
  322 Y     1  -4  -4  -5  -3  -3  -4  -4  -4   1  -2  -4  -2  -1  -4  -1   2  -4   3   5   14   0   0   0   0   0   0   0   0   6   1   0   0   1   0   5  12   0  12  49  0.72 0.32
  323 T    -1  -2   1   1  -3  -2  -2  -4  -4   0  -2  -1  -1  -3  -4  -1   2  -5  -2   5    5   2   6   9   0   1   1   0   0   3   0   3   1   0   0   3  15   0   1  48  0.52 0.28
  324 E    -3  -4  -2  -3  -6  -3   0  -5  -4  -6  -6  -3  -2  -7   8  -1  -4  -7  -6  -6    1   0   2   1   0   1   7   0   0   0   0   1   1   0  82   4   0   0   0   0  2.37 0.62
  325 F    -2  -4  -4  -4  -4  -4  -4  -5  -5   2   0  -4   0   1  -4  -2   6  -5  -4   1    3   0   0   0   0   0   0   0   0  12   8   0   2   5   0   0  63   0   0   7  1.09 0.43
  326 M    -4  -6  -6  -6  -4  -6  -6  -7  -6   8  -1  -6   1  -3  -6  -5  -4  -6  -4   2    0   0   0   0   0   0   0   0   0  83   1   0   3   0   0   0   0   0   0  12  1.90 0.54
  327 S     1   0  -2  -3  -3  -2  -3  -3  -4   1  -2   1  -2  -3  -4   3   0  -5  -3   4   10   4   1   0   0   0   0   0   0   8   1   8   0   0   0  28   5   0   0  34  0.48 0.27
  328 K     4  -2  -2   0   3   0   1  -2  -2  -4  -2   0  -2  -4  -3   3  -1  -5  -4  -3   42   1   1   4   6   5   7   2   1   0   3   5   1   0   0  22   1   0   0   0  0.51 0.27
  329 I    -4  -5  -6  -6  -4  -5  -6  -7  -6   3   6  -5   1   0  -6  -5  -4  -4  -4  -1    0   0   0   0   0   0   0   0   0  13  80   0   2   3   0   0   0   0   0   1  1.42 0.44
  330 M    -3   7  -3  -4  -6   0  -3  -5   0  -5  -3   3   4  -3  -5  -3  -3  -5   0  -5    1  63   0   0   0   2   0   0   2   0   1  14  10   1   0   1   1   0   3   0  1.38 0.46
  331 K    -1   1   3   1  -4   3   3  -2   0  -4  -4   2  -3  -4  -3   1   0  -5  -3  -4    4   7  14   7   0  12  20   2   2   0   1  13   0   0   0  12   5   0   0   0  0.43 0.20
  332 R    -3   4  -2  -4  -6   1  -2  -4   0  -4  -4   6   0  -3  -4  -2  -2   3   0  -4    0  23   1   0   0   5   1   0   2   1   0  54   3   1   0   1   2   4   3   0  1.07 0.40
  333 I     3  -4  -4  -5  -1  -4  -4  -1  -4   2   0  -4   1   4  -4  -2  -2  -2  -1   2   35   0   0   0   1   0   0   5   0  13   6   0   4  19   0   1   0   0   0  14  0.51 0.26
  334 E    -3  -2  -1   3  -7  -1   7  -5  -1  -6  -6  -2  -5  -7  -4  -3  -4  -6  -5  -6    1   1   2  15   0   1  79   0   1   0   0   0   0   0   0   0   0   0   0   0  1.78 0.55
  335 T     1   0  -1   1  -4   2   5  -1  -2  -4  -4   1  -3  -5  -3   0   1  -5  -3  -3   11   4   2   6   0   8  42   4   0   0   1   6   0   0   0   6   9   0   1   1  0.58 0.27
  336 I    -4  -6  -6  -6  -4  -6  -6  -7  -6   8   0  -6   1  -3  -6  -5  -3  -6  -4   2    0   0   0   0   0   0   0   0   0  83   3   0   3   0   0   0   1   0   0  10  1.84 0.53
  337 R    -3   8  -4  -5  -7  -2  -3  -4   0  -4  -5   3  -5  -6  -5  -3  -4  -6  -5  -6    2  78   0   0   0   0   0   1   2   1   0  15   0   0   0   1   0   0   0   0  1.91 0.56
  338 E    -2   3  -1  -1  -3   4   4  -4  -2  -4  -3   4  -3  -5  -3  -2  -1  -5  -4  -4    3  15   2   3   0  20  25   0   0   1   3  24   0   0   0   1   4   0   0   0  0.70 0.29
  339 N     2   1   0  -1  -2   3   2  -1  -2  -3  -3   2  -1  -4  -3   0   0  -4  -3  -3   19   8   5   1   1  18  17   4   0   1   1  15   1   0   0   3   5   0   1   1  0.37 0.20
  340 E    -4  -3  -4  -2  -7   1   8  -6  -2  -7  -6  -3  -5  -7  -5  -4  -2  -6  -5  -5    0   0   0   0   0   4  93   0   1   0   0   0   0   0   0   0   2   0   0   1  2.19 0.65
  341 I    -3  -2  -5  -6  -1  -4  -5  -6  -5   2   5  -5   2  -1  -5  -4  -2  -4  -3   2    0   2   0   0   1   0   0   0   0   8  64   0   5   2   0   0   1   0   0  16  0.98 0.34
  342 L     0  -1  -1   1  -4   2   6  -3  -1  -5  -4   1  -2  -5  -3  -1  -1  -5  -4  -4    9   3   2   8   0   8  53   1   1   0   1   7   1   0   0   3   2   0   0   1  0.82 0.33
  343 R    -2   5  -3  -4  -6  -1  -1  -5  -3  -5  -5   6  -4  -6  -4  -2  -3  -6  -5  -4    2  31   0   0   0   1   3   0   0   0   0  60   0   0   0   2   1   0   0   1  1.44 0.47
  344 A     4  -3  -3  -4   0  -3  -3  -3  -3  -2   1  -3  -2  -2  -3  -1   4  -4  -1  -1   48   1   1   0   2   0   0   0   0   1  12   0   0   1   0   2  26   0   2   2  0.68 0.32
  345 Y    -1  -1  -1  -2  -1  -1  -2  -2  -1   1   2  -1   1   3  -2  -1  -1  -1   1   0    3   4   2   2   1   2   2   3   1   7  27   5   2  19   2   3   3   0   5   5  0.16 0.08
  346 K     0   2   3  -1  -2   0  -1   0  -1  -2  -2   2  -2  -2  -1   2   0  -2  -1  -2    8  12  16   2   1   2   3   5   1   2   3  18   1   1   3  16   3   0   2   2  0.22 0.10
  347 E    -1   2   1  -1  -2   1   1  -1   1  -2  -1   3  -1  -2  -1   0  -1   0  -1  -1    4  13   7   2   1   4  10   5   3   2   5  26   1   1   2   5   3   1   1   4  0.20 0.09
  348 L    -3  -4  -5  -5  -4  -4  -5  -5  -1   1   5  -5   3   1  -5  -4  -3   3  -3  -1    1   0   0   0   0   0   0   0   2   5  71   0   8   4   0   0   0   5   0   1  1.12 0.37
  349 E     0   0   1  -1  -3   0   0   0  -2  -4  -4   3  -3  -4   3   3  -1  -4  -3  -3    4   3   8   1   0   3   6   6   0   0   1  24   0   0  14  26   2   0   0   1  0.46 0.21
  350 K    -1   3   2   2  -2   0   1   0   3  -3  -3   2   0  -3  -2   0  -1  -3   0  -2    5  19  11  11   1   1   6   6   8   1   2  14   3   0   1   6   1   0   3   2  0.26 0.13
  351 L    -3  -1  -3  -4  -3  -3  -4  -4  -1   1   5  -3   1  -1  -4  -3  -3  -1  -2  -1    2   4   1   1   0   1   1   1   1   5  74   1   2   1   1   1   1   1   1   1  0.92 0.30
  352 G    -1  -2   1   0  -2  -2  -2   4   1  -3  -3  -1  -3  -3   1   3   0  -3  -3  -3    2   1   5   5   1   1   2  36   4   1   2   3   0   1   6  24   4   0   1   2  0.47 0.17
  353 I     0  -1   1   1  -2   0   1   0  -1  -1  -1  -1  -1  -2   2   1   1  -2  -2  -1    6   2   7  10   1   2   9   8   1   5   6   2   1   1  10  11  13   0   1   3  0.13 0.05
  354 N    -1  -1   1   1  -2   0   2  -1  -1   1   1  -1   0  -1  -1  -1   0  -2  -2   0    5   2   9   6   1   2  22   4   1  11  14   2   2   2   3   4   5   0   1   4  0.10 0.07
  355 D     1  -2   1   4  -2  -1   0   1  -2  -3  -3  -1  -2  -3   0   1   1  -3  -3  -2   12   1   8  24   0   2   6  11   0   1   2   1   0   1   5  13   9   0   1   1  0.31 0.13
  356 Q    -2  -1  -1   3  -5   1   6  -3  -2  -5  -4  -1  -4  -5   2  -2  -3  -5  -4  -4    2   2   2  17   0   5  53   1   0   0   1   2   0   0  11   1   0   0   0   1  1.00 0.34
  357 Q    -2   2   0   1  -4   2   2  -3   1  -1  -4   5  -3  -4  -3  -2  -2  -4  -3  -3    2   8   3   8   0   7  11   1   4   4   1  47   0   0   0   1   1   0   0   1  0.67 0.27
  358 A    -1   0  -2   2  -4   2   4  -3   4  -3  -3   0  -2  -2  -3  -2   0  -1  -3  -1    5   4   0  10   0  11  35   1  11   1   1   5   0   1   0   1   5   1   0   6  0.50 0.23
  359 K    -2   5  -2  -2  -4   3   0  -4  -2  -1  -1   4  -1  -4  -3  -2  -2  -4  -3  -2    2  33   1   2   0  15   6   1   0   4   7  24   1   0   0   1   1   0   0   2  0.64 0.26
  360 E    -1   0   0  -1  -5   1   5  -3  -1  -4  -4   4  -3  -5  -3  -1  -2  -4  -4  -4    3   4   4   2   0   6  40   1   1   1   1  33   0   0   0   2   1   0   0   0  0.84 0.32
  361 I     2  -2  -1  -3  -2  -3  -3  -3  -3   2  -1  -2  -1  -3  -3   0   0  -4  -3   4   23   1   3   1   0   1   1   1   1  12   1   2   0   0   0   8   4   0   0  40  0.47 0.23
  362 L    -3  -5  -5  -5  -3  -4  -5  -5  -5   6   3  -5   1  -2  -5  -4  -3  -4  -3   2    0   0   0   0   0   0   0   0   0  51  30   0   2   0   0   0   0   0   0  14  1.10 0.35
  363 D    -2  -1   1   4  -1  -1   5  -3   0  -5  -5  -1  -4  -5  -4   0  -3  -5  -2  -5    3   2   7  26   2   1  47   1   2   0   0   2   0   0   0   5   1   0   2   0  0.96 0.35
  364 L     4  -1   0   0  -1   0  -2  -1  -2  -2   0  -1  -1  -3  -3   2   0  -4   1  -1   42   3   4   5   1   3   0   3   0   1   8   2   1   0   0  15   4   0   6   3  0.34 0.22
  365 M    -1  -5  -6  -6  -3  -4  -5  -6  -5  -1   5  -5   8  -3  -6  -4  -3  -5  -4  -2    4   0   0   0   0   0   0   0   0   2  52   0  40   0   0   1   1   0   0   0  1.49 0.48
  366 T     2  -4  -3  -4  -4  -4  -3  -4  -5  -3  -3  -4  -2  -3  -4   1   7  -5  -4  -1   17   0   0   0   0   0   1   0   0   0   1   0   1   1   0   9  67   0   0   3  1.27 0.48
  367 R    -1   4   3  -2  -1   1   0  -2   2  -4  -3   2  -1  -4  -3   2  -1  -4  -2  -3    5  26  15   0   2   7   3   2   4   1   1  13   1   0   0  16   3   0   1   0  0.45 0.22
  368 S     4  -2  -3  -3  -3  -3  -3   1  -4  -2  -3  -2  -1  -5  -3   4  -1  -5  -4  -3   37   1   0   0   0   0   0  11   0   3   2   1   2   0   0  41   2   0   0   1  0.79 0.36
  369 I    -4  -6  -6  -6  -4  -5  -6  -7  -6   7   1  -5   5   0  -6  -5  -4  -5  -3   0    0   0   0   0   0   0   0   0   0  73   7   0  13   3   0   0   0   0   0   3  1.60 0.49
  370 I    -1  -5  -5  -6  -3  -5  -5  -6  -5   5   0  -5   2  -3  -5  -4  -2  -5  -4   5    3   0   0   0   0   0   0   0   0  31   7   0   5   0   0   0   2   0   0  51  1.11 0.37
  371 K    -5  -1   8  -2  -6  -2  -3  -3  -3  -7  -7   3  -5  -6  -5  -2  -3  -7  -5  -6    0   2  77   0   0   1   0   1   0   0   0  19   0   0   0   1   0   0   0   0  1.98 0.59
  372 K    -4  -1  -3  -4  -7   3  -2  -5  -4  -6  -6   8  -5  -7  -4  -3  -4  -6  -5  -6    0   1   0   0   0  12   0   0   0   0   0  86   0   0   0   1   0   0   0   0  2.01 0.61
  373 S    -3  -5  -5  -6  -4  -5  -5  -6  -5   6   4  -5   3   0  -5  -3  -2  -4  -3   1    1   0   0   0   0   0   0   0   0  45  36   0   7   2   0   2   1   0   0   5  1.02 0.35
  374 F    -4  -5  -6  -6  -2  -5  -6  -6  -5   2   6  -5   2   3  -6  -5  -3  -4  -2  -1    0   0   0   0   1   0   0   0   0   8  76   0   3  11   0   0   0   0   0   1  1.30 0.42
  375 Q    -2  -1  -2  -5  -6   0  -4  -5  10  -7  -6  -3  -5  -5  -6   0  -5  -6  -1  -5    4   2   1   0   0   4   0   0  79   0   0   1   0   0   0   6   0   0   1   1  2.53 0.67
  376 P    -1   0   0   4  -4   1   1  -1   2  -4  -4  -1  -3  -4   4  -1   0  -5  -2  -3    4   4   4  23   0   8  10   3   6   1   1   3   0   0  23   4   4   0   1   1  0.52 0.22
  377 L    -4  -6  -6  -5  -6  -5  -5  -6  -6  -4  -1  -5   2  -6   8  -4  -5  -7  -6  -3    0   0   0   0   0   0   0   0   0   1   6   0   5   0  86   0   0   0   0   2  2.57 0.66
  378 F    -2  -4  -4  -5  -3  -4  -4  -5  -4   4   1  -4   4   1  -4  -2   4  -4  -3   2    1   0   0   0   0   0   0   0   0  25   9   0  15   7   0   0  32   0   0  11  0.75 0.32
  379 D     0  -2  -1   0  -1   0   0  -3  -2   1   0   0   2  -3  -3   0   2  -4  -3   3    9   0   2   4   1   4   5   0   1   8   5   5   5   0   0   7  18   0   0  28  0.23 0.17
  380 N     0   1   3  -2  -2   3  -1  -2   1   0  -1   1  -2   0  -3   0  -1  -3   1   0   11  10  16   0   1  16   1   1   3   5   4   8   0   5   0   4   1   0   6   7  0.20 0.16
  381 I    -3  -5  -6  -6  -4  -5  -6  -6  -6   3   6  -5   0  -2  -6  -5  -4  -5  -4   1    2   0   0   0   0   0   0   0   0  14  76   0   1   1   0   0   0   0   0   6  1.31 0.42
  382 R    -4   5  -2  -4  -6  -1  -2  -5  -4  -6  -6   7  -5  -6  -4  -3  -4  -6  -5  -6    0  27   2   0   0   0   0   0   0   0   0  71   0   0   0   0   0   0   0   0  1.79 0.55
  383 S    -1   2   1   1  -1   3   3  -1   0  -2  -3   2  -1  -4  -3   0  -1  -4  -3  -3    3  10   7   7   1  15  23   3   1   2   2  15   2   0   0   6   2   0   0   0  0.37 0.18
  384 L     2   0  -1   2  -1   0   1  -1  -1  -2  -1   1   0  -1  -2   0  -1  -2   2  -2   27   4   1  11   1   4   9   2   1   2   6   9   3   2   1   5   3   0   9   1  0.16 0.12
  385 I     3  -2  -1  -2  -2   1  -1   0  -2   1  -1  -2  -2  -3  -2   1   1  -4  -2   1   37   1   2   1   0   6   2   5   1  11   3   1   0   0   1  12   8   0   1   9  0.30 0.19
  386 F     0   0   0   0  -2   2   3   0   1  -2  -1   0  -1  -1  -1   0  -1  -3  -2  -1    6   5   5   3   1  13  26   6   3   1   5   6   1   3   1   7   2   0   1   5  0.22 0.13
  387 N    -1   0   4   3  -4   1   1  -1   2  -4  -4   0  -3  -4  -3   1   1  -4  -3  -3    5   4  20  22   0   5   8   4   4   0   1   6   0   0   0   9  11   0   0   1  0.44 0.20
  388 G    -1   1   1   3  -1   0   1   2  -1  -1  -3   1  -3  -4   0   0  -1  -4  -3  -1    4  11   6  17   1   3   7  20   1   4   2   8   0   0   5   4   3   0   0   4  0.23 0.12
  389 E    -2   2   1   3  -5   1   5  -2  -1  -4  -4   1  -2  -5  -2  -1  -2  -5  -4  -4    1  10   6  20   0   4  37   3   1   0   1  10   1   0   1   2   1   0   0   0  0.68 0.27
  390 N     0   1   2   1  -2  -1   1   3  -1  -2  -3   0  -1  -3  -2   0   1  -4  -2  -2    6   8  11   6   0   1  12  21   1   3   1   5   2   0   0   7   9   0   1   3  0.22 0.12
  391 S     0   1   0   1   1   0   0   1   3  -2  -1   0   0  -2   0   0  -1  -3  -1  -1   10   9   3  11   4   4   4  12  10   1   5   2   3   0   4   7   3   0   2   3  0.11 0.08
  392 I    -1   0  -1   1  -2   0   0  -2  -1   1   2  -1   1   0  -2  -1   0  -1   0   1    3   5   2   8   0   3   6   3   1  13  23   3   4   3   1   3   4   1   5   9  0.06 0.06
  393 N     0   1   2   1  -2   1   1  -1   0  -1   0   0  -1  -1  -1   0  -1  -2  -1  -1   10   9  13   6   0  10  10   3   2   4  11   5   1   2   3   4   2   0   3   3  0.09 0.06
  394 Y     0  -4  -4  -5   0  -4  -4  -5   0  -1  -1  -3   0   2  -4  -1  -1  -1   8  -1    8   0   0   0   2   0   1   0   1   3   6   1   3   6   1   5   4   0  57   3  1.22 0.42
  395 I    -2  -4  -5  -4  -3  -4  -4  -5  -5   5   2  -4   3  -2  -5  -3   0  -4  -3   3    3   0   0   1   0   0   0   0   0  37  22   1   7   1   0   1   6   0   0  21  0.75 0.29
  396 N    -1   0   3   4  -5   3   3  -3  -1  -5  -5   1  -4  -4  -4  -1  -2  -5  -4  -4    4   4  15  26   0  15  22   0   1   0   0   9   0   1   0   3   1   0   0   0  0.73 0.30
  397 F     3  -1  -3  -4  -3  -2  -3  -3  -3   1   0  -1   2   1  -3  -1   2  -3  -1   1   31   4   0   0   0   1   0   0   0  10   9   3   6   8   0   3  16   0   1   8  0.29 0.20
  398 L     0  -4  -5  -5  -3  -4  -5  -5  -5   3   4  -4   0   1  -4  -3  -1  -4  -3   3   10   0   0   0   0   0   0   0   0  18  40   0   1   7   0   0   3   0   0  20  0.65 0.27
  399 I    -1   5  -2  -3  -1   3  -1  -4  -1  -1  -1   1  -2   1  -4  -2  -1  -4   1  -2    3  38   0   1   2  14   3   0   1   5   5   7   0   8   0   2   3   0   5   2  0.53 0.26
  400 D    -1   2   2   2  -2   1   3  -1   1  -3  -3   2   0  -4  -3  -1   0  -2  -2  -3    3  11  10  10   1   5  21   5   3   0   1  14   3   0   0   2   7   0   1   1  0.33 0.17
  401 I    -4  -5  -6  -7  -4  -5  -6  -7  -6   3   6  -5   2  -3  -6  -5  -4  -5  -4  -1    0   0   0   0   0   0   0   0   0  14  81   0   4   0   0   0   0   0   0   1  1.51 0.48
  402 F    -6  -6  -1  -4  -6  -6  -2  -5  -4  -4  -3  -6  -4   9  -7  -6  -6  -3   2  -4    0   0   3   1   0   0   3   0   0   0   1   0   0  88   0   0   0   0   3   0  2.44 0.65
  403 K     0  -1   4   2  -2   0   1   3  -2  -3  -4   1  -4  -4  -3   0  -1  -5  -4  -4    5   2  27  11   1   3   8  22   0   1   0  10   0   0   1   5   3   0   0   0  0.50 0.22
  404 D    -3  -4   0   1  -4  -3   0  -5   0  -1   5  -4  -1  -2  -4  -3  -3  -2   0  -2    1   0   6  10   0   0   5   0   3   2  66   0   0   0   0   2   0   0   3   1  0.78 0.33
  405 G    -2  -2   2   4  -4  -1   4   2  -2  -4  -3  -1  -3  -4   0  -1  -2  -4  -4  -4    1   0   8  25   0   2  29  18   0   0   3   3   0   0   5   3   1   0   0   1  0.60 0.24
  406 N    -1  -1   2   2  -3   1   2   1  -1  -2  -2   2  -2  -3  -1  -1   0   1  -3  -1    3   1  13  12   0   8  13  14   1   1   3  13   0   0   3   2   6   2   0   5  0.22 0.12
  407 I     0  -1   0  -1  -2  -1   1  -2  -1   1   1   0   0   0   0  -1   0  -2  -1   1    7   2   5   3   0   1  16   1   1  13  17   6   0   5   5   2   4   0   0  11  0.07 0.06
  408 S     0  -1  -1   0  -3  -1   0   0   0  -3  -3   1  -3  -4   4   2   0  -4  -2  -3    6   3   2   5   0   2   6   7   3   1   2   9   0   0  25  23   4   0   1   0  0.43 0.16
  409 G    -1   0   1   2  -3   1   2   1   1  -2  -2   1  -2  -3   0   0   0  -4  -2  -2    2   4   5  14   0   7  20  13   3   3   2   9   0   0   3   6   5   0   1   2  0.24 0.11
  410 F    -1   0   2   2  -3   1   2   0   0  -1  -2   0  -2   0  -2   0  -1   2  -1  -1    3   3  12  13   0   7  14   9   2   4   1   7   0   5   1   8   3   3   2   4  0.16 0.08
  411 E    -2   0  -1   1  -5   1   5  -1  -1  -3  -3   4  -3  -4  -1  -1  -2  -5  -4  -4    1   3   2   7   0   4  41   3   1   1   2  28   0   0   2   2   1   0   0   0  0.67 0.26
  412 T     0   0   2   2  -3   1   1  -1  -1  -2  -1   1  -1  -2   0   1   2  -4  -3  -2    7   3   9  10   0   8   8   3   1   1   5   9   1   1   3   8  22   0   0   1  0.21 0.12
  413 E    -1   2  -1   1  -5   1   4  -1  -1  -4  -4   3  -3  -5  -2  -1  -1  -5  -4  -3    5   9   1   6   0   3  40   3   1   0   0  25   0   0   1   2   2   0   0   1  0.61 0.23
  414 K     0   0   0   0  -4   0   4  -3   0  -3  -2   3  -3  -3  -1   0  -1  -4  -2  -3    5   3   3   2   0   1  39   1   1   1   5  27   0   1   2   4   3   0   1   1  0.49 0.21
  415 I     0   0   0   0  -2   0   0   0  -1   2   0   1   0  -2   0   0   0  -3  -2   0    7   5   4   4   0   2   8   6   2  22  11  10   1   0   4   6   3   0   0   6  0.05 0.06
  416 K    -1   0   0   0  -2   0   3  -2  -1  -3  -2   5  -2  -4  -2   0  -1  -4  -3  -3    2   2   4   2   1   2  19   2   1   1   5  49   1   0   1   5   3   0   0   1  0.55 0.22
  417 E     0  -1   0   0  -4   0   5  -2  -2  -4  -2   3  -3  -3  -1   0  -1  -4  -3  -3    9   0   3   2   0   1  48   2   0   0   4  19   0   1   1   7   3   0   0   0  0.60 0.23
  418 K    -1   2   0   0  -4   2   3  -2  -2  -3  -3   4  -1  -4  -2   0  -1  -1  -3  -3    2  11   5   2   0   8  28   3   0   1   1  31   2   0   1   5   1   1   0   0  0.50 0.18
  419 Q    -2  -1   0   1  -4   5   4  -2  -1  -4  -4   2  -3  -5  -2   0  -1  -4  -3  -4    1   0   4   4   0  38  32   2   0   0   0  10   0   0   1   7   2   0   0   0  0.76 0.24
  420 V     0  -1   1   1  -2  -1   0  -2   0   1  -1   1   0  -2  -1   0   1  -3   1   1    6   2   8  10   0   0   6   2   2  11   3  10   2   0   2   8  10   0   6  13  0.06 0.05
  421 S    -1   0   3   1   1   0   1  -2   1  -2  -3   1  -1  -3   1   2   0  -4  -3  -2    0   3  22   5   4   2  11   0   4   1   0  13   3   0   6  22   2   0   0   4  0.29 0.12
  422 E     0   0   1   1  -3   1   3  -1   0  -3  -3   3  -2  -4  -1   0  -1  -4  -3  -2    6   0   8   9   0   5  22   4   2   0   0  30   0   0   2   6   2   0   0   4  0.35 0.12
  423 R    -1   6  -2  -3  -4  -1  -1   2  -2  -4  -3   2  -3  -4  -3  -1  -2  -4  -3  -4    2  64   0   0   0   0   2  15   0   0   2  12   0   0   0   2   0   0   0   0  0.89 0.22
  424 S     0  -1   1  -1  -2   0   0   0   3  -2  -2   0  -2   0  -2   3   2  -3   0  -1    0   0   9   0   0   4   4   4   9   0   0   4   0   4   0  35  17   0   4   4  0.24 0.08
  425 S     1  -1   4   1  -2   0   1  -1  -1  -3  -3  -1  -2  -3  -2   3   0  -4  -3  -3   11   0  27   5   0   0  10   0   0   0   0   0   0   0   0  46   0   0   0   0  0.47 0.10
  426 I    -1  -3  -3  -3  -1  -2  -3  -4  -3   4   1  -3   3  -1  -3  -2  -1  -3  -1   3    0   0   0   0   0   0   0   0   0  44   0   0  19   0   0   0   0   0   0  37  0.35 0.03

                      K         Lambda
Standard Ungapped    0.1374     0.3190
Standard Gapped      0.0576     0.2670
PSI Ungapped         0.1882     0.3176
PSI Gapped           0.0576     0.2670
