
Last position-specific scoring matrix computed, weighted observed percentages rounded down, information per position, and relative weight of gapless real matches to pseudocounts
           A  R  N  D  C  Q  E  G  H  I  L  K  M  F  P  S  T  W  Y  V   A   R   N   D   C   Q   E   G   H   I   L   K   M   F   P   S   T   W   Y   V
    1 M   -1 -1 -2 -3 -1  0 -2 -3 -2  1  2 -1  6  0 -3 -2 -1 -1 -1  1    0   0   0   0   0   0   0   0   0   0   0   0 100   0   0   0   0   0   0   0  0.33 0.00
    2 A    4 -1 -2 -2  0 -1 -1  0 -2 -1 -2 -1 -1 -2 -1  1  0 -3 -2  0  100   0   0   0   0   0   0   0   0   0   0   0   0   0   0   0   0   0   0   0  0.40 0.00
    3 E   -1  0  0  2 -4  2  5 -2  0 -3 -3  1 -2 -3 -1  0 -1 -3 -2 -3    0   0   0   0   0   0 100   0   0   0   0   0   0   0   0   0   0   0   0   0  0.73 0.00
    4 E   -1  0  0  2 -4  2  5 -2  0 -3 -3  1 -2 -3 -1  0 -1 -3 -2 -3    0   0   0   0   0   0 100   0   0   0   0   0   0   0   0   0   0   0   0   0  0.73 0.00
    5 E   -1  0  0  2 -4  2  5 -2  0 -3 -3  1 -2 -3 -1  0 -1 -3 -2 -3    0   0   0   0   0   0 100   0   0   0   0   0   0   0   0   0   0   0   0   0  0.73 0.00
    6 T    0  0  0 -1 -2  4  1 -2  0 -2 -2  0 -1 -3 -1  1  3 -2 -2 -1    0   0   0   0   0  50   0   0   0   0   0   0   0   0   0   0  50   0   0   0  0.37 0.00
    7 T    0 -1  0 -1 -1 -1 -1 -2 -2 -1 -1 -1 -1 -2 -1  1  5 -3 -2  0    0   0   0   0   0   0   0   0   0   0   0   0   0   0   0   0 100   0   0   0  0.46 0.00
    8 I   -1 -3 -3 -3 -1 -3 -3 -4 -3  4  1 -3  1  0 -3 -2  0 -3 -1  3    0   0   0   0   0   0   0   0   0  54   0   0   0   0   0   0   0   0   0  46  0.35 0.00
    9 E   -1  0  0  1 -3  4  4 -2  0 -3 -3  1 -1 -3 -1  0 -1 -2 -2 -2    0   0   0   0   0  46  54   0   0   0   0   0   0   0   0   0   0   0   0   0  0.61 0.01
   10 V    2 -2 -3 -3 -1 -2 -2 -2 -3  1  2 -2  1 -1 -2 -1  0 -2 -1  2   32   0   0   0   0   0   0   0   0   0  30   0   0   0   0   0   0   0   0  37  0.20 0.01
   11 S    1  0  0  0 -2  0  0 -1 -1 -3 -3  2 -2 -3 -1  3  1 -3 -2 -2    0   0   0   0   0   0   0   0   0   0   0  32   0   0   0  68   0   0   0   0  0.37 0.02
   12 T    0  0  0 -1 -1  0  0 -1 -1 -2 -2  2 -1 -3 -1  2  4 -3 -2 -1    0   0   0   0   0   0   0   0   0   0   0  23   0   0   0  23  54   0   0   0  0.36 0.03
   13 A    2 -2 -2 -2 -1 -2 -2 -2 -2  2  0 -1  0 -1 -2  0  2 -3 -2  2   29   0   0   0   0   0   0   0   0  23   0   0   0   0   0   0  25   0   0  23  0.19 0.02
   14 D   -1  2  0  2 -4  1  5 -2  0 -3 -3  1 -2 -3 -2 -1 -1 -3 -2 -3    0  19   0  13   0   0  68   0   0   0   0   0   0   0   0   0   0   0   0   0  0.65 0.05
   15 E   -1 -1 -1  3 -4  1  5 -3 -1 -4 -3  0 -3 -4 -2 -1 -1 -4 -3 -3    0   0   0  12   0   0  88   0   0   0   0   0   0   0   0   0   0   0   0   0  0.92 0.11
   16 L   -1 -2 -3 -3 -1 -2 -2 -3 -3  1  4 -2  1  0 -2 -2 -1 -2 -1  1    1   1   1   1   0   1   1   1   0   1  77   1   0   1   1   1   1   0   0  11  0.40 0.07
   17 I   -1 -1  1 -1 -2  2 -1 -2 -1  0  1 -1  0 -1 -2  1  1 -2 -1  0    1   1   9   1   0  17   1   1   0   7  28   1   0   0   1  22  10   0   0   1  0.13 0.05
   18 T    2  1 -1 -1 -2 -1 -1 -1 -2 -2 -2  1 -2 -3  3  3  2 -3 -2 -2   18   8   0   0   0   0   0   0   0   0   0   8   0   0  15  36  14   0   0   0  0.38 0.08
   19 D   -1  0  0  3 -3  3  3 -2 -1 -1 -2  1 -2 -3 -2  1 -1 -3 -2 -2    0   0   0  20   0  28  21   0   0   9   0   8   0   0   0  13   0   0   0   0  0.40 0.08
   20 D   -1  1 -1  1 -3  2  2 -3 -1  1  0  1  1 -2 -2 -1 -1 -3 -2  0    0   9   0   9   0  12  20   0   0  22   8  10   7   0   0   3   0   0   0   0  0.16 0.05
   21 E   -2 -1  0  4 -4  2  4 -2 -1 -4 -4  1 -3 -4 -2 -1 -1 -4 -3 -3    0   0   0  32   0   5  54   0   0   0   0   9   0   0   0   0   0   0   0   0  0.77 0.12
   22 L    0  1  0 -2 -2  1  0 -2 -2  1  2  0  2 -1 -2 -1 -1 -2 -2  0    9   9   8   0   0   7   8   0   0  12  33   7   8   0   0   0   0   0   0   0  0.11 0.04
   23 Q    0 -1 -1  2 -2  1  1 -2 -2  2  1  0  0 -1 -2 -1 -1 -3 -2  0    8   0   0  17   0   6  11   0   0  25  22  10   0   0   0   0   0   0   0   0  0.13 0.05
   24 N   -1 -1  4  0 -3  1  3 -2 -1 -1 -3  1 -2 -3 -2  1  0 -4 -3 -2    0   0  31   0   0   5  33   0   0   6   0   6   0   0   0  14   5   0   0   0  0.45 0.13
   25 K   -1  1  2 -1 -3  0  1  3 -1 -3 -3  3 -2 -4 -2  1  0 -3 -3 -3    0   6  13   0   0   0  11  26   0   0   0  30   0   0   0  10   5   0   0   0  0.38 0.11
   26 S    0  0 -1 -1 -3  3  2 -2 -1 -2 -2  2 -1 -3 -2  2  0 -3 -2  0    5   0   0   0   0  22  16   0   0   0   0  19   0   0   0  25   0   0   0  11  0.34 0.13
   27 K   -1  2  0 -1 -3  0  2 -2 -1  2  0  2  1 -2 -2 -1 -1 -3 -2  0    1  16   6   0   0   0  16   1   0  26   6  20   6   0   0   1   0   0   0   0  0.18 0.09
   28 G    0  1  2  3 -3  2  1  2 -1 -3 -3  0 -2 -3 -2  1 -1 -3 -2 -3    8   9  10  19   0  15  10  17   0   0   1   0   0   0   0   9   0   0   0   0  0.32 0.09
   29 Q    0  0 -1  1 -3  3  4 -2 -1 -1 -2  1 -2 -3 -2  0 -1 -3 -2 -2    8   4   0   6   0  21  36   0   0   4   3   7   0   0   0   7   0   0   0   0  0.42 0.15
   30 L   -2  0 -3 -4 -2 -2 -3 -4 -3  3  3 -2  2 -1 -3 -3 -1 -3 -2  1    0   7   0   0   0   0   0   0   0  31  42   0   4   0   0   0   4   0   0   8  0.45 0.17
   31 I    0  3 -1 -1 -2  1  1 -1 -1  0 -2  1 -1 -2 -2  0  1 -3  0  0    7  30   0   0   0   5  12   3   0  10   0   3   0   0   0   4  15   0   3   5  0.22 0.12
   32 K    1  2  1  1 -3  2  2  0 -1 -3 -3  2 -2 -3 -2  1  0 -3 -2 -1   11  10   5   6   0  12  13   5   0   0   0  20   0   0   0  12   3   0   0   4  0.27 0.11
   33 N   -2  1  0 -1 -3  1  4 -3 -2  0  0  3  0 -3 -2  0 -2 -4 -3 -1    0   5   2   0   0   2  37   0   0  10  11  23   3   0   0   5   0   0   0   1  0.36 0.18
   34 A    0 -1 -1 -3 -2 -2 -2 -1 -3  4  1  0  0  1 -3 -2 -2 -3 -2  1    9   3   3   0   0   0   3   4   0  46  10   6   0   7   0   0   0   0   0   7  0.26 0.16
   35 G   -1  2  2  1 -3  1  1  1 -1 -4 -3  2 -2 -4 -2  1 -1 -4 -3 -3    4  13  13  10   0   7   9  14   0   0   0  20   0   0   0  11   0   0   0   0  0.35 0.13
   36 Q    0  0  1  2 -3  3  4 -2 -1 -3 -2  2 -2 -4 -2  0 -1 -4 -3 -1    7   2   6  10   0  14  33   0   0   0   2  17   0   0   0   2   3   0   0   4  0.43 0.17
   37 F   -1 -1 -3 -4 -3 -2 -2 -4  0  2  4  0  0  1 -4 -1 -2 -3 -2  0    3   2   0   0   0   0   2   0   3  14  61   6   0   4   0   4   0   0   0   0  0.48 0.23
   38 R   -1  5 -2 -2 -4  1  0 -3 -2 -2 -4  5 -3 -4 -3 -2 -2 -4 -3 -3    4  34   0   0   0   6   4   0   0   3   0  50   0   0   0   0   0   0   0   0  0.91 0.32
   39 D    0 -1  1  3 -3  0  3 -1 -2 -1 -1  1 -2 -2 -2  1  0 -4 -3 -2    7   0   6  17   0   2  26   2   0   6   5   9   0   1   0  15   3   0   0   0  0.27 0.14
   40 R   -1  2  1 -1 -4  2  2 -3  1 -3  0  4 -2 -3 -2 -1  0 -3 -1 -2    2  10   5   0   0  13  14   0   3   0  11  34   0   0   0   0   7   0   3   0  0.37 0.19
   41 R   -3  6 -2 -3 -4  1 -2 -4 -2 -1  2  2 -1 -3 -4 -2 -3 -4 -3 -3    0  61   0   0   0   4   0   0   0   2  24   9   0   0   0   0   0   0   0   0  0.91 0.33
   42 N    0 -1  3  2 -3  0  1 -1  0 -1 -1  0 -2 -1 -2  1  1 -2  2 -2    7   3  22  13   0   2   8   2   2   3   5   4   0   2   0   8   8   0  12   0  0.20 0.12
   43 E    2  0  1  3 -3  2  3 -1  0 -2 -3  1 -2 -4 -2  0 -1 -4 -3 -2   20   2   5  18   0   9  27   3   2   3   0   6   0   0   0   6   0   0   0   0  0.37 0.17
   44 L    0 -1 -3 -4 -2 -3 -3 -4  0  3  3 -2  0  1 -3 -2 -2 -3 -1  1    9   3   0   0   0   0   0   0   3  29  41   2   0   6   0   2   0   0   2   4  0.39 0.19
   45 N   -1  2  4  2 -3  1  0 -3 -1  2 -1 -1 -1 -3 -3 -1 -1 -4 -3 -1    3  14  26  11   0   9   5   0   0  24   2   0   0   0   0   3   0   0   0   3  0.31 0.19
   46 Q   -1  0  2  1 -4  2  4 -1 -1 -4 -4  2 -3 -4 -2  1 -1 -4 -3 -3    3   4  10   5   0   9  39   5   0   0   0  16   0   0   0  10   0   0   0   0  0.53 0.21
   47 L   -2 -1 -1  0 -4  2  4 -3 -2 -1  1 -1  1 -3 -3 -1 -1 -4 -3 -2    0   2   2   2   0  12  48   0   0   4  19   0   5   0   0   4   2   0   0   0  0.52 0.25
   48 A    1  1 -3 -3 -2 -1 -2 -3 -3  1  2  2  0 -2 -3 -2 -1 -3 -2  1   19  10   0   0   0   0   0   0   0   9  34  17   0   0   0   0   0   0   0  11  0.26 0.17
   49 S    0  2  1 -1 -3  2  2 -2 -1 -3 -3  3 -1 -3 -2  2  0 -3 -3 -3    8  15   8   0   0   8  13   0   0   0   0  21   2   0   0  21   3   0   0   0  0.37 0.17
   50 S    0  1 -1  1 -2  1  2 -2  0 -1 -2  3 -1 -3 -2  0  1 -3 -2 -1   10   6   0   8   0   3  14   1   3   5   1  28   1   0   1   8   8   0   0   2  0.23 0.11
   51 R   -1  1 -2 -2 -2  0 -1 -3 -2  0  2 -1  0  0 -2  0 -1  4  1  1    1  11   0   1   0   5   5   1   0   3  29   1   0   3   1   8   1   9   5  16  0.19 0.12
   52 A    1  4 -1 -2 -2  1  0 -2 -1  1 -2  1 -1 -2  0  1  0 -3  0 -1   15  34   0   1   0   5   4   1   0  11   1   5   0   0   3  10   3   0   3   3  0.26 0.14
   53 S    2 -1  1  0 -2  3  1  0 -1 -3 -3  0 -2 -3 -2  2  0 -3 -2 -2   19   0   8   4   0  21   8   5   0   0   1   3   0   0   0  24   4   0   0   1  0.33 0.16
   54 E   -2  1 -1 -2 -4  3  1 -3  0 -3 -1  5 -2 -4 -3 -2 -2 -4 -3 -1    0   2   1   0   0  14   9   0   2   0   7  59   0   0   0   0   0   0   0   6  0.72 0.31
   55 R   -3  6 -2 -3 -4  1 -2 -4 -2  1  0  3 -2 -3 -3 -2 -2 -4 -3 -2    0  60   0   0   0   4   0   0   0  12   8  15   0   0   0   0   0   0   0   0  0.89 0.33
   56 D   -3  2  3  5 -4  1  2 -3 -2 -3 -3 -1 -3 -1 -3 -1 -2 -4 -3 -4    0  17  18  40   0   6  12   0   0   2   2   0   0   3   0   2   0   0   0   0  0.67 0.25
   57 D    0  0  0  1 -4  1  4  0 -1 -4 -4  2 -3 -4 -2  1 -1 -4 -3 -3    5   3   4   8   0   4  37   8   0   0   0  14   0   0   0  15   2   0   0   0  0.47 0.20
   58 L   -2 -1 -3 -4 -3 -2 -3 -4 -3  2  4  3  0 -1 -3 -3 -2 -3  1 -1    2   0   0   0   0   0   0   0   0  14  51  27   0   0   0   0   0   0   7   0  0.51 0.26
   59 N   -3  2  5 -1 -4  1 -2 -3  1  2 -1 -1 -2 -3 -3 -2 -2 -4 -3  0    0  17  45   0   0   7   0   0   3  17   4   0   0   0   0   0   0   0   0   7  0.58 0.28
   60 A    2 -1  2  1 -2  1  2  0  0 -3 -2  1 -2 -3 -2  1  0 -3 -2 -2   27   1  11   6   0   4  21   6   2   0   3   7   0   0   0   9   3   0   0   0  0.27 0.13
   61 K   -1  3 -1 -1 -4  4  2 -3 -1 -2 -3  3 -1 -4 -2 -1  0 -3 -3 -3    1  19   0   2   0  24  15   0   0   3   0  26   1   0   0   3   4   0   0   0  0.55 0.22
   62 T   -2 -2 -3 -4 -2 -3 -3 -4 -3  2  2 -3  0  0 -3 -2  1 -3  1  3    0   2   0   0   0   0   0   0   0  10  25   0   0   2   0   0  14   0   6  38  0.41 0.20
   63 R   -1  4 -1  0 -4  2  0 -3  1 -3 -3  4 -1 -4 -2  0 -1 -4 -3 -3    4  31   0   4   0  10   4   0   3   0   0  33   2   0   0   5   2   0   0   0  0.59 0.23
   64 E    0  0  0  2 -4  2  4 -1 -1 -3 -3  2 -3 -4 -2  0 -1 -4 -3 -2    7   3   3  14   0   8  35   4   1   0   0  15   0   0   0   6   2   0   0   2  0.45 0.19
   65 K   -1  1 -1 -3 -2  0 -1 -3  0  2  3  1  0 -1 -3 -2 -1 -3 -2  1    4   7   2   0   0   4   3   0   3  12  40  15   0   0   0   0   4   0   0   6  0.23 0.15
   66 V   -1  5  1 -2 -4 -1  0 -3 -2 -2 -3  3 -2 -4 -3 -2 -2 -4 -3  1    5  51   8   0   0   0   3   0   0   0   0  16   0   0   0   0   0   0   0  17  0.72 0.30
   67 D    0 -1  0  2 -4  3  4 -3 -2 -4 -2  0 -2 -4 -2  1 -1 -4 -3 -3    9   0   2  11   0  20  40   0   0   0   3   2   0   0   0  10   2   0   0   0  0.59 0.25
   68 E   -1  1 -1  0 -4  4  3 -2 -2 -4 -2  4 -2 -4 -2 -1 -1 -4 -3 -3    1   4   0   2   0  23  28   1   0   0   4  32   0   0   0   3   3   0   0   0  0.63 0.27
   69 A    3 -3 -1 -3 -2 -3 -3 -1 -3  3  2 -3  2  0 -3 -2 -2 -3 -1  0   34   0   3   0   0   0   0   2   0  23  24   0   6   3   0   0   0   0   2   3  0.34 0.21
   70 Q    0  3  1  1 -4  4  1 -1 -1 -3 -1  2 -2 -4 -3 -1 -2 -4 -3 -3    7  24   6   7   0  25   7   5   0   0   7  12   0   0   0   0   0   0   0   0  0.42 0.21
   71 E    1  0  0  0 -3  2  3 -1 -2 -3 -2  2 -2 -4 -2  1  1 -4 -3 -2   14   2   2   2   0   9  31   2   0   0   3  15   0   0   0   9  10   0   0   0  0.36 0.18
   72 H   -1 -2 -2 -2 -2 -2 -1 -3  3  1  2 -1  0  2 -3  0 -1 -2  2  1    3   0   0   2   0   0   2   0  12   6  31   6   0  10   0   7   3   0   7  11  0.20 0.14
   73 R   -1  4 -1 -2 -4  3 -1 -3 -2 -1 -1  3 -2  0 -3 -2 -2 -4 -2 -1    3  32   3   0   0  17   0   0   0   5   5  25   0   4   0   0   0   0   0   6  0.52 0.25
   74 E    1  0  1  2 -3  0  4 -2 -2 -3 -3  1  0 -4 -2  1  0 -4 -3 -3   13   2   5  11   0   2  37   0   0   1   0  11   3   0   0  11   3   0   0   0  0.46 0.22
   75 K   -1  3 -2 -2 -4  2  3 -3 -2 -4 -2  5 -2 -4 -3 -1 -2 -4 -3 -3    2  16   0   0   0  10  21   0   0   0   4  43   0   0   0   3   0   0   0   0  0.71 0.30
   76 R   -1  5 -2 -3 -4  0 -2 -2 -2 -1 -1  2 -2 -1 -3 -2 -2 -3  2  0    5  46   0   0   0   4   0   3   0   2   5  14   0   2   0   0   0   0  10   9  0.54 0.26
   77 D   -1  1  2  5 -4  0  1 -2 -2 -4 -4  2 -3 -4 -3  0 -1 -5 -4 -4    6   6   8  45   0   3   6   0   0   0   0  20   0   0   0   6   1   0   0   0  0.71 0.28
   78 E    1  0  0  2 -4  3  4 -3 -2 -2 -3  1 -2 -4 -2  0 -1 -4 -3 -3   11   2   2  11   0  15  37   0   0   2   2   9   0   0   0   5   3   0   0   0  0.51 0.24
   79 L   -1  1 -2 -4 -2 -2 -3 -4 -3  3  3  0  1 -1 -3 -2 -1 -3  0  1    4   8   2   0   0   0   0   0   0  28  37   7   3   0   0   0   3   0   3   5  0.36 0.20
   80 N   -2  0  5 -1 -3 -1 -2 -3 -2  2  0  0 -1 -2 -3  0 -1  2  0  0    0   5  39   0   0   2   0   0   0  20   8   5   0   0   0   5   3   3   3   7  0.39 0.24
   81 E    0 -1  2  2 -4  2  4  0 -2 -4 -4  2 -3 -4 -2  0 -2 -4 -3 -3    6   0  12   8   0   7  40   6   0   0   0  13   0   0   0   7   0   0   0   0  0.57 0.25
   82 R   -2  1  1  0 -4  4  4 -3 -1 -4 -4  2 -3 -4 -3 -1 -1 -4 -1 -4    0   8   9   2   0  26  32   0   0   0   0  15   0   0   0   3   3   0   2   0  0.67 0.29
   83 V   -1 -4 -5 -5 -3 -4 -4 -5 -4  5  3 -4  0 -1 -4 -4 -2 -3  0  2    3   0   0   0   0   0   0   0   0  53  27   0   0   0   0   0   0   0   4  13  0.82 0.31
   84 Q    0  3  0  1 -4  2  1  0 -2 -4 -3  4 -2 -4 -2  0  0 -4 -3 -3    8  16   2   7   0  12   6   7   0   0   0  34   0   0   0   5   4   0   0   0  0.44 0.21
   85 E   -1  2 -1  0 -4  2  5 -3 -2 -4 -4  3  0 -4 -3 -1 -1 -4 -3 -4    2  10   2   2   0  11  46   0   0   0   0  19   3   0   0   3   2   0   0   0  0.72 0.30
   86 H   -2 -1 -2 -4 -3 -3 -4 -5  3  1  5 -3  0 -1 -4 -2 -3 -3  2 -1    2   3   2   0   0   0   0   0  10   4  69   0   0   0   0   2   0   0   9   0  0.74 0.33
   87 K   -1  4  0  0 -5 -1  0 -3 -2 -4 -4  5 -3 -1 -3 -1 -2 -4 -3 -4    4  23   3   4   0   0   3   0   0   0   0  59   0   3   0   2   0   0   0   0  0.92 0.36
   88 E    0 -1  2  2 -3  2  3 -1 -1 -3 -2  1 -2 -4 -2  1 -1 -4 -3 -3    9   0  12  10   0   8  29   4   0   0   4  10   0   0   0  14   0   0   0   0  0.40 0.20
   89 I   -1  2  2 -1 -4  2  3 -3 -2 -3 -3  4 -2 -4 -2  0 -1 -4 -3 -3    4   8  10   0   0  10  21   0   0   1   2  37   0   0   0   4   2   0   0   1  0.54 0.25
   90 R   -1  5 -2 -3 -4  1 -2 -4 -2  1 -1  3 -2 -3 -3 -2 -2 -4 -3 -1    3  48   0   0   0   7   0   0   0  13   6  20   0   0   0   0   0   0   0   4  0.72 0.31
   91 N   -2  2  2  3 -4  1  2 -3 -2 -3 -1  0 -2 -4 -3  1 -1 -4 -3 -2    0  14  14  25   0   5  19   0   0   0   6   3   0   0   0  11   0   0   0   3  0.44 0.21
   92 D    0 -2  1  1 -4  2  5  0 -2 -4 -3  0 -3 -4 -3  0 -2 -4 -4 -4    6   0   6   6   0   8  58   7   0   0   2   3   0   0   0   3   0   0   0   0  0.77 0.32
   93 L   -1 -3 -3 -4 -2 -3 -3 -4 -1  3  3  0  0 -1 -3 -3  0  2 -2  1    2   0   0   0   0   0   0   0   2  25  43   6   0   0   0   0   7   3   0  10  0.45 0.22
   94 N   -1 -1  5 -1 -3  2 -2 -3 -1  1  0 -1 -1  1 -3  1 -1 -3  1 -2    2   2  36   0   0  11   0   0   0  10  12   2   0   7   0   9   2   0   7   0  0.35 0.23
   95 A    3 -1  0 -1 -2  2  2  1 -2 -1 -3  0 -2 -3 -2  2  0 -4 -3 -1   31   2   3   1   0   9  13   9   0   3   0   6   0   0   0  15   4   0   0   2  0.28 0.17
   96 D   -2  2  0  1 -4  3  3 -3 -2 -2 -3  3 -2 -4 -2  0 -1 -4 -3 -1    0   9   3   6   0  16  22   0   0   2   0  27   0   0   0   5   3   0   0   6  0.47 0.22
   97 A    0 -2 -1 -3 -2 -2 -3 -3 -3  3  2 -2  2  1 -3 -1  0 -3  0  0    9   2   4   0   0   0   0   0   0  31  28   2   6   5   0   2   8   0   3   0  0.30 0.19
   98 N   -1  3  4  1 -4  2  0  0 -1 -2 -3  2 -2 -4 -3  0 -1 -4 -3 -3    3  17  25   8   0  13   3   5   0   4   0  15   0   0   0   6   0   0   0   0  0.43 0.21
   99 E   -1  0  0  1 -4  2  4 -1  1 -3 -1  2 -2 -4  0 -1 -1 -4 -3 -3    2   2   4   8   0   8  37   5   3   0   7  16   0   0   3   2   2   0   0   0  0.42 0.21
  100 L   -2 -2 -4 -4 -3 -3 -3 -4 -1  2  4  0  2 -1 -4 -3 -2 -3  1  1    2   2   0   0   0   0   0   0   2  12  58   8   6   0   0   0   0   0   5   7  0.56 0.26
  101 F    0  3  0 -2 -3  0 -2 -3 -1  0 -1  1  0  2 -3  0 -1 -2  2  0    6  27   7   0   0   3   0   0   0   6   4   7   2  15   0   6   2   0   7  10  0.22 0.16
  102 D    0  0  1  3 -3  2  3  0 -1 -3 -3  1 -3 -1 -2  1 -1 -4 -3 -2    7   3   7  20   0  11  21   5   0   0   0  10   0   3   0  10   0   0   0   2  0.37 0.18
  103 E   -2  0  0  1 -4  2  4 -1 -2 -2 -2  2 -2 -4 -2  0 -1 -4 -3 -2    0   4   4   6   0  11  39   5   0   2   3  18   0   0   0   4   2   0   0   2  0.50 0.23
  104 V    0 -3 -4 -4 -2 -3 -3 -4 -3  3  2 -1  2  2 -3 -2 -2 -2  0  2    8   0   0   0   0   0   0   0   0  27  23   5   6  10   0   0   0   0   2  18  0.38 0.18
  105 E    0  2  1  2 -3  1  3 -2 -1 -2 -3  1 -2 -3 -2 -1  0 -4 -3 -2    9  13   8  14   0   4  31   0   0   3   0  10   0   0   0   0   4   0   0   2  0.39 0.18
  106 Q    0  0  0  0 -3  3  3 -1 -1 -2 -2  2  0 -2 -2  0 -1 -2  1 -2    6   3   4   4   0  16  22   5   0   2   4  20   2   0   0   4   0   0   7   0  0.28 0.16
  107 R   -1  1 -1 -2 -2  0 -1 -3  1  0  2  1  1 -1 -3 -1  0 -2  1 -1    4  10   3   0   0   5   2   0   5   6  33  11   4   0   0   0   7   0   6   0  0.16 0.13
  108 K    0  3  0 -2 -3  1  0 -2 -2 -3 -3  4 -2 -4 -2  0  0 -4 -3 -1    5  21   3   0   0   5   4   0   0   0   0  43   0   0   0   7   6   0   0   4  0.54 0.24
  109 E    0  1  2 -1 -3  2  3 -2 -1 -3 -3  3 -2 -4 -2 -1  1 -3 -3 -2    8   7  12   0   0   9  26   1   0   0   0  22   0   0   0   1   9   0   0   3  0.40 0.19
  110 D    0  1  0  1 -2  0  2 -2 -1 -1  0  1 -1 -2 -2  0  0 -3 -2  0    6   8   5  10   0   3  24   1   0   4  13   7   0   0   1   6   4   0   0   7  0.15 0.09
  111 L    0  0  0  1 -2 -1  0 -2 -2  1  2 -1  2 -1 -2 -1 -1 -2  1  0   10   7   4  10   0   0   6   1   0  12  27   4   9   0   1   1   3   0   5   1  0.10 0.11
  112 E   -2  1  1  1 -4  3  4 -3 -1 -4 -4  3 -3 -4 -2  0 -1 -4 -3 -3    0   5   5   6   0  13  31   0   0   0   0  28   0   0   0   6   3   0   0   0  0.60 0.25
  113 L   -2  1  1  0 -3  0  1 -3 -1 -2  0  3  0  1 -1 -1  0 -2  3 -1    0   9   7   3   0   2   8   0   0   0   9  26   3   6   2   3   4   0  13   4  0.20 0.15
  114 D    0  0  0  1 -2  0  1 -1 -1  0  0  1 -1 -2 -2  0  1 -3 -1  0    6   5   5  10   0   4  11   2   0   9  15  10   0   0   0   5   9   0   2   5  0.08 0.07
  115 E    1  0  1  1 -3  3  2  0 -1 -2 -3  1 -2 -4 -1  0 -1 -4 -3  0   14   3   8   5   0  16  18   6   0   0   0  12   0   0   2   6   0   0   0   9  0.26 0.16
  116 G   -1  2 -1 -1  0 -1  0  3 -2 -2  0  0 -2 -2 -1  0  0  2  0 -2    3  15   0   2   3   0   6  32   0   1  10   6   0   0   2   4   6   3   4   1  0.24 0.13
  117 K   -1  3  1 -2 -3  1  0 -1 -1  0  0  2  0 -2 -2 -1  0 -3  0 -1    3  18   7   0   0   4   7   4   0   8  11  21   2   0   0   0   6   0   5   3  0.16 0.12
  118 D   -2  1  1  3 -3  0  1 -2 -2 -3 -2  1 -3 -4  3  2  0 -4 -3 -3    0   7   5  22   0   3   6   1   0   0   3  11   0   0  19  17   4   0   0   0  0.47 0.20
  119 L   -1 -3 -3 -3  0 -2 -1 -2 -3  3  2 -1  0 -1  1  0 -1 -3  0  1    1   0   0   0   2   0   5   2   0  33  23   5   0   0   8   7   2   0   3   9  0.25 0.17
  120 E    1 -1  0  3 -3  0  3 -1 -2 -4 -3  1 -3 -4 -2  2 -1 -4 -3 -3   13   2   4  19   0   2  26   3   0   0   2   8   0   0   0  20   0   0   0   0  0.44 0.21
  121 Q    0  0 -1 -1 -3  1  3 -2  1  0 -1  2 -2 -3 -2  1  0 -4 -2  0   10   4   0   0   0   5  23   0   5   7   3  20   0   0   0  10   5   0   0   8  0.23 0.16
  122 L   -1 -3 -4 -3 -3 -3 -3 -1 -4  4  3 -1  1 -1 -4 -3 -2 -3 -3  1    3   0   0   2   0   0   0   7   0  33  42   6   2   0   0   0   0   0   0   7  0.49 0.24
  123 K   -2  4 -1 -1 -4  1  3 -3 -2 -3 -3  3 -2 -2 -3  1 -1 -4 -3 -2    0  26   0   0   0   5  23   0   0   0   2  24   0   2   0  13   2   0   0   2  0.56 0.26
  124 E    0  3  0  1 -3  1  3 -2 -2 -1 -2  2  0 -3 -2  0 -1 -4 -3  0    8  20   3   6   0   3  23   2   0   3   0  17   3   0   0   3   0   0   0  10  0.31 0.17
  125 E    1  4 -2 -1 -4  1  4 -3 -2 -1 -1  1 -2 -4 -3 -2 -2  2 -3 -3   13  31   0   0   0   3  34   0   0   3   7   6   0   0   0   0   0   3   0   0  0.56 0.28
  126 I   -3 -4 -4 -5 -3 -4 -4 -5 -4  6  0 -4 -1 -1 -4 -1 -1 -3  2  2    0   0   0   0   0   0   0   0   0  71   2   0   0   0   0   5   2   0  10  11  1.01 0.39
  127 E    1  1  1  1 -4  1  5 -3 -2 -3 -1  1 -2 -4 -3 -1 -1 -4 -3 -3   12   6   7   4   0   6  49   0   0   0   7   6   0   0   0   0   3   0   0   0  0.57 0.27
  128 E    0  3 -1  0 -4  3  2 -1 -1 -4 -3  2 -2 -4 -2  1 -1 -3 -1 -3    5  20   0   4   0  17  15   3   0   0   0  17   0   0   0  14   2   0   2   0  0.44 0.21
  129 L   -3  1 -4 -2 -3 -2 -1 -4 -3  0  5  1  0 -2 -4 -2 -2 -3 -3  0    0   8   0   2   0   0   4   0   0   0  71   9   0   0   0   3   0   0   0   3  0.66 0.32
  130 E    0 -2  0  0 -5  1  6 -3 -2 -4 -1  0 -3 -4 -3 -1 -2 -5 -4 -4    7   0   4   3   0   3  70   0   0   0   6   3   0   0   0   3   0   0   0   0  1.01 0.40
  131 F   -3  0 -1  0 -4 -1  0 -4 -2 -3 -2  1 -3  3 -4 -1 -3  9  3 -4    0   4   3   6   0   2   7   0   0   0   3  12   0  12   0   3   0  34  13   0  1.03 0.34
  132 K   -2  3 -1  0 -4  2  3 -3 -1  0 -2  2  0 -1 -3  0  0 -3  0 -1    0  24   0   3   0   8  22   0   0   8   0  14   2   3   0   4   5   0   3   3  0.34 0.19
  133 Q   -1 -3 -3 -4 -3  3 -2 -4  1  3  2 -2  0  3 -4 -3 -2 -2  1 -1    5   0   0   0   0  18   0   0   5  24  27   0   0  19   0   0   0   0   3   0  0.44 0.25
  134 Q   -3  0 -2  1 -5  6  4 -4 -2 -4  0  0 -2 -4 -3 -2 -3 -4 -3 -4    0   3   0   5   0  46  32   0   0   0  10   4   0   0   0   0   0   0   0   0  0.95 0.39
  135 T   -1 -2  2 -2 -3 -2  0 -3 -3 -1 -1 -1 -2 -3 -3 -1  6 -4  0 -2    3   1   9   0   0   0   7   0   0   3   5   3   0   0   0   0  64   0   3   0  0.76 0.37
  136 E    1  2  2  0 -3  1  2 -2 -1 -1 -2  0  0 -3 -2  2  1 -4 -3 -2    9  15  10   3   0   5  13   0   0   3   3   2   3   0   0  25   9   0   0   0  0.26 0.17
  137 V    0 -2  0  0 -2  0 -1 -3 -3  1 -1  0  0 -3  4  0  0 -4 -3  2    5   0   3   6   0   3   2   0   0   7   3   5   3   0  23   9   6   0   0  24  0.32 0.16
  138 L   -2 -1 -3 -4 -3 -3 -2 -4 -3  2  4 -1  0  1 -4 -2  1 -3 -2  0    0   4   0   0   0   0   3   0   0  17  54   3   0   5   0   2   9   0   0   3  0.47 0.24
  139 S   -1 -1  2  1 -3  0  0  0 -2 -2 -2 -1 -2  0  2  2  2 -3 -2 -1    0   2  10   9   0   3   3   6   0   0   4   0   0   6  13  26  14   0   0   3  0.27 0.17
  140 T   -1 -1  1 -2 -3 -1 -1 -3 -3  0  2 -1 -1 -2  4  0  0 -4 -3  0    5   2  10   0   0   3   3   0   0   4  31   2   0   0  25   5   4   0   0   6  0.37 0.19
  141 E   -1  0  0  2 -5  1  5 -1 -2 -5 -4  3 -3 -5 -3 -2 -2 -5 -4 -4    3   2   3   9   0   4  57   3   0   0   0  19   0   0   0   0   0   0   0   0  0.89 0.35
  142 D   -1  2  0  3 -4  2  4 -3  2 -4 -4  1 -3 -4 -3  0 -2  4 -2 -2    2  10   3  16   0   8  32   0   6   0   0   6   0   0   0   6   0   6   0   3  0.51 0.23
  143 E   -2  0 -2 -1 -5  1  6 -4 -2 -2 -2  0  0 -1 -3 -1 -2 -4 -3 -1    0   3   0   0   0   3  70   0   0   2   5   3   3   3   0   4   0   0   0   3  0.94 0.39
  144 R   -2  3  2 -2 -4  1  0  0 -1  0 -3  3 -1 -3  1 -1 -2  2  0 -2    0  19  13   0   0   5   5   7   0   7   0  26   2   0   7   3   0   3   3   0  0.32 0.19
  145 E   -1  3 -1  3 -4  3  3 -1 -2 -3 -1  1 -2 -4 -3 -1 -2 -4 -3 -2    3  18   0  18   0  18  21   4   0   0   7   9   0   0   0   0   0   0   0   3  0.45 0.22
  146 L    0 -3 -2 -4 -2 -3 -2 -4 -3  4  2 -3  1  3 -4 -3 -2 -3 -1  1   11   0   2   0   0   0   3   0   0  36  21   0   3  18   0   0   0   0   0   6  0.45 0.23
  147 I   -2 -4 -4 -4 -3 -4 -4 -5  0  5  0 -4  2  2 -4 -3 -1 -3  1  3    2   0   0   0   0   0   0   0   2  54   0   0   6   9   0   0   3   0   5  18  0.74 0.31
  148 E   -2  0  1  3 -4  2  3 -2 -1 -2 -2  2 -1 -3 -2  1 -1 -4  0 -3    0   3   7  20   0  11  20   0   0   2   2  17   2   0   0  10   2   0   3   0  0.40 0.19
  149 K   -2  2  0 -1 -4  3  1 -3 -2 -4 -4  5 -3 -3 -3 -1  1 -3  1 -3    0   7   3   2   0  13   9   0   0   0   0  50   0   0   0   0   8   0   7   0  0.68 0.31
  150 I   -3 -4 -4 -5 -3 -1 -4 -5 -4  6  2 -4  0  0 -4 -2 -2 -3  0  1    0   0   0   0   0   3   0   0   0  66  18   0   0   3   0   3   0   0   3   3  0.89 0.35
  151 E    1  1  0 -1 -3  3  2 -1 -1 -3 -2  1  1  1 -2  2 -1 -3 -2 -2   11   9   2   1   0  16  14   3   0   0   1  11   5   7   0  17   2   0   0   0  0.24 0.16
  152 G   -1  2  0  1 -3  3  3 -1 -1 -2 -3  0  0 -3 -3  0 -1 -3  0  0    3  15   4   6   0  16  27   4   0   0   0   2   3   0   0   6   0   0   3  11  0.32 0.19
  153 K   -2 -1 -3 -3 -3  0 -1 -4 -3  2  3  1  2 -1 -3 -3 -1 -2  2  1    0   2   0   0   0   3   3   0   0  10  48  11   5   0   0   0   2   0   8   6  0.38 0.21
  154 R    0  1  1 -1 -3  0  4  0 -2 -3  0  1 -2 -3 -3 -1  1 -4 -3 -2   10   9   8   0   0   0  38   7   0   0  13   7   0   0   0   0   9   0   0   0  0.34 0.22
  155 E   -1  1  2  1 -3  0  3  0 -1 -3 -3  3 -3 -3 -2  0  1 -3  0 -3    4   8  11   5   0   2  25   7   0   0   0  21   0   0   0   5  10   0   3   0  0.35 0.18
  156 E    0  2  1  0 -3  1  2 -2 -1 -1  1  1  0 -2 -2  0 -1 -3  0 -1    6  12   8   5   0   4  22   0   0   3  18   8   2   0   0   6   0   0   3   3  0.16 0.12
  157 Y   -2 -2 -1 -4 -3 -3 -3 -4 -3  1  4 -3  1  0 -4 -2 -2 -3  1  0    0   3   4   0   0   0   0   0   0   7  67   0   3   2   0   4   0   0   5   4  0.64 0.28
  158 Q    0  0  3  2 -3  2  3 -2 -1 -3 -3  1 -3 -4 -2  0  1 -4 -3 -2    6   3  15  11   0   9  29   2   0   0   0   7   0   0   0   6   8   0   0   3  0.42 0.19
  159 D    1 -1  0 -1 -2  1  2 -2 -2  0 -1  2 -1 -3 -2  0  1 -3 -2  0   17   0   5   2   0   5  15   0   0   9   5  20   0   0   0   7  12   0   0   4  0.19 0.14
  160 R    3  2 -2  0 -2 -2 -2 -2 -3  1  0  0 -1  1 -3 -1 -1  1 -2  0   36  14   0   6   0   0   0   0   0  11  11   6   0   6   0   0   2   2   0   7  0.20 0.18
  161 E    0  1  1  1 -3  2  2 -3 -2 -1  1  2 -1 -3 -2  0 -1 -3 -3 -2    6   7   6   7   0  10  20   0   0   3  20  16   0   0   0   6   0   0   0   0  0.23 0.15
  162 E    0  1  0  2 -3  3  1 -2  0 -3 -3  3 -2 -4  0  1 -1 -4 -3 -2    7   4   2  16   0  18   9   0   3   0   0  22   0   0   3  11   2   0   0   3  0.37 0.19
  163 K    2 -1 -3 -3 -2 -2  0 -3 -3  2  2  0  0  0 -3  0  0 -3 -2  0   24   2   0   0   0   0   8   0   0  15  29   7   2   4   0   5   3   0   0   1  0.19 0.16
  164 L    0  0  1  1 -2 -1  1 -2 -2  1  1  0 -1 -2 -2 -1 -1 -3 -2  1    9   6  10   9   0   0  12   1   0  15  17   7   0   0   0   3   0   0   0  12  0.11 0.11
  165 D   -1  2  1  2 -3  1  2  0  0 -3 -1  2 -2 -3 -2 -1 -1 -4 -3 -2    2  13   7  13   0   6  15   6   2   0   9  20   0   0   0   2   1   0   0   3  0.27 0.14
  166 Q   -1  0 -2  1 -3  1  2 -3  0  1  1  1 -1  1 -2 -1 -1 -3 -1  0    3   4   0   7   0   5  18   0   2  12  13  14   0  10   0   3   0   0   1   8  0.12 0.11
  167 S    1  2  0 -2 -3  0 -1 -1  3 -1 -2  3  0 -3 -2  1 -1 -4 -2 -2   15  13   5   0   0   3   0   3  10   3   2  26   4   0   0  13   2   0   0   0  0.29 0.19
  168 G   -1  0  4  0 -3  1  2  1 -1 -3 -4  1 -3 -4 -2  1  0 -4 -3 -1    3   2  26   3   0   6  21  12   0   0   0   8   0   0   0  10   4   0   0   5  0.39 0.20
  169 D   -1  1  1  2 -4  1  2 -3  2 -4 -3  4 -3 -1 -2  0 -2 -3  0 -3    5   3   6  11   0   4  18   0   7   0   0  33   0   3   0   5   0   0   3   0  0.43 0.21
  170 L   -2 -2 -2 -4 -2 -3 -4 -1 -3  3  3 -3  1 -1 -4 -3 -1 -2  2  2    2   2   2   0   0   0   0   6   0  24  41   0   3   0   0   0   2   0   8  11  0.43 0.21
  171 E    0  0  0  0 -2  2  2 -2  2 -1  0  0 -1 -2 -2  1  1 -3 -2  0    6   2   4   4   0  12  15   0   7   2  13   2   0   0   0  14  13   0   0   6  0.16 0.13
  172 G   -1  0  1  2 -4  0  5 -2  0 -4 -4 -1 -1 -4 -3  0  0 -4 -3 -2    3   5   6  11   0   1  54   1   2   0   0   0   2   0   0   6   7   0   0   2  0.69 0.30
  173 L   -2 -2 -1 -2 -2  0  0 -4 -3  3  2  0  2  0 -3 -1  1 -3 -2  1    0   0   2   2   0   5   9   0   0  24  26   5   5   3   0   2  10   0   0   8  0.22 0.15
  174 V   -2  4 -1 -1 -3 -1 -1 -3 -2  0  0  3  0  0 -3 -1 -1 -3  1  0    0  33   2   3   0   0   0   0   0   8   7  21   2   6   0   3   2   0   6   6  0.34 0.20
  175 E    2  0  1 -1 -3  3  2 -2 -2 -3 -3  2  0 -4 -2  1  1 -4 -3 -2   23   2   9   0   0  17  17   0   0   0   0  12   2   0   0   9   8   0   0   0  0.37 0.21
  176 E    0  1  0  0 -3  2  4 -3 -1 -3 -1  2 -1 -1 -2  0 -1 -3 -1 -1    6   5   2   2   0   7  35   0   0   0   5  19   1   4   0   6   1   0   2   3  0.36 0.20
  177 A    1 -3 -2 -1 -2 -2 -1 -3 -2  3  1 -2  1  0 -3  1 -1 -3  1  1   17   0   0   4   0   0   3   0   0  31  10   0   4   4   0  12   2   0   5   7  0.21 0.16
  178 E   -1  0  0  2 -3  0  3 -3 -2 -2 -1  2 -2 -3 -1  1  0 -4 -1 -2    4   5   2  14   0   0  31   0   0   2   9  13   0   0   3   9   5   0   2   0  0.31 0.18
  179 S    0 -1  0  0 -3  3  4 -1 -1 -4 -3  1 -2 -3 -1  2  0 -3  1 -3   10   2   2   2   0  15  32   5   0   0   0   5   0   0   2  16   3   0   7   0  0.40 0.22
  180 V   -2 -2 -4 -4 -3 -3 -2 -4 -3  3  3  0  1 -1 -4 -3 -1  1 -1  1    0   1   0   0   0   0   2   0   0  27  43   9   2   0   0   0   2   2   2   9  0.48 0.23
  181 R   -2  5 -2 -3 -4  1 -1 -2  2 -3 -2  3 -2 -3 -3  0  0 -3  1 -2    0  42   0   0   0   3   0   2   5   0   3  23   0   0   0   6   7   0   6   2  0.64 0.29
  182 A    0  1  0  2 -3  1  0 -2  1  1 -1  2 -1 -1 -2  1 -1 -3 -2 -1    5   7   2  13   0   7   4   0   3  12   5  23   0   2   0  15   0   0   0   4  0.17 0.14
  183 E    1  1 -1  0 -4  3  4 -3 -2 -2 -3  3  0 -2 -2 -1 -2 -4 -3 -3   11   7   2   2   0  16  34   0   0   3   0  19   3   2   0   0   0   0   0   0  0.50 0.25
  184 A    1  2 -1 -1 -2  0  0  0 -2  1  1  0  0 -2 -2 -1 -1 -3  0  1   14  14   2   2   0   3   6   7   0  11  18   6   0   0   0   3   0   0   3  11  0.07 0.09
  185 S    0  2  2  1 -3  0  2 -1 -1 -3 -3  1 -1 -4 -2  2  0 -4 -3 -3    8  17  11   9   0   3  20   2   0   0   0   5   2   0   0  19   5   0   0   0  0.36 0.18
  186 K    1 -2  0  3 -3  1  3 -2 -2 -3 -3  0 -3 -3 -2  1  1 -4  0 -3   14   0   2  20   0   7  30   0   0   0   0   4   0   0   0   8  11   0   3   0  0.46 0.22
  187 H   -1 -1 -3 -1 -2 -2 -3 -4  2  3  2 -2  0  0 -3 -2 -2 -2  2  1    2   3   0   3   0   0   0   0   7  25  31   2   1   3   0   3   0   0   9  11  0.31 0.18
  188 H   -2  2  1  0 -4  1 -1  1  5 -4 -2  2 -2 -3 -3  1 -1 -4 -2 -3    0  14   7   3   0   4   0   9  23   0   3  20   0   0   0  14   3   0   0   0  0.45 0.23
  189 E   -1 -1  1  1 -4  4  3 -2 -1 -2 -1  1  1 -4 -2  1 -1 -4 -3 -3    4   0   7   7   0  24  26   2   0   3   4   9   4   0   0  11   0   0   0   0  0.41 0.22
  190 K   -1  2  2  0 -4  3  3 -3 -2 -4 -3  4 -3 -4 -3 -1 -2 -4 -3 -4    3   7   9   2   0  17  25   0   0   0   2  35   0   0   0   0   0   0   0   0  0.68 0.29
  191 V   -3 -4 -4 -5 -3 -3 -4 -5 -4  5  2 -2  2 -1 -4 -3 -2 -3  0  2    0   0   0   0   0   0   0   0   0  51  22   3   6   0   0   0   0   0   3  14  0.75 0.30
  192 T    0  0  0 -2 -3  4  0  0 -2 -2 -2  2  0 -3 -2  0  1 -3 -3 -1    5   2   3   0   0  27   4   9   0   0   3  19   2   0   0   7  14   0   0   5  0.33 0.21
  193 E    0  1  1 -1 -3  2  3  0 -1 -3 -3  3 -2 -4 -2  0  1 -4 -3 -2    7   4   8   0   0  12  27   6   0   0   0  21   0   0   0   5   8   0   0   2  0.40 0.20
  194 L   -2 -2 -4 -5 -3 -3 -4 -5 -4  2  5 -2  2 -1 -4 -3 -1 -3 -3  1    3   2   0   0   0   0   0   0   0   9  68   2   5   0   0   0   3   0   0   8  0.73 0.30
  195 A    2  2 -2 -2 -3 -1  1 -2 -2 -1 -2  2 -2 -3 -2  1  0 -4 -3  1   26  13   0   0   0   0  10   0   0   3   0  20   0   0   0  15   2   0   0  12  0.30 0.20
  196 D    0 -2  3  4 -4  1  3  0 -2 -4 -4  0 -3 -4 -2  1 -1 -4 -3 -3    8   0  18  25   0   5  22   6   0   0   0   5   0   0   0   9   2   0   0   0  0.53 0.22
  197 K   -1  2  0  0 -4  2  4 -3 -2 -4 -2  3 -3 -4 -3  0 -2 -4 -3 -3    2  11   4   2   0   9  44   0   0   0   4  19   0   0   0   5   0   0   0   0  0.66 0.28
  198 A    1  2 -2 -3 -2 -1 -2 -2 -2  2  0  0 -1 -2 -3  2  1 -3 -1  0   14  13   0   0   0   0   0   0   0  23   9   7   0   0   0  20   7   0   3   4  0.19 0.17
  199 Q   -1 -1  1  1 -4  6  2  0 -2 -4 -2  0 -2 -4 -3  1 -1 -4 -3 -4    3   0   8   6   0  48   9   6   0   0   3   3   0   0   0  12   1   0   0   0  0.68 0.32
  200 E    0  1 -1  0 -4  3  4 -3  0 -2 -3  3 -2 -4 -2  0 -1 -4 -3 -2    5   4   1   3   0  13  31   0   2   3   0  28   0   0   0   5   3   0   0   2  0.51 0.24
  201 H    0 -1 -2 -3  1 -2 -2 -3  3  1  2  0  1  1 -3 -2 -1 -2  2  0    9   1   0   0   5   0   0   0  13  12  26   9   3   6   0   0   2   0   8   5  0.22 0.16
  202 H   -2  2  0  1 -4  0  0 -1  6 -3 -3  1 -2 -2 -3  1 -1 -3  2 -1    0  11   3   7   0   2   6   3  29   0   0  11   0   0   0  11   4   0   9   5  0.45 0.23
  203 N   -1 -1  2  0 -4  1  3 -2 -2 -2  0  3 -2 -3 -3 -1 -1 -4 -3 -1    2   0  14   4   0   4  31   2   0   0  11  23   0   0   0   0   3   0   0   5  0.38 0.22
  204 Q   -2 -1  1  1 -4  4  3 -3 -2 -1 -1  1 -1 -4 -3  0  0 -4 -3 -3    0   0   5   6   0  31  28   0   0   3   8   6   1   0   0   6   5   0   0   0  0.51 0.26
  205 M   -2  1 -1 -4 -3 -2 -3 -4 -3  3  2 -2  6 -2 -4 -3 -1 -3 -1  1    2   9   3   0   0   0   0   0   0  18  15   0  38   0   0   0   3   0   2   9  0.63 0.31
  206 I    0 -1 -1  1 -2  1  0 -2 -2  2  0  0 -1 -2 -2  1  1 -3 -2  0    5   3   2   8   0   7   8   2   0  21  11   6   0   0   0  10  13   0   0   4  0.10 0.11
  207 E    0  0  0  0 -4  3  4 -3 -2 -3 -3  2 -3 -2 -2  2 -1 -4 -3 -2    6   2   3   4   0  13  36   0   0   0   0  15   0   2   0  16   0   0   0   3  0.51 0.25
  208 A    1 -1  0 -3  0 -2 -1 -3 -2  0  3 -1  1 -1 -3 -1  0 -2  1  0   15   2   7   0   2   0   2   0   0   4  42   4   2   0   0   3   6   0   6   5  0.20 0.16
  209 Y   -2  2  1 -2 -4  1 -1 -3 -1 -3 -1  3 -2  2 -3 -1 -2 -2  4 -1    0  10   9   0   0   7   0   0   0   0   6  32   0  12   0   2   0   0  20   3  0.45 0.25
  210 R   -1  2  1  1 -3  3  2 -1 -1 -3 -2  2 -2 -4 -2  1  1 -4 -3 -3    3  11   7   5   0  22  12   2   0   0   3  14   0   0   0  12   9   0   0   0  0.37 0.19
  211 E   -1  1 -2 -1 -4  3  2 -3  1 -3  0  3 -2 -3 -2 -1 -1 -4 -3 -2    5   7   0   2   0  21  17   0   3   0  13  27   0   0   0   2   2   0   0   2  0.41 0.22
  212 A    2  3 -3 -3 -3 -2 -1 -3 -3  3  1  0  1 -2 -3 -2 -2 -4 -3  0   27  25   0   0   0   0   3   0   0  22  14   3   4   0   0   0   0   0   0   2  0.33 0.23
  213 D   -1 -3  1  6 -5  0  3 -3 -2 -4 -5 -2 -1 -5 -3 -1 -1 -5 -4 -4    4   0   7  60   0   2  21   0   0   0   0   0   2   0   0   2   2   0   0   0  1.11 0.38
  214 D   -2 -1  1  2 -5  2  5 -3  1 -4 -4  2 -3 -1 -3  0 -2 -4 -3 -4    0   0   6  14   0   9  49   0   4   0   0  12   0   3   0   5   0   0   0   0  0.76 0.31
  215 I    0 -3 -4 -4 -2 -3 -4 -4 -4  3  4 -2  1 -1 -4 -3 -1 -3 -2  2    7   0   0   0   0   0   0   0   0  21  54   2   2   0   0   0   2   0   0  12  0.64 0.26
  216 R   -1  3  2 -1 -4 -1 -1 -1 -2 -3 -3  4 -2 -4 -3  0  0 -4 -3  0    5  24  13   2   0   0   0   3   0   0   0  34   0   0   0   5   3   0   0  10  0.47 0.24
  217 D    1  1 -2  1 -4  1  0 -3 -2 -4 -4  5 -3 -4  0  0 -2 -4 -3 -3   13   5   0   7   0   7   2   0   0   0   0  56   0   0   4   7   0   0   0   0  0.71 0.32
  218 E    0  2 -2 -1 -4  2  5 -3 -2 -4 -2  2  1 -4 -3 -2 -2 -4 -3 -3    7   9   0   0   0   6  58   0   0   0   3  12   5   0   0   0   0   0   0   0  0.82 0.35
  219 A    3  1 -1 -2 -2  0  0 -1 -2  1  0  0 -1 -2 -2 -1 -1 -3  0  1   37  12   2   0   0   3   7   3   0  12   7   6   0   0   0   0   0   0   4   8  0.19 0.17
  220 D   -1 -3  1  6 -5  1  2 -3 -3 -4 -3 -2 -4 -5 -3 -2 -2 -5 -4 -1    6   0   7  64   0   5  11   0   0   0   2   0   0   0   0   0   0   0   0   5  1.08 0.38
  221 E   -2  0  0  3 -4  0  5 -1 -2 -2 -3  0  0 -4 -3  0 -1 -4 -3 -3    2   5   3  14   0   2  52   3   0   2   2   2   3   0   0   6   3   0   0   0  0.65 0.29
  222 M   -3 -3 -2 -4 -3 -1 -3 -4  1  2  3 -1  2  2 -4 -3 -2 -1  4 -1    0   0   2   0   0   3   0   0   4  14  37   3   7   8   0   0   0   0  22   0  0.51 0.24
  223 H   -1 -1  1 -2 -4  1  1 -3  7 -4 -4  3 -3 -4 -3  0  1 -4 -1 -4    3   0   7   0   0   7   9   0  40   0   0  21   0   0   0   4   8   0   0   0  0.85 0.34
  224 E    1  0  2  0 -3  2  3 -1 -1 -3 -3  2 -2 -4 -2  0 -1 -4 -3 -1   14   2  16   4   0  14  21   3   0   0   0  13   0   0   0   7   2   0   0   5  0.34 0.18
  225 D    0  0 -1  1 -3  3  3 -3 -1 -3  0  2 -2 -3 -2 -1 -1 -3  0 -2    9   3   2   5   0  21  22   0   0   0  14  17   0   0   0   2   2   0   3   0  0.35 0.20
  226 F   -3 -2 -4 -4 -3 -3 -4 -5 -3  5  1 -1  1  2 -4 -3 -2 -3  2  2    0   3   0   0   0   0   0   0   0  52   8   4   2  12   0   0   0   0   7  12  0.66 0.28
  227 V   -1 -1  2  0 -2  0  1 -3 -2  0  1  1  1 -2 -2  0  1 -4 -2  2    1   0  16   5   0   2   8   0   0   1  13  14   4   0   0   7   9   0   0  21  0.16 0.15
  228 E    0  0  0  3 -4  2  4 -2 -2 -4 -4  1 -3 -4 -2  0 -2 -4 -3 -2    7   3   2  20   0  10  41   2   0   0   0   6   0   0   0   7   0   0   0   2  0.64 0.27
  229 A    1  0 -2 -3  1 -1 -1 -3 -2  1  2  2  1  0 -3 -1  0 -3 -1 -1   12   5   0   0   3   0   2   0   0   9  29  24   3   3   0   0   7   0   2   0  0.19 0.17
  230 Q    0  2  0 -2 -3  3 -1 -2 -1  0 -2  1 -2 -2  0  1 -1 -3  2 -1   10  14   4   0   0  24   0   2   0   7   2   6   0   0   3  16   0   0  10   2  0.27 0.20
  231 E    2 -1  1  1 -3  1  4 -2 -2 -2 -3  1 -2 -4 -2  0  1 -4 -3 -2   19   0   9   5   0   4  36   0   0   2   2  11   0   0   0   2   8   0   0   2  0.42 0.22
  232 A    0  2  0 -1 -3  0  3 -3 -2 -1 -2  4 -2 -4 -2 -1  0 -4 -3 -1   10   9   5   0   0   2  24   0   0   3   2  34   0   0   0   2   5   0   0   4  0.41 0.22
  233 A    1  0 -2 -3 -2  1 -1 -3 -3  3  0 -2  1 -2 -3  0 -1 -3 -2  2   14   6   2   0   0   7   3   0   0  32   5   0   3   0   0   6   2   0   0  19  0.25 0.18
  234 D   -1  2  3  4 -4  0  2 -1 -2 -4 -4  2 -3 -4 -3  0 -2 -4 -3 -4    5  13  17  28   0   2  13   4   0   0   0  14   0   0   0   4   0   0   0   0  0.54 0.22
  235 A   -1  0  1  0 -3  1  4 -3 -2 -3 -2  2  0 -4  2  1  0 -4 -3 -3    4   4   6   3   0   5  35   0   0   0   4  12   2   0  10   9   7   0   0   0  0.40 0.20
  236 H   -2 -3 -3 -3  0 -2 -2 -4  2  3  3 -2  0 -1 -3 -1  1 -3  0  2    1   0   0   0   2   0   2   0   7  19  35   2   0   0   0   3   8   0   3  17  0.33 0.19
  237 H   -2  4  1 -2 -3  0  1 -2  4 -3 -2  2 -2 -3 -3  1  0 -4 -2 -1    0  26   8   0   0   1   7   1  15   0   3  13   0   0   0  16   3   0   0   6  0.40 0.21
  238 E    0  1  0  2 -4  2  3  0 -2 -4 -4  2 -3 -4 -2  0 -1 -4 -3 -3    8   5   3  15   0  10  31   7   0   0   0  14   0   0   0   6   2   0   0   0  0.47 0.21
  239 A   -1  1 -1  1 -4  3  4 -3  0 -2 -2  3 -1 -4 -2  0 -1 -4 -3 -3    4   7   0   6   0  17  30   0   2   3   3  21   2   0   0   3   2   0   0   0  0.48 0.23
  240 F   -3 -2 -4 -4 -3 -3 -1 -5 -3  5  2 -1  0  3 -4 -3 -2 -3  0  0    0   2   0   0   0   0   6   0   0  52  21   4   0  12   0   0   0   0   3   0  0.64 0.30
  241 V    1  3  1  2 -3 -1  1 -2 -2  0 -2  0 -2 -2 -2 -1  0 -4 -3  0   14  21   6  15   0   0  12   0   0   7   0   5   0   2   0   0   8   0   0  10  0.23 0.16
  242 E    1  1 -1  1 -4  1  4 -3 -2 -4 -2  1 -3 -4  3  0 -2 -4 -3 -3   13   6   0   9   0   7  32   0   0   0   2   9   0   0  16   6   0   0   0   0  0.51 0.22
  243 V    1 -1 -3 -3 -2 -2 -1 -3 -3  2  3  0  2 -1 -3 -2 -2 -3  1  1   12   4   0   0   0   0   3   0   0  10  39   8   6   0   0   0   0   0   6  13  0.29 0.18
  244 Q   -2  2  1 -1 -3  3  2 -3 -1 -1 -2  3  0 -1 -2 -1  0 -3 -2 -1    0  12   8   1   0  15  20   0   0   5   3  21   3   3   0   3   5   0   0   4  0.31 0.18
  245 K    1  2  2  1 -3  0  2 -2 -1 -3 -3  2 -2 -3 -2  1  1 -3  0 -2   13  12  12   7   0   0  19   0   0   0   0  15   0   0   0   9   8   0   4   3  0.29 0.16
  246 R   -1  2  0  1 -4  2  3 -3 -1 -3 -1  2 -2 -3 -2  0 -1 -4 -3 -3    4  16   4   8   0   7  28   0   0   0   7  18   0   0   0   3   3   0   0   0  0.41 0.19
  247 L    0 -3 -1 -4 -2 -1 -2 -4 -3  3  4 -3  1 -1 -3 -3 -2 -3 -2  1    7   0   4   0   0   2   3   0   0  26  47   0   2   0   0   0   0   0   0   8  0.50 0.23
  248 R    0  2  2  0 -3  1  1 -1 -1 -1  0  2  0 -2 -2  0 -1 -3 -2 -1    9  17  14   3   0   4   8   4   0   3  10  14   3   2   0   7   0   0   0   3  0.15 0.10
  249 E   -2 -1  2  1 -5  1  6 -3 -2 -5 -5  2 -4 -5 -3 -1 -2 -5 -4 -4    2   0  10   4   0   4  65   0   0   0   0  13   0   0   0   3   0   0   0   0  1.04 0.39
  250 L   -2 -2 -4 -5 -3 -2 -4 -5 -2  1  4 -3  1  0 -4 -3 -3 -2  5  0    2   2   0   0   0   1   0   0   0   7  56   0   2   2   0   0   0   0  25   3  0.76 0.32
  251 D   -2  3  1  3 -3  1  2 -3 -1 -1 -2  1  0 -3 -2  0  0 -4 -3 -1    0  19   7  18   0   6  15   0   0   5   2   8   4   0   0   8   3   0   0   5  0.29 0.15
  252 K   -2  1 -1  2 -4  2  3 -3 -2  0 -1  3 -2 -3 -2  0 -1 -4 -3 -1    0   8   0  10   0  10  24   0   0   9   6  23   0   0   0   4   2   0   0   4  0.34 0.19
  253 Q    0  0 -2 -2 -3  2  2 -3 -1 -1  0  3 -1  0 -3 -1 -1 -2  3 -2    9   2   0   0   0  15  13   0   0   2  12  24   0   3   0   0   4   0  16   0  0.30 0.20
  254 E   -1  0 -2 -2 -2  0  0 -3  2  2  3 -1  0  0 -3 -2 -2 -3  0  1    6   5   0   2   0   3   7   0   9  14  36   4   0   2   0   0   0   0   2  10  0.21 0.15
  255 E    0  1  2  1 -4  1  3 -2 -2 -3 -2  4 -1 -4 -2  1  0 -4 -3 -3    5   4  10   7   0   2  22   0   0   0   2  33   2   0   0   9   3   0   0   0  0.45 0.22
  256 E    2  1  1 -1 -3  2  2 -1 -2 -3 -3  2  0 -3  0  0 -1 -3 -1 -2   29   6   7   0   0  10  15   2   0   0   0  17   3   0   3   2   3   0   2   0  0.31 0.19
  257 E    0 -1 -3 -2 -3 -1  2 -4 -3  0  3 -1  2 -2 -3 -2 -1 -3 -2  1    9   3   0   0   0   0  20   0   0   2  45   4   4   0   0   1   2   0   0   9  0.34 0.21
  258 E   -2  3  1  0 -4  0  2 -3  0  1  0  1 -2 -3  0 -2 -2 -4 -3 -1    0  27  10   6   0   2  20   0   2  13   8   7   0   0   3   0   0   0   0   2  0.30 0.19
  259 K    0  1  2  2 -3  1  2 -1 -1 -2 -1  2 -2 -3 -2  0 -1 -4 -3 -2   12   9  12  15   0   5  14   3   0   3   7  16   0   0   0   3   2   0   0   0  0.24 0.13
  260 D    0  0 -1  1 -3  1  2 -2  1  1  0  0 -1  0 -2  1  0 -2  2 -1   11   4   0   8   0   8  17   0   3  11  10   2   0   3   0  10   3   0   9   0  0.11 0.11
  261 K   -2  3  0  0 -4  2  3 -2  1 -4 -2  3 -2 -4 -2  1 -2 -4 -3 -3    0  18   2   2   0  12  26   2   3   0   4  22   0   0   0  10   0   0   0   0  0.49 0.22
  262 R   -2  4  0 -2 -3  0  0 -2  0 -2  1  3  0 -3 -3  0 -1 -4 -3 -1    0  34   5   0   0   3   4   2   1   0  20  19   2   0   0   5   2   0   0   2  0.40 0.21
  263 A    2  2  0 -1 -2  1  2 -2  0 -2 -2  0 -2 -3 -1  1  1 -3 -1  0   22  15   6   0   0   6  19   0   2   0   2   0   0   0   2   9   8   0   2   7  0.22 0.15
  264 Q    2  1  0 -2 -2  0  1 -2 -2  0 -1  3  1 -3 -2  0  0 -3 -2  0   20   7   5   0   0   1   8   0   0   6   4  28   4   0   0   2   7   0   0   8  0.20 0.14
  265 E    1  2  0  2 -3  0  2 -2 -2  0 -1  2 -2 -3 -2 -1 -1 -4 -3 -1   13  17   4  14   0   0  14   0   0   8   4  18   0   0   0   2   0   0   0   4  0.25 0.15
  266 Q    1  1 -1 -1 -3  1  2 -1 -2 -2 -1  2  2 -3 -2  0  0 -3 -2 -2   14   9   0   0   0   4  18   4   0   2   6  22   8   0   0   6   6   0   0   0  0.22 0.14
  267 E    0  2 -1 -1 -3  2  3 -1  2 -2 -1  2  1 -3  0 -1 -2 -3  0 -2    7  13   0   0   0   9  28   2   5   2   5  13   5   0   4   2   0   0   3   0  0.29 0.16
  268 E    1 -1  0 -1 -3  1  2 -2  1  1 -1  2  1 -2 -2  0 -1 -3 -2  0   12   0   3   0   0   5  23   2   5  12   3  15   5   0   0   7   0   0   0   9  0.16 0.13
  269 A    0 -1 -2 -1 -2  0 -1 -3 -3  2  2  1  2 -1 -3 -2  0 -3 -2  1   10   1   0   2   0   3   4   0   0  12  31  16   8   0   0   0   5   0   0   9  0.19 0.13
  270 R   -1  3  1  2 -4  1  2 -2 -1 -2 -3  2  0 -2 -2  0 -1 -3  1 -3    4  19   8  11   0   3  18   0   0   2   0  19   3   0   0   4   0   0   8   0  0.35 0.17
  271 E    1  1  0  0 -3  2  4 -1 -1 -4 -3  2 -1 -4 -2  0 -2 -4 -3 -3   16   9   5   3   0   8  38   3   0   0   0  12   2   0   0   5   0   0   0   0  0.46 0.20
  272 E   -2  3 -2 -2 -4  1  2 -3 -2 -4 -2  5 -3 -4 -3  0 -2 -4 -3 -4    0  15   0   0   0   3  14   0   0   0   3  60   0   0   0   5   0   0   0   0  0.89 0.33
  273 A    4  1 -2 -3 -3 -1 -2  0  4 -1 -2  2 -1 -3 -2 -1 -2 -3  0 -2   47   9   0   0   0   0   0   5  13   3   2  17   2   0   0   0   0   0   3   0  0.43 0.24
  274 E   -1  0  0  0 -3  2  2 -2 -2 -1 -2  3  1 -3 -2  0  1 -3 -2  1    0   0   5   2   0  11  18   0   0   3   0  24   6   0   0   8   8   0   0  15  0.26 0.16
  275 E   -1 -1 -2  1 -4  2  5 -3 -2  0 -3  1 -2 -4 -2 -1 -2 -4 -3  0    5   0   0   6   0  12  52   0   0   6   0  11   0   0   0   0   0   0   0   8  0.63 0.26
  276 I    4 -3 -3 -3 -2 -1  0 -1 -3  2  0 -2 -1 -2 -2 -1 -1 -3 -3  1   50   0   0   0   0   3   7   2   0  22   7   0   0   0   0   0   0   0   0   8  0.38 0.21
  277 Y   -1  0 -2 -2 -3  0  1 -3 -1  0  2  1  2  1 -3 -2 -2 -1  3  0    5   6   0   0   0   2  13   0   0   4  25  13   9   3   0   0   0   0  19   3  0.23 0.15
  278 E   -3 -2  1  1 -5  3  6 -4 -2 -5 -5 -1 -3 -5 -3 -2 -2 -5 -4 -4    0   0   6   5   0  14  75   0   0   0   0   0   0   0   0   0   0   0   0   0  1.28 0.40
  279 R   -3  3 -2 -2 -5  0  0 -3 -2 -5 -4  7 -3 -5 -3 -2 -2 -5 -4 -4    0  11   0   0   0   0   3   0   0   0   0  87   0   0   0   0   0   0   0   0  1.41 0.43
  280 F   -1 -3 -4 -4 -3 -3 -4 -4 -3  0  4 -1  0  5 -4 -3 -2 -2  1  0    7   0   0   0   0   0   0   0   0   0  51   5   0  30   0   0   0   0   3   5  0.64 0.25
  281 K   -2  1  0  0 -4  2  2 -3 -2 -3  0  4  0 -3 -2  0 -2 -4 -3 -3    0   6   5   3   0   8  17   0   0   0  11  42   4   0   0   5   0   0   0   0  0.45 0.21
  282 E   -2  4  3  0 -4  0  1  0 -1 -4 -4  4 -3 -4 -3 -1 -2 -4 -3 -4    0  24  19   2   0   0   9   6   0   0   0  38   0   0   0   2   0   0   0   0  0.65 0.24
  283 G    0 -3  2 -2 -3 -2 -3  5 -3 -4 -4  0 -3 -4 -3  1  0 -4 -4 -4    5   0  11   0   0   0   0  66   0   0   0   5   0   0   0   8   6   0   0   0  0.96 0.27
  284 E    0 -1 -2  0 -4  1  5  2 -2 -4 -4  1 -3 -4 -3 -1 -2 -4 -4 -4    6   0   0   3   0   2  58  21   0   0   0  10   0   0   0   0   0   0   0   0  0.80 0.28
  285 T   -2  5 -2 -2 -4  1 -1 -3 -2 -4 -3  4 -3 -4  2 -2  1 -4 -3 -3    0  46   0   0   0   3   0   0   0   0   0  33   0   0   9   0   9   0   0   0  0.86 0.27
  286 L   -3 -3 -5 -5 -3 -3 -4 -5 -4  0  5 -4  3 -1 -4 -4 -2 -3 -2  2    0   0   0   0   0   0   0   0   0   0  80   0   7   0   0   0   0   0   0  13  0.94 0.29
  287 D   -1 -2 -1  1 -2 -2 -1 -2 -3 -3 -3 -2 -3 -4 -2  4  5 -4 -3 -2    0   0   0   8   0   0   1   0   0   0   0   0   0   0   0  38  53   0   0   0  0.85 0.31
  288 T   -2 -3 -3 -4 -3 -3 -3 -4  2  1  3 -3  1  4 -4 -2  1  2  0  0    0   0   0   0   0   0   0   0   8  11  39   0   3  22   0   0  12   3   1   0  0.45 0.18
  289 E   -3 -2  1  5 -5  0  5 -3 -2 -4 -3 -1 -4 -5 -3 -2 -2 -5 -4 -4    0   0   4  37   0   0  55   0   0   0   3   0   0   0   0   0   0   0   0   0  1.10 0.32
  290 D   -3 -2 -1  5 -5  0  6 -3 -2 -5 -5 -1 -4 -5 -3 -2 -2 -5 -4 -4    0   0   0  36   0   0  64   0   0   0   0   0   0   0   0   0   0   0   0   0  1.31 0.36
  291 L   -3 -3 -5 -5 -3 -3 -4 -5 -4  2  5 -4  3  0 -4 -4 -2  2 -2  0    0   0   0   0   0   0   0   0   0  15  71   0   9   2   0   0   0   3   0   0  0.84 0.26
  292 R   -2  2 -2 -3 -3  0 -1 -3 -2 -2  2  5  3 -2 -3 -2 -2 -3  1 -2    0   8   0   0   0   3   0   0   0   0  24  50  10   0   0   0   0   0   6   0  0.53 0.24
  293 K    0 -2 -3 -4 -2 -2 -3  0 -3  3  3  0  0 -1 -3 -2 -2 -3 -2  1    9   0   0   0   0   0   0   7   0  30  37   9   0   0   0   0   0   0   0   7  0.34 0.16
  294 L   -3 -4 -5 -5 -3 -4 -4 -5 -4  1  5 -4  1 -1 -4 -4 -3 -3 -3 -1    0   0   0   0   0   0   0   0   0   5  95   0   0   0   0   0   0   0   0   0  1.18 0.34
  295 Q   -1 -1 -2 -2 -3  4  1 -3 -1  2 -1 -1  3  0 -3 -2 -2 -2  1  0    3   0   0   0   0  34  10   0   0  23   0   0  15   5   0   0   0   0   5   5  0.34 0.16
  296 K   -2  2 -1  2 -4  1  5 -1 -1 -4 -4  2 -3 -4 -2 -1 -2 -4 -3 -3    0  14   0   9   0   0  54   5   0   0   0  18   0   0   0   0   0   0   0   0  0.69 0.18
  297 S    1  0 -1 -2 -2  0  0 -2 -1 -2 -2  2  1  1 -2  1  1 -1  3 -2   20   4   0   0   0   0   6   0   0   0   0  21   6   6   0  11   8   0  19   0  0.20 0.10
  298 G   -1 -3  4  0 -4 -2 -2  5 -2 -5 -5 -2 -4 -4 -3 -1 -2 -4 -4 -4    0   0  26   5   0   0   0  69   0   0   0   0   0   0   0   0   0   0   0   0  1.07 0.20
  299 H   -2 -2 -1  4 -3 -2  0 -3  1 -1  2 -2 -1  1 -3 -2 -2 -2  3 -1    0   0   0  36   0   0   4   0   4   0  36   0   0   5   0   0   0   0  14   0  0.40 0.14
  300 L   -2 -3 -4 -4 -2 -3 -3 -4 -4  3  4 -3  2 -1 -3 -3 -1 -3 -2  3    0   0   0   0   0   0   0   0   0  16  54   0   5   0   0   0   0   0   0  25  0.54 0.12

                      K         Lambda
Standard Ungapped    0.1235     0.3023
Standard Gapped      0.0410     0.2670
PSI Ungapped         0.1327     0.3175
PSI Gapped           0.0406     0.2670
