
Last position-specific scoring matrix computed, weighted observed percentages rounded down, information per position, and relative weight of gapless real matches to pseudocounts
            A   R   N   D   C   Q   E   G   H   I   L   K   M   F   P   S   T   W   Y   V   A   R   N   D   C   Q   E   G   H   I   L   K   M   F   P   S   T   W   Y   V
    1 M    -4  -6  -6  -6  -4  -5  -6  -7  -6   7   3  -5   2  -3  -6  -5  -4  -5  -4   2    0   0   0   0   0   0   0   0   0  60  24   0   4   0   0   0   0   0   0  12  1.39 0.56
    2 G    -2  -6  -2  -2  -6  -5  -6   7  -6  -7  -7  -3  -6  -7  -6  -4  -5  -6  -7  -7    2   0   1   2   0   0   0  93   0   0   0   2   0   0   0   0   0   0   0   0  2.30 0.82
    3 V    -1   3  -2  -3  -1   1   0  -3  -1  -1  -4   3  -2  -5  -3   3   0  -5  -4  -1    3  19   1   0   1   7   6   0   1   3   0  18   1   0   0  29   5   0   0   6  0.49 0.36
    4 W    -8  -8  -9  -9  -7  -7  -8  -8  -7  -8  -7  -8  -6  -4  -9  -8  -8  13  -3  -8    0   0   0   0   0   0   0   0   0   0   0   0   0   0   0   0   0 100   0   0  5.16 1.50
    5 L    -2   0  -2  -2  -1  -2  -1  -4  -1   3   2   0   2   1  -3  -2  -1  -3   0   2    0   6   1   2   2   1   3   0   1  19  25   7   5   7   0   3   2   0   4  12  0.25 0.19
    6 D     0   1  -1   5   0  -1   1  -3  -2   0  -4  -3  -4  -4  -3   1  -2  -1  -4   0    7   7   1  44   3   2   6   1   1   6   0   0   0   1   1  13   2   1   0   7  0.63 0.39
    7 D    -3  -3   3   4  -5   0   4  -2   1  -5  -5  -1  -4  -1   1   0   1  -5  -4  -4    0   0  14  25   0   2  27   2   4   0   0   2   0   3   6   4   8   0   0   0  0.68 0.39
    8 R    -1   3   2   1  -4   0  -1   1  -2  -3  -2   1  -3  -1  -3   0   0   4   0  -2    2  23  11   8   0   3   1  14   0   0   3   7   0   3   0   7   4   6   4   2  0.30 0.22
    9 A     1  -3   0   0  -3  -1  -2   3  -2  -2  -2  -2  -3  -4   4   1  -1   2  -3  -3   14   0   4   5   0   2   2  28   1   2   3   1   0   0  21  10   2   3   0   1  0.51 0.29
   10 Y    -2  -3  -2  -1  -2  -2  -2   1   0   0   2  -3   1   3  -1  -1  -2  -1   4  -1    2   1   1   4   1   1   2  13   2   5  20   1   4  15   2   3   1   0  20   2  0.33 0.22
   11 I     0  -2  -2  -2  -2  -1   0  -1  -2   1   1  -2   2   0   0   0   2  -2   0   1    8   1   1   1   0   2   5   5   0   7  13   1   9   4   4   6  15   0   3  14  0.11 0.11
   12 S     0  -2   0   1  -1   0   0   3  -1  -2  -2  -1  -2  -1   1   1   1  -3  -2  -2    4   1   5  10   1   3   5  25   2   2   3   2   0   3   8  13  10   0   1   1  0.25 0.16
   13 S     0  -1   1   2   2  -2   0   2  -2  -3  -3  -1  -3  -2  -1   2   0  -3   1  -3    8   2   7  15   5   0   6  18   0   1   1   3   0   1   3  17   4   0   7   1  0.26 0.21
   14 K    -1   0   0  -1  -3  -1  -1  -1   5  -1  -2   3  -1  -2  -3   0   1  -3   2  -2    3   5   5   2   0   1   3   5  16   3   3  22   2   1   1   5  12   0  10   2  0.32 0.24
   15 I    -2  -2  -4  -2  -3  -2  -3  -4  -3   4   2   0   1  -1  -4  -2  -2  -3   1   2    3   2   0   2   0   2   0   0   0  32  23   8   3   1   0   3   0   0   5  14  0.45 0.29
   16 R     0  -2  -2  -2  -3  -2  -1  -1  -2   2  -1  -1   5  -2  -4   0   4  -4   0   0    6   1   1   2   0   1   3   4   1  14   4   3  18   1   0   6  27   0   3   6  0.37 0.31
   17 I    -2  -4  -5  -5  -3  -3  -3  -5  -4   4   3  -4  -1  -2  -5  -3   0  -4   1   4    1   0   0   0   0   1   2   0   0  23  28   0   0   0   0   1   6   0   5  32  0.72 0.39
   18 Y     0  -1  -3  -3  -2  -2  -2  -1   1   1   2  -2   1   3  -3  -2  -1   1   3   0    9   3   1   1   0   1   2   4   4   8  22   1   3  13   1   1   5   2  14   7  0.24 0.18
   19 Y    -3   1  -3  -2  -1   0  -1  -4   2  -1  -1   2  -3   0  -4  -3  -3   1   7  -3    1   8   0   2   1   3   4   1   4   3   6  13   0   2   1   1   1   2  46   1  0.94 0.46
   20 S    -1   2   0  -1  -4   2   2  -4  -1  -2  -3   4  -1  -5  -3   1   0  -5  -4  -3    3  13   3   2   0   9  16   0   1   2   2  30   2   0   0   9   4   0   0   2  0.50 0.33
   21 K    -1   1  -1   1  -2   2   3   0   0  -2  -2   4  -1  -3  -3   0  -2  -4  -3  -2    3   5   2   6   1   8  18   6   2   3   4  31   2   1   0   7   1   0   0   1  0.37 0.28
   22 E    -3  -3   5   4  -5  -1   1   2  -1  -5  -5  -1  -5  -3  -4  -1  -2  -6  -5  -5    1   0  35  28   0   2   8  16   1   0   0   3   0   1   0   3   1   0   0   0  0.95 0.47
   23 N    -1  -1   2   2  -5   1  -2   5  -3  -5  -5   1  -4  -5  -3  -1  -3  -5  -4  -5    3   3   8  12   0   6   1  51   0   0   1  10   0   0   1   2   0   0   0   0  0.87 0.42
   24 I    -2   1  -1  -1  -5   2   1  -3  -3  -1  -2   5  -3   0  -4  -1  -1  -5  -4  -2    2   7   2   2   0  10   7   1   0   5   3  49   0   4   0   3   2   0   0   3  0.68 0.42
   25 L    -2  -3  -3  -4  -3  -3  -3  -4   0   1   1  -1   0   2  -2  -2   0   2   6   1    2   0   1   0   0   0   1   0   2  10  15   5   1   7   2   3   7   2  29  11  0.48 0.31
   26 Y    -3  -3  -2  -5  -5  -4  -5  -5  -1   1   0  -1  -1   7  -5  -4  -2  -2   5  -1    2   1   2   0   0   0   0   0   1   7   7   4   1  44   0   1   2   0  23   3  1.11 0.51
   27 F    -4  -2  -5  -6  -4  -4  -5  -6  -5   5   3  -1   5   2  -5  -5  -3  -4  -1   0    0   2   0   0   0   0   0   0   0  37  26   5  16   8   0   0   0   0   1   5  0.90 0.46
   28 E    -2   2  -1   3  -4   1   3  -4   0  -1  -2   3  -3  -3  -3  -1   0  -5  -2  -1    3  10   1  15   0   4  24   0   2   3   3  19   0   1   0   4   5   0   1   4  0.41 0.29
   29 N    -1   1   2   1  -4   1   0  -3   0  -1  -3   0  -2  -4  -3   3   3  -5  -4  -2    2   8   8   9   0   7   5   1   2   5   1   4   1   0   0  21  24   0   0   1  0.38 0.31
   30 T    -2  -2  -2  -4  -1  -3  -2  -4  -3   3   0   0   0   2  -4  -1   1   6   1   2    1   1   2   0   1   0   3   0   0  18   6   6   2   9   0   4  11  11   6  20  0.40 0.28
   31 Y    -5  -5   0  -5  -5  -5  -5  -4  -1  -1  -1  -5  -1   7  -6  -1  -2  -2   6  -4    0   0   5   0   0   0   0   1   1   3   4   0   1  45   0   5   2   0  32   0  1.47 0.63
   32 T     1  -1   1   0   0  -1  -1   0   0  -2  -2   2  -3  -2   3   1   0  -4  -3  -3   16   2   7   5   3   1   1   7   2   2   4  14   0   2  15  14   5   0   0   0  0.25 0.21
   33 D    -3  -4   1   7  -6  -3  -2  -2  -1  -6  -6  -1  -6  -6  -3   0  -2  -7  -6  -6    1   0   6  72   0   0   0   3   1   0   0   4   0   0   1   8   2   0   0   0  1.66 0.70
   34 G    -1  -5   1  -4  -6  -4  -3   7   0  -7  -4   0  -5  -6  -5  -2  -4  -6  -6  -6    3   0   6   0   0   0   1  77   2   0   2   7   0   0   0   3   0   0   0   0  1.62 0.67
   35 S    -1  -2  -3  -2   4  -2   1   3  -4  -5  -5  -2  -4  -5  -4   5   0  -5  -5  -3    2   1   0   2  10   1   9  22   0   0   0   1   0   0   0  47   4   0   0   1  0.88 0.52
   36 S     0   0   0  -2  -3   0   1  -1   4  -1  -2   3   0  -2  -2   2  -1  -4  -1   1    5   4   3   0   0   3   9   3  12   2   2  20   2   2   1  16   2   0   1  12  0.23 0.23
   37 G    -1  -2   2  -1  -4  -1  -2   2  -3  -3  -2   0   2  -1  -2   4   0   1  -2  -2    2   1  13   2   0   1   2  16   0   1   3   5   5   3   1  34   5   2   1   2  0.38 0.32
   38 V    -1   0  -1   1  -1  -2   0  -2  -3   1   0   1  -2  -2   0   1   3  -4  -1  -1    3   5   2   9   1   0   6   1   0   8  10  12   0   1   4   8  25   0   2   2  0.19 0.21
   39 K    -1   0   2   3  -4   1   3  -3  -1  -3  -4   2  -1  -4  -3   0   0  -4   0  -3    3   4   9  20   0   7  18   1   1   1   0  15   1   0   0   5   6   0   5   2  0.41 0.28
   40 E    -3   1  -3  -1  -5   1   6  -3   0  -3  -3   2  -4  -1  -2  -1  -2  -5  -4  -1    1   6   0   2   0   3  54   1   2   1   2  12   0   2   1   4   2   0   0   4  0.83 0.48
   41 M    -1  -4  -4  -5   0  -1  -2  -4   0   1   2  -2   5   0  -2  -3  -2  -3   4   3    3   0   0   0   2   3   2   1   2   9  16   2  16   2   2   0   2   0  19  19  0.49 0.34
   42 I    -1   0  -2  -3  -3   0   0  -3  -1   2   1   1   1  -1  -3  -1   0  -4  -1   3    3   4   2   0   0   4   7   1   1  13  14  11   2   2   0   4   4   0   1  26  0.19 0.19
   43 S     1   0  -1  -2   0   1   2  -1  -2  -1   0   1   0  -3  -1   1   0  -4  -3   0   14   3   1   0   2   5  17   5   0   3  10  12   2   0   2  11   3   0   0   8  0.13 0.16
   44 K    -2   0   1  -1  -4   1   0  -3  -2  -2  -2   4  -3  -4  -3   2   3  -4   0  -2    2   3   6   3   0   7   6   0   0   3   3  30   0   0   0  14  18   0   4   2  0.42 0.30
   45 P    -1   2   2   0  -4   2   2  -3  -2  -3  -2   3  -3  -2   0   0   1  -4  -3  -3    2  11   9   5   0   8  16   1   0   0   3  25   0   2   4   5   8   0   0   1  0.39 0.24
   46 M    -1  -2  -1   0  -2  -1  -1  -2   0   1   2  -1   1  -2  -2   1   2  -3  -2   0    4   1   2   4   0   2   4   2   2  11  21   3   3   1   1  12  19   0   0   6  0.15 0.14
   47 E     0  -1   0   2  -3   1   2  -2  -2  -3  -3   2  -2  -3   3   1   0  -3  -2  -2    7   2   4  12   0   7  14   2   0   1   2  16   0   1  14   9   5   0   1   3  0.30 0.18
   48 N    -1  -1   4   4  -3   1   2  -1   0  -3  -2   0  -3  -4  -3   1  -1  -4  -3  -3    3   2  20  22   0   7  11   3   2   2   4   6   0   0   1  12   3   0   0   1  0.41 0.24
   49 G    -1  -2  -1  -2  -5  -4  -4   7  -4  -4  -5  -2  -5  -3  -4  -2  -4  -5  -5  -5    3   2   3   2   0   0   0  80   0   1   1   3   0   1   0   1   0   0   0   0  1.63 0.58
   50 N     0   2   0   0   0   1   1   2   0  -2  -2   2  -2  -2  -2   0   1  -2   0  -2    5  14   3   4   2   6   8  16   1   2   5  15   0   1   1   4   8   0   4   2  0.16 0.12
   51 L    -2   0  -2  -2  -2  -1  -2  -3  -2   2   2   1   1   0  -1  -1   1  -2   0   1    1   4   1   2   0   3   1   1   0  14  28  11   3   3   2   5   9   0   4   7  0.15 0.13
   52 R    -3   6  -3  -4  -3   0  -3  -5   0  -1  -5   4  -4  -2  -5  -3  -1  -6  -4  -1    2  53   0   0   1   3   0   0   2   4   0  26   0   2   0   0   4   0   0   4  1.20 0.56
   53 I    -4  -5  -3  -6  -1  -5  -5  -6  -3   1   4  -3   0   3  -6  -5  -4  -2   6   0    0   0   2   0   1   0   0   0   0   8  44   1   2   9   0   0   0   0  29   4  1.02 0.48
   54 E    -3  -2   1   3  -4   2   4  -3   1  -1  -3   0   0   1  -3  -2  -1  -4   0  -1    0   1   6  19   0  10  29   1   3   3   0   4   2   7   0   1   4   0   3   6  0.43 0.28
   55 D    -2  -2   0   6  -5  -1   1  -3  -3  -4  -4   0  -4   0   1   0   0  -4   3  -3    3   2   3  44   0   2   8   0   0   0   0   5   0   4   6   5   5   0  10   2  0.69 0.37
   56 K     0  -1  -1  -1  -1  -1   1  -3   0   0  -2   3  -1  -3   3  -1  -1  -1  -1   1    6   1   3   2   1   0  10   1   2   6   3  24   1   0  17   4   2   1   2  13  0.29 0.22
   57 D    -1   0   1   2  -3   1   3   2  -2  -2  -2   0  -2  -3  -1  -1  -1  -3  -3  -1    4   5   7  14   0   5  22  16   0   2   4   6   0   1   3   3   4   0   1   4  0.26 0.16
   58 G    -1  -2   1   2  -3  -2   0   4  -2  -3  -2  -1  -3  -1   2   0   0  -3  -3  -3    2   1   7  12   0   1   8  36   0   1   3   4   0   3   9   5   5   0   1   1  0.42 0.20
   59 N    -2  -1   6   1  -4   0  -1  -1  -2  -4  -5   0  -4  -5  -3   3   0  -5  -4  -3    2   3  47   7   0   3   2   3   0   0   1   5   0   0   0  21   4   0   0   1  0.90 0.43
   60 D    -1  -1   1   3  -3   1   2  -1  -1   0  -2  -1  -2   1  -1   1   1  -3  -1  -2    2   2   7  19   0   5  13   4   1   7   3   3   1   7   2  13   8   0   2   0  0.20 0.17
   61 F    -3  -2   0  -2  -4  -1  -3  -3   5  -2  -1  -1  -1   6  -1  -2  -3  -2   2  -3    2   2   5   2   0   2   0   2  16   2   5   3   1  45   3   3   0   0   6   0  0.88 0.42
   62 G    -3  -4   1   0  -5  -4  -2   7  -1  -6  -6  -3  -1  -5  -4  -2  -4  -5  -5  -5    0   0   6   4   0   0   3  77   2   0   0   1   2   0   0   2   0   0   0   0  1.55 0.58
   63 E    -1  -2  -3   1  -6  -2   7  -5  -3  -6  -5  -2  -5  -6  -4  -2  -3  -6  -5  -3    4   1   0   7   0   0  80   0   0   0   0   0   0   0   0   3   1   0   0   2  1.69 0.70
   64 Y    -5  -5  -6  -7  -6  -5  -6  -7   4  -5  -3  -6   0   2  -7  -5  -5  -2   9  -2    0   0   0   0   0   0   0   0  11   0   1   0   2   7   0   0   0   0  76   2  2.49 0.88
   65 F    -5  -5  -6  -7  -2  -5  -6  -6  -3  -1  -2  -2   1   6  -6  -5  -5   4   8  -2    0   0   0   0   1   0   0   0   0   2   3   2   3  33   0   0   0   5  49   2  1.79 0.68
   66 I    -2  -2  -5  -5  -3  -4  -3  -5  -5   4   3  -2   1   0  -5  -3  -2  -4  -3   4    2   2   0   0   0   0   1   0   0  29  28   2   3   3   0   1   2   0   0  28  0.73 0.36
   67 I    -4  -5  -6  -6  -4  -5  -6  -6  -6   6   3  -5   0  -2  -5  -5  -2  -5  -4   4    0   0   0   0   0   0   0   0   0  49  24   0   2   1   0   0   1   0   0  24  1.22 0.51
   68 N    -2  -1   4   4  -5  -1   2  -3  -3  -3  -2  -1  -4  -5  -4   0   2  -5  -4  -4    3   2  25  29   0   2  11   0   0   2   3   3   0   0   0   6  14   0   0   0  0.69 0.38
   69 E     2   0   2   1  -4   1   2  -1  -1  -4  -4   2  -3  -4   0   2   0  -5  -4  -3   21   4   9   7   0   5  12   2   1   0   1  16   0   0   3  15   3   0   0   0  0.36 0.25
   70 Q    -1  -1   5   4  -5   0   2  -2   0  -4  -3   1  -4  -3  -3   0  -1  -5  -2  -4    3   3  28  22   0   4  12   2   2   0   3  10   0   1   0   7   2   0   1   1  0.57 0.32
   71 S    -3  -5   2  -1  -5  -3  -4   7  -2  -6  -5  -2  -2  -6  -5  -2  -4  -5  -6  -6    0   0   9   3   0   1   0  81   1   0   1   2   1   0   0   1   0   0   0   0  1.77 0.64
   72 Q    -1  -1   4   4  -4   0   0  -2  -1  -2  -3   1  -1  -4  -3   0   0  -1  -2  -1    4   1  27  25   0   5   6   2   1   2   1   8   2   0   0   5   6   1   1   4  0.50 0.29
   73 L    -5  -6  -7  -7  -5  -6  -6  -7  -6  -1   7  -6  -1  -3  -6  -6  -5  -5  -4  -2    0   0   0   0   0   0   0   0   0   2  98   0   0   0   0   0   0   0   0   0  1.98 0.75
   74 E    -2   0  -1  -2  -1   5   4   1   0  -5  -4   1  -2  -5  -4  -1  -3  -5  -2  -3    1   5   3   0   1  29  35  10   1   0   1   7   1   0   0   3   0   0   1   1  0.77 0.42
   75 F    -2  -3  -4  -5  -2  -2  -5   0  -3   1   1  -4   2   6  -5  -3  -3  -2   3   0    3   1   0   0   1   2   0  10   0   9  14   0   6  40   0   2   0   0   9   4  0.74 0.36
   76 W    -5   2  -6  -6   6  -5  -5  -3   0  -5  -4  -3  -4   1  -6  -5  -5   9   6  -5    0  11   0   0  17   0   0   2   2   0   1   1   0   4   0   0   0  34  27   0  1.95 0.68
   77 S    -3  -2   4   5  -5  -3  -2   3  -3  -6  -6  -3  -5  -6  -4   3  -2  -6  -5  -4    0   1  19  32   0   0   0  23   0   0   0   0   0   0   0  23   1   0   0   1  0.97 0.47
   78 E    -1  -1   2   2  -5   1   4  -2  -2  -5  -4   3  -1  -4  -2   1  -1  -5  -4  -3    4   2   9   9   0   4  32   1   0   0   0  20   2   1   1  13   1   0   0   1  0.56 0.33
   79 N    -2  -2   5   4  -5   1   1  -2  -1  -4  -1  -2  -4  -5  -4   1  -1  -5  -4  -2    1   1  35  22   0   8   6   2   1   0   6   0   0   0   0  13   3   0   0   2  0.69 0.38
   80 G    -3  -5  -2  -3  -6  -4   0   7  -2  -7  -5  -1  -6  -6  -5  -2  -4  -6  -6  -6    0   0   2   1   0   0   6  84   1   0   1   4   0   0   0   2   0   0   0   0  1.82 0.65
   81 N    -2  -2   3  -2   4  -1  -3  -3  -3   0   1   2   0   0  -3  -1   0   0   0   1    0   0  18   1  12   2   0   0   0   4  16  15   2   3   1   5   5   1   4  11  0.26 0.23
   82 F    -3  -3  -5  -6  -5  -5  -3  -5  -3   3  -2  -4  -3   6  -6  -4  -3  -2   6   0    1   1   0   0   0   0   2   1   0  19   0   1   0  36   0   1   1   0  32   6  1.28 0.52
   83 Y    -2   1  -3  -1  -4  -3  -2  -2  -2  -3  -1  -1   3   4  -4   0   0   0   6  -3    3   9   0   4   0   0   1   2   0   0   4   4   9  15   0   6   6   1  35   0  0.67 0.37
   84 T    -3  -2  -3  -3  -4   0   1  -4  -4   0  -2  -1  -3  -5  -4   0   6  -5  -4   0    0   2   0   0   0   4  11   0   0   5   3   4   0   0   0   4  63   0   0   5  1.01 0.51
   85 A     6  -4  -4  -4  -3  -3  -4   0  -4  -1   0  -3   2  -4  -4  -1  -3  -5  -3   0   68   0   0   0   0   0   0   6   0   2   9   0   7   0   0   2   0   0   1   5  0.94 0.47
   86 K    -2   2  -1  -1  -5   2   1  -3  -3  -1  -4   5  -3  -5   1  -1   0  -5  -4  -2    2   9   2   3   0   8   8   1   0   3   0  48   0   0   6   2   6   0   0   3  0.65 0.34
   87 S     0   1  -3  -3  -5  -1  -1  -4  -3  -3  -5   6  -2  -5   4   0  -1  -5  -4  -4    9   5   0   0   0   1   1   0   0   1   0  52   1   0  23   6   2   0   0   0  1.02 0.46
   88 I    -3  -5  -5  -5  -3  -4  -5  -6  -5   6   3  -4   1  -2  -5  -4  -3  -4  -3   2    0   0   0   0   0   0   0   0   0  52  34   0   2   0   0   0   0   0   0  13  1.00 0.35

                      K         Lambda
Standard Ungapped    0.1347     0.3142
Standard Gapped      0.0527     0.2670
PSI Ungapped         0.1722     0.3174
PSI Gapped           0.0527     0.2670
