
Last position-specific scoring matrix computed, weighted observed percentages rounded down, information per position, and relative weight of gapless real matches to pseudocounts
           A  R  N  D  C  Q  E  G  H  I  L  K  M  F  P  S  T  W  Y  V   A   R   N   D   C   Q   E   G   H   I   L   K   M   F   P   S   T   W   Y   V
    1 M   -4 -4 -5 -6 -4 -3 -5 -6 -4  0  2 -4 10 -2 -5 -4 -3 -4 -4 -2    0   0   0   0   0   0   0   0   0   2  17   0  81   0   0   0   0   0   0   0  2.06 0.55
    2 S    1 -2  2 -2 -3  0 -2 -2 -3 -4 -4 -2 -3  0  2  5  2 -5 -3 -3   10   2   9   1   0   3   0   2   0   0   0   0   0   5  10  48  12   0   0   1  0.67 0.35
    3 Y    0  1  1 -1  0  0  0 -2  3 -3 -2  0  4 -1 -2  1  0  1  2 -3    7   7   9   2   2   3   7   1  10   0   2   5  14   2   2  13   4   2   8   0  0.21 0.18
    4 Q   -1  2  2 -2 -4  4  0  0 -2 -2 -1  3 -1 -1 -2 -1 -2  2 -3 -3    4  13  12   1   0  21   5   6   0   2   6  18   2   4   1   2   1   3   0   0  0.37 0.25
    5 S   -3  6 -1 -3 -6 -1 -3 -4 -4 -4 -3  4 -3 -5  0  2 -3 -6 -3 -4    1  40   2   1   0   1   1   1   0   1   2  28   1   0   5  13   1   0   1   1  0.99 0.49
    6 L   -5 -5 -6 -8 -2 -6 -7 -8 -7 -2  6 -6  1  2 -7 -6 -5 -4 -4  1    0   1   0   0   1   0   0   0   0   1  79   0   3   8   0   0   0   0   0   7  1.65 0.68
    7 K    2  0 -1  2 -5  2  3 -3 -1 -4 -3  2 -2 -5 -3 -1  0 -5 -3 -3   18   4   2  13   0   9  21   1   1   0   2  15   1   0   1   4   7   0   0   2  0.43 0.30
    8 N   -3 -6  2  2 -5 -5 -4  7 -3 -8 -8 -6 -7 -8 -6 -3 -6 -7 -7 -7    1   0   8  12   0   0   1  77   0   0   0   0   0   0   0   1   0   0   0   0  1.97 0.76
    9 K   -4  5 -4 -5 -6  1 -3 -6 -4 -6 -4  7  0 -5 -2 -4 -5 -7 -6 -6    1  24   0   0   0   5   1   0   0   0   2  62   2   0   2   0   0   0   0   0  1.72 0.74
   10 V   -2  0 -3 -6 -3 -5 -5 -6 -3  0 -3  1 -3 -5 -6 -2  1 -7 -4  6    3   5   1   0   1   0   0   0   1   3   1   9   0   0   0   3   9   0   0  63  1.20 0.59
   11 V    6 -6 -6 -6  2 -5 -6 -4 -6  0 -5 -5 -4 -4 -5 -3 -4 -7 -6  3   68   0   0   0   4   0   0   0   0   5   0   0   0   1   0   0   0   0   0  21  1.55 0.72
   12 I   -2 -6 -7 -7 -5 -6 -7 -7 -7  5  4 -6 -1 -1 -6 -6 -4 -6 -3  3    2   0   0   0   0   0   0   0   0  35  38   0   0   2   0   0   0   0   0  21  1.27 0.55
   13 V   -5 -7 -8 -8 -5 -7 -7 -8 -8  6 -2 -7 -3 -5 -7 -6 -5 -7 -6  6    0   0   0   0   0   0   0   0   0  42   1   0   0   0   0   0   0   0   0  57  2.03 0.79
   14 T   -5 -6 -5 -6 -6 -6 -6 -7 -7 -6 -7 -6 -6 -8 -6 -2  8 -8 -7 -4    0   0   0   0   0   0   0   0   0   0   0   0   0   0   0   1  98   0   0   1  2.90 1.14
   15 G   -3 -6 -5 -6 -4 -7 -7  8 -7 -9 -9 -7 -8 -8 -7 -5 -7 -8 -8 -8    2   0   0   0   0   0   0  98   0   0   0   0   0   0   0   0   0   0   0   0  2.82 1.01
   16 A    5 -6 -5 -6 -2 -5 -5  5 -6 -6 -6 -5 -6 -7 -6  0 -3 -7 -6 -3   49   0   0   0   1   0   0  42   0   0   0   0   0   0   0   6   1   0   0   1  1.52 0.70
   17 G    3 -5  0  4 -5 -4 -4  4 -5 -6 -5 -4 -4 -6 -5  1 -1 -6 -6 -5   25   0   5  26   0   0   0  30   0   0   1   0   0   0   0  10   4   0   0   0  0.94 0.50
   18 S   -1  5 -1 -3 -6  0 -4  0 -2 -6 -6 -1 -5 -6 -5  5  0 -7 -6 -6    3  28   2   1   0   4   0   7   1   0   0   3   0   0   0  48   4   0   0   0  1.12 0.61
   19 G   -5 -7 -3 -6 -8 -7 -7  8 -7 -9 -9 -7 -8 -8 -7 -5 -7 -8 -8 -8    0   0   1   0   0   0   0  98   0   0   0   0   0   0   0   0   0   0   0   0  2.87 1.04
   20 I   -6 -7 -5 -8 -6 -3 -7 -8 -8  8  2 -7  0 -5 -7 -7 -5 -7 -6 -1    0   0   1   0   0   1   0   0   0  77  17   0   2   0   0   0   0   0   0   1  2.14 0.82
   21 G   -4 -8 -4 -6 -8 -7 -7  8 -7 -9 -9 -7 -8 -8 -7 -5 -7 -8 -8 -8    0   0   1   0   0   0   0  99   0   0   0   0   0   0   0   0   0   0   0   0  2.91 1.05
   22 R    1  7 -1 -5 -7 -1  0 -6 -2 -6 -2  2 -5 -3 -6 -4 -5 -7 -2 -6   10  59   3   0   0   2   5   0   1   0   5  12   0   1   0   1   0   0   1   0  1.39 0.66
   23 A    6 -4 -5 -3  1 -4  0 -1 -3 -5 -5 -5 -5 -6 -5  0 -2 -7 -3 -4   72   1   0   2   2   0   6   4   1   0   1   0   0   0   0   7   2   0   1   1  1.39 0.70
   24 I    0 -5 -4 -5 -1 -4 -2 -5  3  4 -2 -4  1 -1 -5 -1  3 -5  0  3    9   0   0   0   1   0   3   0   8  27   1   0   3   2   0   5  17   0   3  19  0.61 0.39
   25 A    7 -6 -6 -7  2 -6 -6 -3 -7 -6 -6 -6 -6 -7 -6 -1 -3 -7 -7  0   85   0   0   0   4   0   0   2   0   0   0   0   0   0   0   3   1   0   0   6  1.98 0.88
   26 K   -1  3 -4 -4 -4 -1  0 -5  3  3  3  0  0 -3 -5 -3 -2 -3 -1  1    4  15   0   1   0   3   5   0   6  21  26   6   1   0   0   1   1   0   2   8  0.42 0.30
   27 K    4  1 -4 -3 -1  1  2 -1 -1 -3  2 -2 -1 -3 -4 -2 -1 -4 -3 -1   32   6   0   1   1   5  17   4   1   1  21   2   1   0   0   2   3   0   1   3  0.42 0.34
   28 F   -4 -7 -7 -8  1 -7 -7 -7 -5 -2  4 -7  1  7 -7 -6 -6 -4  3 -4    2   0   0   0   3   0   0   0   0   1  33   0   4  47   0   0   0   0  10   0  1.67 0.70
   29 A    7 -5 -6 -6 -3 -5 -6  0 -2 -2 -2 -5 -5 -5 -6 -3 -4 -7 -4  0   78   0   0   0   0   0   0   6   1   3   4   0   0   0   0   1   0   0   0   5  1.61 0.77
   30 L    2  5 -2 -2 -3  1  1 -2  1 -5 -2  3  0 -6 -5 -1 -4 -6 -5 -5   16  35   1   1   0   7   9   4   4   0   4  15   2   0   0   3   0   0   0   0  0.72 0.43
   31 N    1  0  1  0 -5  1  5 -5  4 -6 -1 -2 -5 -5 -5 -1 -4 -6 -3 -4   14   4   7   5   0   6  42   0   9   0   7   1   0   0   0   4   0   0   1   1  0.82 0.50
   32 D   -5 -8 -5 -5 -8 -7 -7  8 -7 -9 -8 -6 -8 -8 -6 -5 -7 -8 -8 -6    0   0   0   0   0   0   0  98   0   0   0   0   0   0   0   0   0   0   0   1  2.84 1.05
   33 S    7 -6 -6 -6  3 -5 -6 -2 -3 -6 -6 -6 -4 -4 -6 -2 -4 -4 -3 -3   84   0   0   0   6   0   0   2   1   0   0   0   0   1   0   2   0   0   1   2  1.95 0.88
   34 I    0  3  2  4 -4  0 -2 -4  2 -4 -5  4 -4 -5 -5  0 -1 -6 -4 -5    7  16   8  23   0   3   1   0   5   1   0  25   0   0   0   6   4   0   0   0  0.71 0.42
   35 V   -2 -7 -7 -8 -4 -7 -7 -7 -8  2  0 -7 -2 -5 -7 -4 -4 -7 -6  7    2   0   0   0   0   0   0   0   0   8   6   0   0   0   0   2   0   0   0  80  1.96 0.82
   36 V    3 -6 -5 -6 -1 -5 -6 -3 -2  2 -1 -5 -2 -3 -6 -3 -1 -6  0  5   25   0   0   0   1   0   0   2   1  12   4   0   0   0   0   1   4   0   4  46  0.98 0.52
   37 A   -1 -6 -2 -6  0 -6 -6 -5 -6  6  2 -6 -1 -1 -5 -5 -2 -6 -4  4    6   0   2   0   2   0   0   1   0  39  15   0   1   3   0   0   2   0   0  30  1.08 0.51
   38 V    2 -4  5 -4  4 -4 -4 -2 -2  0 -1 -4 -3 -2 -4  0  0 -4 -1  2   21   0  29   0   8   0   0   2   1   4   5   0   0   1   1   6   6   0   2  13  0.62 0.41
   39 E   -1 -6 -3  7 -5 -4 -3 -1  0 -7 -7 -5 -6 -1 -5  0 -5 -5  6 -7    5   0   0  51   0   1   1   5   2   0   0   0   0   2   0   6   0   0  26   0  1.57 0.73
   40 L   -2  3 -4 -5 -4 -4 -4 -6 -1  3  4 -3  0  1 -5 -3 -2 -4  1  1    4  17   1   0   0   0   0   0   1  14  37   1   1   5   0   1   2   0   5  10  0.60 0.36
   41 L   -1  0  3  3 -2  1 -1  1 -1 -5 -4  0 -4 -5  3  1 -1 -5 -3 -4    4   5  13  19   1   5   2   9   1   0   1   5   0   0  16  12   2   0   1   1  0.47 0.31
   42 E    1 -2 -2  2 -5  2  4  0 -3 -4 -3 -1 -2 -3  0  0 -2 -5 -5 -3   14   2   1  11   0   8  31   9   0   1   2   3   1   1   4   8   2   0   0   2  0.48 0.34
   43 D    1 -3 -1  3 -5  0  4 -1  1 -5 -5  0 -4 -6 -2  1  0 -6 -4 -4   12   1   2  17   0   3  32   4   3   0   0   5   0   0   2  12   5   0   0   1  0.63 0.40
   44 R    2  1  0  3 -4  0  2 -2  0 -3 -1  0 -3 -4  2 -1 -2 -3 -3 -2   16   8   4  18   0   2  14   3   2   1   7   6   0   0  10   2   2   0   1   3  0.29 0.24
   45 L    5 -4 -5 -4 -1 -4 -4  2 -6 -3  2 -3 -2 -5 -5 -3 -3 -6 -5 -2   56   1   0   1   1   0   1  13   0   1  20   1   1   0   0   1   1   0   0   3  1.01 0.56
   46 N    0  2  0  3 -4  4  3 -3  1 -5 -4  1 -3 -5 -1 -2 -2 -6 -4 -4    9  10   4  17   0  17  22   2   4   0   2   6   0   0   2   2   2   0   0   0  0.57 0.37
   47 Q    2  0 -1  1 -3  2  4 -3  0 -4 -4  0 -3 -5 -4  0 -1 -3 -2 -3   21   5   3   6   0  10  31   1   2   0   2   5   1   0   0   6   3   0   1   2  0.54 0.37
   48 I    1 -3 -5 -5 -1 -4 -4 -5  1 -1  1 -4 -3 -5 -5 -3  4 -4 -5  5   13   2   0   0   1   0   0   0   3   1  12   1   0   0   0   1  25   0   0  39  0.85 0.50
   49 V    4 -1 -4 -4  0 -2 -1 -4 -5 -1 -1  3 -2 -5 -4 -1 -2 -6 -4  4   33   4   0   0   2   2   3   0   0   3   4  17   0   0   0   3   1   0   0  27  0.63 0.42
   50 Q    3  2  0  2 -5  2  3 -2 -1 -5 -4  2 -4 -5 -4  0 -1 -6 -4 -3   24  11   4  10   0   8  17   2   1   0   1  12   0   0   0   6   2   0   0   1  0.48 0.34
   51 E    0  0 -4  0 -5  1  5 -3 -1 -2  0 -1  0 -4 -5 -1 -1  1 -2 -3    8   4   0   4   0   7  44   2   1   2  12   2   2   0   0   3   4   2   1   2  0.63 0.42
   52 L   -3 -6 -7 -7 -1 -5 -5 -7 -5  7  3 -5 -1 -2 -6 -6 -4  0 -4  2    2   0   0   0   1   1   1   0   0  53  24   0   1   1   0   0   0   1   0  13  1.35 0.59
   53 R    0  4  0 -1 -3  1  4 -1  0 -3 -4  2 -3 -4 -3 -1  0 -4 -4 -1    7  20   4   2   1   5  29   4   2   2   1  10   1   0   0   2   6   0   0   4  0.49 0.32
   54 G    4 -1 -2  0 -4  1  2  0 -3 -4 -4  2 -3 -5 -2  1 -2 -5 -4 -3   35   3   1   6   0   7  11   6   0   1   2  14   0   0   2  10   2   0   0   1  0.49 0.34
   55 M    3  0 -1  0 -1  0  2 -2 -1 -2  1  0  0 -2 -2  1 -1 -4 -1 -2   28   4   2   4   1   3  13   2   1   2  14   5   2   2   1   8   4   0   2   2  0.20 0.20
   56 G   -1 -5 -3 -3 -6 -2 -4  7 -5 -6 -6 -3 -6 -5 -3 -3 -4 -4  0 -5    4   0   1   2   0   2   1  78   0   0   1   1   0   1   1   1   1   0   3   1  1.80 0.74
   57 K   -1  3 -3 -4 -2  0 -3  5 -1 -3 -3 -2 -4 -2  2 -2 -3 -5 -2 -1    5  18   0   0   1   4   1  41   2   1   3   2   0   2  10   3   1   0   1   5  0.69 0.40
   58 E   -2  3  0  1 -5  3  2 -3 -1 -4 -4  3 -3 -4 -1  0  1 -5 -4 -4    2  18   3   8   0  11  14   1   1   0   1  18   0   1   3   5  11   0   0   1  0.53 0.35
   59 V    5 -6 -6 -6  6 -4 -5 -3 -4  0 -3 -5 -4 -2 -3 -2 -3 -4 -5  3   53   0   0   0  14   0   0   1   0   4   1   0   0   2   1   2   1   0   0  19  1.20 0.61
   60 L   -1 -2 -3 -3 -2 -2 -2 -4  3  2  2 -3  1 -1 -4 -1  1 -1 -2  3    4   2   1   1   1   1   2   0   9  14  18   1   3   2   0   5   9   1   1  24  0.37 0.27
   61 G    4 -4 -4 -4 -1 -3 -4  0 -3 -2  1 -3 -2  2  0 -1  1 -2  2  0   35   0   0   0   1   0   0   8   0   1  15   1   0   7   4   3   8   1   6   7  0.41 0.32
   62 V   -2 -1  1 -2 -1 -2 -3 -5  1  3  2 -3  0  2 -5 -2 -1 -3  0  3    1   4   8   2   1   1   2   0   3  20  17   1   2   8   0   3   4   0   3  20  0.33 0.24
   63 K    1  1 -3 -3 -2  2 -1  1  2 -3 -3  0 -3 -2  4 -1  0 -5 -2  0   13   8   0   1   1  12   3   9   6   1   1   6   0   2  19   4   6   0   1   7  0.35 0.27
   64 A    3 -4 -4  0  6 -4 -3  4 -3 -3 -2 -4 -3  0 -5 -1 -1 -5 -3  0   21   1   0   6  18   0   2  29   0   1   3   0   0   4   0   3   4   0   1   6  0.73 0.41
   65 D   -5 -6  2  8 -8 -5 -3 -6 -1 -8 -9 -6 -8 -8 -3  0 -5 -9 -8 -8    1   0   7  81   0   0   0   0   1   0   0   0   0   0   1   7   0   0   0   0  2.40 0.96
   66 V   -1 -6 -5 -7 -3 -5 -7 -6 -7  3  2 -6 -1 -4 -6 -5 -4 -7 -5  6    6   0   0   0   0   0   0   0   0  15  20   0   1   0   0   1   0   0   0  55  1.35 0.62
   67 S    2  4 -4 -5 -4 -2 -3  1 -5 -5 -5 -1 -1 -6 -5  3  3 -6 -5 -4   20  24   0   0   0   1   1   9   0   0   0   2   1   0   0  22  18   0   0   1  0.79 0.50
   68 K   -2 -1  1  6 -2  0  1 -4 -2 -4 -5  2 -5 -6 -4  1  0 -7 -3 -2    3   3   5  42   1   3   8   0   1   1   1  11   0   0   0  10   6   0   1   3  0.80 0.45
   69 K    1  1 -3 -1 -5 -1  5 -2 -1 -3 -3  0 -1 -1  2 -1 -2  4 -2 -3   10   8   0   3   0   1  39   3   1   1   2   5   1   2   9   3   2   5   2   1  0.58 0.39
   70 K    3 -2 -1  3 -3  1  4 -2 -2 -4 -4  0 -3 -6 -2  0 -1 -6 -5 -3   28   2   2  14   0   6  24   3   1   0   1   5   0   0   2   7   3   0   0   1  0.56 0.38
   71 D    2 -3  0  2 -4  3  1  1  0 -4 -4 -2 -3  2 -3  1  0 -2 -1 -3   19   0   5  13   0  14   8   9   2   0   1   1   0  11   1   8   4   0   2   1  0.34 0.29
   72 V    2 -2 -6 -6  7 -5 -6 -2 -4  2 -2 -5 -1 -5 -3 -3 -3 -3 -5  4   18   3   0   0  25   0   0   4   0  10   3   0   1   0   1   2   1   0   0  31  1.05 0.53
   73 E    1  3  0  1 -2  3  3 -1 -1 -3 -4  2 -4 -4 -4 -1 -1 -5 -4 -2   12  14   4   9   1  12  18   3   1   1   0  14   0   0   0   4   3   0   0   3  0.43 0.30
   74 E    3  3  1  1 -4  1  1 -1  0 -4 -4  1 -3 -4 -4  1 -1 -5 -4 -4   28  15   7   7   0   6   9   3   2   1   1  10   0   0   0   8   3   0   0   0  0.44 0.32
   75 F    3 -5 -6 -6 -2 -5 -5 -5 -6  3  4 -5  4  0 -5 -3 -3 -2 -4  2   21   0   0   0   1   0   0   0   0  13  35   0  11   3   0   1   1   1   0  14  0.80 0.44
   76 V    0 -7 -7 -7  0 -6 -7 -7 -6  3 -2 -6  1  1 -5 -5 -3 -6 -3  6    6   0   0   0   2   0   0   0   0  15   1   0   3   6   0   0   1   0   1  63  1.46 0.66
   77 R    2  1  0  4 -5  2  3 -2 -1 -6 -6  2 -4 -6 -4 -1 -2 -6 -5 -4   16   6   4  25   0   9  19   3   1   0   0  11   0   0   0   4   2   0   0   0  0.66 0.40
   78 R    1  2 -1  0 -1  3  2 -3  2 -4 -2  1 -3 -2 -3  0  2 -3 -3 -3   13  12   1   6   1  14  13   1   5   0   5   7   0   1   0   5  12   0   0   1  0.31 0.26
   79 T    5 -5 -5 -6 -3 -5 -5 -4  1  1 -3 -5 -4 -5 -5 -2  3 -6 -5  2   52   0   0   0   0   0   0   1   4   6   2   0   0   0   0   1  19   0   0  14  1.10 0.60
   80 F   -1 -2 -4 -4 -3 -3 -1 -4  0  3  2 -2  2 -2 -5 -3 -1 -5 -2  5    6   3   1   1   0   1   4   1   2  13  19   2   5   1   0   2   3   0   1  37  0.58 0.35
   81 E    2  1  0  4 -5  1  3 -3 -1 -5 -5  1 -4 -6 -4  1 -1 -6 -5 -4   18   6   3  21   0   6  21   2   1   0   0  10   0   0   0   9   3   0   0   0  0.59 0.38
   82 T    1  2 -1 -1 -1  1  2 -1  2 -2 -2  2 -3 -3 -4 -1  2 -3 -2 -2   15  13   1   2   1   6  15   4   6   2   4  12   0   1   0   3  13   0   1   2  0.27 0.24
   83 Y   -4 -6 -4 -6 -3 -4 -4 -5  4 -4  1 -5 -1  7 -7 -6 -5  4  5 -4    1   0   1   0   1   1   1   1  10   0  15   0   1  42   0   0   1   6  18   0  1.48 0.63
   84 S   -4 -7 -3 -4 -6 -6 -5  8 -5 -8 -8 -4 -7 -8 -5 -3 -5 -7 -8 -8    1   0   1   1   0   0   0  92   0   0   0   1   0   0   1   1   0   0   0   0  2.48 0.94
   85 R   -2  6 -3 -3 -5  0 -3  3  0 -6 -6  3 -5 -6 -2 -1  0 -6 -5 -5    3  39   0   1   0   3   1  20   2   0   0  18   0   0   2   3   5   0   0   0  0.97 0.51
   86 I   -4 -6 -7 -7 -3 -6 -7 -7 -7  4  5 -6 -2 -2 -3 -6 -5 -6 -5  2    1   0   0   0   1   0   0   0   0  26  56   0   0   1   2   0   0   0   0  13  1.36 0.60
   87 D   -6 -6  2  8 -8 -5 -2 -5  1 -8 -9 -6 -8 -8 -7 -4 -4 -9 -8 -8    0   0   7  86   0   0   1   1   3   0   0   0   0   0   0   1   1   0   0   0  2.61 1.01
   88 V   -1 -6 -6 -7 -2 -6 -6 -2 -4  6 -2 -6 -3 -1 -6 -4 -2 -6 -3  5    6   0   0   0   1   0   0   4   0  47   2   0   0   3   0   1   2   0   1  33  1.30 0.59
   89 L   -2 -6 -7 -7 -4 -6 -7 -6 -6 -1  6 -6  3  1 -7 -6 -5 -1 -3  2    3   0   0   0   0   0   0   0   0   2  65   0   7   6   0   0   0   1   1  15  1.35 0.62
   90 C   -3 -7 -7 -7  1 -7 -7 -7 -2  2 -2 -7 -4  3 -7 -5 -4 -4 -1  7    1   0   0   0   3   0   0   0   1   9   2   0   0  12   0   0   0   0   2  68  1.65 0.72
   91 N    0 -5  8 -4  0 -5 -5 -5 -1 -6 -3 -5 -5 -6 -6  0 -2 -6 -7 -5    8   0  75   0   2   0   0   0   1   0   4   0   0   0   0   5   2   0   0   1  2.10 0.90
   92 N   -5 -6  9 -3 -1 -5 -5 -5 -1 -6 -8 -5 -7 -8 -6 -2 -5 -9 -7 -2    1   0  88   0   2   0   0   1   1   0   0   0   0   0   0   3   0   0   0   4  2.73 1.07
   93 A    7 -6 -6 -6 -4 -4 -6 -2  1 -5 -6 -5 -5 -6 -6 -3 -5 -7 -6 -2   88   0   0   0   0   1   0   3   3   0   0   0   0   0   0   1   0   0   0   3  2.04 0.90
   94 G    2 -7 -5 -6 -7 -6 -6  7 -7 -8 -8 -6 -7 -8 -6 -2 -6 -7 -7 -7   17   0   0   0   0   0   0  79   0   0   0   0   0   0   0   3   0   0   0   0  2.16 0.87
   95 I   -3 -1 -3 -5 -4 -2 -3 -3 -2  6 -2 -1 -1  2 -3 -4 -1 -3  0  2    1   4   1   0   0   1   2   2   1  45   2   5   1   8   1   1   5   0   4  15  0.75 0.39
   96 M    0 -3 -2 -4 -1  5 -3  0 -3 -1  2 -3  0 -3 -3 -2  2 -5 -4  1    7   1   2   1   1  28   0   7   0   3  20   1   2   1   1   2  12   0   0  11  0.48 0.37
   97 D   -2  4  0 -1 -3  2 -1  1  2 -1 -3 -1  0  1 -2 -1 -1 -1  0 -2    1  30   5   3   1   9   4  12   5   5   1   3   2   7   2   3   3   1   3   3  0.36 0.27
   98 G    0 -1  0  4 -3 -1  0 -1  1 -2 -3 -2  0  1  2  0 -1 -2 -1 -2   10   2   3  29   0   3   4   4   4   2   2   1   3   7  10   8   2   0   2   3  0.34 0.25
   99 V    0  3  1 -1  0  2 -1 -1  0 -1 -1  1  1 -1  0 -1 -1 -1 -1  0    9  18   6   2   3  12   2   3   2   3   5   7   4   3   4   4   3   1   2   8  0.13 0.13
  100 T    1 -1 -1  0 -3  0  1  1 -1  0 -1  2  2 -2 -1  1  1 -3 -3 -1   11   2   2   5   0   2   8   9   1   5   4  13   9   1   3  10  10   0   0   3  0.13 0.15
  101 P   -1  0 -1  2 -2 -2 -1 -1 -1 -2  0 -1 -2 -2  4  2 -1 -2 -2 -2    5   4   2  10   1   1   3   3   1   2  12   4   1   1  20  20   4   1   1   3  0.32 0.21
  102 V   -1 -5 -6 -6 -5 -6 -6 -6 -6  4  3 -6  0  5 -6 -4 -2 -2 -2  1    6   0   0   0   0   0   0   0   0  25  30   0   2  24   0   1   2   0   1   8  0.97 0.47
  103 A    1 -2 -2  0 -3 -1  2 -2  3 -1  1 -1  1 -1 -2 -1  1  2 -3  0   13   1   0   5   0   2  18   3   9   2  15   2   4   2   2   4   9   3   0   8  0.18 0.20
  104 E   -2  1  2  5 -5  0  3 -2 -1 -5 -5  2 -5 -6 -5  0 -1 -6 -4 -5    3   7  11  32   0   3  18   2   1   0   1  12   0   0   0   5   4   0   0   0  0.76 0.42
  105 V   -3 -5 -5 -6 -2 -2 -5 -6 -5  4  2 -5  7  0 -5 -4  0 -5  1  1    2   0   0   0   1   2   0   0   0  24  21   0  27   4   0   1   7   0   4   7  1.00 0.50
  106 S   -2 -4 -2  4 -5 -3  0 -3 -5 -6 -6 -1 -5 -7  1  4  4 -7 -6 -5    2   1   1  20   0   0   7   2   0   0   0   4   0   0   7  28  30   0   0   0  0.93 0.56
  107 D    1 -2 -2  3 -4 -1  3 -3 -2 -2  0 -1 -1 -2  1  0  0 -1 -2 -1   10   1   1  18   0   2  21   1   0   2  11   2   2   2   8   5   7   1   1   4  0.28 0.25
  108 E    2 -2 -1  3 -6  1  5 -3 -3 -6 -6  1 -5 -7 -3 -1 -3 -7 -6 -5   17   2   2  16   0   5  43   2   0   0   0   7   0   0   1   4   1   0   0   0  0.95 0.53
  109 L   -1  0 -1  4 -6  4  3 -1  0 -3 -4 -2 -1 -5 -5 -2 -2 -6 -5 -2    5   4   3  26   0  21  21   6   2   2   2   1   2   0   0   1   2   0   0   3  0.71 0.43
  110 W   -7 -6 -8 -9 -5 -7 -8 -8 -7 -2  0 -8 -2  6 -9 -8 -6 11  1 -2    0   0   0   0   0   0   0   0   0   3  10   0   1  35   0   0   0  44   4   4  2.60 0.96
  111 E   -2  1  0  6 -5  1  2 -5  1 -4 -4 -1  2 -6 -5 -2 -3 -7 -3 -4    3   9   3  48   0   6  13   0   4   1   2   3   4   0   0   2   1   0   1   1  1.05 0.54
  112 R    2  4 -1  2 -4  1  0 -3  1 -3 -1  1 -3 -3 -3  0  0  0 -3 -4   20  21   3  11   0   6   6   1   3   1   6   8   0   1   1   7   4   1   0   0  0.34 0.28
  113 V   -3 -6 -5 -5 -2 -4 -5 -6 -1  1 -1 -6  0 -5 -6 -3  5 -7 -5  6    2   0   0   1   1   1   0   0   2   7   4   0   2   0   0   1  31   0   0  49  1.25 0.64
  114 L   -4 -6 -7 -7 -4 -3 -6 -7 -4  4  2 -6  5  5 -7 -6 -4 -2  1  1    1   0   0   0   0   1   0   0   0  24  19   0  17  23   0   0   0   0   4  10  1.13 0.53
  115 A    1  4  1  4 -5  1  1 -2  0 -6 -5  2 -4 -6 -4 -1 -1 -6 -5 -5   14  21   6  22   0   5   6   2   2   0   0  13   0   0   0   4   3   0   0   0  0.64 0.39
  116 V   -3 -4 -3 -6 -3 -5 -6 -6 -7  3 -1 -6 -4 -5 -6 -2  5 -7 -5  5    1   1   1   0   0   0   0   0   0  13   4   0   0   0   0   2  33   0   0  45  1.29 0.64
  117 N   -7 -6  8 -2 -8 -4 -5 -6  7 -7 -9 -5 -5 -8 -7 -4 -5 -9 -6 -6    0   0  76   2   0   0   0   0  20   0   0   0   0   0   0   1   0   0   0   1  2.72 1.06
  118 L   -1 -6 -6 -7 -3 -5 -6 -6 -6  3  5 -6 -1 -1 -6 -4 -1 -6 -4  3    6   0   0   0   0   0   0   0   0  16  50   0   0   2   0   1   3   0   0  20  1.04 0.51
  119 Y   -3  3  0 -2 -3 -2 -1 -3  2 -1  0  2  0  2 -4 -1  2 -2  3 -2    1  15   4   2   0   0   3   1   6   3   8  15   2   8   0   3  14   0  12   2  0.33 0.27
  120 S    2 -6 -4 -5 -6 -3 -5  6 -5 -7 -7 -5 -6 -7 -2  3 -3 -7 -7 -6   16   0   0   0   0   1   0  57   0   0   0   0   0   0   3  22   1   0   0   0  1.48 0.70
  121 A    1 -4 -4 -4  0 -3 -4 -3  3 -1 -1 -4  4  0  2  0  2 -4  1  2   12   0   0   0   2   1   0   1   8   1   5   0  12   4   9   6  16   0   5  18  0.42 0.34
  122 F   -2 -7 -7 -8 -7 -4 -7 -7 -3 -1 -1 -7  0  8 -8 -7 -6  3  3 -1    5   0   0   0   0   1   0   0   1   3   6   0   2  68   0   0   0   4   7   4  2.05 0.81
  123 Y    1  0  1 -5 -3 -2 -4 -5  3 -2  2 -2 -2  2 -5 -3 -1  5  4 -2   12   6   8   0   1   1   0   0   6   1  24   2   1   9   0   0   4   9  15   1  0.56 0.36
  124 S    1 -5 -5 -6  5 -5 -5  0 -5  1  2 -5  4 -2 -2 -3  2 -5 -4  2   11   0   0   0  14   0   0   9   0   6  20   0  12   1   2   1  12   0   0  13  0.59 0.37
  125 S    2 -5 -3 -5  5 -4 -5 -4 -5  2 -2 -5  2 -3 -5  2  4 -4 -4  1   17   0   1   0  12   0   0   0   0  10   3   0   5   1   0  15  28   0   0   8  0.74 0.46
  126 R   -4  5 -4 -5 -7  4 -2 -5  1 -7 -6  6 -3 -7 -6 -3 -4 -4 -5 -7    1  30   0   0   0  17   2   1   3   0   0  44   0   0   0   1   1   0   0   0  1.53 0.72
  127 A    5 -3 -3 -5 -4 -2  1 -3  6 -5 -3 -3 -5 -1 -3 -2 -3 -4  3 -4   51   1   1   0   0   1   8   1  17   0   3   1   0   2   1   1   1   0   9   1  1.07 0.59
  128 V    6 -6 -6 -6  1 -3 -3 -3 -6 -3 -2 -5 -5 -1 -5 -3 -3 -7 -6  2   71   0   0   0   2   1   1   1   0   1   3   0   0   3   0   1   1   0   0  14  1.42 0.71
  129 I    4 -4 -5 -5 -1 -4 -4 -2 -3  1  2 -4 -1 -1 -5 -1 -2  3  1  2   32   0   0   0   1   0   1   3   1   8  23   0   1   2   0   5   2   4   4  12  0.50 0.35
  130 P    1  3 -1 -3 -6 -3 -1 -3 -5 -4 -4  1 -5 -6  6 -3 -3 -7 -5 -3   10  17   3   1   0   1   4   2   0   1   2  10   0   0  44   1   1   0   0   2  1.11 0.56
  131 I    1  0 -2 -4 -5 -1 -3 -3  7  0 -1 -2 -3 -2 -4 -1 -3 -2  4  1   14   4   2   1   0   3   1   2  31   5   6   2   0   1   1   4   0   0  12   9  0.74 0.43
  132 M   -5 -6 -7 -8 -6 -6 -7 -4 -5 -2  3 -6  9  2 -7 -5 -6  6 -4 -4    0   0   0   0   0   0   0   2   0   2  23   0  52   8   0   1   0  11   0   0  2.11 0.87
  133 L    0  4 -3 -3 -2 -1 -1 -2 -2  1  0  3  3 -3 -1 -2 -2 -4 -3  0    7  24   1   1   1   2   4   2   1   9   8  18   8   0   4   3   2   0   0   7  0.36 0.26
  134 K    2  1 -2  0 -4  0  3 -3 -3 -3 -3  3 -3 -5  3 -1 -2 -5 -4 -3   16   7   2   5   0   4  19   2   0   1   2  18   0   0  17   2   2   0   0   2  0.51 0.31
  135 Q    1  3  0 -2 -3  4  1 -1  0 -3 -3  1 -3 -3  0  0  0 -3 -2 -2   11  17   4   2   0  22   7   4   2   1   2   7   0   1   5   6   5   0   1   2  0.38 0.24
  136 G    0  2  0 -2 -2 -1  0  4  2 -4 -4  1 -3 -3  0  1 -2 -3 -3 -3    8  11   5   2   1   2   5  32   4   1   2   9   0   1   4   9   2   0   1   1  0.41 0.23
  137 K   -1  0 -2 -2 -5 -2 -3  5 -2 -6 -6  2 -5 -3 -4  1 -3  1  1 -5    4   5   2   2   0   1   1  49   1   0   0  13   0   1   1  13   1   2   5   0  0.91 0.48
  138 G    1 -5 -5 -2 -6 -6 -6  7 -6 -6 -7 -5 -6 -6 -5  2 -5 -7 -6 -7   11   0   0   2   0   0   0  72   0   0   0   0   0   0   0  12   0   0   0   0  1.78 0.76
  139 V    2  4 -3 -5  3 -4 -4 -4 -3 -4 -6 -1 -5 -6 -5  5  1 -6 -5 -1   14  25   1   0   6   0   0   0   0   0   0   2   0   0   0  38   7   0   0   5  0.95 0.56
  140 I   -5 -7 -8 -8 -6 -7 -8 -8 -8  8 -1 -7 -1 -1 -7 -6 -5 -7 -3  2    0   0   0   0   0   0   0   0   0  77   4   0   1   3   0   0   0   0   1  13  2.14 0.83
  141 V   -5 -7 -6 -8 -4 -7 -7 -8 -8  7  0 -7 -3 -5 -7 -6 -4 -7 -6  5    0   0   0   0   0   0   0   0   0  56   6   0   0   0   0   0   1   0   0  37  1.88 0.76
  142 N   -3 -5  7 -3  3 -4 -5 -1  2 -4 -1 -5  1  1 -6 -1 -1 -7 -4 -3    2   0  55   0   7   0   0   4   5   1   7   0   4   6   0   3   4   0   0   2  1.28 0.64
  143 T   -3 -6 -2 -4 -1 -4 -5 -5 -6  3 -1 -5  3 -1 -6 -2  6 -6 -5  2    1   0   2   1   1   0   0   0   0  17   4   0   8   2   0   2  48   0   0  13  1.14 0.61
  144 A    4 -5 -4 -5 -3 -4 -4  1 -5 -3 -5 -4 -5 -6 -5  4  3 -6 -5 -3   33   0   0   0   0   0   0   9   0   2   1   0   0   0   0  33  20   0   0   1  1.03 0.59
  145 S   -3 -6 -4 -5 -6 -5 -5 -4 -6 -7 -6 -5 -6 -7 -6  8 -3 -7 -6 -6    1   0   0   0   0   0   0   1   0   0   1   0   0   0   0  94   1   0   0   0  2.45 1.05
  146 I   -2 -5 -4 -4 -2 -4 -1 -1 -5  3 -2 -5  2 -3  0 -2  2 -6 -3  5    3   0   1   1   1   0   5   5   0  19   2   0   6   1   4   3  13   0   0  36  0.64 0.40
  147 A    4 -3  1 -3 -3  2 -2 -2 -1 -3 -3 -3 -4 -5 -4  2  2 -1 -4  1   33   1   7   0   0   9   2   2   1   1   2   0   0   0   0  17  13   1   0  10  0.55 0.41
  148 G    3 -6 -4 -2 -5 -4 -4  6 -2 -6 -5 -5 -3 -2 -4  0 -2 -6 -6 -5   27   0   0   2   0   0   1  55   1   0   1   0   1   2   1   7   2   0   0   1  1.30 0.62
  149 I   -2 -2 -3 -4 -4  0 -4 -5  0  1  3 -2  2  2 -4 -2 -2 -3  5  1    3   2   1   1   0   4   1   0   2   9  32   2   4   6   0   3   2   0  19   8  0.52 0.33
  150 R   -1  2  0  0 -3  1 -1 -3  0  2  0  0  1 -1 -3 -1  0  1  1  1    6  14   3   4   0   6   2   1   3  13   8   6   4   2   0   3   5   2   4  12  0.12 0.14
  151 G    0 -6 -4 -5 -4 -6 -6  6 -4 -6 -7 -6 -7 -7  3  0 -3 -7 -7 -2    6   0   0   0   0   0   0  65   0   0   0   0   0   0  14   8   1   0   0   4  1.58 0.71
  152 G    0 -1  5 -2 -5 -1 -1  1  1 -4 -3 -3 -1 -1 -2  3 -1 -4 -2 -2    6   3  31   2   0   2   3  12   3   0   2   0   1   3   2  21   3   0   1   3  0.56 0.38
  153 F    2 -1 -3 -2 -4 -2  0 -2 -2 -1 -1  0  0  2  5 -2 -2 -1  0  0   18   4   1   2   0   1   5   3   1   4   6   5   2  10  25   2   1   1   3   8  0.39 0.28
  154 A    0 -2  1  0 -2  0 -1  5  0 -2 -3 -2 -1 -3  1 -1 -1 -3 -1 -4    6   1   7   5   1   4   4  42   2   2   2   3   2   1   7   4   4   0   2   1  0.55 0.33
  155 G   -1 -1 -3 -4 -3  6 -2 -1 -2 -2  3 -2  3 -3  0 -1 -1  0 -3 -2    4   3   1   0   0  34   1   4   1   2  26   1   6   1   5   4   3   1   1   2  0.63 0.44
  156 A    3 -4 -3 -4 -2 -3 -3 -1  1  1  2 -4  0 -2  0  1  2 -5 -2  1   24   0   0   0   1   0   1   5   4   7  18   0   2   1   4  10  13   0   1   7  0.31 0.27
  157 P    2 -5  5  5 -1 -4 -3 -2  3 -5 -4 -4 -5 -6  1 -2 -3 -7 -5 -1   17   0  27  28   1   0   0   2   6   0   1   0   0   0   8   3   1   0   0   5  0.90 0.51
  158 Y   -6 -7 -8 -9 -8 -5 -8 -9  0 -7 -7 -8 -7 -3 -9 -3 -5 -4 10 -5    0   0   0   0   0   1   0   0   2   0   0   0   0   0   0   2   1   0  94   1  3.58 1.30
  159 T    4 -5  0 -4  1 -4 -4  1 -5 -5 -6 -4 -5 -6 -4  4  2 -6 -6 -2   31   0   4   0   3   0   0  11   0   0   0   0   0   0   0  34  12   0   0   3  0.91 0.55
  160 V    6 -6 -5 -6 -3 -2 -5 -4 -6 -3 -4 -5  2 -5 -3  1  1 -7 -6 -1   66   0   0   0   0   2   0   1   0   1   1   0   5   0   1  10   7   0   0   5  1.30 0.68
  161 A    4 -5 -5 -5 -2 -5 -5 -4 -6 -6 -6 -5 -4 -7 -5  4  5 -7 -6 -4   35   0   0   0   1   0   0   0   0   0   0   0   0   0   0  33  30   0   0   0  1.39 0.73
  162 K   -6  0 -6 -6 -9 -3 -5 -7 -6 -8 -8  8 -7 -9 -6 -6 -6 -8 -7 -8    0   4   0   0   0   0   0   0   0   0   0  96   0   0   0   0   0   0   0   0  2.87 1.13
  163 H    5 -4 -4 -5 -5 -4 -3  4  3 -5 -2 -5  0 -1 -5 -1 -2 -1 -4 -4   49   1   0   0   0   0   1  26   6   0   5   0   2   3   0   4   2   1   0   0  1.00 0.56
  164 G    5 -6 -5 -6 -4 -6 -6  5 -6 -7 -7 -6 -6 -6 -6 -3 -3 -7 -7 -6   52   0   0   0   0   0   0  45   0   0   0   0   0   0   0   0   1   0   0   0  1.78 0.80
  165 L   -4 -6 -4 -7 -5 -3 -6 -6 -7  6  1 -6  3 -4 -7 -6 -3 -6 -4  5    0   0   1   0   0   1   0   0   0  41  12   0   6   0   0   0   1   0   0  36  1.39 0.61
  166 I    0 -2  1 -2 -4 -3 -3 -5  1  4  0 -3 -1 -3 -4 -3 -1 -3  0  4    9   2   6   2   0   1   1   0   3  21   8   1   1   0   1   1   3   0   3  34  0.52 0.34
  167 G    3 -5  2 -4 -5 -1 -4  5  0 -5 -6 -4 -1 -6 -5  2 -1 -6 -6 -5   23   0  10   0   0   3   0  40   2   0   0   0   2   0   0  16   3   0   0   0  0.96 0.52
  168 L   -5 -6 -7 -8 -6 -6 -7 -8 -6  0  5 -7  4  6 -7 -6 -5 -3 -1 -1    0   0   0   0   0   0   0   0   0   5  50   0  10  30   0   0   0   0   1   3  1.52 0.66
  169 T    0 -6 -5 -6 -5 -5 -5 -3 -6 -3 -5 -5  3 -6 -6  1  7 -7 -6  1    9   0   0   0   0   0   0   1   0   1   0   0   6   0   0  11  62   0   0  10  1.52 0.77
  170 R   -3  5 -2 -4 -7  3 -1 -5 -1 -3 -2  5 -2 -6 -5 -4 -2 -5 -4 -3    2  35   2   0   0  11   2   0   2   1   4  34   1   0   0   0   2   0   0   2  1.11 0.57
  171 S    2 -5  1 -4  0 -2 -3  0 -3 -3 -4 -4 -4 -6 -5  4  3 -6 -3 -1   19   0   6   0   2   1   1   6   0   1   1   0   0   0   0  35  21   0   1   4  0.76 0.49
  172 I    2 -5 -5 -6  0 -4 -5 -4 -5  1  5 -5  2 -3 -5 -3  0  2 -4  0   16   0   0   0   2   1   0   1   0   7  51   0   5   0   0   1   5   3   0   7  0.85 0.46
  173 A    7 -4 -6 -6 -3 -5 -6 -2 -5 -5 -6 -5 -6 -7 -5  2 -4 -7 -7 -5   82   1   0   0   1   0   0   3   0   0   0   0   0   0   0  13   0   0   0   0  1.92 0.88
  174 A    0  1  0 -3  1  1 -2 -2 -2  0  2  1  1 -1 -2 -1 -1 -1  1  0   10   7   5   0   3   8   1   3   0   5  20  12   4   2   1   3   2   1   5   7  0.11 0.15
  175 H   -2 -4  0  2 -7  5  6 -3 -1 -6 -6 -3 -2 -7 -4 -1 -4 -7 -6 -4    3   0   4  11   0  22  48   2   2   0   1   0   1   0   0   4   1   0   0   1  1.24 0.65
  176 Y   -4 -6 -4 -7 -2 -3 -5 -1 -1 -2  5 -5  4  0 -7 -6 -4  6  2  0    1   0   1   0   1   1   0   5   1   1  53   0   8   3   0   0   0  12   8   5  1.12 0.56
  177 G    5 -1 -4 -4 -1 -1 -3  3 -2 -1 -3 -2 -2 -6 -5 -1 -3 -5 -5  0   45   3   0   1   1   3   1  24   1   4   1   2   1   0   0   3   1   0   0   7  0.78 0.47
  178 D   -1  4 -2  1 -3  0  1  0  0 -6 -5  3 -4 -6  3  0 -2 -6 -5 -5    5  21   1   8   0   3   9   7   2   0   1  17   0   0  17   8   1   0   0   0  0.59 0.37
  179 Q   -1  3 -1  0 -3  0 -1 -5  3 -4 -4  3 -3  1 -5  0 -1 -1  4 -4    4  14   2   6   0   5   3   0   8   0   1  21   0   5   0   8   4   1  17   0  0.55 0.36
  180 G   -4 -2  4 -2 -7 -2 -4  7 -3 -8 -8 -2 -7 -8 -5 -4 -5 -7 -7 -8    1   2  16   2   0   2   1  72   0   0   0   2   0   0   0   1   0   0   0   0  1.87 0.79
  181 I   -5 -8 -8 -8 -6 -7 -8 -8 -8  7 -3 -7 -3 -4 -7 -7 -5 -7 -6  5    0   0   0   0   0   0   0   0   0  65   1   0   0   0   0   0   0   0   0  33  2.17 0.85
  182 R   -6  8 -1 -6 -6 -1 -5 -7 -1 -7 -5 -2 -6 -6 -7 -4  3 -8 -6 -7    0  72   3   0   0   2   0   0   1   0   1   1   0   0   0   0  19   0   0   0  2.10 0.91
  183 A    0 -7 -7 -7  3 -5 -7 -7 -7  2 -4 -6 -4 -4 -7 -1 -3 -7 -6  7    7   0   0   0   6   0   0   0   0   8   0   0   0   1   0   5   1   0   0  71  1.69 0.75
  184 V   -7 -6  9 -4 -3 -6 -6 -6 -5 -7 -7 -6 -8 -9 -8 -5 -5 -5 -8 -5    0   0  97   0   1   0   0   0   0   0   1   0   0   0   0   0   0   0   0   1  3.25 1.23
  185 A    6 -6 -4 -6  6 -5 -6  0 -6 -4 -5 -5 -2 -7 -6  0 -1 -7 -6 -2   61   0   0   0  18   0   0   6   0   1   0   0   1   0   0   7   4   0   0   2  1.48 0.71
  186 V   -4 -7 -8 -8 -5 -7 -7 -8 -8  6  0 -7 -2 -5 -7 -6 -5 -7 -4  6    0   0   0   0   0   0   0   0   0  38   8   0   0   0   0   0   0   0   1  52  1.78 0.74
  187 L    6 -4 -4 -6  6 -5 -5 -4 -3 -2 -2 -5 -2 -6 -5  2 -4 -7 -5 -2   57   1   1   0  15   0   0   0   1   2   3   0   1   0   0  16   0   0   0   2  1.35 0.68
  188 P   -5 -8 -8 -7 -5 -7 -7 -8 -8 -6 -9 -7 -8 -6  9 -6 -7 -9 -5 -8    1   0   0   0   0   0   0   0   0   0   0   0   0   0  98   0   0   0   0   0  3.50 1.29
  189 G   -1 -5 -2 -3 -4 -4 -4  7  0 -5 -5 -4 -5  0 -5 -2 -2 -1 -2 -5    5   1   2   1   0   1   1  72   2   1   1   1   0   4   1   3   2   1   2   1  1.52 0.60
  190 T    1 -1 -4 -5 -4 -3 -4  0 -3  0  0 -4  0  2  5 -2  0  2  2  0   11   4   0   0   0   1   0   6   0   4   8   0   3  10  27   1   6   3   8   6  0.50 0.32
  191 V    1 -5 -5 -5 -4 -5 -5 -5 -3  6 -1 -5  1  0 -5 -4  1 -1 -2  3   10   0   0   0   0   0   0   0   1  44   3   0   4   4   0   0   9   1   1  21  0.95 0.46
  192 K    2  2 -2  2 -5 -2  1 -3 -2 -5 -2 -1 -2 -2 -1 -2 -3  9  1 -5   15  11   2  11   0   1  11   2   1   0   4   3   1   1   3   3   2  27   4   0  0.94 0.48
  193 T   -5 -3 -5 -6 -6 -6 -6 -4 -7 -6 -6 -6 -4 -7 -4  1  8 -7 -7 -5    0   1   0   0   0   0   0   2   0   0   0   0   0   0   1  11  84   0   0   0  2.34 1.02
  194 N    0  3 -2  1 -6 -1  0  0 -5 -5 -5 -1 -2 -6  6 -1 -3 -6 -5 -3    9  13   2   7   0   3   5   7   0   0   0   2   1   0  41   4   1   0   0   2  0.93 0.49
  195 I   -3 -4 -4 -6 -5 -4 -4 -4 -6  0  4 -5  8  0 -3 -4 -2 -5 -5 -2    2   1   1   0   0   0   1   1   0   5  40   0  39   3   2   1   3   0   0   1  1.43 0.65
  196 G    0 -2  1 -2 -3  2 -2 -1 -3  2  0 -3  0 -2 -3  0  4  0 -2  0    7   1   6   2   0  12   1   5   0  11   7   0   2   1   1   5  28   2   1   7  0.33 0.27
  197 L    1  0 -2 -1 -2  0  1 -2 -1 -1 -1 -1  1 -1  3 -1 -1 -2 -2  1   13   7   1   3   1   4  10   3   1   3   7   3   5   2  17   5   3   1   1  11  0.20 0.16
  198 G    2 -1  0  1 -2 -1  0  1  0 -2 -3 -1 -3 -4  1  2  1  0 -2 -2   22   3   5   9   1   3   4  10   2   3   2   4   0   0   6  16   7   2   1   1  0.22 0.19
  199 S    0  0  0  0 -2  0 -1  1  0  0  0 -1  0 -1  0  1  1 -2 -1  0    9   4   4   6   0   3   3  10   2   8   9   3   3   3   4  10  10   0   1   6  0.03 0.04
  200 S    0  0 -1 -1 -3 -1  0  2 -2 -1  0 -1  1  2  0 -1 -1  2  2 -1    8   5   2   3   0   2   5  15   0   3   9   4   4  12   5   3   4   3   8   3  0.11 0.12
  201 K    1  0  0  1 -3  1  1  0 -2 -1 -2  0 -1 -2  1  0  0 -2 -2  0   13   6   4  10   0   8   9   6   0   5   3   6   2   1   8   8   4   0   1   6  0.12 0.11
  202 P    2 -2 -1  1 -4 -1  1 -1 -2 -3 -2 -1  1 -2  4 -1  1 -2 -1 -2   15   2   2   9   0   2   9   4   1   1   4   4   3   1  24   4   8   0   3   2  0.38 0.26
  203 S    2 -1 -1  2 -4  1  2 -2 -1 -1 -2 -1  0 -2  1  0  1 -4 -2 -1   17   3   1  12   0   6  16   3   1   3   3   3   3   2   7   7   8   0   2   3  0.20 0.18
  204 E    1 -1 -2  2 -5  2  5 -1 -3 -4 -3  0 -1 -5  1 -1 -1 -5 -2 -2   11   3   1  10   0   7  34   4   0   1   3   6   2   0   8   4   3   0   1   2  0.49 0.34
  205 L    0  1 -1  1 -2  1  2 -1 -1 -1  0  1  1  0  0 -1 -1 -3 -2  0   10   9   2   7   0   6  13   3   1   3   8  11   5   5   3   3   2   0   1   8  0.09 0.11
  206 G    1  0  0  0 -2  0  0  1 -1  0  0  0  0 -2  0  0  0 -2 -2  0   17   6   3   4   0   3   7  14   1   5   8   7   3   1   3   5   4   0   1   6  0.07 0.08
  207 M    0  1 -1  0 -3  1  2 -1 -1  0  0  1  1 -1  0 -1  1  0 -2  0    8   7   2   3   0   7  14   3   1   6   9   8   4   3   3   3  10   1   1   6  0.08 0.10
  208 R    1  2 -1  1 -4  1  2 -1  0 -2 -2  1  0  2 -1 -1 -2 -1 -2 -2   11  13   2   8   0   7  16   4   2   2   4  10   2   9   3   3   2   1   1   2  0.20 0.18
  209 T    1  1 -1 -1 -3  0  1  1  0 -1 -1  1 -1  1  0  0  0  0 -1 -1   11   9   2   3   0   5  13  12   2   4   4   7   1   7   4   5   5   1   2   5  0.08 0.09
  210 L    0 -1 -2 -1 -2 -1  0  0 -1  1  1  0  2  1 -1 -1  0 -1  0  1    7   3   1   2   1   2   5   8   1   6  12   8   7   8   2   4   4   1   2  14  0.05 0.07
  211 T    0  0  0  0 -2 -1  0  1 -2  0 -1 -1  1  1 -1  0  0  3 -1 -1   10   4   4   7   0   2   8  13   0   8   5   3   4   6   3   8   5   4   2   3  0.05 0.07
  212 K    0  2 -1  1 -3  0  1  2  0 -2 -2  1 -2 -2  1  0 -1 -3 -2 -2    9  11   2   8   0   4  10  19   2   2   3  10   1   2   6   5   3   0   1   3  0.20 0.14
  213 L    0  0  0  0 -2  2  0  0  0  0  0  0  1  1  0  0  0 -1 -1  0    7   5   4   4   0  10   4   6   2   6  11   5   4   7   4   9   4   1   1   4  0.03 0.05
  214 M    0  0 -1  0 -2  1 -1  0  0  0  1  0  1  0  0  0  0  0 -1  0    7   4   3   5   0   7   2   7   2   5  13   6   5   4   5   5   6   1   2   9  0.02 0.04
  215 S    0 -1  2 -1 -2  0  0 -2  0  1 -2 -2 -1 -3  3  0  3 -4 -3 -1    7   3  11   3   1   4   5   2   2   8   2   1   1   1  13   7  20   0   1   4  0.27 0.22
  216 L   -1 -3 -4 -2 -5 -3 -3 -2 -3 -2  1 -3  4 -3  7 -2 -3 -3 -4 -3    5   1   1   2   0   1   2   3   1   2  16   2   9   1  47   4   2   1   0   2  1.11 0.53
  217 S    0 -1 -2 -1 -3  0 -1 -1 -1  0  3 -1  5 -1 -2 -1 -1 -1 -1 -1    9   3   2   3   0   4   4   5   2   5  29   4  15   2   2   3   3   1   1   3  0.25 0.19
  218 S   -1  1  0 -2 -4  0 -2  5 -1 -3 -2  3 -2 -1 -1 -2 -3 -3 -3 -3    3   7   3   2   0   5   3  43   1   1   3  16   1   3   3   1   1   0   1   2  0.63 0.33
  219 R   -2  7 -3 -1 -5  0 -2 -2 -1 -5 -4 -1 -4 -4 -1 -3 -2 -5 -4 -3    4  67   1   3   0   3   3   3   1   1   1   2   0   1   3   2   2   0   0   2  1.51 0.62
  220 L    2 -3 -3 -3 -3 -2 -2 -1 -3  1  1 -2  2  1  3 -2 -1  1  0  1   16   1   1   1   0   1   2   6   0   6  14   2   6   6  16   2   3   2   4  10  0.26 0.19
  221 A    2 -4 -4 -4  0 -3 -4  6 -5 -4  0 -4  0 -4 -4 -3 -4 -5 -4 -4   16   1   1   1   2   1   1  56   0   1  12   1   3   1   1   1   1   0   0   1  1.12 0.51
  222 E   -2  1 -1  0 -4  5  2 -4  0 -3 -3  0 -1 -5 -4 -1  2 -5 -4  0    3   6   2   6   0  31  13   1   2   1   3   5   1   0   0   4  14   0   0   6  0.58 0.39
  223 P    2 -7 -7 -6 -7 -6 -3 -5 -7 -6 -5 -5 -7 -8  8 -3 -3 -9 -8 -1   14   0   0   0   0   0   2   1   0   0   1   0   0   0  73   2   2   0   0   5  2.30 0.98
  224 E    1 -2 -2  3 -4  0  5 -3 -3 -2 -4 -2 -4 -1 -3  0 -2 -1 -3  0   14   2   1  14   0   3  38   2   0   2   1   2   0   3   1   7   2   1   1   7  0.62 0.42
  225 D   -5 -3  1  5 -8 -2  6 -6  1 -7 -4  0 -7 -7 -6 -4 -4 -8 -6 -6    1   1   6  27   0   1  53   0   4   0   2   4   0   0   0   0   1   0   0   0  1.56 0.75
  226 I   -2 -6 -4 -6  1 -4 -7 -7 -6  5  2 -6  1 -4 -7 -5 -3 -6 -5  5    2   0   1   0   2   1   0   0   0  31  19   0   3   0   0   0   1   0   0  40  1.27 0.58
  227 A    7 -6 -3 -5 -5 -4 -6 -1 -6 -6 -6 -5 -6 -6 -5  2 -2 -7 -7 -3   76   0   1   0   0   0   0   4   0   0   0   0   0   0   0  14   2   0   0   1  1.74 0.84
  228 N    0  1  0  0 -6 -2  0  2 -3 -5 -5 -2 -4 -6  6  0 -1 -6 -4 -5    9   9   5   4   0   2   6  15   0   0   1   2   0   0  35   6   4   0   0   0  0.77 0.45
  229 V    4 -5 -5 -6  1 -5 -5 -3 -6  0  3 -5  1 -2 -2 -1  0 -6 -4  2   34   0   0   0   3   0   0   1   0   4  29   0   3   1   2   4   6   0   0  14  0.67 0.43
  230 I    3 -6 -7 -7  0 -6 -6 -6 -5  2 -3 -6 -2  1 -6 -4 -4 -5  5  5   23   0   0   0   2   0   0   0   0   9   1   0   1   6   0   0   0   0  18  39  1.13 0.60
  231 V    2 -3 -6 -6  2 -5 -3 -3 -4 -1  2 -4 -2 -5 -5 -3 -2 -6 -4  5   15   1   0   0   4   0   2   2   1   2  21   1   0   0   0   2   2   0   0  47  0.90 0.51
  232 F   -3 -6 -8 -8 -7 -4 -7 -7 -3 -5 -2 -7 -2  8 -8 -6 -4  5  6 -5    3   0   0   0   0   1   0   0   1   0   4   0   1  55   0   0   1   8  26   0  2.22 0.89
  233 L   -7 -8 -9 -9 -5 -7 -8 -9 -8 -3  7 -8 -1 -1 -8 -8 -6 -7 -6 -4    0   0   0   0   0   0   0   0   0   0  96   0   1   2   0   0   0   0   0   0  2.42 0.98
  234 A    6 -6 -6 -6  3 -6 -6  1 -6 -3  0 -6 -4 -6 -6 -2 -3 -7 -6 -1   67   0   0   0   6   0   0   9   0   1   8   0   0   0   0   2   1   0   0   4  1.41 0.72
  235 S   -2 -6 -2 -4 -1 -5 -5 -2 -2 -8 -4 -6 -5 -8 -6  7 -2 -5 -5 -7    2   0   1   1   1   0   0   2   1   0   2   0   0   0   0  86   2   0   0   0  2.11 1.01
  236 D   -1 -4 -1  6 -5  0  2 -4 -4 -7 -7 -2 -6 -6  4 -2 -4 -8 -6 -5    6   0   3  45   0   4  11   1   0   0   0   2   0   0  21   3   1   0   0   1  1.24 0.63
  237 E    4 -1 -3  4 -3  1  4 -3 -3 -5 -4 -3 -4 -6 -5 -2 -4 -7 -3 -5   29   3   1  24   1   5  28   2   0   0   2   1   0   0   0   2   0   0   1   0  0.91 0.54
  238 A    5 -6 -3 -6  0 -5 -5 -1 -5 -6 -6 -5 -5 -5 -5  5 -3 -7 -6 -6   49   0   1   0   2   0   0   4   0   0   0   0   0   0   0  42   1   0   0   0  1.52 0.79
  239 S    2  2 -1 -1 -5 -1 -2  0 -4 -6 -6  1 -5 -6 -3  5 -2 -7 -5 -4   13  11   2   4   0   2   2   7   0   0   0   9   0   0   1  46   2   0   0   1  0.85 0.53
  240 F   -2 -4 -3  0 -5 -5 -2 -1  2 -5 -4 -5 -3  5 -6 -5 -5  3  8 -5    3   1   1   6   0   0   3   5   4   0   1   0   1  19   0   1   0   3  49   0  1.60 0.73
  241 V   -3 -6 -7 -7 -1 -5 -7 -7 -7  5 -2 -6  4 -3 -6 -4 -1 -7 -4  6    2   0   0   0   1   0   0   0   0  35   2   0   9   1   0   1   3   0   0  45  1.48 0.66
  242 N   -4 -6  4 -5 -6 -5 -5 -6 -2 -5 -6 -5 -5 -7 -6  3  7 -8 -6 -4    0   0  16   0   0   0   0   0   1   0   0   0   0   0   0  22  59   0   0   1  1.76 0.86
  243 G   -2 -8 -5 -6 -8 -7 -8  8 -8 -9 -9 -7 -4 -9 -8 -5 -7 -8 -9 -9    3   0   0   0   0   0   0  96   0   0   0   0   0   0   0   0   0   0   0   0  2.78 1.07
  244 D    0  0 -1 -3 -4  7  1 -4  4 -2 -5 -2 -3 -7 -5  0  0 -6 -5 -2    8   5   2   1   0  46   9   1   9   2   0   2   0   0   0   6   5   0   0   3  1.06 0.61
  245 A    1 -4  3 -2  0 -2 -3 -5 -4  2 -1 -4 -1 -3 -5 -1  2 -6 -5  4   10   0  13   3   2   2   2   0   0  12   4   0   1   1   0   3  13   0   0  34  0.58 0.39
  246 V   -5 -6 -6 -7 -4 -5 -7 -6 -2  4  4 -6  1  5 -7 -5 -5  4  2  1    0   0   0   0   0   0   0   0   1  19  36   0   3  21   0   0   0   5   5   8  1.09 0.52
  247 V    1  0  0 -2  0 -2  0  1  4 -1 -2 -2 -2 -3  1 -1  0 -5 -2  2   12   6   4   2   2   1   7  13  13   3   4   1   1   1   8   3   5   0   1  14  0.21 0.21
  248 V    0 -7 -7 -7 -2 -7 -6 -6 -7  4 -2 -7 -3 -5 -1 -3 -5 -7 -6  7    8   0   0   0   1   0   0   1   0  18   2   0   0   0   4   3   0   0   0  64  1.56 0.72
  249 D   -2 -3  3  6  1 -3  0  0 -1 -4 -6 -4 -4 -5 -5 -1  1 -4 -2 -4    4   1  15  46   3   1   4   6   2   1   1   0   0   0   0   3  10   0   1   1  1.03 0.54
  250 G   -3 -8 -5 -5 -5 -7 -8  8 -6 -9 -9 -6 -5 -9 -8 -6 -7 -8 -9 -9    2   0   0   0   0   0   0  96   0   0   0   0   0   0   0   0   0   0   0   0  2.79 1.06
  251 G   -3 -8 -6 -5 -8 -7 -7  8 -7 -9 -9 -5 -8 -8 -4 -5 -7 -8 -8 -8    1   0   0   0   0   0   0  96   0   0   0   1   0   0   1   0   0   0   0   0  2.76 1.03
  252 L   -2 -2 -3 -4 -3  2 -1 -5 -4  1  1 -2  5  2 -4 -3 -1  5  3  0    4   2   1   0   0  11   3   0   0   9  15   3  16   9   0   1   3   9   9   6  0.49 0.32
  253 T   -1 -5 -2 -4  0 -4 -4 -3  0 -1 -3 -4  0 -3 -1  4  5 -6 -4  3    3   0   1   0   2   0   0   2   3   2   1   0   2   1   3  27  32   0   0  21  0.75 0.47
  254 V    3 -5 -5 -6  2 -4 -4 -5 -5  3  1 -5  5 -3 -5 -3 -2 -5 -4  4   22   0   0   0   4   0   1   0   0  14  12   0  13   0   0   1   2   0   0  33  0.78 0.41
  255 L   -3 -4 -5 -5  2 -4 -4 -5 -4  2  3 -4  3  3 -5 -4 -3  4 -1  2    0   0   0   0   5   0   0   0   0  12  33   0   9  17   0   0   0   7   0  17  0.64 0.24

                      K         Lambda
Standard Ungapped    0.1350     0.3175
Standard Gapped      0.0410     0.2670
PSI Ungapped         0.2128     0.3177
PSI Gapped           0.0651     0.2670
