
Last position-specific scoring matrix computed, weighted observed percentages rounded down, information per position, and relative weight of gapless real matches to pseudocounts
            A   R   N   D   C   Q   E   G   H   I   L   K   M   F   P   S   T   W   Y   V   A   R   N   D   C   Q   E   G   H   I   L   K   M   F   P   S   T   W   Y   V
    1 M    -3  -4  -5  -5  -3  -3  -4  -5  -4   0   5  -4   6  -1  -5  -4  -3  -3  -3   1    0   0   0   0   0   0   0   0   0   1  66   0  27   0   0   0   0   0   0   6  1.10 0.30
    2 Q     4  -1  -3  -3  -4   7   0  -3  -3  -5  -4  -1  -3  -5  -4  -2  -3  -5  -4  -4   33   1   0   0   0  59   4   0   0   0   0   1   0   0   0   1   0   0   0   0  1.29 0.43
    3 Y    -4  -2  -4  -5  -5  -2  -4  -5  -2  -3  -3  -3  -3   3  -5  -3   4  -2   8  -3    0   3   0   0   0   1   0   0   0   1   1   1   0  10   0   0  29   0  54   0  1.49 0.48
    4 N    -2  -2   5   0  -2   0  -1  -2   0   2   0  -1  -1  -1  -2   0   0   0  -1  -1    2   1  36   3   1   5   2   2   2  17   8   2   1   2   1   5   4   2   2   2  0.33 0.15
    5 P    -4   8  -2   0  -5   1  -3  -4  -2  -5  -4   0  -4  -5  -2  -3  -4  -5  -4  -5    1  72   1   6   0   6   1   1   1   1   1   4   0   0   2   1   1   0   0   1  1.67 0.55
    6 A     3   0   0  -1  -3   4  -2  -2  -2  -4  -3   1  -3  -2  -3   3  -1  -4  -2  -3   32   3   4   2   0  18   1   2   1   1   2   7   0   2   1  20   2   0   1   1  0.52 0.29
    7 L    -3  -6  -7  -7  -5  -6  -6  -7  -6   4   5  -6   1  -2  -6  -6  -4  -5  -4   2    1   0   0   0   0   0   0   0   0  24  60   0   3   0   0   0   1   0   0  11  1.32 0.49
    8 I     2  -5  -5  -6  -4  -5  -5  -5  -5   4   3  -5  -1   2  -5  -3  -1  -4  -3   3   15   0   0   0   0   0   0   0   0  25  28   0   0  10   0   0   3   0   0  17  0.72 0.34
    9 Q    -2  -1   3   2  -4   0   5  -4  -1  -6  -4  -1  -5  -4  -4   1   0  -6  -4  -4    3   3  13  10   0   3  45   0   1   0   1   3   0   1   0  10   6   0   0   1  0.84 0.41
   10 A     3  -2   5   0  -2   1  -3  -2   0  -4  -4  -3  -4  -3  -4   3  -1  -6  -4  -4   22   1  33   4   1   5   1   1   2   1   1   0   0   1   0  23   4   0   0   0  0.79 0.41
   11 L     2  -4   0  -4  -4   0  -4  -3  -4   4  -1  -4   3  -3  -4   2   1  -5  -4   0   21   0   4   0   0   4   0   1   0  26   5   0  10   0   0  18   7   0   0   4  0.52 0.32
   12 G    -1  -1   2  -2  -5   1  -2   0   0  -3  -1  -2  -2  -3   5  -1   0  -5  -4  -2    5   3  13   2   0   6   1   9   3   1   8   2   1   1  32   5   7   0   0   3  0.57 0.29
   13 D     1  -4  -1   6  -6   1   4   0  -4  -2  -6  -3  -5  -6  -5  -3  -3  -7  -6  -2   13   0   2  42   0   6  23   7   0   3   0   0   0   0   0   0   0   0   0   3  1.00 0.45
   14 I     1  -5  -5  -5  -4  -4  -5   1  -5   3   2  -5  -1  -2  -2  -2  -3   5  -3   4   10   0   0   0   0   0   0  10   0  17  18   0   1   1   2   2   0   8   0  32  0.66 0.33
   15 V    -3  -6  -6  -7  -5  -6  -6  -5  -6   6   1  -6   4   4  -6  -5  -3  -5  -3   2    1   0   0   0   0   0   0   1   0  45  12   0  10  16   0   0   1   0   0  15  1.20 0.46
   16 Y    -4  -4  -6  -6   2  -2  -6  -5  -4  -1   0  -2   1   5  -6  -5  -1   9   5  -3    1   0   0   0   4   2   0   1   0   3   7   2   4  24   0   0   3  26  19   1  1.42 0.51
   17 E    -1   0  -2   0  -1   1   1  -3  -3   2   0  -2   1  -2  -3   0   1   1  -2   2    2   6   0   5   1   7  11   1   0  13  10   1   5   0   1   9  10   2   0  15  0.16 0.14
   18 R    -1   2  -3  -3   2  -1  -2  -3  -2   1   0   0   0   0  -3   1   2   3  -1   0    4  16   0   0   4   2   2   1   0   9  10   4   2   5   0  10  18   5   2   6  0.22 0.18
   19 C    -2  -3   2   5   3  -2  -1  -3  -1   0  -3   0  -1  -2  -4   0   2  -6  -4  -3    3   1   8  35   7   1   2   1   1   7   2   6   1   1   0   5  14   0   0   1  0.57 0.31
   20 L     1   0   0  -2  -3  -1   0   0  -2   0   0   0  -1  -1   3   0   1  -2  -2  -1   13   5   5   0   0   2   5   5   1   6  12   5   1   3  15   8  10   0   0   4  0.15 0.12
   21 T    -1   1   1   4  -4   1   1  -2   0  -3  -2   1  -3  -4  -2   0   0  -5  -1  -3    5   8   6  30   0   6  10   2   2   1   4   7   0   0   1   8   5   0   3   2  0.39 0.23
   22 S    -2  -1  -2   2  -5  -2   0   5  -2  -4  -2  -3  -4   1  -3   2  -1  -2  -1  -4    2   3   1  10   0   1   6  41   1   0   3   0   0   7   1  16   4   0   2   1  0.61 0.32
   23 G    -1   2   1  -1  -2   2   0   3   0  -1  -3   1  -2  -3  -2  -1   1  -3  -2  -2    2  11   9   3   1   9   5  22   2   6   2   8   1   0   1   4  10   0   1   3  0.23 0.17
   24 A    -1  -2  -2  -3   0   0  -2  -4  -4   4   0  -2   0   3  -4  -2   0   3   2   0    5   2   2   1   2   4   3   0   0  31   8   3   2  14   0   2   7   4   6   5  0.37 0.23
   25 M    -3  -3  -4  -3  -4  -2  -3  -3  -1   3   1   0   0   2  -4  -1   3  -4  -1   2    0   1   0   1   0   2   1   1   1  21  15   7   2   8   0   3  23   0   2  12  0.39 0.25
   26 V    -4  -4  -4  -2  -5  -4  -3  -5  -2  -1  -2  -2  -2   5  -6  -2   0  -1   7   1    1   1   1   3   0   1   1   1   0   4   3   2   0  25   0   4   7   1  38   9  1.09 0.45
   27 W     0  -5   1  -5  -1  -4  -2  -5  -4   4   0  -4   1   0  -5  -3  -2   3  -1   4    7   0   9   0   1   0   3   0   0  21   9   0   3   3   0   1   2   4   2  34  0.59 0.31
   28 Y    -4  -4   6  -2  -6  -4  -4  -2  -1  -5  -6  -3  -5   0  -5   5  -3  -6   2  -5    0   0  43   1   0   0   0   3   1   1   0   1   0   4   0  39   0   0   7   1  1.36 0.59
   29 G    -2   0  -2   2  -6   2   2  -1  -4  -5  -5   1  -3  -6   6  -2  -3  -6  -5  -5    3   5   2  10   0  10  14   4   0   0   1  10   0   0  38   3   0   0   0   0  0.95 0.42
   30 D     5   0   3  -1  -3  -2  -3  -1  -4  -5  -5   0  -3  -4  -2   2  -1  -1  -4  -3   46   5  16   3   0   1   0   3   0   0   0   5   0   0   1  14   3   1   0   1  0.71 0.38
   31 F     2  -4  -5  -5  -1  -4  -4  -4  -2   1   0  -2  -2   3  -3  -1  -2   5   5   2   16   0   0   0   1   0   0   0   1   8   9   2   1  10   1   3   1   9  19  16  0.57 0.29
   32 T     1  -1  -2  -3   3   2   4  -3  -2  -3  -1   2  -3  -2  -3  -1   2  -1  -3  -2   11   3   0   0   7  10  26   1   1   1   6  13   0   1   0   2  15   1   0   2  0.42 0.28
   33 R     0   3   2   2  -4   2   2  -3   0  -3  -3   3  -3  -5  -3  -1   0   0  -3  -3    7  14   9  11   0  11  12   1   2   2   2  16   0   0   0   3   6   1   0   2  0.38 0.23
   34 V    -3  -3  -4  -5  -4  -3  -5  -5  -4   5   2  -4   5  -1  -5  -3  -1  -4   0   2    1   1   1   0   0   1   0   0   0  35  19   1  16   2   0   1   4   0   4  14  0.82 0.35
   35 L    -3  -5  -5  -4  -1  -4  -4  -5  -4  -1   3  -5   2   4  -3  -3   2   7   1  -1    1   0   0   1   1   0   1   0   0   2  34   0   5  16   1   1  15  14   4   4  0.81 0.36
   36 G    -3  -5  -1  -2  -6   0  -3   7  -1  -6  -3  -3  -5  -6  -2  -3  -5  -6  -6  -6    1   0   2   3   0   4   1  78   2   0   3   1   0   0   3   1   0   0   0   0  1.70 0.57
   37 Y    -5   2  -5  -4  -1  -3  -4  -6   0  -2  -2   1  -2   2  -4  -4  -2   1   8  -3    0  12   0   1   1   1   1   0   2   2   4   8   1   7   1   1   2   1  54   2  1.43 0.53
   38 S    -1  -1  -1   0   0   1   2  -2  -1  -3  -3  -1  -4  -3   1   4   2  -5  -4  -4    4   2   2   4   2   6  16   2   1   1   2   4   0   1   8  32  15   0   0   0  0.47 0.29
   39 A     2   1  -2  -1   5   0   0  -3  -2  -1  -2  -1  -2  -2   4   0   0  -5  -4   0   18   8   1   3  12   3   7   1   1   4   3   2   0   2  19   5   5   0   0   7  0.36 0.21
   40 A     2   0  -1   1  -3   3   4  -2   0  -3  -4  -1  -3  -5  -2   1  -1   0  -2  -3   16   4   2   6   0  14  29   2   2   1   1   2   0   0   2  11   3   2   1   2  0.46 0.28
   41 E    -2  -3  -1   3  -4   0   6  -4  -3  -6  -5  -2  -4  -4  -3   2  -2  -6  -5  -6    3   1   2  12   0   3  58   0   0   0   1   1   0   1   1  14   1   0   0   0  1.23 0.52
   42 M    -2  -3  -5  -5  -1  -4  -4  -5  -5   3   4  -5   2   3  -3  -2  -3   0  -2   1    2   1   0   0   1   0   1   0   0  15  43   0   6  15   1   3   0   1   0   9  0.73 0.32
   43 G    -2  -3  -4  -4  -3  -3  -2  -1  -3   4   3  -2   1  -1  -2  -3  -1  -3   4   2    1   1   0   0   0   1   2   5   0  22  26   3   3   1   2   1   4   0  16  12  0.47 0.25
   44 N     0  -1   1   0  -2   1   2   4  -1  -3  -2   0  -4  -4  -2   0  -2  -4  -3  -4    7   2   6   5   1   6  14  39   1   2   4   4   0   1   1   5   2   0   1   1  0.49 0.24
   45 D    -2   0   4   2  -2   3   0  -2   2  -4  -3   3  -2  -4  -2   0   0  -4  -3  -3    2   3  18  12   1  13   4   2   4   0   2  24   1   0   2   5   4   0   0   1  0.48 0.25
   46 C    -1  -1   0  -2  -2  -1  -1  -1   0  -1  -1   0  -2  -3   4   2   2  -1  -2  -1    5   3   4   1   1   2   2   4   3   3   6   5   0   1  25  17  13   1   1   3  0.37 0.18
   47 Q    -1   1   1   1  -1   1   0  -1   0   0   0   0   0  -2   1   1   0  -2   0  -1    4   7   8  10   1   7   4   4   2   7   9   4   2   1   6  11   5   0   4   4  0.06 0.05
   48 T    -1   1   2   1  -3  -1   0  -1  -1  -1  -2  -1  -2   3  -2   2   1  -1   0  -2    4   7  11   6   0   2   6   3   1   3   3   2   0  16   1  22   7   1   2   2  0.23 0.16
   49 W    -3  -3  -3  -1  -4  -3  -3  -4  -2   2   0  -3  -1   5  -4  -3  -3   9   0  -1    2   2   1   4   0   1   2   1   1  12   7   2   2  23   1   2   1  33   2   3  1.29 0.38
   50 L     0  -2  -2  -2  -2  -1  -2  -2  -2   2   3  -1   1   2  -1  -1  -1  -2   1   0    8   2   1   2   1   3   1   2   1  11  33   3   3  10   3   3   3   0   4   5  0.21 0.14
   51 E    -1  -2   2   4  -5   2   3  -3  -1  -4  -3   0  -2  -5   0   2  -1  -3  -3  -4    3   0   8  28   0  11  19   1   1   1   2   4   1   0   4  14   2   0   1   1  0.60 0.30
   52 R     0   1   0  -2  -2   0  -1  -1   3   0   0  -1   1   1  -1   0  -1  -2   1   0   10   8   3   1   0   5   3   4   9   6  10   2   5   8   3   8   3   0   6   6  0.06 0.08
   53 L    -3  -4  -3  -5  -3  -4  -4  -5  -5   5   2  -4   3  -1  -4  -4   0  -4  -2   3    1   0   1   0   0   0   1   1   0  41  14   0   8   2   0   1   4   0   1  23  0.88 0.34
   54 Y    -3  -4  -3  -2  -3  -3  -3  -4   9  -2  -3  -4  -3   2   2  -2  -2   0   3  -2    2   0   1   2   1   0   1   1  49   3   3   1   1   8  11   3   2   1   9   3  1.37 0.48
   55 P    -1  -5  -5  -3  -1  -1  -1  -4  -5  -3  -4  -3  -5  -6   8  -1  -2  -7  -6   0    6   0   0   1   1   3   3   1   0   1   1   1   0   0  68   4   2   0   0   7  1.77 0.59
   56 D    -3  -3   0   5  -4   1   5  -5  -4  -4  -6   0  -5  -6  -4  -1  -3  -6  -5  -5    2   0   4  32   0   5  45   0   0   1   0   5   0   0   0   3   1   0   0   1  1.22 0.48
   57 D    -3  -2  -1   7  -2  -2   2  -3  -2  -2  -4  -3  -4  -5  -1  -2  -1  -6  -1  -1    2   2   2  57   1   1  13   1   1   3   1   1   0   0   3   2   5   0   2   4  1.10 0.43
   58 Q     1   3  -1  -2  -1   1  -1  -3  -1   0   0   1  -1   0  -2  -1  -1   0  -2   1   15  20   2   2   1   9   2   1   1   6  11   8   1   4   1   2   3   1   0   9  0.17 0.15
   59 T     1  -1  -2   1  -4   3   2  -3  -1  -2  -1   0  -2  -3   2   0   0  -2  -3  -1   11   3   1   9   0  17  17   1   1   2   5   3   1   1  12   6   5   1   0   5  0.31 0.20
   60 K    -1   3   1  -1  -3   2   0  -3   2  -1   0   1  -2  -2   1  -1  -1  -2   0  -2    5  23   6   2   0  10   3   0   6   4  10   8   1   2   8   3   4   0   3   2  0.24 0.17
   61 V    -1  -3  -4  -2   2  -2  -3  -4   0   1   0  -3   0   3  -3  -2   1  -3   1   4    5   1   0   2   5   2   1   1   3   8   7   0   2  12   1   2   8   0   4  34  0.37 0.22
   62 L    -1   0  -2  -2  -1   1   0  -3  -2   1   1   0   2   2  -3  -1   0   0   0   0    4   6   2   1   2   9   5   1   0  11  17   5   8  10   0   5   5   2   2   7  0.12 0.11
   63 A     2   0   1   1  -2   2   2  -2   1  -2  -3   0  -2  -4  -2  -1   1  -4  -1  -2   24   4   7   7   1  12  14   1   3   2   2   6   1   0   1   2  10   0   2   1  0.27 0.20
   64 T     1   0   1   0   1   1   1  -1   0   0  -1   0  -1  -1  -1   1   0  -2  -1  -1   16   6   9   3   3   5   9   3   2   8   5   7   0   2   2  10   4   0   2   4  0.07 0.07
   65 L    -2  -3  -4  -2  -1  -2  -4  -5   1   4   3  -4   2   2  -5  -4  -2   2   0   1    3   1   1   2   1   2   0   0   4  25  32   0   4  10   0   0   1   3   3   7  0.54 0.25
   66 E     0   2   1  -1  -2   3   2  -3   1  -3  -3   1  -2  -2  -1   1   1   0  -1  -2    9  12   6   3   1  14  13   1   3   1   1   7   1   1   2  13   9   1   1   1  0.26 0.18
   67 Q     0   1   2   0  -2   3   1  -3   1  -3  -2   2  -3  -3  -1   1   0  -4   0  -3    6   7  10   3   1  19   9   1   3   1   4  13   0   1   3   8   5   0   5   1  0.28 0.19
   68 A     2  -3  -1  -2   1   0  -2  -2   0   1   2  -2   0   0  -2   0   0  -3  -1   1   24   0   2   1   3   4   2   1   3   9  20   1   2   3   1   5   5   0   2  12  0.18 0.14
   69 F    -1  -1  -2  -4  -1  -1  -2  -3  -2   3   3  -2   2   2  -2  -1  -1  -2  -1   1    4   3   1   0   1   2   2   2   1  18  34   2   4   8   1   6   3   0   2   6  0.30 0.17
   70 A     1   0   1   0  -2   2   1   0  -2  -2  -1   1  -1  -3  -1   1   1  -1  -3  -1   14   3   5   3   1  13  11   5   0   1   5   9   2   1   2  10   9   1   0   3  0.16 0.12
   71 Q    -1   0   1  -1  -3   4   1   2   0  -3  -3   1  -2  -4  -3   0   2  -4  -4  -3    3   5   6   3   0  24   9  15   2   1   2   8   0   0   0   6  15   0   0   1  0.41 0.24
   72 Q    -1   2   0  -2  -4   2   1   3   1  -4  -3   2  -3  -3   0  -1  -2   1  -1  -4    4  10   4   1   0   9  11  27   3   0   2  14   0   1   5   3   1   2   3   1  0.36 0.20
   73 Q    -1  -1   0   1  -2   3   3  -1   1  -3  -3   1  -3  -2   0   0   0  -4  -1  -2    3   2   5   5   1  16  26   6   3   1   2  10   0   2   5   5   4   0   2   3  0.33 0.20
   74 A     0  -1  -1  -1   2  -1  -1  -2   1   1   0  -1   0   0   3   0   0  -3  -1   1    5   3   3   4   5   2   4   1   5  10   9   1   2   4  13  10   5   0   2  12  0.11 0.08
   75 Y    -2  -2   0  -3   2   1  -2  -4  -1   1   1  -2  -1   3  -4  -1  -1   2   5   0    1   1   5   1   4   9   1   0   1   8  12   3   1  15   0   3   4   2  24   5  0.43 0.23
   76 E    -1   1   0   2  -3   2   2  -2   0   0  -2   0  -2  -3  -1   1   1  -4  -2  -1    4  10   3  12   0  10  14   1   2   8   2   5   0   0   2   9  12   0   1   4  0.20 0.14
   77 L    -1  -1  -2  -3   0   0  -1  -2   1   3   2  -2   0   2  -3  -2  -2   0   1   2    3   2   2   0   2   5   5   3   4  19  17   1   1  12   0   2   1   1   4  14  0.19 0.14
   78 D    -5  -4  -3  -1  -8  -2   8  -6  -4  -3  -7  -2  -6  -7  -5  -4  -5  -7  -6  -4    0   0   1   2   0   0  92   0   0   2   0   1   0   0   0   0   0   0   0   1  2.32 0.77
   79 Y    -2  -4  -2  -4  -1  -3  -2  -4   2   0  -1  -1  -2   3  -5  -1  -1  -2   7   0    4   0   2   0   2   1   2   1   5   5   7   4   1  10   0   4   3   0  42   7  0.84 0.36
   80 R    -4   7  -1  -2  -3   3  -1  -5  -1  -1  -3  -1  -3  -3  -5  -3  -1  -6  -3  -1    1  59   3   2   1  11   3   0   2   4   2   1   0   1   0   0   4   0   1   5  1.14 0.46
   81 F    -3  -2   0  -5   4  -4  -4  -4  -1   3   1  -4   0   4  -5  -3  -3   1   3   1    1   2   5   0  11   0   0   1   1  20  13   0   1  22   0   1   0   2  11   8  0.59 0.26
   82 Q    -2   1  -3  -3  -1   1  -3  -4  -1   2   3   0   0  -1  -1  -2  -1  -3   2   2    1  10   1   1   2   7   0   0   2  14  29   5   0   1   3   1   2   0   8  13  0.28 0.19
   83 H    -3   4  -1  -3   0   1  -3  -2   7  -4  -1  -1  -1  -4  -3  -1   2  -3  -3  -3    1  23   2   1   2   6   0   3  32   0   5   1   2   0   1   5  15   0   0   1  0.87 0.37
   84 H     0   0  -1  -2  -3   2  -1  -3   1  -3  -2   4  -3  -4   4  -1  -2  -5  -4  -3   10   4   3   2   1  12   1   1   3   1   3  34   0   1  19   3   1   0   0   1  0.61 0.29
   85 D    -1  -4   3   6  -4  -2  -1  -1  -1  -5  -6  -3  -5  -5  -4   0   0  -6  -4  -4    4   0  14  56   0   2   2   4   1   0   0   1   0   0   0   8   6   0   0   1  1.15 0.42
   86 G    -2  -2   0  -3  -4  -3  -3   7  -5  -6  -6  -2  -5  -6  -4  -1  -4  -5  -6  -6    2   2   4   1   0   1   1  81   0   0   0   2   0   0   1   3   0   0   0   0  1.74 0.53
   87 S    -1  -1   1  -1  -3   1   2  -2   1  -2  -3   0  -2  -3  -3   3   2  -4  -2  -2    4   3   6   2   0   7  13   2   3   2   2   5   0   1   0  30  16   0   1   2  0.37 0.22
   88 Y    -2  -1  -2  -3   1  -1   1  -3  -1   2  -1  -1   0  -1  -2  -2   0   6   4   1    3   4   1   1   3   1  11   1   1  15   6   3   2   1   2   2   6  11  19   8  0.37 0.20
   89 V    -3   6  -3  -4  -1  -2  -3  -4  -2   3  -1  -1  -1   0  -4  -3  -2  -4  -1   2    1  46   1   0   1   1   0   1   1  16   4   1   1   4   0   1   2   0   2  16  0.79 0.33
   90 W    -4  -5  -3  -4  -3  -5  -5  -5  -2   1  -4  -5  -2  -2  -2  -5   0  12   1  -2    1   0   1   1   0   0   0   0   1   8   1   0   1   1   3   1   8  64   4   3  2.61 0.68
   91 I    -3  -3  -3  -4   0  -1  -4  -5  -4   4   3  -4   1   1  -4  -2  -2  -2  -1   3    1   1   1   0   2   4   0   0   0  27  24   0   3   5   0   3   1   1   2  25  0.58 0.25
   92 Q    -1   0  -2   0  -1   2   4  -3  -1  -3   0  -1  -3  -2  -4   0  -3   5   3  -3    5   6   1   3   2  10  31   2   1   1   8   1   0   1   0   7   0   8  11   1  0.47 0.26
   93 D     0  -3  -2   4  -2  -2   1  -1  -1   1  -1  -2  -2   2  -3   0  -1   3  -2  -1    9   0   0  27   1   1  10   5   1   8   5   0   1   9   0   8   3   5   0   5  0.29 0.18
   94 R    -2   4   2  -2  -2   3  -1  -2   0  -1  -4   0  -3  -3  -3   3   0  -4  -1  -3    1  25  10   0   1  13   3   2   2   5   1   5   0   1   0  23   5   0   3   1  0.46 0.25
   95 G     2  -2  -1  -2   3  -2  -1   3  -2   1  -1  -1  -2  -2  -2   1   0  -2  -3  -1   17   1   2   2   7   1   3  25   1  11   5   2   1   1   1  12   5   1   0   3  0.24 0.14
   96 V     1   1   0  -2  -1   0  -2  -2   0   0  -1   0  -1   3  -2   1   0  -2   0   1   11  10   4   1   1   5   1   2   2   4   4   4   1  18   1  13   6   0   1  11  0.13 0.11
   97 P     2  -1  -2  -1   0  -2  -1  -2  -1  -1  -2  -1  -2  -3   5  -1  -2  -3  -2   1   16   3   1   4   2   1   3   2   2   4   3   2   1   1  35   4   1   0   1  13  0.60 0.22
   98 K    -1   1   0  -1  -2   0   0  -1   0   1   0   2  -1   1  -1   1   0  -1   1   0    3   8   4   2   1   4   4   3   2  10   7  16   1   9   2  11   3   1   4   6  0.06 0.05
   99 D     0  -1  -1   0  -1   1   1  -1   0   0   1   0   0   0   0  -1  -1  -1  -1   1    7   3   2   5   1  10  11   3   3   6  17   4   1   4   4   4   3   1   1  10  0.05 0.04
  100 I     0  -3  -2  -2  -2  -2  -2  -3  -3   3   1  -2   1  -1  -3  -2   1  -3  -2   4    6   1   1   3   0   1   2   1   0  23  12   2   3   1   1   2   8   0   1  31  0.39 0.19
  101 T    -2   3  -1  -1   0   0   0  -3   1  -2   0   1  -2   3  -3  -1   0   2   2  -2    3  21   3   3   2   4   4   1   3   2   8   9   0  14   0   4   6   3   7   2  0.22 0.14
  102 A     0  -3   3   6  -4  -2  -1  -2  -2   0  -1  -2  -3  -3  -3  -1   0  -5  -4  -2    8   0  17  43   0   1   1   2   1   6   6   1   0   1   0   3   5   0   0   3  0.69 0.29
  103 Q     1   0   1   2  -3   1   3  -2  -1  -3  -3   0  -3  -3   0   0   0  -4  -2  -2   14   4   5  14   0   6  25   2   1   1   1   5   0   1   5   7   4   0   1   2  0.33 0.17
  104 D     1   0   1   2  -1   1   1   0   1  -2  -1   0  -1  -2  -2   0   1  -2  -2  -1   11   4   8  12   1   8   9   8   4   2   5   3   0   1   1   7  10   1   1   5  0.11 0.08
  105 S    -1  -3  -1   0  -3  -4  -3   6  -3  -4  -2  -3  -3  -5  -4   1  -2  -4  -4  -4    4   1   2   4   1   0   1  65   0   1   6   1   1   0   0   9   2   0   0   1  1.12 0.38
  106 D    -1   0   4   0  -4   2   2  -2   1  -2  -2   2  -2  -3  -1   0  -1  -1   0  -2    4   4  21   3   0  12  14   2   3   3   3  14   1   1   3   4   2   1   3   3  0.28 0.16
  107 Q     0  -2  -2   0  -1  -1  -1  -3  -3   1   0  -2  -1   2   4  -1  -1  -1  -1   2    6   1   2   5   1   2   4   1   0  11   8   1   1  10  20   3   3   1   2  17  0.25 0.13
  108 F    -2  -2   0  -2  -1   0  -2  -2  -1   2   2  -2   0   2  -2  -2   0  -1   4   1    2   1   5   3   1   4   2   2   1  12  20   2   2   8   1   2   8   1  16   7  0.18 0.12
  109 W    -1   4  -2  -2  -3   0   3   2   1  -3  -2   0  -2  -3  -3  -1  -3   1   0  -1    3  24   1   1   0   3  26  16   3   1   3   2   0   0   0   4   0   2   4   6  0.41 0.23
  110 V    -2  -1  -4  -5   1  -3  -4  -4  -1   4   1  -3   2   2  -4  -3  -1   1   4   2    1   5   0   0   3   0   0   1   1  27  11   0   6   6   0   1   4   2  18  13  0.50 0.23
  111 I     0   1  -3  -3  -1   0  -1  -4  -4   3   0  -3   3  -2  -4  -1   0  -2  -2   4    9   7   0   1   1   4   5   0   0  20   3   0  10   1   0   4   5   0   1  30  0.37 0.21
  112 G     2  -4  -3  -4   0  -4  -4   6  -5  -3  -3  -4  -4  -4  -4  -1  -3  -2  -4   0   19   0   0   0   2   0   0  64   0   1   2   0   0   0   0   2   1   0   1   8  1.20 0.40
  113 V    -2  -3   1  -1  -3  -2  -2  -3  -2   4   0  -3   0   0  -3  -1   1  -3   3   2    2   0   7   3   0   1   3   1   1  31   4   0   1   3   0   5   8   0  11  19  0.35 0.19
  114 M     2  -2  -1  -2   1   0  -2   0  -1   1   0  -2   1   0  -3   0   0   4  -2   1   20   2   4   2   4   5   2   6   1   8   7   0   3   3   0   6   7   8   0  13  0.14 0.11
  115 R     0   5  -2  -3  -5   2   2  -4   0  -1  -2   0  -2  -3  -4  -2   0  -5  -2  -1    8  44   1   0   0  10  11   0   2   4   3   4   0   1   0   0   5   0   1   6  0.63 0.29
  116 D    -5  -5   1   8  -7  -4   0  -5  -5  -7  -7  -4  -7  -7  -5  -4  -5  -8  -7  -7    0   0   5  91   0   0   4   0   0   0   0   0   0   0   0   0   0   0   0   0  2.43 0.65
  117 I    -5  -7  -7  -7  -5  -6  -7  -7  -7   8  -2  -6  -2  -3  -6  -6  -4  -6  -5   1    0   0   0   0   0   0   0   0   0  94   0   0   0   1   0   0   0   0   0   5  2.26 0.63
  118 S    -3  -3  -3  -2  -4  -3  -4  -5  -5  -4  -5  -4  -4  -6  -4   2   7  -6  -5  -3    1   1   0   2   0   0   0   0   0   0   0   0   0   0   0  12  82   0   0   1  1.78 0.60
  119 D    -2  -3  -1   3  -4   2   6  -4   0  -6  -5   1  -4  -6  -2  -2  -3  -6  -3  -4    3   0   2  17   0   9  53   0   2   0   0   9   0   0   1   1   1   0   1   1  1.04 0.39
  120 R    -4   8  -4  -5  -7  -1  -4  -5  -1  -5  -3  -1  -5  -6  -6  -3  -5  -6  -3  -6    0  89   0   0   0   2   0   0   1   0   3   1   0   0   0   1   0   0   1   0  2.21 0.64
  121 K    -4  -1  -4  -4  -5   0  -2  -5  -2  -5  -6   8  -3  -5  -5  -4  -4  -7  -5  -5    0   1   0   0   0   2   1   0   1   0   0  93   0   0   0   0   0   0   0   1  2.15 0.65
  122 Q    -4   5  -2  -4  -4   7  -1  -5  -1  -5  -2   0  -4  -5  -5  -3  -4  -2  -2  -5    0  31   1   0   0  52   2   0   1   0   5   3   0   0   0   1   0   1   1   0  1.39 0.50
  123 V     5  -3  -3  -4  -3  -1  -3  -3  -4   0   2  -3  -2  -4  -4  -1  -1  -5  -3   1   55   1   1   0   0   2   1   0   0   4  23   0   0   0   0   2   4   0   0   8  0.72 0.34
  124 E    -4  -4  -4   1  -7   0   8  -6  -4  -7  -6  -3  -6  -7  -5  -4  -3  -6  -6  -6    0   0   0   5   0   2  92   0   0   0   0   0   0   0   0   0   1   0   0   0  2.18 0.65
  125 L     2  -1  -1  -1  -3   3   3  -2  -2   0  -1  -1  -1  -3  -2  -1  -1  -3  -2   0   25   2   2   1   0  13  24   2   1   5   7   2   1   1   1   3   3   0   1   8  0.29 0.18
  126 D    -3  -3   0   3  -6   1   7  -4  -3  -3  -6  -1  -5  -6  -4  -3  -4  -6  -2  -5    1   0   3  15   0   4  70   1   0   1   0   3   0   0   0   1   0   0   1   0  1.47 0.49
  127 M    -3  -5  -5  -6  -4  -5  -5  -6  -5   6   3  -5   4  -2  -5  -4   0  -5  -4   2    1   0   0   0   0   0   0   0   0  48  23   0  11   0   0   0   7   0   0   9  1.03 0.36
  128 H    -4   6  -1  -4  -1   0  -2  -5   2   0   0   1  -2  -2  -5  -3  -3  -3   0  -3    0  54   2   0   1   4   1   0   5   6  12   6   1   1   0   1   1   0   4   0  0.92 0.36
  129 N    -1   1   3  -2  -4   2  -1  -3   0  -1   0   4  -1  -3  -3  -1   0  -4  -1  -1    3   8  17   0   0   8   2   0   3   4  11  30   1   0   0   3   4   0   2   3  0.35 0.21
  130 A     6  -4  -3  -5  -4  -3  -3  -3  -5  -5  -5  -4  -3  -5  -4   1   1  -6  -5  -3   83   0   1   0   0   1   1   0   0   0   0   0   0   0   0   7   7   0   0   0  1.50 0.53
  131 L    -5  -5  -7  -7  -5  -4  -6  -7  -6  -1   7  -6   0  -2  -6  -6  -4  -5  -4  -1    0   0   0   0   0   1   0   0   0   1  96   0   1   0   0   0   0   0   0   2  1.84 0.56
  132 M     3  -3  -2  -1  -4   3   5  -3  -1  -3  -3  -1  -1  -4  -4  -2   0  -5  -4  -2   24   0   1   2   0  13  46   0   1   1   1   1   1   0   0   0   5   0   0   2  0.79 0.36
  133 R    -3   4  -3  -4  -6   3  -2  -4  -3  -5  -5   6  -3  -6  -4  -3  -1  -6  -5  -5    1  23   0   0   0  10   0   1   0   0   0  60   1   0   0   0   3   0   0   0  1.44 0.49
  134 E    -3  -4  -4  -2  -8  -1   8  -6  -4  -7  -7  -3  -6  -7  -5  -4  -5  -7  -6  -6    1   0   0   0   0   1  98   0   0   0   0   0   0   0   0   0   0   0   0   0  2.44 0.72
  135 K    -4   4  -3  -4  -6   1  -2  -5  -2  -4  -5   7  -4  -6  -4  -3  -4  -6  -5  -5    0  24   0   0   0   6   0   0   1   1   0  68   0   0   0   0   0   0   0   0  1.67 0.54
  136 E    -5  -4  -4  -1  -7   1   8  -6  -1  -7  -7  -2  -6  -7  -5  -4  -4  -7  -6  -6    0   0   0   2   0   4  92   0   1   0   0   1   0   0   0   0   0   0   0   0  2.22 0.67
  137 L    -5  -5  -7  -7  -4  -5  -6  -7  -6   1   6  -6  -1  -1  -6  -6  -4  -5  -4  -1    0   0   0   0   0   0   0   0   0   4  93   0   0   1   0   0   0   0   0   2  1.77 0.54
  138 N    -3   0   6  -2  -5  -3  -3   1  -2  -4  -5  -3  -2  -5  -4   4  -1  -6  -5  -3    0   4  41   0   0   0   0  10   0   0   0   0   1   0   0  39   2   0   0   1  1.11 0.44
  139 Q    -1  -3  -2   2  -6   2   7  -5  -2  -4  -4  -1  -3  -6  -4  -3  -3  -6  -5  -4    5   0   1   9   0  10  68   0   0   1   1   2   0   0   0   1   0   0   0   1  1.34 0.47
  140 L    -3  -5  -6  -7  -2  -5  -6  -5  -6  -1   6  -5   3  -2  -6  -5  -4  -5  -4  -1    2   0   0   0   1   0   0   1   0   1  87   0   5   1   0   0   0   0   0   3  1.56 0.49
  141 K    -4   2  -4  -4  -7  -1  -3  -5  -4  -6  -6   8  -5  -7  -5  -4  -4  -7  -5  -6    0   9   0   0   0   1   0   0   0   0   0  90   0   0   0   0   0   0   0   0  2.18 0.65
  142 T    -1  -4  -2  -4  -4  -3  -4  -4  -4  -3  -4  -4  -4  -2  -4   6   3  -6  -5  -4    3   0   1   0   0   0   0   0   0   1   2   0   0   2   0  73  18   0   0   0  1.41 0.54
  143 R    -4   8   0  -3  -3   0  -2  -4   0  -6  -6   1  -5  -6  -5  -1  -4  -6  -5  -6    0  77   4   1   1   2   1   1   2   0   0   6   0   0   0   4   0   0   0   0  1.77 0.54
  144 F    -6  -7  -7  -7  -6  -7  -7  -7  -5   0  -3  -7  -4   9  -8  -6  -6  -3  -1  -3    0   0   0   0   0   0   0   0   0   5   0   0   0  94   0   0   0   0   0   1  2.82 0.71
  145 I    -4  -6  -6  -6  -4  -5  -6  -6  -6   6  -1  -5  -1   3  -6  -5  -3  -5  -3   5    0   0   0   0   0   0   0   0   0  42   1   0   0  12   0   0   0   0   0  45  1.36 0.45
  146 D     1  -4  -2  -1   0  -3  -3  -3  -4  -4  -5  -3  -4  -5  -4   6   3  -6  -5  -4   11   0   1   3   2   0   0   1   0   0   0   0   0   0   0  62  21   0   0   0  1.18 0.47
  147 I    -4  -5  -5  -6  -5  -4  -6  -6  -2   2   0  -5  10  -4  -6  -5   2  -5  -5   0    0   0   0   0   0   0   0   0   1  12   4   0  67   0   0   0  12   0   0   4  2.00 0.62
  148 A     4  -4  -4  -4  -3  -4  -4  -4  -5   1  -2  -3  -1  -4  -4  -2   5  -5  -4   2   33   0   0   0   0   0   0   0   0   8   2   0   1   0   0   0  39   0   0  17  0.85 0.38
  149 S    -1  -4  -3  -4  -5  -4  -4  -4  -5  -6  -6  -4  -5  -6  -4   7  -1  -7  -5  -5    3   0   0   0   0   0   0   0   0   0   0   0   0   0   0  96   1   0   0   0  2.09 0.69
  150 H    -6  -5  -4  -5  -7  -4  -4  -6  11  -8  -7  -5  -6  -6  -7  -5  -6  -7  -2  -8    0   0   0   0   0   0   0   0 100   0   0   0   0   0   0   0   0   0   0   0  3.88 0.91
  151 E    -5  -4  -4  -2  -8  -2   8  -6  -4  -7  -7  -3  -6  -7  -5  -4  -5  -7  -6  -6    0   0   0   1   0   0  99   0   0   0   0   0   0   0   0   0   0   0   0   0  2.52 0.73
  152 F    -6  -7  -7  -7  -6  -7  -7  -7  -5  -1  -2  -7  -4   9  -7  -6  -6  -3   1  -4    0   0   0   0   0   0   0   0   0   3   2   0   0  92   0   0   0   0   3   0  2.75 0.70
  153 R    -5   8  -4  -5  -7  -3  -4  -2  -4  -7  -6  -1  -5  -7  -6  -4  -5  -7  -6  -6    0  96   0   0   0   0   0   3   0   0   0   1   0   0   0   0   0   0   0   0  2.56 0.71
  154 T    -4  -5   2  -4  -5  -4  -5  -5  -5  -5  -5  -4  -4  -6  -5  -2   8  -6  -5  -3    0   0   8   0   0   0   0   0   0   0   0   0   0   0   0   0  91   0   0   0  2.19 0.69
  155 P    -5  -6  -6  -6  -7  -5  -5  -6  -6  -7  -7  -5  -7  -8   9  -5  -5  -8  -7  -7    0   0   0   0   0   0   0   0   0   0   0   0   0   0 100   0   0   0   0   0  3.37 0.82
  156 L    -5  -6  -7  -7  -5  -6  -6  -7  -6  -1   7  -6   0  -3  -6  -6  -5  -5  -4  -2    0   0   0   0   0   0   0   0   0   0  99   0   1   0   0   0   0   0   0   0  1.97 0.58
  157 T     2  -4   0  -4  -4  -3  -3  -4  -4  -4  -5  -3  -4  -5  -4   4   6  -6  -5  -3   18   0   4   0   0   0   0   0   0   0   0   0   0   0   0  30  47   0   0   0  1.14 0.46
  158 S    -1  -4  -3  -4  -4  -4  -4  -4  -5  -1  -3  -4  -4  -5  -4   1   7  -6  -5   0    3   1   0   0   0   0   0   0   0   3   1   0   0   0   0   9  78   0   0   5  1.59 0.56
  159 I    -2  -6  -7  -7  -5  -6  -7  -7  -7   8  -2  -6   0  -4  -6  -5  -3  -6  -5   1    4   0   0   0   0   0   0   0   0  90   0   0   2   0   0   0   0   0   0   4  2.08 0.60
  160 L    -3  -3  -5  -6  -4   2  -4  -6  -4  -1   6  -3   2   0  -5  -2  -4  -4  -1  -2    1   1   0   0   0   9   0   0   0   2  73   1   5   2   0   4   0   0   2   1  1.07 0.40
  161 G     2  -4  -3  -4  -4  -3  -3   0  -4  -3  -2  -3   2   1  -4   5   0  -5  -4  -3   15   0   0   0   0   0   0   7   0   1   5   0   6   6   0  58   3   0   0   1  0.84 0.39
  162 F     1  -4  -3  -4  -4  -4  -4  -4  -4  -5  -6  -4  -5  -1  -4   7   0  -6  -3  -4   12   0   0   0   0   0   0   0   0   0   0   0   0   3   0  81   3   0   1   0  1.57 0.57
  163 T     5  -4  -3  -4   2  -3  -4  -3  -4  -2  -3  -3  -4  -5  -4   2   2  -5  -4  -1   59   0   0   0   4   0   0   1   0   2   1   0   0   0   0  18  13   0   0   3  0.97 0.41
  164 E    -2  -3  -3   3  -6   3   6  -1  -3  -6  -6  -1  -5  -6  -4  -3  -3  -6  -5  -5    2   0   0  14   0  15  60   6   0   0   0   2   0   0   0   0   0   0   0   0  1.34 0.47
  165 L    -2  -5  -6  -6  -3  -5  -5  -6  -5   2   6  -5   2  -1  -5  -3  -2  -4  -4  -1    4   0   0   0   0   0   0   0   0  11  74   0   3   2   0   2   2   0   0   2  1.16 0.40
  166 L    -5  -6  -7  -7  -5  -5  -6  -7  -6  -1   7  -6   1  -2  -6  -6  -4  -5  -4  -2    0   0   0   0   0   0   0   0   0   1  96   0   2   1   0   0   0   0   0   1  1.85 0.56
  167 E    -3  -1  -2  -1  -7   3   7  -4  -1  -6  -6   2  -5  -6  -4  -3  -3  -6  -5  -4    1   2   1   1   0  12  69   1   1   0   0  11   0   0   0   0   0   0   0   1  1.48 0.51
  168 Q    -3   2   3   1  -3   0  -1  -4   7  -4  -4   0  -4   1  -4  -1  -2  -4   3  -5    0  11  14   6   1   4   2   0  34   0   0   5   0   5   0   3   2   0  11   0  0.89 0.34
  169 Y    -4  -5  -4  -6   1  -5  -6  -6  -1  -5  -4  -5  -4   3  -5   0  -5  -2   9  -5    1   0   1   0   2   0   0   0   0   0   0   0   0  11   0   7   0   0  77   0  2.30 0.65
  170 A     0   2   1  -1  -2   0  -2   3   1  -2  -3  -1  -3  -4   0   3  -1  -4  -3  -2    6  13   5   2   1   3   1  23   4   2   2   2   0   0   4  30   1   0   1   2  0.39 0.22
  171 H    -2  -2   1   3  -5   1   1  -3   8  -4  -4  -1  -4  -3  -2  -1  -2  -4   1  -4    2   1   6  17   0   7   9   1  40   1   1   3   0   1   1   3   1   0   4   1  0.99 0.35
  172 K    -2   2   1  -1  -5   2   2  -4  -2  -4  -5   6  -4  -5  -4  -1  -1  -5  -3  -4    1   8   5   2   0   8  13   0   1   1   0  52   0   0   0   4   3   0   1   0  0.90 0.35
  173 F    -2  -6  -5  -6   0  -4  -5  -3  -6   0   2  -6  -3   2  -6  -3  -4  11  -1  -4    3   0   0   0   2   0   1   2   0   5  22   0   0   8   0   2   1  53   1   0  2.13 0.57
  174 N    -1  -3   1   2  -4  -2  -1  -2  -2  -4  -4  -2  -3  -5   0   4   4  -5  -4  -3    2   0   7  12   0   1   2   2   1   0   1   1   0   0   4  34  32   0   0   1  0.72 0.34
  175 P    -1  -2   0   3  -5   1   5  -4   0  -2  -4   0  -3  -5   2  -2  -2  -5  -1  -2    5   1   4  14   0   6  42   0   2   2   1   4   0   0  11   1   1   0   2   3  0.68 0.29
  176 E    -1  -3  -2   3  -3   2   6  -4  -1  -6  -6  -1  -5  -6  -2  -1  -1  -6  -4  -4    5   0   1  14   1   6  61   0   1   0   0   2   0   0   2   3   4   0   0   1  1.15 0.43
  177 A    -3   1  -3  -2  -6   1   2  -5  -4  -6  -6   7  -4  -6  -4  -3  -3  -6  -5  -4    1   6   0   2   0   5  11   0   0   0   0  74   0   0   0   0   0   0   0   1  1.55 0.52
  178 Q    -4   3  -2  -3  -6   4  -1  -5  -1  -3  -3   6  -4  -6  -4  -2  -3  -6  -5  -5    0  12   1   0   0  20   1   0   1   1   2  58   0   0   0   2   1   0   0   0  1.27 0.46
  179 R    -2   1   0  -2  -4   3  -1  -4   0   0   3  -1   0  -1  -4  -2  -1  -4  -3  -1    1   7   5   2   0  19   4   1   3   6  39   3   1   3   0   2   2   0   0   3  0.34 0.21
  180 R    -1   3   1  -1  -4   1   2  -2  -1  -1  -2   2  -1  -3  -3   1   2  -4  -3  -1    4  16   8   1   0   6  13   1   1   4   3  17   1   0   0   8  15   0   0   3  0.29 0.17
  181 H    -3  -3   2  -4  -2  -1  -4  -5   9  -3  -2  -4  -2  -2  -6  -4  -5  -4   5  -3    2   0   8   0   1   3   0   0  59   1   4   0   1   1   0   0   0   0  17   2  1.84 0.55
  182 L    -4  -5  -6  -6  -3  -4  -6  -6   0   2   5  -5  -1   5  -6  -5  -4  -3   0  -2    0   0   0   0   0   0   0   0   3  10  62   0   0  22   0   0   0   0   2   1  1.16 0.40
  183 Q    -3   2   1   1  -4   5   1  -2   6  -5  -4   1  -3  -4  -4  -1  -3  -3   1  -3    1   9   8   8   0  27   7   2  23   0   0   6   0   0   0   2   0   0   4   2  0.76 0.32
  184 R    -4   7  -2  -5   0   2  -3  -4   1  -5  -4   1  -3  -6  -5  -3  -2  -6  -4  -5    0  74   1   0   3   8   0   1   3   1   1   6   0   0   0   0   2   0   0   0  1.65 0.53
  185 I    -5  -7  -7  -7  -5  -4  -7  -7  -7   8  -1  -6  -1  -4  -6  -6  -4  -6  -5   1    0   0   0   0   0   1   0   0   0  94   1   0   0   0   0   0   0   0   0   4  2.25 0.63
  186 K    -3   0  -1  -3  -4   8   0  -4  -1  -5  -5   2  -4  -6  -5  -3  -3  -5  -2  -5    1   4   2   0   0  69   5   1   1   0   0  12   0   0   0   1   0   0   2   0  1.61 0.56
  187 G     0  -2   2   1  -2  -1  -1   0  -1  -2  -2  -1  -2  -4  -3   3   4  -5  -4  -1    6   1   9   9   0   3   2   6   1   2   2   2   1   0   0  24  28   0   0   4  0.40 0.23
  188 A     5  -3  -1  -4  -1  -3  -3  -1  -4  -4  -4  -3  -1  -4  -4   4   1  -5  -1  -3   45   0   2   0   1   0   0   3   0   0   0   0   2   0   0  33   8   0   3   0  0.84 0.38
  189 A     1  -5  -5  -6  -2  -5  -5  -4  -6   2  -2  -5  -2  -4  -5  -1  -1  -6  -4   6   13   0   0   0   0   0   0   1   0   7   0   0   0   0   0   4   3   0   0  71  1.23 0.45
  190 Q    -3   1   1  -2  -5   3   1  -3   3  -3  -2   5  -3  -5  -4  -2  -1  -5  -4  -2    0   5   6   0   0  15   7   2   9   1   4  45   0   0   0   1   3   0   0   2  0.75 0.33
  191 R    -4   5   2  -4  -6   1  -2  -5   8  -6  -4  -2  -4  -4  -5  -3  -1  -5   1  -6    0  28  11   0   0   6   1   0  44   0   1   0   0   0   0   0   4   0   4   0  1.49 0.48
  192 L    -5  -5  -6  -7  -5  -4  -6  -7  -6   0   2  -5  10  -4  -6  -5  -1  -5  -5  -2    0   0   0   0   0   0   0   0   0   5  15   0  75   0   0   0   3   0   0   1  2.36 0.68
  193 Q    -1  -3   1  -3  -4  -1  -4  -4  -4   1  -3  -2  -2  -5  -4   0   6  -5  -4   0    4   0   7   0   0   3   0   1   0   7   2   2   1   0   0   4  64   0   0   7  1.06 0.43
  194 T    -2   1   0   0  -5   5   4   0  -1  -5  -4   1  -3  -5  -4   0  -1  -5  -4  -5    1   5   4   5   0  35  25   7   1   0   1   6   0   0   0   5   3   0   0   0  0.77 0.33
  195 L    -4  -5  -6  -7  -4  -5  -6  -7  -6   1   6  -5   6  -3  -6  -5  -4  -5  -4  -2    0   0   0   0   0   0   0   0   0   5  72   0  22   0   0   0   0   0   0   1  1.55 0.49
  196 V    -4  -5  -7  -7  -4  -5  -6  -7  -6   0   6  -6   0  -2  -6  -6  -4  -5  -4   1    0   0   0   0   0   0   0   0   0   4  87   0   1   0   0   0   0   0   0   8  1.60 0.50
  197 D    -4  -3   5   5  -6  -2   3  -3  -1  -6  -6  -2  -5  -6  -4   0  -2  -6  -5  -6    0   0  33  36   0   1  19   0   1   0   0   1   0   0   0   6   2   0   0   0  1.23 0.42
  198 D    -5  -5   1   8  -7  -3   0  -3  -4  -7  -7  -4  -7  -7  -5  -3  -4  -8  -7  -7    0   0   4  88   0   1   5   1   0   0   0   0   0   0   0   1   0   0   0   0  2.29 0.63
  199 V    -3  -6  -6  -6  -4  -5  -6  -6  -6   5  -1  -5  -2  -4  -6  -4  -3  -6  -4   6    1   0   0   0   0   0   0   0   0  29   2   0   0   0   0   0   1   0   0  67  1.57 0.49
  200 L    -5  -2  -7  -7  -5  -5  -6  -7  -6  -1   6  -5   0  -3  -6  -6  -4  -5  -4  -2    0   3   0   0   0   0   0   0   0   1  94   0   1   0   0   0   0   0   0   0  1.78 0.55
  201 S    -2  -4  -4  -5  -2  -4  -4  -5  -4   2   3  -4   0   2  -4  -1   3  -4  -2   2    2   0   0   0   0   0   0   0   0  12  35   0   1   9   0   4  19   0   0  18  0.56 0.26
  202 V    -3  -5  -6  -6  -4  -5  -6  -6  -6   6   3  -5   2   0  -5  -4  -3  -2  -3   2    1   0   0   0   0   0   0   0   0  56  23   0   4   3   0   1   0   1   0  11  1.16 0.39
  203 S    -1  -4   3  -3  -5  -4  -2   6  -3  -6  -6  -4  -5  -6  -5   2  -1  -6  -5  -5    2   0  13   1   0   0   2  63   0   0   0   0   0   0   0  15   3   0   0   0  1.31 0.43
  204 R    -4   4  -2  -4  -3   2   0  -5  -3  -4  -5   6  -4  -6  -4  -1  -2  -6  -5  -5    0  22   1   0   1   8   3   0   0   1   0  60   0   0   0   3   2   0   0   0  1.36 0.47
  205 V     6  -4  -4  -4  -3  -4  -3  -2  -3  -1  -4  -4  -3  -5  -4   0   0  -5  -5   1   72   0   0   1   0   0   0   2   0   3   0   0   0   0   0   6   6   0   0  10  1.11 0.44
  206 D    -4  -4  -2   2  -7  -2   7  -4  -4  -7  -7  -3  -6  -7  -5  -4  -4  -7  -6  -6    0   0   1  11   0   0  87   1   0   0   0   0   0   0   0   0   0   0   0   0  2.09 0.64
  207 A     6  -4  -3  -4  -3  -4  -2  -3  -4  -4  -4  -4  -1  -5  -3   1   1  -6  -5  -1   73   0   1   0   0   0   1   0   0   0   0   0   1   0   1  11   8   0   0   4  1.20 0.46
  208 G    -2  -4   0  -2  -6  -2  -3   7  -1  -7  -7  -2  -6  -6  -5  -3  -4  -6  -4  -5    1   0   4   2   0   2   2  83   2   0   0   2   0   0   0   0   0   0   0   1  1.78 0.51
  209 Q    -2   2   0  -4  -6   1  -2  -3  -4  -2  -5   7  -4  -6  -4  -2   0  -6  -5  -3    2   7   5   0   0   6   0   1   0   3   0  70   0   0   0   1   5   0   0   2  1.31 0.47
  210 L    -4  -5  -6  -6  -4  -3  -6  -6  -6   1   6  -5   1  -1  -6  -5  -3  -3  -4   0    1   0   0   0   0   1   0   0   0   5  84   0   2   2   0   0   1   0   0   3  1.44 0.46
  211 T     0  -1  -1   2  -5   3   5  -3  -2  -4  -4   2  -4  -5   0  -1  -2  -5  -4  -4    7   2   2   9   0  11  43   2   0   1   0  13   0   0   4   4   2   0   0   1  0.72 0.31
  212 L    -5  -6  -5  -7   3  -6  -6  -6  -4  -3   1  -6  -2   8  -7  -4  -5  -2   3  -3    0   0   0   0   6   0   0   0   0   0  15   0   0  69   0   1   0   0   8   1  1.85 0.53
  213 E    -3   1   5   0  -5   3   1  -3   2  -3  -5   3  -2  -4  -4  -1  -1  -5  -2  -4    1   6  36   3   0  13  10   0   5   1   0  16   1   0   0   3   3   0   1   1  0.72 0.31
  214 P    -4  -5  -6  -5  -6  -4  -5  -6  -6  -5  -1  -5  -6  -7   8  -3  -3  -7  -7  -5    1   0   0   0   0   0   0   0   0   0   7   0   0   0  89   1   1   0   0   0  2.72 0.70
  215 A     2  -1  -1  -2  -3   2   0  -1  -2   0  -1   1  -2  -3  -3   0   3  -4  -2   1   17   2   2   1   0   9   6   3   0   7   4   9   0   0   0   6  24   0   1  10  0.23 0.17
  216 P    -1  -3  -2  -2  -2  -1   0  -4  -1  -3   0  -2  -2  -2   6   1  -2   2  -2  -2    3   1   2   1   1   3   5   0   2   0  12   2   1   2  46  12   1   3   2   2  0.91 0.33
  217 V    -3  -5  -6  -6  -2  -5  -5  -6  -5   3   4  -5   3   2  -5  -5  -2  -4  -3   2    0   0   0   0   1   0   0   0   0  19  51   0   8   9   0   0   1   0   0  10  0.93 0.33
  218 H    -3  -4   4   7  -6  -2   1  -4  -1  -6  -6  -3  -5  -6  -3  -2  -4  -7  -6  -3    2   0  22  61   0   1   7   0   2   0   0   1   0   0   1   1   0   0   0   2  1.51 0.48
  219 F    -4  -5  -6  -7  -4  -5  -6  -7  -6   2   6  -5  -1  -1  -4  -5  -4  -5  -4   1    0   0   0   0   0   0   0   0   0   8  83   0   0   2   1   0   0   0   0   6  1.47 0.47
  220 E    -1   0  -1  -1  -3   0   3  -3  -1   2  -1   0  -2  -3  -3  -1  -1  -1  -2   3    4   6   3   3   0   3  24   0   1  11   4   4   0   0   1   4   2   1   1  28  0.27 0.19
  221 G     1   0   0   1  -4   4   2  -1  -1  -4  -3   2  -2  -4  -2   1  -1  -4  -1  -3   10   2   4   6   0  21  17   3   1   0   2  15   1   0   1   9   4   0   3   1  0.37 0.20
  222 L    -5  -6  -6  -7  -6  -6  -6  -7  -4  -3   1  -6  -3   8  -7  -6  -5   0   5  -3    0   0   0   0   0   0   0   0   0   0  13   0   0  70   0   0   0   1  15   1  2.05 0.57
  223 C    -5  -8  -7  -8  12  -7  -8  -6  -7  -4  -5  -7  -6  -4  -7  -3  -5  -7  -7  -5    0   0   0   0  96   0   0   0   0   1   0   0   0   1   0   2   0   0   0   0  3.91 0.87
  224 Q    -2   5   0  -3   0   4  -1  -2   3  -4  -1   0  -3  -2  -4   0  -1  -4   1  -4    2  32   3   0   2  21   3   3   8   0   6   2   0   1   0   9   3   0   6   0  0.55 0.28
  225 D    -2  -1   2   4  -5   3   3  -1   1  -4  -5   0  -4  -4  -3   1  -1  -5  -1  -4    2   2  10  26   0  13  19   4   4   1   0   3   0   0   0  10   4   0   3   1  0.55 0.25
  226 I    -4  -5  -6  -6  -4  -4  -6  -6  -5   3   5  -5   1   1  -6  -5  -3  -4  -3   1    0   0   0   0   0   0   0   0   0  15  69   0   2   6   0   0   0   0   0   7  1.18 0.39
  227 I    -2  -5  -6  -6  -4  -5  -5  -6  -6   4   0  -5  -1  -2  -5  -4  -1  -5  -4   6    3   0   0   0   0   0   0   0   0  21   8   0   1   1   0   0   3   0   0  64  1.26 0.43
  228 E    -1  -3  -2   1  -6   1   7  -4   0  -6  -5   0  -5  -6  -3  -1  -2  -6  -3  -5    5   0   1   5   0   4  71   1   2   0   0   3   0   0   1   4   2   0   1   0  1.34 0.47
  229 E    -4  -3  -1   1  -7   2   7  -4  -2  -6  -6  -2  -5  -6  -4   0  -2  -6  -5  -6    0   0   2   6   0   8  75   1   0   0   0   0   0   0   0   6   2   0   0   0  1.60 0.53
  230 L    -3  -4  -5  -5  -4  -1  -5  -6  -5   4   3  -4   6   1  -5  -3  -2  -4  -3   2    1   0   0   0   0   3   0   0   0  28  26   0  21   7   0   1   1   0   0  12  0.83 0.32
  231 Q    -3   2  -2  -2  -6   7   2  -4   0  -5  -4   2  -4  -6  -4  -2  -4  -5  -4  -5    1  11   1   1   0  58   9   1   2   0   1  11   0   0   0   2   0   0   0   0  1.33 0.48
  232 V    -3  -2  -4  -5  -3   0  -3  -3  -2   3   4  -4   2   1  -3  -3  -2  -4  -3   1    1   2   0   0   0   5   1   2   1  22  47   0   5   5   1   1   2   0   0   6  0.61 0.26
  233 V     0  -2   3  -1  -3  -2  -2   1  -2  -1  -3  -2  -3  -4  -3   4   2  -5  -3  -1    8   1  19   3   0   0   0  11   1   3   1   1   0   0   0  32  14   0   0   5  0.48 0.25
  234 F     2  -3   0   1  -2   0  -2  -2  -1   1   1  -2  -1   0  -3   0   2  -3   0   0   22   0   3  11   1   5   1   1   1   9  14   0   1   4   0   4  14   0   3   6  0.14 0.13
  235 G     0   0   2   1  -3   0  -1   4  -1  -3  -3   1  -3  -4  -1   1   0  -4  -2  -3    6   6  10   7   0   3   2  31   1   1   1   8   0   0   2  12   6   0   1   1  0.35 0.16
  236 H    -1   0   4   1  -3   1   1  -1   1  -4  -4   2  -3  -4   1   1   1  -3  -2  -3    4   3  24   7   0   6   7   3   4   0   1  14   0   0   6  13   7   0   1   0  0.38 0.19
  237 T    -1   1   2  -1  -3   5   1  -2   2  -3  -4   2  -3  -4  -2   0   1  -4  -2  -3    4   5  12   2   0  32   5   2   4   1   1  16   0   0   1   4   8   0   1   1  0.54 0.26
  238 H    -3   0   0  -3   2   1  -3  -5   9  -6  -4  -2  -4  -3  -2  -2  -3  -5   2  -5    2   6   3   1   4   7   0   0  60   0   1   2   0   1   2   3   1   0   7   0  1.70 0.51
  239 P     0   2   0  -1  -2   3   0  -2   0  -1  -1   1  -2  -3   1   0   2  -4  -2  -1    7  12   5   1   1  14   3   1   3   5   4   7   0   0   6   5  20   0   0   4  0.21 0.15
  240 I    -4  -6  -6  -6  -3  -6  -5  -6  -6   7   3  -6  -1  -3  -6  -5  -3  -5  -4   1    0   0   0   0   0   0   0   0   0  70  24   0   1   0   0   0   0   0   0   4  1.55 0.48
  241 R     0   0   3   0   0  -1   0  -2   0   1  -1  -1   0  -1  -2   0   2  -3  -1   1    7   4  17   4   2   2   5   1   2  10   5   3   2   2   1   8  14   0   2  11  0.12 0.11
  242 F    -5  -6  -6  -6  -1  -6  -6  -6  -3  -2   1  -6  -2   9  -7  -6  -5   0   0  -3    0   0   0   0   1   0   0   0   0   1  14   0   0  78   0   0   0   1   1   1  2.07 0.57
  243 D    -1  -1   1   0   0   1   0  -2  -1   1  -2  -1  -1  -2  -2   1   2  -1  -2   2    3   3   7   6   2   7   5   1   2  12   1   2   1   1   1  10  19   1   0  16  0.16 0.14
  244 F     0  -2  -1  -1   5  -1   0  -2   0   0  -1  -2  -1   0  -1   2   0  -1   2  -1    7   1   3   3  15   1   5   1   2   6   6   1   1   5   3  21   6   1   8   4  0.20 0.14
  245 V    -2   1   0   0   0   5   1  -3   1   0  -2   0  -1  -3  -1   0   0  -3  -1  -1    2   7   4   3   2  33   9   1   4   6   3   4   1   1   3   5   5   0   2   5  0.34 0.19
  246 P     0  -2   0   0   2  -1   0   4  -1  -2  -1  -2  -1   0   1   0  -1  -2   1  -2    4   2   3   5   6   2   5  32   1   2   6   2   1   6   6   7   2   0   5   2  0.24 0.12
  247 Q    -1   0   2   2  -1   3   2  -2   0  -1  -1   0  -2  -1   1   0  -1  -2   0  -1    3   3  11  11   1  15  16   2   2   3   5   5   1   3   5   6   3   0   3   3  0.19 0.09
  248 Y     0  -1   0  -1   5  -1  -1  -1   1   0   0  -1  -1   0   0   1   0   0   1   0    5   3   5   2  15   3   4   5   4   4  10   2   1   5   4  10   5   1   7   6  0.10 0.06
  249 Q     0   0   1   0   0   2   1   0   1  -2  -1   0  -1  -1   0   2   0  -2  -1  -1    5   6   8   3   2  10   7   6   4   2   5   5   1   2   4  19   6   0   2   3  0.11 0.06
  250 G     0   0   1   1   1   0   0   1   0  -1  -1   0  -1  -1   1   1   0  -2  -1  -1    6   3   6   7   3   6   7  14   2   3   6   3   1   3   8  12   4   1   1   3  0.10 0.03
  251 D     0   0   1   2  -1   0   1   0   0  -1  -1   0  -1  -1   0   0   0  -1  -1  -1   10   4   5  15   1   4   9   9   1   2   6   6   2   3   4   6   8   1   3   3  0.08 0.03
  252 R     0   1   1   1  -1   0   1  -1  -1  -1  -1   1  -1  -2   0   1   0  -2  -1  -1    5  11   8   7   1   3  13   5   1   3   7   8   1   1   3  13   6   0   1   3  0.11 0.05
  253 R     0   1   1  -1   1   1   1  -1  -1  -2  -2   0  -2  -2   1   2   0  -2  -1  -2    7   9   7   2   4   9   8   3   1   2   4   4   1   2   7  21   6   0   1   2  0.16 0.09
  254 L     0  -1  -1  -1   1  -1  -1  -2  -1   2   1  -1   1   1   0   0   1  -1   0   1    5   3   3   3   3   1   4   3   2  15  10   4   5   9   4   5  13   1   2   8  0.04 0.05
  255 L    -1   0   0   0  -2   1   0  -2   0   0   0   0   0  -1   2   0   0  -1   0  -1    3   4   6   5   1   9   6   1   2   8  14   5   2   2  11   9   5   1   3   3  0.09 0.06
  256 P     4  -4  -3  -4   5  -3  -3   0  -3  -2  -2  -3  -2  -3   3  -2  -2  -4  -2   2   35   0   1   0  12   0   1   5   0   1   3   0   0   1  16   1   1   0   1  20  0.59 0.26
  257 V    -1  -2  -1  -3   7   0  -1  -3   1  -1   0  -2   0   0  -3  -2  -2   1   5  -1    3   2   3   1  25   6   4   1   3   3   7   3   3   3   1   2   1   2  22   4  0.58 0.25
  258 L    -1  -5  -5  -6  -4  -4  -5  -6  -5   1   4  -5   8   0  -5  -4  -3  -2  -4   0    4   0   0   0   0   0   0   0   0   6  34   0  44   3   0   0   1   0   0   6  1.30 0.45
  259 D    -6  -6  -2   8  -8  -4  -2  -5  -5  -7  -8  -5  -7  -8  -5  -4  -5  -8  -7  -7    0   0   0 100   0   0   0   0   0   0   0   0   0   0   0   0   0   0   0   0  2.84 0.74
  260 A     0  -1  -3   0  -4   0   6  -3  -3  -6  -5   1  -5  -6   0  -2  -3  -6  -5  -5    7   3   0   4   0   3  66   1   0   0   0   9   0   0   4   2   0   0   0   0  1.20 0.44
  261 K    -3   2   1  -4  -6   0  -2  -5  -3  -6  -6   7  -2  -6  -4  -3  -2  -6  -5  -6    1   9   6   0   0   2   0   0   0   0   0  79   1   0   0   0   1   0   0   0  1.70 0.55
  262 I    -5  -5  -7  -7  -3  -3  -6  -7  -6   1   6  -6   1  -3  -6  -5  -4  -5  -4  -2    0   0   0   0   0   1   0   0   0   6  90   0   2   0   0   0   0   0   0   0  1.66 0.52
  263 I    -4  -5  -7  -7  -4  -5  -6  -7  -6   1   6  -6   1  -2  -6  -6  -4  -3  -4  -1    1   0   0   0   0   0   0   0   0   5  89   0   3   0   0   0   0   0   0   2  1.64 0.51
  264 R    -3   7  -1  -3  -3   1  -1   1  -1  -6  -5   0  -4  -5  -5  -2  -4  -6  -5  -6    1  71   2   1   1   5   3  10   1   0   1   3   0   0   0   1   0   0   0   0  1.50 0.49
  265 H    -4  -3  -3  -4  -6   5  -3  -5   9  -6  -5  -3  -5  -5  -2   0  -4  -5   2  -6    0   0   0   0   0  24   0   0  58   0   1   0   0   0   2   9   0   0   5   0  2.03 0.61
  266 I    -5  -6  -7  -7  -5  -6  -7  -7  -7   8  -1  -6   2  -2  -6  -6  -3  -6  -5   0    0   0   0   0   0   0   0   0   0  88   3   0   4   1   0   0   1   0   0   2  2.04 0.58
  267 L    -5  -5  -7  -7  -4  -5  -6  -7  -6   0   6  -6  -1   2  -6  -6  -4  -4  -3  -1    0   0   0   0   0   0   0   0   0   3  86   0   0   9   0   0   0   0   0   3  1.58 0.50
  268 S    -1  -1   2  -2  -1  -2  -2   0  -2   1  -2  -3  -1  -4  -3   3   4  -4  -1  -1    3   2   9   0   1   1   1   6   0   9   2   0   1   0   0  27  31   0   2   2  0.46 0.27
  269 N    -6  -4   9  -3  -7  -4  -4  -4  -2  -7  -8  -4  -6  -7  -6  -3  -4  -8  -6  -7    0   0 100   0   0   0   0   0   0   0   0   0   0   0   0   0   0   0   0   0  2.92 0.78
  270 L    -5  -6  -7  -7  -5  -6  -6  -7  -6  -1   7  -6  -1  -2  -6  -6  -5  -5  -4  -1    0   0   0   0   0   0   0   0   0   0  98   0   0   0   0   0   0   0   0   2  1.92 0.58
  271 L    -5  -5  -7  -7  -4  -5  -6  -7  -6   1   6  -6  -1  -2  -6  -6  -4  -5  -4  -1    0   0   0   0   0   0   0   0   0   5  92   0   0   1   0   0   0   0   0   2  1.75 0.53
  272 S    -1  -4  -2  -3  -3  -3  -2  -2  -4  -4  -2  -4  -4  -3  -4   7   1  -2  -5  -4    3   0   1   0   0   0   2   1   0   0   4   0   0   1   0  80   6   1   0   1  1.40 0.54
  273 N    -6  -4   9  -3  -7  -4  -4  -4  -3  -7  -8  -4  -6  -7  -6  -3  -4  -8  -6  -7    0   0 100   0   0   0   0   0   0   0   0   0   0   0   0   0   0   0   0   0  2.94 0.79
  274 A     7  -5  -5  -5  -4  -4  -4  -1  -5  -5  -5  -4  -4  -6  -4  -2  -4  -6  -5  -4   96   0   0   0   0   0   0   3   0   0   0   0   0   0   0   1   0   0   0   0  1.97 0.63
  275 L    -4  -6  -6  -6  -4  -5  -6  -7  -6   7   1  -5   0  -1  -6  -5  -3  -5  -4   3    0   0   0   0   0   0   0   0   0  65  12   0   1   2   0   0   1   0   0  19  1.42 0.44
  276 K    -4  -1  -3  -4  -7  -2  -2  -5  -3  -4  -6   8  -5  -7  -5  -4  -4  -7  -6  -6    0   0   1   0   0   0   1   0   0   1   0  97   0   0   0   0   0   0   0   0  2.37 0.70
  277 Y    -6  -6  -6  -7  -7  -6  -6  -7  -2  -5  -5  -6  -5   0  -7  -6  -6  -2  10  -5    0   0   0   0   0   0   0   0   0   0   0   0   0   1   0   0   0   0  99   0  3.36 0.84
  278 S    -3  -5  -3  -4  -5  -4  -4  -4  -5  -6  -6  -4  -4  -6  -5   7  -2  -7  -6  -5    0   0   0   0   0   0   0   0   0   0   0   0   0   0   0  99   1   0   0   0  2.22 0.72
  279 F    -2  -4  -4  -5  -6  -2  -5  -6  -1  -6  -2  -4  -5  -2   8  -1  -4  -4  -6  -4    2   1   1   0   0   1   0   0   2   0   4   0   0   2  82   4   0   0   0   1  2.34 0.63
  280 P     0  -1   2   1  -4   4   2  -2  -1  -1  -3   0  -2  -4   2   0  -1  -4  -3  -2    6   1  10   9   0  21  15   1   1   4   2   6   0   0   9   7   3   0   0   2  0.35 0.19
  281 G    -2  -3   2   2  -1  -2  -1   6   0  -6  -5  -2  -5  -6  -4   0  -3  -5  -5  -5    1   1   8  13   1   1   3  60   2   0   0   1   0   0   0   5   1   0   0   0  1.09 0.36
  282 E    -1  -3  -1  -1  -3  -3  -1   4  -3  -5  -5  -2  -4  -5  -3   4   1  -5  -5  -5    1   1   2   2   0   0   4  37   0   0   0   2   0   0   1  40   8   0   0   0  0.89 0.36
  283 A    -1  -1   2   0  -3   1   1  -3   0   0  -2   0  -2  -4   1   0   4  -4  -2  -1    3   2  12   4   0   6   9   1   2   8   4   4   1   0   7   4  29   0   1   3  0.28 0.19
  284 V    -4  -6  -6  -6  -4  -6  -6  -6  -6   5  -2  -6  -2  -4  -5  -5  -3  -6  -4   6    0   0   0   0   0   0   0   0   0  39   0   0   0   0   0   0   0   0   0  59  1.60 0.50
  285 S    -2   1   2   1  -2   2   1  -2   3  -4  -3   2  -3  -2  -3   0   0   0   2  -4    1   9  13   8   1  12  10   1   7   0   2  11   0   1   0   8   6   1   9   0  0.33 0.18
  286 L    -5  -6  -6  -7  -2  -6  -6  -6  -5  -1   3  -6  -1   8  -6  -5  -5   0  -1  -1    0   0   0   0   1   0   0   0   0   3  27   0   1  63   0   0   0   1   0   4  1.68 0.50
  287 V    -1   0   2   3  -4   1   3  -2   0  -2  -3   1  -3  -4  -3   1   2  -5  -2  -3    2   5   8  18   0   4  24   1   2   2   1   8   0   0   0   9  13   0   1   1  0.40 0.20
  288 V    -4  -5  -6  -7   0  -5  -6  -7  -6   1   6  -5  -1  -2  -6  -5  -4  -5  -4   1    0   0   0   0   2   0   0   0   0   4  84   0   0   1   0   0   0   0   0   9  1.48 0.47
  289 C     0  -1   1   0   0   0   0  -2   0   2  -1  -1  -1  -1  -3   1   3  -4  -1  -1    6   2   9   5   2   3   6   2   3  17   2   3   1   2   0  14  21   0   1   3  0.17 0.15
  290 C    -2  -1  -4  -5   9  -4  -3  -3  -1  -1  -1  -4  -1   2  -4  -2  -3  -1   3  -1    2   4   0   0  47   1   2   3   2   4   4   1   2   9   1   3   1   1  12   3  1.26 0.41
  291 G    -2   1   2   1  -2   5   2  -2   1  -3  -3   0  -3  -4  -3   0   0  -4  -1  -3    2   6   8   9   1  31  15   3   4   1   3   5   0   0   0   5   5   0   3   1  0.49 0.25
  292 D     0  -1   2   3  -2   2   2   0   1  -4  -3   1  -3  -4   1   1  -1  -4  -2  -3    7   2  12  18   1  10  13   5   3   0   2   7   0   0   8   8   2   0   1   0  0.33 0.17
  293 R    -2   1   2   3  -3   2   3   1   1  -4  -4   1  -3  -4  -3   0   0  -5  -3  -4    2   6   9  18   0   9  20  13   3   0   0   7   0   0   0   7   6   0   0   0  0.43 0.20
  294 Q    -1   1   0  -1  -2   4   3  -3   2  -3  -3   1  -2  -4  -3   1   0   0  -2  -3    3   7   4   2   1  26  19   1   4   2   2   8   1   0   0   9   7   1   1   1  0.43 0.23
  295 I     5  -4  -5  -5  -3  -4  -4  -3  -5   2  -1  -4  -2  -2  -4  -2  -1  -5  -3   4   47   0   0   0   0   0   0   0   0  11   5   0   0   1   0   1   3   0   0  31  0.83 0.36
  296 S    -2  -2  -3  -5  -1  -3  -3  -5  -3   6   0  -2   1  -2  -5  -2   1  -5  -3   3    2   2   1   0   1   1   2   0   0  49   3   2   3   0   0   2   8   0   1  22  0.76 0.31
  297 I    -5  -6  -7  -7  -6  -6  -7  -7  -5   1   1  -6  -2   9  -7  -5  -5  -3  -1  -3    0   0   0   0   0   0   0   0   0   6  14   0   1  78   0   0   0   0   0   1  2.12 0.58
  298 T    -2   3  -2  -2  -3   5   3  -4   0  -2  -3   2  -1  -4  -4  -1   0  -3  -2  -2    2  19   1   1   1  28  16   0   2   2   2  13   1   0   0   3   6   0   1   2  0.60 0.28
  299 I    -4  -6  -6  -6  -4  -6  -6  -7  -6   7  -1  -6  -2  -3  -6  -5  -4  -6  -4   4    0   0   0   0   0   0   0   0   0  66   1   0   0   0   0   0   0   0   0  33  1.73 0.52
  300 T    -3   2  -3  -3  -1   7   1  -3  -1  -5  -5   3  -4  -6  -4  -1   0  -5  -4  -5    1  10   0   0   1  52   6   1   1   0   0  19   0   0   0   4   5   0   0   0  1.20 0.46
  301 D    -6  -6  -2   8  -8  -4  -2  -5  -5  -7  -8  -5  -7  -8  -5  -4  -5  -8  -7  -7    0   0   0 100   0   0   0   0   0   0   0   0   0   0   0   0   0   0   0   0  2.84 0.74
  302 R    -1   3  -1  -2  -1   6   3  -3   2  -5  -4  -1  -3  -2  -4   0  -2   1  -1  -5    4  18   2   0   1  38  16   1   4   0   0   2   0   2   0   8   1   2   2   0  0.82 0.36
  303 G    -3  -6  -4  -5  -6  -5  -6   8  -6  -8  -7  -5  -6  -7  -6  -4  -5  -6  -7  -7    0   0   0   0   0   0   0 100   0   0   0   0   0   0   0   0   0   0   0   0  2.57 0.67
  304 I    -5  -7  -7  -7  -5  -6  -7  -8  -7   8  -1  -6  -1  -4  -6  -6  -4  -6  -5  -1    0   0   0   0   0   0   0   0   0  96   2   0   1   0   0   0   0   0   0   1  2.37 0.65
  305 G    -3  -6  -4  -5  -6  -5  -6   8  -6  -8  -7  -5  -6  -7  -6  -4  -5  -6  -7  -7    0   0   0   0   0   0   0 100   0   0   0   0   0   0   0   0   0   0   0   0  2.57 0.67
  306 I    -5  -7  -7  -7  -5  -6  -7  -8  -7   8  -2  -6  -1  -4  -6  -6  -4  -6  -5   0    0   0   0   0   0   0   0   0   0  97   0   0   1   0   0   0   0   0   0   2  2.40 0.66
  307 P    -3  -6  -5  -5  -3  -5  -4  -6  -6  -5  -5  -4  -6  -4   8   0  -3  -7  -6  -6    1   0   0   0   0   0   1   0   0   0   1   0   0   1  88   7   1   0   0   0  2.67 0.70
  308 Q     0  -2  -2  -2  -4   1   2  -4  -2   0   0   0  -1  -4   5  -1   0  -2  -4  -1    6   0   1   1   0   8  19   0   0   5   9   6   1   0  27   4   7   1   0   5  0.48 0.22
  309 A     2  -3  -2   1  -5   1   6  -3  -3  -4  -5   0  -4  -6  -3   0  -1  -6  -5  -4   18   0   1   5   0   4  58   1   0   1   0   4   0   0   1   4   3   0   0   1  0.99 0.40
  310 D    -2  -5   0   8  -7  -3   2  -5  -4  -7  -7  -4  -6  -7  -5  -4  -4  -7  -4  -6    3   0   3  82   0   0  11   0   0   0   0   0   0   0   0   0   0   0   1   0  2.08 0.60
  311 L    -4   1  -4  -4  -1   7  -1  -5  -2   0   3   0  -1  -4  -5  -4  -3  -5  -4  -3    0   6   0   0   1  54   1   0   1   6  25   3   1   0   0   0   0   0   0   1  1.15 0.46
  312 P     0  -1  -1   0  -4   2   2  -2   0  -4  -2   2  -3  -5   5   0  -1  -5  -3  -2    8   1   2   4   0   9  17   2   2   0   3  15   0   0  26   5   2   0   1   2  0.52 0.23
  313 H    -4   5   0  -2  -3   4  -1  -4   6  -5  -3   1  -2  -2  -4  -3  -3  -2   0  -5    0  30   4   1   0  22   1   0  23   0   3   9   1   2   0   1   1   1   3   0  0.96 0.37
  314 L    -5  -5  -7  -7  -4  -5  -6  -7  -6   2   6  -6   1  -3  -6  -6  -4  -5  -4  -1    0   0   0   0   0   0   0   0   0   8  87   0   2   0   0   0   0   0   0   2  1.64 0.50
  315 F    -6  -7  -7  -7  -2  -7  -7  -7  -5  -4  -2  -7  -4   9  -8  -6  -6  -1   1  -5    0   0   0   0   1   0   0   0   0   0   2   0   0  95   0   0   0   1   2   0  2.89 0.72
  316 E    -2  -3   1   2  -6   0   7  -3  -1  -6  -6  -1  -5  -6  -4  -2  -1  -6  -5  -5    2   0   6  11   0   3  68   2   1   0   0   1   0   0   0   2   4   0   0   0  1.34 0.47
  317 P     1  -3  -3  -4  -3  -3  -3  -3  -4  -4  -3  -3  -4  -2   4   6   1  -6  -4  -4    9   1   0   0   0   0   0   1   0   1   2   0   0   2  19  59   6   0   0   0  1.07 0.44
  318 F    -6  -7  -7  -8  -6  -7  -7  -7  -5  -4  -3  -7  -4   9  -8  -6  -6  -3   1  -5    0   0   0   0   0   0   0   0   0   0   0   0   0  97   0   0   0   0   3   0  3.02 0.75
  319 H    -5  -3  -2  -5  -7   0  -3  -5  10  -6  -6  -3  -5   0  -6  -5  -5  -4   6  -5    0   1   1   0   0   4   1   0  64   0   0   1   0   4   0   0   0   0  24   1  2.39 0.65
  320 R    -5   9  -4  -6  -7  -3  -4  -6  -4  -7  -6  -2  -5  -7  -6  -5  -5  -7  -6  -7    0 100   0   0   0   0   0   0   0   0   0   0   0   0   0   0   0   0   0   0  2.80 0.75
  321 A     6  -5  -4  -5   3  -4  -4   3  -5  -5  -5  -4  -4  -5  -4   0  -3  -6  -5  -4   66   0   0   0   6   0   0  23   0   0   0   0   0   0   0   5   0   0   0   0  1.29 0.46
  322 Q    -1   1   1  -1  -2   2  -1  -1  -1  -4  -4   3  -3  -5  -3   4   2  -5  -4  -4    2   7   7   2   1   8   3   3   1   0   0  21   0   0   0  31  13   0   0   0  0.52 0.27
  323 N    -6  -4   9  -3  -7  -4  -4  -4  -3  -7  -8  -4  -6  -7  -6  -3  -4  -8  -6  -7    0   0 100   0   0   0   0   0   0   0   0   0   0   0   0   0   0   0   0   0  2.94 0.79
  324 V    -1  -6  -6  -6  -4  -5  -6  -6  -6   0  -3  -6  -3  -4  -6  -5   0  -6  -5   7    3   0   0   0   0   0   0   0   0   2   0   0   0   0   0   0   6   0   0  89  1.84 0.58
  325 G    -2   1  -2  -2  -6  -4  -1   7  -5  -7  -6  -2  -5  -6  -5  -1  -3  -6  -6  -6    2   7   1   1   0   0   5  78   0   0   0   2   0   0   0   4   1   0   0   0  1.61 0.48
  326 K    -2  -2   6  -1  -5  -2  -2  -2   0  -4  -4   2  -1  -5  -4   0   4  -6  -3  -2    2   0  43   2   0   1   1   1   2   0   1  11   1   0   0   4  27   0   1   2  0.90 0.38
  327 I    -4  -1  -6  -6  -5  -6  -6  -7  -6   8   0  -4  -2  -3  -6  -5  -3  -6  -5   0    0   3   0   0   0   0   0   0   0  87   4   1   0   0   0   0   1   0   0   3  1.90 0.56
  328 P    -1  -4  -4  -3  -5   2  -3  -4  -4  -4  -2  -2  -4  -6   6   3  -1  -6  -5  -4    5   0   0   0   0  10   0   0   0   1   5   2   0   0  47  28   2   0   0   1  1.24 0.44
  329 G    -3  -6  -4  -5  -6  -5  -6   8  -6  -8  -7  -5  -6  -7  -6  -4  -5  -6  -7  -7    0   0   0   0   0   0   0 100   0   0   0   0   0   0   0   0   0   0   0   0  2.57 0.67
  330 T    -4  -5  -1  -5  -5  -4  -5  -5  -5  -5  -5  -4  -4  -6  -5  -1   8  -6  -5  -4    0   0   2   0   0   0   0   0   0   0   0   0   0   0   0   2  95   0   0   0  2.31 0.71
  331 G    -3  -6  -4  -5  -6  -5  -6   8  -6  -8  -7  -5  -6  -7  -6  -4  -5  -6  -7  -7    0   0   0   0   0   0   0 100   0   0   0   0   0   0   0   0   0   0   0   0  2.57 0.67
  332 L    -5  -6  -7  -7  -5  -6  -6  -7  -6  -2   7  -6  -1  -3  -6  -6  -5  -5  -4  -2    0   0   0   0   0   0   0   0   0   0 100   0   0   0   0   0   0   0   0   0  2.00 0.59
  333 G    -3  -6  -4  -5  -6  -5  -6   8  -6  -8  -7  -5  -6  -7  -6  -4  -5  -6  -7  -7    0   0   0   0   0   0   0 100   0   0   0   0   0   0   0   0   0   0   0   0  2.57 0.67
  334 L    -5  -6  -7  -7  -5  -5  -6  -7  -6  -2   7  -6   1  -3  -6  -6  -4  -5  -4  -2    0   0   0   0   0   0   0   0   0   0  98   0   2   0   0   0   0   0   0   0  1.93 0.57
  335 H     5  -4  -3  -4  -2  -3  -3  -3   0  -2  -4  -3  -2  -4  -2   2   1  -5  -4   1   56   0   0   0   1   0   0   0   3   1   0   0   1   0   1  17   9   0   0  11  0.84 0.37
  336 I    -5  -6  -7  -7  -5  -6  -7  -7  -7   8  -2  -6  -1  -3  -6  -6  -4  -6  -5   2    0   0   0   0   0   0   0   0   0  89   0   0   1   0   0   0   0   0   0  10  2.11 0.59
  337 V    -1  -6  -6  -7  -4  -6  -6  -6  -7   0  -2  -6  -2  -4  -6  -5  -3  -6  -5   7    4   0   0   0   0   0   0   0   0   1   0   0   0   0   0   0   0   0   0  94  2.00 0.60
  338 K    -4  -1  -3  -4  -7  -1  -2  -5  -1  -6  -6   8  -5  -7  -5  -3  -4  -7  -5  -6    1   1   1   0   0   1   1   0   1   0   0  93   0   0   0   1   0   0   0   0  2.15 0.64
  339 R    -4   4   2  -2  -6   3  -2  -4  -2  -6  -5   6  -4  -6  -4  -2  -3  -6  -5  -5    0  22   8   1   0  15   0   0   0   0   0  51   0   0   0   1   1   0   0   0  1.23 0.43
  340 Y     3  -5  -4  -5   9  -5  -5  -3  -5  -4  -3  -5  -3  -2  -5   3  -3  -5   0  -4   22   0   0   0  49   0   0   1   0   0   1   0   0   2   0  21   0   0   4   0  1.65 0.50
  341 I    -2  -6  -6  -6  -3  -5  -6  -6  -6   2   0  -5  -2  -4  -5  -5  -2  -6  -4   7    3   0   0   0   0   0   0   0   0   8   5   0   0   0   0   0   1   0   0  83  1.61 0.51
  342 D    -4  -4  -1   7  -7  -1   4  -4  -3  -6  -6  -3  -4  -7  -4  -2  -3  -7  -6  -6    1   0   2  66   0   2  26   1   0   0   0   0   0   0   0   2   1   0   0   0  1.71 0.51
  343 L    -1  -2  -6  -6  -4  -5  -5  -6  -4   3   5  -5   1  -2  -5  -4  -2  -3  -4   0    5   2   0   0   0   0   0   0   0  15  70   0   2   1   0   1   2   0   0   2  1.07 0.37
  344 H    -5  -4  -2  -5  -1   0  -4  -6  11  -7  -3  -4  -5  -5  -6  -4  -5  -6   0  -7    0   0   1   0   1   5   0   0  87   0   3   0   0   0   0   1   0   0   3   0  3.02 0.75
  345 N    -2   0   1  -2  -3   5  -1   5   0  -6  -6   0  -4  -6  -4  -2  -3  -5  -5  -5    1   4   7   2   0  28   1  47   2   0   0   6   0   0   0   2   0   0   0   0  1.02 0.38
  346 G    -3  -6  -4  -5  -6  -5  -6   8  -6  -7  -7  -5  -6  -7  -6  -4  -5  -6  -7  -7    1   0   0   0   0   0   0  99   0   0   0   0   0   0   0   0   0   0   0   0  2.50 0.64
  347 T    -1   0   0   0  -3   3   3  -3   0  -3  -3   3  -1  -3  -3   1   2  -4  -3  -3    3   4   4   3   0  17  19   1   2   1   1  18   1   1   0   8  17   0   0   0  0.46 0.24
  348 I    -5  -7  -7  -7  -5  -6  -7  -7  -7   8  -1  -6  -2  -4  -6  -6  -4  -6  -5   0    0   0   0   0   0   0   0   0   0  95   3   0   0   0   0   0   0   0   0   2  2.27 0.62
  349 M     2  -2   0   0  -2   0   1  -2   0  -2  -3   0   0   1  -3   2   3  -3  -1  -1   19   0   3   5   1   3   7   1   2   1   0   4   3   7   0  19  22   0   1   2  0.28 0.19
  350 V    -3  -5  -6  -6   1  -5  -5  -6  -5   3   1  -5   0   3  -5  -4  -3  -5  -3   6    1   0   0   0   2   0   0   0   0  14   9   0   2  11   0   0   0   0   0  62  1.13 0.39
  351 A     0  -1   2   2  -4   1   4  -3   1  -2  -4   1  -1  -3  -3   1   2  -5  -3  -2    6   2  11   9   0   4  28   0   3   2   0   7   1   1   0   8  13   0   0   3  0.40 0.21
  352 S    -2  -4  -3  -4  -4  -4  -4  -4  -5  -6  -6  -4  -5  -6  -4   7   0  -7  -5  -5    0   0   0   0   0   0   0   0   0   0   0   0   0   0   0  97   3   0   0   0  2.11 0.68
  353 L    -2  -1  -1   0  -5   4   5  -4   0  -3  -3   1  -4  -4  -4  -1   0  -5  -4  -3    3   1   2   2   0  20  46   0   2   1   2   9   0   0   0   2   6   0   0   2  0.83 0.35
  354 V    -2  -4  -5  -5  -3  -4   0  -5  -5   2   2  -4   0  -3  -3  -3  -1  -5  -4   5    1   0   0   0   0   0   7   0   0  11  17   1   2   0   1   1   3   0   0  56  0.85 0.34
  355 N    -3  -4   2   0  -6  -3  -1   7  -4  -7  -7  -3  -6  -6  -4  -2  -3  -3  -6  -6    1   0   8   5   0   1   4  78   0   0   0   1   0   0   0   1   1   0   0   0  1.62 0.47
  356 S    -1  -1  -3  -3  -1  -1  -1  -3  -2   2   1   1   1  -1  -4  -1  -1  -3  -3   4    5   3   1   1   1   2   3   1   1   9  10  10   2   2   0   4   1   0   0  45  0.40 0.22
  357 G    -3  -5  -3  -5  -6  -5  -6   7  -6  -7  -7  -5  -6  -7  -6  -3  -5  -6  -7  -7    0   0   0   0   0   0   0  99   0   0   0   0   0   0   0   0   0   0   0   0  2.46 0.63
  358 T    -2  -5  -4  -5  -4  -4  -4  -5  -5  -4  -5  -4  -4  -6  -5   0   8  -6  -5  -4    2   0   0   0   0   0   0   0   0   0   0   0   0   0   0   4  94   0   0   0  2.22 0.68
  359 T    -2   0  -2  -4  -4  -2  -3  -5  -5   0  -3   0  -1  -5  -4  -1   7  -6  -5  -2    3   4   1   0   0   1   1   0   0   5   2   6   1   0   0   2  73   0   0   2  1.31 0.49
  360 F    -4  -6  -7  -7   2  -7  -7  -7  -5  -1  -3  -7  -2   9  -7  -6  -5  -3  -1   0    1   0   0   0   4   0   0   0   0   2   0   0   0  86   0   0   0   0   0   7  2.40 0.63
  361 R    -2   0  -3  -4  -2  -2  -3  -5  -5   2  -2  -2  -3  -4  -4  -1   7  -5  -4  -1    1   6   0   0   0   2   0   0   0  12   2   1   0   0   0   3  68   0   0   4  1.18 0.46
  362 V    -3  -6  -6  -6  -4  -6  -6  -7  -6   3  -2  -6  -2  -3  -6  -5  -3  -6  -4   7    0   0   0   0   0   0   0   0   0  14   1   0   0   1   0   0   0   0   0  84  1.80 0.54
  363 K    -1   0   0  -3  -1  -2  -1  -4  -3   1  -3   0   0  -4  -4   0   6  -5  -4   0    3   6   4   1   1   0   3   0   0   9   1   7   3   0   0   4  53   0   0   5  0.71 0.33
  364 I    -4  -5  -6  -6  -4  -5  -6  -7  -6   4   6  -5   0  -1  -6  -5  -4  -5  -4  -1    0   0   0   0   0   0   0   0   0  23  73   0   1   2   0   0   0   0   0   0  1.41 0.44
  365 P    -4  -6  -6  -5  -7  -5  -5  -6  -6  -7  -7  -5  -6  -8   9  -4  -5  -8  -7  -6    1   0   0   0   0   0   0   0   0   0   0   0   0   0  99   1   0   0   0   0  3.25 0.77
  366 C    -3  -2  -5  -6   2  -3  -5  -5  -5   2   5  -5   2   0  -5  -4  -2  -4  -2  -1    0   2   0   0   4   1   0   0   0   9  73   0   5   2   0   1   2   0   1   1  1.04 0.35
  367 S    -2   0   5  -2  -4   2  -1  -3   3  -1  -3  -1  -2  -2  -4   1   0  -4   2  -2    2   4  39   0   0   9   1   0   8   5   1   2   1   1   0  11   4   0   9   2  0.55 0.24
  368 F    -2  -3  -1  -3   0  -2  -2  -4   0  -2   1  -2  -2   3   4   1  -1  -1   4   0    0   0   2   0   2   1   1   0   1   0  14   1   0  13  23  11   2   0  22   6  0.49 0.17
  369 V     1   0  -2  -2  -2   2  -1  -3   1   1   0  -1   0  -2  -1   0  -1   5  -1   2   13   4   0   0   0  17   2   0   5   6   7   1   1   0   2   8   2   9   0  22  0.20 0.10
  370 S     0  -1   1   0  -2   2   2   0  -1  -2  -2   0  -2  -3   1   2   2  -3  -3  -1    5   1   5   4   0  11  13   5   0   2   2   5   0   0   7  22  13   0   0   3  0.23 0.08
  371 K    -2   2   2   2  -4   3   1  -2  -1  -3  -2   2  -2  -4   1  -1  -1  -4  -3  -3    0  13  13  14   0  20   8   0   0   0   4  19   0   0   6   2   0   0   0   0  0.42 0.11
  372 P    -2  -3  -3  -2  -4  -2  -2  -3  -3  -4  -4  -2  -3  -5   8  -2  -2  -5  -4  -3    0   0   0   0   0   0   0   0   0   0   0   0   0   0 100   0   0   0   0   0  2.38 0.15

                      K         Lambda
Standard Ungapped    0.1392     0.3235
Standard Gapped      0.0602     0.2670
PSI Ungapped         0.1967     0.3176
PSI Gapped           0.0602     0.2670
