
Last position-specific scoring matrix computed, weighted observed percentages rounded down, information per position, and relative weight of gapless real matches to pseudocounts
           A  R  N  D  C  Q  E  G  H  I  L  K  M  F  P  S  T  W  Y  V   A   R   N   D   C   Q   E   G   H   I   L   K   M   F   P   S   T   W   Y   V
    1 M   -1 -2 -3 -4 -2 -1 -3 -3 -2  1  3 -2  7  0 -3 -2 -1 -2 -1  1    0   0   0   0   0   0   0   0   0   0  16   0  84   0   0   0   0   0   0   0  0.50 0.04
    2 L    0  2 -1 -1 -2  0  2  0 -1 -1  0  0  2 -2 -2  0 -1 -3 -2 -1    7  18   0   0   0   0  27   9   0   0  14   0  17   0   0   8   0   0   0   0  0.15 0.03
    3 A    1 -2 -1 -1 -2 -1  1  4 -2 -3 -3 -1 -2 -3 -2  1  0 -3 -3 -2   16   0   0   0   0   0  17  46   0   0   0   0   0   0   0  16   6   0   0   0  0.47 0.04
    4 K   -1  2  2  1 -3  2  2 -2 -1 -1 -1  1 -1 -1  0  0  1 -3 -2 -2    0  13  16   4   0  17  15   0   0   4   4   8   0   4   3   0  12   0   0   0  0.22 0.03
    5 S    1  0  2  0 -2  1  2 -2 -1 -2 -2  0 -2 -3 -2  2  3 -3 -2 -2    7   5  10   0   0   5  18   0   0   3   0   0   0   0   0  26  27   0   0   0  0.31 0.07
    6 K   -4 -4 -5 -6 -5 -4 -5 -6 -5 -2 -1 -1 11 -3 -6 -5 -4 -5 -4 -2    0   0   0   0   0   0   0   0   0   1   0   3  94   0   0   0   0   0   0   1  2.71 0.64
    7 T    3 -2 -2 -3 -3 -2 -2 -2 -3 -3 -3  1 -2 -4 -1  2  5 -5 -4 -1   30   0   0   0   0   0   0   1   0   0   0  11   1   0   2  11  40   0   0   3  0.62 0.27
    8 I   -2 -4 -4 -5 -3 -4 -4 -5 -5  4  0 -2  3 -2 -4 -3  2 -5 -3  5    2   0   0   0   0   0   0   0   0  26   4   2   7   1   0   0  14   0   0  46  0.78 0.28
    9 R   -4  5 -1 -4 -6 -1 -2 -4 -3 -6 -5  6 -4 -6 -4 -3 -3 -6 -5 -5    0  36   2   0   0   0   0   0   0   0   0  60   0   0   0   1   0   0   0   0  1.53 0.44
   10 V   -3 -5 -6 -6 -3 -5 -5 -6 -6  4  0 -5 -1 -3 -5 -4 -2 -5 -3  6    0   0   0   0   0   0   0   0   0  27   3   0   0   0   0   0   0   0   0  69  1.36 0.40
   11 A    5 -4 -3 -4 -4 -4 -4  5 -4 -5 -5 -4 -4 -5 -4 -2 -3 -5 -5 -4   52   0   0   0   0   0   0  47   0   0   0   0   0   0   0   0   0   0   0   0  1.33 0.40
   12 I   -4 -6 -6 -6 -4 -6 -6 -7 -6  8 -1 -6 -1 -3 -6 -5 -4 -6 -4  1    0   0   0   0   0   0   0   0   0  95   0   0   0   0   0   0   0   0   0   5  2.04 0.52
   13 N   -5 -4  9 -2 -6 -3 -4 -4 -3 -7 -7 -3 -6 -7 -5 -3 -3 -7 -6 -6    0   0  99   0   0   0   0   0   0   0   0   0   0   0   0   0   1   0   0   0  2.63 0.64
   14 G   -3 -5 -3 -4 -6 -5 -5  8 -5 -7 -7 -5 -6 -6 -5 -3 -5 -6 -6 -6    0   0   0   0   0   0   0 100   0   0   0   0   0   0   0   0   0   0   0   0  2.38 0.55
   15 F   -6 -6 -6 -7 -3 -6 -7 -7 -4 -3 -2 -6 -3  9 -7 -6 -5 -2  2 -4    0   0   0   0   0   0   0   0   0   0   1   0   0  95   0   0   0   0   4   0  2.63 0.60
   16 G   -3 -5 -3 -4 -6 -5 -5  8 -5 -7 -7 -5 -6 -6 -5 -3 -5 -6 -6 -6    0   0   0   0   0   0   0 100   0   0   0   0   0   0   0   0   0   0   0   0  2.38 0.55
   17 R   -4  8 -4 -5 -7 -2 -3 -6 -3 -6 -6 -1 -5 -6 -5 -3 -4 -6 -5 -6    0  99   0   0   0   0   0   0   0   0   0   0   0   0   0   1   0   0   0   0  2.50 0.62
   18 I   -4 -6 -7 -6 -4 -6 -6 -7 -7  8 -1 -6 -2 -3 -6 -6 -4 -6 -4  0    0   0   0   0   0   0   0   0   0  99   0   0   0   0   0   0   0   0   0   1  2.22 0.56
   19 G   -3 -5 -3 -4 -6 -5 -5  8 -5 -7 -7 -5 -6 -6 -5 -3 -5 -6 -6 -6    0   0   0   0   0   0   0 100   0   0   0   0   0   0   0   0   0   0   0   0  2.38 0.55
   20 R   -5  8 -4 -5 -7 -2 -3 -6 -3 -6 -6  0 -5 -6 -5 -4 -4 -6 -5 -6    0  99   0   0   0   0   0   0   0   0   0   1   0   0   0   0   0   0   0   0  2.49 0.61
   21 L   -3 -3  5 -2  1 -1 -3 -3 -3 -1  4 -3  2 -3 -4 -1 -2 -5 -4 -2    1   1  36   0   3   3   0   1   0   1  43   0   6   0   0   3   1   0   0   1  0.73 0.31
   22 V    3 -4 -4 -5 -1 -4 -4 -4 -4  1 -2 -4 -1  4 -4 -1  0 -3  0  4   24   0   0   0   1   0   0   0   0   5   0   0   0  18   0   3   6   0   2  41  0.61 0.27
   23 F   -2 -5 -5 -6 -2 -5 -5 -6 -4 -1  3 -5  1  7 -6 -4 -3  1  1 -1    3   0   0   0   1   0   0   0   0   1  34   0   2  51   0   0   1   2   3   2  1.19 0.35
   24 R   -5  8 -4 -5 -7 -2 -3 -6 -2 -6 -5  1 -5 -6 -5 -4 -4 -6 -5 -6    0  94   0   0   0   0   0   0   0   0   0   6   0   0   0   0   0   0   0   0  2.32 0.58
   25 A    4  2 -2 -3  2  2 -1 -2 -2 -1 -2  0 -2 -4 -3 -1 -1 -4 -3 -1   47  15   1   0   4  12   2   1   0   5   2   3   0   0   0   2   1   0   0   3  0.50 0.24
   26 L    3 -4 -4 -4 -1 -3 -4 -3 -1  3  2 -3  4 -1 -4 -2 -2  2 -2  0   29   0   0   0   1   0   0   1   1  25  19   0  13   1   0   2   0   3   0   4  0.47 0.22
   27 L    0 -2 -3 -3 -3  1 -3 -4  0  1  3 -3  2  3 -4 -2 -2  0  2  0    7   2   0   1   0   7   1   0   2  10  34   1   6  14   0   1   1   1   8   6  0.34 0.16
   28 S    0 -1  2  1 -4  1  4  1  0 -4 -3  1 -2 -4 -3  0 -1 -4 -3 -3    8   2  10   7   0   4  35  13   2   0   2   8   1   0   0   3   3   0   0   0  0.43 0.19
   29 Q    0  4  3  1 -3  2  0 -2  2 -3 -3  1 -2 -3 -3  1 -1 -4 -1 -1    8  26  15   7   0   9   4   1   5   0   0   6   1   0   0   9   3   0   1   4  0.35 0.17
   30 K    0 -1  1  2 -4  0  2 -1  0 -4 -4  2 -3 -4  3  1  0 -4 -3 -3    6   2   6  12   0   3  18   4   2   0   0  12   0   0  18  10   6   0   0   0  0.42 0.16
   31 N   -2 -2  2  6 -5 -1  2  2 -2 -5 -5 -1 -5 -5 -2 -1 -3 -6 -4 -5    1   1  11  45   0   1  15  17   1   0   0   2   0   0   2   3   0   0   0   0  0.88 0.29
   32 I   -3 -5 -5 -5 -2 -4 -5 -5 -4  5  2 -4  0  2 -5 -3 -2 -3  1  3    0   0   0   0   0   0   0   0   0  42  21   0   1  10   0   1   1   0   6  19  0.77 0.26
   33 E   -4 -2 -1  2 -6  2  7 -5 -3 -6 -6 -1 -5 -6 -3 -3 -3 -6 -5 -5    0   1   2  12   0   7  77   0   0   0   0   1   0   0   0   0   0   0   0   0  1.58 0.46
   34 I   -3 -5 -6 -6 -3 -5 -5 -6 -6  5  0 -5 -1  0 -5 -4 -3 -5 -3  6    0   0   0   0   0   0   0   0   0  35   5   0   0   4   0   0   0   0   0  56  1.21 0.37
   35 V   -1 -5 -6 -6 -4 -5 -5 -6 -6  0 -2 -5 -2 -4 -5 -4 -1 -6 -4  7    3   0   0   0   0   0   0   0   0   2   0   0   0   0   0   0   2   0   0  94  1.75 0.50
   36 A    6 -3 -4 -4 -2 -4 -4  1 -2 -4 -4 -3 -4 -5 -4 -1 -3 -5 -5 -3   87   1   0   0   0   0   0   8   1   0   1   0   0   0   0   1   0   0   0   0  1.43 0.46
   37 V   -3 -6 -6 -6 -4 -5 -6 -6 -6  7 -1 -5 -1 -2 -5 -5 -3 -5 -4  4    0   0   0   0   0   0   0   0   0  66   2   0   0   1   0   0   0   0   0  31  1.46 0.42
   38 N   -5 -4  9 -2 -6 -3 -4 -4 -3 -7 -7 -4 -6 -7 -5 -3 -3 -7 -6 -6    0   0 100   0   0   0   0   0   0   0   0   0   0   0   0   0   0   0   0   0  2.67 0.65
   39 D   -1 -4 -1  8 -6 -3 -1 -4 -2 -6 -7 -4 -6 -7 -4 -2 -4 -7 -5 -5    6   0   1  90   0   0   0   0   1   0   0   0   0   0   0   1   0   0   0   0  2.11 0.54
   40 L   -4 -2 -5 -6 -3 -4 -5 -6 -5  0  6 -4  0 -2 -3 -1  0 -4 -4 -2    0   2   0   0   0   0   0   0   0   2  84   0   1   0   1   5   5   0   0   0  1.20 0.39
   41 T   -1 -3 -2 -3 -2 -3 -3  2 -3 -3 -4 -3 -3 -3 -4  1  6 -4  1 -2    5   0   0   1   1   0   0  17   0   1   0   0   0   0   0   7  62   0   5   1  0.99 0.37
   42 H   -3 -4  1  6 -5 -2 -1 -2 -2 -5 -6 -2 -5 -5  2  2 -1 -6 -4 -5    1   0   4  57   0   0   1   2   1   0   0   1   0   0  12  16   4   0   1   0  1.12 0.35
   43 P    3 -3  2 -2 -3 -3 -3 -3 -3 -1 -3 -2 -3 -4  5  0  1 -5 -4  0   26   0  12   1   0   0   0   0   0   3   0   1   0   0  33   5   9   0   0   9  0.72 0.27
   44 D    1  0  0  1 -4  0  3 -2  0 -4 -4  4 -3 -5 -1  0 -1 -5 -3 -3   16   3   4   8   0   2  22   1   1   0   0  34   0   0   2   5   1   0   0   1  0.52 0.23
   45 T   -1 -3 -2 -3 -3 -1 -3 -3 -1 -1 -1 -3  5 -3 -3  0  6 -5 -2 -1    3   0   1   1   0   2   0   1   1   2   3   0  20   0   0   4  56   0   1   3  0.92 0.36
   46 L   -2 -4  3 -4 -3 -4 -5 -5 -3  0  5 -4  1 -2 -5 -3 -2 -4 -3 -2    2   0  15   0   0   0   0   0   0   2  75   0   3   0   0   1   1   0   0   0  1.03 0.36
   47 A    7 -4 -4 -5 -3 -4 -4 -2 -5 -4 -4 -3 -4 -5 -3 -1 -3 -6 -5 -2   93   0   0   0   0   0   0   1   0   0   1   0   0   0   0   2   0   0   0   1  1.61 0.49
   48 H   -5 -3 -1 -4 -6 -2 -4 -5 10 -6 -3 -4 -3 -3 -6 -4 -2 -2  4 -6    0   1   2   0   0   1   0   0  78   0   2   0   0   0   0   0   2   0  12   0  2.49 0.60
   49 L   -4 -5 -6 -7 -4 -5 -6 -7 -6 -1  6 -5  1 -2 -6 -5 -4 -4 -4 -2    0   0   0   0   0   0   0   0   0   0  97   0   1   0   0   0   0   0   0   0  1.68 0.47
   50 L   -4 -5 -6 -6 -4 -5 -5 -6 -5  1  6 -5  0  3 -5 -5 -1 -4 -2 -1    0   0   0   0   0   0   0   0   0   4  76   0   0  14   0   0   4   0   0   1  1.17 0.37
   51 K   -3  2 -3 -4 -6  1 -1 -4 -3 -6 -5  7 -4 -6 -4 -3 -3 -6 -5 -5    1   7   0   0   0   5   1   0   0   0   0  84   0   0   0   0   1   0   0   0  1.70 0.49
   52 Y   -5 -3 -5 -6 -6 -5 -5 -6  2 -5 -4 -5 -4  2 -6 -5 -5  0 10 -5    0   1   0   0   0   0   0   0   3   0   0   0   0   6   0   0   0   1  89   0  2.66 0.63
   53 D   -5 -5 -2  8 -7 -4 -2 -5 -4 -7 -7 -4 -7 -7 -5 -3 -4 -8 -7 -7    0   0   0 100   0   0   0   0   0   0   0   0   0   0   0   0   0   0   0   0  2.60 0.62
   54 S   -2 -4 -2 -3 -4 -3 -3 -3 -4 -5 -5 -3 -4 -5 -4  6  4 -6 -5 -4    0   0   0   0   0   0   0   0   0   0   0   0   0   0   0  77  23   0   0   0  1.52 0.50
   55 A    1 -4  0 -4 -1 -3 -3 -4 -4  3 -1 -3  1 -3 -4 -1  3 -4 -3  4   13   0   6   0   1   0   0   0   0  16   3   0   3   0   0   3  21   0   0  34  0.48 0.23
   56 H   -3 -3 -3 -4 -5  4 -3 -4  9 -4  1 -3  0  0 -5 -3 -3 -4  3 -4    1   0   0   0   0  18   0   1  49   0  15   0   2   3   0   0   1   0   9   0  1.32 0.41
   57 G   -3 -1 -3 -4 -6 -4 -4  7 -4 -7 -7 -2 -6 -6 -5 -3 -4 -6 -6 -6    0   3   0   0   0   0   0  94   0   0   0   2   0   0   0   0   0   0   0   0  2.08 0.50
   58 E   -2  5 -1 -3 -4  0 -1 -2 -2  0 -3  3 -2 -4  1 -2  2 -5 -3 -1    1  40   3   0   0   2   1   2   0   7   1  17   0   0   6   0  13   0   0   5  0.57 0.25
   59 F   -3 -5 -6 -6 -3 -5 -5 -6 -3 -2  3 -5 -1  7 -6 -4 -4  2  4 -2    1   0   0   0   0   0   0   0   0   0  27   0   1  55   0   0   0   2  13   0  1.38 0.39
   60 K   -1 -1  3  3 -3  0  1 -1 -2 -5 -4  1 -4 -3  5 -1 -1 -5 -4 -4    6   2  13  19   0   3   6   5   1   0   0   9   0   1  30   2   2   0   0   0  0.68 0.23
   61 K    2 -2  0  0 -2 -1  0  5  2 -4 -3  0 -3 -2 -3 -1 -2  0 -1 -3   19   1   3   4   0   3   6  43   6   0   1   4   0   2   0   1   0   1   3   1  0.53 0.21
   62 K   -2 -2 -1  3 -4  0  4 -4 -1 -4 -4  1 -4 -5 -1  0  3 -5 -4 -3    2   0   1  20   0   2  36   0   1   0   0   8   0   0   2   6  21   0   0   1  0.68 0.27
   63 V   -2 -5 -6 -6 -4 -5 -5 -6 -6  3 -1 -5 -2 -3 -5 -5 -3 -6 -4  7    1   0   0   0   0   0   0   0   0  15   0   0   0   0   0   0   0   0   0  84  1.61 0.46
   64 V   -1  0 -1  0 -4  0  4 -2 -1 -3 -4  1 -3 -4 -3  3  2 -2 -3 -2    2   3   1   4   0   3  32   2   1   1   0  10   0   0   0  26  12   1   1   3  0.48 0.23
   65 A    3 -3 -3 -4 -1 -3 -2 -3  2  0 -1 -3 -2  0 -2  0 -1 -3  2  3   33   0   0   0   1   0   1   0   5   3   4   0   0   3   1   6   3   0  10  31  0.42 0.23
   66 K   -1 -2  0  4 -4 -1  2  1 -1 -3 -4  2 -3 -4 -3  0  3 -5 -2 -1    3   0   3  28   0   1  11  10   1   1   0  12   0   0   0   4  21   0   1   4  0.43 0.20
   67 D   -2 -3 -1  5 -5 -1  5  3 -3 -6 -6 -1 -5 -6 -3 -2 -3 -5 -5 -5    2   0   2  32   0   1  38  22   0   0   0   1   0   0   1   1   0   0   0   0  0.98 0.33
   68 N   -3 -2  4  5 -4 -1  1  2 -1 -5 -5 -1 -4 -5 -4  0 -1 -6 -4 -5    0   1  19  42   0   2   7  17   1   0   0   4   0   0   0   4   3   0   0   0  0.83 0.28
   69 T    2 -2  1  0 -1 -1 -1  2  1 -3 -3 -1 -2 -1 -3  3  1 -3  0 -2   17   0   7   5   1   1   3  13   3   1   1   2   0   2   0  27  11   0   4   1  0.27 0.15
   70 L   -4 -5 -6 -6 -4 -5 -5 -6 -5  6  4 -5  2  2 -5 -5 -3 -4 -3  0    0   0   0   0   0   0   0   0   0  51  35   0   4   9   0   0   0   0   0   1  1.09 0.34
   71 M   -2 -1 -3 -2 -3 -2 -1 -4 -3  4  0 -1  0 -2 -4 -1  2 -1  0  4    1   3   0   3   0   1   3   0   0  26   5   3   1   0   0   4  14   1   3  32  0.39 0.20
   72 I   -2 -5 -6 -6 -3 -5 -5 -6 -6  3 -1 -5 -2 -3 -5 -4 -3 -6 -4  7    2   0   0   0   0   0   0   0   0  16   1   0   0   0   0   0   0   0   0  80  1.49 0.44
   73 D   -3 -4  6  5 -5 -3 -1  2 -3 -6 -5 -2 -5 -6 -4 -2 -3 -6 -5 -6    1   0  44  39   0   0   1  14   0   0   0   1   0   0   0   0   0   0   0   0  1.33 0.40
   74 K   -2 -3 -1  1 -5 -4 -3  7 -4 -6 -6 -3 -5 -5 -4 -2 -4 -5 -5 -6    0   2   2   7   0   0   2  84   0   0   0   1   0   0   0   2   0   0   0   0  1.71 0.44
   75 K   -3  2  0  1 -5  2 -1 -2  3 -5 -4  6 -3 -5 -3 -2 -2 -5 -4 -3    1   7   4   6   0   7   1   3   6   0   0  59   0   0   0   1   2   0   0   1  0.92 0.33
   76 K   -1  2 -2 -1 -4  0  3 -3 -1 -3 -3  3 -2 -2  1  0  2 -4 -3 -2    5  13   0   2   0   1  27   0   1   0   2  21   0   2   7   4  13   0   0   3  0.40 0.19
   77 V   -3 -5 -6 -6 -4 -5 -6 -6 -5  7 -1 -5  0 -1 -5 -5 -3 -5  0  3    0   0   0   0   0   0   0   0   0  74   2   0   1   2   0   0   1   0   4  17  1.41 0.41
   78 L   -1  3 -1 -3 -4  1  0 -3  0 -3 -3  5 -3 -5  0 -2  0 -3 -3 -2    6  17   1   0   0   4   3   0   2   1   2  49   0   0   5   1   6   0   0   2  0.68 0.27
   79 V    0 -5 -5 -5  1 -4 -5 -5 -5  3  0 -4 -1 -1 -4 -3 -1 -5 -3  6    9   0   0   0   3   0   0   0   0  18   6   0   0   2   0   1   2   0   0  60  0.91 0.31
   80 F   -3 -4 -4 -5  0 -4 -4 -5 -2 -1  2 -3 -1  5 -4 -1  2 -1  5  0    0   0   0   0   2   0   0   0   0   2  24   0   1  24   0   4  15   0  21   7  0.64 0.25
   81 S    5 -2 -1 -3 -1 -1 -1 -2 -2 -4 -4 -1 -3 -5 -3  3 -2 -5 -4 -3   61   2   2   0   1   2   4   1   1   0   0   3   0   0   0  23   0   0   0   1  0.86 0.34
   82 E   -3 -2  0  1 -4  1  6 -4  0 -1 -4 -1 -3 -4 -4 -2 -2 -5 -3 -1    0   0   3   7   0   4  67   0   2   5   1   3   0   1   0   2   1   0   0   4  1.05 0.36
   83 K    0  6 -2 -3 -3 -1 -2 -4 -3 -5 -5  4 -3 -5  1 -2 -2 -5 -4 -5    7  55   1   0   0   0   1   1   0   0   0  24   0   0   8   1   2   0   0   0  1.13 0.36
   84 D   -4 -4  4  7 -6 -1  1 -4 -3 -6 -6 -2 -5 -6 -4 -2 -3 -7 -5 -6    0   0  21  66   0   1   7   0   0   0   0   1   0   0   0   2   0   0   0   0  1.58 0.43
   85 P    2 -5 -5 -5 -6 -4 -4 -5 -5 -6 -5 -4 -5 -7  8 -4 -4 -4 -6 -5   15   0   0   0   0   0   0   0   0   0   0   0   0   0  84   0   0   0   0   0  2.51 0.58
   86 A    4 -1 -1 -2 -3  0  2  0 -2 -3 -1  1 -2 -4 -3  1 -1 -4 -3 -2   42   2   2   0   0   3  13   4   0   0   6  11   0   0   0  12   3   0   0   0  0.41 0.21
   87 N    0  0  5  1 -4  2  2 -3  0 -4 -3  3 -3 -5 -3 -1 -1 -5 -4 -4    7   3  33   8   0   9  15   0   1   0   2  17   0   0   0   2   1   0   0   0  0.60 0.24
   88 L   -4 -5 -6 -6 -1 -4 -5 -6 -5  4  6 -5  0 -2 -5 -5 -4 -4 -3 -1    0   0   0   0   1   0   0   0   0  21  76   0   0   0   0   0   0   0   0   0  1.30 0.39
   89 P   -3 -5 -3 -1 -5 -4 -4 -4 -5 -6 -6 -1 -6 -7  8 -3 -4 -7 -6 -6    1   0   1   4   0   0   0   1   0   0   0   3   0   0  88   0   0   0   0   0  2.55 0.58
   90 W   -7 -7 -8 -8 -6 -6 -7 -7  1 -7 -6 -7 -5 -3 -8 -7 -7 13 -2 -7    0   0   0   0   0   0   0   0   4   0   0   0   0   0   0   0   0  96   0   0  4.58 0.86
   91 A    1  0 -1 -1 -4 -1 -1  5 -3 -4 -4  3 -4 -5 -3  0 -2 -5 -4 -2   12   4   1   2   0   1   2  43   0   0   0  26   0   0   0   4   1   0   0   4  0.68 0.26
   92 E    0 -2 -1  4 -5  0  5 -3 -2 -5 -5  2 -4 -5 -3  0 -2 -5 -4 -4    8   0   1  29   0   3  42   1   0   0   0  11   0   0   0   5   1   0   0   0  0.90 0.31
   93 H   -2 -3  0 -3 -3 -2 -3 -5  1  0  5 -3  2 -1 -4 -3 -2  2 -1  0    3   0   6   2   0   1   1   0   3   4  63   1   5   1   0   1   1   3   2   4  0.65 0.26
   94 N   -2 -4  1  1 -5 -2 -2  7 -4 -6 -6 -2 -4 -6 -5 -2 -4 -5 -5 -6    0   0   8   9   0   1   3  76   0   0   0   3   0   0   0   0   0   0   0   0  1.49 0.40
   95 I    0 -5 -5 -6 -1 -5 -5 -5 -6  3 -2 -5 -2 -3 -4 -4 -2 -5 -4  6    8   0   0   0   1   0   0   0   0  16   0   0   0   0   0   0   1   0   0  73  1.27 0.40
   96 D   -4 -4 -2  8 -7 -1  2 -4 -3 -6 -7 -3 -6 -7 -4 -3 -4 -7 -6 -6    0   0   0  83   0   2  14   0   0   0   0   0   0   0   0   0   0   0   0   0  2.00 0.51
   97 I   -3 -5 -5 -5 -3 -5 -5 -6 -5  5  1 -5 -1  0 -5 -4 -2 -4  0  4    0   0   0   0   0   0   0   0   0  44  11   0   0   4   0   0   0   0   2  38  1.00 0.32
   98 V    0 -5 -6 -6 -4 -5 -5 -6 -6  1 -2 -5 -2 -4 -5 -4 -3 -6 -4  7    7   0   0   0   0   0   0   0   0   4   0   0   0   0   0   0   0   0   0  90  1.65 0.48
   99 V   -3 -5 -5 -5 -3 -4 -5 -6 -3  5  3 -4  2 -1 -5 -4 -3 -4 -3  3    0   0   0   0   0   0   0   0   1  35  35   0   4   1   0   0   0   0   0  22  0.88 0.28
  100 E   -4 -3 -3 -1 -7 -1  8 -5 -3 -7 -6 -2 -5 -7 -4 -3 -4 -6 -5 -6    0   0   0   1   0   0  99   0   0   0   0   0   0   0   0   0   0   0   0   0  2.28 0.61
  101 S    1 -4 -3 -4  8 -4 -4 -2 -4 -5 -5 -4 -4 -5 -4  5 -2 -5 -5 -4   12   0   0   0  37   0   0   1   0   0   0   0   0   0   0  49   0   0   0   0  1.50 0.45
  102 T   -3 -4 -3 -4 -4 -4 -4 -5 -5 -4 -4 -4 -4 -5 -4 -1  8 -6 -5 -3    0   0   0   0   0   0   0   0   0   0   0   0   0   0   0   2  98   0   0   0  2.16 0.61
  103 G   -3 -5 -3 -4 -6 -5 -5  8 -5 -7 -7 -5 -6 -6 -5 -3 -5 -6 -6 -6    0   0   0   0   0   0   0 100   0   0   0   0   0   0   0   0   0   0   0   0  2.38 0.55
  104 R   -3  3 -4 -5 -4 -3 -4 -5 -2  2  1  1 -1  6 -5 -3 -3 -3 -1  1    1  17   0   0   0   0   0   0   1  16  11   9   0  35   0   0   0   0   0  10  0.62 0.25
  105 F   -5 -6 -6 -7 -6 -6 -6 -6 -2 -3 -3 -6 -3  9 -7 -5 -5 -1  5 -4    0   0   0   0   0   0   0   0   0   0   0   0   0  83   0   0   0   0  15   0  2.37 0.56
  106 V   -1  2  1 -3 -1 -2 -3 -4 -4 -3 -2 -1 -3 -5 -4 -1  6 -5 -4  0    5  10   6   0   1   0   1   0   0   1   2   3   0   0   0   1  66   0   0   5  1.00 0.38
  107 S    0 -2  1  4 -3 -1  0 -3 -2 -4 -5  2 -4 -5 -3  3  1 -5 -4 -4    6   0   6  29   0   1   4   0   0   0   0  14   0   0   0  32   9   0   0   0  0.64 0.26
  108 E    2  4 -2 -3 -4  0  0  0 -2 -4 -3  4 -3 -5 -2 -1 -2 -5 -3 -3   19  29   1   1   0   2   3   6   0   0   1  33   0   0   1   1   1   0   1   1  0.66 0.27
  109 E    1 -3 -1  3 -5 -1  6 -3 -2 -4 -5 -1 -4 -5 -2 -1 -1 -5 -4 -3   16   0   2  16   0   1  53   0   0   0   0   2   0   0   1   3   4   0   0   1  0.87 0.32
  110 G    0  0 -1  2 -4  0 -1  2 -2 -5 -4  5 -3 -5 -3 -1 -1 -5 -4 -4    8   1   2  10   0   4   1  14   0   0   1  50   0   0   0   4   2   0   0   0  0.67 0.28
  111 A    6 -4 -4 -3  0 -3 -3 -2 -4 -4 -3 -3 -3 -5 -3  1 -2 -5 -4 -2   86   0   0   1   2   0   0   0   0   0   1   0   0   0   0   7   0   0   0   2  1.38 0.45
  112 S    2  1 -1 -2 -3  3  2  0 -1 -3 -3  2 -1 -4 -3  2 -1 -4 -3 -3   16   6   1   0   0  15  15   6   1   0   0  13   2   0   0  22   0   0   0   0  0.39 0.20
  113 L    4 -1 -3 -3 -3  0 -2  0 -3 -3  0  4 -1 -4 -2 -1 -2 -4 -3 -1   41   1   0   0   0   4   0   5   0   0   8  33   1   0   1   1   1   0   1   3  0.54 0.27
  114 H   -5 -4 -3 -5 -7 -3 -4 -6 11 -7 -7 -4 -5 -5 -6 -5 -5 -6 -2 -7    0   0   0   0   0   0   0   0 100   0   0   0   0   0   0   0   0   0   0   0  3.56 0.76
  115 L   -3 -5 -6 -6 -4 -4 -5 -6 -5  5  5 -5  0 -1 -5 -5 -3 -4 -3  0    0   0   0   0   0   0   0   0   0  38  57   0   1   1   0   0   0   0   0   3  1.14 0.35
  116 Q    0  0  0  3 -4  2  3 -2  1 -4 -4  2 -3 -5 -3 -1  1 -5 -3 -3    7   3   4  21   0  10  22   1   3   0   0  17   0   0   0   2   8   0   0   1  0.48 0.20
  117 A    6 -4 -2 -4 -3 -3 -3  2 -4 -4 -4 -3 -4 -5 -3 -1 -2 -5 -4 -3   79   0   2   0   0   0   0  15   0   0   0   0   0   0   0   2   1   0   0   0  1.25 0.42
  118 G   -3 -5 -3 -4 -6 -4 -5  7 -5 -7 -7 -4 -6 -6 -5 -3 -2 -6 -6 -6    0   0   0   0   0   0   0  96   0   0   0   0   0   0   0   1   2   0   0   0  2.20 0.52
  119 A    7 -4 -5 -5 -3 -4 -4 -3 -5 -4 -4 -4 -4 -5 -4 -2 -3 -6 -5 -1   95   0   0   0   0   0   0   0   0   0   0   0   0   0   0   0   0   0   0   4  1.70 0.51
  120 K   -3  2 -3 -3 -6 -1 -2 -5 -4 -6 -6  8 -4 -6 -4 -3 -4 -6 -5 -5    0   7   0   1   0   1   1   0   0   0   0  90   0   0   0   0   0   0   0   0  1.87 0.52
  121 R   -4  3 -3 -4 -6 -1 -2 -5 -3 -6 -5  7 -4 -5 -4 -3 -3 -3 -4 -5    0  16   0   0   0   1   0   0   0   0   0  82   0   0   0   0   0   0   0   0  1.75 0.50
  122 V   -3 -6 -6 -6 -4 -5 -6 -6 -6  0 -2 -5 -2 -4 -6 -5 -3 -6 -4  8    0   0   0   0   0   0   0   0   0   0   0   0   0   0   0   0   0   0   0  99  1.99 0.55
  123 I   -3 -5 -6 -6 -3 -5 -5 -6 -5  6  3 -5 -1 -2 -5 -4 -3 -5 -3  4    0   0   0   0   0   0   0   0   0  46  28   0   0   0   0   0   0   0   0  26  1.06 0.33
  124 I   -4 -6 -6 -6 -4 -5 -6 -7 -6  7  1 -5  0 -3 -6 -5 -3 -5 -4  2    0   0   0   0   0   0   0   0   0  82   9   0   1   0   0   0   0   0   0   8  1.65 0.45
  125 S   -1 -4 -2 -3 -4 -3 -3 -3 -4 -5 -5 -3 -4 -5 -4  6  4 -6 -5 -4    1   0   0   0   0   0   0   0   0   0   0   0   0   0   0  77  23   0   0   0  1.49 0.49
  126 A    7 -4 -5 -5 -2 -4 -4 -3 -5 -4 -4 -4 -4 -5 -4 -2 -2 -6 -5 -2   97   0   0   0   0   0   0   0   0   0   0   0   0   0   0   0   1   0   0   2  1.76 0.52
  127 P   -4 -6 -5 -5 -6 -5 -5 -6 -6 -6 -6 -4 -6 -7  9 -4 -4 -7 -6 -6    0   0   0   0   0   0   0   0   0   0   0   0   0   0  99   0   0   0   0   0  3.15 0.67
  128 A    6 -4 -4 -4 -3 -3 -4  3 -4 -4 -4 -3 -4 -5 -3  0 -2 -5 -5 -3   70   0   0   0   0   0   0  24   0   0   0   0   0   0   0   5   1   0   0   0  1.20 0.40
  129 K   -2 -1 -2 -1 -5 -1 -1  3 -3 -5 -5  6 -4 -5 -2  0  1 -5 -4 -4    1   0   1   3   0   0   1  21   0   0   0  56   0   0   1   6   9   0   0   0  0.86 0.32
  130 Q   -2 -3  5  3 -4 -2 -1  4 -2 -5 -5 -1 -4 -5 -3  0 -2 -5 -4 -4    1   0  34  18   0   1   3  31   0   0   0   3   0   0   0   5   1   0   0   1  0.85 0.27
  131 K    0 -1 -1  1 -3  0  4 -1 -1 -2 -2  1 -2 -3  1 -1 -1 -3 -2 -1   10   1   2   9   1   1  39   5   1   2   3   6   1   1   8   3   2   0   1   5  0.36 0.13
  132 T   -3 -4  0  7 -4 -2  0 -3 -4 -2 -5 -3 -5 -5 -3 -2 -3 -6 -5  0    1   0   2  78   0   0   3   1   0   2   1   1   0   0   1   1   1   0   0   8  1.55 0.42
  133 I   -2 -3 -3  1 -1 -3 -2 -3 -3  4  2 -3  2 -1 -3 -3 -1 -2 -2  2    1   1   0  11   1   0   1   1   0  30  23   1   6   1   1   1   2   1   0  18  0.41 0.17
  134 K    1  0 -1 -1 -2  0 -1  0 -1 -2 -1  3 -1 -2  3  0 -1 -2 -1 -1   16   3   2   2   1   2   3   7   1   2   6  23   1   2  16   4   3   1   1   3  0.23 0.07
  135 T   -3 -4 -3 -4 -4 -4 -4 -5 -5 -4 -4 -4 -1 -5 -4 -2  8 -6 -4 -3    0   0   0   0   0   0   0   0   0   0   0   0   1   0   0   0  97   0   0   0  2.09 0.59
  136 V   -3 -5 -5 -6 -2 -5 -5 -6 -5  6  0 -5 -1  2 -5 -4 -3 -4  0  4    0   0   0   0   1   0   0   0   0  54   4   0   1   8   0   0   0   0   2  31  1.11 0.34
  137 V   -2 -5 -5 -6 -2 -5 -5 -6 -6  0 -2 -5 -2 -4 -5 -5 -3 -6 -4  7    2   0   0   0   1   0   0   0   0   0   0   0   0   0   0   0   0   0   0  97  1.87 0.52
  138 Y   -4 -4 -5 -6 -3 -3 -5 -5 -2  0  2 -4  7  3 -3 -4 -3 -1  6  0    0   0   0   0   0   0   0   0   0   3  18   0  31  11   1   0   0   0  28   5  1.03 0.35
  139 N   -3 -5  3 -3 -5 -4 -4  7 -3 -7 -6 -4 -5 -6 -5 -1 -4 -6 -6 -6    0   0  17   0   0   0   0  80   0   0   0   0   0   0   0   3   0   0   0   0  1.78 0.46
  140 V   -3 -5 -6 -6 -1 -5 -5 -6 -6  1 -2 -5 -2 -4 -5 -4 -1 -6 -4  7    0   0   0   0   1   0   0   0   0   2   0   0   0   0   0   0   3   0   0  94  1.77 0.51
  141 N   -5 -4  9 -2 -6 -3 -4 -4 -3 -7 -7 -4 -6 -7 -5 -3 -3 -7 -6 -6    0   0 100   0   0   0   0   0   0   0   0   0   0   0   0   0   0   0   0   0  2.67 0.65
  142 H   -3 -3  0  4 -3  1  4 -4  8 -5 -4 -2 -4 -3 -4 -2 -3 -5 -2 -5    1   0   2  23   0   6  27   0  36   0   1   0   0   1   0   2   0   0   0   0  1.19 0.37
  143 K   -2 -1  2  5 -5  0  3 -1  3 -5 -5  1 -4 -5 -3 -1 -1 -5 -4 -5    1   1   7  40   0   4  20   5   8   0   0   7   0   0   0   4   3   0   0   0  0.75 0.26
  144 I   -1 -1 -1  1 -2  1  1 -3 -2  1 -1  2  0 -3 -3  0  2 -3 -3  0    4   1   1  11   0   7   7   1   0  12   5  17   2   0   0   4  20   0   0   7  0.19 0.14
  145 I   -4 -5 -5 -6 -4 -4 -5 -6 -2  1  4 -5 -1  1 -6 -5 -4 -2  7 -2    0   0   0   0   0   0   0   0   0   6  43   0   1   2   0   0   0   0  48   0  1.40 0.42
  146 N   -3 -2  1  6 -5 -2 -1 -4 -3 -4 -5  1 -4 -5 -3  0  3 -6 -5 -4    1   1   7  52   0   0   1   0   0   0   0  10   0   0   1   4  23   0   0   0  1.04 0.35
  147 A    3 -3 -2 -3 -4 -2 -2  2  0 -4 -4  0 -4 -5  6  0 -2 -5 -4 -3   25   0   1   1   0   0   1  15   2   1   0   7   0   0  39   5   1   0   0   1  0.88 0.28
  148 E    0 -1  2  3 -4  0  3 -2 -2 -4 -4  2 -3 -5 -3  2  1 -5 -4 -4    5   0   8  20   0   3  24   0   0   0   0  14   0   0   0  17   7   0   0   0  0.54 0.22
  149 D   -4 -3 -2  4 -6  1  2 -4  9 -5 -4 -2 -1 -4 -4 -3 -4 -5 -2 -5    1   0   0  28   0   6  12   0  48   0   1   1   2   0   0   0   0   0   0   0  1.45 0.42
  150 K   -2  0  3  0 -4  0 -1 -3  6 -3 -2  1 -2 -3 -2 -1  3 -5 -2 -2    1   5  14   4   0   4   2   0  25   1   4  10   0   0   1   0  24   0   0   3  0.55 0.25
  151 I   -3 -5 -6 -6 -1 -5 -6 -6 -6  6 -1 -5 -1 -3 -5 -5 -3 -5 -3  5    1   0   0   0   1   0   0   0   0  61   1   0   0   0   0   0   0   0   0  36  1.40 0.41
  152 I   -3 -5 -6 -6 -4 -5 -6 -6 -6  7  0 -5 -1 -2 -5 -5 -3 -5 -3  4    0   0   0   0   0   0   0   0   0  64   4   0   0   0   0   0   0   0   1  31  1.38 0.40
  153 S   -2 -4 -2 -3 -3 -3 -3 -3 -4 -6 -6 -3 -5 -6 -4  7 -2 -6 -5 -5    0   0   0   0   0   0   0   0   0   0   0   0   0   0   0  99   0   0   0   0  1.96 0.59
  154 A    2 -3  8 -2  0 -3 -3  0 -3 -5 -6 -3 -4 -6 -3 -2 -3 -6 -5 -3   17   0  70   0   2   0   0   7   0   0   0   0   0   0   1   0   0   0   0   2  1.45 0.45
  155 A    7 -4 -4 -5 -3 -4 -4  1 -5 -4 -5 -4 -4 -5 -4 -2 -3 -6 -5 -3   93   0   0   0   0   0   0   7   0   0   0   0   0   0   0   0   0   0   0   0  1.65 0.50
  156 S   -2 -4 -2 -3 -4 -3 -3 -3 -4 -6 -6 -3 -5 -6 -4  7 -2 -6 -5 -5    0   0   0   0   0   0   0   0   0   0   0   0   0   0   0 100   0   0   0   0  2.01 0.60
  157 C   -4 -7 -7 -7 12 -7 -8 -6 -7 -5 -5 -7 -5 -6 -7 -5 -5 -6 -6 -5    0   0   0   0 100   0   0   0   0   0   0   0   0   0   0   0   0   0   0   0  3.93 0.77
  158 T   -3 -4 -3 -4 -4 -4 -4 -5 -5 -4 -5 -4 -4 -6 -4 -2  8 -6 -5 -3    0   0   0   0   0   0   0   0   0   0   0   0   0   0   0   0 100   0   0   0  2.25 0.63
  159 T   -3 -4 -3 -4 -4 -4 -4 -5 -5 -4 -5 -4 -4 -6 -4 -1  8 -6 -5 -3    0   0   0   0   0   0   0   0   0   0   0   0   0   0   0   1  99   0   0   0  2.23 0.62
  160 N   -5 -4  9 -2 -6 -3 -4 -4 -2 -7 -7 -3 -6 -7 -5 -2 -3 -7 -6 -6    0   0  98   0   0   1   0   0   0   0   0   0   0   0   0   1   0   0   0   0  2.59 0.64
  161 C   -2 -7 -4 -7 11 -6 -7 -2 -6 -5 -5 -6 -5 -6 -6  0 -4 -6 -6 -4    2   0   0   0  88   0   0   3   0   0   0   0   0   0   0   7   0   0   0   0  3.16 0.66
  162 L   -4 -5 -6 -7 -4 -5 -6 -7 -6  0  6 -5  0 -2 -6 -5 -4 -4 -4 -1    0   0   0   0   0   0   0   0   0   2  96   0   0   0   0   0   0   0   0   2  1.65 0.46
  163 A    7 -4 -4 -5 -3 -4 -4 -1 -5 -4 -4 -4 -4 -5 -4 -1 -2 -6 -5 -3   94   0   0   0   0   0   0   3   0   0   0   0   0   0   0   2   1   0   0   1  1.67 0.50
  164 P   -4 -6 -5 -5 -6 -5 -5 -5 -6 -6 -6 -4 -6 -7  9 -4 -4 -7 -6 -5    0   0   0   0   0   0   0   0   0   0   0   0   0   0  98   1   0   0   0   0  3.10 0.66
  165 M   -2 -4 -5 -6 -3 -4 -5 -5 -5  1  2 -4  7  2 -4 -4 -2 -4 -2  4    2   0   0   0   0   0   0   0   0   6  17   0  31   8   0   0   0   0   0  36  0.93 0.32
  166 V    6 -4 -4 -4 -1 -3 -4 -3 -4 -1 -3 -3 -1 -4 -4 -2 -1 -5 -4  3   74   0   0   0   1   0   0   0   0   2   1   0   2   0   0   0   2   0   0  19  1.11 0.39
  167 H   -3 -1  0 -1 -6  0 -2 -4 -2 -6 -5  7 -4 -4 -4 -3 -3 -5  0 -5    1   0   4   3   0   3   0   0   1   0   0  84   0   0   0   0   0   0   4   0  1.59 0.48
  168 V    1 -5 -5 -5 -3 -4 -5 -4 -5  1 -2 -4 -2 -1 -2 -3 -1 -3 -4  6   13   0   0   0   0   0   0   1   0   3   1   0   0   2   2   0   3   0   0  75  1.14 0.39
  169 L   -4 -5 -6 -6 -4 -5 -5 -6 -5  1  6 -5  1 -1 -6 -5 -4 -4 -4 -1    0   0   0   0   0   0   0   0   0   7  88   0   1   1   0   0   0   0   0   2  1.44 0.42
  170 E   -4 -3  6  3 -4  1  0 -3  6 -4 -1 -2 -2 -4 -4 -2 -3 -5 -3 -3    0   0  40  18   0   6   3   0  22   0   7   0   1   0   0   1   0   0   0   2  0.98 0.34
  171 K   -3 -2  0  6 -6  0  4 -4 -3 -6 -6  2 -5 -6 -4 -2 -3 -6 -5 -5    0   1   2  55   0   4  27   0   0   0   0  11   0   0   0   1   0   0   0   0  1.28 0.38
  172 N    1  0  3 -1 -3  0  2 -2  0 -3 -1  2 -2 -2 -3  0  1 -4  0 -2   15   3  18   1   0   3  16   1   1   0   6  17   0   1   0   5   8   0   3   1  0.26 0.16
  173 F   -1 -5 -6 -6 -3 -6 -6 -5 -4  1 -1 -6 -2  8 -6 -5 -4  0  1 -1    7   0   0   0   1   0   0   0   0   7   3   0   0  77   0   0   0   1   1   4  1.74 0.46
  174 G   -2 -4 -3 -4 -5 -4 -4  7 -3 -6 -6 -3 -5 -6  0 -3 -2 -5 -6 -6    0   0   0   0   0   0   1  88   1   0   0   2   0   0   6   0   2   0   0   0  1.85 0.47
  175 I   -4 -6 -6 -6 -4 -6 -6 -7 -6  8  0 -6 -1 -2 -6 -5 -3 -5 -4  2    0   0   0   0   0   0   0   0   0  85   5   0   0   0   0   0   0   0   0   9  1.73 0.47
  176 L   -2 -1 -2 -1 -4  2  5 -4 -3  0 -2  3 -3 -4 -3 -2 -2 -5 -4  3    1   2   1   2   0   7  39   0   0   4   2  18   0   0   0   0   1   0   0  23  0.59 0.27
  177 H   -1  3  1 -2 -3  1  0 -2  3 -3 -3  3 -2 -4 -3  1  0 -2 -1 -1    3  19   6   1   0   6   5   1   7   1   1  27   0   0   0  14   3   1   1   5  0.40 0.19
  178 G   -1 -5 -3 -4 -5 -5 -5  7 -5 -7 -7 -4 -6 -6 -5 -3 -4 -6 -6 -6    4   0   0   0   0   0   0  96   0   0   0   0   0   0   0   1   0   0   0   0  2.20 0.52
  179 T   -3 -4 -4 -5 -3 -3 -4 -5 -3  1  4 -4  3  3 -5 -2  1 -3  2 -1    0   0   0   0   0   1   0   0   0   9  47   0   9  14   0   1  11   0   7   1  0.65 0.25
  180 M   -4 -5 -6 -7 -5 -4 -6 -6 -5 -1  0 -5 11 -3 -6 -5 -4 -5 -5 -2    0   0   0   0   0   0   0   0   0   2   2   0  94   0   0   0   0   0   0   1  2.89 0.71
  181 V   -3 -4  0 -4 -1 -3 -4 -4 -5 -3 -4 -4 -2 -5 -4  0  7 -6 -5 -1    0   0   4   0   1   0   0   0   0   0   0   0   1   0   0   4  85   0   0   3  1.64 0.51
  182 T   -3 -4 -3 -4 -4 -4 -4 -5 -5 -4 -5 -4 -4 -6 -4 -2  8 -6 -5 -3    0   0   0   0   0   0   0   0   0   0   0   0   0   0   0   0 100   0   0   0  2.24 0.62
  183 V   -2 -5 -5 -5 -1 -5 -5 -6 -6  6 -1 -5 -1 -3 -5 -4  1 -5 -4  5    1   0   0   0   1   0   0   0   0  46   0   0   0   0   0   0   7   0   0  45  1.17 0.37
  184 H   -5 -4 -3 -5 -7 -3 -4 -6 11 -7 -7 -4 -5 -5 -6 -5 -5 -6 -2 -7    0   0   0   0   0   0   0   0 100   0   0   0   0   0   0   0   0   0   0   0  3.56 0.76
  185 A    5 -4 -3 -4 -3 -3 -3 -2 -4 -4 -4 -3 -4 -5 -3  4 -2 -5 -4 -3   60   0   0   0   0   0   0   1   0   0   0   0   0   0   0  39   0   0   0   0  1.21 0.42
  186 Y   -5 -5 -6 -7 -5 -5 -6 -7 -2 -4 -4 -5 -3  2 -6 -5 -5 -1 10 -1    0   0   0   0   0   0   0   0   0   0   0   0   1   5   0   0   0   0  90   4  2.67 0.64
  187 T   -3 -4 -3 -4 -4 -4 -4 -5 -5 -4 -5 -4 -4 -6 -4 -2  8 -6 -5 -3    0   0   0   0   0   0   0   0   0   0   0   0   0   0   0   0 100   0   0   0  2.25 0.63
  188 A    1 -3  6 -2 -5  0 -3  4 -3 -5 -5 -3 -3 -5 -4  0 -2 -5 -5 -5   11   0  49   0   0   4   0  30   0   0   0   0   1   0   0   4   0   0   0   0  1.10 0.36
  189 D   -4 -5 -1  8 -6 -3 -1 -4 -4 -6 -6 -4 -6 -6 -4 -1  1 -7 -6 -6    0   0   1  87   0   0   1   0   0   0   0   0   0   0   0   3   9   0   0   0  2.06 0.53
  190 Q   -4 -2 -3 -4 -7  9 -1 -5 -3 -6 -6 -2 -4 -7 -5 -4 -4 -6 -5 -6    0   0   0   0   0 100   0   0   0   0   0   0   0   0   0   0   0   0   0   0  2.69 0.70
  191 R   -1  4  3 -3 -4  1 -2 -3 -2 -3 -3  1  4 -4  0 -1 -2 -5 -4  0    4  31  20   0   0   6   0   1   0   0   0   8  13   0   6   3   0   0   0   7  0.54 0.25
  192 L   -3 -4 -1 -4 -3 -4 -4 -5 -4  4  3 -4  0 -2 -4 -3  2 -4 -3  1    0   0   4   0   0   0   0   0   0  34  37   0   1   0   0   1  17   0   0   6  0.68 0.26
  193 Q   -3 -3 -4 -5 -4  3 -3 -5  1  0  5 -3  0 -2 -5 -3 -1 -4 -3  0    1   0   0   0   0  17   0   0   5   3  64   0   1   0   0   1   3   0   0   5  0.83 0.32
  194 D   -5 -5 -2  8 -7 -4 -1 -5 -4 -7 -7 -4 -7 -7 -5 -3 -4 -8 -7 -7    0   0   0 100   0   0   0   0   0   0   0   0   0   0   0   0   0   0   0   0  2.59 0.61
  195 A    2 -3  0 -3 -3  0 -3  3 -3 -2  1 -2  0  0 -3 -1  0 -3 -2  0   22   0   6   0   0   6   0  26   0   0  20   1   1   5   0   2   6   0   0   5  0.27 0.16
  196 P   -2 -4 -4 -4 -5 -4 -3 -4 -4 -3 -4 -3  1 -4  8 -1 -2 -6  0 -3    2   1   1   0   0   0   1   0   0   2   1   1   5   1  74   5   1   0   4   1  1.89 0.47
  197 H   -4 -1 -3 -4 -6  0 -2 -3 11 -7 -6 -1 -5 -5 -5 -3 -5 -6 -1 -6    0   3   0   0   0   4   1   2  84   0   0   3   0   0   0   1   0   0   1   0  2.60 0.61
  198 S   -2  2 -1 -2 -5 -1 -1  2 -3 -5 -5  6 -4 -5 -3  1 -2 -5 -4 -5    1  10   1   1   0   0   3  18   0   0   0  53   0   0   0  12   0   0   0   0  0.86 0.32
  199 D   -5 -4  1  8 -6 -3 -1 -4 -4 -6 -7 -1 -6 -6 -4 -3 -4 -7 -6 -6    0   0   5  91   0   0   0   0   0   0   0   3   0   0   0   0   0   0   0   0  2.21 0.54
  200 L   -3 -4 -5 -5 -4 -4 -4 -5 -4  0  5 -2  2  1  0 -4 -3  2  0 -1    1   0   0   0   0   0   0   0   0   1  73   2   4   6   5   0   0   3   2   2  0.95 0.32
  201 R   -4  8 -3 -5 -6 -2 -3 -5  0 -6 -5 -1 -4 -5 -5 -3 -4 -5  1 -6    0  90   0   0   0   0   0   0   2   0   0   0   0   0   0   0   0   0   6   0  2.12 0.55
  202 R   -2  8 -1 -4 -6 -2 -3 -2 -3 -6 -5  0 -4 -6 -5 -3 -4 -6 -5 -5    3  89   2   1   0   0   0   3   0   0   0   1   0   0   0   1   0   0   0   0  1.99 0.53
  203 A    6 -4 -2 -4 -3 -3 -3  0 -4 -4 -4 -3 -4 -5 -4  1 -2 -5 -5 -2   82   0   2   0   0   0   0   7   0   0   0   0   0   0   0   8   0   0   0   1  1.31 0.43
  204 R   -5  8 -4 -5 -7 -2 -3 -6 -3 -6 -6 -1 -5 -5 -6 -4 -4 -6 -5 -6    0 100   0   0   0   0   0   0   0   0   0   0   0   0   0   0   0   0   0   0  2.53 0.62
  205 A    6 -4 -4 -4 -3 -3 -4 -1 -3 -4 -4 -3 -4 -5 -4  1 -1 -5 -5 -3   86   0   0   0   0   0   0   2   0   0   0   0   0   0   0   9   3   0   0   0  1.42 0.46
  206 A    7 -4 -4 -5  3 -4 -4  0 -5 -4 -4 -4 -4 -5 -4 -2 -3 -5 -5 -3   88   0   0   0   5   0   0   7   0   0   0   0   0   0   0   0   0   0   0   0  1.51 0.47
  207 A    6 -4 -3 -4 -2 -3 -3  1 -4 -4 -4 -3 -3 -3 -3  0  0 -5 -1 -3   78   0   1   0   0   0   0   9   0   0   0   0   0   1   0   3   4   0   2   0  1.16 0.40
  208 C    0 -2 -2 -2  0  3  1 -3 -2  1  2 -2  3 -1 -3 -2 -1 -2 -2  2    6   0   1   1   2  17  13   0   1   7  24   0   9   1   0   2   1   1   1  16  0.26 0.17
  209 N   -3 -3  7 -2 -5 -3 -3 -3 -3 -6 -6 -3 -5 -6 -4  5 -2 -6 -5 -5    0   0  57   0   0   0   0   0   0   0   0   0   0   0   0  42   0   0   0   0  1.61 0.49
  210 I   -3 -5 -5 -6 -4 -3 -5 -6 -5  7 -1 -5  6 -3 -5 -4  0 -5 -4  0    1   0   0   0   0   1   0   0   0  66   1   0  25   0   0   0   5   0   0   2  1.46 0.44
  211 V   -3 -6 -6 -6 -4 -5 -6 -6 -6  7 -1 -5 -1 -3 -5 -5 -3 -5 -4  5    0   0   0   0   0   0   0   0   0  64   0   0   0   0   0   0   0   0   0  35  1.52 0.43
  212 P   -4 -6 -6 -5 -6 -5 -5 -6 -6 -5 -6 -4 -6 -7  9 -4 -5 -7 -7 -6    0   0   0   0   0   0   0   0   0   0   0   0   0   0 100   0   0   0   0   0  3.18 0.68
  213 T   -1 -4  3 -3 -4 -3 -3 -4  3 -4 -4 -3 -4 -5 -4  0  7 -5 -1 -3    3   0  12   0   0   0   0   0   6   0   0   0   0   0   0   5  71   0   2   0  1.32 0.45
  214 T   -2 -3 -2 -3 -4 -3 -3 -3 -4 -4 -5  0 -4 -5 -4  5  5 -5 -4 -4    0   0   0   0   0   0   0   1   0   0   0   6   0   0   0  52  41   0   0   0  1.19 0.43
  215 T   -3 -4 -3 -4 -4 -4 -4 -5 -5 -4 -4 -4 -4 -5 -4  0  8 -6 -5 -3    0   0   0   0   0   0   0   0   0   0   0   0   0   0   0   4  96   0   0   0  2.09 0.59
  216 G   -3 -5 -3 -4 -6 -5 -5  8 -3 -7 -7 -5 -6 -6 -5 -3 -5 -6 -6 -6    0   0   0   0   0   0   0 100   0   0   0   0   0   0   0   0   0   0   0   0  2.35 0.55
  217 A    7 -4 -5 -5 -3 -4 -4 -3 -5 -4 -5 -4 -4 -5 -4 -2 -3 -6 -5 -3   99   0   0   0   0   0   0   0   0   0   0   0   0   0   0   0   0   0   0   0  1.87 0.55
  218 A    7 -4 -5 -5 -3 -4 -4 -3 -5 -4 -5 -4 -4 -5 -4 -2 -2 -6 -5 -3   99   0   0   0   0   0   0   0   0   0   0   0   0   0   0   0   1   0   0   0  1.86 0.54
  219 K   -1  2 -3 -4 -6 -1 -2 -4 -4 -4 -4  7 -4 -6 -4 -2 -3 -6 -5 -3    5   6   0   0   0   1   0   0   0   1   1  83   0   0   0   1   0   0   0   1  1.55 0.47
  220 A    7 -4 -4 -5 -3 -4 -4 -3 -5 -4 -4 -4 -4 -5 -4 -1 -3 -6 -5 -3   98   0   0   0   0   0   0   0   0   0   0   0   0   0   0   1   0   0   0   0  1.82 0.54
  221 I   -3 -5 -5 -6 -3 -5 -5 -6 -6  5  1 -5  0 -3 -5 -4 -1 -5 -4  5    0   0   0   0   0   0   0   0   0  40   7   0   1   0   0   0   3   0   0  49  1.15 0.35
  222 G    2 -4 -3 -3 -4 -3 -3  6 -2 -5 -5 -3 -4 -5 -4  1 -1 -5 -5 -4   21   0   0   0   0   0   1  62   1   0   0   1   0   0   0  11   3   0   0   0  1.17 0.35
  223 L   -3 -2 -5 -4 -4 -1  0 -6 -4 -1  6  1  0 -2 -5 -4 -3 -4 -4 -1    0   1   0   0   0   2   6   0   0   1  76  11   0   0   0   1   1   0   0   1  0.98 0.35
  224 V   -2 -6 -6 -6 -3 -5 -6 -6 -6  0 -2 -5 -2 -4 -5 -5 -3 -6 -4  7    1   0   0   0   0   0   0   0   0   1   0   0   0   0   0   0   0   0   0  98  1.93 0.54
  225 V   -4 -5 -6 -6 -3 -5 -5 -6 -5  5  5 -5  2 -1 -5 -5 -3 -4 -2  1    0   0   0   0   0   0   0   0   0  38  52   0   3   1   0   0   0   0   1   5  1.07 0.33
  226 P   -4 -6 -6 -5 -6 -5 -5 -6 -6 -6 -7 -4 -6 -7  9 -4 -5 -7 -7 -6    0   0   0   0   0   0   0   0   0   0   0   0   0   0 100   0   0   0   0   0  3.20 0.68
  227 E   -1 -3 -1  0 -6  2  7 -4  2 -6 -5 -1 -4 -6 -4 -1 -3 -5 -4 -5    5   0   3   3   0   8  71   1   5   0   0   1   0   0   0   4   0   0   0   0  1.30 0.41
  228 A   -3 -5 -6 -6 -4 -5 -6 -6 -6  0  6 -5  1 -2 -6 -5 -4 -4 -4  0    1   0   0   0   0   0   0   0   0   2  92   0   2   0   0   0   0   0   0   3  1.51 0.43
  229 T    0 -1  4  1 -5  1  1 -3 -2 -4 -4  5 -4 -5 -3 -1 -2 -5 -4 -4    8   0  22   7   0   4   7   0   0   0   0  48   0   0   0   2   1   0   0   1  0.81 0.31
  230 G   -3 -5 -3 -4 -6 -5 -5  7 -5 -7 -7 -4 -6 -6 -5 -3 -5 -6 -6 -6    0   0   0   0   0   0   0  99   0   0   0   1   0   0   0   0   0   0   0   0  2.32 0.54
  231 K   -3  2 -3 -4 -6 -2 -2 -5 -4 -4 -4  8 -4 -6 -4 -3 -4 -6 -5 -5    0   7   0   0   0   0   0   0   0   1   1  90   0   0   0   0   0   0   0   0  1.86 0.53
  232 L   -4 -5 -6 -6 -4 -5 -6 -6 -5  0  6 -5  2  1 -6 -5 -4 -4 -3 -1    0   0   0   0   0   0   0   0   0   3  86   0   4   6   0   0   0   0   0   1  1.40 0.41
  233 N   -3 -3  4  6 -5 -1 -1 -3  2  0 -5 -1 -4 -5 -4 -1  0 -6 -4 -4    0   0  20  53   0   2   0   1   5   6   0   3   0   0   0   2   6   0   0   0  1.04 0.34
  234 G   -2 -5 -3 -4 -6 -5 -5  7 -5 -7 -7 -5 -6 -6 -5 -3 -5 -6 -6 -6    1   0   0   0   0   0   0  99   0   0   0   0   0   0   0   0   0   0   0   0  2.31 0.54
  235 M    0 -3 -2 -3 -3 -3 -3 -1  3  1  0 -3  4  3 -4  0  0 -2  3  0    6   0   1   0   0   0   0   3   7   9   8   0  16  17   0  10   5   0  11   4  0.32 0.18
  236 A    6 -4 -4 -4 -3 -3 -3 -2 -4 -4 -4 -3 -4 -5 -4  3 -2 -5 -5 -3   82   0   0   0   0   0   0   0   0   0   0   0   0   0   0  18   0   0   0   0  1.43 0.46
  237 L   -3 -2 -4 -4 -3  4 -3 -5 -3  2  3 -3  5 -1 -4 -3 -2 -4 -2  2    0   1   0   0   0  21   0   0   0  14  28   0  18   2   0   0   1   0   0  14  0.62 0.27
  238 R   -5  8 -4 -5 -7 -2 -3 -6 -3 -6 -6 -1 -5 -6 -6 -4 -4 -6 -5 -6    0 100   0   0   0   0   0   0   0   0   0   0   0   0   0   0   0   0   0   0  2.54 0.62
  239 V   -3 -6 -6 -6 -4 -5 -6 -6 -6  0 -2 -5 -2 -4 -5 -5 -3 -6 -4  7    1   0   0   0   0   0   0   0   0   1   0   0   0   0   0   0   0   0   0  98  1.95 0.54
  240 P   -3 -6 -5 -5 -6 -5 -5 -4 -6 -6 -6 -4 -6 -7  9 -3 -4 -7 -6 -6    1   0   0   0   0   0   0   1   0   0   0   0   0   0  97   1   0   0   0   0  3.04 0.65
  241 V   -3 -4 -4 -4 -3 -4 -4 -5 -5  0 -3 -4 -3 -4 -4 -2  6 -5 -4  4    0   0   0   0   0   0   0   0   0   4   0   0   0   0   0   0  59   0   0  37  1.26 0.43
  242 L   -1 -5 -5 -4 -5 -4 -4 -5 -4  2 -3 -2 -3 -5  8 -2 -3 -6 -5 -1    5   0   0   0   0   0   0   0   0  13   2   2   0   0  71   2   0   0   0   4  1.84 0.46
  243 T   -2 -3  5  3 -4 -3 -2 -3 -3 -4 -5 -3 -4 -5 -4 -1  5 -6 -4 -1    2   0  35  19   0   0   0   0   0   0   0   0   0   0   0   1  41   0   0   4  1.07 0.38
  244 G   -2 -5 -4 -5 -4 -5 -5  5 -5 -2 -3 -4 -3 -4 -5 -3 -3 -5 -5  5    0   0   0   0   0   0   0  53   0   0   0   0   0   0   0   0   0   0   0  47  1.30 0.41
  245 S   -2 -4 -2 -3 -4 -3 -3 -3 -4 -6 -6 -3 -5 -6 -4  7 -2 -6 -5 -5    0   0   0   0   0   0   0   0   0   0   0   0   0   0   0 100   0   0   0   0  2.01 0.60
  246 I    0 -4 -4 -5  0 -4 -4 -5 -4  3  3 -4  1 -1 -4 -3  0 -4 -3  4    6   0   0   0   2   0   1   0   0  17  32   0   3   1   0   0   6   0   0  32  0.59 0.22
  247 V   -3 -4 -3 -4 -2 -4 -4 -5 -5  1 -2 -4 -2 -4 -4 -1  5 -5 -4  5    0   0   1   0   0   0   0   0   0   5   0   0   0   0   0   3  42   0   0  49  1.09 0.39
  248 E   -4 -4 -1  7 -6 -2  3 -4 -4 -1 -4 -3 -4 -6 -4 -3 -4 -7 -6 -4    0   0   1  76   0   0  17   0   0   4   1   0   0   0   0   0   0   0   0   0  1.72 0.47
  249 L   -4 -5 -6 -6 -4 -5 -6 -6 -5  0  6 -5  0  3 -6 -5 -4 -4 -3 -1    0   0   0   0   0   0   0   0   0   1  84   0   0  12   0   0   0   0   0   2  1.36 0.40
  250 C   -2 -4 -2 -4 -2 -3 -4 -4 -4  0 -2 -1 -2 -2 -4  0  5 -5 -1  5    0   0   1   0   1   0   0   0   0   1   0   4   0   1   0   5  38   0   2  46  0.84 0.34
  251 V    3 -4 -4 -4  2 -3 -4 -3 -4  0 -1 -3 -1  3 -4  0 -1 -4 -2  4   28   0   0   0   5   0   0   0   0   2   2   0   1  16   0   7   3   0   0  36  0.53 0.25
  252 A   -2 -1  0  0 -3  1  3 -4 -2  2 -1 -2 -1 -3 -3 -2  2 -4 -3  3    0   2   6   5   0   8  23   0   1  13   3   1   0   0   0   0  15   0   0  24  0.33 0.20
  253 L    1 -4 -5 -5 -3 -4 -4 -5 -5  0  4 -4  0 -1 -1 -3  0 -4 -3  3   12   0   0   0   0   0   0   0   0   1  54   0   0   1   3   1   5   0   0  23  0.68 0.27
  254 E    0  0  0  1 -4  0  4  0 -1 -4 -4  3 -3 -5 -2  2 -1 -5 -4 -4    6   3   4   8   0   2  29   5   1   0   0  25   0   0   0  15   2   0   0   0  0.52 0.22
  255 K   -3  5 -2 -3 -4  0 -1 -2 -3 -5 -5  6 -3 -5 -4 -2 -1 -5 -4 -3    1  29   1   0   0   3   1   3   0   0   0  56   0   0   0   1   3   0   0   1  1.13 0.37
  256 D    0 -1  1  3 -4  0  3 -2 -2 -4 -4  2 -4 -4  3  0 -1 -5 -4 -3    6   1   7  20   0   2  22   1   0   0   0  13   0   0  17   7   3   0   0   1  0.55 0.21
  257 A    1 -4 -4 -4 -2 -4 -4 -4 -5  0 -2 -4 -2 -4 -1 -2  4 -5 -4  5   13   0   0   0   0   0   0   0   0   2   2   0   0   0   4   1  29   0   0  49  0.80 0.33
  258 T   -2 -4 -2 -2 -3 -3 -3 -4 -4 -2 -4 -3 -4 -3 -4  3  7 -5 -4 -3    0   0   0   2   0   0   0   0   0   2   0   0   0   1   0  18  75   0   0   0  1.45 0.47
  259 V    2 -1 -4 -4 -3 -2 -2 -4 -4  1 -2  2 -2 -3 -3 -2 -1 -5 -2  5   23   3   0   0   0   0   1   0   0   4   1  17   0   0   1   0   2   0   1  47  0.58 0.27
  260 E   -1 -3 -2  4 -6  0  7 -5 -3 -5 -6 -1 -4 -6 -3 -2 -3 -6 -5 -5    4   0   0  21   0   2  70   0   0   0   0   1   0   0   0   0   0   0   0   0  1.47 0.44
  261 Q   -1 -3 -2  1 -6  2  7 -3 -2 -6 -5 -1 -3 -6 -4 -1 -2 -6 -5 -5    4   0   0   6   0   6  74   2   0   0   0   1   1   0   0   4   1   0   0   0  1.35 0.42
  262 I   -3 -5 -6 -6 -3 -5 -5 -6 -6  5  0 -5 -1 -3 -5 -5 -3 -5 -4  6    0   0   0   0   0   0   0   0   0  41   3   0   0   0   0   0   0   0   0  56  1.35 0.40
  263 N   -5 -3  9 -1 -4 -3 -3 -4 -1 -6 -6 -2 -5 -6 -5 -3 -3 -7 -5 -6    0   0  93   1   0   0   0   0   1   0   1   2   0   0   0   0   0   0   0   0  2.32 0.59
  264 Q    5 -2  0  0 -2  1  2 -1 -2 -4 -3 -1 -3 -5 -3  0 -1 -5 -4 -3   53   1   5   6   0   7  14   3   0   0   1   3   0   0   0   4   2   0   0   0  0.59 0.27
  265 A    6 -3 -4 -4 -3 -3 -3 -3 -4 -1 -2 -1 -2 -4 -3 -1 -1 -5 -4  1   76   0   0   0   0   0   1   0   0   3   3   3   0   0   0   1   2   0   0  11  1.06 0.38
  266 M   -3 -4 -5 -6 -4 -4 -5 -5 -4  2  3 -4  7  4 -5 -4 -3 -3  0  1    1   0   0   0   0   0   0   0   0   8  25   0  34  22   0   0   0   0   3   7  1.00 0.33
  267 K   -2  3 -3 -3 -4  0  0 -4 -2 -3 -4  7 -3 -6 -4 -3 -3 -4 -4 -4    3  13   0   0   0   3   3   0   0   1   1  73   1   0   0   0   0   0   0   0  1.33 0.42
  268 K    3  0 -1  0 -4  1  3 -2 -3 -4 -4  3 -3 -5 -3 -1 -1 -5 -4 -3   35   3   2   3   0   5  21   1   0   0   0  23   0   0   0   2   2   0   0   1  0.54 0.25
  269 A    7 -4 -4 -4 -3 -3 -3 -3 -1 -4 -4 -3 -4 -4 -4 -1 -2 -5  0 -2   89   0   0   0   0   0   1   0   2   0   0   0   0   0   0   2   0   0   3   1  1.45 0.47
  270 A    5 -4 -3 -3 -2 -2 -2 -2 -4 -4 -4 -3 -3 -5 -3  3  1 -5 -4 -2   64   0   0   0   0   1   2   0   0   0   1   0   0   0   0  24   6   0   0   1  1.00 0.37
  271 S   -1 -2  4  2 -5  1  5 -3 -2 -5 -4  0 -4 -5 -3  0  0 -5 -4 -4    4   1  19   8   0   5  48   0   0   0   0   4   0   0   0   6   4   0   0   0  0.83 0.30
  272 A   -2 -3  0 -1 -5 -2  2  6 -3 -6 -5 -3 -5 -6 -2 -2 -1 -5 -5 -5    1   1   3   3   0   1  18  66   0   0   0   0   0   0   2   1   3   0   0   0  1.17 0.35
  273 S    0 -1 -2 -1 -3 -1  2 -3 -2  0 -3 -1 -3 -3  4  3  0 -4  0 -2    7   3   0   2   0   1  14   0   1   7   0   3   0   1  23  28   4   0   3   2  0.47 0.21
  274 F   -4 -4 -5 -6 -4 -4 -5 -6 -3 -1  5 -5  5  4 -5 -5 -4 -3  1 -2    0   0   0   0   0   0   0   0   1   0  58   0  17  21   0   0   0   0   4   0  1.13 0.36
  275 R    0  0 -2 -2 -4 -1  0  3 -3 -5 -4  6 -4 -5 -4 -2 -3 -5 -4 -4    6   3   1   1   0   2   4  27   0   0   1  54   0   0   0   1   0   0   0   0  0.92 0.33
  276 Y   -5 -5 -6 -7 -5 -5 -5 -5 -2 -2 -4 -5 -4  2 -6 -5 -5  0  9 -1    0   0   0   0   0   0   0   1   0   2   0   0   0   6   0   0   0   1  87   4  2.49 0.60
  277 C   -2 -3  4 -2  3 -2 -1 -3 -3 -3 -4 -3 -2 -4 -4  3  5 -5 -2 -2    1   0  21   1   8   0   4   0   0   0   0   0   1   0   0  19  42   0   1   2  0.80 0.32
  278 E   -2 -3 -1  4 -5 -1  6 -3 -1 -5 -5 -2 -2 -5 -2 -2  1 -5 -4 -3    2   0   2  26   0   0  53   1   1   0   0   0   1   0   1   1  10   0   0   1  1.04 0.35
  279 D   -1 -3 -2  5 -5 -1  4 -3 -3 -4  0 -2 -3 -5 -4 -2 -2 -5 -4 -3    6   1   0  41   0   2  35   0   0   0  11   1   0   0   0   0   1   0   0   1  0.91 0.32
  280 E   -2 -4 -4 -1 -6  0  3 -4 -3 -6 -5 -2 -3 -5  8 -3 -4 -6 -5 -5    2   0   0   2   0   5  18   1   0   0   0   2   0   1  68   0   0   0   0   0  1.85 0.46
  281 I   -4 -5 -2 -6 -4 -5 -5 -6 -5  5  4 -5  0 -2 -5 -5 -3 -4 -3  0    0   0   2   0   0   0   0   0   0  44  50   0   0   0   0   0   1   0   0   3  1.09 0.34
  282 V   -3 -6 -6 -6 -4 -5 -6 -6 -6  0 -2 -5 -2 -4 -6 -5 -3 -6 -4  8    0   0   0   0   0   0   0   0   0   0   0   0   0   0   0   0   0   0   0 100  2.02 0.55
  283 S   -2 -3 -2 -3 -4 -3 -3 -3 -4 -6 -4 -3 -5 -6 -4  7 -2 -6 -5 -5    0   0   0   0   0   0   0   0   0   0   2   0   0   0   0  98   0   0   0   0  1.90 0.58
  284 S    0  0 -1 -3  0 -1 -2 -2  0  2 -2 -1  0 -4 -3  4  1 -5 -3  0    4   4   1   0   2   2   0   2   3  16   0   2   2   0   0  45  10   0   0   7  0.44 0.24
  285 D   -5 -5 -2  8 -7 -4 -2 -5 -4 -7 -7 -4 -7 -7 -5 -3 -4 -8 -7 -7    0   0   0 100   0   0   0   0   0   0   0   0   0   0   0   0   0   0   0   0  2.59 0.61
  286 I   -4 -5 -5 -6 -4 -5 -5 -6 -3  5 -1 -5 -1  5 -5 -4 -3 -2  4  1    0   0   0   0   0   0   0   0   0  43   1   0   1  31   0   0   0   0  14   9  1.12 0.35
  287 V   -2  0  4 -3 -3 -1 -2 -4 -3  3 -1  0 -1 -3 -4 -2 -2 -5 -3  3    0   5  26   0   0   3   1   0   0  23   4   6   1   0   0   0   1   0   0  28  0.50 0.24
  288 G   -2 -3 -1 -2 -2 -2 -3  6  4 -5 -5 -3 -3 -5 -4 -2  1 -5 -4 -5    0   0   2   1   1   1   0  67  13   0   0   1   1   0   0   2  10   0   0   0  1.27 0.37
  289 S   -3 -3  5  5 -1 -2 -1 -3 -1 -1 -3 -3  3 -4 -4  1  1 -3 -2 -3    0   0  30  32   1   0   1   0   1   5   0   0   9   0   0   8   9   0   1   1  0.71 0.28
  290 E   -1 -1 -1  0 -4 -2 -1 -4  0 -4 -5 -1 -4 -5  6  1  2 -5 -4 -4    4   4   2   5   0   1   3   0   3   0   0   2   0   0  48  12  15   0   0   0  1.06 0.32
  291 H    2  1 -1 -4 -2 -2 -2 -4  7 -3 -2 -3 -3  2 -4 -2 -3 -3  4 -2   18   8   3   0   1   1   2   0  37   0   3   0   0  10   0   1   0   0  14   3  0.85 0.31
  292 G   -1 -4 -2 -3 -4 -3 -3  4 -4 -5 -6 -3 -4 -5 -4  6 -1 -6 -5 -5    1   0   0   0   0   0   0  27   0   0   0   0   0   0   0  70   1   0   0   0  1.33 0.45
  293 S    1 -4 -2 -3  5 -3 -3 -2 -4 -5 -5 -3 -4 -5 -4  6  0 -6 -5 -4   11   0   0   0  11   0   0   2   0   0   0   0   0   0   0  74   2   0   0   0  1.32 0.45
  294 I   -3 -5 -3 -5 -3 -4 -5 -6 -5  6  2 -5 -1 -2 -5 -3  2 -5 -3  2    0   0   1   0   0   0   0   0   0  60  14   0   0   0   0   0  12   0   0  11  1.02 0.33
  295 F   -4 -5 -6 -6 -4 -5 -6 -6 -4  2 -1 -5 -2  8 -6 -5 -4 -2  2  3    0   0   0   0   0   0   0   0   0  11   1   0   0  60   0   0   0   0   4  22  1.45 0.41
  296 D   -3 -5 -2  8 -7 -3 -1 -4  1 -6 -7 -4 -4 -7 -5 -3 -4 -7 -6 -6    3   0   0  92   0   0   1   0   3   0   0   0   1   0   0   0   0   0   0   0  2.23 0.56
  297 S    5 -4 -2 -3 -3 -3 -3  2 -4 -3 -2 -3 -1 -4  1  2 -1 -5 -4 -3   50   0   0   0   0   0   0  18   0   0   3   0   2   0   6  19   1   0   0   0  0.71 0.29
  298 K   -1 -2 -1  0 -3  0 -1  1 -3 -2  2  0 -1 -3  1  0  3 -4 -3 -2    2   1   1   6   0   4   3  10   0   0  25   5   1   0   7   7  29   0   0   0  0.26 0.18
  299 L   -2 -2 -2 -3 -1  5  0 -4 -1 -2  3 -2  0 -2 -4  3 -2  0 -3 -2    2   0   1   0   1  28   3   0   1   0  36   0   2   1   0  23   1   1   0   0  0.56 0.29
  300 T   -3 -4 -3 -4 -2 -4 -4 -4 -5 -4 -4 -4 -4 -5 -4 -1  8 -6 -5 -3    0   0   0   0   1   0   0   1   0   0   0   0   0   0   0   1  97   0   0   0  2.10 0.60
  301 N   -2  1 -1 -3 -3  0  0 -4 -3  0 -1  4  7 -2 -4 -1 -2 -4 -2 -2    3   7   2   1   0   3   6   0   0   4   3  30  36   1   0   3   1   0   1   0  0.72 0.31
  302 I    0 -4 -5 -5 -2 -3 -4 -4 -5  2 -1 -3  1 -3 -4 -3 -2 -5 -3  6    5   0   0   0   1   1   1   1   0   6   1   1   3   1   0   2   1   0   0  77  1.17 0.38
  303 I   -2 -3 -2 -3 -2 -1 -3 -4 -3  4  2 -2  5 -1 -3 -1  0 -3 -2  1    2   1   1   1   0   2   1   1   0  29  15   1  23   1   1   4   7   0   1   9  0.49 0.19
  304 E    0  0  0  1 -1  1  2  0  0 -1 -1  0 -1 -1  0  0  1 -1 -1 -1    5   3   3   6   1   4  23   7   2   3   5   7   1   2   5   6  11   1   2   4  0.12 0.03
  305 V    0  0  0  0  0  0  0  0 -1  0  0  0  0 -1  0  0  0 -1  0  1   10   4   3   5   2   3   5   8   2   6   9   4   2   3   4   7   5   1   3  14  0.01 0.00
  306 D    0  0  1  1 -1  0  0  2 -1 -1 -1  0 -1 -1  0  0  0 -1 -1 -1    8   3   6  11   1   4   5  19   1   3   6   5   1   3   4   7   5   1   2   4  0.08 0.01
  307 G   -1 -1  2  4 -2 -1  0  4 -2 -3 -3 -1 -2 -3 -1  0 -1 -2 -2 -2    3   2   8  25   1   2   4  31   1   2   3   3   1   1   2   6   2   0   1   2  0.41 0.12
  308 N   -2 -2  1  3 -4 -2  0  5 -2 -4 -4  1 -3 -4 -2 -1 -1 -4 -4 -3    1   1   5  17   0   1   4  51   1   0   1   9   0   1   1   2   3   0   0   1  0.75 0.25
  309 K   -3  2  5  1 -4  3 -1 -3  0 -4 -3  2 -3 -4 -3  0  2 -4 -2 -3    0  10  31   9   0  16   1   0   1   0   1  11   0   0   1   4  12   0   2   0  0.57 0.24
  310 L   -3 -3 -4 -4 -3  2 -3 -5 -1 -1  4 -1  6  1 -4 -3 -2 -3 -1 -1    0   0   0   0   0  12   1   0   1   1  41   3  26   7   0   1   2   0   2   2  0.72 0.29
  311 Y    1 -5 -5 -6 -2 -5 -5 -5 -5  1 -1 -5 -2 -1 -5 -4 -3 -5 -1  7   10   0   0   0   1   0   0   0   0   4   2   0   0   2   0   0   0   0   3  78  1.25 0.40
  312 K   -4  2 -2 -3 -6  2 -2 -4 -1 -6 -5  7 -4 -6 -4 -3 -3 -6 -5 -5    0   7   0   0   0   7   0   0   1   0   0  83   0   0   0   1   0   0   0   0  1.67 0.49
  313 V   -2 -5 -5 -5 -1 -4 -5 -5 -5  3 -1 -5 -2 -2 -5 -3  2 -5 -4  6    1   0   0   0   1   0   0   0   0  13   2   0   0   1   0   0  13   0   0  69  1.16 0.38
  314 Y   -1 -4 -5 -5  0 -4 -4 -5 -4  2  2 -4  2  1 -4 -2 -2 -4 -1  5    4   0   0   0   2   0   0   0   0  10  23   0   4   6   0   2   1   0   2  47  0.65 0.25
  315 A    4 -3 -2 -3 -3 -3 -3  1 -4 -4 -4 -3 -4 -5 -3  5  0 -5 -4 -3   40   0   0   0   0   0   0  11   0   0   0   0   0   0   0  45   3   0   0   1  0.92 0.36
  316 W   -7 -7 -8 -9 -6 -6 -7 -7 -7 -7 -6 -7 -6 -3 -8 -7 -7 13 -2 -7    0   0   0   0   0   0   0   0   0   0   0   0   0   0   0   0   0 100   0   0  4.82 0.89
  317 Y   -5 -5 -6 -7 -6 -5 -6 -7 -2 -5 -5 -5 -5  0 -7 -5 -5 -1 10 -5    0   0   0   0   0   0   0   0   0   0   0   0   0   0   0   0   0   0 100   0  3.14 0.71
  318 D   -5 -5 -2  8 -7 -4 -2 -5 -4 -7 -7 -4 -7 -7 -5 -3 -4 -8 -7 -7    0   0   0 100   0   0   0   0   0   0   0   0   0   0   0   0   0   0   0   0  2.60 0.62
  319 N   -5 -4  9 -2 -6 -3 -4 -4 -3 -7 -7 -4 -6 -7 -5 -3 -3 -7 -6 -6    0   0 100   0   0   0   0   0   0   0   0   0   0   0   0   0   0   0   0   0  2.67 0.65
  320 E   -4 -3 -3 -2 -7 -1  8 -5 -3 -7 -6 -2 -5 -7 -4 -3 -4 -6 -5 -6    0   0   0   0   0   0 100   0   0   0   0   0   0   0   0   0   0   0   0   0  2.31 0.61
  321 S   -3 -5  1 -6 -4 -4 -5 -5 -4 -4 -3 -5  4  0 -6 -2 -3 11  3 -5    2   0   7   0   0   0   0   0   0   0   1   0  10   2   0   4   1  62   9   0  2.51 0.57
  322 S   -2 -5 -3 -4 -5 -4 -4  7 -5 -6 -6 -4 -5 -6 -5  2 -3 -5 -6 -6    1   0   0   0   0   0   0  80   0   0   0   0   0   0   0  19   0   0   0   0  1.75 0.46
  323 Y   -5 -5 -6 -7 -6 -5 -6 -6 -2 -4 -4 -5 -4  6 -6 -5 -5 -1  9 -4    0   0   0   0   0   0   0   0   0   0   0   0   0  27   0   0   0   0  73   0  2.43 0.57
  324 V    0 -4 -2 -3 -3 -3 -3 -3 -4 -4 -4 -3 -4 -5 -4  6  3 -5 -4  0    4   0   0   0   0   0   0   0   0   0   0   0   0   0   0  68  21   0   0   7  1.17 0.42
  325 N    0 -3  6 -2  5  0 -2 -3  0 -4 -5 -2 -3 -5 -4  2  1 -5 -4 -3    7   0  42   0  15   4   0   0   2   0   0   0   1   0   0  20   7   0   0   1  0.88 0.32
  326 Q   -4  7  0 -4 -6  5 -2 -5 -3 -6 -5  0 -4 -6 -5 -3 -4 -5 -5 -5    0  71   4   0   0  24   0   0   0   0   0   1   0   0   0   0   0   0   0   0  1.73 0.48
  327 L   -3 -4 -5 -5  0 -4 -5 -5 -5  1  3 -4  6 -1 -5 -3 -1 -4 -2  4    0   0   0   0   1   0   0   0   0   6  31   0  28   1   0   0   3   0   1  29  0.86 0.30
  328 V    1 -2 -4 -5 -2 -4 -4 -3 -5  3  1 -3 -1 -3 -4 -2 -2 -5 -3  5   13   2   0   0   1   0   0   1   0  13  10   1   1   0   0   2   1   0   0  55  0.70 0.27
  329 R   -4  4 -2  7 -6 -2  0 -4 -3 -6 -6 -2 -5 -6 -4 -3 -3 -7 -5 -6    0  27   0  68   0   1   3   0   0   0   0   1   0   0   0   0   0   0   0   0  1.64 0.45
  330 V   -3 -4 -4 -5 -3 -3 -4 -5 -5 -1  5 -4  0 -2 -4 -3  4 -4 -4  0    1   0   0   0   0   0   0   0   0   1  57   0   2   0   0   0  35   0   0   4  0.95 0.35
  331 V    3 -4 -4 -4 -1 -3 -3 -3 -4  2  2 -3  0 -2 -3 -2  2 -4 -3  3   28   0   0   0   1   0   0   0   0  14  19   0   2   0   0   0  13   0   0  22  0.45 0.21
  332 N    1  0  0  0 -3  1  2 -1 -1 -1  0  2 -1 -3 -2  0  0 -4 -2  0   11   3   4   4   0   4  19   5   1   2  12  19   0   0   0   3   3   0   0   9  0.15 0.11
  333 Y   -1 -2 -4 -4 -4 -2 -3 -4  3 -1  2  1  1  2 -4 -3 -3 -1  6 -1    7   1   0   0   0   1   1   0   6   3  20  11   3   8   0   0   0   0  36   2  0.65 0.26
  334 C   -3 -4 -5 -5 -2 -4 -5 -5 -4  3  2 -4  5  4 -5 -4 -2 -1  0  4    0   0   0   0   0   0   0   0   0  15  14   0  16  23   0   0   0   0   1  29  0.76 0.26
  335 A    5 -3 -3 -3 -3 -3 -2  3 -4 -2 -3 -2 -1 -4 -3  0 -2 -5 -3 -1   59   0   0   1   0   0   2  24   0   1   1   1   1   0   0   6   1   0   0   3  0.81 0.30
  336 K   -2  1  1 -1 -4  1  3 -2 -1 -4 -4  5 -3 -5 -3  1  0 -5 -4 -4    1   5   7   1   0   5  20   1   1   0   0  40   0   0   0  14   6   0   0   0  0.61 0.23
  337 L   -3 -4 -5 -5 -3 -4 -4 -5 -4  2  5 -4  3  3 -4 -4 -2 -3 -1  1    0   0   0   0   0   0   0   0   0   7  69   0   8  12   0   0   0   0   0   4  0.80 0.20

                      K         Lambda
Standard Ungapped    0.1316     0.3179
Standard Gapped      0.0410     0.2670
PSI Ungapped         0.2204     0.3175
PSI Gapped           0.0675     0.2670
