
Last position-specific scoring matrix computed, weighted observed percentages rounded down, information per position, and relative weight of gapless real matches to pseudocounts
           A  R  N  D  C  Q  E  G  H  I  L  K  M  F  P  S  T  W  Y  V   A   R   N   D   C   Q   E   G   H   I   L   K   M   F   P   S   T   W   Y   V
    1 M   -2 -3 -4 -5 -3 -2 -3 -4 -3  0  1 -3  9 -1 -4 -3 -2 -3 -2  0    0   0   0   0   0   0   0   0   0   1   0   0  95   0   0   0   0   0   0   4  1.39 0.22
    2 S    2 -1  2 -1 -2 -1 -1 -1 -1 -2 -2  0 -2 -3  0  3  2 -3 -2 -2   16   0  10   0   0   0   0   0   1   0   4   6   0   0   3  42  17   0   0   0  0.34 0.08
    3 T    0 -1  2  2 -2  0  1 -1 -2 -2 -3  0 -2 -3  0  1  3 -4 -2 -1    7   0  13  11   0   3   6   1   0   0   0   5   0   1   3  12  37   0   0   2  0.32 0.08
    4 A    2 -1  1 -1 -2  1  0 -1  0 -1 -1  0  2 -2  0  1  1 -3 -1 -1   26   1  10   1   0  10   2   1   2   2   5   3  10   0   4  11   7   0   3   1  0.13 0.05
    5 N    1 -1  3  0 -1  2  0 -1 -1 -2 -2  0 -1 -3  1  1  1 -3  0 -2   14   1  20   3   1  15   3   1   0   1   0   3   1   0   7  13  11   0   4   2  0.23 0.06
    6 P    1 -1  0 -1 -2  1  0 -1 -1 -2 -2  0 -1 -2  4  1  2 -3 -2 -1   18   2   4   2   0   7   5   1   1   2   1   3   1   1  23  11  17   0   0   2  0.36 0.07
    7 A    2  0  2 -1 -2  1  0 -1  0 -1 -1  0 -1 -3  1  1  1  0 -2  0   23   3  14   0   0   9   3   2   2   5   3   2   1   0   7  12   9   1   0   4  0.15 0.05
    8 S    1  0  0  1 -2  1  0 -1  2 -1 -2  0 -1 -1 -1  2  2 -3 -1 -1   11   3   2   9   0   6   2   1   8   4   2   2   1   3   2  26  14   0   1   3  0.15 0.05
    9 A    1  1  1  0  0  1  0 -1 -1 -1 -1  0 -1 -2 -1  1  1 -3 -2  0   15  11   8   5   2   9   5   2   1   4   7   5   0   1   1  11  10   0   0   5  0.09 0.03
   10 P    0 -1 -1  1 -2  1  0 -2  0 -1  0  0  0 -1  3  1  1 -3 -2 -1    6   2   1   9   0   9   3   1   3   2   9   5   4   2  16   9  13   0   0   5  0.16 0.04
   11 D    0 -1  2  3 -3  1  1  0  0 -3 -3  1 -2 -2  0  1  0 -1 -2 -2    7   1  12  22   0   6   9   6   1   0   1   7   0   1   3  14   6   1   0   1  0.25 0.05
   12 S    1  2  1  0 -1  0 -1  2 -1 -3 -3  0 -2 -3  1  2  0 -3 -2 -2    9  14  10   3   1   3   2  19   0   0   0   1   0   0   6  22   5   0   1   2  0.24 0.07
   13 F   -2 -4 -4 -4 -3 -3 -4 -4  0  0  0 -4  3  7 -2 -2 -2 -1  3 -1    1   0   0   0   0   0   0   1   2   4   5   0  11  61   2   2   1   0   7   2  0.92 0.20
   14 F   -3 -3 -1  0 -3 -3 -3 -4 -3  1  1 -3  1  6 -4 -2 -2  1  1 -1    1   0   4   6   0   0   1   0   0   7  15   1   3  55   0   2   1   1   2   0  0.72 0.18
   15 S   -1 -1  4  2 -3  0  0 -1  1 -3 -3  1 -2 -2 -2  2  2 -4 -2 -3    2   1  24   9   0   2   4   1   3   0   0   9   1   2   0  23  17   0   1   0  0.39 0.14
   16 A    1  1  0  2 -3  2  2 -2 -1 -2 -1  0  2 -3 -2  1  0 -3 -2 -2   11   7   4  16   0  12  15   1   1   1   5   4   8   0   0   9   4   0   1   1  0.22 0.10
   17 S    0 -1  3  1 -3  0  0 -1  1 -3 -3 -1 -3 -3  2  2  3 -1 -2 -3    4   3  17   7   0   3   5   2   4   0   0   1   0   0   9  20  24   1   1   0  0.37 0.15
   18 L   -3 -4 -5 -5 -3 -4 -5 -6 -5  4  5 -4  0 -1 -5 -4 -2 -4 -1  1    0   0   0   0   0   0   0   0   0  27  63   0   1   1   0   0   1   0   2   7  0.95 0.26
   19 E    3  1 -1  0 -3  1  1 -2  0 -3 -2  2 -1 -2 -2  1  0 -4 -2 -2   35   5   2   3   0   7  11   1   2   1   2  17   1   1   1   9   4   0   1   0  0.30 0.14
   20 Q    0  0  1  2 -3  2  2  0 -1 -2 -3  2 -2 -4 -2  0  0 -4 -3 -2    8   3   6  15   0  12  17   6   1   2   1  13   1   0   1   6   6   0   0   3  0.26 0.10
   21 A    0  0 -2 -3 -1  1 -1 -2 -1  0 -1 -1 -1  3 -3  0  1 -2  3  1   10   5   1   0   1   8   1   1   1   4   3   1   1  16   0   7  12   0  12  16  0.17 0.11
   22 D   -4 -4 -1  8 -6 -3 -1 -4 -4 -6 -6 -3 -6 -6 -4 -3 -4 -7 -6 -6    0   0   0 100   0   0   0   0   0   0   0   0   0   0   0   0   0   0   0   0  2.34 0.47
   23 P    0 -3 -2  0 -5 -2 -1 -3 -3 -3 -4  0 -3 -5  7 -1 -2 -5 -4 -4    7   1   1   4   0   1   3   0   0   1   1   6   0   0  67   4   2   0   0   0  1.54 0.32
   24 E    1 -2 -2  2 -4  1  6 -3 -2 -3 -4 -1 -3 -5 -3 -1 -2 -5 -4 -1   14   0   1  11   0   5  60   0   0   1   1   1   0   0   0   1   1   0   0   4  0.86 0.27
   25 I   -2 -4 -5 -5 -3 -4 -4 -5 -5  4  3 -4  0 -2 -4 -4 -2 -4 -3  4    1   0   0   0   0   0   0   0   0  34  34   0   1   0   0   0   0   0   0  31  0.82 0.23
   26 A    3 -3 -3 -3 -2 -2 -3 -1  0 -3 -2 -3 -2  4 -4 -1 -2  7  3 -2   36   1   0   0   0   1   0   3   2   0   2   1   0  24   0   3   0  15   9   0  0.69 0.22
   27 A    2  1  0  2 -3  2  2  0 -1 -3 -3  1 -2 -4 -2  1 -1 -4 -3 -3   24   6   4  12   0  11  18   7   1   0   0   8   0   0   0   7   2   0   0   0  0.32 0.12
   28 A    5 -3 -3 -4 -2 -2 -2 -1 -2  0  0 -2  0 -3 -3  0 -1 -2 -2  0   68   0   0   0   0   1   1   2   0   5   7   0   2   0   0   6   1   0   1   6  0.67 0.24
   29 I   -3 -5 -5 -5 -3 -4 -5 -6 -5  6  1 -4  4 -2 -5 -4 -3 -4 -3  2    0   0   0   0   0   0   0   0   0  69   7   0  13   0   0   0   0   0   0  10  1.15 0.30
   30 R    1  1  1  1 -1  3  2  0  0 -2 -2  1 -1 -3 -2  0  0 -4 -3 -1   12   8   5   7   1  20  19   5   1   1   2   6   1   0   0   4   5   0   0   3  0.26 0.11
   31 G    1  1  1  1 -2  2  1  0  1 -3 -1  2 -1 -3 -2  0 -1 -4 -2 -2   17   6   7   9   1  11   7   7   3   0  10  17   0   0   0   4   0   0   0   0  0.18 0.09
   32 E   -3 -3 -3 -1 -6  0  7 -5 -3 -6 -6 -2 -5 -6 -4 -3 -3 -6 -5 -5    0   0   0   0   0   0 100   0   0   0   0   0   0   0   0   0   0   0   0   0  2.02 0.45
   33 L   -1  0  0 -1 -1 -1  0 -2 -1  0  2  0  1  0 -3 -1  0 -1  0  0    5   4   5   2   1   1   9   1   1   3  37   6   2   4   0   2   7   1   3   7  0.11 0.08
   34 G    0  2  1  1 -2  2  2  1  1 -2 -2  2 -1 -3 -2  0  0 -3 -2 -1    6  12   7   7   1  12  13  12   3   1   3  12   1   0   0   2   4   0   0   5  0.20 0.08
   35 R   -4  8 -3 -4 -6 -1 -3 -5 -3 -6 -5  0 -4 -5 -5 -3 -4 -5 -4 -5    0 100   0   0   0   0   0   0   0   0   0   0   0   0   0   0   0   0   0   0  2.21 0.46
   36 Q   -3 -2 -3 -3 -6  9  0 -5 -2 -6 -4 -1 -3 -6 -4 -3 -3 -5 -4 -5    0   0   0   0   0  97   2   0   0   0   1   0   0   0   0   0   0   0   0   0  2.21 0.50
   37 R   -2  4  1 -1 -2  4  4 -3  0 -4 -4  0 -2 -3 -3 -1 -2 -4 -3 -3    1  25   7   1   1  23  34   0   2   0   0   2   1   1   0   1   1   0   0   1  0.70 0.22
   38 H   -1  0  2  3 -4  1  2 -1  3 -3 -4 -1 -3 -3 -3  1  0 -4  0 -3    3   4  13  23   0   5  18   3   9   0   0   1   0   0   0  10   7   0   4   0  0.40 0.13
   39 E   -2 -1  3 -2 -4  2  1  1  7 -4 -4  1 -3 -3 -3 -1  0 -4 -1 -3    0   0  14   0   0  10   9  11  35   0   0  11   0   0   0   1   7   0   1   1  0.70 0.22
   40 V   -3 -5 -5 -5 -3 -4 -5 -6 -5  6  3 -4  0 -2 -5 -4 -3 -4 -3  1    0   0   0   0   0   0   0   0   0  63  32   0   0   0   0   0   0   0   0   5  1.08 0.28
   41 E   -3 -3 -2 -1 -6  0  7 -5 -3 -6 -5 -2 -4 -6 -4 -3 -3 -5 -5 -4    0   0   1   0   0   1  98   0   0   0   0   0   0   0   0   0   0   0   0   1  1.92 0.44
   42 L   -3 -4 -5 -6 -3 -4 -5 -6 -5  0  6 -4  4 -1 -5 -4 -3 -4 -3 -1    0   0   0   0   0   0   0   0   0   0  89   0  10   0   0   0   0   0   0   0  1.33 0.33
   43 I   -4 -6 -6 -6 -4 -5 -6 -6 -6  8 -1 -5 -1 -2 -5 -5 -3 -5 -4  1    0   0   0   0   0   0   0   0   0 100   0   0   0   0   0   0   0   0   0   0  1.85 0.41
   44 A    7 -4 -4 -4 -3 -3 -3 -2 -4 -4 -4 -3 -3 -5 -3 -1 -2 -5 -4 -2  100   0   0   0   0   0   0   0   0   0   0   0   0   0   0   0   0   0   0   0  1.58 0.40
   45 S   -1 -3 -2 -3 -3 -3 -3 -3 -3 -5 -5 -3 -4 -5 -3  7 -1 -5 -4 -4    1   0   0   0   0   0   0   0   0   0   0   0   0   0   0  99   0   0   0   0  1.67 0.44
   46 E   -3 -3 -3 -1 -6  0  7 -4 -3 -6 -5 -2 -5 -6 -4 -3 -3 -5 -5 -5    0   0   0   0   0   0 100   0   0   0   0   0   0   0   0   0   0   0   0   0  1.99 0.45
   47 N   -4 -3  9 -1 -5 -3 -3 -3 -2 -6 -6 -3 -5 -6 -5 -2 -3 -7 -5 -6    0   0 100   0   0   0   0   0   0   0   0   0   0   0   0   0   0   0   0   0  2.32 0.48
   48 I   -3 -4 -5 -5 -4 -4 -5 -5 -1  3 -1 -4  0  6 -5 -4 -3  2  6  0    0   0   0   0   0   0   0   0   1  25   2   0   1  36   0   0   0   2  30   2  1.08 0.27
   49 V    2 -4 -3 -4  0 -3 -3 -3 -4  0 -2 -3 -2 -3 -3 -1  3 -4 -3  5   21   0   0   0   2   0   0   0   0   0   0   0   0   0   0   0  23   0   0  53  0.72 0.25
   50 S   -1 -3 -2 -2 -3 -2 -2 -3 -3 -5 -5 -3 -3 -5  0  7 -1 -5 -4 -4    0   0   0   0   0   0   0   0   0   0   0   0   0   0   5  93   1   0   0   0  1.46 0.40
   51 R    0  3 -2 -2 -3  1  1 -3 -2 -3 -2  2 -2 -4  5 -1 -1 -4 -3 -2    6  18   0   1   1   6  10   0   0   1   3  15   1   0  33   1   2   0   0   3  0.64 0.17
   52 A    6  2 -3 -3 -2 -1 -2 -2 -3 -3 -2 -2 -2 -4 -2  0 -2 -4 -4 -2   76  13   0   1   0   1   1   1   0   0   2   0   1   0   1   2   0   0   0   0  0.89 0.29
   53 V   -2 -5 -5 -6 -3 -5 -5 -6 -6  1 -1 -5 -1 -3 -5 -4 -2 -5 -4  7    0   0   0   0   0   0   0   0   0   1   0   0   0   0   0   0   0   0   0  99  1.64 0.40
   54 L   -3 -1 -5 -6 -4 -3 -4 -5 -4  0  4 -4  9 -2 -5 -4 -3 -4 -3 -1    0   3   0   0   0   0   0   0   0   2  34   0  60   0   0   0   0   0   0   0  1.46 0.37
   55 E    2 -2 -2  0 -4  3  6 -3 -2 -4 -4 -1 -2 -5 -3 -1 -2 -3 -4 -3   19   0   0   2   0  15  61   0   0   0   0   1   1   0   0   1   0   0   0   1  0.99 0.29
   56 A    6 -4 -4 -4 -3 -3 -3 -2 -4 -3 -3 -3 -3 -4 -3 -1 -1 -5 -4 -1   95   0   0   0   0   0   0   0   0   1   0   0   0   0   0   0   2   0   0   2  1.41 0.37
   57 Q   -1 -2 -3 -3 -5  8 -1 -4 -2 -4 -3 -1  4 -5 -4 -2 -2 -4 -3 -3    5   0   0   0   0  77   1   0   0   0   1   0  14   0   0   0   1   0   0   1  1.52 0.41
   58 G   -2 -5 -2 -3 -5 -4 -4  7 -4 -6 -6 -4 -5 -6 -4 -2 -4 -5 -5 -6    0   0   1   0   0   0   0  98   0   0   0   0   0   0   0   1   0   0   0   0  2.02 0.39
   59 S   -1 -3 -1 -3 -1 -2 -2 -2 -3 -4 -5 -2 -4 -5 -3  6  2 -5 -4 -4    0   0   0   0   1   0   0   1   0   0   0   0   0   0   0  87  11   0   0   0  1.36 0.38
   60 V   -2 -3 -4 -4  1  2 -3 -3 -2  2 -1 -2 -1 -2 -1 -3 -1 -4 -2  5    1   0   0   0   3  14   0   1   1  10   2   1   0   1   3   0   1   0   1  62  0.65 0.24
   61 M   -3 -4 -5 -6 -3 -4 -5 -6 -4  0  6 -4  4  2 -4 -4 -3 -3 -2 -1    0   0   0   0   0   0   0   0   0   0  82   0  11   7   0   0   0   0   0   0  1.16 0.30
   62 T   -3 -4 -3 -4 -3 -3 -3 -4 -4 -3 -4 -3 -2 -5 -4 -1  8 -5 -4 -3    0   0   0   0   0   0   0   0   0   0   0   0   1   0   0   0  99   0   0   0  1.88 0.45
   63 N   -4 -3  8 -1 -5 -2 -3 -3  0 -6 -6 -3 -5 -6 -5 -2 -3 -6 -5 -6    0   0  98   0   0   0   0   0   2   0   0   0   0   0   0   0   0   0   0   0  2.24 0.47
   64 K   -3  0 -3 -3 -6 -1 -2 -4 -3 -5 -5  8 -4 -6 -3 -3 -3 -6 -4 -5    0   0   0   0   0   0   0   0   0   0   0 100   0   0   0   0   0   0   0   0  1.91 0.44
   65 Y   -5 -5 -5 -6 -5 -4 -5 -6 -1 -4 -4 -5 -4  0 -6 -5 -4  0 10 -4    0   0   0   0   0   0   0   0   0   0   0   0   0   0   0   0   0   0 100   0  2.77 0.53
   66 A    7 -4 -4 -4 -3 -3 -3 -2 -4 -4 -4 -3 -3 -5 -3 -1 -2 -5 -4 -2  100   0   0   0   0   0   0   0   0   0   0   0   0   0   0   0   0   0   0   0  1.58 0.40
   67 E   -3 -3 -3 -1 -6  0  7 -5 -3 -6 -5 -2 -5 -6 -4 -3 -3 -5 -5 -5    0   0   0   0   0   0 100   0   0   0   0   0   0   0   0   0   0   0   0   0  2.01 0.45
   68 G   -2 -5 -3 -4 -5 -4 -5  7 -4 -6 -6 -4 -5 -6 -5 -3 -4 -5 -6 -6    0   0   0   0   0   0   0 100   0   0   0   0   0   0   0   0   0   0   0   0  2.12 0.40
   69 Y   -4 -4 -5 -6 -5 -4 -5 -6 -1 -4  0 -5 -3  0 -6 -4 -4  0  9 -4    0   0   0   0   0   0   0   0   0   0   8   0   0   0   0   0   0   0  92   0  2.40 0.48
   70 P   -3 -5 -5 -4 -5 -4 -4 -5 -4 -5 -5 -4 -5 -6  9 -2 -4 -6 -6 -5    1   0   0   0   0   0   0   0   0   0   0   0   0   0  96   2   0   0   0   0  2.81 0.48
   71 G   -1 -2 -1 -2 -4 -3 -3  6  1 -6 -5 -2 -4 -4 -4 -1 -3 -4 -4 -5    2   1   2   1   0   0   0  81   4   0   0   2   0   0   0   4   0   0   0   0  1.41 0.30
   72 N   -2  4 -2 -3 -5 -1 -1 -4  0 -5 -5  6 -3 -5 -3 -2 -3 -5 -4 -4    1  23   1   0   0   0   0   0   2   0   0  72   0   0   0   0   0   0   0   0  1.33 0.34
   73 R   -4  8 -3 -4 -6 -1 -3 -5 -3 -6 -5  0 -4 -5 -5 -3 -4 -5 -4 -5    0 100   0   0   0   0   0   0   0   0   0   0   0   0   0   0   0   0   0   0  2.19 0.45
   74 Y   -5 -5 -5 -6 -5 -4 -5 -6 -1 -4 -4 -5 -4  1 -6 -4 -4  1 10 -4    0   0   0   0   0   0   0   0   0   0   0   0   0   2   0   0   0   1  97   0  2.66 0.51
   75 Y   -5 -5 -5 -6 -5 -4 -5 -6 -1 -4 -4 -5 -4  0 -6 -5 -4  0 10 -4    0   0   0   0   0   0   0   0   0   0   0   0   0   0   0   0   0   0 100   0  2.77 0.53
   76 G   -2 -4 -1 -3 -3 -3 -4  7 -4 -6 -6 -4 -5 -5 -4 -2 -4 -5 -5 -5    0   0   2   0   0   1   0  95   0   0   0   0   0   0   0   1   0   0   0   0  1.90 0.37
   77 G   -2 -5 -3 -4 -5 -4 -5  7 -4 -6 -6 -4 -5 -6 -5 -3 -4 -5 -6 -6    0   0   0   0   0   0   0 100   0   0   0   0   0   0   0   0   0   0   0   0  2.12 0.40
   78 C   -3 -6 -6 -6 11 -6 -7 -5 -6 -4 -4 -6 -4 -5 -6 -4 -2 -5 -5 -4    0   0   0   0  98   0   0   0   0   0   0   0   0   0   0   0   2   0   0   0  3.40 0.55
   79 E   -1 -2 -2  1 -5  2  6 -3  1 -5 -5 -1 -3 -5 -3 -2 -3 -5 -3 -3    3   0   0   4   0   9  75   1   3   0   0   1   0   0   0   0   0   0   1   2  1.21 0.32
   80 F   -3 -3  0 -3  2 -2 -2 -4  5 -2 -2 -3 -2  5 -2 -3 -3  2  6 -1    1   0   4   1   4   0   3   0  20   1   0   0   0  24   2   0   0   2  31   6  0.84 0.24
   81 V   -1 -5 -5 -5 -3 -4 -5 -5 -5  2 -1 -4 -1 -3 -4 -3 -2 -5 -3  7    4   0   0   0   0   0   0   0   0   4   0   0   1   0   0   1   0   0   0  89  1.32 0.34
   82 D   -4 -4 -1  8 -6 -3 -1 -4 -4 -6 -6 -3 -6 -6 -4 -3 -4 -7 -6 -6    0   0   0 100   0   0   0   0   0   0   0   0   0   0   0   0   0   0   0   0  2.27 0.45
   83 V   -1 -1 -3 -3 -3  0  0 -4 -3  3  0  1  0 -2 -3 -2 -1 -4 -2  4    2   2   0   0   0   4   9   1   0  24   2   9   2   0   0   0   2   0   0  43  0.41 0.17
   84 A    3 -4 -4 -4 -2 -3 -4 -3 -4  2 -1 -3 -1 -3 -3 -2 -1 -4 -3  5   33   0   0   0   0   0   0   0   0  11   0   0   0   0   0   1   2   0   0  52  0.73 0.24
   85 E   -3 -3 -3 -1 -6  0  7 -5 -3 -6 -5 -2 -5 -6 -4 -3 -3 -5 -5 -5    0   0   0   0   0   0 100   0   0   0   0   0   0   0   0   0   0   0   0   0  2.01 0.45
   86 N   -1  1  3  2 -4  4  2 -2 -1 -4 -4  0 -2 -4 -3  0  1 -4 -3 -3    4   5  19  13   0  28  11   0   0   0   0   3   0   0   0   5  10   0   0   1  0.51 0.17
   87 L   -3 -4 -5 -6 -3 -4 -4 -6 -5  2  6 -4  0 -1 -5 -4 -3 -4 -3  0    0   0   0   0   0   0   0   0   0  12  86   0   0   0   0   0   0   0   0   1  1.19 0.30
   88 A    7 -4 -4 -4 -2 -3 -3 -2 -4 -4 -4 -3 -3 -5 -3 -1 -2 -5 -4 -2  100   0   0   0   0   0   0   0   0   0   0   0   0   0   0   0   0   0   0   0  1.57 0.40
   89 I   -3  3 -5 -5 -4 -3 -4 -6 -5  7 -1 -3 -1 -2 -5 -4 -3 -5 -3  0    0  17   0   0   0   1   0   0   0  80   1   0   0   0   0   0   0   0   0   1  1.25 0.34
   90 D   -1 -2  0  5 -5  0  5 -3 -2 -5 -5 -1 -4 -5 -3 -1 -3 -5 -4 -5    4   0   1  42   0   1  47   0   0   0   0   2   0   0   0   2   0   0   0   0  1.15 0.29
   91 R   -4  8 -3 -4 -6 -1 -3 -5 -3 -6 -5  0 -4 -5 -5 -3 -4 -5 -3 -5    0 100   0   0   0   0   0   0   0   0   0   0   0   0   0   0   0   0   0   0  2.19 0.45
   92 A    5 -3 -4 -4  0 -3 -3 -2 -4 -1  0 -3 -1 -3 -3 -1 -2 -4 -3  2   72   0   0   0   1   0   0   0   0   2  10   0   1   0   0   0   0   0   0  14  0.83 0.27
   93 K   -3  1 -2 -3  3  0 -2 -4 -3 -5 -4  7 -3 -5 -3 -2 -2 -5 -4 -4    0   4   1   0   8   1   0   0   0   0   1  84   0   0   0   0   1   0   0   0  1.40 0.36
   94 K    1  0 -1 -1 -4  4  4 -3 -2 -4 -3  3 -2 -4 -3 -1 -1 -4 -3 -3   13   3   1   0   0  21  30   0   0   0   1  26   0   0   0   1   3   0   0   1  0.61 0.21
   95 L   -3 -4 -6 -6 -3 -4 -5 -6 -5  2  6 -5  0 -2 -5 -5 -3 -4 -3 -1    0   0   0   0   0   0   0   0   0   7  92   0   0   0   0   0   0   0   0   0  1.32 0.32
   96 F   -5 -5 -6 -6 -5 -6 -6 -6 -4 -3 -2 -6 -2  9 -6 -5 -5 -1  2 -3    0   0   0   0   0   0   0   0   0   0   0   0   0  98   0   0   0   0   2   0  2.39 0.45
   97 G   -2 -3  1  1 -5 -3 -3  6 -1 -6 -6 -2 -5 -5 -4 -2 -3 -5 -4 -5    1   0   7   8   0   1   1  79   1   0   0   2   0   0   0   0   0   0   0   0  1.39 0.30
   98 A    6 -4 -4 -4  6 -3 -3 -2 -4 -3 -3 -3 -3 -4 -3 -1 -2 -5 -4 -1   74   0   0   0  20   0   0   1   0   0   0   0   0   0   0   1   0   0   0   3  1.19 0.32
   99 N    1 -1  0  4 -4  1  4  0 -2 -4 -4  1 -3 -5 -3 -1 -1 -5 -4 -3   12   0   3  22   0   3  40   7   0   0   0   9   0   0   0   2   2   0   0   0  0.61 0.19
  100 F   -1 -3 -3 -4 -4 -3 -3 -4  7 -3 -3 -4 -2  5 -5 -3 -4  3  7 -4    5   0   0   0   0   0   0   0  27   0   0   0   0  23   0   0   0   4  40   0  1.35 0.32
  101 A    6 -4 -4 -4 -2 -3 -3 -2 -4 -2 -3 -3 -3 -4 -3 -1 -2 -5 -4  2   81   0   0   0   0   0   0   0   0   0   0   0   0   0   0   0   0   0   0  18  1.13 0.33
  102 N   -4 -3  9 -1 -4 -3 -3 -3 -2 -6 -6 -3 -4 -6 -5 -2 -3 -6 -5 -6    0   0  99   0   0   0   0   0   0   0   0   0   0   0   0   0   0   0   0   0  2.28 0.47
  103 V   -2 -5 -5 -6 -3 -5 -5 -6 -6  1 -1 -5 -2 -3 -5 -4 -2 -5 -4  7    1   0   0   0   0   0   0   0   0   0   0   0   0   0   0   0   0   0   0  99  1.64 0.40
  104 Q   -4 -2 -3 -3 -6  9 -1 -5 -2 -6 -5 -1 -3 -6 -4 -3 -3 -5 -4 -5    0   0   0   0   0 100   0   0   0   0   0   0   0   0   0   0   0   0   0   0  2.33 0.52
  105 P   -1 -5 -5 -4 -5 -4 -4 -5 -5 -5 -6 -4 -5 -6  9 -3 -3 -6 -6 -5    4   0   0   0   0   0   0   0   0   0   0   0   0   0  95   1   0   0   0   0  2.77 0.47
  106 N   -4 -3  3 -3 -6 -2 -3 -5 10 -6 -6 -3 -4 -4 -5 -3 -4 -5 -1 -6    0   0  12   0   0   0   0   0  88   0   0   0   0   0   0   0   0   0   0   0  2.62 0.50
  107 S    0 -3 -2 -3  0 -2 -3 -3 -3 -5 -5 -3 -4 -5 -3  7 -1 -5 -4 -4    4   0   0   0   2   0   0   0   0   0   0   0   0   0   0  94   0   0   0   0  1.51 0.41
  108 G   -2 -5 -3 -4 -5 -4 -5  7 -4 -6 -6 -4 -5 -6 -5 -3 -4 -5 -6 -6    0   0   0   0   0   0   0 100   0   0   0   0   0   0   0   0   0   0   0   0  2.12 0.40
  109 S    4 -3 -2 -3 -3 -2 -2 -2 -3 -4 -4 -2 -3 -4 -3  5  0 -5 -4 -3   39   0   0   0   0   0   0   0   0   0   0   0   0   0   0  59   2   0   0   0  1.01 0.31
  110 Q   -3 -2  0 -3 -5  8 -1 -4 -2 -5 -5 -1 -3 -6 -4 -1 -3 -5 -4 -5    0   0   3   0   0  92   0   1   0   0   0   0   0   0   0   4   0   0   0   0  1.97 0.47
  111 M    6 -4 -4 -4 -3 -3 -3 -2 -4 -3 -3 -3  1 -4 -3 -1 -2 -5 -4 -2   95   0   0   0   0   0   0   0   0   0   0   0   5   0   0   0   0   0   0   0  1.43 0.38
  112 N   -4 -3  9 -1 -5 -3 -3 -3 -2 -6 -6 -3 -5 -6 -5 -2 -3 -7 -5 -6    0   0 100   0   0   0   0   0   0   0   0   0   0   0   0   0   0   0   0   0  2.31 0.48
  113 Q    2 -2 -2 -3 -2  4 -1  0 -2 -1 -1 -2  5  1 -3  0  0 -3 -2 -2   20   0   0   0   1  23   1   6   0   1   3   0  27   6   0   4   6   0   1   0  0.42 0.21
  114 A    6 -4 -3 -4 -3 -3 -3  1 -4 -4 -4 -3 -3 -4 -3  0 -2 -5 -4 -2   88   0   0   0   0   0   0  10   0   0   0   0   0   0   0   2   0   0   0   0  1.24 0.34
  115 V    2 -4 -5 -5 -2 -4 -4 -4 -5  1 -1 -4 -1 -3 -4 -3 -2 -5 -3  6   15   0   0   0   0   0   0   0   0   1   0   0   0   0   0   0   0   0   0  83  1.19 0.33
  116 F   -4 -4 -4 -5 -3 -3 -4 -5 -1 -3 -1 -4  3  6 -5 -4 -4  0  7 -3    0   0   0   0   0   1   0   0   0   0   3   1   8  35   0   0   0   0  51   0  1.54 0.34
  117 L   -2 -3 -3 -4 -3  0 -3 -4 -1 -1  3 -3  4  5 -4 -3 -2 -2  0 -1    2   0   1   0   0   5   0   1   2   0  36   0  16  32   0   1   2   0   1   2  0.64 0.21
  118 A    6 -3 -3 -4 -2 -3 -3 -1 -4 -3 -4 -3 -3 -4 -3  2  0 -5 -4 -2   81   0   0   0   0   0   0   1   0   0   0   0   0   0   0  11   5   0   0   1  1.09 0.32
  119 L   -1 -4 -4 -5 -1 -3 -4 -5 -4  1  4 -4  2  1 -4 -3 -1 -3 -2  2    6   0   0   0   1   1   0   0   0   4  62   0   4   4   0   0   3   0   0  15  0.65 0.20
  120 L   -1 -4 -5 -5  1 -4 -4 -5 -4  2  5 -4  2 -1 -4 -3 -2 -3 -3  1    4   0   0   0   3   0   0   0   0   8  72   0   4   0   0   0   1   0   0   6  0.84 0.23
  121 Q   -2  0  2 -1 -4  4  3 -3 -1 -4 -4  4 -3 -5 -2  0 -1 -4 -3 -4    2   1  12   1   0  27  17   0   0   0   0  34   0   0   0   4   2   0   0   0  0.70 0.22
  122 P   -1 -4 -4 -4 -5 -3 -3 -4  0 -4 -4 -3 -3 -6  8 -3 -3 -6 -4 -3    5   0   0   0   0   1   0   0   2   0   1   0   1   0  88   0   1   0   0   1  2.39 0.42
  123 G   -2 -4 -2 -4 -4 -4 -4  7 -3 -6 -6 -4 -5 -5 -4 -2 -4 -5 -5 -6    0   0   1   0   0   0   0  98   1   0   0   0   0   0   0   0   0   0   0   0  2.02 0.39
  124 D   -4 -4 -1  8 -6 -2  0 -3 -4 -6 -6 -3 -6 -6 -4 -3 -3 -7 -6 -6    0   0   0  98   0   0   1   0   0   0   0   0   0   0   0   0   0   0   0   0  2.19 0.44
  125 T   -2 -2 -2 -3 -3 -3 -3 -4 -4 -3 -3  0 -3 -5 -3 -1  7 -5 -4 -2    1   1   0   0   0   0   0   0   0   0   0   5   0   0   0   1  90   0   0   1  1.51 0.40
  126 F   -2 -4 -5 -5 -3 -4 -5 -5 -5  5  1 -4  0  2 -4 -4 -2 -4 -1  4    0   0   0   0   0   0   0   0   0  46   6   0   0  10   0   0   0   0   1  37  0.87 0.24
  127 M   -3 -4 -5 -6 -3 -3 -5 -5 -4  0  5 -4  7 -2 -5 -4 -3 -4 -3 -1    0   0   0   0   0   0   0   0   0   0  65   0  35   0   0   0   0   0   0   0  1.31 0.33
  128 G   -1 -5 -3 -4 -5 -4 -4  7 -4 -6 -6 -4 -5 -5 -4 -1 -3 -5 -5 -5    2   0   0   0   0   0   0  95   0   0   0   0   0   0   0   2   0   0   0   0  1.92 0.37
  129 L   -4 -4 -5 -6 -4 -3 -5 -6 -4 -1  3 -4 10 -2 -5 -4 -3 -4 -4 -2    0   0   0   0   0   0   0   0   0   0  20   0  80   0   0   0   0   0   0   0  2.01 0.45
  130 D   -1 -2  4  4 -4 -2 -1 -2 -2 -5 -5 -2 -4 -5 -3  4 -1 -5 -4 -4    2   1  27  30   0   0   0   1   0   0   0   1   0   0   0  38   0   0   0   0  0.90 0.27
  131 L   -4 -4 -6 -6 -3 -4 -5 -6 -5  0  6 -5  0 -2 -5 -5 -3 -4 -3 -1    0   0   0   0   0   0   0   0   0   1  99   0   0   0   0   0   0   0   0   0  1.49 0.35
  132 A    4 -2  1  2 -3 -2 -2 -1 -3 -3 -4 -2 -3 -4 -2  3  0 -5 -4 -2   47   0   7  16   0   0   0   1   0   0   0   1   0   0   0  24   3   0   0   0  0.60 0.22
  133 A    2 -2 -1  0 -1  0  0 -3  9 -5 -4 -2 -3 -3 -4  0 -3 -5 -1 -4   19   0   1   4   2   4   5   0  58   0   0   0   0   0   0   7   0   0   0   0  1.25 0.32
  134 G   -2 -5 -3 -4 -5 -4 -5  7 -4 -6 -6 -4 -5 -6 -5 -3 -4 -5 -6 -6    0   0   0   0   0   0   0 100   0   0   0   0   0   0   0   0   0   0   0   0  2.12 0.40
  135 G   -2 -5 -3 -4 -5 -4 -5  7 -4 -6 -6 -4 -5 -6 -5 -3 -4 -5 -6 -6    0   0   0   0   0   0   0 100   0   0   0   0   0   0   0   0   0   0   0   0  2.12 0.40
  136 H   -5 -3 -2 -4 -6 -2 -3 -5 11 -6 -6 -4 -4 -4 -5 -4 -5 -5 -1 -6    0   0   0   0   0   0   0   0 100   0   0   0   0   0   0   0   0   0   0   0  3.14 0.56
  137 L   -4 -4 -6 -6 -3 -4 -5 -6 -5  0  6 -5  0 -2 -5 -5 -3 -4 -3 -1    0   0   0   0   0   0   0   0   0   1  99   0   0   0   0   0   0   0   0   0  1.48 0.35
  138 T   -2 -4 -2 -3 -3 -3 -3 -4 -4 -3 -4 -3 -3 -5 -4  1  7 -5 -4 -2    0   0   0   0   0   0   0   0   0   0   0   0   0   0   0   5  95   0   0   0  1.74 0.43
  139 H   -5 -3 -2 -4 -6 -2 -3 -5 11 -6 -6 -4 -4 -4 -5 -4 -5 -5 -1 -6    0   0   0   0   0   0   0   0 100   0   0   0   0   0   0   0   0   0   0   0  3.11 0.55
  140 G   -2 -5 -3 -4 -5 -4 -5  7 -4 -6 -6 -4 -5 -6 -5 -3 -4 -5 -6 -6    0   0   0   0   0   0   0 100   0   0   0   0   0   0   0   0   0   0   0   0  2.12 0.40
  141 A    3 -3 -1 -3 -3 -2 -2 -2  1 -3 -3 -2  3 -3 -3  5 -1 -4 -2 -3   32   0   2   0   0   0   0   0   4   0   1   0   9   0   0  52   0   0   1   0  0.74 0.27
  142 P    0  1 -2 -3 -4 -2 -2 -3  0 -4 -4  3 -4 -5  7  0 -2 -5 -4 -4    8   7   0   0   0   0   0   1   2   0   0  20   0   0  53   7   1   0   0   0  1.22 0.27
  143 V    0 -4 -4 -5 -3 -4 -4 -4 -5  2  1 -4 -1 -2  3 -3 -2 -5 -3  5    6   0   0   0   0   0   0   0   0   6   8   0   0   1  14   1   0   0   0  65  0.81 0.25
  144 N   -1 -3  8 -1 -5 -2 -2 -3 -2 -5 -5 -2 -4 -5 -4  2 -1 -6 -4 -5    4   0  81   0   0   0   0   0   0   0   0   0   0   0   0  13   2   0   0   0  1.63 0.38
  145 M   -2 -4 -4 -5 -4  0 -4 -5 -3  1  1 -4  4  6 -5 -2 -3 -2  1  0    2   0   0   0   0   6   0   0   0   7   8   0  16  50   0   2   0   0   2   6  0.85 0.24
  146 S   -1 -3 -2 -3 -3 -2 -3 -3 -3 -5 -5 -3 -4 -5 -3  7  0 -5 -4 -4    0   0   0   0   0   0   0   0   0   0   0   0   0   0   0  99   1   0   0   0  1.65 0.43
  147 G   -2 -5 -3 -4 -5 -4 -5  7 -4 -6 -6 -4 -5 -6 -5 -3 -4 -5 -6 -6    0   0   0   0   0   0   0 100   0   0   0   0   0   0   0   0   0   0   0   0  2.12 0.40
  148 K   -2  2 -2 -3 -5  0 -1 -4 -3 -2 -3  7 -1 -5 -3 -2 -2 -5 -4 -2    0  10   0   0   0   2   0   0   0   2   2  76   2   0   0   1   2   0   0   2  1.12 0.31
  149 W   -3 -4 -1 -4 -3 -1 -4 -4  1  1  2 -4  0  1 -5 -3 -1  9  3 -1    0   0   3   1   0   2   0   0   3   8  29   0   1   4   0   0   5  31  12   1  0.97 0.24
  150 F   -4 -5 -5 -6 -5 -5 -5 -6 -2 -3 -2 -5 -3  7 -6 -4 -4 -1  7 -3    0   0   0   0   0   0   0   0   0   0   1   0   0  52   0   0   0   0  48   0  1.90 0.39
  151 K   -3  0  7  1 -5  0 -1 -3  3 -4 -5  2 -4 -5 -4 -1 -2 -5 -3 -5    0   4  64   4   0   2   2   0   7   0   0  15   0   0   0   0   1   0   0   0  1.16 0.30
  152 P    3 -3 -3 -4 -1 -3 -3 -2 -3  2 -1 -3 -1  3  0  0 -1 -3 -1  3   29   0   0   0   1   0   0   1   0  12   0   0   0  18   4   4   1   0   0  28  0.38 0.17
  153 V   -1 -4 -5 -5 -1 -4 -3 -5 -2  3 -1 -3 -1 -1 -4 -3 -2 -5 -2  6    3   0   0   0   1   0   1   0   1  16   1   1   1   1   0   0   0   0   1  73  0.98 0.28
  154 H    1 -2 -1 -1 -3  4  0 -1  3 -4 -4 -1 -3 -2  4  2 -1 -4 -2 -3   10   0   0   1   0  24   5   3  10   0   0   0   0   2  20  21   2   0   1   0  0.53 0.19
  155 Y   -5 -5 -5 -6 -5 -4 -5 -6 -1 -4 -4 -5 -3  1 -6 -5 -4  0 10 -4    0   0   0   0   0   0   0   0   0   0   0   0   0   0   0   0   0   0  99   0  2.74 0.52
  156 T   -2 -4 -1 -2 -5 -2 -2  7  1 -6 -6 -3 -4 -5 -4 -1 -2 -5 -5 -5    0   0   2   1   0   1   2  85   4   0   0   1   0   0   0   2   2   0   0   0  1.53 0.32
  157 V   -2 -4 -5 -5 -3 -4 -5 -5 -5  2  2 -4 -1 -2 -4 -4 -2 -4 -3  6    0   0   0   0   0   0   0   0   0   8  21   0   0   0   0   0   0   0   0  71  1.05 0.28
  158 R   -2  3  4  5 -4 -1  0 -2  0 -4 -4  0 -3 -5 -3  1  0 -5 -4 -4    0  19  24  35   0   0   3   1   2   0   0   2   0   0   0   9   5   0   0   0  0.69 0.20
  159 R    0  2 -1  0 -3  1  2 -2 -1 -3 -2  3 -2 -3  4  0 -1 -3 -3 -2   10  11   1   5   0   7  13   2   0   1   2  22   0   0  20   3   2   0   0   1  0.41 0.11
  160 E   -1 -2 -1  4 -5  2  5 -2 -1 -4 -4  0 -4 -5 -3 -1 -1 -5 -4 -3    3   0   1  23   0   6  53   1   1   0   0   5   0   0   0   3   2   0   0   1  0.88 0.24
  161 D   -1 -2  1  3 -3 -1 -1 -2 -3 -3 -3 -1 -3 -4 -3  1  5 -4 -3 -2    2   0   6  20   0   1   1   1   0   0   1   3   0   0   0   6  57   0   0   0  0.77 0.24
  162 Q   -2 -2 -1 -1 -2  1  4  4  3 -4 -3 -1 -2 -2 -3 -1 -3 -4 -1 -4    1   0   2   0   1   7  35  36   9   0   3   1   1   1   0   2   0   0   2   0  0.65 0.21
  163 M   -2  2 -2 -1 -2  1  1 -3 -2  0  2  0  1 -1 -3 -2  1 -3  0  0    1  18   0   2   1   7  10   0   0   3  30   3   4   2   0   0  10   0   3   6  0.18 0.11
  164 I   -3 -5 -5 -5 -3 -5 -5 -6 -5  7  2 -5  0 -2 -5 -4 -3 -4 -3  2    0   0   0   0   0   0   0   0   0  75  19   0   0   0   0   0   0   0   0   6  1.23 0.30
  165 D   -4 -4  2  8 -6 -3 -1 -4 -3 -6 -6 -3 -6 -6 -4 -3 -3 -7 -5 -6    0   0   7  93   0   0   0   0   0   0   0   0   0   0   0   0   0   0   0   0  2.05 0.41
  166 M   -4 -4 -5 -6 -5 -4 -5 -6 -1 -3 -2 -4  5  2 -5 -4 -4  0  9 -3    0   0   0   0   0   0   0   0   0   1   1   0  15   6   0   0   0   0  77   0  1.99 0.42
  167 D    0 -3  0  7 -5 -1  3 -2 -3 -5 -5 -2 -5 -5 -3 -2 -3 -6 -5 -5    7   0   2  67   0   0  20   1   0   0   0   1   0   0   0   1   0   0   0   0  1.29 0.30
  168 A    1 -1 -1  1 -4  4  5 -3 -1 -3 -4  1 -3 -4 -3 -1 -2 -4 -3 -2   15   1   2   6   0  19  45   0   1   0   0   5   0   0   0   1   1   0   0   2  0.68 0.22
  169 V   -2 -4 -5 -5 -3 -4 -4 -5 -5  3  1 -4  3 -2 -4 -3 -2 -4 -3  5    1   0   0   0   0   0   0   0   0  13  12   0  11   0   0   0   0   0   0  63  0.90 0.25
  170 A    1  4 -2 -1 -4  1  5 -3 -2 -4 -1  0 -1 -3 -3 -2 -2 -3 -1 -3   15  25   0   1   0   3  43   0   0   0   7   1   1   0   0   0   0   0   2   0  0.61 0.22
  171 K    2  4 -1  0 -3  2  2 -3 -1 -3 -3  2 -3 -4 -3  0 -1 -4 -3 -3   20  33   1   4   0   8  14   0   0   1   0  14   0   0   0   3   1   0   0   1  0.52 0.17
  172 L   -2 -3 -4 -4 -3  0 -3 -5 -4  2  5  0  1 -1 -4 -3 -2 -3 -3  0    1   0   0   0   0   6   0   0   0  12  68   7   1   0   0   0   1   0   0   2  0.70 0.22
  173 A    7 -4 -4 -4 -3 -3 -3 -2 -4 -4 -4 -3 -3 -5 -3 -1 -2 -5 -4 -2   98   0   0   0   0   0   0   0   0   0   0   0   0   0   0   0   0   0   0   1  1.53 0.39
  174 E   -2  3 -2 -2 -3  1  0 -3  1  0  2  3  0 -1 -3 -2 -1 -3 -2  0    1  18   1   1   0   4   6   0   4   4  27  23   1   1   0   0   2   0   0   5  0.26 0.13
  175 E   -1  0 -2  0 -5  1  6 -4 -2 -4 -3  2 -3 -5 -3 -2 -2 -5 -4 -4    4   3   0   1   0   5  71   0   0   1   1  11   0   0   0   0   2   0   0   0  1.09 0.30
  176 A   -2 -2  0 -3  3 -1  0 -4  9 -4 -4 -2 -3 -3 -4 -1 -1 -4  1 -1    2   1   4   0   6   1   5   0  65   1   0   0   0   0   0   3   4   0   3   5  1.43 0.34
  177 K   -3  4 -1 -3 -5  3 -1 -4 -1 -5 -4  6 -3 -5 -3 -2 -3 -5 -4 -4    0  24   1   0   0  11   0   0   1   0   0  61   0   0   0   1   0   0   0   0  1.14 0.30
  178 P   -3 -5 -5 -4 -6 -4 -4 -5 -5 -6 -6 -4 -5 -6  9 -3 -4 -7 -6 -5    0   0   0   0   0   0   0   0   0   0   0   0   0   0  99   0   0   0   0   0  2.99 0.50
  179 K   -2  2 -2 -3 -5  1 -1 -4 -3 -5 -5  7 -3 -5 -3 -2 -2 -5 -4 -4    2   7   0   0   0   3   0   0   0   0   0  85   0   0   0   1   1   0   0   0  1.45 0.36
  180 L   -3 -4 -5 -5 -3 -3 -4 -5 -4  1  4 -4  7 -2 -5 -4 -3 -4 -3  1    0   0   0   0   0   0   0   0   0   4  52   0  38   0   0   0   0   0   0   6  1.13 0.30
  181 I   -4 -5 -6 -6 -3 -5 -6 -6 -6  7  1 -5 -1 -2 -5 -5 -3 -5 -4  1    0   0   0   0   0   0   0   0   0  92   7   0   0   0   0   0   0   0   0   2  1.60 0.37
  182 I   -2 -5 -5 -5 -3 -4 -5 -5 -5  5  0 -4  0 -2 -4 -4 -2 -5 -3  5    0   0   0   0   0   0   0   0   0  49   3   0   1   1   0   0   1   0   0  46  1.06 0.28
  183 A    6 -4 -3 -4  3 -3 -3  1 -4 -3 -3 -3 -3 -4 -3  0 -1 -4 -4 -1   76   0   0   0   8   0   0  10   0   0   0   0   0   0   0   1   2   0   0   3  0.99 0.29
  184 G   -2 -5 -3 -4 -5 -4 -5  7 -4 -6 -6 -4 -5 -6 -5 -3 -4 -5 -6 -6    0   0   0   0   0   0   0 100   0   0   0   0   0   0   0   0   0   0   0   0  2.11 0.40
  185 G    4 -4 -3 -4 -3 -3 -3  2 -3 -3 -3 -3 -3  4 -3 -1 -2  4  2 -2   49   0   0   0   0   0   0  19   0   0   0   0   0  20   0   0   1   5   6   0  0.69 0.23
  186 S   -1 -3 -2 -3 -2 -2 -3 -3 -3 -5 -5 -3 -4 -5 -3  7  0 -5 -4 -4    0   0   0   0   0   0   0   0   0   0   0   0   0   0   0  96   3   0   0   0  1.58 0.42
  187 A    7 -4 -3 -4 -3 -3 -3 -2 -4 -4 -4 -3 -3 -5 -3  0 -2 -5 -4 -2   97   0   1   0   0   0   0   0   0   0   0   0   0   0   0   2   0   0   0   0  1.49 0.39
  188 Y   -4 -4 -5 -6 -5 -4 -5 -6 -1 -1 -4 -5 -4  1 -6 -4 -4  0  9 -3    0   0   0   0   0   0   0   0   0   3   0   0   0   2   0   0   0   0  94   0  2.51 0.49
  189 P    1 -3 -3 -3 -2 -3 -3 -3 -4 -5 -5 -3 -4 -5  6  4 -2 -5 -4 -4    9   0   0   0   0   0   0   0   0   0   0   0   0   0  50  41   0   0   0   0  1.39 0.32
  190 R   -3  7 -3 -4 -5  1 -2 -1 -2 -5 -1  0 -3 -5 -4 -3 -3 -5 -4 -4    0  81   0   0   0   6   0   5   0   0   6   1   0   0   0   0   0   0   0   0  1.48 0.36
  191 A   -1  0 -2 -2 -2  1  0 -3  0  3  0 -1 -1 -1 -2 -1  1 -3 -1  2    5   5   1   0   0   9   6   0   3  28   2   4   0   3   1   1  13   0   1  19  0.20 0.12
  192 W   -3 -4 -5 -5 -2 -4 -5 -5 -5  6  2 -3  1  0 -5 -4 -2  4 -2  2    0   0   0   0   0   0   0   0   0  62  15   1   2   3   0   0   0   7   0  10  0.92 0.25
  193 D   -4 -3  0  8 -6 -2  0 -4 -3 -6 -6 -3 -6 -6 -4 -3 -3 -7 -6 -6    0   0   2  96   0   0   1   0   0   0   0   0   0   0   0   0   0   0   0   0  2.11 0.42
  194 F   -4 -5 -6 -6 -5 -5 -6 -5 -4 -3 -2 -6 -3  8 -6 -5 -5  8  1 -4    1   0   0   0   0   0   0   0   0   0   0   0   0  76   0   0   0  23   1   0  2.23 0.42
  195 K    4 -1 -2 -1 -3  2  2 -2 -2 -3 -3  3 -3 -4  0  0 -2 -4 -3 -2   42   1   0   3   0   8  14   1   0   0   0  26   0   0   4   1   0   0   0   1  0.51 0.20
  196 R    1  6 -2 -3 -4  0  0 -3 -2 -4 -4  4 -3 -4 -3 -2 -2 -5 -3 -4   12  50   0   0   0   1   3   1   1   1   0  31   0   0   0   0   1   0   0   0  0.95 0.26
  197 F   -4 -5 -5 -6 -4 -5 -5 -5 -4  0  0 -5  4  8 -6 -4 -4 -2  1 -2    0   0   0   0   0   0   0   0   0   4   5   0  13  77   0   0   0   0   0   0  1.69 0.37
  198 R    0  7 -3 -4 -5 -1 -2 -2 -3 -5 -4  1 -3 -4 -4 -1 -3 -5 -4 -4    9  80   0   0   0   0   0   3   0   0   0   4   0   0   0   3   0   0   0   0  1.45 0.35
  199 E    2  1 -1  1 -4  1  5 -3 -2 -4 -4  1 -3 -5 -3 -1 -2 -4 -4 -3   18   5   1   7   0   5  52   0   0   0   0   7   0   0   0   3   1   0   0   0  0.72 0.22
  200 I   -3 -5 -6 -6 -3 -5 -6 -6 -6  8 -1 -5 -1 -2 -5 -5 -3 -5 -4  1    1   0   0   0   0   0   0   0   0  94   0   0   0   0   0   0   0   0   0   5  1.68 0.38
  201 A    7 -4 -4 -4  1 -3 -3 -2 -4 -4 -4 -3 -3 -5 -3 -1 -2 -5 -4 -2   97   0   0   0   2   0   0   0   0   0   0   0   0   0   0   1   0   0   0   0  1.47 0.38
  202 D   -3 -1  0  7 -6 -1  0 -4  0 -5 -6  0 -5 -6 -4 -2 -3 -6 -5 -5    0   3   2  83   0   1   1   0   2   0   0   7   0   0   0   0   0   0   0   0  1.62 0.36
  203 S    0 -1 -1  0 -4  0  5 -3 -2 -4 -4  3 -2 -5 -3  2 -1 -5 -4 -4    6   1   0   3   0   2  51   1   0   0   1  18   1   0   0  16   1   0   0   0  0.73 0.23
  204 V   -1 -5 -4 -5 -2 -4 -5 -5 -4  2 -1 -4 -1 -3 -4 -3 -2 -5 -3  7    3   0   1   0   0   0   0   0   0   7   0   0   0   0   0   0   1   0   0  87  1.28 0.34
  205 G   -2 -4 -2 -1 -5 -4 -4  7 -4 -6 -6 -3 -5 -5 -4 -2 -4 -5 -5 -5    0   0   1   4   0   0   0  94   0   0   0   0   0   0   0   0   0   0   0   0  1.87 0.37
  206 A    7 -4 -4 -4 -2 -3 -3 -2 -4 -4 -4 -3 -3 -5 -3 -1 -2 -5 -4 -2   99   0   0   0   0   0   0   0   0   0   0   0   0   0   0   0   0   0   0   0  1.56 0.40
  207 Y   -3 -2 -4 -5 -3 -3 -4 -5 -1  0  1  0 -1  1 -4 -3 -3  3  8 -1    1   1   0   0   0   0   0   0   0   6  12   7   1   3   0   0   1   3  60   3  1.11 0.29
  208 F   -3 -4 -5 -6 -3 -4 -5 -6 -4  0  5 -4  1  4 -5 -4 -3 -3 -1 -1    0   0   0   0   0   0   0   0   0   1  79   0   1  17   0   0   0   0   0   2  1.11 0.29
  209 M   -3 -4 -5 -6 -4 -3 -5 -5 -2 -1  2 -4  9  3 -5 -4 -3  3 -2 -1    0   0   0   0   0   0   0   0   1   1  17   0  62  13   0   0   0   3   0   3  1.39 0.36
  210 V    1 -5 -5 -5 -1 -4 -4 -5 -5  1 -1 -4 -1 -2 -4 -3 -2 -5 -3  6   12   0   0   0   1   0   0   0   0   1   0   0   1   1   0   0   0   0   0  85  1.23 0.34
  211 D   -4 -4 -1  8 -6 -3 -1 -4 -4 -6 -6 -3 -6 -6 -4 -3 -4 -7 -6 -6    0   0   0 100   0   0   0   0   0   0   0   0   0   0   0   0   0   0   0   0  2.29 0.45
  212 M   -3 -4 -5 -6 -4 -3 -5 -6 -4  2 -1 -4 10 -3 -5 -4 -3 -4 -4 -1    0   0   0   0   0   0   0   0   0  11   0   0  87   0   0   0   0   0   0   1  2.22 0.49
  213 A    7 -4 -4 -4 -3 -3 -3 -2 -4 -4 -4 -3 -3 -5 -3  0 -2 -5 -4 -2   98   0   0   0   0   0   0   0   0   0   0   0   0   0   0   2   0   0   0   0  1.52 0.39
  214 H   -5 -3 -2 -4 -6 -2 -3 -5 11 -6 -6 -4 -4 -4 -5 -4 -5 -5 -1 -6    0   0   0   0   0   0   0   0 100   0   0   0   0   0   0   0   0   0   0   0  3.14 0.56
  215 F   -3 -4 -5 -5 -3 -4 -5 -5 -3  5  0 -4 -1  4 -4 -4 -2 -2  3  3    0   0   0   0   0   0   0   0   0  50   0   0   0  20   0   0   0   0  11  18  0.88 0.25
  216 A    6 -4 -4 -4 -3 -3 -3 -2 -4 -4 -4 -3 -3 -5 -3  1 -2 -5 -4 -2   95   0   0   0   0   0   0   0   0   0   0   0   0   0   0   5   0   0   0   0  1.43 0.37
  217 G   -2 -5 -3 -4 -5 -4 -5  7 -4 -6 -6 -4 -5 -6 -5 -3 -4 -5 -6 -6    0   0   0   0   0   0   0 100   0   0   0   0   0   0   0   0   0   0   0   0  2.12 0.40
  218 L   -4 -4 -6 -6 -3 -4 -5 -6 -5  0  6 -5  0 -2 -5 -5 -3 -4 -3 -1    0   0   0   0   0   0   0   0   0   2  97   0   0   0   0   0   0   0   0   1  1.42 0.34
  219 V   -2 -5 -5 -5 -3 -4 -5 -5 -5  4 -1 -4 -1 -3 -5 -4 -2 -5 -3  6    0   0   0   0   0   0   0   0   0  19   0   0   0   0   0   0   0   0   0  80  1.31 0.33
  220 A    7 -4 -4 -4 -2 -3 -3 -2 -4 -3 -4 -3 -3 -5 -3 -1 -2 -5 -4 -1   97   0   0   0   0   0   0   0   0   0   0   0   0   0   0   0   0   0   0   3  1.47 0.38
  221 G    5 -3 -3 -3 -1 -3 -3  2 -4 -3 -3 -3 -3 -4 -3  0  1 -4 -4 -1   68   0   0   0   1   0   0  17   0   0   0   0   0   0   0   2  11   0   0   2  0.86 0.27
  222 G   -2 -4 -2 -3 -5 -4 -4  7 -4 -6 -6 -2 -5 -5 -4 -2 -4 -5 -5 -5    0   0   1   1   0   0   0  95   0   0   0   2   0   0   0   0   0   0   0   0  1.91 0.37
  223 V    0 -2 -3 -3 -1 -1  1 -3  1  1  3 -2  0 -1 -3 -2 -2 -3 -1  3    8   2   0   1   1   3  10   1   4   4  37   1   1   1   0   0   0   0   2  27  0.28 0.14
  224 H   -4 -3 -3 -4 -5 -3 -3 -5  9 -5 -4 -4 -4 -1 -5 -4 -4 -2  7 -5    0   0   0   0   0   0   0   0  63   0   0   0   0   0   0   0   0   0  36   0  2.19 0.44
  225 A   -2 -4 -3 -3 -5  0 -2 -5 -4 -5 -5 -3 -2 -6  8 -3 -3 -6 -5 -5    1   0   1   0   0   6   2   0   0   0   0   0   1   0  87   1   0   0   0   0  2.39 0.42
  226 S   -2 -3  6  0 -4 -2 -2 -2 -2 -5 -5 -2 -4 -5 -3  5  0 -5 -4 -4    0   0  41   3   0   0   0   0   0   0   0   0   0   0   0  55   2   0   0   0  1.15 0.33
  227 P   -3 -5 -5 -4 -3 -4 -4 -5 -5 -6 -6 -4 -5 -6  9 -3 -4 -7 -6 -5    0   0   0   0   1   0   0   0   0   0   0   0   0   0  99   0   0   0   0   0  2.98 0.50
  228 V   -2 -4 -5 -5  0 -4 -4 -5 -5  3  1 -4  0  1 -4 -3 -2 -4 -2  5    1   0   0   0   2   0   0   0   0  15  12   0   1   8   0   0   0   0   0  61  0.82 0.24
  229 P   -2 -3 -4 -2 -5 -1  0 -1 -4 -5 -5 -2 -5 -6  8 -2 -3 -6 -5 -5    1   0   0   2   0   3   8   5   0   0   0   1   0   0  79   1   0   0   0   0  2.05 0.38
  230 H   -3 -3 -3 -4 -5 -3 -3 -5  8  0 -3 -4 -3  2 -5 -3 -4  0  7 -2    0   0   0   0   0   0   0   0  43   7   1   0   0   8   0   0   0   1  38   2  1.48 0.34
  231 A    6 -4 -4 -4  4 -3 -3 -2 -4 -3 -4 -3 -3 -4 -3 -1 -2 -5 -4 -2   91   0   0   0   8   0   0   0   0   0   0   0   0   0   0   1   0   0   0   1  1.37 0.36
  232 H   -4 -3 -1  6 -6 -2  0 -4  8 -6 -6 -3 -5 -5 -4 -3 -4 -6 -2 -5    0   0   0  53   0   0   3   0  44   0   0   0   0   0   0   0   0   0   0   0  1.73 0.38
  233 V   -2 -4 -5 -5 -3 -4 -5 -5 -4  3 -1 -4 -1  4 -5 -4 -2 -3  0  5    0   0   0   0   0   0   0   0   0  16   0   0   0  24   0   0   0   0   1  58  0.96 0.27
  234 T   -1 -4 -4 -5 -2 -4 -4 -5 -5  1 -1 -4 -1 -3 -4 -3  2 -5 -3  6    4   0   0   0   0   0   0   0   0   2   0   0   0   0   0   0  12   0   0  81  1.13 0.32
  235 T   -2 -4 -2 -4 -3 -3 -3 -4 -4 -3 -4 -3 -3 -5 -4 -1  8 -5 -4 -3    0   0   0   0   0   0   0   0   0   0   0   0   0   0   0   1  99   0   0   0  1.86 0.45
  236 T   -2 -3 -2 -3 -3 -3 -3 -3 -4 -3 -4 -3 -3 -4 -3  4  6 -5 -4 -3    0   0   0   0   0   0   0   0   0   0   0   0   0   0   0  32  67   0   0   0  1.27 0.36
  237 T   -3 -4 -3 -4 -3 -3 -3 -4 -4 -3 -4 -3 -3 -5 -4 -1  8 -5 -4 -3    0   0   0   0   0   0   0   0   0   0   0   0   0   0   0   0 100   0   0   0  1.90 0.46
  238 T   -2 -4 -3 -4 -3 -3 -3 -4 -4 -3 -4 -3 -3 -5 -4 -1  8 -5 -4 -2    0   0   0   0   0   0   0   0   0   0   0   0   0   0   0   0  99   0   0   0  1.88 0.45
  239 H   -5 -3 -2 -4 -6 -2 -3 -5 11 -6 -6 -4 -4 -4 -5 -4 -5 -5 -1 -6    0   0   0   0   0   0   0   0 100   0   0   0   0   0   0   0   0   0   0   0  3.12 0.56
  240 K   -3  0 -3 -3 -6 -1 -1 -4 -3 -5 -5  8 -4 -6 -3 -3 -3 -6 -4 -5    0   0   0   0   0   0   0   0   0   0   0  99   0   0   0   0   0   0   0   0  1.88 0.43
  241 S   -2 -3 -2 -3 -3 -3 -3 -4 -4 -3 -4 -3 -3 -5 -3  1  7 -5 -4 -2    0   0   0   0   0   0   0   0   0   0   0   0   0   0   0  10  89   0   0   1  1.58 0.40
  242 L   -4 -4 -6 -6 -3 -4 -5 -6 -5  0  6 -5  1 -1 -5 -5 -3 -4 -3 -1    0   0   0   0   0   0   0   0   0   1  98   0   1   1   0   0   0   0   0   0  1.45 0.35
  243 R   -1  8 -3 -4 -6 -1 -2 -1 -3 -5 -5  0 -4 -5 -4 -3 -3 -5 -4 -5    5  89   0   0   0   0   0   6   0   0   0   0   0   0   0   0   0   0   0   0  1.74 0.39
  244 G   -2 -5 -3 -4 -5 -4 -4  7 -4 -6 -6 -4 -5 -6 -5 -2 -4 -5 -5 -6    0   0   0   0   0   0   0  99   0   0   0   0   0   0   0   1   0   0   0   0  2.07 0.39
  245 P   -3 -5 -5 -4 -6 -4 -4 -5 -5 -6 -6 -4 -5 -6  9 -3 -3 -6 -6 -5    1   0   0   0   0   0   0   0   0   0   0   0   0   0  98   0   0   0   0   0  2.92 0.49
  246 R   -4  8 -3 -4 -6 -1 -3 -5 -3 -6 -5  0 -4 -5 -5 -3 -4 -5 -4 -5    0 100   0   0   0   0   0   0   0   0   0   0   0   0   0   0   0   0   0   0  2.21 0.46
  247 G   -1 -5 -3 -3 -5 -4 -4  7 -4 -6 -6 -4 -5 -5 -4 -1 -4 -5 -5 -5    1   0   0   0   0   0   0  94   0   0   0   0   0   0   0   4   0   0   0   0  1.91 0.37
  248 G   -2 -5 -3 -4 -5 -4 -4  7 -4 -6 -6 -4 -5 -6 -5 -3 -4 -5 -5 -6    1   0   0   0   0   0   0  99   0   0   0   0   0   0   0   0   0   0   0   0  2.10 0.40
  249 L   -2 -4 -4 -5 -3 -3 -4 -5 -4  3  4 -4  6  1 -4 -3 -2 -3 -2  1    2   0   0   0   0   0   0   0   0  14  39   0  29   6   0   0   0   0   0  10  0.77 0.22
  250 I   -3 -5 -6 -6 -3 -5 -6 -6 -6  7 -1 -5 -1 -2 -5 -5 -3 -5 -4  2    0   0   0   0   0   0   0   0   0  93   0   0   0   0   0   0   0   0   0   6  1.66 0.38
  251 L   -3 -4 -5 -6 -3 -4 -5 -6 -5  1  6 -4  3 -1 -5 -4 -3 -4 -3 -1    0   0   0   0   0   0   0   0   0   3  87   0   8   1   0   0   0   0   0   1  1.23 0.31
  252 T    2 -3 -2 -3  7 -3 -3 -2 -4 -3 -3 -3  1 -3 -3  2  4 -1 -3 -2   17   0   0   0  28   0   0   1   0   0   0   0   5   0   0  17  30   1   0   0  0.82 0.25
  253 N   -2  3  5  0 -4  0 -1 -1 -1 -4 -4  4 -3 -4 -3  0 -1 -5 -3 -4    1  16  35   3   0   1   0   3   0   0   0  34   0   0   0   3   2   0   0   0  0.75 0.22
  254 D    0 -1  3  5 -3  1  0 -1  0 -3 -3  0 -2 -3 -1  0 -1 -3 -2 -3   11   1  15  39   0   7   3   3   2   1   2   5   0   1   2   4   2   0   1   1  0.46 0.13
  255 E    0 -2 -2  0 -5  0  6 -3 -2 -5 -4 -1 -4 -5  2 -2 -2 -5 -4 -4    9   0   0   2   0   2  72   1   0   0   1   1   0   0  10   1   1   0   0   0  1.10 0.30
  256 A    1 -1  0  3 -3  0  4 -2  2 -2 -3  1 -2 -3 -2 -1 -1 -3 -2 -2   16   1   2  17   0   2  35   1   6   1   1   6   1   1   1   2   3   0   1   2  0.40 0.13
  257 L   -2 -3 -2 -4 -3 -3 -3 -4 -1  3  3 -3  0  3 -4 -3 -2  2  3  0    2   0   2   0   0   1   1   0   1  22  35   0   1  14   0   0   0   3  14   2  0.46 0.15
  258 A    4 -2 -2 -2 -3 -1  2  2 -1 -3 -3 -1 -3 -3 -3  0 -1 -3  1 -2   52   0   1   1   0   0  18  13   1   1   0   2   0   0   0   1   1   0   7   0  0.53 0.21
  259 K   -1  1 -2 -3 -5  0 -1 -4 -2 -5 -5  7 -3 -5 -2 -2 -2 -5 -4 -4    4   3   0   0   0   2   0   0   0   0   0  87   0   0   1   1   1   0   0   0  1.42 0.36
  260 K    1  1 -1 -1 -4  1  0 -2 -2 -2 -2  6 -1 -4 -2 -1 -1 -4 -3 -3   15   3   2   2   0   4   2   1   0   1   2  60   1   0   1   1   2   0   0   1  0.67 0.23
  261 F   -3 -4 -5 -5 -3 -4 -5 -5 -4  5  3 -4  0  3 -5 -4 -2 -3 -2  1    0   0   0   0   0   0   0   0   0  48  31   0   1  14   0   0   0   0   0   7  0.83 0.23
  262 N   -3 -2  7  5 -5  0 -2 -3 -2 -5 -6 -2 -5 -5 -4 -1 -2 -6 -5 -5    0   0  64  31   0   3   0   0   0   0   0   0   0   0   0   1   0   0   0   0  1.50 0.35
  263 S   -1  0 -1 -2 -3 -1 -2 -2 -3 -4 -4  4 -2 -3 -3  5 -1 -5 -4 -4    2   3   0   0   0   0   0   1   0   0   0  31   1   1   0  61   1   0   0   0  0.91 0.30
  264 A    5 -2 -1 -3 -2  0 -2 -2 -3 -2 -2 -2 -1 -3 -3  1  0 -3 -3 -2   71   1   3   0   0   4   0   0   0   1   2   1   2   0   0   9   5   0   0   1  0.75 0.26
  265 I   -2 -5 -5 -5 -3 -4 -5 -5 -5  5  0 -4 -1 -2 -4 -4 -2 -5 -3  5    0   0   0   0   0   0   0   0   0  38   1   0   0   0   0   0   0   0   0  60  1.15 0.30
  266 F   -5 -5 -6 -6 -5 -6 -6 -6 -4 -3 -2 -6 -2  9 -6 -5 -5 -2  1 -3    0   0   0   0   0   0   0   0   0   0   0   0   0 100   0   0   0   0   0   0  2.47 0.47
  267 P   -3 -5 -5 -4 -6 -4 -4 -5 -5 -6 -6 -4 -5 -6  9 -3 -4 -7 -6 -5    0   0   0   0   0   0   0   0   0   0   0   0   0   0 100   0   0   0   0   0  3.01 0.50
  268 G   -2 -4 -3 -4 -4 -3 -4  7 -4 -6 -6 -4 -4 -5 -4 -2 -4 -5 -5 -5    1   0   0   0   0   1   0  96   0   0   0   0   0   0   0   1   0   0   0   0  1.93 0.38
  269 L   -1 -3 -1 -3 -2  0 -3 -1 -3  4  2 -3  2 -1 -3 -1  1 -3 -1  1    1   0   3   0   0   6   0   5   0  35  22   0   4   1   0   5  11   0   2   3  0.29 0.14
  270 Q   -4 -2 -3 -3 -6  9 -1 -5 -2 -6 -5 -1 -3 -6 -4 -3 -3 -5 -4 -5    0   0   0   0   0 100   0   0   0   0   0   0   0   0   0   0   0   0   0   0  2.33 0.52
  271 G   -2 -5 -3 -4 -5 -4 -5  7 -4 -6 -6 -4 -5 -6 -5 -2 -4 -5 -6 -6    0   0   0   0   0   0   0 100   0   0   0   0   0   0   0   0   0   0   0   0  2.11 0.40
  272 G   -2 -5 -3 -4 -5 -4 -5  7 -4 -6 -6 -4 -5 -6 -5 -3 -4 -5 -6 -6    0   0   0   0   0   0   0 100   0   0   0   0   0   0   0   0   0   0   0   0  2.12 0.40
  273 P   -3 -5 -5 -4 -6 -4 -4 -5 -5 -6 -6 -4 -5 -6  9 -3 -4 -7 -6 -5    0   0   0   0   0   0   0   0   0   0   0   0   0   0 100   0   0   0   0   0  3.00 0.50
  274 L   -3 -4 -6 -6 -3 -4 -5 -6 -3  0  6 -5  0 -1 -5 -4 -3 -4 -3 -1    0   0   0   0   0   0   0   0   1   0  97   0   0   1   0   0   0   0   0   0  1.42 0.34
  275 M   -3 -4 -4 -4 -2 -2  3 -5 -4 -2 -1 -3  9 -3 -5 -4 -3 -4 -4 -1    0   0   0   0   1   0  20   0   0   0   0   0  76   0   0   0   0   0   0   3  1.77 0.44
  276 H   -5 -3 -1 -4 -6 -2 -3 -5 11 -6 -6 -4 -4 -4 -5 -4 -5 -5 -1 -6    0   0   1   0   0   1   0   0  98   0   0   0   0   0   0   0   0   0   0   0  3.05 0.55
  277 V   -1 -5 -5 -5 -3 -4 -5 -5 -5  3 -1 -4 -1 -3 -4 -3 -2 -5 -3  6    2   0   0   0   0   0   0   0   0  12   0   0   0   0   0   0   1   0   0  84  1.28 0.33
  278 I   -4 -5 -6 -6 -4 -5 -6 -6 -6  8 -1 -5 -1 -2 -5 -5 -3 -5 -4  1    0   0   0   0   0   0   0   0   0  96   0   0   0   0   0   0   0   0   0   4  1.74 0.39
  279 A    7 -4 -4 -4 -3 -3 -3 -2 -4 -4 -4 -3 -3 -5 -3 -1 -2 -5 -4 -2   99   0   0   0   0   0   0   0   0   0   0   0   0   0   0   0   0   0   0   0  1.55 0.40
  280 A    6 -4 -3 -4 -3 -3 -3  3 -4 -4 -4 -3 -3 -4 -3 -1 -2 -5 -4 -3   80   0   0   0   0   0   0  19   0   0   0   0   0   0   0   1   0   0   0   0  1.16 0.32
  281 K   -3  0 -3 -3 -6 -1 -2 -4 -3 -5 -5  8 -4 -6 -3 -3 -3 -6 -4 -5    0   0   0   0   0   0   0   0   0   0   0 100   0   0   0   0   0   0   0   0  1.91 0.44
  282 A    7 -4 -4 -4 -3 -3 -3 -2 -4 -4 -4 -3 -3 -5 -3 -1 -2 -5 -4 -2  100   0   0   0   0   0   0   0   0   0   0   0   0   0   0   0   0   0   0   0  1.57 0.40
  283 V   -1 -5 -5 -5 -3 -4 -5 -5 -5  1 -1 -4 -1 -3 -5 -4 -2 -5 -3  7    2   0   0   0   0   0   0   0   0   3   0   0   0   0   0   0   1   0   0  94  1.47 0.37
  284 A    6 -4 -4 -4  5 -3 -3 -2 -4 -3 -3 -3 -3 -4 -3  0 -2 -5 -4 -2   77   0   0   0  16   0   0   1   0   0   0   0   0   0   0   5   0   0   0   0  1.18 0.32
  285 F   -5 -5 -6 -6 -5 -6 -6 -6 -4 -2  1 -6 -2  9 -6 -5 -4 -2  1 -3    0   0   0   0   0   0   0   0   0   0  11   0   0  89   0   0   0   0   0   0  2.05 0.41
  286 K   -1  0 -1 -3 -4 -1 -1  4  0 -4 -3  5 -3 -3 -3 -2 -3 -4 -3 -4    3   2   1   0   0   1   1  37   2   0   3  48   0   1   0   0   0   0   0   0  0.81 0.25
  287 E   -3 -2 -3 -1 -6  0  7 -5 -2 -3 -3 -2 -3 -5 -4 -3 -3 -5 -4 -3    0   0   0   0   0   0  93   0   0   1   2   0   1   0   0   0   0   0   0   2  1.70 0.41
  288 A    7 -4 -3 -3 -2 -3 -3 -2 -4 -3 -4 -3 -3 -5 -3 -1 -2 -5 -4 -2   97   0   1   0   0   0   0   0   0   0   0   0   0   0   0   0   0   0   0   1  1.45 0.38
  289 L    0 -4 -5 -5 -3 -2 -4 -4 -4  0  5 -4  4 -2 -4 -3 -3 -4 -3 -1    7   0   0   0   0   1   0   1   0   0  76   0  14   0   0   1   0   0   0   0  0.98 0.28
  290 Q   -1  2 -1  1 -3  4  2 -2 -1 -4 -3  2 -2 -4 -2  1  1 -4 -3 -3    3  10   0   6   0  26  15   2   1   0   1  13   0   0   0  14  10   0   0   0  0.44 0.16
  291 P   -2 -4 -3  1 -5 -2  0 -4 -4 -5 -5 -3 -5 -6  8 -2 -3 -6 -5 -5    1   0   0  10   0   1   6   0   0   0   0   0   0   0  80   1   0   0   0   0  2.13 0.39
  292 D    0 -2 -1  2 -4  0  6  0 -2 -5 -5 -1 -4 -5 -3  1 -2 -4 -4 -4    8   0   1  12   0   1  59   6   0   0   0   1   0   0   0  11   0   0   0   0  0.86 0.25
  293 F   -5 -5 -6 -6 -5 -6 -6 -6 -3 -3 -2 -6 -2  9 -6 -5 -5  0  3 -3    0   0   0   0   0   0   0   0   0   0   0   0   0  94   0   0   0   0   5   0  2.30 0.44
  294 K   -1  2 -2 -3 -4  0 -1 -3 -2 -3 -4  6 -3 -5 -3 -2 -1 -5 -4 -2    3  10   1   0   0   1   0   0   0   1   0  75   0   0   0   1   3   0   0   4  1.11 0.31
  295 V    1 -1 -1  2 -2  1  3 -2 -2 -1 -2 -1 -2 -3 -2  0  2 -4 -3  0   15   2   1  15   0   5  23   1   0   3   2   2   0   0   0   5  19   0   0   7  0.27 0.12
  296 Y   -4  0 -4 -4 -5 -4 -5 -6  0 -4 -4 -4 -4  0 -6 -4 -4  0  9 -4    0   5   0   1   0   0   0   0   1   0   0   0   0   0   0   0   0   0  93   0  2.43 0.49
  297 T    2 -2 -2 -3 -1  6 -1 -2 -2  0 -3 -1  0 -4 -3  0 -2 -4 -3 -2   23   0   0   0   1  55   0   2   0   9   0   0   2   0   0   7   1   0   0   0  0.83 0.29
  298 K    1  2 -1  0 -4  4  2 -1  0 -4 -3  3 -2 -4 -3 -1 -1 -4 -3 -3   12  10   1   3   0  28  15   3   1   0   0  22   0   0   0   1   2   0   0   0  0.50 0.17
  299 N   -1  2  1 -1 -4  7  0 -3  0 -5 -4  0 -3 -5 -3 -1 -2 -4 -4 -4    4  13   8   1   0  66   0   0   1   0   0   3   0   0   0   3   0   0   0   0  1.17 0.33
  300 V   -2 -5 -5 -5 -3 -4 -4 -5 -5  3 -1 -4 -1 -3 -4 -3  0 -5 -3  6    0   0   0   0   0   0   0   0   0  19   0   0   0   0   0   0   6   0   0  75  1.15 0.30
  301 V   -1 -2 -4 -5 -2 -3 -4 -5 -4  4  2 -2  0 -2 -4 -3 -2 -4 -3  5    3   1   0   0   0   0   0   0   0  24  16   3   1   0   0   0   0   0   0  51  0.70 0.21
  302 E    2  1  0  1 -3  0  2 -2 -2 -2 -2  4 -2 -4 -2  0 -1 -4 -3 -2   21   7   3  10   0   1  13   0   0   2   2  32   0   0   0   4   2   0   0   2  0.34 0.14
  303 N   -4 -3  8 -1 -4 -2 -3  0 -2 -6 -6 -3 -5 -6 -5 -2 -3 -6 -5 -6    0   0  94   0   0   0   0   5   0   0   0   0   0   0   0   0   0   0   0   0  2.07 0.44
  304 A    6 -4 -4 -4  1 -3 -3 -2 -4 -3 -4 -3 -3 -4 -3  0 -1 -5 -4 -2   93   0   0   0   3   0   0   0   0   0   0   0   0   0   0   2   2   0   0   0  1.36 0.36
  305 K    0  4 -2 -2 -4  4 -1 -3 -1 -4 -4  5 -3 -5 -3 -1 -2 -4 -3 -3    8  21   0   1   0  22   0   0   0   0   0  43   0   0   0   2   0   0   0   1  0.78 0.24
  306 A    4 -1 -3 -3 -2 -2 -2 -2 -3  1 -1 -2 -1 -3 -3 -1  1 -4 -3  2   55   3   0   0   0   1   1   0   0   7   1   1   1   0   0   0   9   0   0  20  0.53 0.21
  307 L   -3 -4 -5 -6 -3 -4 -5 -5 -4  0  5 -4  6 -1 -5 -4 -3 -4 -3 -1    0   0   0   0   0   0   0   0   0   1  67   0  30   1   0   0   0   0   0   1  1.22 0.31
  308 A    6 -3 -3 -4  1 -3 -2  0 -4 -3 -3 -3 -3 -4 -3  1 -1 -5 -4  0   78   0   0   0   3   0   1   5   0   0   0   0   0   0   0   7   1   0   0   6  0.96 0.29
  309 E    1  0  1  2 -4  2  4 -1 -1 -4 -4  2 -3 -4 -2  0 -1 -4 -3 -3   11   3   5  14   0   8  35   3   0   0   0  13   0   0   0   4   2   0   0   0  0.48 0.16
  310 T    1  1 -1 -2 -1  1  1  0 -2 -1 -2 -1 -1 -3 -2  0  2 -4 -3  2   14   8   1   0   1   6  10   7   0   1   0   2   0   0   0   5  21   0   0  23  0.19 0.12
  311 L   -3 -4 -5 -5 -3 -4 -5 -5 -4  0  5 -4  2  4 -5 -4 -3 -3 -2 -1    0   0   0   0   0   0   0   0   0   3  76   0   4  16   0   0   0   0   0   1  1.06 0.28
  312 R    0 -1 -1 -2 -3  3  0 -3 -2  2  1  1  3 -2 -3 -1  1 -3 -2  1    6   1   2   0   0  18   3   0   0  16  10  13  10   0   0   2   8   0   0   9  0.19 0.11
  313 S    1  0  1  2 -3  2  3 -1 -1 -4 -4  2 -3 -4 -2  0 -1 -4 -3 -3   17   2   6  10   0   8  29   3   0   0   0  16   0   0   0   6   1   0   0   0  0.41 0.14
  314 A    0  5  1 -2 -3  0  1  1  1 -4 -3  1 -3 -4 -3 -1 -2 -4 -1 -3    9  48   6   1   0   3   8  11   4   0   2   5   0   0   0   1   1   0   2   0  0.57 0.19
  315 G   -2 -4 -2 -1 -5 -3 -4  7 -4 -6 -6 -3 -5 -5 -4 -2 -4 -5 -5 -5    0   0   0   3   0   0   0  94   0   0   0   1   0   0   0   0   0   0   0   0  1.85 0.37
  316 F   -2 -4 -4 -5 -1 -4 -4 -4 -2  1  2 -4  0  5 -4 -3 -3 -1  5  0    2   0   0   0   2   0   0   0   0  10  25   0   0  31   0   0   0   0  21   6  0.70 0.20
  317 D   -1  4  2  4 -4  0  0 -2  0 -4 -4  2 -3 -4 -3  0  0 -5 -3 -4    4  31  10  24   0   1   4   1   2   0   0  16   0   0   0   4   4   0   0   0  0.58 0.18
  318 L   -2 -4 -5 -5 -3 -4 -5 -5 -5  5  3 -4  0 -2 -4 -4 -2 -4 -3  3    0   0   0   0   0   0   0   0   0  47  30   0   0   0   0   0   1   0   0  22  0.86 0.23
  319 V   -2 -4 -5 -5 -2 -4 -4 -5 -5  2  0 -4 -1 -2 -4 -4 -1 -5 -2  6    0   0   0   0   0   0   0   0   0   8   5   0   0   0   0   0   2   0   1  82  1.17 0.31
  320 S   -1 -3 -1 -3 -3 -2 -2 -3 -3 -4 -4 -2 -3 -5 -3  6  2 -5 -4 -4    1   0   0   0   0   0   0   0   0   0   0   0   0   0   0  85  13   0   0   0  1.33 0.37
  321 G   -2 -4  1 -1 -5 -3 -3  7 -2 -6 -6 -3 -5 -5 -4 -2 -4 -5 -5 -5    0   0   6   3   0   0   1  89   1   0   0   1   0   0   0   0   0   0   0   0  1.69 0.34
  322 G   -1  0 -3 -3 -5 -3 -4  7 -3 -6 -6 -3 -5 -5 -4 -2 -4 -5 -5 -5    1   6   0   0   0   0   0  91   0   0   0   0   0   0   0   0   0   0   0   0  1.77 0.36
  323 T   -2 -4 -2 -4 -3 -3 -3 -4 -4 -3 -4 -3 -3 -5 -4 -1  8 -5 -4 -3    0   0   0   0   0   0   0   0   0   0   0   0   0   0   0   1  99   0   0   0  1.87 0.45
  324 D   -4 -3 -1  7 -6 -1  2 -4 -2 -5 -6 -2 -5 -6 -4 -2 -3 -6 -5 -5    0   0   0  83   0   2  14   0   1   0   0   1   0   0   0   0   0   0   0   0  1.75 0.37
  325 N   -3 -3  7  0  1 -2 -2 -3 -2 -4 -4 -2 -4 -5 -4  1  2 -5 -4 -1    0   0  65   3   3   0   0   0   0   0   0   0   0   0   0  11  13   0   0   5  1.13 0.31
  326 H   -5 -3 -2 -4 -6 -2 -3 -5 11 -6 -6 -4 -4 -4 -5 -4 -5 -5 -1 -6    0   0   0   0   0   0   0   0 100   0   0   0   0   0   0   0   0   0   0   0  3.14 0.56
  327 L   -3 -4 -5 -5 -2 -4 -5 -5 -5  1  5 -4  3 -1 -5 -4 -3 -4 -3  2    0   0   0   0   0   0   0   0   0   3  78   0   6   0   0   0   0   0   0  11  1.03 0.27
  328 M   -2 -4 -4 -5 -2 -3 -4 -5 -4  1  2 -4  7  4 -4 -3 -2 -3 -1  2    2   0   0   0   1   0   0   0   0   6  14   0  41  20   0   0   0   0   0  15  0.87 0.26
  329 L   -3 -4 -5 -6 -2 -4 -5 -6 -5  0  6 -4  0 -2 -5 -4 -3 -4 -3 -1    1   0   0   0   0   0   0   0   0   0  96   0   0   0   0   1   0   0   0   1  1.34 0.33
  330 V   -2 -4 -5 -5 -3 -4 -4 -5 -5  3  1 -4  0 -2 -4 -4 -2 -4 -3  6    1   0   0   0   0   0   0   0   0  11  12   0   1   0   0   0   0   0   0  73  1.04 0.28
  331 D   -4 -4  1  8 -6 -2 -1 -3 -3 -5 -6 -2 -5 -6 -4  0 -3 -6 -5 -5    0   0   3  88   0   0   0   0   0   0   0   1   0   0   0   7   0   0   0   0  1.83 0.38
  332 L   -3 -4 -5 -5 -3 -4 -5 -5 -5  0  6 -4  1  0 -5 -4 -2 -3 -3  2    0   0   0   0   0   0   0   0   0   0  83   0   1   2   0   0   1   0   0  12  1.09 0.28
  333 R   -2  6 -1 -3 -3  0 -2 -4 -2  1 -2  0 -2 -2 -3 -1  2 -4 -3  0    0  53   2   0   0   2   0   0   0  12   2   3   0   2   0   4  15   0   0   5  0.68 0.23
  334 P    0 -1  3  2 -2 -1  0  0 -1 -3 -4  1 -3 -4  4  2 -1 -4 -3 -3    9   1  16  10   0   1   3   7   1   0   0   8   0   0  25  17   2   0   0   0  0.51 0.15
  335 K   -1  1 -1 -2 -3  2 -1 -3 -1  0  0  5  1  0 -3  0 -1 -3 -1 -1    2   3   1   1   0   8   1   0   1   5   9  49   3   5   0   5   3   0   1   4  0.39 0.17
  336 G   -1 -1  3  2 -4  0  1  4 -1 -4 -4  0 -3 -4 -1  0 -2 -4 -4 -3    2   1  19  11   0   2   9  42   1   1   0   6   0   0   2   3   0   0   0   1  0.59 0.17
  337 L   -2 -4 -4 -4 -2 -3 -3 -5 -4  4  3 -3  3 -1 -4 -3 -2 -3  0  3    1   0   0   0   0   0   2   0   0  31  35   0   7   1   0   0   0   0   4  18  0.58 0.17
  338 K   -2 -3  1  0 -3 -2 -3 -4 -3 -3 -3  0 -3 -4 -3  1  7 -5 -4 -2    0   0   5   4   0   0   0   0   0   0   1   6   0   0   0   5  78   0   0   0  1.17 0.34
  339 G   -2 -5 -3 -4 -5 -4 -5  7 -4 -6 -6 -4 -5 -6 -5 -3 -4 -5 -6 -6    0   0   0   0   0   0   0 100   0   0   0   0   0   0   0   0   0   0   0   0  2.12 0.40
  340 N   -2  2  1 -2 -5  1 -1 -3 -3 -5 -4  7 -3 -5 -3 -2 -2 -5 -4 -4    3   6   7   0   0   3   0   0   0   0   0  79   0   0   0   1   1   0   0   0  1.25 0.33
  341 V    1 -1 -1  3 -3  2  3 -2 -1 -1 -2 -1 -2 -3 -2 -1 -1 -4 -3  0   17   2   1  24   0   9  26   0   0   3   3   2   0   0   0   0   1   0   0   9  0.37 0.15
  342 S    6 -3 -4 -4 -2 -3 -3 -2 -4 -3 -2 -3 -2 -3 -3  0  0 -5 -4  0   84   0   0   0   0   0   0   1   0   0   4   0   1   0   0   2   3   0   0   5  1.08 0.32
  343 E   -2 -2 -2  4 -4  2  6 -4 -2 -5 -5 -1 -4 -5 -3 -2 -3 -5 -4 -4    2   0   0  24   0   7  66   0   0   0   0   0   0   0   0   1   0   0   0   1  1.27 0.32
  344 K    2  0  1  1 -2  1  2 -2  2 -2 -2  2 -2 -3 -2  0 -1 -4 -2 -2   30   4   6   7   0   5  12   1   7   3   4  17   0   0   0   2   3   0   0   1  0.24 0.12
  345 A    4  1 -3 -3 -2 -2 -2 -2 -3  0  1 -2 -1 -2 -3  0 -1  0 -2  1   48   9   0   0   0   0   1   1   0   4  19   1   0   0   0   5   3   2   0   8  0.35 0.17
  346 L   -3 -4 -6 -6 -1 -4 -5 -6 -5  0  6 -5  1 -1 -5 -5 -3 -4 -3  0    0   0   0   0   1   0   0   0   0   0  94   0   1   0   0   0   0   0   0   3  1.33 0.33
  347 V   -2 -3 -1  4 -4 -1  3  4  2 -5 -5 -2 -4 -5 -3  0 -2 -5 -3 -4    1   0   0  32   0   0  20  33   5   0   0   0   0   0   0   8   0   0   0   1  0.75 0.21
  348 R    0  4  0  1 -4  1  3 -2  0 -4 -3  2 -2 -4 -3  1 -1 -4 -3 -3    8  32   3   6   0   4  21   1   2   0   1  11   0   0   0  11   1   0   0   0  0.48 0.16
  349 A    5 -4 -4 -4  0 -3 -3 -2 -4  1 -2 -3 -2 -3 -3 -1 -2 -4 -3  3   62   0   0   0   1   0   0   1   0   9   0   0   0   0   0   1   0   0   0  26  0.78 0.26
  350 G   -2 -2  3 -2 -3 -2 -3  5  6 -5 -4 -2 -4 -2 -4 -1 -3 -1  1 -5    1   1  20   1   0   0   0  43  23   0   0   0   0   2   0   2   0   1   5   0  0.88 0.24
  351 I   -3 -5 -5 -5 -3 -5 -5 -6 -5  7  0 -5  1 -2 -5 -5 -3 -5 -3  1    0   0   0   0   0   0   0   0   0  89   4   0   3   0   0   0   0   0   0   3  1.52 0.36
  352 T   -2 -4 -3 -4 -3 -3 -3 -4 -3 -2 -4 -3 -3 -5 -4 -1  8 -5 -4 -2    1   0   0   0   0   0   0   0   0   1   0   0   0   0   0   0  98   0   0   0  1.81 0.44
  353 C    1 -4 -4 -5  7 -4 -4 -4 -5  0  0 -4 -1 -3 -4 -2  0 -4 -3  5   10   0   0   0  25   0   0   0   0   1   5   0   0   0   0   0   4   0   0  53  0.93 0.26
  354 N   -4 -3  9 -1 -5 -3 -3 -3 -2 -6 -6 -3 -5 -6 -5 -2 -3 -7 -5 -6    0   0 100   0   0   0   0   0   0   0   0   0   0   0   0   0   0   0   0   0  2.30 0.48
  355 K   -3  2 -2 -3 -6 -1 -1 -4 -3 -5 -5  7 -3 -6 -3 -3 -3 -5 -4 -5    0   6   0   0   0   0   0   0   0   0   0  93   0   0   0   0   0   0   0   0  1.71 0.40
  356 N   -4 -3  8 -1 -5 -2 -2 -3 -2 -6 -6 -3 -5 -6 -5 -1 -3 -6 -5 -6    0   0  99   0   0   0   0   0   0   0   0   0   0   0   0   1   0   0   0   0  2.26 0.47
  357 G    3 -3 -2 -3 -2 -2 -2  2 -3 -3 -3 -2  0 -4 -3  2  3 -4 -3 -2   34   0   1   0   0   0   0  18   0   0   0   0   4   0   0  15  27   0   0   0  0.56 0.21
  358 I   -3 -5 -5 -5 -3 -5 -5 -6 -5  6  0 -5 -1 -2 -5 -4 -2 -5 -3  5    0   0   0   0   0   0   0   0   0  58   0   0   0   0   0   0   0   0   0  42  1.22 0.30
  359 P   -3 -5 -5 -4 -6 -4 -4 -5 -4 -6 -6 -4 -5 -6  9 -3 -4 -7 -6 -5    0   0   0   0   0   0   0   0   0   0   0   0   0   0 100   0   0   0   0   0  3.00 0.50
  360 F   -4 -3  5 -2 -5 -3 -4 -2 -2 -3 -3 -3 -3  7 -5 -3 -3 -1  2 -4    0   0  37   1   0   0   0   2   0   0   0   0   0  53   0   0   0   0   5   0  1.25 0.32
  361 D   -4 -4 -1  8 -6 -2  3 -4 -3 -6 -6 -3 -5 -6 -4 -2 -3 -6 -5 -5    0   0   0  85   0   0  15   0   0   0   0   0   0   0   0   0   0   0   0   0  1.87 0.39
  362 P   -3 -4 -3 -3 -4 -1 -2 -4 -4 -4 -4 -1 -4 -5  7 -2  3 -6 -5 -4    0   0   0   0   0   2   1   0   0   0   1   3   0   0  68   1  23   0   0   0  1.79 0.36
  363 E   -1  4 -1 -1 -4  3  4 -3 -2 -4 -1  1 -2 -4 -3 -2 -1 -4 -3 -3    5  26   2   0   0  18  34   0   0   0   8   5   0   0   0   0   2   0   0   0  0.62 0.21
  364 K   -1 -1 -1 -2 -3 -1 -2 -2 -3 -4 -4  4 -3 -5  3  5  0 -5 -4 -4    0   0   1   0   0   0   0   1   0   0   0  31   0   0  14  50   2   0   0   0  0.83 0.27
  365 P   -3 -4 -5 -4 -6 -4 -4 -5 -5 -5 -6 -4 -5 -4  9 -3 -4 -6 -6 -5    1   0   0   0   0   0   0   0   0   0   0   0   0   1  98   0   0   0   0   0  2.88 0.48
  366 F   -2 -2 -3 -5 -4 -3 -4 -4 -3 -2 -1 -4  5  7 -5 -2  0  0  1 -2    3   2   1   0   0   1   0   0   0   0   1   0  17  63   0   2   8   1   1   1  1.17 0.31
  367 V   -2 -4 -4 -4 -3 -3 -4 -5 -5  3 -1  0 -1 -3 -4 -3 -1 -5 -3  6    0   0   0   0   0   1   0   0   0  16   0   6   0   0   0   0   1   0   0  74  1.03 0.29
  368 T   -2 -4 -2 -3 -2 -3 -3 -3 -4 -3 -4 -3 -3 -5 -2  0  7 -5 -4 -2    1   0   0   0   1   0   0   1   0   0   0   0   0   0   1   1  95   0   0   0  1.69 0.42
  369 S   -1 -3 -2 -3 -3 -2 -3 -2 -3 -5 -5 -3 -4 -5 -3  7 -1 -5 -4 -4    0   0   0   0   0   0   0   0   0   0   0   0   0   0   0  99   0   0   0   0  1.66 0.43
  370 G   -2 -5 -3 -4 -5 -4 -4  7 -4 -6 -6 -4 -5 -5 -4 -3 -4 -5 -5 -6    0   0   0   0   0   0   0  99   0   0   0   0   0   0   0   0   0   0   0   0  2.10 0.40
  371 L   -3 -5 -5 -5 -3 -4 -5 -6 -5  6  3 -4  0 -1 -5 -4 -2 -4 -3  3    0   0   0   0   0   0   0   0   0  61  22   0   0   0   0   0   0   0   0  16  1.02 0.26
  372 R   -4  8 -3 -4 -6 -1 -3 -5 -3 -6 -5  0 -4 -5 -5 -3 -4 -5 -4 -5    0 100   0   0   0   0   0   0   0   0   0   0   0   0   0   0   0   0   0   0  2.21 0.46
  373 L   -3 -4 -5 -5 -3 -4 -5 -5 -5  5  4 -4  0 -1 -4 -4 -2 -4 -3  2    0   0   0   0   0   0   0   0   0  42  42   0   1   1   0   0   0   0   0  14  0.87 0.23
  374 G   -2 -5 -3 -4 -5 -4 -5  7 -4 -6 -6 -4 -5 -6 -5 -3 -4 -5 -6 -6    0   0   0   0   0   0   0 100   0   0   0   0   0   0   0   0   0   0   0   0  2.12 0.40
  375 T   -1 -3 -2 -3 -2 -3 -3 -3 -4 -3 -3 -3 -3 -4 -3  3  7 -5 -4 -2    2   0   0   0   0   0   0   0   0   0   1   0   0   0   0  19  78   0   0   0  1.33 0.36
  376 P    1 -4 -4 -4 -5 -2 -3 -4 -4 -5 -5 -3 -5 -6  8 -2 -3 -6 -5 -4   12   0   0   0   0   1   0   0   0   0   0   0   0   0  85   1   0   0   0   0  2.34 0.42
  377 A    6 -4 -4 -4 -3 -2 -3 -2 -4 -4 -4 -3 -3 -5 -3  0 -2 -5 -4 -2   96   0   0   0   0   1   0   0   0   0   0   0   0   0   0   2   0   0   0   0  1.45 0.38
  378 A    1 -3 -3 -4  1 -3 -3  1 -4  3  2 -3  3 -2 -3 -2 -1 -3 -3  3   13   0   0   0   3   0   0  12   0  18  17   0   9   0   0   0   1   0   0  27  0.33 0.13
  379 T    0 -4 -2 -4 -2 -3 -3 -4 -4 -3 -3 -3 -3 -5 -3 -1  7 -5 -4 -2    6   0   0   0   0   0   0   0   0   0   1   0   0   0   0   0  93   0   0   0  1.64 0.42
  380 T   -1  0 -2 -3 -3 -3 -3 -3 -4 -3 -4 -2 -3 -4 -3  2  7 -5 -4 -2    3   5   0   0   0   0   0   0   0   0   0   0   0   0   0  15  77   0   0   0  1.23 0.35
  381 R   -4  8 -3 -4 -6 -1 -3 -5 -2 -6 -5  0 -4 -5 -5 -3 -4 -5 -4 -5    0  98   0   0   0   0   0   0   1   0   0   1   0   0   0   0   0   0   0   0  2.13 0.44
  382 G   -2 -4 -2 -4 -5 -4 -4  7 -4 -6 -6 -4 -5 -6 -5 -2 -4 -2 -5 -6    0   0   0   0   0   0   0  98   0   0   0   0   0   0   0   0   0   1   0   0  2.06 0.39
  383 F   -4 -5 -5 -6 -4 -4 -5 -5 -4 -1  1 -5  6  8 -6 -4 -4 -2  1 -2    0   0   0   0   0   0   0   0   0   1   9   0  22  66   0   0   0   0   1   0  1.54 0.35
  384 G   -1  1  0  1 -4  0 -1  4 -2 -3 -4  4 -3 -4 -3 -1  0 -4 -4 -3    2   4   4   7   0   2   1  32   0   0   1  37   0   0   0   2   6   0   0   2  0.52 0.18
  385 V    0 -2 -2  0 -4  0  6 -3 -2 -2 -2 -1 -3 -4  0 -2  0 -5 -4  0    6   1   0   2   0   2  65   0   0   1   3   1   0   0   5   1   4   0   0   8  0.79 0.25
  386 A    3 -1  0  1 -3  0  3 -1 -2 -2 -3  1 -2 -3  0  0  0 -4 -3 -2   34   1   4   9   0   3  25   3   0   1   1   8   0   0   4   3   4   0   0   2  0.34 0.14
  387 E    0 -2 -1  4 -5  1  6 -4 -1 -5 -5 -1 -4 -5 -3 -2 -3 -5 -4 -4    7   0   0  22   0   5  64   0   1   0   0   0   0   0   0   0   0   0   0   0  1.16 0.30
  388 F    1 -4 -4 -5  3 -3 -4 -4 -3 -1 -1 -4  6  5 -4 -1 -1 -2  0  0   14   0   0   0   7   0   0   0   0   1   1   0  33  34   0   4   2   0   1   4  0.80 0.26
  389 Q    0  4 -1  0 -3  1  2 -2 -1 -1 -2  2 -2 -3 -2 -1  0 -4 -2  0    8  26   0   6   0   4  16   1   1   5   1  14   0   0   1   1   7   0   0   8  0.29 0.12
  390 Q   -1  0 -2  0 -4  4  4 -3 -1 -2 -1  2 -1 -3 -3 -1  0 -4 -2 -1    5   4   0   4   0  21  36   0   0   2   8  11   1   0   0   0   4   0   1   3  0.46 0.17
  391 V   -2 -4 -5 -5 -3 -4 -4 -5 -5  5  2 -4  0 -2 -4 -3 -1 -4 -3  4    0   0   0   0   0   0   0   0   0  40  18   0   0   0   0   0   3   0   0  39  0.84 0.23
  392 G    5 -4 -3 -3 -3 -3 -3  4 -4 -4 -4 -3 -3 -4 -3 -1 -1 -4 -4 -2   68   0   0   0   0   0   0  27   0   0   0   0   0   0   0   1   2   0   0   1  1.02 0.29
  393 H   -1  0  3  3 -4  1  2  1  2 -4 -3  0 -3 -4 -3  0 -1 -4 -2 -3    4   6  15  18   0   4  19  13   8   0   1   5   0   0   0   4   2   0   1   0  0.36 0.12
  394 L   -1 -4 -4 -5  0 -4 -4 -4 -4  2  3 -4  2  1 -5 -4 -3  8  0  0    5   0   0   0   2   0   0   0   0  16  33   0   6   5   0   0   0  26   2   3  0.93 0.24
  395 I   -3 -5 -5 -5 -3 -5 -5 -6 -5  7  0 -5  4 -2 -5 -4 -3 -5 -3  1    0   0   0   0   0   0   0   0   0  82   2   0  10   1   0   0   0   0   0   4  1.46 0.36
  396 A    3 -3 -1  0  5 -2 -2  0 -1  0 -1 -2 -2 -2 -3  1  0 -1 -2  1   35   0   3   7  16   0   1   5   2   4   4   1   0   0   0   8   3   1   1  10  0.31 0.15
  397 E   -1  1  0  5 -4  0  3 -3 -1 -3 -1  0 -1 -3 -3 -1 -1 -4 -2 -3    4   7   1  38   0   4  21   0   0   1   9   5   2   1   0   1   3   0   2   0  0.51 0.18
  398 V    2 -1 -4 -4 -1 -3 -3 -3 -4  2 -1 -3 -1 -3 -4 -2  1 -4 -3  5   19   4   0   0   1   0   0   0   0   9   3   0   0   0   0   0   8   0   0  55  0.61 0.23
  399 L   -2 -4 -5 -5 -2 -4 -5 -5 -5  2  5 -4  1 -1 -5 -4 -3 -4 -3  1    2   0   0   0   0   0   0   0   0  10  78   0   1   1   0   0   0   0   0   7  1.02 0.28
  400 N   -1  0  0  5 -4  0  2 -2  0 -3 -2  2 -2 -3 -2  0  0 -3 -3 -3    3   3   3  39   0   2  11   1   2   1   4  15   0   1   0   4   7   0   0   1  0.47 0.16
  401 A    1 -2  4  1 -3 -1 -1  2  2 -3 -3 -1 -3 -3  0  0 -1 -4 -2 -2   18   1  32   8   0   1   2  15   6   0   1   2   0   1   4   6   1   0   1   2  0.41 0.15
  402 I   -1  0 -2 -2 -1 -1 -2 -2  0  1  2 -1  1  0  4 -1 -1 -3 -1  0    4   6   0   1   1   1   2   3   3  13  26   2   3   4  20   2   2   0   2   5  0.24 0.09
  403 A    1  0  1  2 -3  0  2  1  0 -2 -2  0 -2 -2 -1  0  0 -3 -1 -2   14   5   7  14   0   3  20  12   2   1   2   5   0   1   1   5   4   0   1   2  0.21 0.08
  404 Q    1 -1  3  5 -3  0  1 -1 -1 -3 -3  0 -3 -4 -2  0 -1 -4 -3 -3   11   2  19  39   0   2   6   2   1   0   1   5   0   0   1   5   3   0   0   1  0.55 0.16
  405 S    0 -1  2  2 -2  1  4  0  0 -3 -3  1 -2 -3 -1  0 -1 -3 -2 -2    7   1  12  10   1   3  33   5   1   1   2   6   1   1   2   7   3   0   1   2  0.32 0.10
  406 S    1  0  0  0 -2  0  1  1 -1 -2 -2  1 -1 -2  1  1  0 -2 -2 -1   12   3   4   5   1   4  10  13   1   2   4   8   1   1   8  12   7   1   1   2  0.14 0.03
  407 D    0  0  1  2 -2  0  2  0  0 -1 -1  1 -1 -1  0  0  0 -1 -1 -1    5   5   5  16   1   3  16   6   1   3   5  11   1   2   4   5   4   1   2   4  0.13 0.03
  408 G    0  0  0  1 -1  0  1  1  0 -1 -1  0 -1 -1  0  0  0 -1 -1 -1    7   4   5  11   1   3  11  14   3   4   7   4   2   2   4   5   4   1   3   4  0.07 0.01
  409 A    0  0  1  1 -1  0  1  1  0 -1 -1  0 -1 -1  0  0  0  0 -1 -1    9   4   7  10   1   3   8  14   2   4   7   5   1   3   4   6   5   1   2   5  0.05 0.01
  410 A    0  0  2  2 -1  0  0  0  0 -1 -1  0 -1 -1  0  1  0 -1 -1 -1    9   4  15  12   2   3   5   5   2   3   6   5   1   3   4   9   4   1   2   4  0.08 0.01
  411 P    1  0  0  0 -1  0  1  0  0 -1 -1  0 -1 -1  2  0  0 -1 -1 -1   17   3   3   7   1   4  10   6   2   3   6   5   1   2   9   7   6   1   2   5  0.08 0.01
  412 L    2  0 -1  0 -1  1  1  0 -1 -1 -1  0 -1 -1  0  0  0 -1 -1  0   30   4   3   5   1   6   9   4   1   3   7   5   1   2   3   6   4   1   2   5  0.09 0.04
  413 V    0 -1 -2 -2 -1 -2 -2 -2 -2  2  0 -1  0 -1 -2 -1  1 -2 -1  4    7   3   2   2   1   1   2   2   1   9   6   3   1   1   2   2  10   0   2  43  0.24 0.10
  414 E   -1  0 -2 -2 -3  1  3 -3 -1  3  2  0  0 -2 -3 -2 -1 -3 -2  0    4   4   0   1   0   5  24   1   2  22  24   6   1   0   0   1   1   0   0   3  0.24 0.13
  415 A    3  0  0  1 -3  1  3 -1 -1 -2 -2  1 -1 -3 -2  0  0 -3 -2 -2   33   3   3   8   0   8  20   2   1   1   2   7   1   0   1   4   4   0   0   1  0.29 0.13
  416 S    2  3  0  1 -3  1  3 -1 -1 -3 -3  2 -2 -4 -2  0 -1 -4 -3 -2   20  16   2   7   0   6  21   2   1   0   1  14   0   0   1   5   2   0   0   2  0.33 0.13
  417 V    1 -3 -4 -4  2 -4 -4 -4 -4  3  1 -4 -1 -2 -4 -3  0 -4 -3  5   12   0   0   0   4   0   0   0   0  15   8   0   0   0   0   0   5   0   0  54  0.67 0.23
  418 K    0  6 -1 -3 -3  0 -1 -2  0 -4 -2  4 -2 -4 -3 -1 -2 -4 -3 -3    7  48   1   0   0   2   0   2   2   0   4  28   0   0   0   3   0   0   0   0  0.87 0.27
  419 Q    2  1  0  0 -3  2  3  1 -1 -3 -3  1 -2 -4 -2  0  0 -4 -3 -2   24   6   3   5   0  10  21  10   1   0   0  10   0   0   0   5   4   0   0   1  0.31 0.13
  420 R   -1  4 -1 -1 -5  3  3 -2 -1 -2 -3  4 -1 -4 -3 -2 -2 -4 -3 -3    2  24   1   2   0  12  23   1   0   3   1  25   2   0   0   1   0   0   0   0  0.61 0.21
  421 V   -1 -5 -5 -6 -3 -5 -5 -5 -6  1 -1 -5 -1 -3 -5 -4 -2 -5 -4  7    3   0   0   0   0   0   0   0   0   3   0   0   1   0   0   0   0   0   0  92  1.55 0.41
  422 K    1  2  0 -1 -2  0  1 -2  0 -1  0  2 -1 -2 -2  0  0 -3 -2 -1   17  11   2   3   0   3  10   1   3   3  12  17   1   1   0   4   7   0   1   4  0.12 0.08
  423 E    3 -1 -1  2 -3  0  3 -1 -2 -3 -3  1 -2 -4 -2  0  0 -4 -3 -2   37   2   1  10   0   3  25   2   0   0   1   7   0   0   0   5   4   0   0   2  0.42 0.18
  424 L   -3 -4 -5 -6 -3 -3 -5 -6 -5  2  5 -4  2  1 -5 -4 -3 -4 -3  0    0   0   0   0   0   1   0   0   0  11  79   0   4   4   0   0   0   0   0   2  1.13 0.31
  425 T    1 -5 -3 -5  9 -4 -5 -4 -5 -2 -3 -4 -2 -5 -4 -2  4 -5 -5 -2    9   0   0   0  56   0   0   0   0   1   1   0   1   0   0   1  29   0   0   1  1.72 0.41
  426 D    2  1  0  2 -3  1  2  0 -1 -3 -3  2 -2 -4 -2  1 -1 -4 -3 -2   24  10   4  15   0   4  12   5   1   0   2  12   0   0   0   8   2   0   0   1  0.29 0.13
  427 R    1  5 -1 -1 -3  2  0 -3 -2 -4 -3  4 -3 -4 -3 -1 -2 -4 -3 -4   11  37   2   2   0  10   5   1   0   0   1  27   0   0   0   3   1   0   0   0  0.68 0.23
  428 F   -4 -4 -4 -6 -4 -5 -5 -6  4 -3 -1 -4 -2  8 -6 -4 -4 -1  5 -3    0   0   1   0   0   0   0   0   9   0   4   0   0  69   0   0   0   0  16   0  1.71 0.40
  429 P   -4 -5 -5 -5 -6 -4 -4 -5 -5 -5 -5 -3 -5 -7  9 -4 -4 -7 -6 -5    0   0   0   0   0   0   0   0   0   0   0   1   0   0  97   0   0   0   0   0  2.96 0.56
  430 I   -3 -4 -5 -5 -3 -4 -5 -5 -5  3  4 -4  1  0 -4 -4 -2 -4 -3  3    0   0   0   0   0   0   0   0   0  20  48   0   3   2   0   0   0   0   0  27  0.81 0.24
  431 Y   -5 -5 -5 -6 -6 -5 -5 -6 -1 -4 -4 -5 -4  1 -6 -5 -5 -1 10 -4    0   0   0   0   0   0   0   0   0   0   0   0   0   3   0   0   0   0  97   0  2.81 0.57
  432 Q   -2  4 -2 -1 -5  4  4 -3 -1 -4 -4  4 -3 -5 -3 -2 -2 -4 -3 -4    0  26   0   0   0  19  28   0   0   0   0  27   0   0   0   0   0   0   0   0  0.82 0.20

                      K         Lambda
Standard Ungapped    0.1335     0.3176
Standard Gapped      0.0410     0.2670
PSI Ungapped         0.2042     0.3177
PSI Gapped           0.0625     0.2670
