
Last position-specific scoring matrix computed, weighted observed percentages rounded down, information per position, and relative weight of gapless real matches to pseudocounts
            A   R   N   D   C   Q   E   G   H   I   L   K   M   F   P   S   T   W   Y   V   A   R   N   D   C   Q   E   G   H   I   L   K   M   F   P   S   T   W   Y   V
    1 M    -1  -1  -2  -3  -2  -1  -2  -3  -2   1   2  -1   6   0  -3  -2  -1  -2  -1   1    0   0   0   0   0   0   0   0   0   0   0   0 100   0   0   0   0   0   0   0  0.40 0.01
    2 S     0   1   0   0  -2   1   0  -1  -1  -3  -3   3  -1  -3  -1   3   1  -3  -2  -2    0   0   0   0   0   0   0   0   0   0   0  41   0   0   0  59   0   0   0   0  0.35 0.01
    3 S     0   1   2   0  -2   0   0  -1   3  -3  -3   0  -2  -2  -1   3   1  -3  -1  -2    0  11  18   0   0   0   0   0  13   0   0   0   0   0   0  55   4   0   0   0  0.32 0.00
    4 K    -1   3   0  -1  -3   1   1  -2  -1  -3  -3   5  -1  -3  -1   0  -1  -3  -2  -2    0   7   0   0   0   0   0   0   0   0   0  93   0   0   0   0   0   0   0   0  0.53 0.01
    5 F    -1  -2  -3  -3  -2  -2  -3  -3  -1   0   1  -2   3   5  -3  -2  -1   0   2   0    6   0   0   0   0   0   0   0   0   0   7   0  28  59   0   0   0   0   0   0  0.40 0.01
    6 M    -1  -2  -3  -3  -1  -1  -2  -3  -2   1   3  -2   5   1  -3  -2  -1  -1  -1   1    0   0   0   0   0   0   0   0   0   0  33   0  61   7   0   0   0   0   0   0  0.34 0.01
    7 K    -1   3   0  -1  -3   1   1  -2  -1  -3  -3   5  -1  -3  -1   0  -1  -3  -2  -2    0   7   0   0   0   0   0   0   0   0   0  93   0   0   0   0   0   0   0   0  0.53 0.01
    8 S     1  -1   1   0  -1   0   0   0  -1  -2  -3   0  -2  -2  -1   4   1  -3  -2  -2    0   0   0   0   0   0   0   0   0   0   0   0   0   0   0 100   0   0   0   0  0.48 0.01
    9 T     3  -2  -2  -2  -1  -1  -1   0  -2   0  -1  -1  -1  -2  -1   1   1  -3  -2   1   72   0   0   0   0   0   0   0   0   0   0   0   0   0   0   0  12   0   0  16  0.27 0.00
   10 A     4  -1  -1  -2   0  -1  -1   0  -2  -1  -2  -1  -1  -2  -1   1   0  -3  -2   0   96   0   0   0   0   0   0   0   0   0   0   0   0   0   0   4   0   0   0   0  0.41 0.01
   11 V     0  -3  -3  -3  -1  -2  -3  -3  -3   3   1  -2   1  -1  -2  -2   0  -3  -1   4    0   0   0   0   0   0   0   0   0   0   0   0   0   0   0   0   0   0   0 100  0.37 0.01
   12 L    -2  -2  -3  -4  -1  -2  -3  -4  -3   2   4  -3   2   0  -3  -3  -1  -2  -1   1    0   0   0   0   0   0   0   0   0   0 100   0   0   0   0   0   0   0   0   0  0.47 0.01
   13 G     0  -2   0  -1  -3  -2  -2   6  -2  -4  -4  -2  -3  -3  -2   0  -2  -3  -3  -3    0   0   0   0   0   0   0 100   0   0   0   0   0   0   0   0   0   0   0   0  1.06 0.01
   14 T     0  -1   0  -1  -1  -1  -1  -2  -2  -1  -1  -1  -1  -2  -1   1   5  -3  -2   0    0   0   0   0   0   0   0   0   0   0   0   0   0   0   0   0 100   0   0   0  0.50 0.01
   15 V     2  -2  -2  -3  -1  -2  -2  -2  -3   2   0  -2   0  -1  -2   0   0  -3  -1   3   33   0   0   0   0   0   0   0   0   0   0   0   0   0   0   0   0   0   0  67  0.23 0.00
   16 T     1  -1   0  -1  -1  -1  -1   2  -2  -1  -2  -1  -1  -2  -1   1   4  -3  -2  -1   16   0   0   0   0   0   0  22   0   0   0   0   0   0   0   0  62   0   0   0  0.34 0.01
   17 L    -1  -2  -3  -4  -1  -2  -3  -4  -3   2   4  -2   2   0  -3  -2  -1  -2  -1   1    0   0   0   0   0   0   0   0   0   0  90   0   0   0   0   0   0   0   0  10  0.43 0.01
   18 A     4  -1  -2  -2   0  -1  -1   0  -2  -1  -2  -1  -1  -2  -1   1   0  -3  -2   0  100   0   0   0   0   0   0   0   0   0   0   0   0   0   0   0   0   0   0   0  0.42 0.01
   19 S     1  -1   1   0  -1   0   0   1  -1  -3  -3   0  -2  -2  -1   4   1  -3  -2  -2    0   0   0   0   0   0   0   6   0   0   0   0   0   0   0  94   0   0   0   0  0.45 0.01
   20 L    -2  -2  -3  -4  -1  -2  -3  -4  -2   1   4  -3   2   2  -3  -2  -1  -1   0   1    0   0   0   0   0   0   0   0   0   0  80   0   4  16   0   0   0   0   0   0  0.40 0.00
   21 L    -1  -2  -3  -4  -1  -2  -3  -4  -3   2   4  -2   2   0  -3  -2  -1  -2  -1   1    0   0   0   0   0   0   0   0   0  16  78   0   6   0   0   0   0   0   0   0  0.41 0.00
   22 L    -2  -2  -3  -4  -1  -2  -3  -4  -3   2   4  -3   2   0  -3  -3  -1  -2  -1   1    0   0   0   0   0   0   0   0   0   0 100   0   0   0   0   0   0   0   0   0  0.47 0.01
   23 V     1  -2  -3  -3  -1  -2  -2  -3  -3   2   1  -2   0  -1  -2  -1   1  -3  -1   4   10   0   0   0   0   0   0   0   0   0   0   0   0   0   0   0   6   0   0  84  0.28 0.01
   24 A     4  -1  -2  -2   0  -1  -1   0  -2  -1  -2  -1  -1  -2  -1   1   0  -3  -2   0  100   0   0   0   0   0   0   0   0   0   0   0   0   0   0   0   0   0   0   0  0.42 0.01
   25 C    -1  -4  -3  -4   9  -3  -4  -3  -3  -1  -1  -3  -2  -2  -3  -1  -1  -2  -3  -1    0   0   0   0 100   0   0   0   0   0   0   0   0   0   0   0   0   0   0   0  1.28 0.01
   26 G     0  -2   0  -1  -3  -2  -2   6  -2  -4  -4  -2  -3  -3  -2   0  -2  -3  -3  -3    0   0   0   0   0   0   0 100   0   0   0   0   0   0   0   0   0   0   0   0  1.06 0.01
   27 S     1  -1   2   0  -1   0   0   1  -1  -3  -3   0  -2  -3  -1   4   1  -3  -2  -2    0   0  10   0   0   0   0   6   0   0   0   0   0   0   0  84   0   0   0   0  0.41 0.01
   28 K    -1   2   0  -1  -3   1   1  -2  -1  -3  -3   5  -1  -3  -1   0  -1  -3  -2  -2    0   0   0   0   0   0   0   0   0   0   0 100   0   0   0   0   0   0   0   0  0.54 0.01
   29 T     1  -1   1  -1  -1  -1  -1  -1  -1  -1  -2  -1  -1  -2   1   2   4  -3  -2  -1    5   0   5   0   0   0   0   0   0   0   0   0   0   0   8  25  58   0   0   0  0.36 0.00
   30 A     3  -1  -1  -1  -1  -1  -1   0  -1  -2  -2  -1  -1  -2  -1   2   1  -2  -2  -1   60   0   0   0   0   0   0   0   0   0   0   0   0   0   0  30   7   0   0   0  0.31 0.00
   31 D    -1  -1   2   5  -3   0   2  -1  -1  -3  -3   0  -2  -3  -1   0  -1  -3  -2  -3    1   1  16  62   0   0   8   1   0   1   1   6   0   0   1   1   1   0   0   1  0.58 0.00
   32 K    -1   2   1   0  -2   1   1  -1  -1  -2  -2   4  -1  -2  -1   0   0  -2  -1  -2    2   1   7   1   0   1   1   1   0   1   2  75   0   1   1   1   1   0   1   1  0.34 0.00
   33 P     2  -1  -1   0  -1  -1  -1  -1  -1  -2  -2  -1  -1  -2   4   1   0  -3  -2  -1   43   1   0   6   0   0   1   1   0   1   1   1   0   0  28  16   1   0   0   1  0.46 0.00
   34 A     3  -1  -1  -1  -1  -1  -1   1  -1  -1  -1  -1  -1  -2  -1   1   0  -2  -2   0   75   1   0   1   0   0   1   7   0   1   1   1   0   0   1   6   6   0   0   1  0.30 0.00
   35 D     0  -1   1   5  -3   0   1   0  -1  -3  -3   1  -2  -3  -1   0  -1  -3  -2  -2    6   1   0  60   0   0   5   7   0   1   1  10   0   0   1   6   1   0   0   1  0.47 0.00
   36 S     2  -1   0   1  -1   0   0  -1  -1  -2  -2   0  -1  -2  -1   3   2  -3  -2  -1   18   0   0   6   0   0   0   0   0   0   0   0   0   0   0  52  24   0   0   0  0.33 0.00
   37 G     1  -1   0  -1  -2  -1  -1   4  -1  -3  -3  -1  -2  -3  -1   3   0  -3  -2  -2    0   0   0   0   0   0   0  51   0   0   0   0   0   0   0  49   0   0   0   0  0.54 0.01
   38 S     1  -1   1   1  -1   0   1   0  -1  -2  -2   0  -2  -2  -1   3   1  -3  -2  -2    4   0   6   5   0   0  10   0   0   0   1   0   0   0   0  70   0   0   0   0  0.34 0.01
   39 S     1  -1   0   0  -1   0   0   1  -1  -2  -2   0  -1  -2  -1   4   1  -2  -2  -2    1   1   1   1   0   1   1   6   0   1   1   1   0   0   1  84   1   0   0   1  0.37 0.01
   40 E    -1   0   0   2  -3   1   4   1   0  -3  -2   0  -2  -3  -1   0  -1  -2  -2  -2    1   1   1  11   0   1  61  15   0   1   2   1   0   1   1   1   1   0   1   1  0.41 0.00
   41 V     2  -1  -1   1  -1  -1  -1   2  -1   0  -1  -1  -1  -2  -1   1   0  -2  -2   1   42   1   1  11   0   1   1  15   0   1   2   1   0   1   1   5   1   0   1  16  0.15 0.00
   42 K    -1   2   0  -1  -3   2   1  -1  -1  -3  -2   4  -1  -3  -1   0  -1  -3  -2  -2    0   0   0   0   0   8   0   0   0   0   1  87   0   0   0   0   0   0   0   0  0.47 0.01
   43 E    -1   0   2   1  -3   1   4  -2   0  -3  -3   0  -2  -3  -1   1   0  -3  -2  -2    0   0  20   0   0   0  69   0   0   0   0   0   0   0   0  11   0   0   0   0  0.54 0.01
   44 L    -1  -3  -3  -3  -1  -2  -3  -4  -3   3   3  -3   2   0  -3  -2  -1  -2  -1   2    0   0   0   0   0   0   0   0   0  37  48   0   0   0   0   0   0   0   0  15  0.35 0.00
   45 T     0  -1   0  -1  -1  -1  -1  -2  -2  -1  -1  -1  -1  -2  -1   1   5  -3  -2   0    0   0   0   0   0   0   0   0   0   0   0   0   0   0   0   0 100   0   0   0  0.50 0.01
   46 V     0  -2  -3  -3  -1  -2  -3  -3  -2   1   1  -2   1   4  -3  -2  -1  -1   1   2   10   0   0   0   0   0   0   0   0   0  16   0   0  34   0   0   0   0   0  39  0.24 0.00
   47 Y    -2  -2  -2  -3  -3  -2  -2  -3   2  -1  -1  -2  -1   3  -3  -2  -2   2   7  -1    0   0   0   0   0   0   0   0   0   0   0   0   0   0   0   0   0   0 100   0  0.91 0.01
   48 V     0  -3  -3  -3  -1  -2  -3  -3  -3   3   1  -2   1  -1  -2  -2   0  -3  -1   4    0   0   0   0   0   0   0   0   0   0   0   0   0   0   0   0   0   0   0 100  0.37 0.01
   49 D    -1   0   0   3  -4   1   4  -2   0  -3  -3   0  -2  -3  -1   0  -1  -3  -2  -3    0   0   0  25   0   0  75   0   0   0   0   0   0   0   0   0   0   0   0   0  0.69 0.01
   50 E    -1   0   0   4  -4   1   4  -2  -1  -3  -3   1  -2  -3  -1   0  -1  -3  -2  -3    0   0   0  44   0   0  46   0   0   0   0  10   0   0   0   0   0   0   0   0  0.63 0.01
   51 G    -1   0   0  -1  -3   5   1   2   0  -3  -3   1  -1  -3  -2   0  -1  -2  -2  -2    0   0   0   0   0  75   0  25   0   0   0   0   0   0   0   0   0   0   0   0  0.52 0.01
   52 Y    -2  -2  -2  -3  -3  -2  -2  -3   2  -1  -1  -2  -1   3  -3  -2  -2   2   7  -1    0   0   0   0   0   0   0   0   0   0   0   0   0   0   0   0   0   0 100   0  0.91 0.01
   53 K    -1   2   0   0  -3   1   2  -2  -1  -3  -3   4  -1  -3  -1   0  -1  -3  -2  -2    0   0   0   0   0   0  10   0   0   0   0  90   0   0   0   0   0   0   0   0  0.51 0.01
   54 S     3  -1   0  -1  -1  -1  -1   1  -1  -2  -2  -1  -1  -2   1   2   0  -3  -2  -1   55   0   5   0   0   0   0  10   0   0   0   0   0   0   5  25   0   0   0   0  0.31 0.00
   55 Y    -2  -2  -2  -3  -2  -2  -2  -3   1  -1  -1  -2  -1   4  -3  -2  -2   2   6  -1    0   0   0   0   0   0   0   0   0   0   0   0   0  24   0   0   0   0  76   0  0.79 0.01
   56 I     2  -2  -2  -2  -1  -1  -2  -1  -2   1   1  -1   3  -1  -2   0   0  -2  -1   1   50   0   0   0   0   0   0   0   0  19   0   0  30   0   0   0   0   0   0   0  0.18 0.01
   57 E    -1   0   0   1  -4   2   5  -2   0  -3  -3   1  -2  -3  -1   0  -1  -3  -2  -2    0   0   0   0   0   5  85   0   0   0   0  10   0   0   0   0   0   0   0   0  0.67 0.01
   58 E     0   1   0   0  -2   1   2  -1  -1  -2  -2   3  -1  -3  -1   1   1  -3  -2  -2    0   0   0   0   0   0  25   0   0   0   0  43   0   0   0  20  12   0   0   0  0.33 0.00
   59 V     3  -2  -2  -2  -1  -1  -2  -1  -2   1   0  -1   0  -2  -2   0   0  -3  -2   2   51   0   0   0   0   0   0   0   0   0   0   0   0   0   0   0   0   0   0  49  0.22 0.00
   60 A     4  -1  -2  -2   0  -1  -1   0  -2  -1  -2  -1  -1  -2  -1   1   0  -3  -2   0  100   0   0   0   0   0   0   0   0   0   0   0   0   0   0   0   0   0   0   0  0.42 0.01
   61 K     2   1  -1   0  -2   1   0  -1  -1  -2  -2   3  -1  -3  -1   0   0  -3  -2  -1   38   0   0   5   0   4   0   0   0   0   0  53   0   0   0   0   0   0   0   0  0.28 0.00
   62 A     4  -1  -2  -2   0  -1  -1   0  -2  -1  -2  -1  -1  -2  -1   1   0  -3  -2   0  100   0   0   0   0   0   0   0   0   0   0   0   0   0   0   0   0   0   0   0  0.42 0.01
   63 Y    -2  -2  -2  -3  -2  -2  -2  -3   1  -1  -1  -2  -1   4  -3  -2  -2   2   6  -1    0   0   0   0   0   0   0   0   0   0   0   0   0  31   0   0   0   0  69   0  0.76 0.01
   64 E    -1   0   0   1  -4   2   5  -2   0  -3  -3   1  -2  -3  -1   0  -1  -3  -2  -3    0   0   0   0   0   0  92   0   0   0   0   8   0   0   0   0   0   0   0   0  0.70 0.01
   65 K    -1   2   0  -1  -3   1   1  -2  -1  -3  -3   5  -1  -3  -1   0  -1  -3  -2  -2    0   0   0   0   0   0   8   0   0   0   0  92   0   0   0   0   0   0   0   0  0.52 0.01
   66 E    -1   0   0   2  -4   2   5  -2   0  -3  -3   1  -2  -3  -1   0  -1  -3  -2  -3    0   0   0   4   0   8  88   0   0   0   0   0   0   0   0   0   0   0   0   0  0.70 0.01
   67 A     2  -1   0  -1  -1   0   0   0  -1  -2  -2   0  -1  -2  -1   3   2  -3  -2  -1   23   0   0   0   0   0   0   0   0   0   0   0   0   0   0  56  20   0   0   0  0.35 0.00
   68 G     0  -2   0  -1  -3  -2  -2   6  -2  -4  -4  -2  -3  -3  -2   0  -2  -3  -3  -3    0   0   0   0   0   0   0 100   0   0   0   0   0   0   0   0   0   0   0   0  1.06 0.01
   69 V     1  -2  -1  -2  -1  -1  -1  -2  -2   1   0  -1   0  -2  -2   1   3  -3  -2   2    6   0   0   0   0   0   0   0   0   0   0   0   0   0   0  10  44   0   0  39  0.22 0.00
   70 K    -1   2   0  -1  -3   1   1  -2  -1  -3  -2   4  -1  -3  -1   0   0  -3  -2  -2    0   0   0   0   0   0   0   0   0   0   0  92   0   0   0   0   8   0   0   0  0.48 0.01
   71 V     0  -3  -3  -3  -1  -2  -3  -3  -3   3   1  -2   1  -1  -2  -2   0  -3  -1   4    0   0   0   0   0   0   0   0   0   0   0   0   0   0   0   0   0   0   0 100  0.37 0.01
   72 T     0  -1   3   0  -1  -1  -1  -1  -1  -1  -2  -1  -1  -2  -1   1   4  -3  -2  -1    0   0  24   0   0   0   0   0   0   0   0   0   0   0   0   0  76   0   0   0  0.41 0.01
   73 L    -1  -3  -3  -3  -1  -3  -3  -4  -3   4   2  -3   1   0  -3  -2  -1  -2  -1   2    0   0   0   0   0   0   0   0   0  85  15   0   0   0   0   0   0   0   0   0  0.39 0.01
   74 K    -1   2   0  -1  -3   1   1  -2  -1  -3  -3   5  -1  -3  -1   0  -1  -3  -2  -2    0   0   0   0   0   0   0   0   0   0   0 100   0   0   0   0   0   0   0   0  0.54 0.01
   75 T     0  -1   0  -1  -1  -1  -1  -1  -2  -1  -2  -1  -1  -2  -1   2   4  -3  -2   0    0   0   0   0   0   0   0   0   0   0   0   0   0   0   0  24  76   0   0   0  0.43 0.01
   76 G     0  -2   0  -1  -3  -2  -2   6  -2  -4  -4  -2  -3  -3  -2   0  -2  -3  -3  -3    0   0   0   0   0   0   0 100   0   0   0   0   0   0   0   0   0   0   0   0  1.06 0.01
   77 D    -2  -2   1   6  -4   0   1  -1  -1  -3  -4  -1  -3  -4  -2   0  -1  -4  -3  -3    0   0   0 100   0   0   0   0   0   0   0   0   0   0   0   0   0   0   0   0  0.96 0.01
   78 A     1   0   0  -1  -2   5   1  -1   0  -2  -2   1  -1  -3  -1   0  -1  -2  -2  -2   25   0   0   0   0  75   0   0   0   0   0   0   0   0   0   0   0   0   0   0  0.47 0.01
   79 L    -1  -2  -3  -4  -1  -2  -3  -3  -2   1   4  -2   4   0  -3  -2  -1  -2  -1   1    0   0   0   0   0   0   0   0   0   0  70   0  30   0   0   0   0   0   0   0  0.39 0.01
   80 G     0  -1   0  -1  -2  -1  -1   5  -2  -3  -3   1  -2  -3  -2   0   0  -3  -3  -2    0   0   0   0   0   0   0  73   0   0   0  15   0   0   0   0  12   0   0   0  0.66 0.01
   81 G     0  -2   0  -1  -3  -2  -2   6  -2  -4  -4  -2  -3  -3  -2   0  -2  -3  -3  -3    0   0   0   0   0   0   0 100   0   0   0   0   0   0   0   0   0   0   0   0  1.06 0.01
   82 L    -2  -2  -3  -4  -1  -2  -3  -4  -3   2   4  -3   2   0  -3  -3  -1  -2  -1   1    0   0   0   0   0   0   0   0   0   0 100   0   0   0   0   0   0   0   0   0  0.47 0.01
   83 D    -2  -1   1   5  -4   0   3  -2  -1  -3  -4   0  -3  -4  -1   0  -1  -4  -3  -3    0   0   0  79   0   0  21   0   0   0   0   0   0   0   0   0   0   0   0   0  0.81 0.01
   84 K    -1   1   4   0  -3   1   0  -1   0  -3  -3   3  -2  -3  -2   0   0  -3  -2  -3    0   0  53   0   0   0   0   0   0   0   0  47   0   0   0   0   0   0   0   0  0.47 0.01
   85 L    -2  -2  -3  -4  -1  -2  -3  -4  -3   2   4  -3   2   0  -3  -3  -1  -2  -1   1    0   0   0   0   0   0   0   0   0   0 100   0   0   0   0   0   0   0   0   0  0.47 0.01
   86 S     1  -1   1   0  -1   0   0   0  -1  -2  -3   0  -2  -2  -1   4   1  -3  -2  -2    0   0   0   0   0   0   0   0   0   0   0   0   0   0   0 100   0   0   0   0  0.48 0.01
   87 L    -2  -2  -3  -4  -1  -2  -3  -4  -3   2   4  -3   2   0  -3  -3  -1  -2  -1   1    0   0   0   0   0   0   0   0   0   0 100   0   0   0   0   0   0   0   0   0  0.47 0.01
   88 D    -2  -2   1   6  -4   0   1  -1  -1  -3  -4  -1  -3  -4  -2   0  -1  -4  -3  -3    0   0   0 100   0   0   0   0   0   0   0   0   0   0   0   0   0   0   0   0  0.96 0.01
   89 N    -2  -1   6   1  -3   0   0   0   1  -3  -3   0  -2  -3  -2   1   0  -4  -2  -3    0   0 100   0   0   0   0   0   0   0   0   0   0   0   0   0   0   0   0   0  0.76 0.01
   90 Q    -1   1   0   0  -3   6   2  -2   0  -3  -2   1  -1  -3  -1   0  -1  -2  -2  -2    0   0   0   0   0 100   0   0   0   0   0   0   0   0   0   0   0   0   0   0  0.69 0.01
   91 S     1  -1   1   0  -1   0   0   0  -1  -2  -3   0  -2  -2  -1   4   1  -3  -2  -2    0   0   0   0   0   0   0   0   0   0   0   0   0   0   0 100   0   0   0   0  0.48 0.01
   92 G     0  -2   0  -1  -3  -2  -2   6  -2  -4  -4  -2  -3  -3  -2   0  -2  -3  -3  -3    0   0   0   0   0   0   0 100   0   0   0   0   0   0   0   0   0   0   0   0  1.06 0.01
   93 N    -1   1   2   1  -3   3   1  -1   0  -3  -3   4  -1  -3  -1   0  -1  -3  -2  -2    0   0  15   4   0  24   0   0   0   0   0  57   0   0   0   0   0   0   0   0  0.41 0.01
   94 V     4  -2  -2  -2  -1  -1  -1   0  -2   0  -1  -1  -1  -2  -1   1   0  -3  -2   1   79   0   0   0   0   0   0   0   0   0   0   0   0   0   0   6   0   0   0  15  0.30 0.01
   95 P     2  -2  -2  -2  -2  -1  -1  -1  -2  -2  -2  -1  -2  -3   6   0  -1  -3  -3  -1   36   0   0   0   0   0   0   0   0   0   0   0   0   0  64   0   0   0   0   0  1.16 0.01
   96 D    -2  -2   1   6  -4   0   1  -1  -1  -3  -4  -1  -3  -4  -2   0  -1  -4  -3  -3    0   0   0 100   0   0   0   0   0   0   0   0   0   0   0   0   0   0   0   0  0.96 0.01
   97 V     0  -3  -3  -3  -1  -2  -3  -3  -3   3   1  -2   1  -1  -2  -2   0  -3  -1   4    0   0   0   0   0   0   0   0   0   4   0   0   0   0   0   0   0   0   0  96  0.37 0.01
   98 M    -1  -2  -2  -3  -2  -1  -2  -3  -2   1   2  -2   6   0  -3  -2  -1  -2  -1   1    0   0   0   0   0   0   0   0   0   0  10   0  90   0   0   0   0   0   0   0  0.38 0.01
   99 M    -1  -1  -2  -3  -2  -1  -2  -3  -2   1   2  -1   6   0  -3  -2  -1  -2  -1   1    0   0   0   0   0   0   0   0   0   0   0   0 100   0   0   0   0   0   0   0  0.40 0.01
  100 A     4  -1  -1  -1  -1  -1  -1   0  -2  -2  -2  -1  -1  -2  -1   2   0  -3  -2   0   79   0   0   0   0   0   0   0   0   0   0   0   0   0   0  21   0   0   0   0  0.37 0.01
  101 P    -1  -2  -2  -2  -3  -1  -1  -2  -2  -3  -3  -1  -3  -4   8  -1  -1  -4  -3  -2    0   0   0   0   0   0   0   0   0   0   0   0   0   0 100   0   0   0   0   0  2.07 0.01
  102 Y    -2  -2  -2  -3  -3  -2  -2  -3   2  -1  -1  -2  -1   3  -3  -2  -2   2   7  -1    0   0   0   0   0   0   0   0   0   0   0   0   0   0   0   0   0   0 100   0  0.91 0.01
  103 D    -2  -2   1   6  -4   0   1  -1  -1  -3  -4  -1  -3  -4  -2   0  -1  -4  -3  -3    0   0   0 100   0   0   0   0   0   0   0   0   0   0   0   0   0   0   0   0  0.96 0.01
  104 R    -1   6  -1  -2  -4   1   0  -2   0  -3  -2   2  -1  -3  -2  -1  -1  -3  -2  -3    0 100   0   0   0   0   0   0   0   0   0   0   0   0   0   0   0   0   0   0  0.78 0.01
  105 V     0  -3  -3  -3  -1  -2  -3  -3  -3   3   1  -2   1  -1  -2  -2   0  -3  -1   4    0   0   0   0   0   0   0   0   0   0   0   0   0   0   0   0   0   0   0 100  0.37 0.01
  106 G     0  -2   0  -1  -3  -2  -2   6  -2  -4  -4  -2  -3  -3  -2   0  -2  -3  -3  -3    0   0   0   0   0   0   0 100   0   0   0   0   0   0   0   0   0   0   0   0  1.06 0.01
  107 S     1  -1   1   0  -1   0   0   0  -1  -2  -3   0  -2  -2  -1   4   1  -3  -2  -2    0   0   0   0   0   0   0   0   0   0   0   0   0   0   0 100   0   0   0   0  0.48 0.01
  108 L    -2  -2  -3  -4  -1  -2  -3  -4  -3   2   4  -3   2   0  -3  -3  -1  -2  -1   1    0   0   0   0   0   0   0   0   0   0 100   0   0   0   0   0   0   0   0   0  0.47 0.01
  109 G     0  -2   0  -1  -3  -2  -2   6  -2  -4  -4  -2  -3  -3  -2   0  -2  -3  -3  -3    0   0   0   0   0   0   0 100   0   0   0   0   0   0   0   0   0   0   0   0  1.06 0.01
  110 S     1  -1   0  -1  -1   0  -1  -1  -1  -1  -2   0  -1  -2  -1   2   4  -3  -2  -1    6   0   0   0   0   0   0   0   0   0   0   4   0   0   0  29  61   0   0   0  0.36 0.01
  111 D    -2  -2   1   6  -4   0   1  -1  -1  -3  -4  -1  -3  -4  -2   0  -1  -4  -3  -3    0   0   0 100   0   0   0   0   0   0   0   0   0   0   0   0   0   0   0   0  0.96 0.01
  112 G     0  -2   0  -1  -3  -2  -2   6  -2  -4  -4  -2  -3  -3  -2   0  -2  -3  -3  -3    0   0   0   0   0   0   0 100   0   0   0   0   0   0   0   0   0   0   0   0  1.06 0.01
  113 Q    -1   1   0   0  -3   6   2  -2   0  -3  -2   1  -1  -3  -1   0  -1  -2  -2  -2    0   0   0   0   0 100   0   0   0   0   0   0   0   0   0   0   0   0   0   0  0.69 0.01
  114 L    -2  -2  -3  -4  -1  -2  -3  -4  -3   2   4  -3   2   0  -3  -3  -1  -2  -1   1    0   0   0   0   0   0   0   0   0   0 100   0   0   0   0   0   0   0   0   0  0.47 0.01
  115 S     1  -1   2   0  -1   0   0   0  -1  -2  -3   0  -2  -2  -1   4   1  -3  -2  -2    6   0  10   0   0   0   0   0   0   0   0   0   0   0   0  84   0   0   0   0  0.42 0.01
  116 E    -1   0   0   1  -4   2   5  -2   0  -3  -3   1  -2  -3  -1   0  -1  -3  -2  -3    0   0   0   0   0   0 100   0   0   0   0   0   0   0   0   0   0   0   0   0  0.76 0.01
  117 V     0  -3  -3  -3  -1  -2  -3  -3  -3   3   1  -2   1  -1  -2  -2   0  -3  -1   4    0   0   0   0   0   0   0   0   0   0   0   0   0   0   0   0   0   0   0 100  0.37 0.01
  118 K    -1   2   0  -1  -3   1   1  -2  -1  -2  -2   4  -1  -3  -1   0   1  -3  -2  -2    0   0   0   0   0   0   6   0   0   0   0  74   0   0   0   0  20   0   0   0  0.39 0.01
  119 L    -2  -2  -3  -4  -1  -2  -3  -4  -3   2   4  -3   2   0  -3  -3  -1  -2  -1   1    0   0   0   0   0   0   0   0   0   0 100   0   0   0   0   0   0   0   0   0  0.47 0.01
  120 S     1  -1   1   2  -1   0   1   1  -1  -3  -3   0  -2  -3  -1   3   1  -3  -2  -2    0   0   0  15   0   0   6  10   0   0   0   0   0   0   0  69   0   0   0   0  0.37 0.01
  121 D    -1   0   1   5  -3   0   1  -1  -1  -3  -3   2  -2  -3  -1   0  -1  -4  -3  -3    0   0   0  63   0   0   0   0   0   0   0  37   0   0   0   0   0   0   0   0  0.59 0.01
  122 G     0  -2   0   1  -3  -1   0   5  -2  -4  -4  -1  -3  -3  -2   0  -2  -3  -3  -3    0   0   0  11   0   0   6  83   0   0   0   0   0   0   0   0   0   0   0   0  0.82 0.01
  123 A     3  -1  -1  -1  -1  -1  -1   1  -1  -2  -2  -1  -1  -2  -1   2   0  -3  -2  -1   69   0   0   0   0   0   0   6   0   0   0   0   0   0   0  25   0   0   0   0  0.35 0.01
  124 K    -1   2  -1  -1  -3   1   0  -2  -1  -1  -1   4   2  -2  -1   0  -1  -3  -2  -1    0   0   0   0   0   0   0   0   0   0   0  79  21   0   0   0   0   0   0   0  0.34 0.01
  125 T     1  -1   0  -1  -1  -1  -1  -1  -2  -1  -1  -1  -1  -2  -1   1   4  -3  -2   0   12   0   0   0   0   0   0   0   0   0   0   0   0   0   0   0  88   0   0   0  0.43 0.01
  126 D    -2  -2   1   6  -4   0   2  -1  -1  -3  -4  -1  -3  -4  -2   0  -1  -4  -3  -3    0   0   0  96   0   0   4   0   0   0   0   0   0   0   0   0   0   0   0   0  0.93 0.01
  127 D    -2  -1   2   6  -3   0   1  -1  -1  -3  -4   1  -3  -4  -2   0  -1  -4  -3  -3    0   0   4  86   0   0   0   0   0   0   0  10   0   0   0   0   0   0   0   0  0.79 0.01
  128 T     0   0   0  -1  -1   0   0  -2  -1  -1  -2   2  -1  -2  -1   1   4  -3  -2  -1    4   0   0   0   0   0   0   0   0   0   0  32   0   0   0   0  64   0   0   0  0.32 0.01
  129 T     0  -1   0  -1  -1  -1  -1  -2  -2  -1  -1  -1  -1  -2  -1   1   5  -3  -2   0    0   0   0   0   0   0   0   0   0   0   0   0   0   0   0   0 100   0   0   0  0.50 0.01
  130 K    -1   2   0   0  -3   1   2  -2  -1  -3  -3   4  -1  -3  -1   0  -1  -3  -2  -2    0   0   0   0   0   0  10   0   0   0   0  90   0   0   0   0   0   0   0   0  0.51 0.01
  131 S     2  -1   0   0  -1   0   0   0  -1  -2  -2   0  -1  -2  -1   4   1  -3  -2  -1   15   0   0   0   0   0   0   0   0   0   0   0   0   0   0  85   0   0   0   0  0.42 0.01
  132 L    -2  -2  -3  -4  -1  -2  -3  -4  -3   2   4  -3   2   0  -3  -3  -1  -2  -1   1    0   0   0   0   0   0   0   0   0   0 100   0   0   0   0   0   0   0   0   0  0.47 0.01
  133 V     0  -3  -3  -3  -1  -2  -3  -3  -3   3   1  -2   1  -1  -2  -2   0  -3  -1   4    0   0   0   0   0   0   0   0   0   0   0   0   0   0   0   0   0   0   0 100  0.37 0.01
  134 T     0  -1   0  -1  -1  -1  -1  -2  -2  -1  -1  -1  -1  -2  -1   1   5  -3  -2   0    0   0   0   0   0   0   0   0   0   0   0   0   0   0   0   0 100   0   0   0  0.50 0.01
  135 A     3  -2  -1  -2  -1  -1  -1  -1  -2   1  -1  -1   0  -2  -1   1   2  -3  -2   1   52   0   0   0   0   0   0   0   0  11   0   0   0   0   0   0  23   0   0  14  0.21 0.00
  136 A     3  -1  -1  -1  -1  -1  -1   2  -1  -1  -1  -1  -1  -2  -1   1   0  -2  -1  -1   57   1   1   1   0   1   2  21   1   1   2   1   1   1   1   2   1   0   1   2  0.25 0.00
  137 N    -1   0   2   4  -2   0   1  -1  -1  -2  -2   1  -2  -2  -1   0  -1  -3  -2  -2    2   1  16  47   0   1   6   1   0   1   2  16   0   1   1   1   1   0   1   1  0.40 0.00
  138 G     0  -2   0  -1  -3  -2  -2   6  -2  -4  -4  -2  -3  -3  -2   0  -2  -3  -3  -3    0   0   0   0   0   0   0 100   0   0   0   0   0   0   0   0   0   0   0   0  1.06 0.01
  139 K    -1   2   0  -1  -3   1   1  -2  -1  -2  -2   4  -1  -3  -1   0   1  -3  -2  -2    0   0   0   0   0   0   0   0   0   0   0  88   0   0   0   0  12   0   0   0  0.45 0.01
  140 V     0  -2  -2  -2  -1  -2  -2  -3  -3   2   0  -2   0  -1  -2   0   2  -3  -1   3    0   0   0   0   0   0   0   0   0   0   0   0   0   0   0   0  32   0   0  68  0.26 0.01
  141 Y    -2  -2  -2  -3  -3  -2  -2  -3   2  -1  -1  -2  -1   3  -3  -2  -2   2   7  -1    0   0   0   0   0   0   0   0   0   0   0   0   0   0   0   0   0   0 100   0  0.91 0.01
  142 G     0  -2   0  -1  -3  -2  -2   6  -2  -4  -4  -2  -3  -3  -2   0  -2  -3  -3  -3    0   0   0   0   0   0   0 100   0   0   0   0   0   0   0   0   0   0   0   0  1.06 0.01
  143 A     4  -1  -2  -2   0  -1  -1   0  -2  -1  -2  -1  -1  -2  -1   1   0  -3  -2   0  100   0   0   0   0   0   0   0   0   0   0   0   0   0   0   0   0   0   0   0  0.42 0.01
  144 P    -1  -2  -2  -2  -3  -1  -1  -2  -2  -3  -3  -1  -3  -4   8  -1  -1  -4  -3  -2    0   0   0   0   0   0   0   0   0   0   0   0   0   0 100   0   0   0   0   0  2.07 0.01
  145 A     4  -1  -2  -2   0  -1  -1   0  -2  -1  -2  -1  -1  -2  -1   1   0  -3  -2   0  100   0   0   0   0   0   0   0   0   0   0   0   0   0   0   0   0   0   0   0  0.42 0.01
  146 V     0  -3  -3  -3  -1  -2  -3  -3  -3   3   1  -2   1  -1  -2  -2   0  -3  -1   4    0   0   0   0   0   0   0   0   0   0   0   0   0   0   0   0   0   0   0 100  0.37 0.01
  147 I    -1  -3  -3  -3  -1  -3  -3  -4  -3   4   1  -3   1   0  -3  -2  -1  -3  -1   3    0   0   0   0   0   0   0   0   0  96   0   0   0   0   0   0   0   0   0   4  0.41 0.01
  148 E    -1   0   0   1  -4   2   5  -2   0  -3  -3   1  -2  -3  -1   0  -1  -3  -2  -3    0   0   0   0   0   0 100   0   0   0   0   0   0   0   0   0   0   0   0   0  0.76 0.01
  149 S     1  -1   0  -1  -1   0   0  -1  -1  -2  -2   0  -1  -2  -1   3   3  -3  -2  -1    0   0   0   0   0   0   0   0   0   0   0   0   0   0   0  63  37   0   0   0  0.40 0.01
  150 L    -2  -2  -3  -4  -1  -2  -3  -4  -3   2   4  -3   2   0  -3  -3  -1  -2  -1   1    0   0   0   0   0   0   0   0   0   0 100   0   0   0   0   0   0   0   0   0  0.47 0.01
  151 V     0  -3  -3  -3  -1  -2  -3  -3  -3   3   1  -2   1  -1  -2  -2   0  -3  -1   4    0   0   0   0   0   0   0   0   0   0   0   0   0   0   0   0   0   0   0 100  0.37 0.01
  152 M    -1  -1  -2  -3  -2  -1  -2  -3  -2   1   2  -1   6   0  -3  -2  -1  -2  -1   1    0   0   0   0   0   0   0   0   0   0   4   0  96   0   0   0   0   0   0   0  0.39 0.01
  153 Y    -2  -2  -2  -3  -3  -2  -2  -3   2  -1  -1  -2  -1   3  -3  -2  -2   2   7  -1    0   0   0   0   0   0   0   0   0   0   0   0   0   0   0   0   0   0 100   0  0.91 0.01
  154 Y    -2  -2  -2  -3  -3  -2  -2  -3   2  -1  -1  -2  -1   3  -3  -2  -2   2   7  -1    0   0   0   0   0   0   0   0   0   0   0   0   0   0   0   0   0   0 100   0  0.91 0.01
  155 N    -2  -1   6   1  -3   0   0   0   1  -3  -3   0  -2  -3  -2   1   0  -4  -2  -3    0   0 100   0   0   0   0   0   0   0   0   0   0   0   0   0   0   0   0   0  0.76 0.01
  156 K    -1   2   0  -1  -3   1   1  -2  -1  -3  -3   5  -1  -3  -1   0  -1  -3  -2  -2    0   0   0   0   0   0   0   0   0   0   0 100   0   0   0   0   0   0   0   0  0.54 0.01
  157 D    -2  -2   1   6  -4   0   2  -1  -1  -3  -4  -1  -3  -4  -2   0  -1  -4  -3  -3    0   0   0  96   0   0   4   0   0   0   0   0   0   0   0   0   0   0   0   0  0.93 0.01
  158 L    -2  -2  -3  -4  -1  -2  -3  -4  -3   2   4  -3   2   0  -3  -3  -1  -2  -1   1    0   0   0   0   0   0   0   0   0   0 100   0   0   0   0   0   0   0   0   0  0.47 0.01
  159 V    -1  -3  -3  -3  -1  -2  -3  -3  -3   3   2  -2   1   0  -3  -2   0  -3  -1   3    0   0   0   0   0   0   0   0   0  29  16   0   0   0   0   0   0   0   0  55  0.33 0.00
  160 K     0   1   0  -1  -2   1   1  -1  -1  -3  -2   4  -1  -3  -1   2   0  -3  -2  -2    0   0   0   0   0   6   0   0   0   0   0  60   0   0   0  35   0   0   0   0  0.37 0.01
  161 D    -1   1   0   3  -3   1   4  -2  -1  -3  -3   2  -2  -3  -1   0  -1  -3  -2  -3    0   0   0  23   0   0  46   0   0   0   0  30   0   0   0   0   0   0   0   0  0.51 0.00
  162 A     4  -2  -2  -2   0  -1  -1   0  -2  -1  -1  -1  -1  -2  -1   1   0  -3  -2   0   96   0   0   0   0   0   0   0   0   0   0   0   0   0   0   0   0   0   0   4  0.39 0.01
  163 P    -1  -2  -2  -2  -3  -1  -1  -2  -2  -3  -3  -1  -3  -4   8  -1  -1  -4  -3  -2    0   0   0   0   0   0   0   0   0   0   0   0   0   0 100   0   0   0   0   0  2.07 0.01
  164 K    -1   1   0  -1  -2   1   0  -2  -1  -2  -2   4  -1  -3  -1   0   2  -3  -2  -1    0   0   0   0   0   0   0   0   0   0   0  70   0   0   0   0  30   0   0   0  0.37 0.01
  165 T     0  -1   0  -1  -1  -1  -1  -2  -2  -1  -1  -1  -1  -2  -1   1   5  -3  -2   0    0   0   0   0   0   0   0   0   0   0   0   0   0   0   0   0 100   0   0   0  0.50 0.01
  166 F    -2  -3  -3  -4  -2  -3  -3  -3  -1   0   0  -3   0   6  -4  -2  -2   1   3  -1    0   0   0   0   0   0   0   0   0   0   0   0   0 100   0   0   0   0   0   0  0.78 0.01
  167 A     4  -2  -1  -2  -1  -1  -1   1  -2  -2  -2  -1  -1  -2  -1   1   0  -3  -2   0   92   0   0   0   0   0   0   8   0   0   0   0   0   0   0   0   0   0   0   0  0.40 0.01
  168 D    -1  -1   1   5  -4   1   4  -2  -1  -3  -3   0  -3  -3  -1   0  -1  -4  -3  -3    0   0   0  51   0   0  49   0   0   0   0   0   0   0   0   0   0   0   0   0  0.70 0.01
  169 L    -1  -2  -3  -4  -1  -2  -3  -4  -3   2   4  -3   2   0  -3  -2  -1  -2  -1   1    0   0   0   0   0   0   0   0   0   0  94   0   0   0   0   0   0   0   0   6  0.44 0.01
  170 E    -1   0   0   1  -4   2   5  -2   0  -3  -3   1  -2  -3  -1   0  -1  -3  -2  -3    0   0   0   0   0   0 100   0   0   0   0   0   0   0   0   0   0   0   0   0  0.76 0.01
  171 N    -1   0   4   1  -3   1   4  -1   0  -3  -3   0  -2  -3  -2   0   0  -3  -2  -3    0   0  47   0   0   0  53   0   0   0   0   0   0   0   0   0   0   0   0   0  0.56 0.01
  172 L    -2  -2  -3  -4  -1  -2  -3  -4  -3   2   4  -3   2   0  -3  -3  -1  -2  -1   1    0   0   0   0   0   0   0   0   0   0 100   0   0   0   0   0   0   0   0   0  0.47 0.01
  173 A     4  -1  -2  -2   0  -1  -1   0  -2  -1  -2  -1  -1  -2  -1   1   0  -3  -2   0  100   0   0   0   0   0   0   0   0   0   0   0   0   0   0   0   0   0   0   0  0.42 0.01
  174 K    -1   2   0  -1  -3   1   1  -2  -1  -3  -3   5  -1  -3  -1   0  -1  -3  -2  -2    0   0   0   0   0   0   0   0   0   0   0 100   0   0   0   0   0   0   0   0  0.54 0.01
  175 D    -2  -2   1   6  -4   0   1  -1  -1  -3  -4  -1  -3  -4  -2   0  -1  -4  -3  -3    0   0   0 100   0   0   0   0   0   0   0   0   0   0   0   0   0   0   0   0  0.96 0.01
  176 S     1  -1   1   0  -1   0   0   0  -1  -2  -3   0  -2  -2  -1   4   1  -3  -2  -2    0   0   0   0   0   0   0   0   0   0   0   0   0   0   0 100   0   0   0   0  0.48 0.01
  177 K    -1   2   0  -1  -3   1   1  -2  -1  -3  -3   5  -1  -3  -1   0  -1  -3  -2  -2    0   0   0   0   0   0   0   0   0   0   0 100   0   0   0   0   0   0   0   0  0.54 0.01
  178 Y    -2  -2  -2  -3  -3  -2  -2  -3   2  -1  -1  -2  -1   3  -3  -2  -2   2   7  -1    0   0   0   0   0   0   0   0   0   0   0   0   0   0   0   0   0   0 100   0  0.91 0.01
  179 A     4  -1   1  -1  -1  -1  -1   0  -1  -2  -2  -1  -1  -2  -1   1   0  -3  -2   0   89   0  11   0   0   0   0   0   0   0   0   0   0   0   0   0   0   0   0   0  0.35 0.01
  180 F    -2  -3  -3  -4  -2  -3  -3  -3  -1   0   0  -3   0   6  -4  -2  -2   1   3  -1    0   0   0   0   0   0   0   0   0   0   0   0   0 100   0   0   0   0   0   0  0.78 0.01
  181 A     4  -1  -1  -1  -1   0   1   0  -1  -2  -2  -1  -1  -2  -1   1   0  -3  -2   0   89   0   0   0   0   0  11   0   0   0   0   0   0   0   0   0   0   0   0   0  0.36 0.01
  182 G     0  -2   2  -1  -3  -2  -2   5  -2  -4  -4  -1  -3  -3  -2   0  -1  -3  -3  -3    0   0  15   0   0   0   0  85   0   0   0   0   0   0   0   0   0   0   0   0  0.87 0.01
  183 E    -1   0   0   1  -4   2   5  -2   0  -3  -3   1  -2  -3  -1   0  -1  -3  -2  -3    0   0   0   0   0   0 100   0   0   0   0   0   0   0   0   0   0   0   0   0  0.76 0.01
  184 D    -2  -1   3   5  -3   0   1  -1  -1  -3  -4  -1  -3  -3  -2   0  -1  -4  -3  -3    0   0  16  79   0   0   0   0   0   0   0   0   0   0   0   5   0   0   0   0  0.77 0.01
  185 G     0  -2   0  -1  -3  -2  -2   6  -2  -4  -4  -2  -3  -3  -2   0  -2  -3  -3  -3    0   0   0   0   0   0   0 100   0   0   0   0   0   0   0   0   0   0   0   0  1.06 0.01
  186 K    -1   2   0  -1  -3   1   1  -2  -1  -3  -3   5  -1  -3  -1   0  -1  -3  -2  -2    0   0   0   0   0   0   0   0   0   0   0 100   0   0   0   0   0   0   0   0  0.54 0.01
  187 T     0  -1   0  -1  -1  -1  -1  -2  -2  -1  -1  -1  -1  -2  -1   1   5  -3  -2   0    0   0   0   0   0   0   0   0   0   0   0   0   0   0   0   0 100   0   0   0  0.50 0.01
  188 T     0  -1   0  -1  -1  -1  -1  -1  -1  -1  -2  -1  -1  -2  -1   3   4  -3  -2  -1    0   0   0   0   0   0   0   0   0   0   0   0   0   0   0  36  64   0   0   0  0.41 0.01
  189 A     4  -1  -2  -2   0  -1  -1   0  -2  -1  -2  -1  -1  -2  -1   1   0  -3  -2   0  100   0   0   0   0   0   0   0   0   0   0   0   0   0   0   0   0   0   0   0  0.42 0.01
  190 F    -2  -3  -3  -4  -2  -3  -3  -3  -1   0   0  -3   0   6  -4  -2  -2   1   3  -1    0   0   0   0   0   0   0   0   0   0   0   0   0 100   0   0   0   0   0   0  0.78 0.01
  191 L    -2  -2  -3  -4  -1  -2  -3  -4  -3   2   4  -3   2   0  -3  -3  -1  -2  -1   1    0   0   0   0   0   0   0   0   0   0 100   0   0   0   0   0   0   0   0   0  0.47 0.01
  192 A     4  -1  -2  -2   0  -1  -1   0  -2  -1  -2  -1  -1  -2  -1   1   0  -3  -2   0  100   0   0   0   0   0   0   0   0   0   0   0   0   0   0   0   0   0   0   0  0.42 0.01
  193 D    -2  -2   1   6  -4   0   1  -1  -1  -3  -4  -1  -3  -4  -2   0  -1  -4  -3  -3    0   0   0 100   0   0   0   0   0   0   0   0   0   0   0   0   0   0   0   0  0.96 0.01
  194 W    -3  -3  -4  -4  -2  -2  -3  -3  -2  -3  -2  -3  -2   1  -4  -3  -3  11   2  -3    0   0   0   0   0   0   0   0   0   0   0   0   0   0   0   0   0 100   0   0  2.40 0.02
  195 T     0  -1   0  -1  -1  -1  -1  -2  -2  -1  -1  -1  -1  -2  -1   1   5  -3  -2   0    0   0   0   0   0   0   0   0   0   0   0   0   0   0   0   0 100   0   0   0  0.50 0.01
  196 N    -2  -1   6   1  -3   0   0   0   1  -3  -3   0  -2  -3  -2   1   0  -4  -2  -3    0   0 100   0   0   0   0   0   0   0   0   0   0   0   0   0   0   0   0   0  0.76 0.01
  197 F    -2  -3  -3  -4  -2  -3  -3  -3  -1   0   0  -3   0   6  -4  -2  -2   1   3  -1    0   0   0   0   0   0   0   0   0   0   0   0   0 100   0   0   0   0   0   0  0.78 0.01
  198 Y    -2  -2  -2  -3  -3  -2  -2  -3   2  -1  -1  -2  -1   3  -3  -2  -2   2   7  -1    0   0   0   0   0   0   0   0   0   0   0   0   0   0   0   0   0   0 100   0  0.91 0.01
  199 Y    -2  -2  -2  -3  -3  -2  -2  -3   2  -1  -1  -2  -1   3  -3  -2  -2   2   7  -1    0   0   0   0   0   0   0   0   0   0   0   0   0   0   0   0   0   0 100   0  0.91 0.01
  200 T     3  -1  -1  -2  -1  -1  -1   0  -2  -1  -1  -1  -1  -2  -1   1   2  -3  -2   0   69   0   0   0   0   0   0   0   0   0   0   0   0   0   0   0  31   0   0   0  0.33 0.01
  201 Y    -2  -2  -2  -3  -3  -2  -2  -3   2  -1  -1  -2  -1   3  -3  -2  -2   2   7  -1    0   0   0   0   0   0   0   0   0   0   0   0   0   0   0   0   0   0 100   0  0.91 0.01
  202 G     0  -2   0  -1  -3  -2  -2   6  -2  -4  -4  -2  -3  -3  -2   0  -2  -3  -3  -3    0   0   0   0   0   0   0 100   0   0   0   0   0   0   0   0   0   0   0   0  1.06 0.01
  203 L    -2  -2  -3  -4  -1  -2  -3  -4  -3   2   4  -3   2   0  -3  -3  -1  -2  -1   1    0   0   0   0   0   0   0   0   0   0 100   0   0   0   0   0   0   0   0   0  0.47 0.01
  204 L    -2  -2  -3  -4  -1  -2  -3  -4  -3   2   4  -3   2   0  -3  -3  -1  -2  -1   1    0   0   0   0   0   0   0   0   0   0 100   0   0   0   0   0   0   0   0   0  0.47 0.01
  205 A     4  -1  -1  -2   0  -1  -1   0  -2  -1  -2  -1  -1  -2  -1   1   0  -3  -2   0   96   0   0   0   0   0   0   0   0   0   0   0   0   0   0   4   0   0   0   0  0.41 0.01
  206 G     0  -2   0  -1  -3  -2  -2   6  -2  -4  -4  -2  -3  -3  -2   0  -2  -3  -3  -3    0   0   0   0   0   0   0 100   0   0   0   0   0   0   0   0   0   0   0   0  1.06 0.01
  207 N    -2  -1   6   1  -3   0   0   0   1  -3  -3   0  -2  -3  -2   1   0  -4  -2  -3    0   0 100   0   0   0   0   0   0   0   0   0   0   0   0   0   0   0   0   0  0.76 0.01
  208 G     0  -2   0  -1  -3  -2  -2   6  -2  -4  -4  -2  -3  -3  -2   0  -2  -3  -3  -3    0   0   0   0   0   0   0 100   0   0   0   0   0   0   0   0   0   0   0   0  1.06 0.01
  209 A     2  -2  -1  -2  -2  -1  -2   4  -2  -3  -3  -1  -2  -3  -2   0  -1  -3  -3  -2   41   0   0   0   0   0   0  59   0   0   0   0   0   0   0   0   0   0   0   0  0.59 0.00
  210 Y    -2  -2  -2  -3  -3  -2  -2  -3   2  -1  -1  -2  -1   3  -3  -2  -2   2   7  -1    0   0   0   0   0   0   0   0   0   0   0   0   0   0   0   0   0   0 100   0  0.91 0.01
  211 V     0  -3  -3  -3  -1  -2  -3  -3  -3   3   1  -2   1  -1  -2  -2   0  -3  -1   4    0   0   0   0   0   0   0   0   0   0   0   0   0   0   0   0   0   0   0 100  0.37 0.01
  212 F    -2  -3  -3  -4  -2  -3  -3  -3  -1   0   0  -3   0   6  -4  -2  -2   1   3  -1    0   0   0   0   0   0   0   0   0   0   0   0   0 100   0   0   0   0   0   0  0.78 0.01
  213 G     0  -2   0  -1  -3  -2  -2   6  -2  -4  -4  -2  -3  -3  -2   0  -2  -3  -3  -3    0   0   0   0   0   0   0 100   0   0   0   0   0   0   0   0   0   0   0   0  1.06 0.01
  214 Q    -1   1   0   3  -3   4   2  -2   0  -3  -3   2  -1  -3  -1   0  -1  -3  -2  -3    0   0   0  29   0  51   0   0   0   0   0  20   0   0   0   0   0   0   0   0  0.49 0.01
  215 N    -1  -1   6   2  -3   0   0  -1   0  -3  -3   0  -2  -3  -2   1   0  -4  -2  -3    0   0  89   6   0   0   0   0   0   0   0   0   0   0   0   5   0   0   0   0  0.69 0.01
  216 G     0  -2   0  -1  -3  -2  -2   6  -2  -4  -4  -2  -3  -3  -2   0  -2  -3  -3  -3    0   0   0   0   0   0   0 100   0   0   0   0   0   0   0   0   0   0   0   0  1.06 0.01
  217 K    -1   2   0  -1  -3   1   0  -2  -1  -2  -2   4  -1  -3  -1   0   1  -3  -2  -2    0   0   0   0   0   0   0   0   0   0   0  80   0   0   0   0  20   0   0   0  0.41 0.01
  218 D    -2  -2   2   6  -3   0   1  -1  -1  -3  -4  -1  -3  -4  -2   0  -1  -4  -3  -3    0   0  12  88   0   0   0   0   0   0   0   0   0   0   0   0   0   0   0   0  0.86 0.01
  219 A     1  -2  -2  -2  -2  -1  -1  -1  -2  -2  -2  -1  -2  -3   6   0  -1  -3  -3  -2   27   0   0   0   0   0   0   0   0   0   0   0   0   0  69   4   0   0   0   0  1.27 0.01
  220 K    -1   2   0  -1  -3   1   1  -2  -1  -3  -3   5  -1  -3  -1   0  -1  -3  -2  -2    0   0   0   0   0   0   0   0   0   0   0 100   0   0   0   0   0   0   0   0  0.54 0.01
  221 D    -2  -2   1   6  -4   0   1  -1  -1  -3  -4  -1  -3  -4  -2   0  -1  -4  -3  -3    0   0   0 100   0   0   0   0   0   0   0   0   0   0   0   0   0   0   0   0  0.96 0.01
  222 I    -1  -3  -3  -3  -1  -3  -3  -4  -3   4   1  -3   1   0  -3  -2  -1  -3  -1   3    0   0   0   0   0   0   0   0   0  94   0   0   0   0   0   0   0   0   0   6  0.40 0.01
  223 G     0  -2   0  -1  -3  -2  -2   6  -2  -4  -4  -2  -3  -3  -2   0  -2  -3  -3  -3    0   0   0   0   0   0   0 100   0   0   0   0   0   0   0   0   0   0   0   0  1.06 0.01
  224 L    -2  -2  -3  -4  -1  -2  -3  -4  -3   2   4  -3   2   0  -3  -3  -1  -2  -1   1    0   0   0   0   0   0   0   0   0   0 100   0   0   0   0   0   0   0   0   0  0.47 0.01
  225 A     4  -1  -2  -2   0  -1  -1   0  -2  -1  -2  -1  -1  -2  -1   1   0  -3  -2   0  100   0   0   0   0   0   0   0   0   0   0   0   0   0   0   0   0   0   0   0  0.42 0.01
  226 N    -2  -1   6   1  -3   0   0   0   1  -3  -3   0  -2  -3  -2   1   0  -4  -2  -3    0   0 100   0   0   0   0   0   0   0   0   0   0   0   0   0   0   0   0   0  0.76 0.01
  227 D    -2  -1   1   5  -4   0   3  -2  -1  -3  -3   0  -3  -3  -1   0  -1  -4  -3  -3    0   0   0  70   0   0  30   0   0   0   0   0   0   0   0   0   0   0   0   0  0.77 0.01
  228 G     0  -2   0  -1  -3  -2  -2   6  -2  -4  -4  -2  -3  -3  -2   0  -2  -3  -3  -3    0   0   0   0   0   0   0 100   0   0   0   0   0   0   0   0   0   0   0   0  1.06 0.01
  229 S     3  -1   0  -1  -1   0   0   0  -1  -2  -2   0  -1  -2  -1   3   1  -3  -2  -1   37   0   0   0   0   0   0   0   0   0   0   0   0   0   0  63   0   0   0   0  0.37 0.01
  230 I    -1  -3  -3  -3  -1  -3  -3  -4  -3   4   1  -3   1   0  -3  -2  -1  -3  -1   3    0   0   0   0   0   0   0   0   0 100   0   0   0   0   0   0   0   0   0   0  0.42 0.01
  231 A     1   1  -1  -1  -2   1   0  -1  -1  -2  -2   3  -1  -3  -1   0   0  -3  -2  -1   27   0   0   0   0   0   0   0   0   0   0  61   0   0   0   0   8   0   0   4  0.28 0.00
  232 G     0  -2  -1  -1  -2  -2  -2   6  -2  -4  -4  -2  -3  -3  -2   0  -2  -3  -3  -3    4   0   0   0   0   0   0  96   0   0   0   0   0   0   0   0   0   0   0   0  1.00 0.01
  233 I    -1  -3  -3  -3  -1  -3  -3  -4  -3   4   2  -3   1   0  -3  -2  -1  -3  -1   3    0   0   0   0   0   0   0   0   0  86   4   0   0   0   0   0   0   0   0  10  0.39 0.01
  234 N    -1   0   3   1  -3   1   4  -1   0  -3  -3   0  -2  -3  -1   0  -1  -3  -2  -3    0   0  35   0   0   0  65   0   0   0   0   0   0   0   0   0   0   0   0   0  0.57 0.01
  235 Y    -2  -2  -2  -3  -3  -2  -2  -3   2  -1  -1  -2  -1   3  -3  -2  -2   2   7  -1    0   0   0   0   0   0   0   0   0   0   0   0   0   0   0   0   0   0 100   0  0.91 0.01
  236 A     4  -1  -2  -2   0  -1  -1   0  -2  -1  -2  -1  -1  -2  -1   1   0  -3  -2   0  100   0   0   0   0   0   0   0   0   0   0   0   0   0   0   0   0   0   0   0  0.42 0.01
  237 K    -1   2   0  -1  -3   1   1  -2  -1  -3  -3   5  -1  -3  -1   0  -1  -3  -2  -2    0   0   0   0   0   0   0   0   0   0   0 100   0   0   0   0   0   0   0   0  0.54 0.01
  238 S     1  -1   0  -1  -1   0   0  -1  -1  -2  -2   0  -1  -2  -1   3   3  -3  -2  -1    0   0   0   0   0   0   0   0   0   0   0   0   0   0   0  70  30   0   0   0  0.41 0.01
  239 W    -3  -3  -4  -4  -2  -2  -3  -3  -2  -3  -2  -3  -2   1  -4  -3  -3  11   2  -3    0   0   0   0   0   0   0   0   0   0   0   0   0   0   0   0   0 100   0   0  2.40 0.02
  240 Y    -2  -2  -2  -3  -3  -2  -2  -3   2  -1  -1  -2  -1   3  -3  -2  -2   2   7  -1    0   0   0   0   0   0   0   0   0   0   0   0   0   0   0   0   0   0 100   0  0.91 0.01
  241 E     0   0   0   2  -3   2   5  -2   0  -3  -3   1  -2  -3  -1   0  -1  -3  -2  -2    5   0   0   4   0   0  91   0   0   0   0   0   0   0   0   0   0   0   0   0  0.68 0.01
  242 K    -1   2   0  -1  -3   1   1  -2  -1  -3  -3   5  -1  -3  -1   0  -1  -3  -2  -2    0   0   0   0   0   0   0   0   0   0   0 100   0   0   0   0   0   0   0   0  0.54 0.01
  243 W    -3  -3  -4  -4  -2  -2  -3  -3  -2  -3  -2  -3  -2   1  -4  -3  -3  11   2  -3    0   0   0   0   0   0   0   0   0   0   0   0   0   0   0   0   0 100   0   0  2.40 0.02
  244 P    -1  -2  -2  -2  -3  -1  -1  -2  -2  -3  -3  -1  -3  -4   8  -1  -1  -4  -3  -2    0   0   0   0   0   0   0   0   0   0   0   0   0   0 100   0   0   0   0   0  2.07 0.01
  245 K    -1   2   0  -1  -3   1   1  -2  -1  -3  -3   5  -1  -3  -1   0  -1  -3  -2  -2    0   0   0   0   0   0   0   0   0   0   0 100   0   0   0   0   0   0   0   0  0.54 0.01
  246 G     0  -2   0  -1  -3  -2  -2   6  -2  -4  -4  -2  -3  -3  -2   0  -2  -3  -3  -3    0   0   0   0   0   0   0 100   0   0   0   0   0   0   0   0   0   0   0   0  1.06 0.01
  247 M    -1  -1  -2  -3  -2  -1  -2  -3  -2   1   2  -1   6   0  -3  -2  -1  -2  -1   1    0   0   0   0   0   0   0   0   0   0   0   0 100   0   0   0   0   0   0   0  0.40 0.01
  248 Q    -1   1   0   0  -3   6   2  -2   0  -3  -2   1  -1  -3  -1   0  -1  -2  -2  -2    0   0   0   0   0 100   0   0   0   0   0   0   0   0   0   0   0   0   0   0  0.69 0.01
  249 D    -2  -2   1   6  -4   0   1  -1  -1  -3  -4  -1  -3  -4  -2   0  -1  -4  -3  -3    0   0   0 100   0   0   0   0   0   0   0   0   0   0   0   0   0   0   0   0  0.96 0.01
  250 T     1  -1   0  -1  -1  -1  -1   1  -2  -1  -2  -1  -1  -2  -1   1   4  -3  -2   0   11   0   0   0   0   0   0  13   0   0   0   0   0   0   0   5  71   0   0   0  0.35 0.01
  251 E    -1   0   0   1  -3   1   4  -2   0  -3  -3   1  -2  -3  -1   0   1  -3  -2  -2    0   0   0   0   0   0  73   0   0   0   0  10   0   0   0   5  13   0   0   0  0.52 0.01
  252 G     1  -2  -1  -1  -2  -2  -2   5  -2  -3  -3  -1  -2  -3  -2   0  -1  -3  -3  -3   13   0   0   0   0   0   0  87   0   0   0   0   0   0   0   0   0   0   0   0  0.89 0.01
  253 A     4  -1  -1  -2   0  -1  -1   0  -2  -1  -2  -1  -1  -2  -1   1   0  -3  -2   0   95   0   0   0   0   0   0   0   0   0   0   0   0   0   0   5   0   0   0   0  0.41 0.01
  254 G     1  -2  -1  -1  -2  -1  -2   5  -2  -3  -3  -1  -2  -3   1   1  -1  -3  -3  -2   19   0   0   0   0   0   0  62   0   0   0   0   0   0   9  11   0   0   0   0  0.61 0.00
  255 N    -2  -1   6   1  -3   0   0   0   1  -3  -3   0  -2  -3  -2   1   0  -4  -2  -3    0   0 100   0   0   0   0   0   0   0   0   0   0   0   0   0   0   0   0   0  0.76 0.01
  256 L    -2  -2  -3  -4  -1  -2  -3  -4  -3   2   4  -3   2   0  -3  -3  -1  -2  -1   1    0   0   0   0   0   0   0   0   0   0 100   0   0   0   0   0   0   0   0   0  0.47 0.01
  257 I    -1  -3  -3  -3  -1  -3  -3  -4  -3   4   1  -3   1   0  -3  -2  -1  -3  -1   3    0   0   0   0   0   0   0   0   0 100   0   0   0   0   0   0   0   0   0   0  0.42 0.01
  258 Q    -1   1   0   0  -3   6   2  -2   0  -3  -2   1  -1  -3  -1   0  -1  -2  -2  -2    0   0   0   0   0 100   0   0   0   0   0   0   0   0   0   0   0   0   0   0  0.69 0.01
  259 T     0  -1   0  -1  -1  -1  -1  -2  -2  -1  -1  -1  -1  -2  -1   1   5  -3  -2   0    5   0   0   0   0   0   0   0   0   0   0   0   0   0   0   0  95   0   0   0  0.47 0.01
  260 Q    -1   1   0   0  -3   5   2  -2   0  -3  -2   1  -1  -3  -1   0  -1  -2  -2  -2    0   0   0   0   0  96   0   0   0   0   0   0   0   0   0   4   0   0   0   0  0.65 0.01
  261 F    -2  -3  -3  -4  -2  -3  -3  -3  -1   0   0  -3   0   6  -4  -2  -2   1   3  -1    0   0   0   0   0   0   0   0   0   0   0   0   0 100   0   0   0   0   0   0  0.78 0.01
  262 Q    -1   1   0   0  -3   6   2  -2   0  -3  -2   1  -1  -3  -1   0  -1  -2  -2  -2    0   0   0   0   0 100   0   0   0   0   0   0   0   0   0   0   0   0   0   0  0.69 0.01
  263 E     0  -1   0   1  -3   1   4   1   0  -3  -3   0  -2  -3  -1   1  -1  -3  -2  -2    0   0   0   0   0   0  70  16   0   0   0   0   0   0   0  15   0   0   0   0  0.49 0.01
  264 G     0  -2   0  -1  -3  -2  -2   6  -2  -4  -4  -2  -3  -3  -2   0  -2  -3  -3  -3    0   0   0   0   0   0   0 100   0   0   0   0   0   0   0   0   0   0   0   0  1.06 0.01
  265 K    -1   2   0  -1  -3   1   1  -2  -1  -3  -3   5  -1  -3  -1   0  -1  -3  -2  -2    0   0   0   0   0   0   0   0   0   0   0 100   0   0   0   0   0   0   0   0  0.54 0.01
  266 T     0  -1   0  -1  -1  -1  -1  -2  -2  -1  -1  -1  -1  -2  -1   1   5  -3  -2   0    0   0   0   0   0   0   0   0   0   0   0   0   0   0   0   0 100   0   0   0  0.50 0.01
  267 A     4  -1  -2  -2   0  -1  -1   0  -2  -1  -2  -1  -1  -2  -1   1   0  -3  -2   0  100   0   0   0   0   0   0   0   0   0   0   0   0   0   0   0   0   0   0   0  0.42 0.01
  268 A     4  -1  -2  -2   0  -1  -1   0  -2  -1  -2  -1  -1  -2  -1   1   0  -3  -2   0  100   0   0   0   0   0   0   0   0   0   0   0   0   0   0   0   0   0   0   0  0.42 0.01
  269 I    -1  -3  -3  -3  -1  -3  -3  -4  -3   4   1  -3   1   0  -3  -2  -1  -3  -1   3    0   0   0   0   0   0   0   0   0 100   0   0   0   0   0   0   0   0   0   0  0.42 0.01
  270 I    -1  -3  -3  -3  -1  -3  -3  -4  -3   4   1  -3   1   0  -3  -2  -1  -3  -1   3    0   0   0   0   0   0   0   0   0 100   0   0   0   0   0   0   0   0   0   0  0.42 0.01
  271 D    -2  -1   1   6  -4   0   2  -1  -1  -3  -4   0  -3  -4  -1   0  -1  -4  -3  -3    0   0   0  85   0   0  15   0   0   0   0   0   0   0   0   0   0   0   0   0  0.85 0.01
  272 G     0  -2   0  -1  -3  -2  -2   6  -2  -4  -4  -2  -3  -3  -2   0  -2  -3  -3  -3    0   0   0   0   0   0   0 100   0   0   0   0   0   0   0   0   0   0   0   0  1.06 0.01
  273 P    -1  -2  -2  -2  -3  -1  -1  -2  -2  -3  -3  -1  -3  -4   8  -1  -1  -4  -3  -2    0   0   0   0   0   0   0   0   0   0   0   0   0   0 100   0   0   0   0   0  2.07 0.01
  274 W    -3  -3  -4  -4  -2  -2  -3  -3  -2  -3  -2  -3  -2   1  -4  -3  -3  11   2  -3    0   0   0   0   0   0   0   0   0   0   0   0   0   0   0   0   0 100   0   0  2.40 0.02
  275 K    -1   2   0  -1  -3   1   1  -2  -1  -3  -3   5  -1  -3  -1   0  -1  -3  -2  -2    0   0   0   0   0   0   0   0   0   0   0 100   0   0   0   0   0   0   0   0  0.54 0.01
  276 A     4  -1  -2  -2   0  -1  -1   0  -2  -1  -2  -1  -1  -2  -1   1   0  -3  -2   0  100   0   0   0   0   0   0   0   0   0   0   0   0   0   0   0   0   0   0   0  0.42 0.01
  277 Q     1   0   0  -1  -2   4   1  -1   0  -2  -2   1  -1  -3  -1   2   0  -2  -2  -2   15   0   0   0   0  59   0   0   0   0   0   4   0   0   0  21   0   0   0   0  0.40 0.01
  278 A     3  -1  -1  -1  -1  -1  -1   0  -1  -2  -2  -1  -1  -2  -1   2   0  -3  -2  -1   72   0   0   0   0   0   0   0   0   0   0   0   0   0   0  28   0   0   0   0  0.36 0.01
  279 F    -2  -3  -3  -4  -2  -3  -3  -3  -2   0   2  -3   0   6  -4  -2  -2   1   2   0    0   0   0   0   0   0   0   0   0   0  20   0   0  80   0   0   0   0   0   0  0.60 0.01
  280 K    -1   2   0  -1  -3   1   1  -2  -1  -3  -3   5  -1  -3  -1   0  -1  -3  -2  -2    0   0   0   0   0   0   0   0   0   0   0 100   0   0   0   0   0   0   0   0  0.54 0.01
  281 D    -2  -1   1   5  -4   0   3  -2  -1  -3  -3   0  -3  -3  -1   0  -1  -4  -3  -3    0   0   0  70   0   0  30   0   0   0   0   0   0   0   0   0   0   0   0   0  0.77 0.01
  282 A     4  -1  -2  -2   0  -1  -1   0  -2  -1  -2  -1  -1  -2  -1   1   0  -3  -2   0  100   0   0   0   0   0   0   0   0   0   0   0   0   0   0   0   0   0   0   0  0.42 0.01
  283 K    -1   2   0  -1  -3   1   1  -2  -1  -3  -3   5  -1  -3  -1   0  -1  -3  -2  -2    0   0   0   0   0   0   0   0   0   0   0 100   0   0   0   0   0   0   0   0  0.54 0.01
  284 V     0  -3  -3  -3  -1  -2  -3  -3  -3   3   1  -2   1  -1  -2  -2   0  -3  -1   4    0   0   0   0   0   0   0   0   0   6   0   0   0   0   0   0   0   0   0  94  0.36 0.01
  285 N    -2  -1   6   1  -3   0   0   0   1  -3  -3   0  -2  -3  -2   1   0  -4  -2  -3    0   0 100   0   0   0   0   0   0   0   0   0   0   0   0   0   0   0   0   0  0.76 0.01
  286 Y    -2  -2  -2  -3  -3  -2  -2  -3   2  -1  -1  -2  -1   3  -3  -2  -2   2   7  -1    0   0   0   0   0   0   0   0   0   0   0   0   0   0   0   0   0   0 100   0  0.91 0.01
  287 G     0  -2   0  -1  -3  -2  -2   6  -2  -4  -4  -2  -3  -3  -2   0  -2  -3  -3  -3    0   0   0   0   0   0   0 100   0   0   0   0   0   0   0   0   0   0   0   0  1.06 0.01
  288 V     0  -3  -3  -3  -1  -2  -3  -3  -3   3   1  -2   1  -1  -2  -2   0  -3  -1   4    0   0   0   0   0   0   0   0   0   0   0   0   0   0   0   0   0   0   0 100  0.37 0.01
  289 A     4  -1  -1  -2   0  -1  -1   0  -2  -1  -2  -1  -1  -2  -1   1   0  -3  -2   0   91   0   0   0   0   0   0   0   0   0   0   0   0   0   0   5   4   0   0   0  0.39 0.01
  290 T     0  -1   0  -1  -1  -1  -1  -2  -2  -1  -1  -1  -1  -2  -1   1   5  -3  -2   0    0   0   0   0   0   0   0   0   0   0   0   0   0   0   0   0 100   0   0   0  0.50 0.01
  291 I    -1  -3  -3  -3  -1  -3  -3  -4  -3   4   1  -3   1   0  -3  -2  -1  -3  -1   3    0   0   0   0   0   0   0   0   0 100   0   0   0   0   0   0   0   0   0   0  0.42 0.01
  292 P    -1  -2  -2  -2  -3  -1  -1  -2  -2  -3  -3  -1  -3  -4   8  -1  -1  -4  -3  -2    0   0   0   0   0   0   0   0   0   0   0   0   0   0 100   0   0   0   0   0  2.07 0.01
  293 T     0  -1   0  -1  -1  -1  -1  -2  -2  -1  -1  -1  -1  -2  -1   1   5  -3  -2   0    0   0   0   0   0   0   0   0   0   0   0   0   0   0   0   0 100   0   0   0  0.50 0.01
  294 L    -2  -2  -3  -4  -1  -2  -3  -4  -3   2   4  -3   2   0  -3  -3  -1  -2  -1   1    0   0   0   0   0   0   0   0   0   0 100   0   0   0   0   0   0   0   0   0  0.47 0.01
  295 P    -1  -2  -2  -2  -3  -1  -1  -2  -2  -3  -3  -1  -3  -4   8  -1  -1  -4  -3  -2    0   0   0   0   0   0   0   0   0   0   0   0   0   0 100   0   0   0   0   0  2.07 0.01
  296 N    -2  -1   6   1  -3   0   0   0   1  -3  -3   0  -2  -3  -2   1   0  -4  -2  -3    0   0 100   0   0   0   0   0   0   0   0   0   0   0   0   0   0   0   0   0  0.76 0.01
  297 G     0  -2   0  -1  -2  -2  -2   6  -2  -4  -4  -2  -3  -3  -2   0  -1  -3  -3  -3    0   0   0   0   0   0   0  96   0   0   0   0   0   0   0   4   0   0   0   0  1.00 0.01
  298 K    -1   2   0  -1  -3   1   1  -2  -1  -3  -3   5  -1  -3  -1   0  -1  -3  -2  -2    0   0   0   0   0   0   0   0   0   0   0 100   0   0   0   0   0   0   0   0  0.54 0.01
  299 E    -1   0   4   3  -3   1   3  -1   0  -3  -3   0  -2  -3  -2   0  -1  -3  -2  -3    0   0  37  15   0   0  47   0   0   0   0   0   0   0   0   0   0   0   0   0  0.55 0.01
  300 Y    -2  -2  -2  -3  -3  -2  -2  -3   2  -1  -1  -2  -1   3  -3  -2  -2   2   7  -1    0   0   0   0   0   0   0   0   0   0   0   0   0   0   0   0   0   0 100   0  0.91 0.01
  301 A     3  -1  -1   0  -1   1   2  -1  -1  -2  -2   1  -1  -3  -1   1   0  -3  -2  -1   53   0   0   0   0   5  29   0   0   0   0   6   0   0   0   4   4   0   0   0  0.28 0.00
  302 A     4  -1  -1  -2  -1  -1  -1   0  -2  -1  -2  -1  -1  -2   1   1   1  -3  -2   0   83   0   0   0   0   0   0   0   0   0   0   0   0   0   4   0  14   0   0   0  0.35 0.01
  303 F    -2  -3  -3  -4  -2  -3  -3  -3  -1   0   0  -3   0   6  -4  -2  -2   1   3  -1    0   0   0   0   0   0   0   0   0   0   0   0   0 100   0   0   0   0   0   0  0.78 0.01
  304 G     0  -2   0  -1  -3  -2  -2   6  -2  -4  -4  -2  -3  -3  -2   0  -2  -3  -3  -3    0   0   0   0   0   0   0 100   0   0   0   0   0   0   0   0   0   0   0   0  1.06 0.01
  305 G     0  -2   0  -1  -3  -2  -2   6  -2  -4  -4  -2  -3  -3  -2   0  -2  -3  -3  -3    0   0   0   0   0   0   0 100   0   0   0   0   0   0   0   0   0   0   0   0  1.06 0.01
  306 G     0  -1   0  -1  -3  -2  -2   6  -2  -4  -4  -1  -3  -3  -2   0  -2  -3  -3  -3    0   4   0   0   0   0   0  96   0   0   0   0   0   0   0   0   0   0   0   0  0.99 0.01
  307 K    -1   2   0  -1  -3   1   1  -2  -1  -3  -3   5  -1  -3  -1   0  -1  -3  -2  -2    0   0   0   0   0   0   0   0   0   0   0 100   0   0   0   0   0   0   0   0  0.54 0.01
  308 A     4  -1  -2  -2   0  -1  -1   0  -2  -1  -2  -1  -1  -2  -1   1   0  -3  -2   0  100   0   0   0   0   0   0   0   0   0   0   0   0   0   0   0   0   0   0   0  0.42 0.01
  309 W    -3  -3  -4  -4  -2  -2  -3  -3  -2  -3  -2  -3  -2   1  -4  -3  -3  11   2  -3    0   0   0   0   0   0   0   0   0   0   0   0   0   0   0   0   0 100   0   0  2.40 0.02
  310 V    -1  -3  -3  -3  -1  -2  -3  -3  -3   3   1  -2   1  -1  -3  -2   0  -3  -1   3    0   0   0   0   0   0   0   0   0  40   0   0   0   0   0   0   0   0   0  60  0.36 0.01
  311 I    -1  -3  -3  -3  -1  -3  -3  -4  -3   4   1  -3   1   0  -3  -2  -1  -3  -1   3    0   0   0   0   0   0   0   0   0 100   0   0   0   0   0   0   0   0   0   0  0.42 0.01
  312 P    -1  -2  -2  -2  -3  -1  -1  -2  -2  -3  -3  -1  -3  -4   8  -1  -1  -4  -3  -2    0   0   0   0   0   0   0   0   0   0   0   0   0   0 100   0   0   0   0   0  2.07 0.01
  313 Q     2  -1   0  -1  -1   2   0  -1  -1  -2  -2   0  -1  -2  -1   3   1  -3  -2  -1   31   0   0   0   0  19   0   0   0   0   0   0   0   0   0  40  10   0   0   0  0.29 0.00
  314 A     2  -1   0  -1  -1  -1  -1   3  -1  -3  -3  -1  -2  -3  -1   2   0  -3  -2  -2   19   0   0   0   0   0   0  37   0   0   0   0   0   0   0  44   0   0   0   0  0.42 0.00
  315 V     1  -1   0  -1  -1  -1  -1  -1  -2   0  -1  -1  -1  -2  -1   2   3  -3  -2   1   10   0   0   0   0   0   0   0   0   0   0   0   0   0   0  27  48   0   0  15  0.27 0.00
  316 K    -1   2   0  -1  -3   2   1  -2  -1  -3  -3   5  -1  -3  -1   0  -1  -3  -2  -2    0   0   0   0   0   6   0   0   0   0   0  94   0   0   0   0   0   0   0   0  0.53 0.01
  317 N    -2  -1   6   1  -3   0   0   0   1  -3  -3   0  -2  -3  -2   1   0  -4  -2  -3    0   0 100   0   0   0   0   0   0   0   0   0   0   0   0   0   0   0   0   0  0.76 0.01
  318 L     0  -2  -3  -3  -1  -2  -2  -3  -3   1   3  -2   1   0   3  -1  -1  -2  -1   1   10   0   0   0   0   0   0   0   0   0  63   0   0   0  21   0   0   0   0   6  0.37 0.00
  319 E    -1   0   0   1  -4   2   5  -2   0  -3  -3   1  -2  -3  -1   0  -1  -3  -2  -3    0   0   0   0   0   0  90   0   0   0   0  10   0   0   0   0   0   0   0   0  0.69 0.01
  320 A     2  -2  -1  -2  -1  -1  -2   3  -2  -1  -1  -1  -1  -2  -2   0   0  -3  -2   0   41   0   0   0   0   0   0  38   0   0   6   0   0   0   0   0   5   0   0  10  0.31 0.00
  321 S     4  -1  -1  -1  -1  -1  -1   0  -1  -2  -2  -1  -1  -2  -1   2   0  -3  -2  -1   76   0   0   0   0   0   0   0   0   0   0   0   0   0   0  24   0   0   0   0  0.37 0.01
  322 Q    -1   1   0   0  -3   6   2  -2   0  -3  -2   1  -1  -3  -1   0  -1  -2  -2  -2    0   0   0   0   0 100   0   0   0   0   0   0   0   0   0   0   0   0   0   0  0.69 0.01
  323 K    -1   2   0  -1  -3   1   1  -2  -1  -3  -3   5  -1  -3  -1   0  -1  -3  -2  -2    0   0   0   0   0   0   0   0   0   0   0 100   0   0   0   0   0   0   0   0  0.54 0.01
  324 F    -2  -3  -3  -4  -2  -3  -3  -3  -1   0   0  -3   0   6  -4  -2  -2   1   3  -1    0   0   0   0   0   0   0   0   0   0   0   0   0 100   0   0   0   0   0   0  0.78 0.01
  325 V     0  -3  -3  -3  -1  -2  -3  -3  -3   3   1  -2   1  -1  -2  -2   0  -3  -1   4    0   0   0   0   0   0   0   0   0   0   0   0   0   0   0   0   0   0   0 100  0.37 0.01
  326 D    -1  -1   3   5  -3   0   1  -1  -1  -3  -4  -1  -3  -3  -2   0  -1  -4  -3  -3    0   0  20  73   0   0   0   0   0   0   0   0   0   0   0   6   0   0   0   0  0.73 0.01
  327 F    -2  -3  -3  -4  -2  -3  -3  -3  -1   0   0  -3   0   6  -4  -2  -2   1   3  -1    0   0   0   0   0   0   0   0   0   0   0   0   0  96   0   0   0   0   4   0  0.76 0.01
  328 L    -2  -2  -3  -4  -1  -2  -3  -4  -3   2   4  -3   2   0  -3  -3  -1  -2  -1   1    0   0   0   0   0   0   0   0   0   0 100   0   0   0   0   0   0   0   0   0  0.47 0.01
  329 V     0  -2  -2  -2  -1  -2  -2  -2  -3   2   0  -2   0  -1  -2   0   2  -3  -1   3    6   0   0   0   0   0   0   0   0   0   0   0   0   0   0   0  31   0   0  63  0.24 0.01
  330 A     2  -1   0   0  -1   0   0   0  -1  -2  -2   0  -1  -2  -1   4   2  -3  -2  -1   12   0   0   0   0   0   0   0   0   0   0   0   0   0   0  82   6   0   0   0  0.41 0.01
  331 T     0  -1   0  -1  -1  -1  -1  -2  -2  -1  -1  -1  -1  -2  -1   1   5  -3  -2   0    0   0   0   0   0   0   0   0   0   0   0   0   0   0   0   0 100   0   0   0  0.50 0.01
  332 E     0  -1   0   3  -3   1   4  -2   0  -3  -3   0  -2  -3  -1   0  -1  -3  -2  -2    6   0   0  24   0   0  71   0   0   0   0   0   0   0   0   0   0   0   0   0  0.62 0.01
  333 Q    -1   1   0   0  -3   5   2  -2   0  -3  -2   1  -1  -3  -1   0  -1  -2  -2  -2    0   0   0   0   0  96   4   0   0   0   0   0   0   0   0   0   0   0   0   0  0.68 0.01
  334 Q    -1   1   0   0  -3   6   2  -2   0  -3  -2   1  -1  -3  -1   0  -1  -2  -2  -2    0   0   0   0   0 100   0   0   0   0   0   0   0   0   0   0   0   0   0   0  0.69 0.01
  335 K    -1   2   0  -1  -3   1   1  -2  -1  -3  -3   5  -1  -3  -1   0  -1  -3  -2  -2    0   0   0   0   0   0   0   0   0   0   0 100   0   0   0   0   0   0   0   0  0.54 0.01
  336 V     4  -2  -2  -2  -1  -1  -1   0  -2   0  -1  -1  -1  -2  -1   1   0  -3  -2   1   81   0   0   0   0   0   0   0   0   0   0   0   0   0   0   0   0   0   0  19  0.30 0.01
  337 L    -2  -3  -3  -4  -2  -3  -3  -3  -2   0   2  -3   1   6  -3  -2  -2   0   2   0    0   0   0   0   0   0   0   0   0   0  25   0   0  75   0   0   0   0   0   0  0.57 0.01
  338 Y    -2  -2  -2  -3  -3  -2  -2  -3   2  -1  -1  -2  -1   3  -3  -2  -2   2   7  -1    0   0   0   0   0   0   0   0   0   0   0   0   0   0   0   0   0   0 100   0  0.91 0.01
  339 D    -2  -2   1   6  -4   0   2  -1  -1  -3  -4  -1  -3  -4  -2   0  -1  -4  -3  -3    0   0   0  96   0   0   4   0   0   0   0   0   0   0   0   0   0   0   0   0  0.92 0.01
  340 K     3   0  -1  -1  -1   0   0   0  -1  -2  -2   2  -1  -2  -1   1   1  -3  -2  -1   59   0   0   0   0   0   0   0   0   0   0  28   0   0   0   0  13   0   0   0  0.26 0.00
  341 T     0  -1   0  -1  -1  -1  -1  -2  -2  -1  -1  -1  -1  -2  -1   1   5  -3  -2   0    0   0   0   0   0   0   0   0   0   0   0   0   0   0   0   0 100   0   0   0  0.50 0.01
  342 N    -2  -1   6   1  -3   0   0   0   1  -3  -3   0  -2  -3  -2   1   0  -4  -2  -3    0   0 100   0   0   0   0   0   0   0   0   0   0   0   0   0   0   0   0   0  0.76 0.01
  343 E    -1   0   0   1  -4   2   5  -2   0  -3  -3   1  -2  -3  -1   0  -1  -3  -2  -3    0   0   0   0   0   0 100   0   0   0   0   0   0   0   0   0   0   0   0   0  0.76 0.01
  344 I    -1  -3  -3  -3  -1  -3  -3  -4  -3   4   1  -3   1   0  -3  -2  -1  -3  -1   3    0   0   0   0   0   0   0   0   0  70   0   0   0   0   0   0   0   0   0  30  0.37 0.01
  345 P    -1  -2  -2  -2  -3  -1  -1  -2  -2  -3  -3  -1  -3  -4   8  -1  -1  -4  -3  -2    0   0   0   0   0   0   0   0   0   0   0   0   0   0 100   0   0   0   0   0  2.07 0.01
  346 A     4  -1  -2  -2   0  -1  -1   0  -2  -1  -2  -1  -1  -2  -1   1   0  -3  -2   0  100   0   0   0   0   0   0   0   0   0   0   0   0   0   0   0   0   0   0   0  0.42 0.01
  347 N    -2  -1   6   1  -3   0   0   0   1  -3  -3   0  -2  -3  -2   1   0  -4  -2  -3    0   0 100   0   0   0   0   0   0   0   0   0   0   0   0   0   0   0   0   0  0.76 0.01
  348 T     0  -1   0  -1  -1  -1  -1  -2  -2  -1  -1  -1  -1  -2  -1   1   5  -3  -2   0    0   0   0   0   0   0   0   0   0   0   0   0   0   0   0   0 100   0   0   0  0.50 0.01
  349 E    -1   0   0   1  -4   2   5  -2   0  -3  -3   1  -2  -3  -1   0  -1  -3  -2  -3    0   0   0   0   0   0 100   0   0   0   0   0   0   0   0   0   0   0   0   0  0.76 0.01
  350 A     4  -1  -2  -2   0  -1  -1   0  -2  -1  -2  -1  -1  -2  -1   1   0  -3  -2   0  100   0   0   0   0   0   0   0   0   0   0   0   0   0   0   0   0   0   0   0  0.42 0.01
  351 R    -1   6  -1  -2  -4   1   0  -2   0  -3  -2   2  -1  -3  -2  -1  -1  -3  -2  -3    0 100   0   0   0   0   0   0   0   0   0   0   0   0   0   0   0   0   0   0  0.78 0.01
  352 S     1   0   0   0  -1   0   1  -1  -1  -2  -2   1  -1  -3  -1   2   2  -3  -2  -1   12   0   0   0   0   0  16   0   0   0   0  15   0   0   0  35  22   0   0   0  0.27 0.00
  353 Y    -2  -2  -2  -3  -3  -2  -2  -3   2  -1  -1  -2  -1   3  -3  -2  -2   2   7  -1    0   0   0   0   0   0   0   0   0   0   0   0   0   0   0   0   0   0 100   0  0.91 0.01
  354 A     4  -1  -2  -2   0  -1  -1   0  -2  -1  -2  -1  -1  -2  -1   1   0  -3  -2   0  100   0   0   0   0   0   0   0   0   0   0   0   0   0   0   0   0   0   0   0  0.42 0.01
  355 E    -1   0  -1   1  -3   1   5  -2   0  -1  -2   0  -1  -3  -1   0  -1  -3  -2   0    0   0   0   0   0   0  84   0   0   0   0   0   0   0   0   0   0   0   0  16  0.53 0.01
  356 G     0  -2   0  -1  -2  -2  -2   5  -2  -4  -4  -1  -3  -3  -2   1  -1  -3  -3  -3    0   0   0   0   0   0   0  89   0   0   0   0   0   0   0  11   0   0   0   0  0.91 0.01
  357 K    -1   2   0  -1  -3   1   1  -2  -1  -3  -3   5  -1  -3  -1   0  -1  -3  -2  -2    0   0   0   0   0   0   0   0   0   0   0 100   0   0   0   0   0   0   0   0  0.54 0.01
  358 N    -1   0   5   1  -3   0   0  -1   0  -3  -3   2  -2  -3  -2   0   0  -4  -2  -3    0   0  81   0   0   0   0   0   0   0   0  19   0   0   0   0   0   0   0   0  0.60 0.01
  359 D    -2  -2   1   6  -4   0   1  -1  -1  -3  -4  -1  -3  -4  -2   0  -1  -4  -3  -3    0   0   0 100   0   0   0   0   0   0   0   0   0   0   0   0   0   0   0   0  0.96 0.01
  360 E    -1   0   0   1  -4   2   5  -2   0  -3  -3   1  -2  -3  -1   0  -1  -3  -2  -3    0   0   0   0   0   0 100   0   0   0   0   0   0   0   0   0   0   0   0   0  0.76 0.01
  361 L    -2  -2  -3  -4  -1  -2  -3  -4  -3   2   4  -3   2   0  -3  -3  -1  -2  -1   1    0   0   0   0   0   0   0   0   0   0 100   0   0   0   0   0   0   0   0   0  0.47 0.01
  362 T     0  -1   0  -1  -1  -1  -1  -2  -2  -1  -1  -1  -1  -2  -1   1   5  -3  -2   0    0   0   0   0   0   0   0   0   0   0   0   0   0   0   0   0 100   0   0   0  0.50 0.01
  363 T     0  -1   0   1  -1  -1   0  -1  -1  -1  -2  -1  -1  -2  -1   2   4  -3  -2  -1    5   0   0  11   0   0   0   0   0   0   0   0   0   0   0  21  63   0   0   0  0.35 0.01
  364 A     4  -1  -2  -2   0  -1  -1   0  -2  -1  -2  -1  -1  -2  -1   1   0  -3  -2   0  100   0   0   0   0   0   0   0   0   0   0   0   0   0   0   0   0   0   0   0  0.42 0.01
  365 V     0  -3  -3  -3  -1  -2  -3  -3  -3   3   1  -2   1  -1  -2  -2   0  -3  -1   4    0   0   0   0   0   0   0   0   0   0   0   0   0   0   0   0   0   0   0 100  0.37 0.01
  366 I    -1  -3  -3  -3  -1  -3  -3  -4  -3   4   1  -3   1   0  -3  -2  -1  -3  -1   3    0   0   0   0   0   0   0   0   0  74   0   0   0   0   0   0   0   0   0  26  0.38 0.01
  367 K    -1   2   0   0  -3   2   2  -2  -1  -3  -3   4  -1  -3  -1   0  -1  -3  -2  -2    0   0   0   0   0   6   8   0   0   0   0  86   0   0   0   0   0   0   0   0  0.50 0.01
  368 Q    -1   1   0   0  -3   6   2  -2   0  -3  -2   1  -1  -3  -1   0  -1  -2  -2  -2    0   0   0   0   0 100   0   0   0   0   0   0   0   0   0   0   0   0   0   0  0.69 0.01
  369 F    -2  -3  -3  -4  -2  -3  -3  -3  -1   0   0  -3   0   6  -4  -2  -2   1   3  -1    0   0   0   0   0   0   0   0   0   0   0   0   0 100   0   0   0   0   0   0  0.78 0.01
  370 K    -1   2   0  -1  -3   3   1  -2   0  -3  -2   4  -1  -3  -1   0  -1  -3  -2  -2    0   0   0   0   0  33   0   0   0   0   0  67   0   0   0   0   0   0   0   0  0.49 0.01
  371 N     0  -1   5   1  -2   0   0   0   0  -3  -3   0  -2  -3  -2   2   0  -3  -2  -2    6   0  63   0   0   0   0   0   0   0   0   0   0   0   0  30   0   0   0   0  0.49 0.01
  372 T     4  -1  -1  -2  -1  -1  -1   0  -2  -1  -1  -1  -1  -2  -1   1   1  -3  -2   0   85   0   0   0   0   0   0   0   0   0   0   0   0   0   0   0  15   0   0   0  0.36 0.01
  373 Q    -1   1   0   0  -3   5   2  -2   2  -3  -2   1  -1  -3  -1   0  -1  -2  -1  -2    0   0   0   0   0  88   6   0   6   0   0   0   0   0   0   0   0   0   0   0  0.63 0.01
  374 P    -1  -2  -2  -2  -3  -1  -1  -2  -2  -3  -3  -1  -3  -4   8  -1  -1  -4  -3  -2    0   0   0   0   0   0   0   0   0   0   0   0   0   0 100   0   0   0   0   0  2.07 0.01
  375 L    -1  -2  -2  -3  -1  -1  -2  -3  -2   1   2  -2   5   0  -3  -2  -1  -2  -1   1    0   0   0   0   0   0   0   0   0   4  15   0  80   0   0   0   0   0   0   0  0.36 0.01
  376 P    -1  -2  -2  -2  -3  -1  -1  -2  -2  -3  -3  -1  -3  -4   8  -1  -1  -4  -3  -2    0   0   0   0   0   0   0   0   0   0   0   0   0   0 100   0   0   0   0   0  2.07 0.01
  377 N    -2  -1   6   1  -3   0   0   0   1  -3  -3   0  -2  -3  -2   1   0  -4  -2  -3    0   0 100   0   0   0   0   0   0   0   0   0   0   0   0   0   0   0   0   0  0.76 0.01
  378 I    -1  -3  -3  -3  -1  -3  -3  -4  -3   4   1  -3   1   0  -3  -2  -1  -3  -1   3    0   0   0   0   0   0   0   0   0 100   0   0   0   0   0   0   0   0   0   0  0.42 0.01
  379 S     1  -1   0   0  -1   0   0   0  -1  -2  -3   0  -2  -3   1   4   1  -3  -2  -2    0   0   0   0   0   0   0   0   0   0   0   0   0   0   4  96   0   0   0   0  0.46 0.01
  380 Q    -1   1   0   0  -3   5   3  -2   0  -3  -2   1  -1  -3  -1   0  -1  -2  -2  -2    0   0   0   0   0  63  37   0   0   0   0   0   0   0   0   0   0   0   0   0  0.62 0.01
  381 M    -1  -1  -2  -3  -2  -1  -2  -3  -2   1   2  -1   6   0  -3  -2  -1  -2  -1   1    0   0   0   0   0   0   0   0   0   0   0   0 100   0   0   0   0   0   0   0  0.40 0.01
  382 S     1  -1   1   0  -1   0   0   0  -1  -2  -3   0  -2  -2  -1   4   1  -3  -2  -2    0   0   0   0   0   0   0   0   0   0   0   0   0   0   0 100   0   0   0   0  0.48 0.01
  383 A     3  -1  -1  -1  -1  -1  -1  -1  -2  -1  -1  -1  -1  -2  -1   1   3  -3  -2   0   52   0   0   0   0   0   0   0   0   0   0   0   0   0   0   0  48   0   0   0  0.32 0.01
  384 V     0  -3  -3  -3  -1  -2  -3  -3  -3   3   1  -2   1  -1  -2  -2   0  -3  -1   4    0   0   0   0   0   0   0   0   0   6   0   0   0   0   0   0   0   0   0  94  0.36 0.01
  385 W    -3  -3  -4  -4  -2  -2  -3  -3  -2  -3  -2  -3  -2   1  -4  -3  -3  11   2  -3    0   0   0   0   0   0   0   0   0   0   0   0   0   0   0   0   0 100   0   0  2.40 0.02
  386 D    -2  -1   1   6  -4   0   2  -1  -1  -3  -4  -1  -3  -4  -2   0  -1  -4  -3  -3    0   0   0  87   0   0  13   0   0   0   0   0   0   0   0   0   0   0   0   0  0.86 0.01
  387 P    -1  -2  -2  -2  -3  -1  -1  -2  -2  -3  -3  -1  -3  -4   8  -1  -1  -4  -3  -2    0   0   0   0   0   0   0   0   0   0   0   0   0   0 100   0   0   0   0   0  2.07 0.01
  388 A     4  -1  -2  -2   0  -1  -1   0  -2  -1  -2  -1  -1  -2  -1   1   0  -3  -2   0  100   0   0   0   0   0   0   0   0   0   0   0   0   0   0   0   0   0   0   0  0.42 0.01
  389 K     1   1   0  -1  -2   1   0   0  -1  -2  -2   4  -1  -3  -1   0  -1  -3  -2  -2   22   0   0   0   0   0   0   5   0   0   0  73   0   0   0   0   0   0   0   0  0.35 0.01
  390 N     0  -1   4   0  -2   0  -1  -1  -1  -2  -2   0  -1  -3  -1   2   3  -3  -2  -1    0   0  39   0   0   0   0   0   0   0   0   0   0   0   0  15  45   0   0   0  0.39 0.01
  391 M    -1  -1  -2  -3  -2  -1  -2  -3  -2   1   2  -1   6   0  -3  -2  -1  -2  -1   1    0   0   0   0   0   0   0   0   0   0   0   0 100   0   0   0   0   0   0   0  0.40 0.01
  392 L    -2  -2  -3  -4  -1  -2  -3  -4  -3   2   4  -3   2   0  -3  -3  -1  -2  -1   1    0   0   0   0   0   0   0   0   0   0 100   0   0   0   0   0   0   0   0   0  0.47 0.01
  393 F    -2  -3  -3  -4  -2  -3  -3  -3  -1   0   0  -3   0   6  -4  -2  -2   1   3  -1    0   0   0   0   0   0   0   0   0   0   0   0   0 100   0   0   0   0   0   0  0.78 0.01
  394 D    -2  -1   1   6  -4   0   2  -1  -1  -3  -4  -1  -3  -4  -1   0  -1  -4  -3  -3    0   0   0  87   0   0  13   0   0   0   0   0   0   0   0   0   0   0   0   0  0.86 0.01
  395 A     4  -1  -1  -2  -1  -1  -1   0  -2  -1  -2  -1  -1  -2  -1   1   1  -3  -2   0   87   0   0   0   0   0   0   0   0   0   0   0   0   0   0   4   9   0   0   0  0.37 0.01
  396 V     0  -3  -3  -3  -1  -2  -3  -3  -3   3   1  -2   1  -1  -2  -2   0  -3  -1   4    0   0   0   0   0   0   0   0   0   0   0   0   0   0   0   0   0   0   0 100  0.37 0.01
  397 S     1  -1   1   0  -1   0   0   0  -1  -2  -3   0  -2  -2  -1   4   1  -3  -2  -2    0   0   0   0   0   0   0   0   0   0   0   0   0   0   0 100   0   0   0   0  0.48 0.01
  398 G     0  -2   0  -1  -3  -2  -2   6  -2  -4  -4  -2  -3  -3  -2   0  -2  -3  -3  -3    0   0   0   0   0   0   0 100   0   0   0   0   0   0   0   0   0   0   0   0  1.06 0.01
  399 Q    -1   2   0  -1  -3   2   1  -2  -1  -3  -2   4  -1  -3  -1   0   0  -3  -2  -2    0   0   0   0   0  17   0   0   0   0   0  79   0   0   0   0   4   0   0   0  0.47 0.01
  400 K    -1   2   0  -1  -3   1   1  -2  -1  -3  -3   5  -1  -3  -1   0  -1  -3  -2  -2    0   0   0   0   0   0   0   0   0   0   0 100   0   0   0   0   0   0   0   0  0.54 0.01
  401 D    -2  -2   1   6  -4   0   1  -1  -1  -3  -4  -1  -3  -4  -2   0  -1  -4  -3  -3    0   0   0 100   0   0   0   0   0   0   0   0   0   0   0   0   0   0   0   0  0.96 0.01
  402 A     4  -1  -2  -2   0  -1  -1   0  -2  -1  -2  -1  -1  -2  -1   1   0  -3  -2   0   95   0   0   0   0   0   0   0   0   0   0   0   0   0   0   0   5   0   0   0  0.40 0.01
  403 K    -1   2   0  -1  -3   1   1  -2  -1  -3  -3   5  -1  -3  -1   0  -1  -3  -2  -2    0   0   0   0   0   0   0   0   0   0   0 100   0   0   0   0   0   0   0   0  0.54 0.01
  404 T     0  -1   0  -1  -1  -1  -1  -2  -2  -1  -1  -1  -1  -2  -1   1   5  -3  -2   0    0   0   0   0   0   0   0   0   0   0   0   0   0   0   0   0 100   0   0   0  0.50 0.01
  405 A     4  -1  -1  -2   0  -1  -1   0  -2  -1  -2  -1  -1  -2  -1   1   0  -3  -2   0   95   0   0   0   0   0   0   0   0   0   0   0   0   0   0   5   0   0   0   0  0.41 0.01
  406 A     4  -2  -2  -2   0  -1  -1   0  -2  -1  -1  -1  -1  -2  -1   1   0  -3  -2   0   95   0   0   0   0   0   0   0   0   0   0   0   0   0   0   0   0   0   0   5  0.38 0.01
  407 N    -1   0   5   2  -3   0   2  -1   0  -3  -3   0  -2  -3  -2   0   0  -4  -2  -3    0   0  77   5   0   0  17   0   0   0   0   0   0   0   0   0   0   0   0   0  0.61 0.01
  408 D    -2  -2   1   6  -4   0   1  -1  -1  -3  -4  -1  -3  -4  -2   0  -1  -4  -3  -3    0   0   0 100   0   0   0   0   0   0   0   0   0   0   0   0   0   0   0   0  0.96 0.01
  409 A     4  -1  -2  -2   0  -1  -1   0  -2  -1  -2  -1  -1  -2  -1   1   0  -3  -2   0  100   0   0   0   0   0   0   0   0   0   0   0   0   0   0   0   0   0   0   0  0.42 0.01
  410 V     0  -3  -3  -3  -1  -2  -3  -3  -3   3   1  -2   1  -1  -2  -2   0  -3  -1   4    0   0   0   0   0   0   0   0   0   0   0   0   0   0   0   0   0   0   0 100  0.37 0.01
  411 T     0   1   0  -1  -2   0   0  -2  -1  -1  -2   3  -1  -3  -1   1   4  -3  -2  -1    0   0   0   0   0   0   0   0   0   0   0  39   0   0   0   0  61   0   0   0  0.33 0.01
  412 L    -2  -2  -3  -4  -1  -2  -3  -4  -3   2   4  -3   2   0  -3  -3  -1  -2  -1   1    0   0   0   0   0   0   0   0   0   0 100   0   0   0   0   0   0   0   0   0  0.47 0.01
  413 I    -1  -3  -3  -3  -1  -3  -3  -4  -3   4   1  -3   1   0  -3  -2  -1  -3  -1   3    0   0   0   0   0   0   0   0   0 100   0   0   0   0   0   0   0   0   0   0  0.41 0.01
  414 K    -1   2   0  -1  -3   1   1  -2  -1  -3  -3   5  -1  -3  -1   0  -1  -3  -2  -2    0   0   0   0   0   0   0   0   0   0   0 100   0   0   0   0   0   0   0   0  0.54 0.01
  415 E    -1  -1   0   4  -4   1   4  -2   0  -3  -3   0  -2  -3  -1   0  -1  -3  -2  -3    0   0   0  32   0   0  68   0   0   0   0   0   0   0   0   0   0   0   0   0  0.68 0.01
  416 T     0  -1   0  -1  -1  -1  -1  -2  -2  -1  -1  -1  -1  -2  -1   1   5  -3  -2   0    0   0   0   0   0   0   0   0   0   0   0   0   0   0   0   0 100   0   0   0  0.50 0.01
  417 I    -1  -3  -3  -3  -1  -3  -3  -4  -3   4   1  -3   1   0  -3  -2  -1  -3  -1   3    0   0   0   0   0   0   0   0   0 100   0   0   0   0   0   0   0   0   0   0  0.41 0.01
  418 K     0   1   1   2  -3   2   2  -1  -1  -3  -3   3  -2  -3  -1   0  -1  -3  -2  -2    5   0   5  22   0  12   6   0   0   0   0  49   0   0   0   0   0   0   0   0  0.37 0.00
  419 Q    -1   1   0   0  -3   6   2  -2   0  -3  -2   1   0  -3  -1   0  -1  -2  -2  -2    0   0   0   0   0 100   0   0   0   0   0   0   0   0   0   0   0   0   0   0  0.69 0.01
  420 K    -1   2   0  -1  -3   1   1  -2  -1  -3  -3   5  -1  -3  -1   0  -1  -3  -2  -2    0   0   0   0   0   0   0   0   0   0   0 100   0   0   0   0   0   0   0   0  0.54 0.01
  421 F    -2  -3  -3  -4  -2  -3  -3  -3  -1   0   0  -3   0   6  -4  -2  -2   1   3  -1    0   0   0   0   0   0   0   0   0   0   0   0   0  95   0   0   0   0   5   0  0.76 0.01
  422 G     0  -2   0  -1  -3  -2  -2   6  -2  -4  -4  -2  -3  -3  -2   0  -2  -3  -3  -3    0   0   0   0   0   0   0 100   0   0   0   0   0   0   0   0   0   0   0   0  1.06 0.01
  423 E    -1   0   0   3  -4   1   4  -2   0  -3  -3   2  -2  -3  -1   0  -1  -3  -2  -3    0   0   0  16   0   0  63   0   0   0   0  20   0   0   0   0   0   0   0   0  0.56 0.00

                      K         Lambda
Standard Ungapped    0.1285     0.3103
Standard Gapped      0.0390     0.2670
PSI Ungapped         0.1274     0.3152
PSI Gapped           0.0390     0.2670
