
Last position-specific scoring matrix computed, weighted observed percentages rounded down, information per position, and relative weight of gapless real matches to pseudocounts
           A  R  N  D  C  Q  E  G  H  I  L  K  M  F  P  S  T  W  Y  V   A   R   N   D   C   Q   E   G   H   I   L   K   M   F   P   S   T   W   Y   V
    1 M   -1 -1 -2 -3 -1  0 -2 -3 -1  1  2 -1  5  0 -2 -1 -1 -1 -1  1    0   0   0   0   0   0   0   0   0   0   0   0   0   0   0   0   0   0   0   0  0.00    0.00
    2 A    4 -1 -1 -2  0 -1 -1  0 -2 -1 -1 -1 -1 -2 -1  1  0 -2 -2  0    0   0   0   0   0   0   0   0   0   0   0   0   0   0   0   0   0   0   0   0  0.00    0.00
    3 I   -1 -3 -3 -3 -1 -3 -3 -4 -3  4  2 -3  1  0 -3 -2 -1 -3 -1  3    0   0   0   0   0   0   0   0   0 100   0   0   0   0   0   0   0   0   0   0  0.39 0.00
    4 D   -2 -2  1  6 -4  0  2 -1 -1 -3 -4 -1 -3 -4 -2  0 -1 -4 -3 -3    0   0   0 100   0   0   0   0   0   0   0   0   0   0   0   0   0   0   0   0  0.93 0.00
    5 I   -1 -3 -3 -3 -1 -3 -3 -4 -3  3  3 -3  1  0 -3 -2 -1 -2 -1  3    0   0   0   0   0   0   0   0   0  33  34   0   0   0   0   0   0   0   0  33  0.33 0.01
    6 G    0 -2  3  0 -3 -1 -1  5 -1 -4 -4 -1 -3 -3 -2  0 -1 -3 -3 -3    0   0  33   0   0   0   0  67   0   0   0   0   0   0   0   0   0   0   0   0  0.72 0.01
    7 I    2 -2 -3 -3 -1 -2 -2 -2 -3  2  2 -2  1 -1 -2 -1 -1 -2 -1  1   34   0   0   0   0   0   0   0   0  33  33   0   0   0   0   0   0   0   0   0  0.19 0.01
    8 S    1 -1  0 -1 -1 -1 -1  3 -1 -3 -3 -1 -2 -3 -1  3  1 -3 -2 -2    0   0   0   0   0   0   0  34   0   0   0   0   0   0   0  66   0   0   0   0  0.46 0.01
    9 E   -1  0  0  2 -4  2  5 -2  0 -3 -3  1 -2 -3 -1  0 -1 -3 -2 -3    0   0   0   0   0   0 100   0   0   0   0   0   0   0   0   0   0   0   0   0  0.78 0.02
   10 E   -1  0  0  2 -4  2  5 -2  0 -3 -3  1 -2 -3 -1  0 -1 -3 -2 -3    0   0   0   0   0   0 100   0   0   0   0   0   0   0   0   0   0   0   0   0  0.78 0.02
   11 D    0 -2  1  3 -2 -1  0  3 -1 -3 -3 -1 -2 -3 -2  2  0 -3 -3 -3    0   0   0  33   0   0   0  34   0   0   0   0   0   0   0  33   0   0   0   0  0.46 0.01
   12 R   -1  5 -1 -2 -3  1 -1 -3 -1 -1  0  1  3 -2 -2 -1 -1 -2 -2 -1    0  66   0   0   0   0   0   0   0   0   0   0  34   0   0   0   0   0   0   0  0.43 0.02
   13 K   -1  1 -1 -1 -2  0  0 -2 -1  0 -1  4 -1 -2 -2 -1 -1 -3 -2  1    0   0   0   0   0   0   0   0   0   0   0  67   0   0   0   0   0   0   0  33  0.24 0.01
   14 S    0  0  0 -1 -2  0  0 -1 -1 -3 -3  2 -2 -3  5  2  0 -3 -2 -2    0   0   0   0   0   0   0   0   0   0   0  34   0   0  33  33   0   0   0   0  0.60 0.01
   15 I   -1 -2 -1  3 -2 -2 -1 -3 -2  3  0 -2  0 -1 -2 -1 -1 -3 -2  2    0   0   0  34   0   0   0   0   0  33   0   0   0   0   0   0   0   0   0  33  0.23 0.01
   16 V   -1 -3 -3 -3 -1 -3 -3 -4 -3  3  1 -3  1 -1 -3 -2  0 -3 -1  4    0   0   0   0   0   0   0   0   0  33   0   0   0   0   0   0   0   0   0  67  0.36 0.01
   17 E    2  0 -1  0 -2  3  3 -1  0 -2 -2  1 -1 -3 -1  0 -1 -3 -2 -2   34   0   0   0   0  33  33   0   0   0   0   0   0   0   0   0   0   0   0   0  0.38 0.01
   18 G    2 -2 -1 -1 -1 -1 -1  3 -2 -2 -2 -1 -1 -3 -1  1  2 -3 -2 -1   34   0   0   0   0   0   0  33   0   0   0   0   0   0   0   0  33   0   0   0  0.35 0.01
   19 L   -2 -2 -4 -4 -1 -2 -3 -4 -3  2  4 -3  2  0 -3 -3 -1 -2 -1  1    0   0   0   0   0   0   0   0   0   0 100   0   0   0   0   0   0   0   0   0  0.49 0.01
   20 S    0  0  4  0 -2  3  1 -1  0 -3 -3  0 -1 -3 -1  2  0 -3 -2 -2    0   0  33   0   0  34   0   0   0   0   0   0   0   0   0  33   0   0   0   0  0.40 0.01
   21 R   -1  4  0 -1 -3  5  1 -2  0 -3 -2  2 -1 -3 -2  0 -1 -2 -2 -3    0  33   0   0   0  67   0   0   0   0   0   0   0   0   0   0   0   0   0   0  0.59 0.02
   22 L    1 -2 -2 -2 -1 -1 -2 -2 -2  0  2 -1  3 -1 -2  0  2 -2 -1  0   25   0   0   0   0   0   0   0   0   0  26   0  25   0   0   0  25   0   0   0  0.18 0.02
   23 L   -2 -2 -4 -4 -1 -2 -3 -4 -3  1  4 -3  2  0 -3 -3 -1 -2 -1  1    0   0   0   0   0   0   0   0   0   0 100   0   0   0   0   0   0   0   0   0  0.52 0.03
   24 S    2 -2 -1 -1 -1 -1 -1 -1 -2  0 -1 -1 -1 -2 -1  2  2 -3 -2  1   25   0   0   0   0   0   0   0   0   0   0   0   0   0   0  26  25   0   0  25  0.21 0.01
   25 D   -2 -1  1  6 -4  0  3 -2 -1 -3 -4  0 -3 -4 -2  0 -1 -4 -3 -3    0   0   0  75   0   0  25   0   0   0   0   0   0   0   0   0   0   0   0   0  0.84 0.03
   26 T   -1 -2 -1 -2 -1 -1 -2 -3 -2  1  3 -2  1 -1 -2  0  3 -2 -2  0    0   0   0   0   0   0   0   0   0   0  49   0   0   0   0   0  51   0   0   0  0.28 0.02
   27 Y   -1 -1 -1 -2 -2  2  0 -3  0 -1  1 -1  0  0 -2  0  2  0  3 -1    0   0   0   0   0  25   0   0   0   0  25   0   0   0   0   0  25   0  26   0  0.20 0.02
   28 V   -1 -1  0  3 -3  3  3 -2 -1  0 -2  0 -1 -3 -2 -1 -1 -3 -2  1    0   0   0  25   0  25  25   0   0   0   0   0   0   0   0   0   0   0   0  26  0.30 0.02
   29 L   -2 -2 -4 -4 -1 -2 -3 -4 -3  1  4 -3  2  0 -3 -3 -1 -2 -1  1    0   0   0   0   0   0   0   0   0   0 100   0   0   0   0   0   0   0   0   0  0.52 0.03
   30 Y   -1  0 -1 -1 -3  5  1 -2  1 -3 -2  1 -1  0 -2 -1 -1  0  4 -2    0   0   0   0   0  74   0   0   0   0   0   0   0   0   0   0   0   0  26   0  0.56 0.04
   31 L   -1 -2 -2 -3 -1 -2 -2 -3 -2  1  3 -2  1  0 -2  1  0 -2 -1  0    0   0   0   0   0   0   0   0   0   0  75   0   0   0   0  25   0   0   0   0  0.28 0.02
   32 K   -1  1  0 -1 -3  5  2 -2  0 -3 -3  3 -1 -3 -1  0 -1 -2 -2 -3    0   0   0   0   0  74   0   0   0   0   0  26   0   0   0   0   0   0   0   0  0.62 0.03
   33 T    2 -2 -1 -1 -1 -1 -1  3 -2 -2 -2 -1 -1 -3 -1  1  3 -3 -2 -1   25   0   0   0   0   0   0  25   0   0   0   0   0   0   0   0  50   0   0   0  0.34 0.02
   34 H   -1  2  0 -1 -3  1  0 -2  5 -3 -3  4 -2 -3 -1 -1 -1 -3 -1 -3    0   0   0   0   0   0   0   0  26   0   0  74   0   0   0   0   0   0   0   0  0.50 0.03
   35 N   -1  0  3  0 -3  4  1 -2  0 -2 -2  0 -1  3 -2  0 -1 -1  0 -2    0   0  26   0   0  49   0   0   0   0   0   0   0  25   0   0   0   0   0   0  0.35 0.03
   36 F    4 -2 -2 -2 -1 -1 -2 -1 -2 -1 -1 -1 -1  3 -2  0 -1 -1  0  0   74   0   0   0   0   0   0   0   0   0   0   0   0  26   0   0   0   0   0   0  0.31 0.02
   37 H   -2 -1  0 -1 -3  0  0 -2  8 -4 -3 -1 -2 -2 -3 -1 -2 -3  2 -4    0   0   0   0   0   0   0   0 100   0   0   0   0   0   0   0   0   0   0   0  1.09 0.05
   38 W   -3 -3 -4 -5 -3 -2 -3 -3 -3 -3 -2 -3 -2  1 -4 -3 -3 11  2 -3    0   0   0   0   0   0   0   0   0   0   0   0   0   0   0   0   0 100   0   0  2.58 0.06
   39 N   -2 -1  6  1 -3  0  0 -1  0 -4 -4  0 -2 -3 -2  0  0 -4 -2 -3    0   0 100   0   0   0   0   0   0   0   0   0   0   0   0   0   0   0   0   0  0.85 0.04
   40 V    2 -2 -3 -3 -1 -2 -2 -2 -3  2  0 -2  0 -1 -2 -1  0 -3 -2  4   25   0   0   0   0   0   0   0   0   0   0   0   0   0   0   0   0   0   0  75  0.28 0.02
   41 T    0  0  0 -1 -1  0 -1 -2 -2  0 -1  2 -1 -2 -1  2  2 -3 -2  1    0   0   0   0   0   0   0   0   0   0   0  25   0   0   0  25  26   0   0  25  0.18 0.01
   42 G    0 -3 -1 -2 -3 -2 -2  6 -2 -4 -4 -2 -3 -3 -2  0 -2 -3 -3 -3    0   0   0   0   0   0   0 100   0   0   0   0   0   0   0   0   0   0   0   0  1.13 0.03
   43 P   -1  3 -1 -1 -3  0  0 -2 -1 -2 -2  2 -2 -3  4  0  2 -3 -2 -2    0  25   0   0   0   0   0   0   0   0   0  25   0   0  26   0  25   0   0   0  0.50 0.02
   44 M   -1 -1  2  0 -2  0  2 -2 -1  0  2 -1  3 -1 -2 -1 -1 -2 -2 -1    0   0  25   0   0   0  25   0   0   0  25   0  26   0   0   0   0   0   0   0  0.18 0.02
   45 F   -2 -3 -3 -4 -3 -3 -3 -3  0 -1  0 -3  0  6 -4 -2 -2  1  5 -1    0   0   0   0   0   0   0   0   0   0   0   0   0  75   0   0   0   0  25   0  0.79 0.03
   46 R   -2  4 -1 -3 -3  0 -1 -3  0 -2 -1  1 -1  3 -3 -2 -2  0  4 -2    0  50   0   0   0   0   0   0   0   0   0   0   0  25   0   0   0   0  25   0  0.45 0.02
   47 T   -1 -1  0  3 -3  2  1 -2 -1 -2 -3  0 -2 -3  4  0  2 -3 -2 -2    0   0   0  25   0  25   0   0   0   0   0   0   0   0  25   0  26   0   0   0  0.50 0.02
   48 L   -1 -2 -2 -3 -1 -2 -2 -3 -3  1  4 -2  2  0 -3 -1  2 -2 -1  1    0   0   0   0   0   0   0   0   0   0  75   0   0   0   0   0  25   0   0   0  0.33 0.02
   49 H   -2 -1  0 -1 -3  0  0 -2  8 -4 -3 -1 -2 -2 -3 -1 -2 -3  2 -4    0   0   0   0   0   0   0   0 100   0   0   0   0   0   0   0   0   0   0   0  1.09 0.05
   50 L   -2 -2 -4 -4 -1 -2 -3 -4 -3  1  4 -3  2  0 -3 -3 -1 -2 -1  1    0   0   0   0   0   0   0   0   0   0 100   0   0   0   0   0   0   0   0   0  0.52 0.03
   51 M   -1 -2 -3 -4 -1 -2 -3 -4 -3  2  3 -2  4  0 -3 -2 -1 -2 -1  2    0   0   0   0   0   0   0   0   0   0  50   0  26   0   0   0   0   0   0  25  0.34 0.02
   52 F   -2 -3 -3 -4 -2 -3 -3 -4 -2  1  3 -3  1  5 -4 -3 -2  0  2  0    0   0   0   0   0   0   0   0   0   0  49   0   0  51   0   0   0   0   0   0  0.49 0.02
   53 E   -1 -1  1  5 -4  3  3 -2 -1 -3 -3  0 -2 -4 -2  0 -1 -3 -3 -3    0   0   0  50   0  25  26   0   0   0   0   0   0   0   0   0   0   0   0   0  0.64 0.02
   54 E   -1  0  0  1 -4  2  5 -2  0 -4 -3  1 -2 -4 -1  0 -1 -3 -2 -3    0   0   0   0   0   0 100   0   0   0   0   0   0   0   0   0   0   0   0   0  0.83 0.04
   55 Q   -1 -1 -1 -2 -2  2  0 -3  4  3  0 -1  0 -1 -2 -1 -1 -3  0  1    0   0   0   0   0  26   0   0  25  50   0   0   0   0   0   0   0   0   0   0  0.22 0.02
   56 Y    1 -2 -2 -3 -2 -2 -2 -2  0  1  0 -2  0  2 -2 -1 -1  1  5  0   25   0   0   0   0   0   0   0   0  25   0   0   0   0   0   0   0   0  50   0  0.35 0.02
   57 N   -1  0  3  1 -4  1  5 -2  0 -4 -3  0 -2 -3 -2  0 -1 -3 -2 -3    0   0  26   0   0   0  74   0   0   0   0   0   0   0   0   0   0   0   0   0  0.64 0.03
   58 E    2 -1 -1  0 -2  0  2  2 -1 -2 -2  0 -2 -3 -1  1  2 -3 -2 -1   25   0   0   0   0   0  26  25   0   0   0   0   0   0   0   0  25   0   0   0  0.28 0.01
   59 L    1 -2 -3 -3 -1 -2 -2 -2 -3  1  4 -2  1  0 -2 -1 -1 -2 -1  1   25   0   0   0   0   0   0   0   0   0  75   0   0   0   0   0   0   0   0   0  0.31 0.02
   60 A    2  2  0 -1 -1  0  0 -1 -1 -2 -2  0 -1 -3 -1  3  1 -3 -2 -2   26  25   0   0   0   0   0   0   0   0   0   0   0   0   0  50   0   0   0   0  0.32 0.02
   61 L   -1  0 -1 -1 -3  0  2  2 -1 -1  1  2  0 -2 -2 -1 -1 -3 -2 -1    0   0   0   0   0   0  25  25   0   0  26  25   0   0   0   0   0   0   0   0  0.18 0.01
   62 A    1 -2 -1 -2 -2 -1 -1 -2  4 -1 -1 -2 -1  3 -2 -1 -1  0  4 -1   26   0   0   0   0   0   0   0  25   0   0   0   0  25   0   0   0   0  25   0  0.35 0.02
   63 V    2 -2 -1 -2 -1 -1 -1 -1 -2  1  0 -1  0 -2 -2  2  0 -3 -2  3   25   0   0   0   0   0   0   0   0   0   0   0   0   0   0  25   0   0   0  51  0.19 0.02
   64 D   -2 -2  1  6 -4 -1  1 -2 -1 -3 -4 -1 -3 -4 -2  0 -1 -5 -3 -4    0   0   0 100   0   0   0   0   0   0   0   0   0   0   0   0   0   0   0   0  1.04 0.04
   65 S    0 -1  0 -1 -1 -1 -1 -2 -2  0  1 -1  0 -1 -2  2  3 -3 -2  0    0   0   0   0   0   0   0   0   0   0  25   0   0   0   0  26  49   0   0   0  0.26 0.02
   66 I   -2 -3 -4 -4 -1 -3 -3 -4 -3  4  2 -3  1  0 -3 -3 -1 -3 -1  2    0   0   0   0   0   0   0   0   0  75  25   0   0   0   0   0   0   0   0   0  0.42 0.02
   67 A    4 -2 -2 -2 -1 -1 -1  0 -2 -2 -2 -1 -1 -2 -1  1  0 -3 -2  0  100   0   0   0   0   0   0   0   0   0   0   0   0   0   0   0   0   0   0   0  0.48 0.03
   68 E   -1  0  0  1 -4  2  5 -2  0 -4 -3  1 -2 -4 -1  0 -1 -3 -2 -3    0   0   0   0   0   0 100   0   0   0   0   0   0   0   0   0   0   0   0   0  0.83 0.04
   69 R   -2  6 -1 -2 -4  1  0 -3  0 -3 -2  2 -2 -3 -2 -1 -1 -3 -2 -3    0 100   0   0   0   0   0   0   0   0   0   0   0   0   0   0   0   0   0   0  0.87 0.04
   70 I   -1 -2 -3 -3 -1 -2 -3 -4 -3  3  2 -2  3  0 -3 -2 -1 -2 -1  2    0   0   0   0   0   0   0   0   0  26  25   0  25   0   0   0   0   0   0  25  0.31 0.01
   71 R   -1  4 -1 -2 -2  0 -1 -3 -1 -1  1  1  0 -2 -2  0  2 -3 -2 -1    0  50   0   0   0   0   0   0   0   0  25   0   0   0   0   0  25   0   0   0  0.29 0.02
   72 A    4 -2 -2 -2 -1 -1 -1  0 -2 -2 -2 -1 -1 -2 -1  1  0 -3 -2  0  100   0   0   0   0   0   0   0   0   0   0   0   0   0   0   0   0   0   0   0  0.48 0.03
   73 L   -1 -2 -4 -4 -1 -2 -3 -4 -3  2  4 -3  2  0 -3 -2 -1 -2 -1  2    0   0   0   0   0   0   0   0   0   0  75   0   0   0   0   0   0   0   0  25  0.41 0.02
   74 G    0 -2  0 -1 -3 -1 -2  5  4 -4 -4 -2 -3 -3 -2 -1 -2 -3 -1 -3    0   0   0   0   0   0   0  75  25   0   0   0   0   0   0   0   0   0   0   0  0.81 0.03
   75 F    1 -2 -2 -2 -2 -2 -2  2 -2  0 -1 -2 -1  3 -2 -1 -1 -1  0  1   25   0   0   0   0   0   0  25   0   0   0   0   0  26   0   0   0   0   0  25  0.19 0.01
   76 P    0 -1  0 -1 -2  3  0 -2 -1 -2 -2  0 -1 -3  4  2  2 -3 -2 -2    0   0   0   0   0  25   0   0   0   0   0   0   0   0  26  25  25   0   0   0  0.50 0.02
   77 A    4 -2 -2 -2 -1 -1 -1  0 -2 -2 -2 -1 -1 -3  4  1  0 -3 -2 -1   75   0   0   0   0   0   0   0   0   0   0   0   0   0  25   0   0   0   0   0  0.56 0.03
   78 P   -1 -2  0  4 -3 -1  0 -2 -2 -1 -1 -1  3 -2  4 -1 -1 -3 -3 -2    0   0   0  49   0   0   0   0   0   0   0   0  25   0  26   0   0   0   0   0  0.57 0.02
   79 G    0 -3 -1 -2 -3 -2 -2  6 -2 -4 -4 -2 -3 -3 -2  0 -2 -3 -3 -3    0   0   0   0   0   0   0 100   0   0   0   0   0   0   0   0   0   0   0   0  1.13 0.03
   80 A    1  4 -1 -2 -2  0 -1 -1 -1 -2 -2  1 -1 -3 -2  0  2 -3 -2 -1   26  49   0   0   0   0   0   0   0   0   0   0   0   0   0   0  25   0   0   0  0.35 0.02
   81 Y    2 -1 -1 -2 -1 -1 -1 -1  0 -2 -2 -1 -1  0 -1  2  2 -1  3 -1   25   0   0   0   0   0   0   0   0   0   0   0   0   0   0  25  25   0  26   0  0.26 0.02
   82 A    1  2  3  3 -2  0  0 -1 -1 -3 -3  0 -2 -3 -2  0 -1 -3 -2 -2   26  25  25  25   0   0   0   0   0   0   0   0   0   0   0   0   0   0   0   0  0.32 0.01
   83 T    0 -2 -1 -2 -1 -1 -2 -2 -2  2  0 -1  0 -2 -2  1  4 -3 -2  1    0   0   0   0   0   0   0   0   0  25   0   0   0   0   0   0  75   0   0   0  0.36 0.03
   84 Y    1 -2 -3 -3 -1 -2 -2 -2 -1  2  0 -2  0  1 -2 -1 -1 -1  3  2   25   0   0   0   0   0   0   0   0  25   0   0   0   0   0   0   0   0  26  25  0.20 0.01
   85 A    4 -2 -2 -2 -1 -1 -1 -1 -2  0 -1 -1 -1 -2 -1  1  0 -3 -2  2   75   0   0   0   0   0   0   0   0   0   0   0   0   0   0   0   0   0   0  25  0.31 0.02
   86 R    1  3 -1 -1 -2  1  0 -1 -1 -3 -2  4 -1 -3 -1  0 -1 -3 -2 -2   25  26   0   0   0   0   0   0   0   0   0  50   0   0   0   0   0   0   0   0  0.38 0.02
   87 L   -1 -2 -1 -2 -1 -1 -1 -2 -2  0  1 -1  0 -1 -2  1  4 -2 -2  0    0   0   0   0   0   0   0   0   0   0  26   0   0   0   0   0  74   0   0   0  0.35 0.03
   88 S    1 -1  0 -1 -1  0  0 -1 -1 -2 -2  0 -1 -3 -1  4  3 -3 -2 -1    0   0   0   0   0   0   0   0   0   0   0   0   0   0   0  75  25   0   0   0  0.45 0.03
   89 S    0  2  0 -1 -2  0 -1  2 -1 -2 -2  0 -2 -3 -2  2  2 -3 -2 -2    0  25   0   0   0   0   0  25   0   0   0   0   0   0   0  26  25   0   0   0  0.31 0.01
   90 I   -1 -3 -3 -3 -1 -3 -3 -4 -3  4  2 -3  1  0 -3 -2 -1 -3 -1  3    0   0   0   0   0   0   0   0   0  51  25   0   0   0   0   0   0   0   0  25  0.37 0.02
   91 K   -1 -1 -2 -1 -3 -1 -1 -2 -2 -3 -3  2 -2 -4  7 -1 -1 -4 -3 -3    0   0   0   0   0   0   0   0   0   0   0  26   0   0  74   0   0   0   0   0  1.44 0.03
   92 E   -1  0  0  1 -4  2  5 -2  0 -4 -3  1 -2 -4 -1  0 -1 -3 -2 -3    0   0   0   0   0   0 100   0   0   0   0   0   0   0   0   0   0   0   0   0  0.83 0.04
   93 E   -1 -2 -2 -1 -3 -1  2 -3 -2  1  0 -1 -1  3  4 -1 -1 -2  0  0    0   0   0   0   0   0  26   0   0  25   0   0   0  25  25   0   0   0   0   0  0.34 0.02
   94 E   -1 -2 -2 -1 -3  0  2 -2 -2 -3 -3 -1 -3 -4  7 -1 -1 -4 -3 -3    0   0   0   0   0   0  26   0   0   0   0   0   0   0  74   0   0   0   0   0  1.48 0.03
   95 G    0 -2  0 -1 -2 -1 -1  5 -2 -3 -2 -1 -2 -2 -1  0 -1 -2 -2 -2    2   1   1   1   0   1   2  77   1   1   2   1   1   1   1   2   1   0   1   2  0.68 0.02
   96 V    0 -1 -1  0 -1  0  2 -1 -1  0  0  0  0 -1  0  0  0 -1 -1  1    4   3   2   3   1   2  28   4   1   3   4   3   1   2   3   4   3   1   2  29  0.07 0.00
   97 P   -1 -2 -2 -2 -1 -1 -1 -2 -2  2  0 -1  0 -1  4 -1  0 -2 -1  2    2   1   1   1   0   1   2   2   1  26   2   1   1   1  27   2   1   0   1  27  0.33 0.01
   98 S    0 -1  0  0 -2  0  2  3 -1 -3 -3  0 -2 -3 -1  3  0 -3 -2 -2    0   0   0   0   0   0  25  25   0   0   0   0   0   0   0  50   0   0   0   0  0.39 0.02
   99 A    3 -2 -2 -2 -1 -1 -1 -1 -2 -1 -1 -1 -1  3 -2  1  2 -1  0  0   51   0   0   0   0   0   0   0   0   0   0   0   0  25   0   0  25   0   0   0  0.23 0.02
  100 E   -1 -1 -1 -1 -2  0  2 -3 -2  1  1 -1  0 -1 -2  0  2 -3 -2  2    0   0   0   0   0   0  26   0   0   0  25   0   0   0   0   0  25   0   0  25  0.15 0.01
  101 D   -2 -2  1  6 -4 -1  1 -2 -1 -3 -4 -1 -3 -4 -2  0 -1 -5 -3 -4    0   0   0 100   0   0   0   0   0   0   0   0   0   0   0   0   0   0   0   0  1.04 0.04
  102 M   -1 -2  0  4 -2 -1  0 -2 -2 -1 -1 -1  3 -2 -2  0  2 -3 -2 -1    0   0   0  50   0   0   0   0   0   0   0   0  26   0   0   0  25   0   0   0  0.36 0.02
  103 I    1 -3 -3 -3 -1 -2 -2 -2 -3  3  1 -2  1 -1 -2 -1  0 -3 -2  3   25   0   0   0   0   0   0   0   0  50   0   0   0   0   0   0   0   0   0  25  0.25 0.02
  104 K   -1  1  0  3 -4  3  3 -2  0 -3 -3  2 -2 -3 -1  0 -1 -3 -2 -3    0   0   0  25   0  25  25   0   0   0   0  26   0   0   0   0   0   0   0   0  0.48 0.02
  105 Q   -1 -1 -2 -2 -2  2 -1 -3  0  2  2 -1  1  1 -3 -2 -1  0  3  0    0   0   0   0   0  26   0   0   0  25  25   0   0   0   0   0   0   0  25   0  0.20 0.02
  106 L   -2 -3 -4 -4 -1 -3 -3 -4 -3  3  4 -3  2  0 -3 -3 -1 -2 -1  1    0   0   0   0   0   0   0   0   0  25  75   0   0   0   0   0   0   0   0   0  0.44 0.02
  107 V   -1 -2 -2 -1 -2 -1  2 -3 -2  2  2 -1  1 -1 -2 -1 -1 -3 -2  3    0   0   0   0   0   0  25   0   0   0  25   0   0   0   0   0   0   0   0  50  0.19 0.02
  108 E   -2 -1  3  0 -3  0  2 -2 -1 -3 -3 -1 -2 -1 -3 -1 -1  9  1 -3    0   0  25   0   0   0  26   0   0   0   0   0   0   0   0   0   0  50   0   0  1.05 0.03
  109 G   -1 -3 -2 -3 -2 -2 -3  2 -2  1  2 -2  0  3 -3 -2 -1 -1  0  1    0   0   0   0   0   0   0  26   0   0  25   0   0  25   0   0   0   0   0  25  0.20 0.01
  110 Q    1 -1 -1 -2 -1  2  0 -2 -1 -1  1  0  0 -2 -2  0  2 -2 -2  0   25   0   0   0   0  26   0   0   0   0  25   0   0   0   0   0  25   0   0   0  0.16 0.01
  111 E   -2  3  3  3 -4  1  3 -2  0 -3 -3  1 -2 -3 -2  0 -1 -4 -2 -3    0  25  25  25   0   0  26   0   0   0   0   0   0   0   0   0   0   0   0   0  0.47 0.02
  112 A    4 -1 -1 -2 -1 -1 -1  0  4 -2 -2 -1 -1 -2 -1  1 -1 -3 -1 -1   75   0   0   0   0   0   0   0  25   0   0   0   0   0   0   0   0   0   0   0  0.38 0.03
  113 V   -1  2 -2 -3 -2 -1 -2 -3 -1  1  0 -1  0  0 -3 -2 -1 -1  3  3    0  25   0   0   0   0   0   0   0   0   0   0   0   0   0   0   0   0  25  51  0.22 0.02
  114 T    0  0  0 -1 -2  0 -1  2 -1 -2 -2  2 -2 -3 -1  2  2 -3 -2 -2    0   0   0   0   0   0   0  25   0   0   0  25   0   0   0  25  26   0   0   0  0.30 0.01
  115 R   -2  5  0 -2 -4  1  0 -3  5 -3 -3  2 -2 -3 -2 -1 -1 -3 -1 -3    0  75   0   0   0   0   0   0  25   0   0   0   0   0   0   0   0   0   0   0  0.68 0.03
  116 T   -1 -2 -1 -2 -2 -1 -2 -3  4  0 -1 -2  0  3 -2 -1  2 -1  1  1    0   0   0   0   0   0   0   0  25   0   0   0   0  25   0   0  26   0   0  25  0.21 0.02
  117 A    3 -2 -2 -2 -1 -1 -2  3 -2  0 -1 -1 -1 -2 -2  0  0 -3 -2  1   51   0   0   0   0   0   0  25   0   0   0   0   0   0   0   0   0   0   0  25  0.27 0.02
  118 R   -1  4  0  0 -3  1  2 -2  0 -3 -3  1 -2 -3 -2  2  0 -3 -2 -2    0  50   0   0   0   0  25   0   0   0   0   0   0   0   0  25   0   0   0   0  0.45 0.02
  119 G   -1 -2 -2 -1 -3 -1  2  2 -1 -2 -1 -1 -1  5 -3 -1 -2  0  1 -2    0   0   0   0   0   0  25  26   0   0   0   0   0  50   0   0   0   0   0   0  0.33 0.02
  120 I   -1 -2 -2 -3 -1 -2 -2 -3 -3  3  2 -2  1 -1 -2 -1  2 -3 -1  2    0   0   0   0   0   0   0   0   0  26  25   0   0   0   0   0  25   0   0  25  0.24 0.01
  121 F   -1  2 -1 -2 -2  0 -1 -2  4 -2 -1  0 -1  3 -2  0  2 -1  1 -2    0  25   0   0   0   0   0   0  25   0   0   0   0  26   0   0  25   0   0   0  0.26 0.02
  122 P    1 -2 -1  3 -2 -1  0 -1 -2 -3 -3 -1 -2 -3  6  0 -1 -4 -3 -2   25   0   0  25   0   0   0   0   0   0   0   0   0   0  50   0   0   0   0   0  0.91 0.02
  123 L    3 -2 -1 -2 -1 -1 -1 -1 -2 -1  1 -1  0 -1 -1  2  0 -3 -2  0   50   0   0   0   0   0   0   0   0   0  26   0   0   0   0  25   0   0   0   0  0.21 0.02
  124 L   -1 -3 -3 -4 -1 -2 -3 -4 -3  3  3 -2  3  0 -3 -2 -1 -2 -1  2    0   0   0   0   0   0   0   0   0  50  26   0  25   0   0   0   0   0   0   0  0.35 0.02
  125 D   -1  1  0  3 -4  1  3 -2 -1 -3 -3  3 -2 -3 -1  0 -1 -3 -2 -3    0   0   0  26   0   0  25   0   0   0   0  49   0   0   0   0   0   0   0   0  0.48 0.02
  126 K   -1  2  0 -1 -3  1  0 -2 -1 -2 -2  4 -1 -3 -1  0  2 -3 -2 -2    0   0   0   0   0   0   0   0   0   0   0  75   0   0   0   0  25   0   0   0  0.43 0.03
  127 V    0 -2 -1 -2 -1 -2 -2 -3 -2  1  2 -2  1 -1 -2  0  3 -3 -2  2    0   0   0   0   0   0   0   0   0   0  25   0   0   0   0   0  49   0   0  26  0.25 0.02
  128 S    0 -1  0  0 -2  0  3  3 -1 -3 -3  0 -2 -3 -1  2  0 -3 -2 -3    0   0   0   0   0   0  34  33   0   0   0   0   0   0   0  33   0   0   0   0  0.41 0.01
  129 D   -2 -2  1  6 -4  0  1 -1 -1 -3 -4 -1 -3 -4 -2  0 -1 -5 -3 -3    0   0   0 100   0   0   0   0   0   0   0   0   0   0   0   0   0   0   0   0  0.98 0.02
  130 E   -1 -1  0  4 -4  1  4 -2 -1 -3 -3  0 -3 -4 -1  0 -1 -3 -3 -3    0   0   0  34   0   0  66   0   0   0   0   0   0   0   0   0   0   0   0   0  0.69 0.01
  131 P   -1 -2 -1  3 -3 -1  0 -2 -2 -3 -3 -1 -3 -4  7 -1 -1 -4 -3 -3    0   0   0  33   0   0   0   0   0   0   0   0   0   0  67   0   0   0   0   0  1.33 0.02
  132 T    0 -1  0 -1 -1 -1 -1 -2 -2 -1 -1 -1 -1 -2 -1  1  5 -3 -2  0    0   0   0   0   0   0   0   0   0   0   0   0   0   0   0   0 100   0   0   0  0.52 0.02
  133 A    3 -1 -1 -2 -1 -1 -1  0 -2 -1 -2 -1 -1 -2 -1  1  3 -3 -2  0   66   0   0   0   0   0   0   0   0   0   0   0   0   0   0   0  34   0   0   0  0.33 0.01
  134 D   -1 -1  1  5 -3  0  1 -1 -1 -3 -3 -1 -3 -3 -1  2  0 -4 -3 -3    0   0   0  66   0   0   0   0   0   0   0   0   0   0   0  34   0   0   0   0  0.62 0.01
  135 L   -2 -2  3 -1 -2 -1 -2 -2 -1  1  3 -2  1  0 -3 -1 -1 -2 -1  0    0   0  34   0   0   0   0   0   0   0  66   0   0   0   0   0   0   0   0   0  0.25 0.01
  136 L   -2 -3 -3 -4 -2 -3 -3 -4 -2  1  3 -3  2  4 -3 -3 -2 -1  1  0    0   0   0   0   0   0   0   0   0   0  67   0   0  33   0   0   0   0   0   0  0.42 0.01
  137 T   -1 -2 -1 -2 -1 -1 -2 -2 -2  0  2 -1  0 -1 -2  1  4 -2 -2  0    0   0   0   0   0   0   0   0   0   0  34   0   0   0   0   0  66   0   0   0  0.29 0.01
  138 Q   -1  1  0  0 -3  5  3 -2  0 -3 -3  1 -1 -3 -1  0 -1 -2 -2 -2    0   0   0   0   0  67  33   0   0   0   0   0   0   0   0   0   0   0   0   0  0.63 0.02
  139 R   -1  3 -1  0 -3  1  3 -3 -1  1 -1  1  0 -2 -2 -1 -1 -3 -2  0    0  33   0   0   0   0  34   0   0  33   0   0   0   0   0   0   0   0   0   0  0.23 0.01
  140 M    0 -2 -1 -2 -1 -1 -1 -2 -2  1  1 -1  3 -1 -2  2  0 -2 -1  2    0   0   0   0   0   0   0   0   0   0   0   0  33   0   0  33   0   0   0  34  0.16 0.01
  141 Q   -1  3  0  0 -4  4  3 -2  0 -3 -3  1 -1 -3 -2  0 -1 -3 -2 -3    0  33   0   0   0  33  34   0   0   0   0   0   0   0   0   0   0   0   0   0  0.53 0.01
  142 V   -1 -1 -1  0 -2  0  3 -3  5  0 -1 -1 -1 -2 -2 -1 -1 -3  0  1    0   0   0   0   0   0  33   0  34   0   0   0   0   0   0   0   0   0   0  33  0.26 0.01
  143 H   -1 -2 -1 -2 -2 -1 -1  3  5  0 -1 -2 -1 -2 -2 -1 -1 -3  0  1    0   0   0   0   0   0   0  34  33   0   0   0   0   0   0   0   0   0   0  33  0.27 0.01
  144 E   -1 -1  0  4 -3  0  3  3 -1 -4 -4  0 -3 -3 -2  0 -1 -3 -3 -3    0   0   0  33   0   0  33  34   0   0   0   0   0   0   0   0   0   0   0   0  0.53 0.01
  145 K   -1  1  0 -1 -2  1  0 -2 -1 -2 -2  4 -1 -3 -1  0  2 -3 -2 -1    0   0   0   0   0   0   0   0   0   0   0  67   0   0   0   0  33   0   0   0  0.37 0.01
  146 T   -1  0 -1 -1 -2  3  0 -2  0 -2 -2  0 -1  0 -2  0  2  0  4 -1    0   0   0   0   0  33   0   0   0   0   0   0   0   0   0   0  33   0  34   0  0.31 0.01
  147 A    2 -1 -1 -2 -1  3  0 -1 -1  0  2  0  1 -1 -2  0 -1 -2 -2  0   33   0   0   0   0  34   0   0   0   0  33   0   0   0   0   0   0   0   0   0  0.17 0.01
  148 W   -2 -3 -3 -4 -3 -2 -3 -3  0 -2 -2 -3 -1  2 -4 -3 -2 10  5 -2    0   0   0   0   0   0   0   0   0   0   0   0   0   0   0   0   0  67  33   0  1.67 0.02
  149 M   -1 -1 -2 -2 -2  3  0 -3 -1  0  1 -1  3  4 -2 -1 -1 -1  1 -1    0   0   0   0   0  34   0   0   0   0   0   0  33  33   0   0   0   0   0   0  0.25 0.01
  150 L   -1 -2 -3 -4 -1 -2 -3 -4 -2  1  4 -2  4  0 -3 -2 -1 -2 -1  1    0   0   0   0   0   0   0   0   0   0  66   0  34   0   0   0   0   0   0   0  0.40 0.01
  151 R   -1  5  0  0 -4  1  3 -2  0 -3 -3  2 -2 -3 -2 -1 -1 -3 -2 -3    0  67   0   0   0   0  33   0   0   0   0   0   0   0   0   0   0   0   0   0  0.60 0.01
  152 A    4 -1 -1 -1 -1 -1 -1  0 -1 -2 -2 -1 -1 -2 -1  3  0 -3 -2 -1   67   0   0   0   0   0   0   0   0   0   0   0   0   0   0  33   0   0   0   0  0.37 0.01
  153 L   -1  0 -1 -1 -2  3  0 -3  5 -1  1  0  0 -1 -2 -1 -1 -2  0 -1    0   0   0   0   0  34   0   0  33   0  33   0   0   0   0   0   0   0   0   0  0.29 0.01
  154 L   -2 -2 -4 -4 -1 -2 -3 -4 -3  2  4 -3  2  0 -3 -3 -1 -2 -1  1    0   0   0   0   0   0   0   0   0   0 100   0   0   0   0   0   0   0   0   0  0.49 0.01
  155 E   -1  1  0  0 -3  5  3 -2  0 -3 -3  1 -1 -3 -1  0 -1 -2 -2 -2    0   0   0   0   0  67  33   0   0   0   0   0   0   0   0   0   0   0   0   0  0.63 0.02
  156 A    4 -1 -1 -2  0 -1 -1  0 -2 -1 -1 -1 -1 -2 -1  1  0 -2 -2  0    0   0   0   0   0   0   0   0   0   0   0   0   0   0   0   0   0   0   0   0  0.00    0.00

                      K         Lambda
Standard Ungapped    0.1332     0.3184
Standard Gapped      0.0410     0.2670
PSI Ungapped         0.1233     0.3179
PSI Gapped           0.0377     0.2670
