
Last position-specific scoring matrix computed, weighted observed percentages rounded down, information per position, and relative weight of gapless real matches to pseudocounts
           A  R  N  D  C  Q  E  G  H  I  L  K  M  F  P  S  T  W  Y  V   A   R   N   D   C   Q   E   G   H   I   L   K   M   F   P   S   T   W   Y   V
    1 M   -1 -1 -2 -3 -1  0 -2 -3 -2  1  2 -1  5  0 -2 -1 -1 -1 -1  1    0   0   0   0   0   0   0   0   0   0   0   0   0   0   0   0   0   0   0   0  0.00    0.00
    2 K   -1  2  0 -1 -3  1  1 -2 -1 -3 -2  4 -1 -3 -1  0 -1 -3 -2 -2    0   0   0   0   0   0   0   0   0   0   0   0   0   0   0   0   0   0   0   0  0.00    0.00
    3 N   -2  0  6  1 -3  0  0  0  1 -3 -3  0 -2 -3 -2  1  0 -4 -2 -3    0   0   0   0   0   0   0   0   0   0   0   0   0   0   0   0   0   0   0   0  0.00    0.00
    4 R   -1  5  0 -2 -3  1  0 -2  0 -3 -2  2 -1 -3 -2 -1 -1 -3 -2 -2    0   0   0   0   0   0   0   0   0   0   0   0   0   0   0   0   0   0   0   0  0.00    0.00
    5 L   -1 -2 -3 -4 -1 -2 -3 -4 -3  2  4 -2  2  0 -3 -2 -1 -2 -1  1    0   0   0   0   0   0   0   0   0   0   0   0   0   0   0   0   0   0   0   0  0.00    0.00
    6 P   -1 -2 -2 -1 -3 -1 -1 -2 -2 -3 -3 -1 -2 -4  7 -1 -1 -4 -3 -2    0   0   0   0   0   0   0   0   0   0   0   0   0   0   0   0   0   0   0   0  0.00    0.00
    7 A    4 -1 -2 -2  0 -1 -1  0 -2 -1 -1 -1 -1 -2 -1  1  0 -2 -2  0    0   0   0   0   0   0   0   0   0   0   0   0   0   0   0   0   0   0   0   0  0.00    0.00
    8 V    0 -2 -3 -3 -1 -2 -2 -3 -3  3  1 -2  1 -1 -2 -2  0 -3 -1  4    0   0   0   0   0   0   0   0   0   0   0   0   0   0   0   0   0   0   0   0  0.00    0.00
    9 I   -1 -3 -3 -3 -1 -3 -3 -4 -3  4  2 -3  1  0 -3 -2 -1 -3 -1  3    0   0   0   0   0   0   0   0   0   0   0   0   0   0   0   0   0   0   0   0  0.00    0.00
   10 L   -1 -2 -3 -4 -1 -2 -3 -4 -3  2  4 -2  2  0 -3 -2 -1 -2 -1  1    0   0   0   0   0   0   0   0   0   0   0   0   0   0   0   0   0   0   0   0  0.00    0.00
   11 L   -1 -2 -3 -4 -1 -2 -3 -4 -3  2  4 -2  2  0 -3 -2 -1 -2 -1  1    0   0   0   0   0   0   0   0   0   0   0   0   0   0   0   0   0   0   0   0  0.00    0.00
   12 F   -2 -3 -3 -3 -2 -3 -3 -3 -1  0  0 -3  0  6 -4 -2 -2  1  3 -1    0   0   0   0   0   0   0   0   0   0   0   0   0   0   0   0   0   0   0   0  0.00    0.00
   13 A    4 -1 -2 -2  0 -1 -1  0 -2 -1 -1 -1 -1 -2 -1  1  0 -2 -2  0    0   0   0   0   0   0   0   0   0   0   0   0   0   0   0   0   0   0   0   0  0.00    0.00
   14 G    0 -2  0 -1 -2 -2 -2  6 -2 -4 -4 -2 -3 -3 -2  0 -2 -2 -3 -3    0   0   0   0   0   0   0   0   0   0   0   0   0   0   0   0   0   0   0   0  0.00    0.00
   15 I   -1 -3 -3 -3 -1 -3 -3 -4 -3  4  2 -3  1  0 -3 -2 -1 -3 -1  3    0   0   0   0   0   0   0   0   0   0   0   0   0   0   0   0   0   0   0   0  0.00    0.00
   16 F   -2 -3 -3 -3 -2 -3 -3 -3 -1  0  0 -3  0  6 -4 -2 -2  1  3 -1    0   0   0   0   0   0   0   0   0   0   0   0   0   0   0   0   0   0   0   0  0.00    0.00
   17 V    0 -2 -3 -3 -1 -2 -2 -3 -3  3  1 -2  1 -1 -2 -2  0 -3 -1  4    0   0   0   0   0   0   0   0   0   0   0   0   0   0   0   0   0   0   0   0  0.00    0.00
   18 L   -1 -2 -3 -4 -1 -2 -3 -4 -3  2  4 -2  2  0 -3 -2 -1 -2 -1  1    0   0   0   0   0   0   0   0   0   0   0   0   0   0   0   0   0   0   0   0  0.00    0.00
   19 L   -1 -2 -3 -4 -1 -2 -3 -4 -3  2  4 -2  2  0 -3 -2 -1 -2 -1  1    0   0   0   0   0   0   0   0   0   0   0   0   0   0   0   0   0   0   0   0  0.00    0.00
   20 N   -2  0  6  1 -3  0  0  0  1 -3 -3  0 -2 -3 -2  1  0 -4 -2 -3    0   0   0   0   0   0   0   0   0   0   0   0   0   0   0   0   0   0   0   0  0.00    0.00
   21 S    1 -1  1  0 -1  0  0  0 -1 -2 -2  0 -1 -2 -1  4  1 -3 -2 -2    0   0   0   0   0   0   0   0   0   0   0   0   0   0   0   0   0   0   0   0  0.00    0.00
   22 L   -1 -2 -3 -4 -1 -2 -3 -4 -3  2  4 -2  2  0 -3 -2 -1 -2 -1  1    0   0   0   0   0   0   0   0   0   0   0   0   0   0   0   0   0   0   0   0  0.00    0.00
   23 N   -2  0  6  1 -3  0  0  0  1 -3 -3  0 -2 -3 -2  1  0 -4 -2 -3    0   0   0   0   0   0   0   0   0   0   0   0   0   0   0   0   0   0   0   0  0.00    0.00
   24 I   -1 -3 -3 -3 -1 -3 -3 -4 -3  4  2 -3  1  0 -3 -2 -1 -3 -1  3    0   0   0   0   0   0   0   0   0   0   0   0   0   0   0   0   0   0   0   0  0.00    0.00
   25 I   -1 -3 -3 -3 -1 -3 -3 -4 -3  4  2 -3  1  0 -3 -2 -1 -3 -1  3    0   0   0   0   0   0   0   0   0   0   0   0   0   0   0   0   0   0   0   0  0.00    0.00
   26 T    0 -1  0 -1 -1 -1 -1 -2 -2 -1 -1 -1 -1 -2 -1  1  4 -2 -2  0    0   0   0   0   0   0   0   0   0   0   0   0   0   0   0   0   0   0   0   0  0.00    0.00
   27 F   -2 -3 -3 -3 -2 -3 -3 -3 -1  0  0 -3  0  6 -4 -2 -2  1  3 -1    0   0   0   0   0   0   0   0   0   0   0   0   0   0   0   0   0   0   0   0  0.00    0.00
   28 S    1 -1  1  0 -1  0  0  0 -1 -2 -2  0 -1 -2 -1  4  1 -3 -2 -2    0   0   0   0   0   0   0   0   0   0   0   0   0   0   0   0   0   0   0   0  0.00    0.00
   29 R   -1  5  0 -2 -3  1  0 -2  0 -3 -2  2 -1 -3 -2 -1 -1 -3 -2 -2    0   0   0   0   0   0   0   0   0   0   0   0   0   0   0   0   0   0   0   0  0.00    0.00
   30 L   -1 -2 -3 -4 -1 -2 -3 -4 -3  2  4 -2  2  0 -3 -2 -1 -2 -1  1    0   0   0   0   0   0   0   0   0   0   0   0   0   0   0   0   0   0   0   0  0.00    0.00
   31 F   -2 -3 -3 -3 -2 -3 -3 -3 -1  0  0 -3  0  6 -4 -2 -2  1  3 -1    0   0   0   0   0   0   0   0   0   0   0   0   0   0   0   0   0   0   0   0  0.00    0.00
   32 L   -1 -2 -3 -4 -1 -2 -3 -4 -3  2  4 -2  2  0 -3 -2 -1 -2 -1  1    0   0   0   0   0   0   0   0   0   0   0   0   0   0   0   0   0   0   0   0  0.00    0.00
   33 V    0 -2 -3 -3 -1 -2 -2 -3 -3  3  1 -2  1 -1 -2 -2  0 -3 -1  4    0   0   0   0   0   0   0   0   0   0   0   0   0   0   0   0   0   0   0   0  0.00    0.00
   34 L   -1 -2 -3 -4 -1 -2 -3 -4 -3  2  4 -2  2  0 -3 -2 -1 -2 -1  1    0   0   0   0   0   0   0   0   0   0   0   0   0   0   0   0   0   0   0   0  0.00    0.00
   35 I   -1 -3 -3 -3 -1 -3 -3 -4 -3  4  2 -3  1  0 -3 -2 -1 -3 -1  3    0   0   0   0   0   0   0   0   0   0   0   0   0   0   0   0   0   0   0   0  0.00    0.00
   36 S    1 -1  1  0 -1  0  0  0 -1 -2 -2  0 -1 -2 -1  4  1 -3 -2 -2    0   0   0   0   0   0   0   0   0   0   0   0   0   0   0   0   0   0   0   0  0.00    0.00
   37 A    4 -1 -2 -2  0 -1 -1  0 -2 -1 -1 -1 -1 -2 -1  1  0 -2 -2  0    0   0   0   0   0   0   0   0   0   0   0   0   0   0   0   0   0   0   0   0  0.00    0.00
   38 F   -2 -3 -3 -3 -2 -3 -3 -3 -1  0  0 -3  0  6 -4 -2 -2  1  3 -1    0   0   0   0   0   0   0   0   0   0   0   0   0   0   0   0   0   0   0   0  0.00    0.00
   39 L   -1 -2 -3 -4 -1 -2 -3 -4 -3  2  4 -2  2  0 -3 -2 -1 -2 -1  1    0   0   0   0   0   0   0   0   0   0   0   0   0   0   0   0   0   0   0   0  0.00    0.00
   40 I   -1 -3 -3 -3 -1 -3 -3 -4 -3  4  2 -3  1  0 -3 -2 -1 -3 -1  3    0   0   0   0   0   0   0   0   0   0   0   0   0   0   0   0   0   0   0   0  0.00    0.00
   41 L   -1 -2 -3 -4 -1 -2 -3 -4 -3  2  4 -2  2  0 -3 -2 -1 -2 -1  1    0   0   0   0   0   0   0   0   0   0   0   0   0   0   0   0   0   0   0   0  0.00    0.00
   42 F   -2 -3 -3 -3 -2 -3 -3 -3 -1  0  0 -3  0  6 -4 -2 -2  1  3 -1    0   0   0   0   0   0   0   0   0   0   0   0   0   0   0   0   0   0   0   0  0.00    0.00
   43 I   -1 -3 -3 -3 -1 -3 -3 -4 -3  4  2 -3  1  0 -3 -2 -1 -3 -1  3    0   0   0   0   0   0   0   0   0   0   0   0   0   0   0   0   0   0   0   0  0.00    0.00
   44 L   -1 -2 -3 -4 -1 -2 -3 -4 -3  2  4 -2  2  0 -3 -2 -1 -2 -1  1    0   0   0   0   0   0   0   0   0   0   0   0   0   0   0   0   0   0   0   0  0.00    0.00
   45 V    0 -2 -3 -3 -1 -2 -2 -3 -3  3  1 -2  1 -1 -2 -2  0 -3 -1  4    0   0   0   0   0   0   0   0   0   0   0   0   0   0   0   0   0   0   0   0  0.00    0.00
   46 L   -1 -2 -3 -4 -1 -2 -3 -4 -3  2  4 -2  2  0 -3 -2 -1 -2 -1  1    0   0   0   0   0   0   0   0   0   0   0   0   0   0   0   0   0   0   0   0  0.00    0.00
   47 F   -2 -3 -3 -3 -2 -3 -3 -3 -1  0  0 -3  0  6 -4 -2 -2  1  3 -1    0   0   0   0   0   0   0   0   0   0   0   0   0   0   0   0   0   0   0   0  0.00    0.00
   48 L   -1 -2 -3 -4 -1 -2 -3 -4 -3  2  4 -2  2  0 -3 -2 -1 -2 -1  1    0   0   0   0   0   0   0   0   0   0   0   0   0   0   0   0   0   0   0   0  0.00    0.00
   49 F   -2 -3 -3 -3 -2 -3 -3 -3 -1  0  0 -3  0  6 -4 -2 -2  1  3 -1    0   0   0   0   0   0   0   0   0   0   0   0   0   0   0   0   0   0   0   0  0.00    0.00
   50 S    1 -1  1  0 -1  0  0  0 -1 -2 -2  0 -1 -2 -1  4  1 -3 -2 -2    0   0   0   0   0   0   0   0   0   0   0   0   0   0   0   0   0   0   0   0  0.00    0.00
   51 K   -1  2  0 -1 -3  1  1 -2 -1 -3 -2  4 -1 -3 -1  0 -1 -3 -2 -2    0   0   0   0   0   0   0   0   0   0   0   0   0   0   0   0   0   0   0   0  0.00    0.00
   52 Y   -2 -2 -2 -3 -2 -1 -2 -3  2 -1 -1 -2 -1  3 -3 -2 -2  2  7 -1    0   0   0   0   0   0   0   0   0   0   0   0   0   0   0   0   0   0   0   0  0.00    0.00
   53 K   -1  2  0 -1 -3  1  1 -2 -1 -3 -2  4 -1 -3 -1  0 -1 -3 -2 -2    0   0   0   0   0   0   0   0   0   0   0   0   0   0   0   0   0   0   0   0  0.00    0.00
   54 L   -1 -2 -3 -4 -1 -2 -3 -4 -3  2  4 -2  2  0 -3 -2 -1 -2 -1  1    0   0   0   0   0   0   0   0   0   0   0   0   0   0   0   0   0   0   0   0  0.00    0.00
   55 F   -2 -3 -3 -3 -2 -3 -3 -3 -1  0  0 -3  0  6 -4 -2 -2  1  3 -1    0   0   0   0   0   0   0   0   0   0   0   0   0   0   0   0   0   0   0   0  0.00    0.00
   56 T    0 -1  0 -1 -1 -1 -1 -2 -2 -1 -1 -1 -1 -2 -1  1  4 -2 -2  0    0   0   0   0   0   0   0   0   0   0   0   0   0   0   0   0   0   0   0   0  0.00    0.00
   57 K   -1  2  0 -1 -3  1  1 -2 -1 -3 -2  4 -1 -3 -1  0 -1 -3 -2 -2    0   0   0   0   0   0   0   0   0   0   0   0   0   0   0   0   0   0   0   0  0.00    0.00
   58 T    0 -1  0 -1 -1 -1 -1 -2 -2 -1 -1 -1 -1 -2 -1  1  4 -2 -2  0    0   0   0   0   0   0   0   0   0   0   0   0   0   0   0   0   0   0   0   0  0.00    0.00
   59 K   -1  2  0 -1 -3  1  1 -2 -1 -3 -2  4 -1 -3 -1  0 -1 -3 -2 -2    0   0   0   0   0   0   0   0   0   0   0   0   0   0   0   0   0   0   0   0  0.00    0.00
   60 N   -2  0  6  1 -3  0  0  0  1 -3 -3  0 -2 -3 -2  1  0 -4 -2 -3    0   0   0   0   0   0   0   0   0   0   0   0   0   0   0   0   0   0   0   0  0.00    0.00
   61 I   -1 -3 -3 -3 -1 -3 -3 -4 -3  4  2 -3  1  0 -3 -2 -1 -3 -1  3    0   0   0   0   0   0   0   0   0   0   0   0   0   0   0   0   0   0   0   0  0.00    0.00
   62 I   -1 -3 -3 -3 -1 -3 -3 -4 -3  4  2 -3  1  0 -3 -2 -1 -3 -1  3    0   0   0   0   0   0   0   0   0   0   0   0   0   0   0   0   0   0   0   0  0.00    0.00
   63 L   -1 -2 -3 -4 -1 -2 -3 -4 -3  2  4 -2  2  0 -3 -2 -1 -2 -1  1    0   0   0   0   0   0   0   0   0   0   0   0   0   0   0   0   0   0   0   0  0.00    0.00
   64 N   -2  0  6  1 -3  0  0  0  1 -3 -3  0 -2 -3 -2  1  0 -4 -2 -3    0   0   0   0   0   0   0   0   0   0   0   0   0   0   0   0   0   0   0   0  0.00    0.00
   65 F   -2 -3 -3 -3 -2 -3 -3 -3 -1  0  0 -3  0  6 -4 -2 -2  1  3 -1    0   0   0   0   0   0   0   0   0   0   0   0   0   0   0   0   0   0   0   0  0.00    0.00
   66 E   -1  0  0  1 -4  2  5 -2  0 -3 -3  1 -2 -3 -1  0 -1 -3 -2 -2    0   0   0   0   0   0   0   0   0   0   0   0   0   0   0   0   0   0   0   0  0.00    0.00
   67 I   -1 -3 -3 -3 -1 -3 -3 -4 -3  4  2 -3  1  0 -3 -2 -1 -3 -1  3    0   0   0   0   0   0   0   0   0   0   0   0   0   0   0   0   0   0   0   0  0.00    0.00
   68 K   -1  2  0 -1 -3  1  1 -2 -1 -3 -2  4 -1 -3 -1  0 -1 -3 -2 -2    0   0   0   0   0   0   0   0   0   0   0   0   0   0   0   0   0   0   0   0  0.00    0.00
   69 N   -2  0  6  1 -3  0  0  0  1 -3 -3  0 -2 -3 -2  1  0 -4 -2 -3    0   0   0   0   0   0   0   0   0   0   0   0   0   0   0   0   0   0   0   0  0.00    0.00
   70 S    1 -1  1  0 -1  0  0  0 -1 -2 -2  0 -1 -2 -1  4  1 -3 -2 -2    0   0   0   0   0   0   0   0   0   0   0   0   0   0   0   0   0   0   0   0  0.00    0.00
   71 I   -1 -3 -3 -3 -1 -3 -3 -4 -3  4  2 -3  1  0 -3 -2 -1 -3 -1  3    0   0   0   0   0   0   0   0   0   0   0   0   0   0   0   0   0   0   0   0  0.00    0.00
   72 N   -2  0  6  1 -3  0  0  0  1 -3 -3  0 -2 -3 -2  1  0 -4 -2 -3    0   0   0   0   0   0   0   0   0   0   0   0   0   0   0   0   0   0   0   0  0.00    0.00
   73 K   -1  2  0 -1 -3  1  1 -2 -1 -3 -2  4 -1 -3 -1  0 -1 -3 -2 -2    0   0   0   0   0   0   0   0   0   0   0   0   0   0   0   0   0   0   0   0  0.00    0.00
   74 I   -1 -3 -3 -3 -1 -3 -3 -4 -3  4  2 -3  1  0 -3 -2 -1 -3 -1  3    0   0   0   0   0   0   0   0   0   0   0   0   0   0   0   0   0   0   0   0  0.00    0.00
   75 N   -2  0  6  1 -3  0  0  0  1 -3 -3  0 -2 -3 -2  1  0 -4 -2 -3    0   0   0   0   0   0   0   0   0   0   0   0   0   0   0   0   0   0   0   0  0.00    0.00
   76 I   -1 -3 -3 -3 -1 -3 -3 -4 -3  4  2 -3  1  0 -3 -2 -1 -3 -1  3    0   0   0   0   0   0   0   0   0   0   0   0   0   0   0   0   0   0   0   0  0.00    0.00
   77 N   -2  0  6  1 -3  0  0  0  1 -3 -3  0 -2 -3 -2  1  0 -4 -2 -3    0   0   0   0   0   0   0   0   0   0   0   0   0   0   0   0   0   0   0   0  0.00    0.00
   78 G    0 -2  0 -1 -2 -2 -2  6 -2 -4 -4 -2 -3 -3 -2  0 -2 -2 -3 -3    0   0   0   0   0   0   0   0   0   0   0   0   0   0   0   0   0   0   0   0  0.00    0.00
   79 K   -1  2  0 -1 -3  1  1 -2 -1 -3 -2  4 -1 -3 -1  0 -1 -3 -2 -2    0   0   0   0   0   0   0   0   0   0   0   0   0   0   0   0   0   0   0   0  0.00    0.00
   80 T    0 -1  0 -1 -1 -1 -1 -2 -2 -1 -1 -1 -1 -2 -1  1  4 -2 -2  0    0   0   0   0   0   0   0   0   0   0   0   0   0   0   0   0   0   0   0   0  0.00    0.00
   81 I   -1 -3 -3 -3 -1 -3 -3 -4 -3  4  2 -3  1  0 -3 -2 -1 -3 -1  3    0   0   0   0   0   0   0   0   0   0   0   0   0   0   0   0   0   0   0   0  0.00    0.00
   82 A    4 -1 -2 -2  0 -1 -1  0 -2 -1 -1 -1 -1 -2 -1  1  0 -2 -2  0    0   0   0   0   0   0   0   0   0   0   0   0   0   0   0   0   0   0   0   0  0.00    0.00
   83 Y   -2 -2 -2 -3 -2 -1 -2 -3  2 -1 -1 -2 -1  3 -3 -2 -2  2  7 -1    0   0   0   0   0   0   0   0   0   0   0   0   0   0   0   0   0   0   0   0  0.00    0.00
   84 I   -1 -3 -3 -3 -1 -3 -3 -4 -3  4  2 -3  1  0 -3 -2 -1 -3 -1  3    0   0   0   0   0   0   0   0   0   0   0   0   0   0   0   0   0   0   0   0  0.00    0.00
   85 G    0 -2  0 -1 -2 -2 -2  6 -2 -4 -4 -2 -3 -3 -2  0 -2 -2 -3 -3    0   0   0   0   0   0   0   0   0   0   0   0   0   0   0   0   0   0   0   0  0.00    0.00
   86 F   -2 -3 -3 -3 -2 -3 -3 -3 -1  0  0 -3  0  6 -4 -2 -2  1  3 -1    0   0   0   0   0   0   0   0   0   0   0   0   0   0   0   0   0   0   0   0  0.00    0.00
   87 K   -1  2  0 -1 -3  1  1 -2 -1 -3 -2  4 -1 -3 -1  0 -1 -3 -2 -2    0   0   0   0   0   0   0   0   0   0   0   0   0   0   0   0   0   0   0   0  0.00    0.00
   88 L   -1 -2 -3 -4 -1 -1 -3 -3 -2  1  3 -2  5  0 -3 -2 -1 -2 -1  1    0   0   0   0   0   0   0   0   0   0  50   0  50   0   0   0   0   0   0   0  0.35 0.00
   89 V    1 -2 -1 -1 -1 -1 -1 -1 -2  1  0 -1  0 -2 -2  2  1 -3 -2  2    0   0   0   0   0   0   0   0   0   0   0   0   0   0   0  50   0   0   0  50  0.18 0.00
   90 G    0 -3  0 -1 -3 -2 -2  6 -2 -4 -4 -2 -3 -3 -2  0 -2 -3 -3 -3    0   0   0   0   0   0   0 100   0   0   0   0   0   0   0   0   0   0   0   0  1.04 0.00
   91 K   -1  2  0 -1 -3  1  1 -2 -1 -3 -3  5 -1 -3 -1  0 -1 -3 -2 -2    0   0   0   0   0   0   0   0   0   0   0 100   0   0   0   0   0   0   0   0  0.52 0.00
   92 K    0  1 -1 -2 -2  0  0 -2 -2  1  0  3  0 -2 -2 -1  0 -3 -2  2    0   0   0   0   0   0   0   0   0   0   0  50   0   0   0   0   0   0   0  50  0.17 0.00
   93 N   -1  0  4  1 -3  1  4 -1  0 -3 -3  0 -2 -3 -2  0  0 -4 -2 -3    0   0  50   0   0   0  50   0   0   0   0   0   0   0   0   0   0   0   0   0  0.54 0.00
   94 V    0 -3 -3 -3 -1 -2 -3 -3 -3  3  1 -2  1 -1 -3 -2  0 -3 -1  4    0   0   0   0   0   0   0   0   0   0   0   0   0   0   0   0   0   0   0 100  0.35 0.00
   95 N   -2 -1  5  5 -3  0  1 -1  0 -3 -4  0 -3 -3 -2  0 -1 -4 -3 -3    0   0  50  50   0   0   0   0   0   0   0   0   0   0   0   0   0   0   0   0  0.67 0.00
   96 D   -1  1  1  4 -4  1  1 -2 -1 -3 -3  3 -2 -4 -1  0 -1 -4 -3 -3    0   0   0  50   0   0   0   0   0   0   0  50   0   0   0   0   0   0   0   0  0.51 0.00
   97 Q    0  0  0 -1 -2  4  1 -2  0 -2 -2  0 -1 -3 -1  1  3 -2 -2 -1    0   0   0   0   0  50   0   0   0   0   0   0   0   0   0   0  50   0   0   0  0.38 0.00
   98 Q    0  0  0 -1 -3  4  1  4 -1 -3 -3  0 -1 -3 -2  0 -1 -2 -2 -3    0   0   0   0   0  50   0  50   0   0   0   0   0   0   0   0   0   0   0   0  0.54 0.00
   99 L   -2 -3 -4 -4 -1 -3 -3 -4 -3  3  3 -3  2  0 -3 -3 -1 -2 -1  2    0   0   0   0   0   0   0   0   0  50  50   0   0   0   0   0   0   0   0   0  0.37 0.00
  100 D   -2 -1  5  5 -3  0  1 -1  0 -3 -4  0 -3 -3 -2  0 -1 -4 -3 -3    0   0  50  50   0   0   0   0   0   0   0   0   0   0   0   0   0   0   0   0  0.67 0.00
  101 Y   -2 -2 -3 -3 -2 -2 -3 -4  0  3  1 -2  0  2 -3 -2 -1  1  5  1    0   0   0   0   0   0   0   0   0  50   0   0   0   0   0   0   0   0  50   0  0.38 0.00
  102 S    0  0  0  0 -2  4  1 -1  0 -3 -2  1 -1 -3 -1  3  1 -3 -2 -2    0   0   0   0   0  50   0   0   0   0   0   0   0   0   0  50   0   0   0   0  0.40 0.00
  103 E   -1  4  0  0 -4  2  4 -2  0 -3 -3  2 -2 -3 -2  0 -1 -3 -2 -3    0  50   0   0   0   0  50   0   0   0   0   0   0   0   0   0   0   0   0   0  0.55 0.00
  104 E   -1  0  0  2 -4  2  5 -2  0 -3 -3  1 -2 -3 -1  0 -1 -3 -2 -3    0   0   0   0   0   0 100   0   0   0   0   0   0   0   0   0   0   0   0   0  0.74 0.00
  105 L   -2 -2 -4 -4 -1 -2 -3 -4 -3  2  4 -3  2  0 -3 -3 -1 -2 -1  1    0   0   0   0   0   0   0   0   0   0 100   0   0   0   0   0   0   0   0   0  0.46 0.00
  106 K   -1  1  0  1 -4  2  4 -2  0 -3 -3  3 -2 -3 -1  0 -1 -3 -2 -3    0   0   0   0   0   0  50   0   0   0   0  50   0   0   0   0   0   0   0   0  0.50 0.00
  107 Q    0  0  0  0 -2  4  1 -1  0 -3 -2  1 -1 -3 -1  3  1 -3 -2 -2    0   0   0   0   0  50   0   0   0   0   0   0   0   0   0  50   0   0   0   0  0.40 0.00
  108 L   -2 -2 -4 -4 -1 -2 -3 -4 -3  2  4 -3  2  0 -3 -3 -1 -2 -1  1    0   0   0   0   0   0   0   0   0   0 100   0   0   0   0   0   0   0   0   0  0.46 0.00
  109 V   -1 -2 -3 -3 -1 -1 -2 -3 -2  2  2 -2  4  0 -3 -2  0 -2 -1  3    0   0   0   0   0   0   0   0   0   0   0   0  50   0   0   0   0   0   0  50  0.27 0.00
  110 E   -1  0  0  2 -4  2  5 -2  0 -3 -3  1 -2 -3 -1  0 -1 -3 -2 -3    0   0   0   0   0   0 100   0   0   0   0   0   0   0   0   0   0   0   0   0  0.74 0.00
  111 T    0 -1  0 -1 -1 -1 -1 -2 -2 -1 -1 -1 -1 -2 -1  1  5 -3 -2  0    0   0   0   0   0   0   0   0   0   0   0   0   0   0   0   0 100   0   0   0  0.48 0.00
  112 I   -2 -3 -4 -4 -1 -3 -3 -4 -3  3  3 -3  2  0 -3 -3 -1 -2 -1  2    0   0   0   0   0   0   0   0   0  50  50   0   0   0   0   0   0   0   0   0  0.37 0.00
  113 S    3 -1  0 -1 -1  0 -1  0 -1 -2 -2  0 -1 -2 -1  3  1 -3 -2 -1   50   0   0   0   0   0   0   0   0   0   0   0   0   0   0  50   0   0   0   0  0.35 0.00
  114 R   -2  6  0 -2 -4  1  0 -3  0 -3 -2  2 -1 -3 -2 -1 -1 -3 -2 -3    0 100   0   0   0   0   0   0   0   0   0   0   0   0   0   0   0   0   0   0  0.75 0.00
  115 H   -1  0  0  0 -1  0  0 -1  6 -2 -1  0 -1 -1 -1  0 -1 -1  1 -1    4   3   2   3   1   2   3   4  51   3   5   3   1   2   3   4   3   1   2   3  0.28 0.00
  116 K   -1  5  0 -1 -3  1  0 -2 -1 -3 -2  4 -1 -3 -2 -1 -1 -3 -2 -3    0  50   0   0   0   0   0   0   0   0   0  50   0   0   0   0   0   0   0   0  0.56 0.00
  117 D   -2 -2  1  6 -4  0  2 -1 -1 -3 -4 -1 -3 -4 -2  0 -1 -5 -3 -3    0   0   0 100   0   0   0   0   0   0   0   0   0   0   0   0   0   0   0   0  0.93 0.00
  118 R   -1  4 -2 -2 -2  0 -1 -3 -1  1  0  1  0 -2 -2 -1 -1 -3 -2  2    0  50   0   0   0   0   0   0   0   0   0   0   0   0   0   0   0   0   0  50  0.26 0.00
  119 R   -1  4  0 -2 -3  0 -1  4 -1 -4 -3  1 -2 -3 -2 -1 -1 -3 -2 -3    0  50   0   0   0   0   0  50   0   0   0   0   0   0   0   0   0   0   0   0  0.56 0.00
  120 L   -2 -3 -3 -4 -2 -3 -3 -4 -2  1  3 -3  1  5 -3 -3 -2  0  2  0    0   0   0   0   0   0   0   0   0   0  50   0   0  50   0   0   0   0   0   0  0.43 0.00
  121 K    0  1  0 -1 -2  0  0 -2 -1 -2 -2  3 -1 -3 -1  1  3 -3 -2 -1    0   0   0   0   0   0   0   0   0   0   0  50   0   0   0   0  50   0   0   0  0.32 0.00
  122 I   -2 -2 -3 -3 -2 -2 -3 -4  0  3  1 -2  0  2 -3 -2 -1  1  5  1    0   0   0   0   0   0   0   0   0  50   0   0   0   0   0   0   0   0  50   0  0.38 0.00
  123 V   -1 -3 -3 -4 -2 -3 -3 -3 -2  2  1 -3  0  5 -3 -2 -1  0  2  3    0   0   0   0   0   0   0   0   0   0   0   0   0  50   0   0   0   0   0  50  0.35 0.00
  124 I   -1 -3 -3 -3 -1 -3 -3 -4 -3  4  1 -3  1 -1 -3 -2  0 -3 -1  3    0   0   0   0   0   0   0   0   0  50   0   0   0   0   0   0   0   0   0  50  0.35 0.00
  125 L   -2 -3 -4 -4 -1 -3 -3 -4 -3  3  3 -3  2  0 -3 -3 -1 -2 -1  2    0   0   0   0   0   0   0   0   0  50  50   0   0   0   0   0   0   0   0   0  0.37 0.00
  126 T    0 -1  0 -1 -1 -1 -1 -2 -2 -1 -1 -1 -1 -2 -1  1  5 -3 -2  0    0   0   0   0   0   0   0   0   0   0   0   0   0   0   0   0 100   0   0   0  0.48 0.00
  127 S    1  0  0  0 -1  0  0  0 -1 -1 -1  0 -1 -1  0  3  1 -1 -1 -1    4   3   2   3   1   2   3   4   1   3   5   3   1   2   3  54   3   1   2   3  0.17 0.00
  128 F   -1 -1 -1 -1 -1 -1 -1 -1 -1  0  0 -1  0  5 -1 -1 -1  1  2 -1    4   3   2   3   1   2   3   4   1   3   5   3   1  52   3   4   3   1   2   3  0.19 0.00
  129 D   -1 -1  1  4 -2  0  1 -1 -1 -1 -2  0 -1 -2  0  0  0 -2 -1 -1    4   3   2  53   1   2   3   4   1   3   5   3   1   2   3   4   3   1   2   3  0.31 0.00
  130 P    0 -1 -1 -1 -1  0  0 -1 -1 -1 -1  0 -1 -2  6  0  0 -1 -1 -1    4   3   2   3   1   2   3   4   1   3   5   3   1   2  53   4   3   1   2   3  0.76 0.00
  131 L   -1 -1 -1 -1 -1 -1 -1 -1 -1  1  3 -1  1  0 -1 -1  0 -1 -1  0    4   3   2   3   1   2   3   4   1   3  55   3   1   2   3   4   3   1   2   3  0.09 0.00
  132 P    0 -1 -1 -1 -1  0  0 -1 -1 -1 -1  0 -1 -2  6  0  0 -1 -1 -1    4   3   2   3   1   2   3   4   1   3   5   3   1   2  53   4   3   1   2   3  0.76 0.00
  133 G    0 -1  0 -1 -1 -1 -1  4 -1 -2 -2 -1 -1 -1 -1  0 -1 -1 -1 -1    4   3   2   3   1   2   3  54   1   3   5   3   1   2   3   4   3   1   2   3  0.33 0.00
  134 S    1  0  0  0 -1  0  0  0 -1 -1 -1  0 -1 -1  0  3  1 -1 -1 -1    4   3   2   3   1   2   3   4   1   3   5   3   1   2   3  54   3   1   2   3  0.17 0.00
  135 G    0 -3  0 -1 -3 -2 -2  6 -2 -4 -4 -2 -3 -3 -2  0 -2 -3 -3 -3    0   0   0   0   0   0   0 100   0   0   0   0   0   0   0   0   0   0   0   0  1.04 0.00
  136 I   -2 -3 -4 -4 -1 -3 -3 -4 -3  3  3 -3  2  0 -3 -3 -1 -2 -1  2    0   0   0   0   0   0   0   0   0  50  50   0   0   0   0   0   0   0   0   0  0.37 0.00
  137 A    3 -1 -1 -1 -1 -1 -1 -1 -2 -1 -1 -1 -1 -2 -1  1  3 -3 -2  0   50   0   0   0   0   0   0   0   0   0   0   0   0   0   0   0  50   0   0   0  0.32 0.00
  138 F   -1  1 -1 -2 -3  0 -1 -2 -1 -1 -1  3 -1  5 -2 -1 -1  0  2 -2    0   0   0   0   0   0   0   0   0   0   0  50   0  50   0   0   0   0   0   0  0.29 0.00
  139 Y   -2 -1  4  0 -3 -1 -1 -2  1 -2 -2 -1 -2  1 -3  0 -1  1  5 -2    0   0  50   0   0   0   0   0   0   0   0   0   0   0   0   0   0   0  50   0  0.47 0.00
  140 T   -1  4  0 -1 -2  0 -1 -2 -1 -2 -2  1 -1 -3 -2  1  3 -3 -2 -1    0  50   0   0   0   0   0   0   0   0   0   0   0   0   0   0  50   0   0   0  0.39 0.00
  141 E    0 -1  0  1 -2  1  4 -2 -1 -2 -2  0 -1 -3 -1  1  3 -3 -2 -1    0   0   0   0   0   0  50   0   0   0   0   0   0   0   0   0  50   0   0   0  0.40 0.00
  142 V    0 -3 -3 -3 -1 -2 -3 -3 -3  3  1 -2  1 -1 -3 -2  0 -3 -1  4    0   0   0   0   0   0   0   0   0   0   0   0   0   0   0   0   0   0   0 100  0.35 0.00
  143 D    0 -1  1  4 -2  0  1 -1 -1 -3 -3  0 -2 -3 -1  3  0 -4 -2 -2    0   0   0  50   0   0   0   0   0   0   0   0   0   0   0  50   0   0   0   0  0.49 0.00
  144 S    1 -1  0 -1 -1  0  0 -1 -1 -2 -2  0 -1 -3 -1  4  3 -3 -2 -1    0   0   0   0   0   0   0   0   0   0   0   0   0   0   0  68  32   0   0   0  0.41 0.01
  145 S    0 -1  0 -1 -1 -1 -1 -1 -2 -1  1 -1  0 -1 -1  3  1 -3 -2 -1    0   0   0   0   0   0   0   0   0   0  32   0   0   0   0  68   0   0   0   0  0.22 0.01
  146 Y   -2 -2 -3 -3 -2 -2 -3 -4  1  2  0 -2  0  2 -3 -2 -1  1  6  1    0   0   0   0   0   0   0   0   0  32   0   0   0   0   0   0   0   0  68   0  0.53 0.01
  147 K   -1  0 -1 -2 -2  0 -1 -2 -2  2  0  2  0 -2 -2  0  3 -3 -2  1    0   0   0   0   0   0   0   0   0  32   0  32   0   0   0   0  36   0   0   0  0.16 0.01
  148 D   -1 -2 -1  3 -2 -2 -1 -3 -2  1  2 -2  1 -1 -2 -1 -1 -3 -2  2    0   0   0  32   0   0   0   0   0   0  32   0   0   0   0   0   0   0   0  36  0.20 0.01
  149 E   -1  3  0  1 -4  2  4 -2  0 -3 -3  1 -2 -3 -2  0 -1 -3 -2 -3    0  32   0   0   0   0  68   0   0   0   0   0   0   0   0   0   0   0   0   0  0.59 0.01
  150 D   -1 -1  1  5 -2  0  1 -1 -1 -2 -2  0 -2 -2 -1  0 -1 -2 -2 -2    3   2   2  66   1   2   2   3   1   2   3   2   1   1   2   3   2   0   1   2  0.46 0.01
  151 F   -1 -3 -3 -4  6 -3 -3 -3 -2  0  2 -3  1  4 -3 -2 -1 -1  1  0    0   0   0   0  32   0   0   0   0   0  36   0   0  32   0   0   0   0   0   0  0.43 0.01
  152 I   -1 -3 -3 -3 -1 -3 -3 -4 -3  4  1 -3  1  0 -3 -2 -1 -3 -1  3    0   0   0   0   0   0   0   0   0  64   0   0   0   0   0   0   0   0   0  36  0.37 0.01
  153 K   -1  0  3  0 -3  0  0  3 -1 -3 -3  2 -2 -3 -2  0 -1 -3 -3 -3    0   0  32   0   0   0   0  36   0   0   0  32   0   0   0   0   0   0   0   0  0.43 0.01
  154 E   -1  4  0  1 -4  2  4 -2  0 -3 -3  1 -2 -3 -2  0 -1 -3 -2 -3    0  36   0   0   0   0  64   0   0   0   0   0   0   0   0   0   0   0   0   0  0.58 0.01
  155 V   -1 -3 -3 -3 -1 -3 -3 -4 -3  4  1 -3  1  0 -3 -2 -1 -3 -1  3    0   0   0   0   0   0   0   0   0  68   0   0   0   0   0   0   0   0   0  32  0.38 0.01
  156 N   -1  0  3  1 -4  1  4 -2  0 -4 -3  0 -2 -3 -2  0 -1 -3 -2 -3    0   0  32   0   0   0  68   0   0   0   0   0   0   0   0   0   0   0   0   0  0.59 0.01
  157 T   -1  3  3  0 -2  0  0 -2  0 -2 -2  1 -1 -3 -2  0  2 -3 -2 -2    0  36  32   0   0   0   0   0   0   0   0   0   0   0   0   0  32   0   0   0  0.36 0.01
  158 L   -2 -3 -4 -4 -1 -3 -3 -4 -3  3  4 -3  2  0 -3 -3 -1 -2 -1  2    0   0   0   0   0   0   0   0   0  32  68   0   0   0   0   0   0   0   0   0  0.40 0.01
  159 K   -1  3 -1 -2 -3  0  0 -2  0 -2 -2  3 -1  1 -2 -1 -1  0  4 -2    0  32   0   0   0   0   0   0   0   0   0  32   0   0   0   0   0   0  36   0  0.40 0.01
  160 N   -1 -1  5  1 -3 -1 -1  3  0 -4 -4 -1 -3 -3 -2  0 -1 -4 -3 -3    0   0  64   0   0   0   0  36   0   0   0   0   0   0   0   0   0   0   0   0  0.61 0.01
  161 M   -1 -2 -3 -4 -1 -2 -3 -4 -3  3  3 -2  4  0 -3 -2 -1 -2 -1  2    0   0   0   0   0   0   0   0   0  32  36   0  32   0   0   0   0   0   0   0  0.33 0.01
  162 L    2 -2 -3 -3 -1 -2 -2 -2 -3  1  3 -2  1  0 -2 -1 -1 -2 -1  1   32   0   0   0   0   0   0   0   0   0  68   0   0   0   0   0   0   0   0   0  0.25 0.01
  163 E    3 -1 -1 -1 -1  0  2  0 -1 -2 -2  0 -1 -3 -1  2  0 -3 -2 -1   58   0   0   0   0   0  21   0   0   0   0   0   0   0   0  21   0   0   0   0  0.33 0.02
  164 S    2 -2 -1 -2 -1 -1 -2  2 -2  0 -1 -1 -1 -2 -2  1  0 -3 -2  2   21   0   0   0   0   0   0  24   0   0   0   0   0   0   0  21   0   0   0  34  0.20 0.01
  165 V    0 -3 -3 -4 -1 -3 -3 -4 -4  3  1 -3  1 -1 -3 -2  0 -3 -1  5    0   0   0   0   0   0   0   0   0   0   0   0   0   0   0   0   0   0   0 100  0.43 0.04
  166 A    3  0 -1 -1 -2  0 -1  3 -2 -2 -2  2 -2 -3 -1  0 -1 -3 -2 -2   42   0   0   0   0   0   0  24   0   0   0  34   0   0   0   0   0   0   0   0  0.31 0.02
  167 P   -1 -2 -2 -2 -3 -2 -2  2 -2 -3 -3 -1 -3 -4  7 -1 -1 -4 -3 -3    0   0   0   0   0   0   0  24   0   0   0   0   0   0  76   0   0   0   0   0  1.53 0.04
  168 H   -2 -1 -1 -2 -3 -1 -1 -3  6 -2 -2 -2 -1  2 -3 -2 -2  1  6 -2    0   0   0   0   0   0   0   0  42   0   0   0   0   0   0   0   0   0  58   0  0.78 0.04
  169 I   -1 -3 -3 -3 -2 -2 -3 -4 -1  3  1 -3  1  1 -3 -2 -1 -1  3  3    0   0   0   0   0   0   0   0   0  42   0   0   0   0   0   0   0   0  24  34  0.32 0.02
  170 S    0 -1 -1 -1 -2  0  2 -2  3  0 -1 -1 -1 -2 -2  1  0 -3 -1  2    0   0   0   0   0   0  27   0  17   0   0   0   0   0   0  17   0   0   0  40  0.18 0.03
  171 L   -1 -3 -4 -4 -2 -3 -3 -4 -3  2  3 -3  1  3 -3 -3 -1 -1  0  2    0   0   0   0   0   0   0   0   0   0  60   0   0  18   0   0   0   0   0  21  0.37 0.03
  172 E   -2 -1  0  5 -4  1  4 -2 -1 -4 -4  0 -3 -4 -2  0 -1 -4 -3 -3    0   0   0  44   0   0  56   0   0   0   0   0   0   0   0   0   0   0   0   0  0.76 0.05
  173 I   -1 -2 -3 -3  5  1 -2 -3 -2  3  0 -2  0 -2  2 -2 -1 -3 -2  2    0   0   0   0  18  13   0   0   0  33   0   0   0   0  14   0   0   0   0  21  0.28 0.03
  174 S    1 -2 -2 -2 -2 -2 -2  1 -2  1 -1 -2 -1 -1 -2  2 -1  8  0 -1   14   0   0   0   0   0   0  11   0  18   0   0   0   0   0  25   0  33   0   0  0.57 0.06
  175 Q    0  2  0  2 -3  2  0  1 -1 -3 -3  0 -2 -3  3  2  0 -3 -3 -3    0  15   0  18   0  14   0  11   0   0   0   0   0   0  18  25   0   0   0   0  0.37 0.04
  176 V   -1 -3 -2 -3 -2 -3 -3  4 -3  2  0 -2  0 -2 -3 -1 -1 -3 -2  2    0   0   0   0   0   0   0  44   0  31   0   0   0   0   0   0   0   0   0  25  0.35 0.05
  177 N   -1  4  2 -1 -3  0  0 -2 -1 -2  0  2 -1 -2 -2  1 -1 -3 -2 -2    0  38  14   0   0   0   0   0   0   0  18  18   0   0   0  14   0   0   0   0  0.28 0.04
  178 L   -1 -2 -2 -1  4  0  2 -2 -2  0  2 -1  0 -1  3 -1 -1 -2 -2 -1    1   1   1   1  15   1  23   1   0   1  33   1   0   1  18   1   1   0   0   1  0.27 0.03
  179 N   -1 -1  3 -1 -2 -1 -1 -2  4 -1 -2 -1 -1  0 -2  1  0 -1  3  1    0   0  27   0   0   0   0   0  18   0   0   0   0   0   0  15   0   0  18  23  0.23 0.05
  180 M    0  1 -1 -1 -2  0  2 -2 -1 -1 -1  0  2 -2 -2  2  0 -3 -2  1    0  14   0   0   0   0  23   0   0   0   0   0  14   0   0  33   0   0   0  18  0.17 0.04
  181 F   -1  1 -1 -2 -3 -1 -1  2  4 -2 -2 -1 -2  2 -3  0 -1 -1  3 -2    0  15   0   0   0   0   0  18  23   0   0   0   0  14   0  14   0   0  18   0  0.28 0.04
  182 V    1 -3 -3 -3 -1 -3 -3 -3 -3  4  2 -3  1 -1 -3 -2 -1 -3 -2  3   15   0   0   0   0   0   0   0   0  43  15   0   0   0   0   0   0   0   0  26  0.31 0.05
  183 P   -1 -2 -1  2 -4  0  3 -3 -1 -3 -3 -1 -3 -2  6 -1 -2 -2  2 -3    0   0   0  15   0   0  28   0   0   0   0   0   0   0  42   0   0   0  15   0  0.83 0.08
  184 L   -1 -3 -3 -3 -1 -2 -3 -4 -3  3  3 -3  1  0 -3 -2  1 -3 -2  2    0   0   0   0   0   0   0   0   0  25  48   0   0   0   0   0  16   0   0  12  0.34 0.06
  185 M   -1 -3 -2 -2 -3 -2 -2 -3 -3 -2 -2 -2  2 -4  8 -1  0 -4 -3 -2    0   0   0   0   0   0   0   0   0   0   0   0  11   0  80   0   9   0   0   0  1.66 0.14
  186 K   -1  1  2  2 -3  0  1  2 -1 -3 -3  1 -2 -3 -2  1  1 -3 -2 -2    0  12  14  14   0   0   9  16   0   0   0  11   0   0   0  11  14   0   0   0  0.27 0.03
  187 V    1 -1 -1 -1 -2  0  1 -1 -1 -1 -2  1 -1 -3 -1  3  0 -3 -2  1   14   0   0   0   0   0  14   0   0   0   0  14   0   0   0  38   0   0   0  20  0.21 0.06
  188 T    1  1 -1 -2 -2 -1 -1 -2 -1 -1 -1  1 -1 -1 -2  0  2  5  2  1   15   8   0   0   0   0   0   1   0   0   1  15   0   0   0   1  20  11  12  14  0.19 0.04
  189 G    2  1  1 -1 -2 -1 -1  2 -1 -2 -2  0 -2 -3  3  0 -1 -3 -2  0   26  15   9   0   0   0   0  22   0   0   1   0   0   0  14   1   0   0   0   8  0.26 0.04
  190 A    1 -1  1 -1 -2  1 -1  3 -1 -2 -2 -1 -1  0  3  0 -1 -2 -1  0   11   0  11   0   0  15   0  26   0   0   1   0   0   8  14   1   0   0   0  10  0.23 0.04
  191 L   -1 -2 -2 -3 -1 -2 -2 -3 -3  1  2 -2  2 -1 -2 -1  1 -2 -1  3    1   0   0   0   0   0   0   1   0   0  33   0  11   0   0   1  15   0   0  35  0.24 0.05
  192 I    0 -2 -2 -2 -1 -2 -2  1 -2  2  1 -2  0 -1 -2  0  1 -3 -2  2    1   0   0   0   0   0   0  15   0  25   9   0   0   0   0  11  10   0   0  26  0.14 0.03
  193 Y   -2 -1 -1  3 -3  0  1 -2  0 -2 -2  0 -2  0  2 -1 -1  0  5 -2    1   0   0  28   0   0  12   1   0   0   1   8   0   0   9   1   0   0  36   0  0.41 0.07
  194 N    0 -1  2  0 -1  0  0  2 -1 -2 -2  0 -1 -2 -1  3  0 -2 -1 -2    3   2  12   2   1   1   2  19   1   2   3   2   1   1   2  42   2   0   1   2  0.24 0.03
  195 G    2 -2 -1 -1 -1 -1 -1  4 -2 -2 -2 -1 -2 -2 -1  1 -1 -2 -2 -2   26   1   1   1   0   1   1  46   0   1   2   1   0   1   1  11   1   0   1   1  0.41 0.04
  196 Y   -1  0 -1 -1 -1  0 -1 -1 -1  1  0  2  0  0  2 -1  0 -1  2  1    3   2   2   2   1   2   2   3   1  13   3  22   1   1  10   3   2   0  12  16  0.08 0.02
  197 V   -1 -2 -2 -2 -1 -1 -2 -2 -2  3  0 -1  0 -1  1 -1  0 -2 -1  3    3   2   1   2   1   1   2   2   1  24   3   2   1   1   9   2   2   0   1  41  0.18 0.04
  198 F   -2 -2 -3 -3 -2 -2 -3 -3 -1  1  1 -2  0  5 -3 -2 -2  0  4  0    1   1   1   1   0   1   1   1   0  11  12   1   0  44   1   1   1   0  15   7  0.43 0.08
  199 E    0  2  0  0 -2  2  2  2 -1 -3 -2  0 -2 -3 -1  1 -1 -2 -2 -2    2  16   1   1   0  16  17  20   0   1   2   1   0   1   1  17   1   0   1   1  0.26 0.06
  200 K   -1  4 -1 -1 -3  1  1 -2 -1 -3 -2  4 -2 -3 -1 -1 -1 -2 -2 -2    2  27   1   1   0   1  11   1   0   1   2  45   0   1   1   1   1   0   1   1  0.47 0.10
  201 R   -1  2 -1 -2 -2 -1  0 -2  2  0  2 -1  0 -1 -2  1 -1 -2 -1  1    1  14   1   1   0   1   9   1   8   1  29   1   0   0   1  16   1   0   0  15  0.10 0.07
  202 Y    0  0 -2 -3 -2 -2 -2 -3 -1  2  1 -2  2  2 -2 -2 -1 -1  2  1    9   7   1   1   0   1   1   1   0  22  16   1   9   9   1   1   1   0  11   9  0.14 0.06
  203 T   -1 -1  0  3 -2  1  1 -2 -1 -1 -1 -1 -1 -1 -2  1  2 -2  1  0    1   1   1  21   0   8   9   1   0   1   6   1   0   0   1   8  23   0   9   9  0.18 0.07
  204 I    0 -2 -2 -2  4 -2 -2 -2 -2  2  0 -2  0  1 -2  1  2 -2 -1  1    8   1   0   1  13   0   1   1   0  18   7   1   0   7   1  13  20   0   0   7  0.19 0.09
  205 P    0 -2  1 -2  2 -2 -2  1 -2 -2 -3 -1 -2 -3  6  1 -1 -3 -3 -1    8   0   7   0   6   0   1  13   0   0   1   4   0   0  42   9   1   0   0   7  0.71 0.16
  206 D   -1  2  1  4 -3  0  0  0 -1 -3 -3  2 -3 -3  1  0 -1 -4 -3 -3    4  11   6  33   0   0   1   7   0   0   1  22   0   0   6   6   1   0   0   1  0.41 0.14
  207 S   -1 -2  4 -1 -3  1 -1  4 -2 -3 -2 -1 -2  0 -2  2 -1 -3 -2 -3    1   0  23   0   0  10   0  32   0   0   4   0   0   6   0  20   0   0   0   0  0.45 0.19
  208 E    0  1 -1  2 -2  0  2 -2 -1 -2 -2  1 -2  0  1  2  0 -3 -2 -1    6   7   1  10   0   1  22   1   0   1   1   8   0   5   7  19   6   0   0   6  0.21 0.10
  209 I   -2 -2 -3 -2 -3  0  1  0 -2  1  1 -1  1  1  3 -2 -2 -2  3  0    0   0   0   0   0   5  10   7   0  12  16   2   5   4  15   0   0   0  16   7  0.21 0.13
  210 L    0 -3  0 -3 -2 -2 -1 -3 -3  3  3 -3  2 -1 -3  0 -1 -3 -1  2    5   0   5   0   0   0   4   0   0  18  33   0   5   0   0   9   0   0   2  19  0.28 0.16
  211 L    1 -3 -3 -3 -3  0 -2  0 -3 -2 -1 -1 -2  4  4 -1  1 -2  1  0   13   0   0   0   0   4   0   8   0   0   4   4   0  23  20   2  10   0   4  10  0.34 0.19
  212 Q   -1  1  0  3 -3  0  0 -3 -2 -3  0  0 -2 -1  4  1 -1 -4 -3 -3    5  11   3  21   0   2   5   0   0   0  12   3   0   4  21  12   2   0   0   0  0.37 0.19
  213 N    0  0 -1  0 -4  0 -2  5 -3 -5 -5 -3 -4 -5  4 -1 -3 -5 -5 -5    5   6   2   7   0   4   1  51   0   0   0   0   0   0  22   3   0   0   0   0  0.94 0.36
  214 H    0  1  0  0 -3  0  1  0  1 -1 -1  2 -2  1  1  0 -1 -3  0 -1    7   8   5   3   0   3   7   9   4   3   4  20   0   8   8   4   0   0   3   3  0.13 0.10
  215 D    1 -1  0  4 -3  0  0  0 -2 -3 -3 -2 -3  0 -3  2  2 -4  0 -2   12   3   3  26   0   3   3   6   0   0   2   0   0   4   0  18  14   0   3   2  0.31 0.20
  216 I   -1 -1 -4 -4 -1 -2 -3 -2 -4  4  3 -3  1  0 -1 -3 -1 -3 -2  2    5   4   0   0   1   2   0   4   0  30  26   0   2   3   2   0   2   0   0  17  0.38 0.20
  217 E    0  0  0  2 -2  0  0 -1  1  0  0  0 -1 -1 -1  0  1 -2  0  0    8   6   3  13   0   4   3   5   4   3   7   6   0   2   2   8  11   0   4  12  0.05 0.05
  218 L   -2 -3 -3 -2 -3 -2  0 -1 -3  2  3 -2  2 -1 -4 -3 -2 -3  2  2    0   0   0   3   0   0   7   6   0  12  36   3   7   0   0   0   0   0   9  17  0.32 0.20
  219 G   -1 -3 -3 -2 -5 -4 -4  7 -4 -5 -5 -2 -1 -2 -4 -3 -2 -5 -5 -2    3   1   0   2   0   0   0  80   0   0   0   3   2   2   0   0   2   0   0   3  1.47 0.48
  220 E    0  1  0  0 -3  1  1  0  2 -1  0  2 -1 -3 -2  0  1  0 -2 -1    6   6   4   5   0   6  10   8   6   3   9  17   0   0   0   4  10   1   0   6  0.10 0.09
  221 V    0  1  1 -1 -3  0 -2 -3  3  1  0 -1  0  0 -2 -1 -1 -2  2  2    7   9   8   4   0   4   0   0   8   8   8   2   3   2   2   2   2   0  11  20  0.12 0.13
  222 I    0  1 -1 -1 -2 -1 -1 -2  0  2  1  1  1 -2 -3 -1  0 -3 -2  1    8  10   2   3   0   0   2   1   3  20  19  12   3   0   0   4   6   0   0   7  0.12 0.12
  223 N    0 -1  1  2 -3 -2 -1  3  0 -1 -2 -2  0 -1 -2  0  0 -3  2 -1   10   3   8  12   0   0   3  26   2   5   2   0   3   2   1   5   5   0   8   4  0.20 0.14
  224 N    0 -1  1  3  0 -1 -1  2  0 -2 -3  0 -3 -4 -2  3  0  1 -3 -3    4   3   7  18   2   2   1  14   2   2   2   4   0   0   1  32   4   2   0   0  0.36 0.23
  225 Y    0 -2  1  1 -3  0  1 -2 -1  1  0 -1 -1 -1 -2  0  2 -2  3 -1    8   0   6   8   0   2  11   2   1  11   9   3   1   1   0   3  16   0  15   1  0.14 0.14
  226 G   -1 -1 -1 -3 -4 -3 -3  5  0 -5 -5 -2 -4 -4  5  0 -1  1 -4 -4    2   3   3   0   0   0   0  48   3   0   1   2   0   0  27   5   3   2   0   0  1.01 0.37
  227 I    1 -2 -1 -3 -2  0 -1 -2 -3  1  0 -1  0  2 -2  0 -1  5 -1  1   15   2   3   0   0   6   3   2   0  11   9   3   1   9   1  10   1  10   0  13  0.19 0.15
  228 Q    0  1  0  1 -4  0  0 -1  0 -1 -2  0 -2 -3  5 -1 -1 -4 -3  0    6  11   4   7   0   4   7   4   3   3   3   4   0   1  30   2   2   0   0  10  0.43 0.21
  229 T    1 -1 -3 -3 -3 -2 -2 -3 -1  2  2 -1 -1  3 -3 -2 -1 -3 -1  2   17   3   0   1   0   1   1   1   2  11  19   4   0  15   0   1   4   0   0  20  0.25 0.19
  230 G    0  0 -1  0  1 -1 -1  2 -1 -1  0 -1 -1  0  2  0 -1 -1  0  0    6   5   2   5   4   1   4  21   1   4   9   1   1   3  10   9   0   1   5   6  0.11 0.09
  231 F   -1 -2 -2 -4 -3 -3 -4 -4 -3  3  4 -3  1  2 -3 -2 -2 -3  0  1    3   2   2   0   0   0   0   0   0  17  44   0   3   9   1   3   1   0   4  10  0.47 0.23
  232 N   -1  1  3  4 -4  0  0 -3  3 -4 -4  0 -2 -2  2  0 -1 -4 -3 -3    5   6  13  30   0   2   2   0   8   0   0   5   1   2  12   7   3   0   0   2  0.49 0.24
  233 S    1 -2  0  0  0 -1 -1  1 -1 -1  0 -1 -1 -1  0  1  1 -3 -1  0   16   0   3   7   2   2   1  12   1   1  13   2   1   3   4   9  10   0   2  10  0.07 0.08
  234 K    1  1  0  1 -1  0  2  0 -1 -2 -1  1 -2 -2 -2  0  0 -3 -2 -2   17   8   4  10   1   3  16   8   1   1   5   9   0   2   1   8   3   0   1   1  0.15 0.09
  235 D   -1  1  1  5 -3 -1  0 -2 -2 -3 -1  2 -2 -1 -1 -1 -1 -3  1 -2    3   7   5  37   0   2   2   3   0   1   7  13   0   3   2   2   4   0   7   2  0.40 0.21
  236 V   -1  2 -3 -3 -3 -2 -2 -1 -3  1  3  0  2  1 -3 -2  0 -3 -1  1    2  13   0   1   0   0   1   4   0   7  33   6   6   6   0   2   6   0   2   9  0.22 0.15
  237 L    1  0  3  0 -1 -1 -1 -1 -1 -2 -1 -1  0  0  2  1  1 -3  0 -1   12   4  20   3   2   2   2   5   1   0   7   3   3   4   9   9   9   0   4   3  0.15 0.12
  238 R   -2  5 -1 -3 -4  1 -2  0  5 -4 -3  1 -2 -3  0  0  0 -3 -1 -3    1  32   2   1   0   7   1   7  18   1   2   6   1   0   5   7   5   0   2   1  0.57 0.27
  239 H    0 -3  4 -5 -7 -4 -4 -4 10 -7 -7 -5 -6 -6 -6 -4 -5 -7 -2 -4    9   1  16   0   0   0   0   1  71   0   0   0   0   0   0   1   0   0   1   1  2.58 0.85
  240 I    1 -2 -4 -4  0 -3 -4  0 -4  3  2 -2  2 -2 -4 -1  2  2 -3  2   11   2   0   0   2   0   0   6   0  17  17   1   6   1   0   3  13   4   0  17  0.33 0.23
  241 S    1 -5 -5 -6 -2 -4 -5  0 -4  0  4 -5  0  3 -5 -3 -2  1  2  1   12   0   0   0   1   0   0   8   0   2  40   0   2  13   0   1   2   2   6  11  0.58 0.33
  242 I   -2 -6 -7 -7  0 -6 -7 -7 -7  7 -1 -6 -3  0 -6 -6 -3  1 -4  4    2   0   0   0   2   0   0   0   0  57   4   0   0   3   0   0   1   2   0  28  1.50 0.60
  243 F    1 -5 -5 -5  6 -5 -5 -2 -5  1  2 -5  0  3 -5 -3  1 -4 -3  2   10   0   0   0  17   0   0   3   0   9  21   0   2  11   0   1  11   0   0  16  0.63 0.35
  244 G   -2 -7 -5 -6 -7 -7 -7  8 -7 -9 -8 -6 -7 -8 -7 -5 -6 -7 -8 -8    3   0   0   0   0   0   0  97   0   0   0   0   0   0   0   0   0   0   0   0  2.73 0.96
  245 S    2 -1 -1 -3 -4  1 -2 -2 -3 -3 -2  3 -1 -3  2  2  3 -5 -4 -1   15   2   2   1   0   7   1   2   0   0   4  18   2   1   8  14  18   0   0   5  0.35 0.29
  246 T   -3  2 -4 -5 -5  1 -4 -5 -5 -1 -3 -3  0 -6  1  3  5 -6 -5 -3    1  12   0   0   0   6   0   0   0   3   3   0   2   0   8  21  43   0   0   1  0.94 0.55
  247 G   -5 -2 -2 -6 -7 -6 -7  8 -7 -9 -9 -6 -8 -8 -7 -3 -6 -7 -8 -8    0   3   2   0   0   0   0  94   0   0   0   0   0   0   0   1   0   0   0   0  2.61 0.97
  248 S    2 -3  0 -4 -5 -3 -4 -2 -4 -5 -5 -4  1 -5 -5  5  3 -6  1 -2   13   1   4   0   0   1   0   3   0   0   0   0   3   0   0  48  18   0   6   3  0.97 0.58
  249 G   -5 -7 -5 -6 -8 -7 -7  8 -7 -9 -9 -7 -8 -8 -7 -5 -7 -8 -8 -8    0   0   0   0   0   0   0 100   0   0   0   0   0   0   0   0   0   0   0   0  2.93 1.05
  250 K   -6 -3 -2 -6 -8 -4 -4 -7 -6 -8 -8  8 -7 -8 -6 -5 -6 -8 -7 -8    0   0   2   0   0   0   0   0   0   0   0  98   0   0   0   0   0   0   0   0  2.89 1.11
  251 T   -2 -6 -4 -5 -5 -5 -5 -5 -6 -6 -7 -5 -6 -7 -6  6  5 -7 -6 -6    2   0   0   0   0   0   0   0   0   0   0   0   0   0   0  62  36   0   0   0  1.90 0.89
  252 N   -2  0  0 -4 -1 -1 -3 -2  3 -3 -4 -2 -2  3 -5 -1  4  0  4  0    2   5   5   0   1   3   1   2   9   0   0   1   1  13   0   5  28   1  14   7  0.57 0.38
  253 S    0 -4 -4 -5 -1 -4 -4 -3 -5 -3  3 -2 -1  1 -4  2  5 -1 -4 -2    8   0   0   0   1   0   0   1   0   0  29   2   1   5   0  14  33   1   0   2  0.68 0.44
  254 A    2 -4 -1 -4 -2 -2 -3 -3 -1  2  3 -2  3 -3 -4 -2  0 -4 -3  2   20   0   3   0   1   1   1   1   2  10  29   3   9   0   0   1   6   0   0  12  0.41 0.28
  255 A    0  0  1 -2 -4  1  0  2 -3 -2 -1  3  0 -4 -3  1 -1 -4 -1 -3    8   4   7   1   0   8   4  17   0   2   6  24   3   0   0   9   4   0   2   1  0.31 0.25
  256 L    0  1  1 -3  1 -1 -1 -2  1  0  0  0 -2 -1 -2  0  1  0 -2  2    7   9   7   0   3   2   4   2   5   4   9   5   0   3   2   9  11   2   0  17  0.09 0.14
  257 I   -3 -6 -6 -6 -5 -4 -4 -7 -6  5  4 -6  4  0 -6 -3 -4  0  0  0    2   0   0   0   0   1   1   0   0  29  43   0  11   3   0   2   0   1   3   3  1.07 0.56
  258 S    3 -4 -5 -5 -2 -2 -3 -4 -5  2  3 -2  1  0 -3 -2 -2  0 -2  2   23   0   0   0   1   2   2   0   0  13  29   2   3   3   1   2   1   1   1  15  0.48 0.35
  259 K   -1  0  2 -2 -3  0  4 -2 -1 -2 -1  0  0 -1 -3  1  0  1 -1 -4    5   6   8   1   0   3  33   2   1   2   8   6   3   3   1   9   5   2   3   0  0.36 0.32
  260 E   -1  1  0 -1  0  4  3  0 -3 -2 -4 -1 -4 -1 -2  1 -2  2  1 -3    4   8   3   3   2  22  20   7   0   3   1   3   0   3   1  10   1   3   4   1  0.40 0.35
  261 L    0 -3 -2  1 -1 -1 -2 -4 -2  1  4 -4  3  2 -5 -2 -3 -4  0  1    8   1   2   7   1   3   2   1   1   5  37   0   7   8   0   3   1   0   3  10  0.40 0.30
  262 L    1  0  0 -3 -3  0 -1 -1 -1  1  1 -1  1  1  0  1  0 -1  0  0   14   6   4   0   0   5   2   3   1  10  14   4   4   6   4   9   5   1   2   5  0.06 0.11
  263 K   -1  4 -1  1 -4  1  1 -2 -1  0 -1  2  0 -2 -2 -1 -1 -4  0 -2    4  22   3   9   0   7   8   3   1   5   7  12   2   1   1   4   3   0   4   2  0.23 0.21
  264 K    0  1  1 -1 -1  2 -1 -2  0 -2  0  1 -1  0  1  1  1 -1  0 -2    8   8   6   3   1  10   2   1   2   2   9  11   1   5   6  10   7   1   4   2  0.10 0.13
  265 G   -1  0  3  0 -4 -1 -2  5 -1 -5 -5  0 -2 -3  0 -1 -1 -5 -3 -3    4   4  13   6   0   3   1  43   1   0   1   6   1   1   5   4   4   0   1   2  0.67 0.39
  266 F    0  0 -1 -1 -1  1 -1 -1  0  1  0 -1 -2  1 -2 -1  0  3  3  1    6   7   3   4   1   8   3   5   2   8   6   2   0   7   1   4   5   4  12  11  0.10 0.13
  267 D    1  1  2  0 -2  0 -1  0  1 -3 -3  1 -3 -2  3  1  0 -4 -1 -3   11   7  10   6   1   5   1   5   4   1   2  10   0   2  17  10   5   0   3   0  0.27 0.22
  268 V    1 -4 -2 -4 -1 -1 -3 -3 -4  1  0 -2 -1  1  2 -1 -1 -4 -3  4   13   0   1   0   1   2   1   2   0   8   9   2   1   7  10   4   4   0   0  34  0.39 0.30
  269 V   -2 -3 -5 -5  0 -2 -3 -5 -4  4  2 -3  2  2 -5 -3 -2  0 -2  3    3   1   0   0   2   2   1   0   0  26  19   1   4   9   0   1   2   2   1  24  0.59 0.34
  270 I    1 -4 -4 -2 -1 -4 -2 -2 -4  4  2 -4  1  0 -4 -3 -1 -4 -1  3   11   0   0   3   1   0   3   3   0  26  15   0   2   3   0   0   3   0   2  26  0.51 0.32
  271 L   -1 -5 -3 -5  0 -2 -5 -3 -5  4  3 -5  0  4 -5 -2 -3 -4  0  3    5   0   1   0   2   2   0   2   0  22  25   0   1  17   0   2   0   0   2  19  0.63 0.36
  272 D   -2 -6 -3  8  1 -4 -1 -5 -5 -6 -3 -5 -6 -2 -5 -4 -2 -7 -6 -6    4   0   0  78   3   0   3   0   0   0   4   0   0   2   0   0   3   0   0   0  2.03 0.87
  273 W   -1 -2 -4 -4 -5 -4 -2 -3  4 -1 -2 -3  0  2  6 -3  0  5 -1 -1    4   2   0   0   0   0   3   2  10   4   4   2   2   8  36   1   6   9   2   5  0.85 0.45
  274 H    0 -2  1  0 -4 -1  1  0  5 -4 -2  3  3 -1 -4 -1  1 -4  0 -3    7   0   7   4   0   2  10   6  16   0   3  17   9   2   0   3  10   0   3   0  0.38 0.31
  275 G   -1 -1  0  0 -5 -3 -4  6  0 -5 -3 -2  1 -5 -5 -2 -4 -5 -5 -5    5   4   4   5   0   1   0  64   2   0   3   3   4   0   0   3   0   0   0   0  1.23 0.58
  276 E   -1  0 -3  3 -1 -1  5 -1 -1 -1 -3 -2 -4 -2 -1 -1 -2 -4  0 -1    4   5   0  19   1   1  39   5   1   3   3   1   0   1   3   4   2   0   3   5  0.57 0.38
  277 Y   -1 -2 -2 -2  0 -1 -4 -3  2 -2  0 -4 -2  4 -4 -3 -4  3  7 -3    6   2   2   3   2   3   0   2   4   2   8   0   1  16   1   1   0   4  42   1  1.05 0.53
  278 K    1  0  1  0 -2  0  0  2 -1 -2 -2  0 -2 -1  0  1  0 -1  0 -1   12   5   6   5   1   3   8  17   1   2   3   7   0   2   5  10   5   1   3   6  0.12 0.11
  279 H    0  1  1  1 -1 -1  0  2 -1 -2 -1  0  0 -1  1  1  0 -3 -3 -2    9   7   8   9   1   2   4  18   1   2   6   4   2   4   7   9   4   0   0   2  0.13 0.12
  280 I    0 -1 -2  0 -3 -2 -2 -2 -3  2  3 -1  0 -1 -3 -1  0  0 -1  1    7   2   1   6   0   1   2   3   0  11  36   5   2   2   1   5   5   1   1   7  0.21 0.20
  281 L    1 -2 -3 -2  2 -3 -1  0 -3  1  0 -2  0  1  3 -1 -1 -1 -1  1   15   1   0   3   4   0   3   8   0   7  10   2   2   8  13   4   4   1   1  13  0.18 0.17
  282 P    0  1  1  2  1  1  2 -1  1 -2 -2  1 -3 -3  1  0  0 -1 -2 -2    9   7   6  11   3   6  16   4   4   2   3  10   0   1   6   4   4   1   1   2  0.18 0.16
  283 E    1  0  1  1 -1 -1  1  0  2 -1 -2  0  0 -2  1  1  1 -4 -1 -2   11   5   5   8   1   1   8   7   6   3   3   4   4   1   8  13   7   0   2   2  0.13 0.14
  284 F    0  0 -2 -1  1 -2 -3  0  0  1  1 -2  1  2  1 -1 -1 -1  1  1    7   5   2   4   3   1   0   9   3   6  12   0   4   9   7   5   2   1   5  14  0.09 0.12
  285 K   -1  1  1  1 -4 -1  2  2  1 -4 -4  2  0 -1  0  0 -1 -4 -1 -2    5   9   5   6   0   2  14  16   4   0   1  11   3   3   4   7   3   0   2   3  0.24 0.23
  286 V   -1  1  1  0  1 -1 -1 -2  2  2 -1 -1 -2 -1  0 -1  0 -4  0  2    5   9   7   6   3   2   4   2   5  15   6   3   0   3   4   4   5   0   3  14  0.11 0.14
  287 Y    0 -1  0 -1  1 -1 -1 -1  0  0  1  0  0  1  0  0 -1  1  2  0    9   3   5   4   4   2   4   3   2   7  14   7   2   6   3   5   3   2   8   8  0.03 0.06
  288 S    0 -1  1  1  0 -1  0  0  2  1 -1 -1 -1 -1 -2  0 -1  0 -1  1    9   3   6   8   2   2   8   7   6   9   3   3   1   2   2   8   3   1   2  13  0.06 0.11
  289 R   -1  3 -1  0 -5 -1  0 -2 -4 -1 -1  0  2 -1  4  0 -2 -4  1 -2    6  14   2   4   0   3   5   3   0   4   7   7   6   3  21   6   3   0   5   3  0.32 0.28
  290 R    1 -1  1  0 -3 -1 -1  1  0  0  0  0 -2  1  0  0  0  1  1 -1   13   3   7   5   0   1   4  12   2   5   9   5   0   6   4   5   7   2   6   4  0.06 0.10
  291 N    0  0  3  2 -1  1  2  0  1 -3 -3  0 -1 -3 -1  1  0 -1 -4 -2    6   5  15  10   1   5  12   8   4   2   2   5   2   1   2  12   6   1   0   3  0.23 0.23
  292 I   -1 -2  1  1 -3 -2 -1 -1 -1  1  1  0  0 -1  2 -1  0 -4  1  1    3   2   6  10   0   1   3   4   1  10  13   5   2   2  11   5   7   0   5  10  0.11 0.14
  293 L   -1  0 -2 -2 -4 -3 -2  0 -1  2  3 -2 -1  1 -3 -2 -1  0  0  1    4   5   2   3   0   1   3   7   2  14  32   2   1   6   1   3   3   2   3   8  0.25 0.23
  294 T    1  2  0  1 -4  1  2  1 -1 -3 -4  1 -1 -3  0  0  1 -4  0 -3   11  11   3   7   0   5  13  11   1   1   1   9   2   1   4   7   7   0   4   1  0.23 0.24
  295 L   -1 -2  0  1 -3 -1  0 -1 -2  2  1 -2  0  1  0 -1 -2 -1  1  1    6   2   5   8   0   3   6   4   1  16  15   1   1   6   5   5   1   1   4   9  0.10 0.14
  296 N    1  0  5  2 -1 -1 -1 -1 -2 -1 -4  1 -3 -4  1  0 -1 -6 -2 -4   13   5  29   9   1   2   3   4   1   4   1   7   1   1   8   5   4   0   2   1  0.48 0.40
  297 P   -2 -2 -3 -1 -6  0 -2 -3 -2 -1 -2 -1 -3  1  6 -1  0 -2  0 -1    3   3   1   4   0   4   2   2   1   4   4   4   1   6  43   5   5   1   4   4  0.82 0.56
  298 I   -1 -2 -4 -3 -4 -4 -1 -3 -2  2  3  0  2  2 -3 -1 -1  2 -1  2    6   2   0   1   0   0   4   2   1  11  28   5   4  10   1   5   3   3   2  13  0.31 0.27
  299 P    0  1  0  3 -5  1  0 -3  1 -4 -3  0 -2 -5  3  2 -1 -5  0 -2    7   6   5  16   0   5   6   2   4   0   2   4   1   0  15  17   3   0   3   4  0.37 0.33
  300 L    0 -2 -2 -2 -3 -1 -2 -3 -4  2  3 -2  1  0 -1 -1  0 -1  0  1    8   3   2   2   0   3   2   1   0  14  31   3   2   4   3   4   5   1   3  10  0.27 0.24
  301 D   -1  2  2  1 -1  0  1  0 -1 -3 -3  0 -2 -3  3  1 -1  0 -1 -2    5  10  12   9   1   4   8   6   1   1   3   4   1   1  14   9   4   2   2   3  0.24 0.24
  302 E    1 -1 -1  0 -3  0  0 -1  1 -1  0  0  0  0  0  0 -1  3  0 -1   11   3   2   7   0   5   7   5   5   4  13   5   2   4   4   6   3   5   3   4  0.05 0.08
  303 Q   -1  0  0  0 -3  1  1  0  1 -1  1 -1  0  0 -1  0  0  1 -1  0    4   4   4   4   0   7   8   8   4   3  20   4   3   4   3   7   6   2   1   5  0.05 0.11
  304 D    0 -1  2  4 -4 -1  0 -2  0  0 -2 -1 -3 -3  0  0  1  1 -1 -1    6   3  12  21   0   2   6   3   2   6   3   3   0   1   5   8  10   2   2   5  0.25 0.25
  305 T    1 -1 -3 -2  0 -2 -1 -1 -1  1  1 -1 -1 -1  3  0  0 -4  1  0   13   3   0   2   2   0   4   4   2   9  14   4   1   3  17   8   4   0   5   5  0.18 0.20
  306 E    0  1  0  2 -4  0  2  0  0 -2  0  0  0 -3 -1  1  0 -4  0 -2    7   6   4  11   0   4  18   7   3   1   9   5   2   0   2   9   4   0   3   3  0.14 0.17
  307 D    0  0  0  2 -4  1  3  1 -1 -2 -1 -1  0  0  0  0 -2 -4 -2 -1    8   4   3  13   0   5  21  11   1   2   6   2   3   4   4   6   1   0   1   4  0.19 0.22
  308 I   -1 -2 -3  0 -1 -1 -2 -1  0  1  1 -1  1  1 -2 -1 -2  6  2  1    5   2   0   6   1   3   2   4   2  10  15   4   3   6   1   6   1  12   6  10  0.23 0.21
  309 I    0  0 -2 -2  4 -1 -1 -3 -3  2  1 -1  1 -2  1 -1 -1  2 -1  1    8   6   2   2   9   3   3   2   0  15  12   2   4   0   7   4   2   3   2  12  0.17 0.19
  310 D    0  0  2  1 -3  0  2 -1  1 -1 -2  1  0 -3  0  1  0 -3  0 -1    9   4  10   7   0   4  14   4   4   3   4   7   3   0   4  12   4   0   4   3  0.13 0.15
  311 I    0  0  0  0 -3 -1  0  0 -2  0  0  0  1  1  1 -1  0  4  1  0    6   6   6   6   0   0   6   6   0   6   6   6   6   6   6   0   6   6   6   6  0.07 0.11
  312 F    0 -2 -1 -4 -1 -3 -2 -4  0  1  3 -1  1  3 -2 -1 -1  0  0  1    8   2   3   0   2   0   2   0   2   9  27   3   4  15   2   4   3   1   3   9  0.25 0.23
  313 K    1  0 -1 -1 -3  1  0  2  0 -2 -1  0  1 -1 -1  1  1 -3 -1 -1   11   5   2   2   0   6   6  18   2   2   7   6   4   3   2  11   8   0   1   4  0.11 0.14
  314 D   -1  0 -1  3 -4  0  1 -1  0 -3 -1  1  2 -1  1  0  0 -4 -3 -2    3   5   2  20   0   4  11   4   2   0   8   8   7   3   8   8   4   0   0   3  0.22 0.23
  315 T    1 -1  1 -1 -2  0  0 -1 -1  1  0 -1  0 -1 -2  1  1 -3 -1  1   13   4   8   3   0   3   5   5   1   8  11   3   3   3   0  12   7   0   1   9  0.06 0.10
  316 L   -2 -2 -2 -1 -1 -3  0 -2  0  1  3 -1  1  2 -2  0  0  2  1  0    2   1   1   3   1   0   7   3   2   7  29   3   3  11   2   6   5   2   5   6  0.19 0.21
  317 E    0  0  2  3 -5  0  2  2 -3 -4 -3  1 -4 -5  1 -1 -1 -5 -2 -3    7   5  11  16   0   5  13  14   0   0   2  10   0   0   7   4   3   0   1   2  0.34 0.28
  318 L    0 -3 -4 -2 -3 -2 -2 -1 -2  2  3 -1  2 -1  1 -1 -1 -4 -3  0    8   0   0   2   0   2   2   6   1  12  33   4   6   3   7   4   4   0   0   6  0.27 0.26
  319 T   -1  0  1  0  0  2  0  1  0 -2 -1  0  0 -1 -1  1  2 -4 -1 -2    4   5   8   6   2   9   5   9   2   2   5   4   2   3   3  11  15   0   2   2  0.12 0.16
  320 E   -1  0  0  2 -4  2  2 -2 -3 -1 -2  0 -3 -4  2  1 -1  4  0 -1    5   6   3  12   0   8  12   2   0   4   4   4   0   0   9  11   3   7   4   5  0.24 0.25
  321 P    1  0 -1  0 -4 -1 -1  1  0 -1 -1  0  0 -1  3  0  0  1 -3  0   11   7   3   4   0   2   3  12   2   4   5   5   3   3  18   6   4   2   0   6  0.18 0.18
  322 Q    1 -1 -1 -1 -5  5  1 -1  1 -2 -2  1  2 -3 -2  0  0 -5 -1 -1   10   2   2   2   0  27   8   4   3   2   3   9   5   1   2   8   4   0   2   4  0.39 0.37
  323 S    0  1  0  0 -4  0  1  2 -1 -2 -2  0 -1 -1  1  1  0 -2  0 -3    6   9   3   6   0   4  12  15   1   2   4   6   1   3   7  10   5   1   4   1  0.15 0.17
  324 F    2 -2  0 -2 -3 -3 -1  1 -1  1 -1 -2 -1  2 -1  0  1 -3  2 -1   20   1   4   2   0   0   4   9   2   9   7   2   1   9   4   6   7   0   9   4  0.16 0.21
  325 I    0 -3 -2  0 -3 -2 -1 -3 -1  1  2 -2  2  2 -2 -2 -1  0  1  2    8   0   1   5   0   1   5   2   2   9  24   3   5  10   1   3   3   1   4  13  0.20 0.20
  326 L   -1 -1 -6 -3 -1 -3 -2 -6 -5  3  5 -4  1  0 -6 -3 -3 -5 -1  1    5   4   0   1   1   1   3   0   0  14  50   1   3   3   0   2   1   0   2   8  0.77 0.49
  327 Y    0 -1  0  0 -1 -1  0 -2  0 -1  0 -1  2  1 -2 -1  1  5  2 -1    9   4   4   6   1   3   6   2   3   3  11   2   6   5   2   5   9   7   9   5  0.14 0.16
  328 L    0  3 -1  0 -1  2  1  0  1 -1 -1  1  0 -1  0  0 -1 -4 -2 -1    7  16   3   4   1   9  10   7   3   3   5   7   3   3   4   5   3   0   1   5  0.14 0.16
  329 V    3 -1 -5 -2  1 -2 -1 -5 -1  3  1 -4  0 -2 -3 -1 -2  1 -2  2   29   3   0   2   3   2   4   0   1  16  13   0   2   1   1   5   1   2   1  13  0.43 0.36
  330 I   -1  0 -1 -1  0 -1 -1 -2 -3  3  2 -1  1  1 -1 -2 -2 -3  0  2    6   5   3   4   2   3   4   2   0  18  18   4   3   5   3   2   0   0   3  14  0.15 0.17
  331 E    0  2  0  0  0  1  2 -1  0 -1 -1  1  0 -3  0  0  0 -4 -1 -2   10  13   4   4   2   6  12   4   2   3   5   9   2   0   5   8   4   0   2   3  0.13 0.15
  332 Q   -1  0  1  1  0  1  1 -1  0  0  0  0  1 -2 -1  0  0  1 -1 -1    5   4   7  10   2   6  11   5   3   5  10   6   4   0   2   6   5   2   2   4  0.06 0.09
  333 L    0  0  0  0  2  0 -1  0  0  0  1 -1  1  0 -3 -1 -1 -2  0  1    6   5   4   6   7   4   4   6   3   5  16   3   4   5   0   4   3   0   4  11  0.03 0.08
  334 K   -1  1  1  0 -3  0  1 -1  1  0 -1  1  0 -2  0  0  0  2  0  0    5   8   6   5   0   4   9   4   4   5   4  13   3   0   4   6   5   3   4  10  0.07 0.11
  335 R    0  0  0  0 -3  0  0  0  2  0 -1  0 -1  0  1  0  0  3  1  0    6   6   5   6   0   5   6   6   5   6   6   6   0   5   6   6   6   5   5   6  0.06 0.08
  336 Y   -1 -1 -1  0 -1  1 -1 -2  0  0  0  0 -2  0  2  1  0  2  2  0    3   4   2   5   1   6   4   3   2   5  11   6   0   4  10  10   6   3   9   7  0.10 0.14
  337 R    0  2  1  0 -4  0  0  0  0 -1  0  2  0  1 -1 -1  0  0  0 -2    7  11   7   4   0   2   7   6   2   2  10  16   2   6   3   3   5   2   3   2  0.10 0.13
  338 K    1  0  0  0 -1  0  1  0  0 -1 -1  1 -3 -2  2  0 -1 -4  1 -2   15   6   5   4   1   4  10   6   2   3   7  10   0   2   9   5   4   0   6   2  0.12 0.15
  339 L   -1  2  2  1 -4 -1 -2  1 -3  0  1 -1  1  1 -2 -1  0 -4 -2 -1    5  12  10   8   0   2   2  11   0   5  17   3   4   5   2   3   6   0   1   5  0.12 0.16
  340 D   -2  1  0  3 -4  0  1  0  0 -1 -1 -1  0 -1  0  0  0 -4  0 -1    3   7   4  20   0   4   7   7   2   3   7   4   2   2   6   8   5   0   4   5  0.16 0.17
  341 T    0  0  1 -1 -1  0  0 -1 -1  0  1  0  0  1 -1  0  0  0  0  0    8   5   9   3   1   4   8   3   1   6  14   4   3   6   2   7   5   1   3   7  0.02 0.05
  342 D    0  1  1  3 -4  0 -1 -2  0 -1 -1  0 -1  1  0 -1  0  1  1 -2    9   7   6  18   0   4   3   3   2   3   5   6   2   7   4   5   6   2   6   2  0.15 0.17
  343 T   -1 -1  0  1 -1 -1  0  0 -1  2 -1 -1 -1 -2  0  1  2 -4 -1 -1    4   3   4  10   1   2   5   8   1  13   4   3   2   1   4  13  14   0   2   4  0.12 0.16
  344 L   -1 -2 -1 -1 -4 -2 -1 -2 -1  2  3 -2  1  1  0 -1 -1  0  0  1    5   2   3   3   0   1   4   3   1  12  28   2   3   7   5   4   3   1   2   9  0.20 0.19
  345 K    0  2 -1  1 -4  1  1 -2 -3  0 -1  2  1 -2  0 -1  0 -5 -2 -2   10  14   3   9   0   7   8   3   0   6   6  11   3   1   6   3   7   0   1   2  0.17 0.19
  346 I   -1  0  0  0  2  0  0 -1  2  0 -1  0  1  0  0  0  0  3  1 -1    5   5   5   5   5   5   5   5   5   5   5   5   5   5   5   5   5   5   5   5  0.06 0.08
  347 I    0 -1 -1 -1 -2 -2 -1 -3  0  3  0 -2  2  1 -1 -2  0  1  0  2    9   3   3   3   1   2   5   1   2  18   9   3   6   6   3   2   7   2   3  12  0.16 0.16
  348 L   -1  0  0  0 -1  0 -2 -1 -1  2  2 -2  0 -1 -3 -2  0 -2 -2  1    4   5   4   5   2   4   2   6   2  15  25   2   2   2   1   3   5   1   1  10  0.16 0.16
  349 E   -2  1  0  2 -6  3  3 -3 -1  0 -3  1 -1 -3 -3  0  0 -1  0 -5    4   7   4  10   0  14  21   1   1   5   2   9   2   1   1   8   5   1   4   0  0.41 0.36
  350 S    0  1  1  0  0  0  2 -1  1 -1  0  0 -2  0 -1  0  0 -3  0 -1    9   8   6   5   2   3  14   4   3   3  12   5   0   5   3   6   5   0   3   3  0.07 0.11
  351 I   -1 -1 -2 -5 -1 -2 -3 -3 -1  3  2 -1  1  1  0 -1 -2  0  3  2    5   3   2   0   1   2   1   1   1  15  19   5   3   5   5   4   2   1  11  12  0.28 0.23
  352 Q    0  0  1  1 -3  1  1 -1  0 -1  0  0 -2  0 -2  0  0 -3  1  0    8   5   8   7   0   6   8   4   3   3  10   6   0   3   2   7   4   0   6   9  0.06 0.10
  353 T    0  0  0  3 -2  0  2  0 -3 -2  0  0 -3 -4 -3  0  0 -5  0 -1    8   6   5  16   1   5  16   6   0   2  10   6   0   0   1   5   6   0   3   4  0.20 0.21
  354 D    1  0  0  4 -1  1  0 -2 -2 -2  0 -1  1 -2 -2  0  0 -5 -1 -2   12   4   5  22   1   6   7   2   1   2  10   3   3   2   2   7   6   0   3   3  0.23 0.24
  355 S    1  0  0  0 -3  0  1  1  0 -1 -1  0  0 -1 -1  1  1 -3  0 -1   12   7   4   6   0   3  10  10   3   4   7   3   2   3   3   9   8   0   3   4  0.06 0.09
  356 Y    1  0  1  0 -4  1  0  0 -1 -3 -1  2 -1  1  0  0 -1  3  1 -2   10   5   8   5   0   7   5   7   1   1   6  12   1   6   5   6   2   4   5   2  0.12 0.15
  357 M    1  1  0 -1 -2  0  0 -2  1  0  0  0  0 -1  1  1 -1  4  1  0   11   9   6   3   1   3   5   2   3   5   8   4   2   2   6   9   3   6   5   6  0.09 0.12
  358 I    1 -1 -1  0 -2  0  2 -2 -3  0 -1  0  1  1  0  1 -1 -3  0  1   12   3   2   6   1   4  14   2   0   6   7   4   3   6   5   9   3   0   4   9  0.09 0.13
  359 R    0  3  0  1  0  1  2 -1 -1 -2 -2  1 -2  0 -1  0 -1 -4 -2 -2    9  18   4   8   2   6  12   6   1   3   3   8   1   4   3   7   3   0   1   3  0.19 0.20
  360 D   -1  0 -1  2 -5  1  4 -2  1 -2 -2  1 -4 -1 -1  1 -1 -1 -2 -2    4   4   3  13   0   6  24   2   3   2   4   8   0   3   3  10   4   1   2   3  0.32 0.30
  361 I    0 -1  0  0 -3  0 -1 -2 -1  1  0  0 -1  0 -1  1  2 -1  0  0    8   3   4   6   0   3   3   2   1  10  11   6   1   3   2  14  12   1   3   6  0.08 0.12
  362 K    0  3 -1 -1 -4  0  0 -1  0 -1 -2  3 -1 -3 -2  0  0  3 -1 -1    9  16   2   3   0   4   5   4   2   4   4  20   1   1   2   7   5   4   2   5  0.25 0.23
  363 F    2  0  0 -1 -3  0  1  0  0 -1  0 -1 -1 -1  1  0 -1 -1  1 -1   17   6   4   3   0   4  10   7   2   3  12   2   1   2   7   6   3   1   7   3  0.09 0.14
  364 A    2  0 -1 -1  1 -1  0 -1  0 -1 -2 -1  0 -2  0  2  0  1 -1 -1   20   6   2   4   3   3   8   5   2   3   3   3   3   2   5  16   5   2   2   5  0.15 0.19
  365 L    0 -1 -1 -2  0 -2 -2 -3  0  2  3 -2  1 -1 -1 -2 -2 -4  0  1    7   4   3   2   2   2   2   2   3  14  31   2   2   2   3   3   2   0   3  11  0.29 0.23
  366 G    0  0  0  0 -2  0  1  0  1  0  0  0  0  0 -2  0  0  2 -1  0    8   6   5   4   0   4   9   8   4  10   9   5   4   5   0   8   4   3   0   4  0.03 0.07
  367 R    0  0  0  0  2  1  0  0  2  0 -1  0  1 -2 -3  0  0  3 -2  0    6   6   6   6   6   6   6   6   6   6   6   6   6   0   0   6   6   6   0   6  0.08 0.12
  368 K    0  4 -2 -3 -2  0  0 -2  1 -3 -1  3  3 -3 -2  0  0 -4 -3 -2    7  27   1   1   1   4   5   3   3   1   5  15   7   1   2   7   6   0   1   2  0.41 0.31
  369 L    0  0 -4 -2 -2 -1 -2 -2 -4  1  5 -2  0  0 -3 -3 -1 -4 -4  0    7   5   0   3   1   3   3   4   0   8  48   2   2   3   1   2   4   0   0   6  0.55 0.36
  370 Y    1  1  0  0 -1  0  2 -2  0 -1  0  1 -1 -1 -3  1  0 -1  1 -1   10   7   4   4   1   2  13   2   2   3  10   8   1   2   0  13   6   1   6   4  0.11 0.15
  371 L    0  1  0 -2 -2  0  0 -2  2  1  1 -1  1  1  0  0 -1 -3  0  0    7   9   4   1   1   5   7   2   6   8  17   2   3   8   4   5   4   0   4   4  0.08 0.12
  372 L    1 -1 -2 -4 -2 -3 -3 -4 -5  1  5 -2  0  1 -5 -2 -1 -1 -3 -1   12   3   2   1   1   1   2   1   0   6  47   2   2   6   0   3   4   1   1   4  0.59 0.39
  373 T    1 -1  1  2 -1  0  2 -2 -1 -1 -1  0  0  0 -1  0  1 -3  0 -1   13   2   7  11   2   5  13   1   1   3   7   4   3   4   3   6   9   0   3   4  0.11 0.14
  374 T   -1  1  1  2 -4  2  1 -2  0 -1 -1  0  0 -1 -2  1  0  0  0 -1    4   8   5  11   0  11   8   2   2   3   6   5   2   3   1  13   5   1   3   5  0.14 0.17
  375 P    1  1  1  1 -3  1 -1  1 -3 -2 -2  0 -3  0  2  0 -2  3  0 -2   12   7   5   9   0   8   4  11   0   3   5   4   0   4  10   8   2   4   3   2  0.16 0.17
  376 L    0  0  0  1 -3  0  0  2 -1 -1  0  0  0  0  0 -1 -1 -3  0  0    8   4   5   8   0   5   6  17   1   4  11   5   3   4   4   3   3   0   3   6  0.06 0.08
  377 A    1 -2 -1 -2 -3 -1 -1  0 -2  1  1 -2  1  2 -2  0 -1  1  2  1   11   2   3   2   0   3   5   7   1   7  14   1   3  10   2   6   2   2   6  12  0.09 0.11
  378 R    1  2  1  1 -1  0  0  2  1 -2 -1  0 -2  0 -2  0 -1  3 -2 -2   11  12   6   7   1   5   4  14   4   2   7   6   0   4   1   6   3   4   1   2  0.13 0.14
  379 K    0  1  1  0 -3  1  1  0  1 -2 -1  2  0  0  0  0 -1 -1  0 -2    9   6   6   5   0   6  11   8   3   2   5  14   2   4   4   6   1   1   4   3  0.11 0.12
  380 L    0 -2 -2 -1  0 -1 -2 -1  0  1  2 -2  0  0  0 -1  0  2 -1  1    7   1   1   5   2   3   1   5   2  10  25   2   2   4   4   5   7   3   2   8  0.13 0.14
  381 F   -1 -3 -1 -1 -5 -3 -3 -1  0  0  2 -4 -3  6 -2 -1 -3  4 -1 -1    5   1   4   4   0   1   2   4   2   6  17   1   0  33   3   5   1   6   1   3  0.64 0.41
  382 S   -2  1  2  2  0 -1 -1  1  0 -1 -2  0 -1  3 -2  0  0 -1  0 -1    1   7  11  10   3   2   4  11   2   3   4   4   1  12   1   8   7   1   3   4  0.14 0.16
  383 L    0 -1 -2  0 -2  0  1  2 -1 -1  1 -1 -1  1 -1  0 -1  0 -1  0    9   3   0   5   1   4   9  15   2   4  14   4   1   9   3   6   3   1   2   6  0.06 0.10
  384 D   -1  0 -1  4 -2  1  2 -1  1 -3 -2 -1 -1  0  1  0 -1  1 -2 -3    4   5   2  24   1   6  16   6   3   1   4   3   2   5   7   5   3   2   1   1  0.32 0.27
  385 T    1  0  1  0 -4  0  1  1 -3 -3 -3  1 -2 -2  3  1  1 -4 -1 -3   10   5   6   6   0   3  10   9   0   1   3   9   1   2  12  12   9   0   2   1  0.21 0.20
  386 G    0  0  0  0 -3  0  1  1  1  0 -1 -1  0 -2  1  1 -1 -1  1 -2    7   4   5   5   0   4  11  13   4   5   6   3   3   1   7   9   4   1   6   2  0.08 0.11
  387 Y    0  0  0 -1 -3 -1  0 -1  2  1  1 -1 -1  1  2  0  0 -3  1  0    8   4   5   3   0   2   5   4   5   9  13   3   1   6  10   5   6   0   7   5  0.07 0.10
  388 T   -1  0  0  2 -3  1  0  1 -2  0  0  0 -1  0  0  0  1 -4 -3 -1    4   5   5  12   0   6   7   9   0   5  12   6   1   4   4   6  10   0   0   4  0.08 0.11
  389 Y    0  1 -1 -1 -1 -2 -1  0 -1  2  0 -1 -1  0  2  0 -1  0  0  0    8   8   3   3   1   1   3   8   1  17   7   3   1   4  11   9   2   1   3   5  0.09 0.13
  390 Y    0  0 -1  0 -3 -1  1  0  0  1  1  0 -1  2 -2  0  0 -3 -1  0    6   6   3   4   0   2   9   9   2   8  14   4   0  12   1   5   7   0   1   5  0.06 0.10
  391 D   -2  1  1  5 -5 -1  2 -2 -4 -1 -2 -2 -2 -3 -1  1 -1 -5 -2 -2    4   8   6  33   0   2  12   3   0   4   4   2   1   1   3   9   3   0   2   3  0.50 0.36
  392 I    0  0  0  0 -3  0 -1 -2 -2  1  2  0  0 -1 -1 -2  0  3  0  1    7   5   5   5   0   3   4   2   1  11  22   5   2   1   3   2   6   4   4   8  0.10 0.13
  393 G    0 -1 -1  0 -2 -1  0  0  0  1  1 -2  2  1  0 -1 -1  0 -1  0    8   3   3   6   1   3   7   8   2  10  16   0   7   6   4   4   3   2   2   7  0.05 0.09
  394 E   -1  1  0  2 -3  0  1  0 -1  0 -1  1  1  0 -2  0 -1  0  0 -1    4   9   5  12   0   4  11   7   1   7   5   7   4   5   2   7   2   1   3   3  0.08 0.11
  395 K    0  0  1  1 -1  0  0 -1 -2  1  0  1 -1  0  1  0  0 -3 -1  0    7   4   7   7   1   4   6   3   0   9  12   9   0   4   6   5   8   0   2   8  0.04 0.07
  396 L    0  0  0  0 -2  0  0 -1  1  0  0  0 -1  2  0  0  0  0  1 -1    7   6   5   6   1   3   4   3   4   5  13   4   1  10   4   9   6   1   5   4  0.03 0.06
  397 S   -1  0  3  2 -5  0  2  3  1 -2 -5  0 -4 -5 -1 -1 -2 -5 -2 -3    5   6  15   9   0   4  13  23   3   3   1   5   0   0   3   4   2   0   2   1  0.39 0.29
  398 G   -1  2  1  0 -1  2  0  1 -1 -1 -2  2 -1 -3  1  0 -1 -4 -2 -1    4  11   6   4   1  10   4  13   1   4   3  15   2   1   7   8   2   0   1   4  0.18 0.18
  399 G    0 -1 -2 -2 -2 -1 -2  1 -1  3  0 -2  0  0  2  0  0 -4 -2  1    8   4   2   1   1   2   2  10   2  18   9   2   3   3  11   6   6   0   1   9  0.14 0.15
  400 N   -1 -2  2 -1  1 -1 -2  0 -2  1  1 -1 -1  0 -3  0  2 -1 -3  1    5   1  11   3   3   2   2   6   1  10  12   3   1   4   0   7  16   1   0  12  0.13 0.17
  401 I   -2 -3 -2 -5  2 -3 -5 -3 -1  5 -1 -3 -3 -4 -5 -2  0 -5 -2  5    4   1   2   0   4   1   0   2   2  28   5   2   0   0   0   3   4   0   1  40  0.88 0.50
  402 I   -1 -3 -1 -3 -4 -2 -3 -5 -1  5  2 -4  0  2 -5 -2 -3 -4 -1  3    5   1   4   2   0   2   2   0   2  30  17   0   1   8   0   3   0   0   2  21  0.62 0.38
  403 D   -4 -3  1  7 -6  0  0 -3 -5  0 -4 -4 -6 -6 -5 -1  0 -7 -6 -3    1   2   7  60   0   4   5   2   0   5   2   0   0   0   0   4   5   0   0   2  1.38 0.71
  404 L   -2 -3 -6 -6  1 -5 -4 -4 -6  1  5 -5  3  0 -6 -3 -2 -5 -4  1    3   2   0   0   3   0   1   1   0   6  58   0   6   4   0   2   2   0   0   9  1.01 0.57
  405 S    1 -3 -1 -1 -5 -2 -1 -1 -4 -5 -3  0 -5 -2 -2  5  1 -6 -5 -3   10   1   2   4   0   2   4   5   0   0   2   6   0   2   2  49   9   0   0   2  0.79 0.59
  406 F    1  1 -1  1  1 -1  0  2 -1 -2 -1 -1 -1  0 -1  0  0  0 -1 -1   10   8   3   7   4   2   7  18   2   1   7   3   2   5   2   9   4   1   2   3  0.09 0.11
  407 I    0 -3 -1  1 -1 -3 -2 -2  0  2  2 -2  0  1  0 -1 -1 -3  1  0    7   0   3   8   1   0   2   3   3  15  26   2   2   7   5   4   3   0   5   5  0.19 0.19
  408 Y    0  0 -1  0  1  0  1  0 -1 -2 -1  1  0  1  1  0  0 -3  0 -1    8   6   3   4   4   3  10   8   1   1   4  10   2   9   8   8   5   0   4   3  0.08 0.11
  409 N   -1 -2  2  3 -1  0  2 -2  0 -2 -1 -1  0 -4  1  1  0 -4 -1 -1    4   2  10  18   1   3  12   2   3   3   8   2   2   0   6  14   5   0   2   4  0.22 0.24
  410 L   -1 -1  0  2 -1  1  0  0  0 -1  0 -1  0  1  3 -1 -1 -3  2 -2    6   4   3  11   2   6   7   9   2   4   8   2   3   6  15   2   2   0   8   2  0.16 0.17
  411 K    0  0  0  0 -3  1  1 -1 -2 -1 -1  0  0  0  0  0  1  1  0  0    6   6   5   4   0   7  10   5   0   4   5   6   3   4   5   7   8   2   4   7  0.06 0.08
  412 L    0 -1 -1  0 -3  1  0 -2  0  1  1 -1  1 -2  0 -1  0 -3  0  1    8   3   3   5   0   7   7   3   3  10  14   2   5   0   4   4   6   0   3  14  0.07 0.13
  413 R   -1  3  0 -1  0  1  0  0  0 -2 -1  1  1 -1  1  0  0 -3 -1 -1    5  17   5   3   2   5   4   7   2   0   7  10   5   3   8   5   5   0   2   3  0.13 0.16
  414 R    1  0  0  0  0  1  0 -1 -1  0 -2  1  0 -1  1  1  0  1 -1  0   12   6   5   4   2   5   7   4   1   6   2  11   3   2   7  10   4   2   3   6  0.07 0.09
  415 L    1 -1 -3 -3  2 -1 -2 -1 -3  2  1 -1  1  0  0 -1  0  0 -2  1   13   3   0   0   4   3   2   4   0  14  18   5   3   5   4   5   7   2   0   8  0.12 0.14
  416 Y    0 -2 -1 -4 -3 -3 -2 -1 -3  3  1 -2  0  1 -4 -2  0 -3  3  3    9   3   3   0   0   0   2   6   0  19  10   2   2   7   0   3   4   0  10  19  0.28 0.25
  417 S    1 -1 -2 -2  1 -3 -2  0 -3  1  0 -3  3  0 -1 -1 -1 -4  0  3   15   4   2   2   3   0   2   6   0   6   8   0   8   4   3   5   4   0   3  25  0.20 0.22
  418 L    1 -1  0 -2  0 -1  0 -1 -1 -1  2 -1  2  0 -2  1  1 -1 -1  0   12   4   3   1   2   1   5   3   1   3  19   3   6   5   1  14   8   1   2   5  0.10 0.16
  419 F    1 -2 -2 -2 -4 -2 -2 -1  0  2  2 -3  2  1 -1  1 -1  0 -1  1   15   2   1   2   0   2   2   4   3  12  19   0   6   6   3  12   3   1   2   8  0.20 0.21
  420 M   -2 -6 -3 -6 -1 -5 -6 -7  0  3  4 -6  4  1 -6 -3 -2 -5 -1  2    3   0   2   0   1   0   0   0   3  17  38   0   8   6   0   2   3   0   2  15  0.82 0.46
  421 M    1 -2 -1 -5  2  0 -4 -2 -5  2  4 -2  1  0 -5 -1 -1 -5 -4  0   14   2   3   0   4   4   0   3   0  12  35   2   3   3   0   6   3   0   0   5  0.42 0.32
  422 K    0  2  0  1 -4  0  1 -2 -1  0 -1  1  2 -1 -1  0  0  2 -2 -2    7  11   5   8   0   4   9   2   2   5   6  10   7   3   3   5   7   3   1   2  0.12 0.14
  423 F    0  1 -1 -1  0  1  0  0  3  0  0  0  0  0 -3 -1 -1  0  2  0   11   7   2   2   2   6   6   6   7   4  10   6   3   4   0   4   3   1   8   5  0.06 0.10
  424 L    1 -4 -5 -5  0 -4 -1 -3 -5  3  4 -1  1  1 -5 -2 -1 -4  0  1   10   0   0   0   2   0   4   2   0  14  34   4   4   5   0   3   4   0   3  10  0.45 0.32
  425 F   -2 -2 -1 -1  0 -1 -2 -3 -1 -1  1 -2  1  5 -5 -1 -2  5  4 -1    4   2   3   3   2   3   3   2   2   2  13   3   3  23   0   5   2   7  14   4  0.50 0.33
  426 T    0  0  2  2  0  1  2 -1  0 -1 -1 -1  1 -1 -2  0  0 -4 -1 -2    9   6  11  11   2   6  12   4   2   4   6   3   5   2   2   7   5   0   3   2  0.12 0.14
  427 F    0  2 -1 -3 -4  0  1 -2  1  1  1  0  0  2 -4 -1 -1  1  2  0    9  13   3   0   0   3   9   2   3   8  12   5   2  10   0   4   3   2   7   6  0.14 0.16
  428 Y    1  3 -3 -3 -4 -1 -2 -3  1 -1  0  0  3  2 -1 -1 -2  4  1  0   14  16   1   1   0   2   2   2   4   3   6   4  11   9   2   3   1   6   5   7  0.26 0.23
  429 E   -1  1 -1  0 -3  0  2 -1  0 -1  0  2  2 -2 -2 -1  0 -2  0  0    4  10   1   4   0   4  13   5   3   3  11  14   6   1   1   4   4   1   4   7  0.11 0.14
  430 R    0  3 -1  0 -4  2  1 -2 -2 -1 -2  1  0 -1 -2  0  0  0 -3 -1    7  20   2   5   0  12  11   3   0   3   4   7   3   3   1   7   4   2   0   5  0.22 0.19
  431 S    0  2  1 -1 -3  0  1  2 -1 -2 -2  1 -2  0 -1  1  0 -4 -3 -1    8  16   8   2   0   3   8  15   1   2   3   8   0   4   3   9   4   0   0   6  0.16 0.15
  432 N   -1  2 -1  2 -4  0  2  1  0 -1 -1  1 -1 -2  0  0  0 -4 -2 -2    2  11   1  14   0   3  14  10   2   4   6  10   1   2   3   7   6   0   1   2  0.17 0.16
  433 N    0  1  1  1 -3  0  0  1  1 -1 -1  1 -1  0 -1  0 -1  0  0 -1    9   7   8   9   0   3   4  10   5   4   4  13   1   4   3   7   3   1   3   2  0.08 0.08
  434 S    0  2  0  1 -2  1  1  0 -1 -1 -1  2 -2 -3  0  0  0  1 -2 -2    8  11   4  10   1   4   8   8   1   3   7  13   0   0   5   7   5   2   1   2  0.13 0.12
  435 D   -1  2  1  2 -3  1  0  1 -1 -1 -1  0  0 -3 -1  0  0 -3 -2 -1    4  13   7  13   0   7   5   9   1   4   4   6   3   0   3   8   5   0   1   5  0.13 0.11
  436 R   -1  4 -1 -1 -2  0 -1 -2  2  0  0  1 -1  0  3 -2 -1 -4 -1 -1    4  23   3   4   1   2   3   3   5   6  10  10   1   4  13   1   2   0   1   3  0.26 0.20
  437 K   -1  1  0 -2 -4  0 -1 -1 -1 -2 -3  2 -3 -3  5  0 -1 -4 -2  0    4   7   5   2   0   3   4   4   1   2   2  13   0   1  34   5   3   0   2   7  0.58 0.29
  438 I   -2 -1 -2 -2 -2 -1 -2 -3 -1  2  2 -1  1  2 -2 -1  2 -2  1  2    2   2   1   2   0   3   1   1   2  12  19   4   3   9   2   2  14   0   4  17  0.19 0.15
  439 L   -2 -2 -2 -4 -3 -3 -2 -4  0  1  2 -2  3  2 -4 -1 -1  6  2  2    2   3   2   0   0   0   2   0   2   7  20   2   8  10   0   4   4  11   6  16  0.41 0.24
  440 L   -2 -4 -3 -5 -1 -4 -4 -5 -4  3  3 -1  1  3 -4 -4 -2 -3  1  2    2   0   2   0   1   0   0   0   0  20  33   5   3  11   0   0   1   0   4  16  0.56 0.29
  441 V   -1 -4 -5 -5  0 -4 -4 -5 -2  2  1 -4  1  4 -4 -3 -1 -3  3  4    4   0   0   0   2   0   0   0   1  11  12   0   3  20   0   1   3   0  10  32  0.64 0.33
  442 I   -2 -5 -5 -4  0 -5 -5 -6 -5  5  2 -5  2  1 -5 -2 -3 -4 -1  4    2   0   0   1   2   0   0   0   0  37  18   0   4   6   0   3   0   0   1  25  0.84 0.39
  443 E   -2 -5 -3  8 -7 -4  3 -5 -5 -7 -7 -4 -7 -7 -5 -2 -5 -8 -7 -7    4   0   0  76   0   0  17   0   0   0   0   0   0   0   0   3   0   0   0   0  2.12 0.80
  444 E   -5 -4 -4  0 -8 -2  8 -2 -4 -8 -7 -3 -6 -8 -5 -4 -5 -7 -6 -7    0   0   0   4   0   0  93   3   0   0   0   0   0   0   0   0   0   0   0   0  2.44 0.94
  445 A    6 -5 -5 -5 -1 -4 -4 -1 -5 -2 -3 -4 -1  1 -4 -1 -3 -5 -2  0   71   0   0   0   1   0   0   4   0   2   1   0   2   7   0   3   0   0   1   5  1.17 0.57
  446 H   -3 -2  0 -3 -6  4 -3 -5  9 -6 -5 -1 -4 -4 -2 -4 -5  7 -1 -6    2   2   5   1   0  16   0   0  51   0   0   3   0   0   2   0   0  14   1   0  1.88 0.70
  447 N    0  2  3 -1 -3  0  0 -2  0 -2  1  1  0 -2 -3  0  0 -3 -1 -1    7  14  18   1   0   3   6   1   2   1  19   9   1   1   0   4   5   0   2   4  0.19 0.18
  448 Y   -1 -4 -5 -5 -2 -2 -4 -5 -3  1  3 -4  1  5 -5 -4 -3 -2  5  0    5   0   0   0   1   1   0   0   0   7  28   0   3  28   0   0   0   0  19   5  0.85 0.38
  449 F    1 -3 -4 -3  1 -3 -3 -3 -3  1  3 -3  2  3 -1 -2 -1 -3 -2  0   12   1   0   1   3   0   1   2   0   6  38   1   6  14   3   2   2   0   0   6  0.39 0.24
  450 N   -1  0  1  2 -3  1 -1  1 -1 -3 -2  1 -2 -4  4  1  0 -4 -2 -3    2   4   6  12   0   7   2   9   1   2   3   8   1   0  25   9   4   0   1   2  0.41 0.22
  451 N    0  1  1  1 -2  0  0  0  2 -1 -1  0 -1 -1  0  0  0 -2  1 -1    5  10   6   7   1   3   6   7   6   2   3   4   1   3   5   8   7   0   6   6  0.07 0.06
  452 K    2  1  1  0 -1  0  0 -1 -1 -2 -2  1 -2 -3  0  1  1 -3 -2 -1   21   6   9   6   1   3   5   4   1   2   2  11   1   0   5  12   9   0   1   3  0.18 0.14
  453 N    1  0  1 -1 -3  0  0  1  0 -3 -1  2 -2 -2  0  1  1 -3 -1 -2   11   5   7   3   0   4   5  11   2   0   6  15   0   2   4  10  10   0   2   2  0.14 0.12
  454 E    0  0  1  4 -4  1  3 -1 -1 -4 -3  0 -2 -4  0  0  1 -4 -3 -2    6   5   7  23   0   6  18   4   1   0   2   5   1   0   4   8   8   0   0   3  0.35 0.21
  455 M    2 -1 -2 -3 -2 -1 -2 -1 -2  1  1  0  0  0  1  1  0 -3  0  1   20   3   1   0   0   2   1   4   0  11  12   5   2   5   6   9   6   0   4   8  0.10 0.12
  456 L   -1 -4 -4 -4  0 -4 -5 -5 -5  4  4 -4  2  2 -5 -1 -1 -4 -3  1    4   0   1   1   2   0   0   0   0  21  40   1   5   9   0   4   3   0   0  10  0.64 0.33
  457 K    0  1  1  2 -2  1  2 -2 -1 -1 -1  0 -1 -1 -3  0  0 -4 -3 -1   11  10   9  11   1   7  17   1   0   3   7   3   1   4   0   5   6   0   0   6  0.16 0.15
  458 R   -2  4  1  1 -2  2  1 -2  1 -3 -2  2 -2 -4 -3  0  2 -4 -1 -3    1  23   7   7   1   8  11   2   3   1   4  11   1   0   0   6  13   0   2   1  0.36 0.24
  459 A   -1 -3 -3 -5 -2 -4 -5 -4 -1  4  3 -4  3  0 -5 -3 -1  3 -3  1    6   2   1   0   1   0   0   1   2  28  30   1   9   4   0   1   3   4   0   8  0.60 0.31
  460 L    1 -3 -4 -5  0 -1 -4 -3 -2  3  2 -3  0  1 -4 -2 -2  3  0  2   15   1   0   0   2   2   0   1   1  16  25   1   2   7   0   2   2   5   3  17  0.40 0.25
  461 Q    0  6 -1 -3 -2  0 -1 -4 -3 -5 -4  4 -3 -3 -4  1  1 -6 -4 -5    8  39   2   1   1   3   2   1   0   0   1  24   0   1   0   9   8   0   0   0  0.86 0.44
  462 E   -2  2 -3 -1 -5  2  5 -4 -2 -1  0  1 -1 -2 -4 -2  0 -5 -4 -1    3  13   0   2   0   9  38   1   1   3   9   6   2   2   0   2   7   0   0   4  0.53 0.34
  463 I    2 -4 -3 -3 -4  1 -4  5 -2  1 -1 -4  0 -1 -4  0 -3 -5 -4 -1   15   0   0   1   0   6   0  47   1   9   6   0   2   3   0   6   0   0   0   4  0.72 0.38
  464 R   -3  8 -5 -6 -2 -3 -4 -1 -5 -7 -7 -2 -6 -7 -6 -5 -5 -7 -6 -7    2  92   0   0   1   0   0   5   0   0   0   0   0   0   0   0   0   0   0   0  2.58 0.91
  465 K    1  0 -2 -4 -5  0 -1  0  3 -6 -5  6 -4 -6 -4  2 -2 -6 -4 -5   10   4   1   0   0   4   2   7   9   0   0  51   0   0   0  13   1   0   0   0  0.95 0.48
  466 Y    0  1 -2 -4 -3 -1 -3 -5  1 -3  0  1  1  4  1 -3 -3  4  5 -2    8   7   1   0   0   3   0   0   3   0   9   8   3  15   8   1   0   5  24   2  0.52 0.31
  467 N   -1 -2  3 -4 -6 -5 -5  6 -5 -7 -7 -2 -6 -2 -5 -2 -2  0 -2 -6    4   2  13   0   0   0   0  70   0   0   0   2   0   2   0   2   2   1   1   0  1.51 0.59
  468 V    0 -2 -3 -4  1 -2 -3  0 -4  2  3 -4  0 -1 -4 -3 -1  0 -2  3    7   2   1   0   3   1   2   8   0  13  27   0   2   2   0   1   2   1   1  27  0.38 0.25
  469 S    1  1 -1 -2 -1 -2 -2  3  1 -2 -3 -2 -2  1 -3  2 -1  2  0 -1   10  10   3   1   1   1   2  25   4   2   2   1   1   7   0  18   3   3   3   4  0.27 0.21
  470 L   -1 -3 -3 -5  0 -3 -4 -4 -4  2  3 -4  2  1  0 -2 -1  2 -1  3    5   1   1   0   2   0   0   1   0   9  33   0   4   5   5   2   4   3   2  23  0.46 0.27
  471 C   -1 -5 -5 -5  1 -4 -5 -3  0  4  0 -4  0  0 -5 -4  1  3  1  4    3   0   0   0   3   0   0   2   2  25   6   0   2   3   0   0  11   4   5  33  0.64 0.35
  472 I    0 -5 -5 -5 -2 -4 -5  0 -5  3  3 -4  2  3 -3 -3 -1 -3 -2  1    7   0   0   0   1   0   0   7   0  16  35   0   4  16   1   1   3   0   1   9  0.55 0.30
  473 I    4 -4 -4 -2  0 -4 -4 -1 -4  3 -1 -4 -2 -4 -4  1  0 -5 -2  3   33   0   0   3   2   0   0   3   0  15   5   0   0   0   0  13   4   0   1  21  0.50 0.33
  474 T   -2 -5 -2 -3 -1 -4 -4 -5  0 -2 -5 -4 -2 -6 -5  3  7 -6 -5 -2    2   0   1   1   1   0   0   0   3   2   0   0   1   0   0  23  63   0   0   3  1.42 0.66
  475 Q   -5 -4 -2 -5 -8  9 -2 -6  3 -8 -7 -3 -5 -8 -6 -5 -5 -7 -6 -7    0   0   2   0   0  91   1   0   5   0   0   0   0   0   0   0   0   0   0   0  2.81 1.03
  476 S   -2  4  3 -1 -1  0  2 -2  0 -3 -3 -1 -4 -3 -4  3 -1 -5 -1 -3    1  23  16   2   1   4  11   2   2   2   3   1   0   1   0  25   3   0   2   1  0.51 0.34
  477 P   -2 -3 -5 -4 -5 -4 -3 -5 -5  1  1 -3  2 -3  7 -3 -3 -6 -5  1    4   1   0   1   0   0   2   0   0   8  15   1   5   1  49   2   1   0   0  12  1.15 0.49
  478 S    1  1 -1  1 -3 -1 -1  0 -1 -2 -1  0 -2 -2 -2  3  1 -4 -1 -1   12   7   2   9   0   2   3   8   1   1   8   5   0   1   1  24  10   0   1   3  0.18 0.17
  479 S    0 -3 -2  6 -5  1  1 -1  1 -3 -4  0 -1 -5 -4 -1 -2 -5 -4 -1   10   1   0  48   0   7   7   4   4   1   1   6   1   0   0   3   1   0   0   5  0.79 0.40
  480 I   -3 -5 -5 -6 -4 -5 -5 -6 -5  4  4 -3  2  2 -3 -4 -2 -4 -1  2    1   0   0   0   0   0   0   0   0  25  41   1   4   8   1   0   1   0   2  14  0.81 0.38
  481 D    0 -3 -1  3 -4 -3 -1 -1  1 -2 -3 -1 -4 -2  4  2  0 -5 -4 -1    6   0   3  18   0   0   3   3   4   2   1   4   0   1  24  18   7   0   0   5  0.52 0.31
  482 E    0  0  0  2 -4  0  3 -2  0 -3 -3  0 -4 -5  4  0  0 -5 -3 -3    8   4   4  12   0   2  25   3   2   1   2   4   0   0  19   8   5   0   1   1  0.47 0.28
  483 E    0  1  1  3 -4  0  2 -1 -1 -3 -3  0 -3 -3 -3  1  1 -5 -3  0    9   8   7  17   0   3  14   3   1   0   1   6   0   1   0  13  11   0   1   7  0.28 0.21
  484 V    0 -5 -3 -3 -3 -4 -4 -2 -3  5  2 -4 -1  0 -5 -4 -1 -4 -1  4    8   0   1   2   0   0   1   3   1  32  17   0   1   3   0   0   3   0   2  29  0.64 0.34
  485 I   -1  0 -4 -5 -3 -3 -4 -5 -4  3  4  0  2  1 -5 -2 -2 -1  0  1    3   7   0   0   0   0   0   0   0  17  40   6   6   5   0   2   2   1   3   9  0.51 0.29
  486 K    2 -1  1  1 -3 -1  1  2 -1 -4 -3 -1 -2 -4 -3  3  0 -5 -4 -2   15   3   7   6   0   2   8  16   1   0   3   3   1   0   1  29   3   0   0   3  0.36 0.26
  487 N   -3 -3  6 -2 -6  6 -1 -2  1 -5 -1 -3 -1 -5 -5 -2 -4 -6 -3 -4    2   0  38   1   0  37   3   2   3   0   8   0   2   0   0   1   0   0   1   1  1.17 0.58
  488 T    1 -3 -2 -4  6 -3 -4 -4 -4  2  1 -4  1  2 -3  1  1 -4 -2  0   12   1   1   0  19   0   0   0   0  11  11   0   4  12   1  14  10   0   0   5  0.47 0.29
  489 N   -1 -3  2  3 -4  0 -1  4  1 -5 -4 -3 -3 -4  1  2 -1 -5 -1 -4    4   0  12  16   0   4   3  29   3   0   1   0   1   1   6  16   2   0   2   0  0.53 0.31
  490 I   -1 -2  3 -3  0 -2 -1 -4 -1  0  0 -2  0  0 -4  0  4 -2 -1 -1    3   1  17   0   2   0   3   0   1   7  10   1   2   4   0   6  35   1   2   4  0.43 0.32
  491 K   -2  2 -3 -4 -2  0 -3 -3 -2  2  1  3 -1  2 -2 -2 -1  2  1  1    3  13   0   0   1   3   0   2   1  12  17  20   1   8   1   1   3   3   5   8  0.24 0.21
  492 I   -3 -5 -6 -6 -1 -5 -6 -6 -5  5  2 -5 -1  4 -6 -5 -3 -4 -1  3    1   0   0   0   1   0   0   0   0  38  20   0   1  19   0   0   1   0   1  19  0.99 0.44
  493 I    1 -4 -4 -4  2  0 -4 -4 -4  3  1 -4  1  2 -4  0 -1 -1 -1  3   15   0   0   0   4   4   0   0   0  21  15   0   3   9   0   7   1   1   1  19  0.38 0.26
  494 H   -4 -4 -4 -5 -5 -2 -4 -1  8 -3  2 -2  3  4 -5 -3 -2 -4  1 -4    0   0   0   0   0   1   0   6  38   0  20   2   7  18   0   1   2   0   4   0  1.14 0.52
  495 T   -1  6  1 -1 -5  0 -2 -1  0 -4 -2  2 -4 -5  0 -1 -2 -5 -4 -4    5  50   6   4   0   4   0   5   2   1   4   9   0   0   5   3   2   0   0   1  0.81 0.41
  496 I   -2 -3  0 -2 -3  0 -2 -3 -3  1  3 -3  2  1 -1 -1 -1 -3 -2  2    3   0   6   1   0   5   1   1   0   7  37   0   6   6   3   4   2   0   1  14  0.31 0.21
  497 K   -1  1  1  0 -3  2 -1 -1  0 -2 -3  0 -2 -2  1  1  3 -4 -3 -1    5   9   6   4   0  10   1   3   2   1   2   6   0   2   7  11  25   0   0   5  0.26 0.21
  498 S    2  0  3  2 -3  0  0  0 -1 -4 -3 -1 -3 -2 -1  2  0 -1 -3 -3   18   4  15  12   0   2   5   6   1   0   3   3   0   2   2  21   4   1   0   0  0.31 0.24
  499 N    1  0  0  1 -3  0  1 -1 -1 -1 -2  1 -2 -2  4  0 -1 -4 -1 -1   11   4   4   9   0   4  10   5   2   4   3   7   1   2  21   7   2   0   2   4  0.27 0.17
  500 I    1  2  1  1 -3  0  2 -1  1 -1 -2  1  0 -2 -2  0  1 -3 -1 -1   12  11   7  10   0   2  14   3   4   4   3   8   2   1   1   6   8   0   2   3  0.15 0.13
  501 D   -2 -4  2  6 -5 -1  2 -3 -4 -4 -5 -3 -2 -2 -3 -1 -1  3 -3 -2    3   0   7  52   0   2  15   1   0   1   1   0   1   2   1   3   3   5   1   3  1.05 0.49
  502 K    1  1 -2 -2 -3  1 -1 -3 -3  2  2  0  0 -2 -2 -1  0  2 -2  1   14  10   1   1   0   8   2   1   0  13  21   6   2   0   1   4   4   3   1   7  0.16 0.17
  503 R    0  3 -1  2 -4  1  2 -1 -1 -2 -2  2 -3 -3 -1  0 -1 -4 -3 -3   10  15   1  10   0   5  18   3   1   2   4  16   0   1   2   7   4   0   0   1  0.30 0.22
  504 I    2  1 -2 -2 -2  0  0 -3  1  1  0 -1  0 -1 -2  0  0 -3  1  1   22   7   0   1   1   3   8   0   4  10  11   3   1   2   1   5   4   0   6  10  0.12 0.15
  505 I    1 -1 -3 -4 -1 -3 -3 -4 -4  3  3 -2  0  0 -4 -2 -1 -4  0  2   11   3   1   0   1   0   2   0   0  17  35   3   1   3   0   2   3   0   3  15  0.40 0.25
  506 S    3 -1  1 -1 -1  0  0  1  1 -3 -2  1 -3 -4  1  2  0 -4 -2 -2   26   2   6   1   1   4   4   9   3   1   5   8   0   0   7  17   4   0   1   1  0.24 0.20
  507 D   -1  3  1  3 -2  1  1 -3 -1 -2 -2  2 -3 -3 -3  1 -1 -2 -2 -2    6  16   5  17   1   7  10   0   1   2   3  14   0   1   1   9   3   1   1   2  0.32 0.22
  508 S    1 -1  0 -2 -2  0 -1 -1  1  0  1 -1  0  0  1  0  0 -3  0  0   13   3   4   2   0   4   2   4   5   4  18   2   3   5   7   9   6   0   2   7  0.06 0.09
  509 L    0 -1 -3 -3  0 -1 -2 -2 -1  1  3 -2  0  2 -3 -2  1 -3 -2  1    9   3   0   1   2   2   2   3   2   6  31   2   2  10   1   1   9   0   0  12  0.21 0.18
  510 S   -1 -1  1  1 -1  0  0  4 -1 -3 -2  0 -3 -1 -1  0 -1 -1  2 -3    3   3   6   7   1   3   7  31   1   1   3   7   0   3   3   7   2   1  10   0  0.30 0.21
  511 L    0 -1 -1 -2 -3 -1 -1 -1 -2  2  2 -2  2  0 -1 -1  0  0 -2  1    7   3   4   2   0   2   3   6   1  10  28   1   8   4   2   3   6   1   1  10  0.15 0.14
  512 D   -1 -1  1  3 -4  0  1  0  0 -3 -2 -1 -1 -1  1  1  1 -4 -2 -2    3   2   7  23   0   4   7   6   2   0   4   4   1   2   7  13  10   0   1   3  0.26 0.20
  513 K   -1  2 -1  2 -2  1  2 -1 -2 -1 -2  2 -2 -3  1  0 -1 -4 -3 -1    5  10   2  10   1   7  18   5   0   3   3  13   0   1   6   8   3   0   1   4  0.21 0.17
  514 D    0  1  1  3 -4  0  2 -1  0 -3 -3  1 -1 -3 -1  2  0  1 -3 -2    6   7   8  16   0   4  17   3   3   1   1   8   1   1   2  17   4   2   0   2  0.31 0.22
  515 Q    0 -1 -1  1 -2  1  1 -2 -2  1  2 -2  1 -1 -3  0  0  0 -1  1    7   2   2   8   0   9   9   3   1   6  22   1   3   3   0   6   5   1   1  12  0.10 0.14
  516 L    2  2 -3 -2 -3  0  1 -3 -1  0  1  0  0  0 -3 -2 -1  1  0  0   20  12   0   1   0   3  11   1   1   6  19   6   1   3   0   1   2   2   4   7  0.15 0.18
  517 Q    1  1  0  2 -2  2  3 -2 -1 -4 -4  2 -3 -4 -3  2  0 -4 -2 -3   11   8   3  13   1   8  18   2   1   0   1  11   0   0   0  16   4   0   1   1  0.38 0.26
  518 L    0  2 -1 -1 -3  2  0 -3  1  0  0  0  1  0 -3 -1 -1  1  3  0    7  15   1   3   0  11   6   1   4   6  10   4   3   5   0   2   3   2  11   5  0.16 0.15
  519 L   -2 -4 -4 -5 -3 -3 -4 -5 -4  5  3 -3  2 -1 -4 -2 -3 -4  0  2    2   0   0   0   0   1   0   1   0  34  34   2   5   2   0   4   0   0   4  10  0.73 0.35
  520 D    1  1 -2  0 -3  1 -1 -2 -2 -2 -2  1  0 -4  4 -1  1 -4 -3  0   13   9   1   4   0   7   3   3   1   2   3   7   2   0  25   3   9   0   0   7  0.37 0.23
  521 K   -1  1  3  0 -2  0  0  0  1 -2 -2  1 -2 -2 -1  1  1 -3  1 -2    3   6  16   5   1   3   7   6   4   3   4  11   1   1   3   9  11   0   6   2  0.16 0.14
  522 L   -2 -1 -5 -4 -4 -1 -4 -5 -4  0  5 -4  2  1 -3 -1 -3 -4 -2 -1    3   3   0   1   0   3   0   0   0   5  65   0   3   5   1   5   1   0   1   3  0.86 0.43
  523 D    0  1  1  1 -4  1  1  2 -1 -5 -5  1 -4 -5  3  0 -1 -5 -4 -3    7   7   7   9   0   7   9  19   1   0   0  10   0   0  14   7   2   0   0   1  0.40 0.25
  524 V   -1  2  1 -2 -2  2 -1 -3 -3 -1 -2  1  0 -1  3 -1  1 -4 -2  2    3  13   7   2   1   9   2   1   0   2   1   9   2   3  15   1  12   0   1  16  0.27 0.23
  525 G   -3 -4 -3 -5 -6 -6 -4  7 -1 -7 -5 -5 -6 -2 -6 -4 -5 -6 -3 -7    1   1   1   0   0   0   1  89   2   0   2   0   0   2   0   0   0   0   1   0  2.15 0.79
  526 E   -1  0  0  1  0  4  5 -3  1 -2 -4 -2 -4 -3 -4 -1 -1 -5 -4 -1    4   4   4   5   2  19  40   2   4   2   0   0   0   1   0   4   3   0   0   6  0.67 0.40
  527 A    5 -4 -3 -5  6 -4 -4  2 -2 -3 -3 -4  0  0 -4  0 -2 -5 -2 -1   48   0   1   0  16   0   0  13   1   1   2   0   3   5   0   5   1   0   1   5  0.84 0.45
  528 I   -2 -3 -5 -6 -4 -5 -5 -1 -5  3  5 -5  1  0 -5 -4 -3 -4 -1  2    2   1   0   0   0   0   0   5   0  20  52   0   2   4   0   0   0   0   2  13  0.84 0.40
  529 L    0 -4 -5 -5 -3 -4 -4 -5 -4  3  3 -4  2  1 -5 -2 -3 -4  1  4    7   0   0   0   0   0   0   0   0  16  29   0   4   7   0   3   0   0   5  28  0.62 0.32
  530 V    0 -2 -3 -4 -2 -3 -3 -3 -3  1  1 -1  3  3 -4  1 -1  1  0  2    6   2   0   0   1   0   0   1   0   6  14   5   8  13   0  15   3   2   3  20  0.25 0.21
  531 S    1  0  0  3 -1 -1 -1  3 -3 -3 -3 -2 -1 -1 -3  1  0 -4 -1 -1   11   6   3  21   2   3   2  24   0   1   1   0   2   3   0   9   6   0   2   4  0.31 0.22
  532 P   -1 -1  0  3 -4  0  1  1 -1 -2 -3 -2 -2 -2  4  0  0  0 -2 -1    3   4   3  21   0   3   8  13   1   2   2   0   1   1  21   4   7   1   1   4  0.39 0.23
  533 N    2 -1  2  1 -2 -1  0  2 -1 -3 -2 -1 -3  0 -3  2  0  0  0 -3   17   3  13   8   1   1   5  14   1   0   3   1   0   4   0  17   6   1   3   0  0.23 0.17
  534 I    1 -1 -1 -1  0 -1  0  0 -2  0  0 -1  0  1 -2  0  1  1 -1  0   16   2   1   3   1   2   6   7   0   5  12   4   3   9   0   8  12   2   1   7  0.05 0.08
  535 R   -1  3 -1 -1 -4  0  3 -2 -1 -1 -2  1 -3 -4  2  1 -1 -4 -1 -1    4  16   2   2   0   3  26   3   1   4   4   7   0   0  11   9   2   0   2   4  0.31 0.21
  536 S    0  2  0 -1 -2  0  0 -3  0  0  0  1  1 -2 -1  1  2 -3 -2  0    6  13   3   2   0   2   5   0   2   6   9   9   4   1   2  13  15   0   0   9  0.12 0.12
  537 H   -1 -1 -4 -4 -3  1 -2 -4  1 -1 -3 -3 -2 -4  7 -3  0 -5 -1  1    4   4   0   0   1   7   2   0   3   4   2   0   1   0  52   0   5   0   2  11  1.11 0.44
  538 S   -1  2 -2 -3 -2 -1 -2 -3  4  2  0  0  2  1 -1 -1  0 -3  0  2    4  13   0   0   1   1   0   0  15  13   6   5   6   5   2   3   6   0   2  16  0.23 0.19
  539 I   -1  1 -2 -2 -3 -2 -2 -3  1  2  2 -1  1 -1  2 -2 -1 -3 -1  2    5  10   1   1   0   0   2   1   4  14  27   2   3   2   9   1   3   0   2  13  0.22 0.17
  540 I    0 -5 -5 -2  0 -4 -4 -4 -5  4  1 -4  1 -1 -4 -3 -2 -5 -3  4    9   0   0   3   2   0   0   1   0  28  13   0   2   1   0   0   1   0   0  40  0.74 0.35
  541 K   -3  5  0  0 -2  4  0 -4  2 -5 -5  3 -3 -4 -4 -2 -1 -5 -4 -5    1  37   3   5   1  18   5   0   5   0   0  20   0   1   0   1   3   0   0   0  0.86 0.39
  542 V   -3 -4 -5 -5 -3 -4 -3 -5 -5  4  1 -3  3  1 -2 -4 -1 -4 -3  5    0   0   0   0   0   0   2   0   0  25  10   1   7   6   2   0   2   0   0  44  0.77 0.35
  543 K    0  5 -1  0 -4  2  2 -2  1 -4 -3  2 -3 -4 -1 -1 -1 -4 -3 -2   10  36   1   4   0   8  12   2   4   0   2   9   0   0   2   4   3   0   0   2  0.47 0.24
  544 K   -3  4 -2 -1 -5  2  5 -4 -2 -5 -4  3 -3 -5 -3 -2 -3 -4 -1 -4    0  23   0   0   0   9  46   0   0   0   0  19   0   0   0   0   0   0   3   0  0.94 0.34
  545 V   -1 -3 -3  0  1 -3 -3 -4 -4  2  2 -3  0 -1  2 -2 -1 -3 -2  4    0   0   0   7   4   0   0   0   0  12  24   0   0   0  10   0   0   0   0  43  0.38 0.13
  546 T    3 -2 -1 -2 -1 -1 -1 -1 -2 -2 -2 -1 -1 -3 -2  2  4 -3 -2 -1   41   0   0   0   0   0   0   0   0   0   0   0   0   0   0   9  50   0   0   0  0.49 0.12

                      K         Lambda
Standard Ungapped    0.1406     0.3220
Standard Gapped      0.0410     0.2670
PSI Ungapped         0.1235     0.3186
PSI Gapped           0.0378     0.2670
