
Last position-specific scoring matrix computed, weighted observed percentages rounded down, information per position, and relative weight of gapless real matches to pseudocounts
           A  R  N  D  C  Q  E  G  H  I  L  K  M  F  P  S  T  W  Y  V   A   R   N   D   C   Q   E   G   H   I   L   K   M   F   P   S   T   W   Y   V
    1 M   -1 -1 -2 -3 -2  0 -2 -3 -2  1  2 -1  6  0 -3 -2 -1 -2 -1  1    0   0   0   0   0   0   0   0   0   0   0   0 100   0   0   0   0   0   0   0  0.36 0.01
    2 S    1 -2  0 -1 -2 -1 -1  4 -1 -3 -3 -1 -2 -3 -1  3  0 -3 -2 -2    0   0   0   0   0   0   0  50   0   0   0   0   0   0   0  50   0   0   0   0  0.53 0.00
    3 K   -1  2  0 -1 -3  1  1 -2 -1 -3 -3  5 -1 -3 -1  0 -1 -3 -2 -2    0   0   0   0   0   0   0   0   0   0   0 100   0   0   0   0   0   0   0   0  0.52 0.00
    4 W   -1 -2 -1 -2 -2 -1 -2 -2 -2 -2 -2 -2 -1  0 -2  0  3  9  1 -1    0   0   0   0   0   0   0   0   0   0   0   0   0   0   0   0  50  50   0   0  0.99 0.00
    5 V   -1 -1  4  0 -2 -1 -1 -2 -1  1 -1 -1  0 -2 -2  0  0 -3 -2  2    0   0  50   0   0   0   0   0   0   0   0   0   0   0   0   0   0   0   0  50  0.23 0.00
    6 Y   -2 -2 -2 -3 -3 -2 -2 -3  2 -2 -1 -2 -1  3 -3 -2 -2  2  7 -1    0   0   0   0   0   0   0   0   0   0   0   0   0   0   0   0   0   0 100   0  1.00 0.04
    7 P    2 -1  0 -1 -1 -1 -1 -1 -1 -2 -3 -1 -2 -3  4  3  1 -3 -2 -2   16   0   0   0   0   0   0   0   0   0   0   0   0   0  26  58   0   0   0   0  0.55 0.02
    8 I    0  3 -2 -3 -2 -1 -2 -2 -2  2  2  0  1 -1 -2 -1 -1 -3 -2  1   16  33   0   0   0   0   0   0   0  26  26   0   0   0   0   0   0   0   0   0  0.16 0.01
    9 L   -1 -1  0  3 -3  2  3 -2 -1 -1  1  0  0 -2 -2 -1 -1 -3 -2 -1    0   0   0  26   0  16  33   0   0   0  26   0   0   0   0   0   0   0   0   0  0.31 0.01
   10 S    0 -1  0 -1 -2 -1 -1 -1 -2 -3 -3 -1 -2 -3  6  3  0 -3 -2 -2    0   0   0   0   0   0   0   0   0   0   0   0   0   0  45  55   0   0   0   0  0.85 0.02
   11 I    1 -2 -1  2 -2  0  2 -2 -2  2  0 -1  0 -2 -2 -1 -1 -3 -2  1   19   0   0  14   0   0  26   0   0  42   0   0   0   0   0   0   0   0   0   0  0.14 0.01
   12 P   -1 -1  4  0 -3 -1 -1 -1 -1 -3 -3 -1 -3 -4  6  0 -1 -4 -3 -3    0   0  45   0   0   0   0   0   0   0   0   0   0   0  55   0   0   0   0   0  1.11 0.04
   13 E    2 -1 -1 -1 -2  2  2 -1 -1 -1 -2  0 -1 -3  3  1  0 -3 -2  0   25   0   0   0   0  15  19   0   0   0   0   0   0   0  19  12   0   0   0  10  0.33 0.01
   14 D    2 -2 -1  2 -2 -1  0 -1 -2 -2 -2 -1 -2 -3  4  1  2 -3 -2 -1   26   0   0  19   0   0   0   0   0   0   0   0   0   0  25   0  30   0   0   0  0.44 0.02
   15 K   -1  4  0 -1 -3  1  0 -2 -1 -3 -3  5 -2 -3 -1 -1 -1 -3 -2 -3    0  25   0   0   0   0   0   0   0   0   0  75   0   0   0   0   0   0   0   0  0.58 0.04
   16 L    1 -2 -1 -2 -1 -1 -1 -1 -2  0  2 -1  1 -1 -2  2  0 -2 -2  0   15   0   0   0   0   0   0   0   0   0  44   0   0   0   0  41   0   0   0   0  0.18 0.02
   17 A    3 -2 -2 -3  6 -2 -2 -1 -2  0 -1 -2 -1 -2 -2  0  0 -3 -2  1   55   0   0   0  30   0   0   0   0   0   0   0   0   0   0   0   0   0   0  15  0.40 0.03
   18 K   -1  4  0 -1 -3  1  0 -2 -1 -3 -3  4 -2 -3 -2 -1 -1 -3 -2 -3    0  36   0   0   0   0   0   0   0   0   0  64   0   0   0   0   0   0   0   0  0.59 0.03
   19 A    3 -1 -1 -1 -1 -1 -1  0 -2 -2 -2 -1 -1 -2 -1  3  2 -3 -2 -1   54   0   0   0   0   0   0   0   0   0   0   0   0   0   0  31  15   0   0   0  0.35 0.02
   20 V   -1  4 -1 -1 -3  1  2 -2 -1 -1 -2  1 -1 -3 -2  1  0 -3 -2  0    0  41   0   0   0   0  25   0   0   0   0   0   0   0   0  15   0   0   0  19  0.28 0.02
   21 I    2 -2 -1 -2 -1 -2 -2  4 -2  1 -1 -2 -1 -2 -2  0 -1 -3 -2  0   40   0   0   0   0   0   0  41   0  19   0   0   0   0   0   0   0   0   0   0  0.35 0.02
   22 K    0  3  0 -1 -2  0  0 -1 -1 -3 -3  2 -2 -3  2  3  0 -3 -2 -2    0  25   0   0   0   0   0   0   0   0   0  19   0   0  10  46   0   0   0   0  0.37 0.02
   23 N   -2 -1  4  2 -3 -1 -1 -1  1 -3 -3 -1 -2  0 -2  0 -1  0  4 -2    0   0  49  15   0   0   0   0   0   0   0   0   0   0   0   0   0   0  36   0  0.48 0.03
   24 I   -1 -1 -2 -3 -2  2 -1 -3 -2  2  3 -1  1  0 -3 -2 -1 -2 -1  1    0   0   0   0   0  25   0   0   0  19  56   0   0   0   0   0   0   0   0   0  0.26 0.02
   25 D   -2  5  0  2 -4  1  0 -2 -1 -3 -3  2 -2 -3 -2 -1 -1 -3 -2 -3    0  81   0  19   0   0   0   0   0   0   0   0   0   0   0   0   0   0   0   0  0.68 0.04
   26 A    1 -2 -3 -3 -1 -2 -2 -2 -3  2  2 -2  1 -1 -2 -1  0 -3 -1  3   19   0   0   0   0   0   0   0   0  11  25   0   0   0   0   0   0   0   0  46  0.24 0.02
   27 S    0 -1  0 -1 -2  0  0 -1  6 -3 -3 -1 -2 -2 -2  3  0 -3  0 -3    0   0   0   0   0   0   0   0  45   0   0   0   0   0   0  55   0   0   0   0  0.50 0.04
   28 V   -2 -3 -3 -3 -2 -3 -3 -3 -2  0  0 -3  0  5  4 -2 -2  0  2  1    0   0   0   0   0   0   0   0   0   0   0   0   0  56  25   0   0   0   0  19  0.55 0.03
   29 R   -1  3 -1 -1 -3  1  0 -2 -1  1 -1  4 -1 -2 -2 -1 -1 -3 -2  0    0  19   0   0   0   0   0   0   0  25   0  56   0   0   0   0   0   0   0   0  0.30 0.03
   30 D   -2  0  5  3 -3  0  0 -1  0 -3 -3  2 -2 -3 -2  0 -1 -4 -2 -3    0   0  56  19   0   0   0   0   0   0   0  25   0   0   0   0   0   0   0   0  0.54 0.03
   31 L    0 -2 -1 -2 -1 -1 -1 -2 -2  0  1 -1  0 -2 -2  1  5 -3 -2  0    0   0   0   0   0   0   0   0   0   0  19   0   0   0   0   0  81   0   0   0  0.40 0.04
   32 Y   -2  4 -1 -2 -3  0 -1  0  3 -3 -2  1 -2  0 -3 -1 -2  0  4 -2    0  45   0   0   0   0   0  11  10   0   0   0   0   0   0   0   0   0  34   0  0.41 0.03
   33 N   -1  3  2  1 -4  1  4 -2  0 -3 -3  1 -2 -3 -2  0 -1 -3 -2 -3    0  25  19   0   0   0  56   0   0   0   0   0   0   0   0   0   0   0   0   0  0.53 0.03
   34 V    0 -2 -2 -2 -1 -2 -2 -3 -3  2  0 -2  0 -2 -2  0  3 -3 -2  3    0   0   0   0   0   0   0   0   0   0   0   0   0   0   0   0  41   0   0  59  0.29 0.03
   35 C    2 -2 -3 -3  5 -2 -2 -1 -3  0  1 -2  0 -1 -2  0 -1 -2 -2  1   41   0   0   0  19   0   0   0   0   0  25   0   0   0   0   0   0   0   0  15  0.24 0.02
   36 K    1  2 -1 -1 -2  4  1 -1  0 -3 -2  2 -1 -3 -1  0 -1 -3 -2 -2   25  15   0   0   0  41   0   0   0   0   0  19   0   0   0   0   0   0   0   0  0.37 0.02
   37 A    4 -1 -1 -1 -1  0  2  0 -1 -2 -2  0 -1 -3 -1  1  0 -3 -2 -1   75   0   0   0   0   0  25   0   0   0   0   0   0   0   0   0   0   0   0   0  0.37 0.03
   38 I   -2 -3 -4 -3 -1 -3 -4 -4 -4  5  1 -3  1  0 -3 -3 -1 -3 -2  3    0   0   0   0   0   0   0   0   0 100   0   0   0   0   0   0   0   0   0   0  0.50 0.04
   39 R   -1  3  2 -1 -3  1  0 -2 -1 -3 -3  4 -2 -3 -2  0 -1 -3 -2 -3    0  19  12   0   0   0   0   0   0   0   0  70   0   0   0   0   0   0   0   0  0.51 0.03
   40 G    0  0 -1 -2 -3 -2 -2  6 -2 -4 -4 -1 -3 -3 -2 -1 -2 -3 -3 -3    0  10   0   0   0   0   0  90   0   0   0   0   0   0   0   0   0   0   0   0  0.94 0.04
   41 M   -1 -2 -3 -4 -2 -1 -3 -3 -2  1  2 -2  6  0 -3 -2 -1  5 -1  0    0   0   0   0   0   0   0   0   0   0  15   0  74   0   0   0   0  12   0   0  0.49 0.05
   42 N   -1  0  4  0 -2  0  0 -1  4 -3 -3  1 -2 -3  2  2  0 -3 -1 -3    0   0  34   0   0   0   0   0  19   0   0  12   0   0  10  25   0   0   0   0  0.38 0.02
   43 L   -2 -3 -4 -4 -1 -3 -3 -4 -3  3  4 -3  2  0 -3 -3 -1 -2 -1  1    0   0   0   0   0   0   0   0   0  33  67   0   0   0   0   0   0   0   0   0  0.43 0.02
   44 K   -1  3  0 -1 -3  2  2  2 -1 -3 -3  2 -2 -3 -2  0 -1 -3 -2 -3    0  30   0   0   0  12  15  25   0   0   0  19   0   0   0   0   0   0   0   0  0.39 0.02
   45 E   -1  4  2  0 -4  1  2 -2  0 -3 -3  3 -2 -3 -2  0 -1 -3 -2 -3    0  47  15   0   0   0  19   0   0   0   0  19   0   0   0   0   0   0   0   0  0.49 0.02
   46 A    5 -2 -2 -2 -1 -1 -1  0 -2 -2 -2 -1 -1 -3 -1  1  0 -3 -2  0  100   0   0   0   0   0   0   0   0   0   0   0   0   0   0   0   0   0   0   0  0.49 0.04
   47 R   -1  2 -1 -2 -2  1  0 -2 -1  0  1  1  0 -1 -2  0  1 -2 -2  0    0  19   0   0   0  10   0   0   0   0  25  15   0   0   0   0  19   0   0  12  0.14 0.01
   48 E    2  3 -1 -1 -2  1  2 -1 -1 -2 -2  2 -1 -3 -1  0 -1 -3 -2 -2   36  25   0   0   0   0  19   0   0   0   0  19   0   0   0   0   0   0   0   0  0.30 0.02
   49 F   -2 -2 -2 -3 -3 -1 -2 -3  5 -1 -1 -2 -1  4 -3 -2 -2  1  6 -2    0   0   0   0   0   0   0   0  25   0   0   0   0  29   0   0   0   0  46   0  0.65 0.04
   50 L   -2 -2 -4 -4 -1 -2 -3 -4 -3  1  4 -3  2  0 -3 -3 -1 -2 -1  1    0   0   0   0   0   0   0   0   0   0 100   0   0   0   0   0   0   0   0   0  0.53 0.04
   51 N   -1  1  2  0 -2  1  2 -1  0 -2 -2  3 -1 -2 -1  0  0 -2 -1 -2    2   1  20   1   0   1  13   2   1   1   2  46   1   1   1   2   1   0   1   2  0.27 0.01
   52 N    1 -1  3  3 -1  0  0  0  0 -2 -2  0 -1 -2 -1  0  0 -2 -2 -1   27   1  32  21   0   1   2   2   1   1   2   1   1   1   1   2   1   0   1   2  0.24 0.01
   53 V    0 -2 -2 -2 -1 -2 -2 -2 -2  2  1 -2  1 -1 -2 -1  0 -2 -1  3    2   1   1   1   0   1   2   2   1  12   2   1   1   1   1   2   1   0   1  66  0.20 0.02
   54 L   -1 -2 -1 -2 -1 -1 -2 -2 -2  3  2 -1  1  0 -1 -1  2 -2 -1  1    2   1   1   1   0   1   2   2   1  38  21   1   1   1   1   2  21   0   1   2  0.13 0.01
   55 E    0 -1  0  3 -2  0  2 -1 -1 -1  1  0  0 -1 -1  0 -1 -2 -1 -1   13   1   1  27   0   1  20   2   1   1  22   1   1   1   1   2   1   0   1   2  0.16 0.01
   56 E   -1  2  0  0 -2  3  2 -1  3 -2 -2  2 -1 -2 -1  0 -1 -2 -1 -2    2  16   1   1   0  20  20   2  12   1   2  12   1   1   1   2   1   0   1   2  0.27 0.01
   57 K   -1  2  0 -1 -2  1  1 -1 -1 -2 -2  4 -1 -2 -1  0 -1 -2 -1 -2    2   1   1   1   0   1   2   2   1   1   2  77   1   1   1   2   1   0   1   2  0.37 0.02
   58 E   -1  3  0  0 -2  3  3 -1  0 -2 -2  1 -1 -2 -1  0 -1 -2 -1 -2    2  23   1   1   0  17  38   2   1   1   2   1   1   1   1   2   1   0   1   2  0.34 0.01
   59 A    2 -2 -2 -2  6 -1 -1 -1 -1 -1 -1 -1 -1 -1 -1  0  0 -1  1 -1   30   1   1   1  38   1   2   2   1   1   2   1   1   1   1   2   1   0  10   2  0.34 0.02
   60 L   -1 -2 -2 -2 -1 -2 -2 -2 -2  2  2 -2  1  0 -2 -1  0 -2 -1  3    2   1   1   1   0   1   2   2   1  16  20   1   1   1   1   2   1   0   1  44  0.16 0.01
   61 P   -1 -2 -1 -1 -2 -1 -1 -2 -2 -2 -2 -1 -2 -3  7 -1 -1 -2 -2 -2    2   1   1   1   0   1   2   2   1   1   2   1   1   1  76   2   1   0   1   2  1.38 0.03
   62 F   -1 -2 -2 -2 -2 -2 -2 -2 -1  0  0 -2  2  5 -2 -2 -1  0  2 -1    2   1   1   1   0   1   2   2   1   1   2   1  11  65   1   2   1   0   1   2  0.38 0.02
   63 W   -1  3 -1 -1  3  0 -1 -2 -1 -2 -1  0 -1 -1 -1  0  1  6  0 -1    2  35   1   1  10   1   2   2   1   1   2   1   1   1   1   2  16  18   1   2  0.33 0.01
   64 R   -1  5  0 -1 -2  1  0 -2  0 -2 -2  2 -1 -2 -1 -1 -1 -2 -1 -2    2  76   1   1   0   1   2   2   1   1   2   1   1   1   1   2   1   0   1   2  0.51 0.02
   65 Y   -1 -1 -2 -2 -2 -1 -2 -2  1 -1 -1 -2 -1  4 -2 -1 -1  1  6 -1    2   1   1   1   0   1   2   2   1   1   2   1   1  24   1   2   1   0  52   2  0.47 0.02
   66 S    1 -1  3  0 -1  0  0  0  0 -2 -2  0 -1 -2 -1  2  2 -2 -1 -1   12   1  34   1   0   1   2   2   1   1   2   1   1   1   1  19  16   0   1   2  0.23 0.01
   67 H    0 -1  0 -1 -1  0  0  3  3 -2 -1 -1 -1 -1 -1  0 -1 -1  0 -1    4   3   2   3   1   2   3  36  19   3   5   3   1   2   3   4   3   1   2   3  0.21 0.00
   68 G    0 -2  0 -1 -2 -1 -1  5 -2 -3 -2 -1 -2 -2 -1  0 -1 -2 -2 -2    2   1   1   1   0   1   2  76   1   1   2   1   1   1   1   2   1   0   1   2  0.67 0.02
   69 T    0 -1 -1 -1  4 -1 -1 -1 -2  1  0 -1  0 -1 -1  1  2 -2 -1  2    2   1   1   1  15   1   2   2   1   1   2   1   1   1   1  12  19   0   1  34  0.13 0.01
   70 S    0 -1  0 -1 -1 -1 -1  3 -1  0 -1 -1 -1 -2 -1  1  1 -2 -2  0    2   1   1   1   0   1   2  34   1  16   2   1   1   1   1  19  12   0   1   2  0.19 0.01
   71 H    0  0  0  0 -1  0  0  3  3 -1 -1  0 -1 -1  0  0 -1 -1  0 -1    5   3   3   3   1   2   4  29  19   3   5   3   1   2   3   4   3   1   2   4  0.15 0.00
   72 R   -1  5  0 -1 -2  1  0 -2  0 -2 -2  2 -1 -2 -1 -1 -1 -2 -1 -2    2  76   1   1   0   1   2   2   1   1   2   1   1   1   1   2   1   0   1   2  0.51 0.02
   73 S    0 -1 -1 -1  7 -1 -1 -1 -2 -1 -1 -1 -1 -2 -1  1  1 -2 -2 -1    2   1   1   1  43   1   2   2   1   1   2   1   1   1   1  19  16   0   1   2  0.40 0.02
   74 N    3 -1  2 -1 -1  0 -1  0 -1 -1 -1  0 -1 -2 -1  1  0 -2 -1 -1   59   1  19   1   0   1   2   2   1   1   2   1   1   1   1   2   1   0   1   2  0.21 0.01
   75 I   -1  0  0 -1 -2  5  1 -2  0  0 -1  1  0 -2 -1  0 -1 -2 -1 -1    2   1   1   1   0  66   1   1   0  16   2   1   0   1   1   1   1   0   1   1  0.36 0.04
   76 S    3 -1 -1 -1 -1 -1 -1  1 -1 -1 -2 -1 -1 -2 -1  2  0 -2 -2 -1   59   1   1   1   0   1   1  10   0   1   2   1   0   1   1  16   1   0   1   1  0.26 0.02
   77 R   -1  3  0 -1 -2  3  1 -1  3 -2 -2  3 -1 -2 -1  0 -1 -2 -1 -2    2  16   1   1   0  19   1   1  13   1   2  36   0   1   1   1   1   0   1   1  0.31 0.02
   78 K   -1  1  0  0 -3  4  3 -2  0 -2 -2  2 -1 -2 -1  0 -1 -2 -1 -2    2   1   1   1   0  36  31   1   0   1   2  16   0   1   1   1   1   0   1   1  0.39 0.02
   79 W    1 -2 -2 -2 -2 -2 -2 -1 -2 -1 -1 -2 -1  3 -2 -1 -1  9  2 -1   19   1   1   1   0   1   1   1   0   1   2   1   0  21   1   1   1  42   1   1  0.80 0.03
   80 K    0  0 -1 -1 -2 -1 -1  4 -2  0 -1  2 -1 -2 -1 -1 -1 -2 -2 -1    2   1   1   1   0   1   1  41   0  19   2  24   0   1   1   1   1   0   1   1  0.23 0.02
   81 V    1  1 -1 -2 -1 -1 -1 -1 -2  0 -1 -1 -1 -1 -1  0  0  6  0  1   19  13   1   1   0   1   1   1   0   1   2   1   0   1   1   1   9  20   1  24  0.25 0.02
   82 K    0  0  0  2 -1  0  0 -1 -1 -1 -2  1 -1 -2 -1  1  3 -2 -2 -1    2   1   1  19   0   1   1   1   0   1   2  16   0   1   1   9  41   0   1   1  0.23 0.02
   83 S    0  0  0  0 -2  4  1 -1  0 -2 -2  1 -1 -2 -1  2  0 -2 -1 -2    2   1   1   1   0  40   1   1   0   1   2   9   0   1   1  34   1   0   1   1  0.31 0.03
   84 G    2 -2 -1 -2 -2 -2 -2  5 -2 -3 -3 -2 -2 -3 -2  0 -1 -3 -3 -2   28   0   0   0   0   0   0  72   0   0   0   0   0   0   0   0   0   0   0   0  0.76 0.04
   85 R   -1  6 -1 -2 -3  1  0 -2 -1 -3 -2  2 -1 -3 -2  0  2 -3 -2 -2    0  80   0   0   0   0   0   0   0   0   0   0   0   0   0   0  20   0   0   0  0.65 0.05
   86 Y   -1 -2 -2 -2 -2 -1 -2 -2 -1 -2 -2 -2 -1  1 -2  1 -1  9  3 -2    1   1   1   1   0   1   1   1   0   1   2   1   0   1   1  21   1  48  15   1  0.97 0.04
   87 P   -1 -2 -2 -2 -3 -1 -1 -2 -2 -3 -3 -1 -2 -3  8 -1 -1 -3 -3 -2    1   1   1   1   0   1   1   1   0   1   1   1   0   1  86   1   1   0   0   1  1.75 0.08
   88 K   -1  2 -1 -1 -2  0  0 -2 -1 -1 -2  4 -1 -1 -1 -1 -1 -2  1  0    1  13   1   1   0   1   1   1   0   1   1  52   0   1   1   1   1   0  10  14  0.27 0.05
   89 K   -1  3 -1 -1 -3  1  0 -2 -1 -3 -3  5 -2 -4 -2 -1  0 -3 -2 -3    0  22   0   0   0   0   0   0   0   0   0  72   0   0   0   0   6   0   0   0  0.64 0.09
   90 A    3 -2 -1 -1 -1 -1 -1 -1 -2 -2 -2 -1 -1  0  2  3  1 -3 -1 -1   39   0   0   0   0   0   0   0   0   0   0   0   0   7  13  34   8   0   0   0  0.35 0.05
   91 I    4 -2 -2 -3  3 -2 -2 -1 -2  1 -1 -2 -1 -2 -2  0 -1 -3 -2  1   73   0   0   0   9   0   0   0   0  10   0   0   0   0   0   0   0   0   0   8  0.39 0.07
   92 K   -1  0 -1  0 -3  2  3 -2 -1 -2 -2  2 -1  1  2 -1 -1 -2 -1 -1    0   0   0   0   0  14  35   0   0   0   0  18   0  13  13   0   0   0   0   8  0.34 0.05
   93 Y   -2 -2 -2 -3 -2  1 -2 -3 -1  1  0 -2  0  5 -3 -2  0  0  3  1    0   0   0   0   0  13   0   0   0  13   0   0   0  47   0   0   9   0  10   8  0.36 0.06
   94 V   -1 -3 -4 -4 -1 -3 -3 -4 -3  3  3 -3  1  0 -3 -3 -1 -3 -1  3    0   0   0   0   0   0   0   0   0  16  49   0   0   0   0   0   0   0   0  34  0.42 0.05
   95 L    0 -2 -3 -3 -2 -2 -2 -3 -3  1  4 -1  1  2 -3 -2 -1 -2 -1  0   14   0   0   0   0   0   0   0   0   0  67   7   0  12   0   0   0   0   0   0  0.31 0.06
   96 K   -1  1  0 -1 -3  1  0  0  3 -3 -3  4  0 -3 -2  0 -1 -3 -1 -3    0   0   0   0   0   6   0   8  13   0   0  64   5   0   0   5   0   0   0   0  0.43 0.07
   97 L   -1 -2 -2 -3 -2 -2 -2 -3 -3  1  3 -1  3 -1 -3 -1  2 -2 -2  0    0   0   0   0   0   0   0   0   0   9  48   5  13   0   0   0  26   0   0   0  0.28 0.05
   98 L   -2 -3 -4 -4 -2 -3 -3 -4 -3  2  4 -3  2  0 -3 -3 -1 -2 -1  1    0   0   0   0   0   0   0   0   0  12  79   0   0   0   0   0   0   0   0   9  0.53 0.07
   99 D   -1  1  2  2 -3  2  0 -2  3 -1 -2  1 -1  0 -2 -1 -1 -3 -1  0    0  11  12  17   0  12   0   0  13   0   0  12   0   9   0   0   0   0   0  14  0.18 0.03
  100 N   -1 -1  4  0 -2  1 -1 -1 -1 -1 -2 -1  2 -2 -2  2  0 -3 -2 -2    0   0  41   0   0   7   0   0   0   5   0   0  14   0   0  33   0   0   0   0  0.35 0.07
  101 A    4 -2 -2 -3 -1 -1 -2 -1 -2  0  0 -1 -1 -2 -2  0 -1 -3 -2  1   78   0   0   0   0   0   0   0   0   0   8   0   0   0   0   0   0   0   0  14  0.41 0.08
  102 E   -1  1 -1  0 -3  0  3  0 -1  1  0  0 -1 -2 -2  0 -1 -3 -2  0    0  14   0   0   0   0  38   9   0  20  12   0   0   0   0   8   0   0   0   0  0.17 0.04
  103 N    3 -1  1 -1 -1 -1 -1  0 -1 -2 -2 -1 -2 -3 -1  3  0 -3 -2 -1   52   0  10   0   0   0   0   0   0   0   0   0   0   0   0  39   0   0   0   0  0.42 0.07
  104 N   -2 -1  6  0 -3  0 -1 -1  4 -4 -4 -1 -3 -3 -3  0  0 -4 -2 -3    0   0  81   0   0   0   0   0  14   0   0   0   0   0   0   0   5   0   0   0  0.87 0.11
  105 A    5 -2 -2 -2 -1 -1 -1  0 -2 -1 -2 -1 -1 -3 -1  1 -1 -3 -2  0   93   0   0   0   0   0   0   0   0   0   0   0   0   0   0   0   0   0   0   7  0.57 0.10
  106 N   -1 -1  4  2 -3  1  2 -2  3 -2 -3  0 -2 -3 -2  0 -1 -4 -2  0    0   0  38  10   0   8  18   0  12   0   0   0   0   0   0   0   0   0   0  14  0.37 0.06
  107 S    1 -1  3 -1  2  2 -1 -1 -1 -1  0 -1 -1 -2 -2  1  0 -3 -2 -1   20   0  22   0   6  14   0   0   0   0  18   0   0   0   0  17   5   0   0   0  0.16 0.04
  108 K   -2  3 -1 -2 -3  0  0 -2  3 -2 -1  4 -1  1 -2 -1 -1 -2  0 -2    0  14   0   0   0   0   0   0  13   0   9  52   0  12   0   0   0   0   0   0  0.35 0.06
  109 G    1 -2 -1  0 -2 -2 -2  5 -2 -4 -4 -2 -3 -3 -2  1 -1 -3 -3 -3   13   0   0   7   0   0   0  72   0   0   0   0   0   0   0   8   0   0   0   0  0.80 0.07
  110 L    0 -2 -3 -4 -2 -2 -3 -3 -2  1  3 -2  3  0 -3 -2 -1 -1  2  0   12   0   0   0   0   0   0   0   0   0  60   0  14   0   0   0   0   0  14   0  0.35 0.06
  111 D   -1 -1  2  5 -3  1  2 -2 -1 -3 -4 -1 -3 -4 -2  1 -1 -4 -3 -3    0   0   8  59   0   7  12   0   0   0   0   0   0   0   0  14   0   0   0   0  0.68 0.07
  112 I    1 -1 -2 -2 -2 -1 -1  0 -2  1 -1  0 -1 -2  4  0  2 -3 -2  1   13   0   0   0   0   0   0   6   0  10   0   9   0   0  21   0  25   0   0  18  0.28 0.04
  113 D    0 -2  0  4 -3  0  2  0 -1 -2 -1 -1 -2 -3 -2  1 -1 -4 -3 -2    8   0   0  46   0   0  14   5   0   0  12   0   0   0   0  16   0   0   0   0  0.39 0.05
  114 N   -1  3  3  0 -3  2  0 -1  0 -3 -3  2 -2 -3 -2  2  0 -3 -2 -3    0  19  22   0   0  12   0   0   0   0   0  20   0   0   0  26   0   0   0   0  0.38 0.05
  115 L   -2 -3 -4 -4 -2 -2 -3 -4 -3  1  4 -3  2  0  2 -3 -2 -2 -2  0    0   0   0   0   0   0   0   0   0   0  82   0   6   0  12   0   0   0   0   0  0.54 0.08
  116 K   -1  1 -2 -3 -2 -1 -2 -3  0  1 -1  0 -1  1 -3 -2 -1  0  5  3    0  12   0   0   0   0   0   0   0   0   0  10   0   0   0   0   0   0  34  44  0.31 0.07
  117 I   -1 -3 -4 -4 -1 -3 -3 -4 -4  5  1 -3  1 -1 -3 -3 -1 -3 -2  4    0   0   0   0   0   0   0   0   0  63   0   0   0   0   0   0   0   0   0  37  0.54 0.08
  118 V   -1  0 -1 -1 -3  3  2 -2  2 -2 -2  1 -1 -1 -2  0 -1 -1  3  0    0   0   0   0   0  27  18   0   6   0   0  12   0   0   0   9   0   0  20  10  0.28 0.05
  119 H   -1  0  0 -1 -3  0  0 -2  7 -4 -3  1 -2 -2 -2  2 -1 -3  0 -3    0   0   0   0   0   0   0   0  59   0   0  16   0   0   0  26   0   0   0   0  0.71 0.10
  120 I    0 -3 -3 -3 -2 -3 -3  0 -3  5  1 -3  0 -1 -3 -2 -1 -3 -2  2    9   0   0   0   0   0   0   8   0  77   0   0   0   0   0   0   0   0   0   7  0.41 0.08
  121 A    0  0 -1 -1 -2  5  1 -2 -1 -1 -2  0 -1 -3 -2  0  1 -3 -2  1   10   0   0   0   0  50   9   0   0   0   0   0   0   0   0   0  12   0   0  20  0.34 0.07
  122 A    3 -2 -3 -3 -1 -2 -2 -2 -3  1  0 -2  0 -2 -2 -1  0 -3 -2  4   42   0   0   0   0   0   0   0   0   0   0   0   0   0   0   0   0   0   0  58  0.35 0.08
  123 H   -2 -1  6  0 -3 -1 -1  2  3 -4 -4 -1 -3 -3 -3  0 -1 -4 -2 -4    0   0  76   0   0   0   0  14  10   0   0   0   0   0   0   0   0   0   0   0  0.80 0.10
  124 K   -1  3  2 -1 -4  3  2 -2  0 -3 -3  3 -2 -3 -2  0 -1 -3 -2 -3    0  27  12   0   0  25   9   0   0   0   0  27   0   0   0   0   0   0   0   0  0.50 0.06
  125 G    2 -2 -1 -2 -2 -2 -2  4 -1 -3 -3 -2 -2 -1 -2  0 -1 -2  2 -2   36   0   0   0   0   0   0  50   0   0   0   0   0   0   0   0   0   0  14   0  0.55 0.07
  126 L   -1  1 -1 -1 -3  2  0 -2 -1 -2 -1  1 -1 -3  5  1 -1 -3 -2 -2    0   9   0   0   0  19   0   0   0   0  10  14   0   0  35  14   0   0   0   0  0.57 0.05
  127 V   -1  0 -1 -2  2  0 -1 -2 -2  0 -1  3 -1 -3 -2  0  2 -3 -2  1    0   0   0   0   6   0   0   0   0   0   0  44   0   0   0   0  29   0   0  22  0.26 0.06
  128 L   -2 -2 -3 -3 -2  0 -2  0 -2  0  3 -2  5  2 -3 -2 -1 -2  0  0    0   0   0   0   0   5   0   8   0   0  28   0  45  14   0   0   0   0   0   0  0.35 0.07
  129 K   -2  4 -1 -2 -4  1  0 -2  2 -3 -3  4 -2 -3 -2 -1 -1 -3 -2 -3    0  41   0   0   0   0   0   0   9   0   0  50   0   0   0   0   0   0   0   0  0.65 0.08
  130 R   -2  6 -1 -2  1  0 -1 -3 -1 -3 -3  3 -2 -3 -3 -1 -2 -3 -2 -3    0  81   0   0   5   0   0   0   0   0   0  14   0   0   0   0   0   0   0   0  0.85 0.10
  131 Y    1  3 -1 -2 -2  0 -1 -2 -1 -2 -2  0 -1 -1  2  0  2  3  1 -1   14  26   0   0   0   4   0   0   0   0   0   0   0   0  12   0  29   5  10   0  0.30 0.05
  132 M   -1  2  0 -2 -2 -1 -1 -2 -1 -1  0  0  1  1 -2  1  3 -2 -1 -1    0  22   6   0   0   0   0   0   0   0   7   0  10  12   0   7  36   0   0   0  0.20 0.05
  133 T   -2 -3 -2 -3  1 -2 -2 -3 -1 -2 -1 -2 -1  4  4 -1  0  0  5 -2    0   0   0   0   5   0   0   0   0   0   0   0   0  26  29   0  10   0  30   0  0.65 0.07
  134 R   -2  6 -1 -2 -4  0 -1 -3  4 -4 -3  1 -2 -3 -3 -1 -2 -3 -1 -3    0  86   0   0   0   0   0   0  14   0   0   0   0   0   0   0   0   0   0   0  0.94 0.11
  135 A    5 -2 -2 -2 -1 -1 -1  0 -2 -2 -2 -1 -1 -3 -1  1 -1 -3 -2 -1  100   0   0   0   0   0   0   0   0   0   0   0   0   0   0   0   0   0   0   0  0.67 0.11
  136 F   -2  2  0 -1 -3  2  0 -2  6 -3 -3  3 -2  1 -2 -1 -2 -2  0 -3    0  12   0   0   0   9   0   0  36   0   0  34   0  10   0   0   0   0   0   0  0.48 0.07
  137 G    1 -3 -1 -2 -3 -2 -2  6 -3 -4 -4 -2 -3 -4 -2  0 -2 -3 -3 -3   14   0   0   0   0   0   0  86   0   0   0   0   0   0   0   0   0   0   0   0  1.05 0.09
  138 R   -1  5 -1 -2 -3  1  0 -2 -1 -3 -3  2 -2 -3 -2  1 -1 -3 -2 -3    0  63   0   0   0   5   0   0   0   0   0  12   0   0   0  20   0   0   0   0  0.63 0.08
  139 S    2 -2 -2 -3 -1 -2 -2 -2 -3  3  0 -2  2 -1 -2  0 -1 -3 -2  1   29   0   0   0   0   0   0   0   0  50   0   0  12   0   0  10   0   0   0   0  0.24 0.06
  140 T   -2 -1  5  4 -3 -1  0 -1  0 -3 -4 -1 -3 -4 -2  0  1 -4 -3 -3    0   0  58  32   0   0   0   0   0   0   0   0   0   0   0   0  10   0   0   0  0.74 0.09
  141 R   -1  1 -2 -2 -3  2 -1 -3 -2  0  0 -1 -1 -2  6 -1 -1 -3 -2 -1    0  10   0   0   0  16   0   0   0  12  13   0   0   0  50   0   0   0   0   0  0.80 0.07
  142 K    0 -2 -3 -3 -2 -2 -2 -3  0  1  2  0  0  1 -3 -1 -1  0  5  0   14   0   0   0   0   0   0   0   0  16  25  10   0   0   0   0   0   0  36   0  0.26 0.05
  143 Y   -2  2 -2 -3 -2 -1 -2 -3 -1  0  1  0  4  3 -3 -2 -2 -1  2 -1    0  19   0   0   0   0   0   0   0   0  16   6  28  21   0   0   0   0  10   0  0.27 0.06
  144 K   -1  3  1 -1 -3  1  0 -2 -1 -3 -3  3 -2 -3 -2  2  0 -3 -2 -3    0  26   8   0   0   0   0   0   0   0   0  38   0   0   0  28   0   0   0   0  0.44 0.06
  145 Y    0  3 -1 -1 -3  0  1 -2 -1 -3 -3  0 -2 -2  2  2  0 -2  1 -2    0  29   0   0   0   0  14   0   0   0   0   0   0   0  12  36   0   0  10   0  0.36 0.06
  146 L   -1 -2 -1 -2 -2 -1 -1  0  3 -2 -1 -1 -1 -2  4  0  3 -3 -2 -1    0   0   0   0   0   0   0   8  13   0  10   0   0   0  28   0  41   0   0   0  0.49 0.07
  147 S    0 -2 -1 -2  8 -2 -2 -2 -3 -2 -2 -2 -2 -3 -2  2  3 -3 -3 -1    0   0   0   0  50   0   0   0   0   0   0   0   0   0   0  24  26   0   0   0  0.77 0.09
  148 H   -2 -1  0 -2 -4  2  0 -3  9 -4 -3 -1 -2 -2 -3 -1 -2 -3  1 -4    0   0   0   0   0  14   0   0  86   0   0   0   0   0   0   0   0   0   0   0  1.25 0.14
  149 I   -2 -3 -4 -4 -2 -3 -4 -4 -3  4  2 -3  1  1 -3 -3 -1 -3 -1  3    0   0   0   0   0   0   0   0   0  67  14   0   0   5   0   0   0   0   0  13  0.47 0.07
  150 E   -1  2 -1  1 -4  1  5 -2 -1 -3 -3  2 -2 -4 -2  0  0 -3 -2 -3    0  12   0   0   0   0  66   0   0   0   0  14   0   0   0   0   9   0   0   0  0.61 0.08
  151 V   -1 -3 -3 -4 -1 -2 -3 -4 -3  4  1 -3  3 -1 -3 -2 -1 -3 -2  3    0   0   0   0   0   0   0   0   0  36   5   0  18   0   0   0   0   0   0  41  0.42 0.06
  152 I   -2 -3 -4 -4 -2 -3 -4 -4 -3  5  1 -3  1  2 -3 -3 -1 -2 -1  3    0   0   0   0   0   0   0   0   0  74   0   0   0  10   0   0   0   0   0  17  0.48 0.07
  153 L    0 -3 -4 -4 -2 -2 -3 -3 -3  1  4 -3  2  0 -3 -2 -1 -2 -2  0   10   0   0   0   0   0   0   0   0   0  90   0   0   0   0   0   0   0   0   0  0.51 0.07
  154 G    0 -1  0  0 -2  1  2  1 -1 -2 -2  0 -1 -3 -1  2  3 -3 -2 -2    0   0   0   0   0  11  17  12   0   0   0   0   0   0   0  27  34   0   0   0  0.31 0.03
  155 E   -1 -1  0  4 -4  1  5 -2 -1 -4 -4  0 -3 -4 -2  0 -1 -4 -3 -3    0   0   0  27   0   0  73   0   0   0   0   0   0   0   0   0   0   0   0   0  0.80 0.06
  156 V    0 -3 -3 -3 -1 -2 -3 -3 -3  3  1 -2  1 -1 -2 -2  0 -3 -1  4    0   0   0   0   0   0   0   0   0   0   0   0   0   0   0   0   0   0   0 100  0.35 0.00

                      K         Lambda
Standard Ungapped    0.1344     0.3189
Standard Gapped      0.0410     0.2670
PSI Ungapped         0.1198     0.3171
PSI Gapped           0.0367     0.2670
