
Last position-specific scoring matrix computed, weighted observed percentages rounded down, information per position, and relative weight of gapless real matches to pseudocounts
            A   R   N   D   C   Q   E   G   H   I   L   K   M   F   P   S   T   W   Y   V   A   R   N   D   C   Q   E   G   H   I   L   K   M   F   P   S   T   W   Y   V
    1 M    -2  -3  -4  -5  -2  -2  -3  -4  -3   1   3  -3   8  -1  -4  -3  -2  -3  -2   0    0   0   0   0   0   0   0   0   0   5  33   0  62   0   0   0   0   0   0   0  0.89 0.19
    2 N    -2  -1   6   0  -4   2   0  -2  -1  -4  -4   1  -3  -4  -3   1   0  -4  -3  -4    0   0  65   0   0  11   3   0   0   0   0   8   0   0   0   7   6   0   0   0  0.83 0.19
    3 G     1  -2   3  -1  -2  -2  -2   2  -2  -1   0  -2  -1   1   2  -1   0  -3  -1  -1   13   0  21   0   0   0   0  21   0   3  13   0   0  11  10   0   5   0   0   3  0.20 0.08
    4 I     0  -3  -3  -4  -2  -3  -3  -4  -3   4   3  -3   1  -1   0  -1   0  -3  -2   2    8   0   0   0   0   0   0   0   0  34  37   0   0   0   4   2   7   0   0   7  0.37 0.12
    5 L    -2  -3  -4  -4   1  -2  -1  -3  -3   2   4  -2   4  -1  -4  -3  -1   1  -1   1    0   0   0   0   4   2   5   2   0  13  50   1  12   0   0   0   1   2   2   6  0.44 0.17
    6 L    -2  -1   1  -3  -3  -1  -3  -4  -3   3   1  -1   6  -1  -3  -2   0  -3  -1   1    2   3   9   0   0   1   0   0   0  19   8   4  36   1   0   2   5   0   2   6  0.45 0.23
    7 D    -3  -3   6   5  -4  -2   0  -3  -2  -3  -4  -2  -4  -4  -3  -1  -1  -5  -4  -1    1   0  44  39   0   0   2   0   0   1   0   0   0   0   0   1   3   0   0   5  1.06 0.34
    8 L     0  -4  -4  -4  -3  -4  -4  -3  -4   5   3  -4   1   1  -4  -2  -2  -3  -2   2    7   0   0   0   0   0   0   1   0  40  24   0   2   6   0   3   1   0   0  15  0.54 0.23
    9 G     0  -4  -1  -4  -3  -3  -4   2  -4   2   4  -3   0  -1  -4  -2  -2  -3  -3   1    7   0   3   0   0   0   0  18   0  10  49   0   0   1   0   1   0   0   0  12  0.45 0.22
   10 V    -2  -4  -4  -4  -3  -2  -4  -4  -4   4   2  -3   1   1  -4  -1   1  -4  -2   3    1   0   0   0   0   2   0   0   0  34  19   0   2   5   0   6   8   0   0  22  0.49 0.22
   11 V     0  -4  -4  -4  -3  -4  -4  -4  -4   5   0  -4  -1   0  -4   0   1  -4  -3   2    7   0   0   0   0   0   0   0   0  52   4   0   0   4   0   8  10   0   0  15  0.65 0.29
   12 I     0  -3  -2  -4  -2  -3  -3   0  -1   2   3  -3   1  -1  -4  -1  -1  -1  -2   2    9   0   2   0   0   0   0   8   2  16  35   0   1   1   0   4   2   1   0  20  0.31 0.17
   13 A     4  -3  -3  -3   0  -3  -3   2  -3   0  -1  -3  -2  -3  -3   1   0  -4  -3   1   53   0   0   0   1   0   0  13   0   5   5   0   0   1   0   9   5   0   0  10  0.52 0.27
   14 E     1  -2  -3  -1  -5   1   6  -2  -3  -4  -2  -2  -3  -3  -3  -2  -1  -5  -4  -1   15   0   0   0   0   4  66   3   0   0   3   0   0   1   0   1   3   0   0   4  0.95 0.39
   15 I    -1  -4  -5  -5  -3  -4  -4  -3  -5   4   2  -4   2  -2  -4  -3  -1  -4  -3   4    3   0   0   0   0   0   0   2   0  26  23   0   5   0   0   1   2   0   0  38  0.68 0.27
   16 I     2  -3  -3  -3   2  -3  -3   2  -3   2   2  -3  -1   0  -3   0  -1  -3  -2   1   18   0   0   0   4   0   0  16   0  13  23   0   0   3   0   9   2   0   0  12  0.24 0.16
   17 L     0  -4  -4  -5  -3  -4  -4  -2  -4   3   4  -4   0   3  -4  -2  -1  -3  -2   2    6   0   0   0   0   0   0   3   0  15  41   0   1  13   0   3   2   0   0  16  0.49 0.22
   18 F    -1  -4  -4  -5  -3  -4  -4  -4  -4   3   3  -4   0   1  -4  -2  -1  -3  -2   3    6   0   0   0   0   0   0   0   0  16  37   0   0   6   0   3   3   0   0  29  0.55 0.24
   19 L    -1  -4  -4  -5  -3  -4  -4  -2  -4   5   3  -4   0   1  -4  -2  -1   0  -2   2    5   0   0   0   0   0   0   3   0  42  30   0   1   5   0   3   2   1   0   9  0.59 0.26
   20 I     0  -4  -4  -4   2  -3  -4  -1  -4   3   2  -4  -1   2  -4  -2  -1   5  -1   2    9   0   0   0   4   0   0   5   0  23  18   0   0   8   0   2   3   9   0  18  0.38 0.19
   21 A     2  -3  -3  -4   0  -3  -3   0  -4   3   2  -3  -1   0  -3   0  -1  -4  -2   3   21   0   0   0   2   0   0   7   0  19  19   0   0   3   0   8   1   0   0  21  0.30 0.18
   22 I    -3  -4  -4  -5   3  -4  -5  -3  -4   1   1  -4  -1   6  -2  -2   0  -2   1   0    0   0   0   0   7   0   0   2   0   7  14   0   0  49   2   3   8   0   1   7  0.80 0.31
   23 T    -1  -2  -3  -4   0  -3  -3  -3  -3   2   3  -3   0   2  -4   0   0   4   1   2    3   1   0   0   2   0   0   1   0  14  29   0   0   8   0  12   4   7   4  14  0.31 0.17
   24 V     0  -4  -4  -5  -3  -4  -4  -4  -4   2   3  -4   0   2  -4  -2  -1  -3  -2   3    8   0   0   0   0   0   0   0   0  13  36   0   1  11   0   1   4   0   0  26  0.51 0.23
   25 G     1  -4  -4  -4  -2  -3  -4   0  -4   2   3  -3   0   1  -4  -1  -1  -3  -2   2   11   0   0   0   0   0   0   7   0  14  40   0   0   7   0   4   2   0   0  15  0.39 0.20
   26 Q     0   1   5  -1  -3   0  -2  -1   1  -2  -1   0  -2  -3  -3   1   0   2   1  -2    7  10  34   2   0   4   0   2   3   2   8   4   0   0   0  10   4   3   6   3  0.32 0.19
   27 F    -3  -3  -4  -5  -1  -4  -3   0  -4   0  -1  -2  -3   4  -5   0  -3  10   0  -1    1   1   0   0   1   0   2   7   0   6   5   3   0  17   0  10   1  40   1   5  1.22 0.37
   28 L     0  -3  -4  -4   1  -3  -4  -2  -4   2   3  -3   0   2  -4  -1   0  -3  -2   2    7   0   0   0   3   0   0   3   0  13  41   0   1  10   0   3   4   0   0  14  0.39 0.19
   29 I     0  -3  -1  -4  -2  -3  -3  -1  -3   3   2  -3   2   1  -3  -1  -1  -3  -2   2    7   0   4   0   0   0   0   4   0  23  24   0   5   8   0   6   1   0   0  17  0.29 0.16
   30 I     0   2   1   0  -3  -1  -1   3  -1  -2   0   0  -2  -2  -3   0  -1  -4  -3  -2    5  14  10   3   0   2   2  29   1   2  13   7   0   1   0   8   3   0   0   0  0.25 0.15
   31 L    -1   2   1  -2  -3   0  -1  -2   0   1   0   2  -1   1  -2  -1  -1   3   1  -1    3  17   8   0   0   3   2   1   2  14   8  15   0   8   1   3   3   4   6   2  0.15 0.13
   32 T     0  -1  -3  -3  -1   0  -2   0  -2   2   2  -2   1  -1  -3   0   0  -3  -2   2    9   2   0   0   1   6   0  10   1  17  23   0   2   2   0   5   7   0   0  15  0.17 0.13
   33 L    -1  -2  -3  -4   1  -3  -3   1  -1   1   1  -3  -1   5  -4   0  -2  -2   2   0    5   1   0   0   3   0   0  11   2   7  18   0   0  29   0   8   1   0   7   7  0.32 0.18
   34 K    -1   3   0  -2  -4   2   0  -1   1  -1  -3   5  -3  -4  -3   0  -2  -4  -3  -3    4  17   5   0   0   9   5   3   3   6   1  41   0   0   0   5   0   0   0   0  0.54 0.25
   35 R    -1   4  -2  -3  -4   5  -1  -2  -2  -2   0   2  -1  -2  -3  -1   0   0  -1  -2    5  25   1   0   0  33   0   2   0   1   8  12   1   2   0   1   5   1   2   2  0.51 0.27
   36 L    -1  -4  -4  -5  -3  -4  -4  -2  -4   2   4  -4   1   2  -4  -2  -2  -3  -2   2    6   0   0   0   0   0   0   4   0  11  54   0   2   7   0   2   1   0   0  14  0.57 0.25
   37 A     1  -2  -1  -2   0  -2  -2   0  -3   2   1  -1   1   0  -3   0   1  -3  -1   1   13   2   1   2   2   0   1   8   0  17  12   2   6   3   0   9  11   0   1  10  0.10 0.09
   38 Q     0   3   0  -1  -4   3  -1   1  -1  -2  -2   3  -2  -4  -3   0   0  -4  -1  -2   10  18   3   2   0  15   0   9   1   1   2  24   0   0   0   4   5   0   2   3  0.33 0.19
   39 W     1  -3  -2  -3  -2  -3  -3  -2  -3   2   2  -2   0   0  -1   0  -1   5   0   2   11   0   2   0   0   0   0   2   0  17  18   1   1   3   3   7   2  10   2  19  0.26 0.15
   40 V     0  -2   0  -1  -3  -1  -2  -1  -1  -2  -2   0  -1   0   3   3   0  -4  -2   0    7   0   3   2   0   1   1   3   1   2   3   7   1   5  18  35   5   0   0   7  0.34 0.20
   41 P     0   1  -3  -2  -3  -1  -2   0  -1   0   0   0  -1   1   1   0  -2   7  -1  -1   10   8   0   2   0   2   0   7   1   7  12   4   0   5   7  10   1  19   0   4  0.33 0.17
   42 E    -1  -1  -3  -3  -3  -1  -1  -3  -3   1   3  -2   0   3   0   0  -2  -3  -1   0    3   4   0   1   0   3   4   1   0   8  43   1   1  16   4   7   0   0   0   2  0.32 0.19
   43 K     0   2   0  -2  -4   3   2  -2   1  -4  -4   4  -3  -4  -2   0   0   0  -3  -4    7  13   4   0   0  17  16   2   3   0   0  28   0   0   1   3   4   2   0   0  0.50 0.23
   44 Q     0   1   0  -1  -3   2   0   1  -1  -2  -1   2  -1   0  -1   1   0   2  -2  -2    6  10   4   3   0  12   3  10   1   0   6  14   1   6   2  14   3   4   0   1  0.15 0.11
   45 G     0   1   0   1  -3   0   0   0   1   0   0   1   0   0  -2  -1  -1   1   1   0    5   8   3  12   0   2   5  10   5   3   8   9   3   5   1   3   0   2   6  10  0.04 0.05
   46 Q     1   1   1   2  -3   2   1  -1   0  -2  -3   1  -2  -3  -1   0   2  -4  -3  -1   12   8   6  14   0   9  10   2   2   1   0  10   0   1   1   4  15   0   0   4  0.22 0.12
   47 N     0   1   2   1  -3   1   0   0  -1  -1  -2   1  -2  -3  -1   1   0  -3  -1  -1    9  10  12   7   0   8   6   7   0   5   3   8   0   0   2  13   6   0   2   2  0.15 0.09
   48 P     0   1   2  -1  -3   0   0   0   0  -1  -1   0  -2   0   2   0   0  -3   0  -2   11   9  12   2   0   2   7   7   3   5   5   7   0   6  10   8   6   0   3   0  0.11 0.07
   49 L     1  -2  -3  -4  -2  -3  -3   0  -4   4   3  -3   0   0  -3  -1  -1  -1  -2   1   15   1   0   0   0   0   0   7   0  29  31   0   1   4   0   5   1   1   0   6  0.34 0.19
   50 N     0   3   0  -1  -3   2   2  -1  -2  -2  -2   2  -2  -3  -3  -1   2  -4  -2  -1    5  16   3   1   0  11  16   4   0   1   1  17   0   1   0   0  17   0   1   5  0.30 0.18
   51 L     0   0   1  -2  -2   0  -1   0  -2   1   0   1   0   2  -1   0   1  -3  -1   0    5   6   7   0   0   2   2   9   0  12   5  13   2  11   2   6  11   0   0   6  0.05 0.08
   52 T    -1   0  -2  -3  -3   0  -1  -4  -3   2   3  -2   1   0  -3  -2   1  -2  -2   1    6   7   2   0   0   4   4   0   0  16  39   1   2   2   0   1   9   0   0   9  0.27 0.17
   53 Q     1   5  -2  -3  -4   3  -1  -3   3  -2  -2   0  -2  -3  -4  -1  -2   0   3  -2   11  38   0   0   0  18   1   1   7   2   3   2   0   0   0   2   1   1  10   2  0.57 0.28
   54 K    -3   6  -1  -2  -5   4  -1  -3  -1  -4  -2   3  -3  -5  -4  -2  -2  -5  -4  -2    0  45   2   1   0  20   1   1   1   0   5  20   0   0   0   2   1   0   0   2  0.89 0.34
   55 I    -2   1   5  -2  -4   0  -2  -1  -1   0   0   0  -2  -3  -4   1   0   3  -2   0    0   7  40   0   0   3   0   3   0   7  10   6   0   0   0   9   4   5   1   7  0.42 0.24
   56 L     0  -3  -3  -4  -3  -3  -4  -2  -4   4   2  -2   2   1  -4   0  -1  -3  -2   1    8   0   1   0   0   0   0   2   0  40  23   2   5   6   0   7   1   0   0   4  0.43 0.22
   57 N     0   4   0  -2  -3   2  -1  -2   0  -2  -1   1  -2  -2  -3   2   1  -4  -3  -1    9  28   4   0   0  11   0   1   2   1   5   8   0   1   0  16  10   0   0   4  0.32 0.18
   58 K     1   2  -1  -2  -3   0  -1   2  -1   0   0   2  -1  -2  -2   0   0   1  -2   0   12  14   1   0   0   4   1  17   2   5  11  16   1   1   0   3   6   2   0   5  0.13 0.10
   59 S    -1  -2  -4  -4   0  -3  -4  -3  -4   2   4  -3   2   1  -4  -2  -1  -3  -2   2    3   2   0   0   1   0   0   2   0  13  45   0   3   5   0   4   3   0   0  18  0.44 0.20
   60 L     0  -2  -4  -4  -3  -3  -4  -4  -4   2   4  -3   0   1  -4  -1  -2  -3  -2   2    8   2   0   0   0   0   0   0   0   8  60   0   0   5   0   5   0   0   0  11  0.59 0.25
   61 F     0  -2  -2  -3  -2  -2  -3  -3  -3   2   2  -2   1   2  -3   1   1  -3  -1   1    5   2   1   0   0   0   0   0   0  18  24   2   3   9   0  12  12   0   0  11  0.23 0.14
   62 V    -2  -4  -4  -4  -3  -4  -4  -1  -4   2   3  -4   0   4  -4  -3  -2   2   0   2    2   0   0   0   0   0   0   6   0  15  34   0   0  21   0   1   2   2   1  16  0.46 0.20
   63 I     0  -3  -3  -3   2  -3  -3  -2  -2   3   2  -3   0  -1  -2   1   1   0  -2   2    7   0   0   0   4   0   0   1   1  20  21   0   0   1   1  14  12   1   0  16  0.24 0.15
   64 K     1  -3  -2  -3   7  -2  -2   2  -3  -2  -2  -2  -2  -2  -3   2   0   3  -1   1   10   1   1   0  25   1   1  15   0   0   2   1   0   1   0  17   6   5   2  11  0.48 0.23
   65 I    -1  -4  -4  -5   0  -4  -4  -1  -4   3   3  -4   0   2  -4  -3  -2  -3  -2   3    4   0   0   0   1   0   0   5   0  22  33   0   0  10   0   1   1   0   0  22  0.48 0.21
   66 T     0  -4  -4  -4  -2  -3  -4  -2  -4   3   3  -3   1   1  -2  -2  -1  -3  -2   3    6   0   0   0   0   0   0   3   0  15  36   0   3   4   2   1   1   0   0  28  0.46 0.20
   67 G     0  -3  -4  -4   0  -3  -4   1  -4   1   4  -3   1   0  -4  -1  -2  -3  -2   2    6   0   0   0   2   0   0  12   0   4  53   0   1   2   0   5   0   0   0  13  0.45 0.22
   68 A     0  -4  -3  -3   8  -3  -3   2  -3   0  -1  -3  -2  -2  -3   1  -1  -4  -1   0    6   0   0   0  34   0   0  19   0   6   4   0   0   2   0  14   3   0   2   8  0.67 0.26
   69 I    -2  -4  -5  -5  -3  -4  -4  -1  -4   4   4  -4   1  -1  -4  -4  -2  -4  -3   1    3   0   0   0   0   0   0   7   0  26  53   0   1   2   0   0   1   0   0   7  0.69 0.27
   70 I     2  -3  -3  -3  -2  -3  -3   1  -3   0   2  -3   1   0  -3   0   1  -3  -2   1   28   0   0   0   0   0   0   9   0   3  30   0   3   5   0   6   8   0   0   7  0.26 0.17
   71 I    -1  -4  -4  -4  -3  -4  -4  -1  -4   4   2  -4   0   0  -4  -3  -1  -4  -3   4    3   0   0   0   0   0   0   6   0  33  20   0   1   2   0   0   3   0   0  30  0.57 0.24
   72 A     1  -4  -4  -4   0  -3  -4  -2  -4   4   2  -3   1  -1  -4  -3  -1  -4  -3   3   14   0   0   0   2   0   0   2   0  25  26   0   3   1   0   0   2   0   0  25  0.47 0.21
   73 A     2  -3  -2  -3  -3  -3  -3   6  -3  -1  -3  -3  -3  -4  -3   1  -2  -4  -4  -3   15   0   0   0   0   0   0  61   0   4   2   0   0   0   0  12   0   0   0   1  0.95 0.30
   74 L     1  -3  -2  -3  -2  -3  -3  -1  -3   2   1  -3   0   2  -3  -2   0   1   1   3   11   0   2   0   0   0   0   5   0   9  15   0   1  12   0   0   4   2   5  30  0.24 0.14
   75 N     0  -2   7   0  -4  -2  -2  -1  -2  -4  -1  -2  -3  -4  -3   0  -2  -5  -4  -2    7   0  67   3   0   0   1   3   0   0   9   0   0   0   0   4   0   0   0   3  1.08 0.37
   76 G     1  -4  -2  -3  -4  -1  -3   6  -4  -4  -1  -3  -3  -4  -4   1  -1  -4  -4  -1   10   0   0   0   0   2   0  59   0   0   8   0   0   0   0  14   2   0   0   4  0.86 0.31
   77 Y    -3  -3  -5  -5  -4  -4  -4  -5  -2   0   0  -4   3   5  -5  -4  -3   7   6   1    0   1   0   0   0   0   0   0   0   3   9   0   8  23   0   0   0  18  28  11  1.07 0.34
   78 L     0  -4  -4  -4  -3  -3  -4  -4  -4   1   4  -4   0  -1  -4   0   0   1  -3   1   10   0   0   0   0   0   0   0   0   6  59   0   0   0   0   7   6   2   0   9  0.58 0.26
   79 F    -2  -4  -4  -5  -3  -4  -3  -3  -4   5   3  -4   2   0  -4  -3  -1   0  -2   1    1   0   0   0   0   0   2   2   0  44  30   0   4   4   0   2   4   1   0   6  0.62 0.26
   80 L    -3  -4  -3  -6  -5  -4  -5  -5   1  -2   0  -4  -3   1  -5  -2  -4   8   8  -3    2   0   1   0   0   0   0   0   3   2   9   0   0   2   0   4   0  23  55   1  1.67 0.48
   81 Q     0   4  -1   1  -5   5  -1  -3   1  -4  -2   1  -3  -4  -3  -1  -1  -4   0  -4    6  29   2   8   0  36   1   1   3   0   3   4   0   0   0   2   2   0   3   0  0.68 0.31
   82 Q    -2  -2  -1  -2  -4   0  -1   6   1  -5  -2   0  -1  -5  -4  -1  -3  -5  -4  -4    0   1   2   2   0   4   4  68   3   0   4   7   2   0   0   2   0   0   0   0  1.01 0.34
   83 K    -1   1   0   0  -4   0   3   0   1   1  -2   3  -2  -3  -3  -1   0  -4  -3   0    3   8   4   2   0   3  26   7   3  10   2  20   0   0   0   0   4   0   0   8  0.25 0.16
   84 S    -3  -2   5   5  -5  -1  -1  -1  -2  -5  -5  -2  -4  -5  -1   2  -2  -5  -2  -4    0   1  33  37   0   2   0   2   0   0   0   1   0   0   3  18   0   0   1   1  0.91 0.34
   85 P    -1  -2  -4  -5  -3  -3  -3  -5  -4   2   4  -3   0  -2   0  -2  -2  -4  -3   2    5   2   0   0   0   0   2   0   0  13  53   0   0   0   6   2   0   0   0  18  0.59 0.25
   86 Y    -2   1  -1   0  -4   4   1  -3   0   0   0   0  -1  -1  -1  -1  -1   2   1  -1    2   5   2   4   0  31   6   0   2   6  12   5   0   2   3   4   3   3   7   3  0.26 0.18
   87 L    -1   0  -2   1  -4   2   4  -1  -2  -1  -2   0  -3  -2   3  -1   0  -4  -3  -2    3   3   0   6   0  11  33   4   0   6   3   4   0   2  17   3   4   0   0   1  0.44 0.21
   88 Y    -1  -3  -1  -2  -4  -2  -2  -3   3  -2  -3  -3  -3   4  -1  -3  -1   5   7  -2    4   1   2   2   0   2   2   1   7   2   0   0   0  14   3   1   5   7  43   2  0.87 0.32
   89 L    -1  -2  -2  -3  -3   3  -2  -3  -3  -1   0  -1   0   3  -3   0   4  -3   1   0    4   0   0   0   0  18   0   1   0   2   9   2   2  14   0   4  36   0   4   4  0.40 0.25
   90 L    -1   0   1   0  -3  -1  -2  -3  -2   1   3   0   0   0  -3  -1   0  -1  -2   0    4   4   8   5   0   3   1   0   0   9  41   7   0   3   0   4   5   1   0   6  0.19 0.14
   91 D     1   0   4   2  -3   0   1   0   1  -3  -2  -1  -2  -4  -3   2   0  -4  -2  -3   17   5  23   9   0   3  10   7   3   0   3   1   1   0   0  14   2   0   1   0  0.31 0.17
   92 L    -1  -2  -5  -5  -3  -3  -4  -5  -4   1   5  -3   0   2  -4  -3  -1   4  -2   0    5   3   0   0   0   1   0   0   0   6  60   1   1  11   0   0   4   7   0   3  0.69 0.28
   93 I    -2  -4  -5  -5  -3  -4  -5  -5  -4   5   3  -4   0   2  -5  -4  -3   1   0   2    2   0   0   0   0   0   0   0   0  43  28   0   1   9   0   0   0   2   4  11  0.73 0.27
   94 N     1   3   1  -1  -3   2   0   0  -1  -1  -1   1  -2  -2  -3   1   0  -4  -3  -2   11  21  10   2   0  12   3   8   0   4   8   6   0   1   0  12   4   0   0   0  0.20 0.13
   95 G    -1   2   2   0  -3   2   0   1   1  -3  -1   0  -2  -3  -2   2   0  -4  -1  -3    2  15  11   3   0   9   5  13   4   1   8   2   0   0   1  20   5   0   2   0  0.22 0.14
   96 I    -2  -2  -4  -1  -3  -2  -4  -3  -4   5   2  -4   0   0  -4  -3   0   0  -1   3    1   2   0   3   0   2   0   2   0  47  16   0   0   2   0   0   4   1   2  17  0.55 0.25
   97 S    -2  -4  -3  -2  -4  -3  -3  -4   0  -4  -2  -3  -4  -2   7   2   2  -5  -4  -4    0   0   0   2   0   0   0   0   2   0   4   0   0   2  57  16  17   0   0   0  1.41 0.43
   98 P     0   2  -1  -2  -3   1   0  -3  -2  -1  -1   0  -2  -1   4   1   1  -1  -3   1    5  12   1   0   0   7   3   0   0   1   4   5   0   3  22  14   8   1   0  14  0.31 0.16
   99 E     0   0   0   3  -4   3   4   2  -2  -4  -4   0  -3  -5  -3   0  -1  -4  -3  -4    7   3   3  19   0  14  30  15   0   0   0   2   0   0   0   4   3   0   0   0  0.54 0.23
  100 Q    -2  -3  -4  -2  -4   0  -2  -1   1  -1   0  -2   0   6  -2  -3  -2  -2   2   0    2   0   0   2   0   6   2   6   3   2   7   2   2  50   2   0   2   0   6   7  0.64 0.27
  101 W    -3  -2  -6  -7  -5  -5  -5  -2  -5  -3   2  -5   0  -2  -3  -5  -5  11  -1  -1    1   2   0   0   0   0   0   4   0   0  20   0   2   0   2   0   0  63   0   5  2.36 0.58
  102 Q     0   0  -1  -2  -2   1  -1  -3  -2   2   1   0   1  -1  -3   0   1  -3  -2   1   10   4   3   0   0   9   3   0   0  15  18   7   4   2   0   4   8   0   0  13  0.12 0.10
  103 R     2   0   4   2  -3   1   0   0  -2  -3  -3   0  -3  -4  -2   1   2  -4  -3  -2   21   6  23  11   0   6   5   5   0   0   0   3   0   0   0   7  13   0   0   2  0.33 0.17
  104 L    -1  -4  -4  -5  -3  -3  -4  -4  -4   2   4  -4   0   2  -4  -2   0  -3  -2   1    6   0   0   0   0   0   0   0   0  12  56   0   0  10   0   1   7   0   0   6  0.59 0.25
  105 A     3  -3  -2  -3  -2  -3  -3   5  -3  -3   0  -3  -3   0  -3  -1  -2  -4  -3  -2   28   0   0   0   1   0   0  49   0   1   9   0   0   4   0   2   2   0   0   2  0.71 0.27
  106 L    -1   2  -2  -3  -3  -1  -2  -2  -1   4   1  -2   1   0  -3  -2   1   1  -1   1    5  14   1   0   0   1   1   2   2  35  10   1   5   3   0   0  10   2   1   7  0.26 0.17
  107 G     2   0  -1  -3  -3  -3  -3   5  -3  -4  -3  -2  -1  -4  -3   1  -1  -4  -4  -2   22   5   2   0   0   0   0  55   0   0   1   0   2   0   0   8   2   0   0   2  0.82 0.29
  108 L     1  -3  -3  -4  -1  -3  -3  -3  -4   3   2  -3   0   0  -3   1   0  -3  -2   3   17   0   0   0   1   0   0   0   0  20  21   0   1   4   0  11   5   0   0  21  0.32 0.18
  109 L     2  -3  -3  -4  -3  -3  -3   3  -4   0   2  -3  -1   0  -3  -2  -1  -2  -3   0   23   0   0   0   0   0   0  29   0   5  29   0   0   4   0   0   3   1   0   6  0.39 0.21
  110 K    -2   1  -2  -3  -4   2   0  -2  -3  -1   1   6  -2  -4  -2  -1  -2  -4  -3  -2    2   6   0   0   0  12   2   2   0   3  15  55   0   0   1   2   0   0   0   1  0.68 0.31
  111 S    -1  -3  -2  -3   3  -3  -3  -2  -3   0   1  -3  -1  -3  -3   4   2   0  -3   2    2   0   0   0   7   0   0   2   0   5  14   0   0   0   0  41  11   1   0  17  0.41 0.25
  112 V     0  -4  -4  -5  -1  -4  -4  -3  -4   4   3  -4   0  -1  -4  -2  -1  -4  -3   4    7   0   0   0   1   0   0   2   0  27  26   0   0   1   0   1   1   0   0  34  0.59 0.24
  113 L     0  -3  -3  -3   2  -3  -3   3  -3   1   2  -3   0   0  -3   1  -2  -3  -2   0    9   0   0   0   4   0   0  27   0   8  29   0   2   4   0  12   0   0   0   4  0.31 0.18
  114 L     0  -4  -4  -4  -2  -3  -4  -4  -4   2   4  -3   1  -1  -4  -1   0  -3  -1   2    9   0   0   0   0   0   0   0   0  11  51   0   3   1   0   4   5   0   1  14  0.52 0.23
  115 L     0  -4  -4  -5  -1  -4  -4  -2  -4   3   4  -4   2   0  -4  -2  -2  -3  -2   2    6   0   0   0   1   0   0   3   0  15  49   0   3   4   0   1   0   0   0  17  0.55 0.23
  116 L     0  -2  -4  -4  -2  -3  -4  -4  -4   4   2  -3   2   1  -4  -2   0   1  -2   3    7   2   0   0   0   0   0   0   0  34  17   0   7   5   0   1   5   2   0  19  0.46 0.21
  117 L     1  -4  -4  -4  -3  -3  -4   2  -4   1   3  -3   0  -1  -4  -2  -1  -4  -3   2   15   0   0   0   0   0   0  18   0   6  42   0   0   1   0   0   4   0   0  14  0.40 0.21
  118 V     3  -4  -4  -4  -3  -3  -3  -1  -4   0  -1  -3  -2   2  -3  -2   1   1   0   4   29   0   0   0   0   0   0   4   0   0   2   0   0  11   0   0  11   2   3  37  0.46 0.26
  119 S     2   0  -1  -3  -3  -1  -2  -1  -1  -1   0   3  -1  -1  -3   0  -1  -3   1   0   22   4   2   0   0   0   0   4   1   3  13  25   0   2   0   7   2   0   7   7  0.16 0.15
  120 L    -1  -4  -4  -4  -3  -3  -4  -4  -3   3   3  -4   0   2  -4  -3  -1   4   1   2    6   0   0   0   0   0   0   0   0  25  26   0   0  11   0   0   4   6   4  16  0.47 0.20
  121 M     1  -3  -2  -3  -2  -2  -3  -1  -3   2   3  -3   0   0  -3   2   0  -3  -2   1   11   0   0   0   0   0   0   5   0  12  32   0   1   3   0  23   5   0   0   7  0.26 0.17
  122 I    -2  -1   1  -1  -3   2   0  -4  -2   3   2  -2   1  -2  -3  -2  -1  -3  -1   1    0   3   8   3   0  14   6   0   0  25  28   1   2   0   0   0   2   0   2   7  0.28 0.18
  123 A     0   5  -1  -3  -5   0  -2  -4  -3  -3  -4   3  -2  -5   4  -1  -2  -1  -4  -2    6  42   2   0   0   2   0   0   0   2   0  17   1   0  22   4   0   1   0   2  0.82 0.31
  124 S     0  -1  -2  -2  -3  -1  -2  -1   0   0   0  -2  -1   2   3   0  -1   1   3   0    8   3   0   2   0   1   0   4   2   6  10   1   0  10  16   8   3   2  15   9  0.22 0.13
  125 L     0  -4  -3  -4  -3  -3  -4   0  -4   3   4  -4   0   0  -4  -2  -1  -3  -3   1   10   0   1   0   0   0   0   7   0  18  50   0   1   2   0   2   2   0   0   7  0.47 0.22
  126 R    -2   5   2  -1  -4   2   0  -3   2  -2  -2   2  -2  -4  -1   0  -2  -4  -1  -3    0  37  12   3   0   9   2   1   5   3   3  14   0   0   3   7   0   0   2   0  0.52 0.23
  127 P    -3   5  -2  -3  -5   1  -2  -1   0  -2  -3   2  -3  -2   1   0  -2  -3   2  -4    0  44   0   0   0   7   0   4   2   2   2  14   0   1   8   5   1   0  10   0  0.63 0.28
  128 R     0  -2  -4  -4   0  -3  -4   0  -4   1   3  -3  -1   1  -4  -1  -2   6   0   0    7   3   0   0   2   0   0  10   0   6  38   0   0   7   0   5   0  14   1   6  0.44 0.21
  129 L    -2  -1  -5  -5  -3  -3  -3  -5  -4   4   5  -4   1  -1  -4  -3  -3  -4  -3   1    1   4   0   0   0   0   2   0   0  24  58   0   2   1   0   2   0   0   0   5  0.75 0.29
  130 K    -1   0   2   4  -4   0   1  -1  -2  -1  -3   1   0  -4   0   0  -1   0  -3  -1    5   5  12  30   0   4   6   5   0   3   0   9   4   0   4   3   3   1   0   7  0.29 0.15
  131 R    -1   3   0  -3  -3   0  -1  -2  -2   0  -1   2  -2   0  -2  -1  -2   6   1  -1    6  23   5   0   0   4   2   2   0   8   5  14   0   5   1   3   1  12   4   4  0.31 0.17
  132 A     3  -3  -3  -4  -2  -3  -3  -1  -4   1   3  -3   0   0  -3  -1  -1  -3  -2   2   29   0   0   0   0   0   0   5   0   9  31   0   1   3   0   3   2   0   0  16  0.35 0.20
  133 G    -1   0   0   0   6   1   2   0  -1  -2  -3   1  -2  -4  -3   2  -1  -4  -3  -2    1   4   4   3  23   5  17   7   1   2   0   7   1   0   0  22   2   0   0   2  0.45 0.22
  134 D     0   2   1   3  -3   1   1  -1  -1   0  -2   0   0  -2  -3   0   0  -4  -3  -1    7  17   8  19   0   8   8   4   0   8   1   4   3   1   0   3   5   0   0   4  0.21 0.13
  135 R    -1   5  -1  -3  -4   1  -2  -2  -1  -4  -2   2  -2  -1  -4   0  -2   4   3  -3    4  41   2   0   0   5   0   2   1   0   4  12   1   2   0   5   1   6  14   1  0.60 0.26
  136 L     4  -4  -4  -4  -1  -3  -3  -2  -4  -1   2  -3   0  -3  -3  -1   0  -4  -3   2   47   0   0   0   1   0   0   0   0   1  27   0   1   0   0   1   5   0   0  17  0.56 0.28
  137 K    -1   1   1  -1   0   4   0  -3  -2  -2  -2   5  -2  -5  -3  -1  -2  -5  -4  -3    3   4   7   2   2  20   3   1   0   3   4  50   1   0   0   1   0   0   0   1  0.69 0.31
  138 A     1   2   4   1  -4   1   2  -1   0  -4  -4   2  -3  -4  -3   0  -1  -4  -3  -2   12  13  25   5   0   5  13   4   2   0   0  13   0   0   0   3   3   0   0   2  0.39 0.18
  139 W    -2   0  -2  -2  -3  -3  -3  -4   0   1   1  -2  -1   3  -4  -1  -2   7   2   1    3   7   2   2   0   0   0   0   2   9  15   1   0  17   0   5   0  20   8  10  0.55 0.22
  140 K    -1  -2   0   5  -5   3   4  -1  -2  -5  -5   1  -4  -5  -1  -2  -2  -5  -4  -4    4   0   3  35   0  14  31   4   0   0   0   6   0   0   2   0   1   0   0   0  0.84 0.31
  141 N    -1   1   1   0  -4   4   0  -1   0  -2   0   1  -2  -3  -2  -1  -1  -3   1  -2    4   9   8   6   0  31   2   6   2   1  14   7   0   0   1   2   1   0   5   1  0.29 0.19
  142 I    -2  -2   0  -3  -3  -3  -3  -3  -1   4   2  -3   0   1   0   0  -2  -4  -2   1    1   1   7   0   0   0   0   2   2  38  23   0   0   6   5   9   0   0   0   6  0.37 0.21
  143 E    -1   1   0   0  -3   0   3  -3  -2  -2  -3   2  -2  -4   1   0   4  -4  -3  -2    3   8   2   4   0   3  20   0   0   1   2  12   0   0   5   6  32   0   0   1  0.40 0.21
  144 G     5  -1  -3  -2  -3   0   2   0  -1  -2  -3  -1  -3  -4  -1   0  -1  -4  -3  -2   59   2   0   1   0   3  14   5   1   3   0   2   0   0   2   5   3   0   0   1  0.58 0.28
  145 N    -3   0   7   2  -5   1   0  -3   2  -5  -5  -1  -4  -4  -3  -1  -1  -5   0  -4    0   4  56  10   0   7   5   0   4   0   0   3   0   0   1   2   2   0   4   1  0.94 0.34
  146 N    -1   2   1   6  -5   0   0  -3   0  -2  -5   0  -4  -5  -1  -2  -3  -5  -3  -4    4  13   7  60   0   3   3   0   2   2   0   3   0   0   2   0   0   0   1   0  0.99 0.34
  147 H     1   0  -2   1  -4   1   5  -3   1  -2  -3   0  -2  -2  -3  -1  -1  -4  -3  -1   12   4   0   5   0   4  54   0   3   2   2   3   1   2   0   2   2   0   0   4  0.64 0.29
  148 S     1   0  -1  -1  -3   0  -1  -3   3  -2  -4  -2  -3  -1  -2   5   0  -4   0  -3    8   6   0   2   0   4   2   0   9   2   0   0   0   3   1  57   3   0   3   0  0.64 0.32
  149 L     0  -4  -5  -5  -3  -3  -4  -5  -5   6   1  -4  -1  -2  -4  -3  -1   1  -3   3    8   0   0   0   0   1   0   0   0  58   8   0   0   0   0   0   3   2   0  20  0.87 0.33
  150 D     0  -1   1   5  -5   1   4  -2  -1  -4  -4   0  -4  -2  -1  -1  -1  -5  -4  -4    7   1   5  32   0   6  32   2   1   0   0   4   0   2   2   2   2   0   0   1  0.66 0.26
  151 T     2   1   0   0  -3   0   0  -1   0  -2  -2   3  -2  -3  -2   1   1  -4  -3   0   20   9   4   5   0   3   4   3   2   1   1  22   0   0   0   8  13   0   0   6  0.21 0.13
  152 L    -1  -5  -5  -5  -4  -5  -5  -5  -4   0   3  -5   0   7  -5  -4  -3   0   0  -1    6   0   0   0   0   0   0   0   0   3  27   0   2  57   0   0   0   1   0   4  1.11 0.35
  153 F    -3  -3  -5  -5  -4  -5  -2  -3  -4  -1   1  -5   1   8  -6  -4  -4  -2   0  -2    2   2   0   0   0   0   3   2   0   2  13   0   4  72   0   0   0   0   0   1  1.41 0.42
  154 K     0   1   1   0  -3   2   2   0   0  -3  -2   2  -1  -2  -2   0   0   1  -1  -2    8   8   7   4   0  11  18   7   2   0   2  14   1   1   1   3   7   3   1   3  0.20 0.10
  155 A     1   1  -1  -1  -2   1  -1  -1   2  -1  -1  -1  -1   2  -3   0   1  -2   1   0   14  11   2   2   0   6   2   3   6   2   4   1   0  12   0   8  10   0   6  10  0.09 0.10
  156 I    -1  -4  -4  -5  -3  -4  -4  -1  -4   0   5  -4   0   3  -4  -3  -1  -3  -2   1    3   0   0   0   0   0   0   5   0   3  66   0   0  11   0   0   3   0   0   8  0.71 0.28
  157 D     0   2   2   0  -4   1   0  -2  -2  -4  -4   3  -3  -3   3   0  -1  -4   0  -3    7  10  10   4   0   7   3   1   0   0   0  28   0   0  16   7   2   0   5   0  0.42 0.18
  158 L     0   3   2  -2  -3   2  -1   0   0  -1   0   1  -1  -2  -3   1   0  -3  -2  -2    6  18  10   0   0  10   1   8   1   2  14  10   0   1   0  15   5   0   0   0  0.19 0.13
  159 A     1   1   2  -2  -2  -2  -2  -3   1   3   0  -2  -1   1  -3  -1   1  -3  -2   1   12   8  14   0   0   0   0   0   4  23   9   0   0   8   0   3   8   0   0  11  0.17 0.14
  160 I    -3  -4  -4  -5  -3  -4  -4  -3  -4   5   3  -4   0   1  -4  -3  -1  -3  -2   3    0   0   0   0   0   0   0   2   0  40  33   0   1   6   0   1   2   0   0  16  0.67 0.24
  161 A     0   2   3  -1  -3  -1  -1  -2  -2   1  -2   1  -2  -3  -3   1   2  -4  -1  -1    5  13  17   1   0   0   2   1   0  13   0  11   0   0   0  13  18   0   2   3  0.24 0.16
  162 N    -2  -1   4  -1  -2  -2  -2   0   2  -1   1  -1  -1   0  -3   0   1   1   1   0    1   2  30   1   1   0   0   8   6   2  14   3   0   4   0   4   9   2   5   8  0.21 0.15
  163 G     1  -3  -2  -3  -1  -2  -3   4  -3   1  -2  -2  -1  -3  -3   2   2  -4  -3   0   13   0   0   0   1   0   0  33   0   9   2   0   2   0   0  19  15   0   0   7  0.42 0.20
  164 L    -1  -4  -4  -5  -3  -4  -4  -5  -4   4   4  -4   2   0  -4  -3   0  -3  -2   2    3   0   0   0   0   0   0   0   0  34  40   0   3   4   0   1   5   0   0   9  0.64 0.24
  165 W     1  -3  -6  -6  -5  -4  -5  -2  -5  -3  -3  -3  -4  -2  -6  -4  -1  12   1  -2   12   1   0   0   0   0   0   3   0   1   2   2   0   0   0   0   4  71   2   2  2.63 0.59
  166 I    -2  -4  -2  -5  -3  -4  -4  -4  -1   3   4  -4   0   2  -5  -4  -3  -2   3   0    2   0   2   0   0   0   0   1   2  16  57   0   1   8   0   0   0   0  11   1  0.67 0.26
  167 L     1  -3  -2  -3  -2  -3  -3   1  -3   0   2  -3   0   2  -3   1   1   5  -1  -1   13   0   0   0   0   0   0  11   0   3  29   0   1   9   0  14  11   8   1   1  0.28 0.17
  168 A     3  -3  -3  -3  -1  -2  -3  -1  -3   1   0  -2  -1  -2  -3   2   1  -3   0   3   32   0   0   0   1   0   0   3   0   5   7   0   0   1   0  16   7   0   4  24  0.31 0.19
  169 L     0  -2  -4  -4   0  -3  -4  -2  -1   2   3  -3   0   2  -4  -2  -2  -3  -2   3   10   2   0   0   2   0   0   3   2  13  35   0   1   8   0   1   0   0   0  23  0.36 0.17
  170 V     0  -1  -2  -3  -2  -1  -3   0  -2   4   1  -3   0  -1  -3  -1   0  -3   0   2    6   3   1   0   0   3   0   9   1  37  10   0   0   2   0   4   8   0   4  13  0.25 0.16
  171 V    -1  -4  -4  -5   0  -3  -4  -3  -4   2   4  -4   1   1  -4  -2  -2   5   1   1    4   0   0   0   2   0   0   2   0  15  45   0   1   4   0   2   0  10   4  11  0.53 0.21
  172 C     2  -4  -3  -4   8  -3  -4   0  -4  -3  -2  -4  -3  -4  -4   2   0  -4  -4   0   22   0   0   0  42   0   0   8   0   0   3   0   0   0   0  14   3   0   0   9  0.99 0.33
  173 L     2  -3  -2  -3   0  -2  -2  -1  -3   1   1  -2   0  -1  -3   1   2  -3  -2   1   25   0   0   0   1   0   2   3   0   7  17   0   2   2   0  11  19   0   0  11  0.22 0.15
  174 N     0   1   2   0  -3   4   1  -2   1  -3  -3   1  -1  -2  -1   1   0  -1   0  -2    9   6  10   2   0  27   9   2   3   0   2   8   1   1   2   9   6   1   3   1  0.29 0.16
  175 F     0  -2  -2  -3  -1  -2  -3  -4  -3   1   0  -3  -1   6  -4   1  -2   2   0  -1    9   2   2   1   1   2   0   0   0   8   8   0   0  47   0  12   1   3   0   3  0.57 0.24
  176 L    -3  -4  -5  -5  -2  -4  -4  -3  -4   1   5  -4   3   4  -4  -4  -3  -3  -1   0    0   0   0   0   1   0   0   2   0   4  62   0   6  17   0   0   0   0   0   5  0.80 0.28
  177 F    -1   0   0  -1  -3   3   0   1   1  -2  -2   1  -2   2   1  -1  -1  -2   2  -1    3   2   4   2   0  20   4  10   3   1   2  10   0  11   8   3   4   0   8   5  0.16 0.12
  178 V    -2  -3  -4  -4  -3  -3  -2  -5  -4   1   4  -3   2   2   0  -3  -2  -3  -1   1    2   0   0   0   0   0   3   0   0   6  55   0   5  11   6   0   1   0   1   9  0.55 0.22
  179 P    -2  -4  -4  -3  -4  -3  -3  -4  -4  -2  -4  -3  -4  -5   8   0  -2  -5  -5  -3    2   0   0   0   0   1   0   0   0   2   1   0   0   0  80   7   1   0   0   1  2.07 0.46
  180 P     3  -2  -1   1   0   0   3  -2  -2  -2  -3   0  -2  -4   0   0   1   0  -3  -1   29   0   1   6   2   3  28   1   0   1   0   4   0   0   5   4   8   1   0   5  0.32 0.18
  181 S     0  -2  -2   0  -2   0  -2  -2  -3   2   0  -2  -1   0   0   1   0  -1  -2   3    8   1   1   5   0   4   1   2   0  19   2   1   0   5   5  11   6   1   0  28  0.16 0.13
  182 I    -1  -4  -5  -5  -3  -4  -4  -5  -4   4   2  -4   0   2  -4  -3  -1  -1  -2   4    6   0   0   0   0   0   0   0   0  27  18   0   0  10   0   0   2   1   0  37  0.61 0.24
  183 T     0   1   0   0  -2   0   0  -1  -1   1  -1  -1  -1  -2   2   2   1  -3  -1   0    7   9   2   7   0   3   6   3   1  12   7   0   0   0   9  18  10   0   3   3  0.11 0.09
  184 Q     0   0   2   0  -4   2   1  -1   0  -4  -3   2  -2  -2  -1   0   0   6   1  -3    9   2  12   3   0  14   9   2   2   0   1  15   0   0   2   4   4  14   4   0  0.39 0.18
  185 Y    -1  -2  -1  -4  -4  -3  -4  -4  -1  -1   2  -2  -2   1  -1  -1  -2   3   7  -2    4   2   3   0   0   0   0   1   0   4  19   2   0   3   3   5   1   4  50   0  0.85 0.32
  186 F    -1  -2  -4  -5  -3  -3  -4  -3  -4   3   4  -3   3   1  -4  -2  -2  -3  -2   1    4   2   0   0   0   0   0   2   0  15  53   0   7   5   0   4   0   0   0   9  0.56 0.23
  187 Y    -1  -3  -2  -3  -4  -3  -3  -1  -1  -2  -1  -2  -2   3  -4   0   0   5   7  -2    4   1   2   1   0   0   0   5   0   1   5   1   1  12   0   8   6   8  44   1  0.79 0.30
  188 L    -1  -2  -2  -4  -2  -3  -3  -3  -4   4   1  -1  -1  -2  -3  -1   3  -4  -3   2    5   1   2   0   0   0   0   2   0  34  10   3   0   1   0   1  25   0   0  16  0.43 0.22
  189 A     3  -3  -2  -3  -2  -2  -1   0  -3   1   1  -2  -1   0   0   0   1  -3  -2   1   31   0   0   0   0   0   3   5   0   7  17   0   0   5   5   4  12   0   0  12  0.20 0.15
  190 I     0  -4  -3  -5  -3  -4  -4  -5  -4   2   5  -4   0  -1  -4  -3  -1   1  -3   1    8   0   2   0   0   0   0   0   0  10  68   0   0   2   0   0   2   2   0   7  0.76 0.29
  191 K    -2   4   0  -3  -4   1   0  -4   0  -2  -2   4  -1   1  -3  -1  -2  -3   3  -3    1  25   4   0   0   4   4   0   2   2   3  32   2   8   0   2   0   0  11   0  0.50 0.23
  192 V    -1  -5  -5  -5   1  -5  -5  -3  -5   6   0  -4  -1  -2  -5  -3  -2  -5  -3   4    4   0   0   0   2   0   0   2   0  60   1   0   0   0   0   1   0   0   0  29  1.03 0.35
  193 Y    -3  -4  -1  -5  -4  -4  -4  -3  -1   0   1  -4  -2   2  -5  -4  -4   1   8  -1    2   0   3   0   0   0   0   2   0   4  17   0   0   5   0   0   0   1  62   4  1.27 0.41
  194 F    -2  -4  -5  -5  -3  -4  -4  -5  -4   3   5  -3   3   0  -4  -4  -1  -3  -3   1    3   0   0   0   0   0   0   0   0  15  60   2   8   3   0   0   2   0   0   7  0.75 0.27
  195 L     1  -4  -4  -4  -1  -4  -4  -2  -4   5   2  -4  -1  -1  -4  -2   0  -1  -1   1   15   0   0   0   1   0   0   3   0  51  14   0   0   1   0   3   4   1   2   6  0.55 0.25
  196 L    -2  -5  -5  -5  -3  -4  -5  -4  -5   6   1  -4   1   1  -4  -2  -1  -4  -3   3    1   0   0   0   0   0   0   1   0  60   6   0   2   4   0   2   3   0   0  21  0.88 0.31
  197 C     3  -3   0  -2   2  -2  -2  -1  -3  -1  -2  -2  -1  -3  -1   3   2  -4  -3  -2   29   0   4   0   6   0   1   3   0   4   2   0   2   0   2  33  13   0   0   1  0.43 0.23
  198 F     0  -4  -4  -4  -2  -3  -4   1  -4   3   2  -3   1   1  -4  -2  -1  -3  -2   3    7   0   0   0   0   0   0  13   0  22  16   0   3   5   0   1   1   0   0  31  0.38 0.18
  199 G     1  -2  -3  -3  -4  -4  -4   7  -4  -5  -5  -3  -4  -5  -4  -1  -3  -5  -5  -5   14   2   0   0   0   0   0  79   0   0   0   0   0   0   0   4   0   0   0   0  1.49 0.40
  200 I    -2   3  -2  -4  -3  -1  -3  -4  -1   2   4  -1   1   1  -4  -2  -2  -3  -2   0    2  19   2   0   0   3   0   0   2  10  47   4   2   5   0   1   0   0   0   5  0.42 0.21
  201 I     0  -4  -5  -5  -1  -4  -4  -2  -4   2   5  -4   0  -2  -4  -3  -1  -4  -3   1    8   0   0   0   1   0   0   3   0  10  66   0   1   0   0   1   3   0   0   8  0.70 0.27
  202 A     0  -4  -4  -5   0  -4  -4  -4  -4   4   3  -4   0   2  -4  -2  -2  -3  -2   2   10   0   0   0   2   0   0   0   0  36  31   0   0   8   0   1   0   0   0  11  0.56 0.23
  203 V    -1  -3  -2  -4  -2  -3  -4  -4  -4   3   2  -3   0   1  -2  -2   1   1  -1   4    5   1   2   0   0   0   0   0   0  20  17   0   0   5   1   0   9   2   1  35  0.41 0.19
  204 R    -1   3   0  -1  -4   0  -1  -3  -1  -2  -2   5  -2  -2  -3  -1  -2  -4   0  -2    3  16   4   2   0   1   0   0   1   2   2  54   1   1   0   4   0   0   4   3  0.64 0.26
  205 A     4  -1  -3  -3  -2  -2  -2   0  -3   1   0  -2  -1  -1  -2   1  -1  -3  -3   1   50   3   0   0   0   0   0   4   0   9  10   0   1   2   0   8   3   0   0   7  0.37 0.20
  206 S     1  -3   1  -2   0  -2  -2  -1  -3   2   1  -2   0  -2  -1   0   1  -3  -2   3   12   0   8   0   2   1   0   3   0  15  12   0   1   0   2   8   9   0   0  25  0.18 0.12
  207 F     2  -1   0   0  -2   0  -1   0   2  -1  -2  -1  -2   1  -1   2   1  -3   0  -1   21   3   5   5   0   3   0   7   7   5   0   0   0   7   2  16  13   0   4   2  0.15 0.12
  208 S     2  -2  -3  -3  -2  -2  -3  -3  -3   2   0  -2  -1   0  -2   0   2  -3  -2   2   27   2   0   0   0   0   0   0   0  14   9   2   0   5   1   8  13   0   0  20  0.26 0.17
  209 L    -2  -4  -5  -5   0  -4  -4  -2  -5   5   2  -4   2  -1  -4  -3  -1  -4  -3   3    1   0   0   0   1   0   0   4   0  46  21   0   4   1   0   0   2   0   0  19  0.68 0.26
  210 L    -2  -4  -4  -5  -3  -4  -4  -5  -3   5   1  -4   0  -1  -4  -1   0  -4  -1   4    0   0   0   0   0   0   0   0   1  41   9   0   0   2   0   4   4   0   2  37  0.76 0.28
  211 D    -3  -3   1   7  -5  -2   2  -2   2  -5  -3  -3  -4  -2  -4  -2  -3  -5  -3  -3    1   0   4  69   0   0  11   2   6   0   2   0   0   2   0   0   0   0   1   2  1.27 0.38
  212 T     0   1  -2  -3  -3  -1  -2  -1  -3  -1  -1  -2   0  -3  -3   3   4   1  -3  -1    4   8   0   0   0   2   0   4   0   2   5   0   3   0   0  27  39   2   0   3  0.48 0.25
  213 L    -1  -4  -5  -5  -3  -4  -4  -5  -4   2   5  -4   2   2  -4  -2  -3   0  -2   1    4   0   0   0   0   0   0   0   0   8  68   0   3   7   0   2   0   1   0   5  0.80 0.29
  214 D    -2  -1   1   6  -4  -1   1  -3  -3  -3  -3  -1  -4   0  -3   0  -1  -4  -1  -2    2   4   4  60   0   1   8   0   0   1   2   2   0   5   0   5   3   0   2   2  0.86 0.29
  215 G     4   0   0   0   0  -2   0   1   0  -2  -3  -1  -3  -4  -2   1  -1  -4  -3  -1   51   6   3   4   2   0   6  10   3   1   0   2   0   0   0   7   1   0   0   3  0.42 0.22
  216 L    -2  -2  -4  -5  -3  -3  -4  -3  -4   1   5  -2   2   2  -4  -2  -2   0  -2   0    2   2   0   0   0   0   0   2   0   8  63   2   4   8   0   3   0   1   0   4  0.63 0.25
  217 S     0  -2   0  -1  -3   0  -1  -1  -3  -2  -3  -2  -3  -4  -3   5   0  -4  -2   0    4   0   3   1   0   4   2   4   0   2   2   0   0   0   0  64   4   0   1   9  0.67 0.31
  218 T    -1   0   1   1  -3   1   1  -1   0   0   0   1  -1  -2  -2  -1   0  -3  -1   0    4   3   8   8   0   5  14   5   3   5  15  13   0   0   0   1   7   0   1   8  0.08 0.07
  219 E     0   3  -1  -1  -4   2   1  -2  -2  -4  -3   4  -2  -4  -1   1  -1  -4  -3  -3    6  19   1   1   0   8   8   2   0   0   2  36   0   0   2  10   2   0   0   1  0.49 0.21
  220 F    -3  -3  -1  -4  -4  -3  -2  -1   1  -3  -1  -3  -3   2  -3  -2  -3   5   8  -3    1   0   3   0   0   0   2   4   3   0   6   0   0   7   1   2   0   8  59   0  1.28 0.37
  221 I     1  -2  -2  -2  -2  -2   0  -1  -2   2  -1  -1  -2  -1  -2   4   0   1  -2   0   12   1   0   1   0   0   7   2   0  15   3   3   0   2   0  40   2   3   1   6  0.28 0.19
  222 A     1   0   2   2  -2  -1   0  -1   0  -2  -1  -1  -2  -2  -2   2   0  -3  -1  -1   12   5  10  16   0   1   4   3   1   2   7   2   0   0   1  26   4   0   3   3  0.19 0.11
  223 K     0   2   0   0  -2   1   1   0  -1  -2  -2   2   0  -2  -1   2   0  -2  -2  -2    4  14   3   3   0   7   7   5   1   1   4  20   3   1   3  17   4   0   1   2  0.20 0.09
  224 H    -1  -1   3   1  -2   0   1   0   2  -2  -2   0  -1  -2   1   1   0  -2   0  -2    4   2  18   5   1   3  13   6   7   2   4   5   1   1   6  10   4   0   4   3  0.16 0.06
  225 P     0   1  -1  -1  -2   0   0  -2  -2  -1  -2   0  -2  -2   5  -1   1  -3  -2  -1    6  11   2   1   0   3   7   3   1   3   2   6   1   1  33   3  10   0   2   5  0.48 0.13
  226 R     0   1   1   3  -3   1   1   1  -1  -2  -2   1  -2  -1  -2   0  -1   0  -1  -2    8  11   7  20   0   7   7  10   0   1   4  10   0   4   1   3   3   1   1   1  0.18 0.08
  227 S    -2   0   5   1  -3   0  -1  -2   2  -3  -2   0  -3  -3  -3   1   2  -4  -3  -3    1   4  41   7   0   2   2   0   5   0   4   4   0   1   0  12  13   0   0   1  0.55 0.23
  228 P    -1   0  -3  -1  -2  -2  -2  -3  -2   2   2  -1   0   1   2  -1  -2  -1   1   0    6   6   0   3   0   0   0   1   1  15  31   4   0   6  10   6   0   1   7   2  0.18 0.12
  229 L    -2  -3  -4  -4  -3  -2   0  -3  -1   0   5  -3   0   1  -4  -3  -2  -3   0  -1    1   0   0   0   0   2   8   2   2   1  69   0   0   6   0   0   1   0   4   2  0.66 0.27
  230 R    -3   6   0  -1  -4   1   2  -2   0  -2  -3   1  -3  -4  -3  -2  -2  -4  -3  -3    1  54   3   2   0   4  17   3   2   3   1   6   0   0   0   2   0   0   0   2  0.81 0.28
  231 F    -3  -2  -3  -4  -3  -3  -4  -4   1   1   1  -3  -1   5  -4  -1  -2   3   5  -1    0   3   0   0   0   0   0   0   3   7  16   0   0  33   0   5   2   4  24   1  0.69 0.24
  232 Y    -4  -4  -4  -2  -5  -4  -4  -5   1  -2  -3  -4  -3   3  -5  -3  -4   2   9  -2    0   0   0   3   0   0   0   0   2   2   0   0   0   8   0   2   0   2  77   3  1.86 0.50
  233 P     0  -1   2   4  -3   0   3  -1  -1  -3  -2   0   0  -4   0   0  -1  -4  -3  -2    9   1   9  26   0   2  21   4   1   0   5   3   3   0   4   7   1   0   0   3  0.34 0.16
  234 R     0   6   1  -2  -4   1  -1  -1   2  -3  -3   1  -3  -2  -2  -1  -1  -4  -3  -2    9  51   7   1   0   4   1   3   6   1   1   5   0   2   1   4   2   0   0   2  0.62 0.25
  235 F    -3  -4  -5  -5  -3  -4  -5  -5  -4   2   5  -4   1   3  -5  -4  -3  -3  -2   0    0   0   0   0   0   0   0   0   0  10  67   0   2  15   0   0   0   0   0   5  0.93 0.31
  236 R    -3   6  -1  -3  -5   3  -1  -3  -1  -4  -3   1  -3  -4  -4   2  -2  -4  -2  -3    0  54   2   0   0  14   2   1   1   0   2   4   0   0   0  16   1   0   1   2  0.89 0.33
  237 Y    -2   3   1  -1  -4  -1  -1  -2   7  -2  -4   0  -3  -3   1   0   0  -4   1  -3    1  17   6   2   0   1   1   2  36   3   0   5   0   0   6   8   7   0   4   1  0.66 0.27
  238 L    -4  -4  -5  -6  -3  -4  -5  -6  -5   0   6  -5   0  -2  -5  -4  -2  -4  -3  -1    0   1   0   0   0   0   0   0   0   2  95   0   0   0   0   0   3   0   0   0  1.35 0.39
  239 L    -2  -2  -3  -2  -2  -3  -2  -3  -4   4   2  -2   1  -1  -4  -3  -1   0  -2   3    1   3   0   3   0   0   2   1   0  38  22   3   1   2   0   1   2   1   0  20  0.42 0.18
  240 G    -3  -3  -2  -4  -5  -4  -3  -2  -4  -3  -4  -3  -4  -4   8  -2  -1   2  -5  -1    0   1   1   0   0   0   0   3   0   1   1   0   0   0  79   2   4   3   0   6  1.97 0.44
  241 L    -1  -4  -5  -5  -3  -4  -4  -4  -4   0   4  -4   0   5  -5  -4  -2  -2  -1   2    4   0   0   0   0   0   0   0   0   1  51   0   0  28   0   0   1   0   0  15  0.76 0.26
  242 T     0  -3  -3  -4  -2  -3  -3   1  -3   1   3  -3   0   3  -3  -1   0  -2   1   0   10   0   0   0   0   0   0  11   0   6  39   0   1  17   0   3   6   0   4   3  0.30 0.15
  243 K    -3   3  -1  -1  -5   3   0  -4  -2  -2  -4   6  -3  -5  -3  -2  -2  -5  -4  -4    0  13   1   3   0  14   2   0   0   4   0  63   0   0   0   0   1   0   0   0  0.99 0.33
  244 R    -2   6  -2  -3  -5   0  -2  -3  -2  -4  -4   4  -1  -5  -3   0   0  -5  -4  -4    1  57   0   0   0   2   0   0   0   0   0  26   1   0   0   6   6   0   0   0  1.04 0.32
  245 C    -1  -5  -4  -5  10  -4  -5  -4  -4  -3   0  -4  -3  -1  -4   1   0  -4  -3  -1    2   0   0   0  59   0   0   0   0   0  12   0   0   3   0  15   6   0   1   2  1.47 0.38
  246 L    -3  -4  -2  -5  -1  -4  -5  -5  -5   2   5  -4   0   0  -5  -4  -3  -4  -3   1    0   0   2   0   1   0   0   0   0  10  77   0   0   3   0   0   0   0   0   7  0.97 0.31
  247 E    -2  -2   0  -1  -6   1   7  -4  -2  -5  -3   0  -4  -3  -3  -2  -2  -5  -4  -5    1   0   5   0   0   2  82   0   0   0   2   5   0   1   0   0   1   0   0   0  1.36 0.42
  248 T     1  -4  -4  -5  -1  -3  -3  -3  -1  -3  -2  -3  -3   3  -5  -3  -2   1   8  -3   17   0   0   0   1   0   2   1   0   0   3   1   0  11   0   0   2   1  61   0  1.27 0.39
  249 G     2  -4  -3  -4  -2  -3  -3   0  -4   4   0  -3   0   0  -3  -1  -1  -3  -1   3   20   0   0   0   0   0   0   8   0  29   4   0   1   5   0   3   1   0   1  28  0.37 0.18
  250 I    -2  -4  -5  -5  -3  -4  -5  -2  -5   6   2  -3   0  -2  -4  -4  -1  -4  -3   3    1   0   0   0   0   0   0   3   0  55  15   2   0   0   0   0   4   0   0  21  0.81 0.28
  251 Y    -3  -4  -3  -6   0  -2  -5  -6   1  -1  -3  -4   0   1  -6  -4  -4   5   9  -3    2   0   1   0   2   1   0   0   2   4   1   0   2   1   0   0   0   7  76   1  1.85 0.50
  252 L    -1  -4  -4  -3  -3  -4  -3  -5  -4   4   1  -3  -1   1  -4  -3  -1  -4  -2   5    3   0   0   1   0   0   1   0   0  30   8   1   0   7   0   1   2   0   0  45  0.67 0.26
  253 A     1  -3  -2  -2   4  -2  -1   2  -2  -1  -1  -2  -2   1  -3   1   1   2   1  -1   14   0   1   1  10   0   3  19   0   3   6   1   0   6   0  16   9   3   6   1  0.21 0.13
  254 I     1  -4  -3  -3  -1  -3  -3  -3  -4   4   0  -3   5  -2  -4  -2   2  -4  -3   3   14   0   0   1   1   0   0   1   0  27   1   0  18   0   0   0  16   0   0  20  0.52 0.25
  255 A     5  -3  -3  -4  -3  -3  -2   0  -4  -1  -2  -3  -2  -2  -2   0   0   4  -2   1   59   0   0   0   0   0   2   6   0   1   1   0   0   2   1   3   5   6   1  12  0.63 0.29
  256 G    -1  -3   2  -1  -3   0  -1  -1  -3   0  -2  -1  -1  -2  -3   1   5  -4  -3  -2    2   0  10   1   0   3   3   5   0   7   2   2   2   2   0  10  49   0   0   1  0.53 0.27
  257 V    -2  -1  -5  -4  -3   0  -3  -5  -4   1   5  -3   1  -1  -5  -3  -3   1  -3   1    3   4   0   1   0   5   1   0   0   5  68   1   3   2   0   1   0   2   0   6  0.75 0.30
  258 I     1  -4  -5  -5   1  -4  -4  -5  -5   4  -1  -4   0  -1  -4  -2  -2  -4  -3   5   10   0   0   0   3   0   0   0   0  31   2   0   2   2   0   3   1   0   0  47  0.80 0.31
  259 C    -2  -3  -2  -3  -1  -2  -4  -4  -2   3   1  -3   2   2  -4  -3  -1  -3  -2   4    2   1   2   1   1   2   0   1   1  22  14   1   5   9   0   1   3   0   0  36  0.44 0.21
  260 A     1   2   1   0  -4   4   2  -1   0  -3  -1   0  -1  -4   1  -1  -1   0  -3  -2   12  11   8   4   0  26  11   3   1   0   5   2   2   0   6   2   3   1   0   2  0.30 0.18
  261 Q    -2   2  -2  -1  -5   6   2  -4  -2  -2  -3   1  -1  -3  -4  -3  -3  -1   3  -4    1   8   0   2   0  47  14   0   0   3   2   9   1   0   0   0   0   1  11   0  0.87 0.36
  262 F    -2  -4  -2  -5  -3  -4  -4  -5  -4   5   2  -3   0   3  -5  -4  -2  -3   0   3    1   0   3   0   0   0   0   0   0  36  17   1   1  14   0   0   0   0   3  25  0.68 0.26
  263 P     0  -1   1   2  -4   3   3  -2  -2  -3  -1   0  -1  -4   1   0   1  -4  -3  -2    6   1   5  13   0  15  22   2   0   0   5   4   2   0   6   6  12   0   0   1  0.32 0.17
  264 L     0  -3   0  -1  -3  -2  -2   0  -1   0   1  -2   0   4   2  -1  -1   3  -1  -1    7   0   6   2   0   0   2   6   2   4  14   1   2  23  13   5   4   4   0   4  0.22 0.14
  265 L    -2  -4  -3  -3  -3  -3   0  -2  -4   5   2  -3   0   0   0  -3  -2  -4  -2   2    1   0   1   1   0   0   7   3   0  44  20   0   1   3   5   1   2   0   1  11  0.50 0.23
  266 D     3  -1  -1   2  -3   0   4  -3  -2  -3  -3   0  -3  -4  -2   1  -1  -4  -1  -2   31   1   2  13   0   3  28   0   0   1   1   4   0   0   1   8   3   0   2   1  0.46 0.24
  267 H    -1  -1   2   1  -3   0   0  -1   0  -3  -1   1  -2   0   1   0   1   7   0  -2    5   2  10   7   0   5   4   4   2   0   6   9   0   4   7   4   9  16   3   1  0.29 0.15
  268 I    -3  -5  -5  -6  -4  -4  -5  -4  -4   2   4  -5   0   3  -4  -4  -3   8   0   0    0   0   0   0   0   0   0   1   0  14  44   0   0  10   1   1   1  21   3   3  1.00 0.33
  269 A     4  -2  -2  -3  -2  -1  -2  -1  -3   1  -1   0  -1  -3   1   1   1  -4  -3   0   40   1   0   0   0   1   0   3   0   9   5   6   1   0   6  12   7   0   0   7  0.32 0.20
  270 P     0  -1   1   0  -3   0   1  -1  -2  -1  -2   0  -2  -3   3   1   2  -4  -2   0   10   3   7   5   0   3  10   4   0   4   2   4   0   0  16   9  17   0   0   6  0.23 0.12
  271 Y    -3  -4  -4  -5  -4  -4  -5  -5  -2   3   1  -4  -1   4  -5  -3  -3   4   7   0    2   0   0   0   0   0   0   0   0  21   9   0   0  16   0   1   0   6  38   5  0.98 0.33
  272 A     0  -4  -3  -4  -4  -4  -4   6  -4  -3  -2  -4  -4  -3  -4  -1   1  -1  -1  -4    8   0   0   0   0   0   0  67   0   1   5   0   0   1   0   3  10   1   2   0  1.10 0.36
  273 I    -1  -1  -1  -1  -3   0   1   0  -3   0  -1  -1  -1  -3   5   0   1  -4  -3   0    4   2   1   3   0   5  11   6   0   7   8   2   1   1  28   6   9   0   0   7  0.38 0.16
  274 P     0   2  -1  -1  -3   0  -1   2  -2   0  -1   2   0  -3  -1   0   0  -3  -1   0    6  13   3   1   0   3   2  16   0   7   5  19   2   0   2   5   4   0   1  10  0.13 0.10
  275 A     2  -4  -4  -4  -2  -3  -4  -1  -4   4   2  -3   0   2  -4  -2  -1  -3  -2   2   18   0   0   0   0   0   0   5   0  31  20   0   1   9   0   2   3   0   0  10  0.38 0.19
  276 N    -2  -4  -2  -5  -3  -4  -5  -4  -5   5   3  -4   0   0  -4  -4  -1  -4  -2   3    2   0   2   0   0   0   0   1   0  44  24   0   0   3   0   0   3   0   1  20  0.73 0.27
  277 Q    -2   3   0  -3  -5   5  -1  -3  -2  -5  -4   5  -2  -5  -4  -2  -3  -5  -4  -4    1  17   4   0   0  26   1   1   0   0   1  47   1   0   0   0   0   0   0   0  1.03 0.38
  278 I    -1  -5  -5  -6  -1  -5  -5  -6  -6   7   0  -5   0  -3  -5  -4  -2  -5  -4   3    4   0   0   0   1   0   0   0   0  68   4   0   1   0   0   0   1   0   0  21  1.23 0.40
  279 I    -2  -5  -5  -6  -2  -5  -5  -5  -5   7   2  -5   0  -1  -5  -4  -2  -5  -3   3    2   0   0   0   0   0   0   0   0  68  13   0   0   1   0   0   1   0   0  14  1.19 0.38
  280 L     2  -3  -3  -3  -3  -3  -3   4  -4   0   1  -3  -1   0  -3   0  -1  -4  -3   0   21   0   0   0   0   0   0  35   0   6  18   0   0   4   0   5   3   0   0   8  0.41 0.20
  281 I    -4  -5  -6  -6  -4  -5  -6  -6  -6   7   1  -5   1  -3  -5  -5  -1  -5  -4   2    0   0   0   0   0   0   0   0   0  77   8   0   2   0   0   0   3   0   0  10  1.43 0.44
  282 I    -3  -4  -5  -5  -3  -4  -5  -5  -4   4   3  -4   1   5  -5  -4  -2  -2   2   1    1   0   0   0   0   0   0   0   0  31  28   0   3  24   0   0   1   0   6   7  0.77 0.27
  283 F    -3  -5  -5  -6  -3  -5  -5  -5  -4   3   2  -5  -1   7  -5  -4  -3  -2   1   2    1   0   0   0   0   0   0   0   0  17  15   0   1  49   0   0   0   0   4  12  1.03 0.33
  284 I     0  -4  -4  -4  -2  -3  -4  -1  -4   4   3  -4   2   0  -4  -2  -1  -4  -3   2   11   0   0   0   0   0   0   4   0  27  31   0   5   2   0   1   2   0   0  17  0.47 0.21
  285 A     4  -3  -2  -3   2  -3  -3  -1  -3  -2  -4  -3  -1  -4  -3   4   2  -5  -4  -2   39   0   0   0   4   0   0   4   0   2   0   0   2   0   0  39  10   0   0   2  0.72 0.33
  286 A     0   5   1  -3  -4   0  -1   1  -2  -3  -3   1  -2   0  -3   1  -1  -4  -1  -3    6  40   5   0   0   3   1  10   0   1   1   9   1   6   0  13   1   0   2   1  0.48 0.23
  287 L    -1  -4  -5  -5  -3  -4  -5  -4  -5   4   2  -4   1  -1  -4  -4  -2  -4  -3   5    4   0   0   0   0   0   0   1   0  27  17   0   2   2   0   0   1   0   0  45  0.79 0.29
  288 V     1  -4  -4  -4  -1  -3  -4  -2  -4   3   3  -3   1   2  -4  -1  -1  -3  -2   2   14   0   0   0   1   0   0   3   0  18  27   0   3  10   0   3   1   0   0  20  0.38 0.18
  289 I    -2  -4  -4  -4  -3  -1  -1  -5  -4   5   1  -2   1   1  -4  -3  -2  -4  -2   3    2   0   0   0   0   2   5   0   0  46   9   2   2   5   0   1   1   0   0  25  0.66 0.27
  290 E    -2   4  -1  -1  -5   1   5  -4   0  -5  -4   3  -2  -5  -3  -1  -2  -5  -3  -3    1  22   2   1   0   2  45   0   1   0   0  18   1   0   0   2   1   0   1   1  0.86 0.33
  291 L    -2  -4  -5  -5  -3  -4  -5  -4  -5   5   2  -4  -1   3  -5  -3  -2  -4  -2   4    1   0   0   0   0   0   0   1   0  35  18   0   0  12   0   2   0   0   0  32  0.76 0.28
  292 S     2  -3  -2  -3   0  -3  -3   4  -3   1  -1  -3   0  -2  -3   1   0  -4  -3   1   17   0   1   0   2   0   0  34   0   8   6   0   3   1   0  11   5   0   0  13  0.37 0.18
  293 N    -2   2   3   0  -2   1   0  -1   2  -3  -4   3  -3  -2  -3  -1  -1  -3   3  -2    1  11  16   5   1   7   4   3   5   1   0  24   0   0   0   2   3   0  15   2  0.39 0.20
  294 I    -1  -2  -3  -4  -3  -2  -3  -2  -3   2   3  -1   1   2  -4  -1  -1  -3  -1   2    5   1   0   0   0   1   0   3   0   9  41   4   2  10   0   7   3   0   1  13  0.31 0.17
  295 I     2  -4  -4  -4  -2  -3  -4  -3  -4   2   3  -3   1   2  -4  -2  -1  -3  -2   2   20   0   0   0   0   0   0   0   0  14  28   0   3  12   0   2   2   0   0  19  0.42 0.20
  296 V    -2  -5  -5  -5  -3  -4  -5  -5  -5   6   2  -4   0  -2  -5  -3  -2  -5  -3   3    3   0   0   0   0   0   0   0   0  51  21   0   1   0   0   1   1   0   0  23  0.95 0.33
  297 E    -1   2   2   3  -4   1   4  -2   2  -3  -4   0  -3  -3  -3   0  -1  -5  -3  -2    6  12   9  19   0   3  30   1   6   1   0   3   0   1   0   4   3   0   0   2  0.48 0.21
  298 K    -2   3   3   0  -5   1   4  -2  -1  -5  -5   3  -3  -5  -3  -1  -2  -5  -2  -4    1  19  15   3   0   5  28   2   0   0   0  24   0   0   0   1   1   0   1   0  0.68 0.28
  299 L     0  -3  -4  -4  -3  -2  -4  -4  -3   2   2  -3   0   5  -4  -2  -1   1   1   2    7   1   0   0   0   2   0   0   0  16  16   0   1  28   0   3   4   2   2  18  0.45 0.20
  300 L    -3  -5  -5  -6  -4  -4  -5  -4  -4   0   3  -5   2   7  -5  -4  -4  -2   2   0    0   0   0   0   0   1   0   1   0   2  31   0   6  47   0   0   0   0   6   6  1.06 0.35
  301 L     0  -2  -1  -1  -3   0  -2  -2  -2   1   3   0   1   1  -3  -2  -2  -3  -1   1    8   0   3   4   0   4   2   2   1   5  41   7   4   6   0   2   0   0   1  11  0.21 0.15
  302 R    -1   5   1  -2  -4   0  -1   0  -1  -4  -3   3   0  -4  -1   1  -1  -4  -3  -2    4  36   8   0   0   2   1   8   1   0   1  19   3   0   2   9   2   0   0   4  0.49 0.23
  303 S     0   1   1   2  -3   1   1  -1   1  -3  -3   1  -1  -3  -1   1   1   0  -1  -2    6  10   8  13   0   7   6   4   4   1   0  10   2   0   2  12  13   2   1   1  0.20 0.11
  304 P    -1   2   0   1  -4   1   1   0   0  -3  -2   3  -2  -2   1   0   0  -4  -3  -3    2  10   4  10   0   6   9   5   3   1   3  28   0   2   7   4   7   0   0   0  0.30 0.15
  305 N     0   0   2   3  -3  -1   1   1   0  -3  -3   2  -2  -4  -1   2  -1  -4  -3  -3    7   4  12  21   0   1   8  10   2   0   1  13   1   0   2  16   2   0   0   1  0.32 0.15
  306 L    -1  -1  -2  -1  -3  -2  -2  -2  -3   0   3   0   0  -1   4  -1  -1  -3  -3  -1    5   4   1   3   0   1   2   2   0   4  35   8   1   3  22   4   4   0   0   2  0.33 0.17
  307 S    -1  -2   1   1  -2  -2  -1  -1  -2   1   1   0   0   1  -1   1   2  -3  -2  -1    4   0   6   9   0   0   2   4   0   9  19   7   1   7   2  11  18   0   0   1  0.10 0.11
  308 P    -2   2   0   4  -4   1   2  -2   1  -2  -2   1  -2  -2   1  -1  -1  -4  -1  -3    1  16   3  26   0   4  16   2   3   2   4   8   0   2   6   3   2   0   2   1  0.37 0.17
  309 V    -1  -2  -1   0  -2  -1  -1  -3  -1   3   1  -2   1   1  -3   0   0  -3  -1   2    5   1   2   5   0   2   5   1   1  28  13   1   3   6   0   7   3   0   1  15  0.17 0.12
  310 Q    -1  -1   1   2  -4   4   2  -1  -1  -3  -3   0  -2  -4  -2   3   1  -4  -3  -2    2   0   4  11   0  22  15   3   0   0   2   5   1   0   1  24   7   0   0   3  0.42 0.22
  311 Q    -1   3  -1   0  -5   3   4  -3   0  -4  -3   1  -3  -4  -2  -1  -1   0  -1  -3    3  22   2   2   0  14  35   1   2   1   2   7   0   0   1   2   2   2   3   1  0.57 0.25
  312 R    -2   6   0  -3  -5   4  -1  -4  -2  -5  -5   3  -3  -5  -3   1  -3  -5  -4  -5    1  43   4   0   0  25   1   0   0   0   0  16   0   0   1   9   0   0   0   0  1.01 0.37
  313 R    -4   7  -3  -4  -6   1  -2  -4  -2  -6  -5   3  -4  -6  -5  -2  -4  -5  -4  -4    0  76   0   0   0   6   0   1   1   0   0  14   0   0   0   1   0   0   0   1  1.68 0.50
  314 R    -1   6  -1  -2  -5   0   3  -4  -2  -2  -3   0   1  -4  -4  -2  -2  -5  -2  -2    6  51   2   1   0   1  23   0   0   3   1   3   4   0   0   1   1   0   1   2  0.84 0.33
  315 L     1   0   2  -2  -3   2   1  -2  -1  -1   2   0   0  -2  -3   0   0  -3  -2  -1   17   3  14   0   0  12   8   0   1   1  24   6   3   1   0   3   3   0   0   3  0.17 0.14
  316 T    -3  -4  -3  -4  -4  -4  -4  -5  -5  -4  -4  -4  -4  -5  -4  -2   8  -6  -5  -3    0   0   0   0   0   0   0   0   0   0   0   0   0   0   0   0 100   0   0   0  2.19 0.66
  317 F    -3  -4  -5  -6  -3  -4  -5  -6  -5   2   5  -5   2   4  -5  -4  -3  -3  -2   0    1   0   0   0   0   0   0   0   0  11  66   0   4  16   0   0   0   0   0   2  1.01 0.34
  318 I     0  -1  -1  -3  -2  -1  -2  -2  -3   3   1   0   1  -2  -3  -1   0  -4  -2   3    8   3   2   0   0   2   1   2   0  25  15   7   3   0   0   4   5   0   0  21  0.23 0.14
  319 P     0   0  -3  -3  -5  -2  -2   1  -1  -5  -5   3  -4  -5   6  -1   0  -5  -2  -4    7   4   0   1   0   0   1  10   2   0   0  20   0   0  47   3   4   0   1   0  1.03 0.33
  320 L    -4  -5  -6  -6  -4  -5  -5  -6  -5   2   6  -5   0  -2  -4  -5  -3  -4  -3   0    0   0   0   0   0   0   0   0   0  11  85   0   0   0   1   0   0   0   0   4  1.34 0.42
  321 V    -2  -4  -5  -5  -3  -4  -5  -4  -4   3   4  -4   3   3  -5  -4  -1  -3  -2   1    2   0   0   0   0   0   0   1   0  19  42   0   7  16   0   0   3   0   0  10  0.66 0.25
  322 Q    -2   3   0   0  -5   4   3  -3   0  -3  -3   4  -3  -5  -3  -1  -2  -4  -3  -2    1  13   4   4   0  21  18   1   2   2   1  28   0   0   0   2   1   0   0   2  0.59 0.25
  323 N    -2  -2   5  -2  -4  -3  -3  -2  -3  -5  -5  -2  -4  -5  -4   6  -1  -6  -4  -5    0   1  32   0   0   0   0   1   0   0   0   1   0   0   0  64   1   0   0   0  1.32 0.48
  324 T     0  -4  -4  -4   1  -4  -4  -2  -4   4   1  -4   1   3  -4  -2   0  -3  -1   3    7   0   0   0   3   0   0   2   0  27  14   0   3  15   0   2   6   0   0  20  0.41 0.19
  325 V     0  -4  -4  -4   0  -3  -4  -3  -4   2   4  -4   1   0  -4   0  -1  -3  -2   2    7   0   0   0   2   0   0   1   0  10  47   0   3   3   0   8   2   0   0  16  0.48 0.22
  326 R    -2   4  -1  -3  -4   2  -2  -3  -1  -4  -4   4  -3  -5  -3   0   3  -5  -4  -3    1  27   1   0   0   8   0   1   1   0   0  35   0   0   0   6  21   0   0   0  0.79 0.32
  327 Y    -5  -5  -5  -6  -6  -3  -5  -6  -1  -5  -3  -5  -4   0  -6  -4  -3  -1  10  -3    0   0   0   0   0   1   0   0   0   0   1   0   0   0   0   1   2   0  95   1  2.77 0.70
  328 C     1  -4  -4  -4  -1  -3  -4  -1  -4   2   2  -3   0   2  -4  -1   1  -3  -2   3   10   0   0   0   1   0   0   4   0   9  23   0   1  10   0   2  10   0   0  29  0.34 0.18
  329 I    -2  -5  -5  -5  -3  -5  -5  -6  -5   6   0  -5   0  -1  -5  -4   0  -5  -3   4    1   0   0   0   0   0   0   0   0  50   4   0   1   1   0   0   5   0   0  37  1.06 0.36
  330 Y    -5  -5  -4  -6  -4  -5  -5  -6  -1  -3  -4  -5  -4   2  -6  -5  -5  -1  10  -4    0   0   1   0   0   0   0   0   0   1   0   0   0   4   0   0   0   0  94   0  2.76 0.69
  331 F    -5  -6  -6  -7  -3  -6  -6  -6  -4  -1  -2  -6  -3   9  -7  -6  -5  -2   0  -2    0   0   0   0   0   0   0   0   0   2   1   0   0  94   0   0   0   0   0   3  2.47 0.62
  332 V     0  -4  -3  -4   2  -3  -4   2  -4   4   0  -3   1  -2  -4  -1   1   2  -3   2    6   0   0   0   6   0   0  19   0  31   5   0   3   0   0   2   9   3   0  16  0.39 0.20
  333 S     5  -3  -3  -4  -1  -3  -3   0  -4  -2  -3  -3  -1  -3  -3   1   1  -5  -4   1   60   0   0   0   1   0   0   6   0   1   1   0   1   1   0   9  10   0   0  11  0.71 0.32
  334 G     1  -4  -3  -4   1  -3  -4   3  -3   2   0  -3   0   3  -4  -1  -1  -3  -2   0   12   0   0   0   3   0   0  30   0  18   9   0   3  14   0   4   2   0   0   4  0.36 0.19
  335 V    -2  -4  -5  -5  -3  -4  -4  -5  -5   5   1  -4   4  -1  -4  -3   0  -4  -3   4    1   0   0   0   0   0   0   0   0  36  12   0  14   1   0   1   4   0   0  30  0.79 0.29
  336 S     1  -3   0  -4  -3  -2  -3  -2  -3   0   1  -3   6   0  -1   1   2  -2  -1  -1   11   0   4   0   0   0   0   1   0   4  10   0  33   3   3  14  12   1   2   3  0.45 0.26
  337 I    -1  -5  -5  -5  -3  -5  -5  -4  -5   6   0  -5   2  -3  -5  -4  -1  -5  -4   3    4   0   0   0   0   0   0   1   0  65   3   0   5   0   0   0   3   0   0  18  1.10 0.37
  338 L    -4  -5  -6  -6  -4  -5  -6  -6  -6   0   6  -5   1  -2  -6  -5  -4  -4  -4  -2    0   0   0   0   0   0   0   0   0   2  95   0   2   0   0   0   0   0   0   0  1.60 0.48
  339 Y    -1   1   1   2  -4   1   2  -1   0  -4  -4   2  -3  -2  -2   2  -1  -3   3  -3    3   6   6  12   0   4  18   3   2   0   0  13   0   1   0  17   2   0  14   0  0.35 0.18
  340 V     1  -2  -2   0  -2  -1   0  -3  -3   2   1  -2   1  -3  -3   0   4  -4  -3   1   13   1   1   7   0   1   5   0   0  11  12   0   3   0   0   3  31   0   0  12  0.28 0.18
  341 F    -3  -4  -5  -5  -3  -4  -5  -5  -4   3   4  -4   2   4  -5  -4  -3  -3  -1   1    1   0   0   0   0   0   0   0   0  20  42   0   6  22   0   0   0   0   1   8  0.80 0.28
  342 D    -2  -3   2   2  -4  -2   0   5  -2  -5  -5  -1  -4  -5  -4   0   1  -5  -4  -4    0   0  12  10   0   1   6  51   1   0   0   4   0   0   0   5   9   0   0   1  0.79 0.28
  343 I    -3  -5  -5  -5  -3  -4  -5  -6  -5   6   1  -5   0   0  -4  -4  -2  -4  -1   4    0   0   0   0   0   0   0   0   0  61   6   0   1   4   1   0   1   0   2  24  1.09 0.36
  344 D    -4  -1   4   6  -6  -1   1  -3  -3  -5  -6   0  -5  -5  -2  -1  -3  -6  -2  -5    0   2  23  56   0   2   5   0   0   0   0   6   0   0   2   2   0   0   2   0  1.19 0.38
  345 P    -1  -4  -4  -4  -4  -4  -4  -4  -5   2  -2  -3  -3  -4   6  -2   2  -5  -4   3    4   0   0   0   0   0   0   0   0  11   1   0   0   0  44   2  14   0   0  24  1.08 0.36
  346 T     1   0  -2  -2  -3  -1  -1   1  -3  -2  -2   2  -1  -4  -3   1   4  -4  -3  -2   13   5   0   1   0   1   2  12   0   2   3  13   2   0   0   9  37   0   0   1  0.39 0.22
  347 P     2  -4  -3  -4  -4  -3  -3   0  -4  -3  -5  -3  -4  -5   7   1  -1  -6  -5  -4   22   0   0   0   0   0   0   8   0   2   0   0   0   0  52  13   4   0   0   0  1.29 0.39
  348 I    -3  -5  -5  -6  -3  -5  -5  -6  -5   6   3  -5   2   0  -5  -4  -3  -4  -3   2    0   0   0   0   0   0   0   0   0  55  29   0   5   3   0   0   0   0   0   8  1.05 0.35
  349 L    -4  -5  -6  -6  -4  -5  -5  -6  -5   2   6  -5   0  -2  -5  -5  -4  -4  -1  -1    0   0   0   0   0   0   0   0   0  12  86   0   0   0   0   0   0   0   2   1  1.38 0.43
  350 A     7  -4  -4  -5  -3  -4  -4  -3  -5  -4  -4  -4  -4  -5  -4  -1  -1  -5  -5  -3   96   0   0   0   0   0   0   0   0   0   0   0   0   0   0   1   3   0   0   0  1.69 0.55
  351 G     2  -5  -3  -4  -4  -4  -4   7  -4  -6  -6  -4  -5  -5  -4   0  -1  -5  -5  -5   15   0   0   0   0   0   0  76   0   0   0   0   0   0   0   5   4   0   0   0  1.50 0.43
  352 A     7  -4  -4  -5  -3  -4  -4  -3  -5  -2  -3  -4  -3  -5  -4  -2  -3  -5  -5  -1   94   0   0   0   0   0   0   0   0   2   2   0   0   0   0   0   0   0   0   3  1.57 0.52
  353 G    -3  -5  -3  -4  -5  -5  -5   7  -5  -6  -7  -4  -6  -6  -5  -3  -4  -6  -6  -3    0   0   0   0   0   0   0  98   0   0   0   0   0   0   0   0   0   0   0   2  2.23 0.56
  354 I    -4  -6  -6  -6  -4  -5  -6  -4  -6   7   0  -5  -1  -3  -5  -5  -3  -5  -4   2    0   0   0   0   0   0   0   2   0  84   4   0   0   0   0   0   0   0   0  11  1.62 0.48
  355 L     0  -4  -4  -5  -3  -4  -4   1  -5   2   2  -4   0  -1  -4  -3  -2  -4  -3   5    7   0   0   0   0   0   0  12   0   7  25   0   2   1   0   0   0   0   0  46  0.60 0.27
  356 G    -3  -5  -3  -4  -5  -5  -5   7  -5  -7  -7  -4  -6  -6  -5  -2  -4  -6  -6  -6    0   0   0   0   0   0   0  98   0   0   0   0   0   0   0   2   0   0   0   0  2.25 0.56
  357 L    -4  -5  -6  -6  -4  -5  -5  -6  -5   3   6  -5   0   0  -5  -5  -3  -4  -3   0    0   0   0   0   0   0   0   0   0  16  78   0   0   2   0   0   0   0   0   4  1.22 0.39
  358 A     6  -4  -4  -4  -3  -3  -3  -1  -4  -3  -4  -3  -3  -4  -3  -1   2  -5  -4   1   77   0   0   0   0   0   0   4   0   0   0   0   0   0   0   0  12   0   0   8  1.10 0.39
  359 V    -2  -5  -5  -6  -3  -5  -5  -6  -5   4   0  -5   0  -1  -5  -4  -2  -5  -3   6    1   0   0   0   0   0   0   0   0  25   5   0   1   2   0   0   0   0   0  66  1.16 0.36
  360 G    -2  -5  -3  -4  -5  -4  -5   7  -5  -6  -6  -4  -5  -6  -5   0  -4  -5  -6  -6    0   0   0   0   0   0   0  92   0   0   0   0   0   0   0   8   0   0   0   0  1.97 0.48
  361 L    -4  -5  -5  -6  -4  -5  -5  -6  -4  -1   4  -5   3   7  -6  -5  -4  -2   0  -2    0   0   0   0   0   0   0   0   0   1  41   0   9  49   0   0   0   0   0   0  1.31 0.38
  362 G    -3  -5  -3  -4  -5  -5  -5   7  -5  -7  -7  -4  -6  -6  -5  -3  -4  -5  -6  -6    0   0   0   0   0   0   0 100   0   0   0   0   0   0   0   0   0   0   0   0  2.28 0.53
  363 A     7  -4  -4  -4  -3  -3  -3  -2  -4  -4  -4  -3  -4  -5  -3   0  -1  -5  -4  -3   94   0   0   0   0   0   0   0   0   0   0   0   0   0   0   5   2   0   0   0  1.56 0.48
  364 Q    -4  -2  -3  -3  -6   9  -1  -5  -3  -6  -5   0  -4  -7  -4  -3  -4  -5  -5  -5    0   0   0   0   0  97   0   0   0   0   0   3   0   0   0   0   0   0   0   0  2.42 0.65
  365 N    -1  -3   6  -1  -4  -2  -2  -3  -2  -5  -5  -1  -4  -5   0   3   1  -5  -4  -4    5   0  50   0   0   0   1   0   0   0   0   3   0   0   5  26   9   0   0   0  0.97 0.35
  366 L    -3  -5  -6  -6  -3  -5  -5  -6  -5   2   6  -5   0  -1  -5  -5  -3  -4  -3   0    1   0   0   0   0   0   0   0   0  10  84   0   0   1   0   0   0   0   0   4  1.25 0.37
  367 I    -3  -5  -6  -6  -3  -5  -5  -6  -6   5  -1  -5  -1  -3  -5  -4  -3  -5  -4   6    0   0   0   0   0   0   0   0   0  33   1   0   0   0   0   0   0   0   0  67  1.36 0.40
  368 N    -2   4   5  -1  -5   0   1  -2  -2  -5  -5   3  -3  -5  -3  -1   0  -5  -4  -4    1  23  33   1   0   3   9   1   0   0   0  22   0   0   0   1   5   0   0   0  0.76 0.28
  369 D    -5  -5  -1   8  -7  -3  -1  -4  -4  -6  -7  -4  -6  -7  -4  -3  -4  -7  -6  -6    0   0   0 100   0   0   0   0   0   0   0   0   0   0   0   0   0   0   0   0  2.42 0.54
  370 L    -3  -4  -5  -5  -3  -4  -5  -5  -5   5   2  -4   3  -1  -4  -4  -1  -4  -3   4    0   0   0   0   0   0   0   0   0  41  17   0   9   1   0   0   2   0   0  30  0.83 0.26
  371 V    -2  -5  -5  -5  -3  -5  -5  -6  -5   5   0  -5   0  -2  -5  -4  -2  -5  -3   5    1   0   0   0   0   0   0   0   0  45   4   0   1   0   0   0   0   0   0  49  1.14 0.33
  372 N     1  -3   2  -3   5  -2  -3  -3  -3  -3  -4  -3  -3  -4  -3   3   4  -5  -4  -3   12   0  11   0  15   0   0   0   0   0   0   0   0   0   0  29  32   0   0   0  0.76 0.29
  373 G    -2  -5  -3  -4  -5  -4  -5   7  -5  -7  -7  -4  -5  -6  -5  -3  -4  -5  -6  -6    0   0   0   0   0   0   0 100   0   0   0   0   0   0   0   0   0   0   0   0  2.23 0.48
  374 F    -3  -5  -6  -6  -5  -6  -6  -6  -4   1  -1  -6  -2   9  -6  -5  -4  -2   0  -1    2   0   0   0   0   0   0   0   0   7   4   0   0  84   0   0   0   0   0   2  1.93 0.46
  375 S    -4  -5  -6  -6  -5  -6  -6  -6  -4  -3   0  -6  -2   9  -6  -3  -3  -2   0  -3    1   0   0   0   0   0   0   0   0   0   6   0   0  90   0   2   2   0   0   0  2.14 0.49
  376 I    -4  -5  -2  -5  -4  -5  -5  -6  -5   7   1  -5  -1  -2  -5  -5  -3  -5  -4   1    0   0   3   0   0   0   0   0   0  83  10   0   0   0   0   0   0   0   0   3  1.45 0.40
  377 L    -3  -5  -6  -6  -3  -4  -5  -6  -5   4   5  -5   0  -1  -5  -5  -3  -4  -3   0    0   0   0   0   0   0   0   0   0  31  67   0   0   1   0   0   0   0   0   1  1.12 0.32
  378 L    -3  -5  -6  -6  -5  -6  -6  -6  -4  -2   1  -6  -2   9  -6  -3  -5  -2   0  -3    1   0   0   0   0   0   0   0   0   0  11   0   0  86   0   2   0   0   0   0  2.02 0.47
  379 Q    -4  -3  -2  -1  -7   1   8  -5  -3  -6  -6  -2  -5  -6  -4  -3  -4  -6  -5  -5    0   0   1   1   0   4  94   0   0   0   0   0   0   0   0   0   0   0   0   0  1.97 0.52
  380 N    -3  -3   6   6  -5  -2   0   0  -2  -6  -6  -3  -5  -6  -4   0  -3  -6  -5  -5    0   0  38  47   0   0   2   8   0   0   0   0   0   0   0   4   0   0   0   0  1.28 0.36
  381 Y    -4  -2  -3  -4  -5   6  -2  -5   2  -2  -2  -2   0  -2  -4  -3  -2  -2   7  -4    0   0   0   0   0  49   0   0   4   2   3   0   3   0   0   1   1   0  37   0  1.35 0.43
  382 Y    -4  -5  -5  -6  -5  -5  -5  -6  -2   0  -2  -5  -3   7  -6  -5  -4  -1   7  -2    0   0   0   0   0   0   0   0   0   6   2   0   0  49   0   0   0   0  42   1  1.74 0.43
  383 L     0  -3  -2  -3  -3  -1  -3  -3  -1  -1   4  -3   0  -1  -4   3  -2  -4  -3  -2    8   0   2   1   0   2   0   1   1   1  55   0   1   1   0  26   0   0   0   0  0.55 0.26
  384 V    -2  -5   0  -5  -3  -4  -5  -5  -3   1  -2  -3  -2  -3  -5  -4  -2  -5  -4   7    1   0   6   0   0   0   0   0   1   4   0   2   0   0   0   0   1   0   0  87  1.37 0.42
  385 G    -2  -5  -3  -3  -5  -5  -5   7  -5  -7  -7  -4  -6  -6  -5  -3  -4  -5  -6  -6    0   0   0   1   0   0   0  99   0   0   0   0   0   0   0   0   0   0   0   0  2.21 0.49
  386 D    -5  -4  -1   8  -6  -3   0  -4  -1  -6  -7  -3  -6  -6  -4  -3  -4  -7  -6  -6    0   0   1  94   0   0   4   0   2   0   0   0   0   0   0   0   0   0   0   0  2.21 0.52
  387 F    -4  -2  -5  -6  -5  -3  -4  -6   2  -4  -3  -4  -1   5  -6  -4  -3  -1   9  -4    0   2   0   0   0   1   0   0   4   0   0   0   1  21   0   0   1   0  70   0  1.95 0.48
  388 V    -3  -5  -5  -6  -3  -5  -5  -6  -6   6  -1  -5  -1  -3  -5  -4  -3  -5  -4   5    0   0   0   0   0   0   0   0   0  51   0   0   1   0   0   0   0   0   0  49  1.32 0.38
  389 E    -2   5  -2  -1  -5   3   5  -3  -2  -5  -4   1  -3  -5  -3  -1  -1  -5  -4  -4    1  32   0   1   0  11  44   1   0   0   0   5   0   0   0   2   4   0   0   0  0.93 0.31
  390 T     1  -4  -4  -4  -1  -3  -4  -4  -4   5   0  -3  -1  -3  -4  -2   3  -4  -3   2   14   0   0   0   1   0   0   0   0  42   3   0   0   0   0   1  23   0   0  16  0.65 0.26
  391 D     1  -3   2   2  -4  -2   0   5  -3  -5  -5  -2  -4  -5  -3   0  -2  -5  -4  -4   11   1  11  13   0   0   6  51   0   0   0   0   0   0   0   5   1   0   0   0  0.83 0.25
  392 N    -1  -1   2   3  -4   2   2   2  -1  -4  -4   1  -3  -4  -3   0   1  -4  -4  -4    2   0  11  19   0  11  12  19   0   0   0  11   0   0   0   5   8   0   0   0  0.43 0.17
  393 A     2  -3  -3  -4  -1  -3  -3  -3  -3   1  -1  -2  -1   4  -3  -1   1  -3   0   3   23   0   0   0   1   0   0   1   0   8   1   2   0  19   0   3  11   0   2  28  0.36 0.19
  394 T    -2   0  -2  -1  -5   0   6  -2  -1  -3  -2   0  -2  -4  -3   1  -1  -4   0  -3    1   3   0   1   0   1  60   2   1   1   4   5   1   0   0  13   4   0   5   1  0.78 0.30
  395 G    -2  -5  -3  -4  -5  -5  -5   7  -5  -7  -7  -4  -6  -6  -5  -3  -4  -5  -6  -6    0   0   0   0   0   0   0 100   0   0   0   0   0   0   0   0   0   0   0   0  2.25 0.50
  396 L    -2  -2  -2  -3  -3  -3  -2  -4   0   3  -1  -3  -1   2  -4  -2   3   0   2   3    0   2   1   0   0   0   2   0   2  24   1   0   0  11   0   1  26   1   7  21  0.42 0.20
  397 V    -3  -5  -6  -6  -3  -5  -5  -6  -6   1  -2  -5  -2  -3  -5  -4  -3  -6  -4   7    0   0   0   0   0   0   0   0   0   3   0   0   0   0   0   0   0   0   0  97  1.75 0.48
  398 E    -3  -3  -3   0  -6   1   7  -5  -3  -5  -5  -1  -4  -6  -4  -2   0  -6  -5  -4    0   0   0   3   0   3  85   0   0   0   0   1   0   0   0   0   7   0   0   1  1.59 0.45
  399 E     3  -2  -2   0  -4  -1   5   0  -3  -4  -4  -2  -4  -5  -3   1  -2  -5  -4  -3   31   0   0   4   0   1  46   7   0   0   0   0   0   0   0  10   1   0   0   0  0.74 0.29
  400 M    -4  -5  -6  -6  -4  -5  -5  -6  -5   7   0  -5   4  -2  -5  -5  -3  -5  -4   1    0   0   0   0   0   0   0   0   0  76   5   0  12   0   0   0   1   0   0   6  1.42 0.40
  401 D    -1  -3  -1   2  -4   0   4   4  -2  -5  -4  -2  -4  -4  -3  -1   0  -5  -4  -4    4   0   2  10   0   2  31  40   1   0   1   0   0   1   0   1   8   0   0   0  0.72 0.25
  402 L    -3  -4  -6  -6  -3  -4  -5  -6  -5   1   6  -5   1  -1   0  -4  -3  -4  -3   0    0   0   0   0   0   0   0   0   0   5  81   0   1   2   6   0   0   0   0   5  1.12 0.34
  403 R    -4   8  -3  -5  -6  -2  -3  -5  -3  -6  -5   0  -4  -6  -5  -4  -4  -6  -5  -6    0  97   0   0   0   0   0   0   0   0   0   3   0   0   0   0   0   0   0   0  2.28 0.55
  404 V    -2  -4  -2  -4  -1  -3  -4  -4  -4   1  -3  -3  -1  -4  -4   0   6  -5  -4   3    1   0   1   0   1   0   0   0   0   7   0   0   1   0   0   3  66   0   0  21  1.06 0.37
  405 T    -3  -4  -3  -4   0  -4  -4  -4  -5  -4  -4  -4  -4  -5  -4  -1   8  -5  -5  -3    0   0   0   0   2   0   0   0   0   0   0   0   0   0   0   2  96   0   0   0  1.94 0.54
  406 R    -3   6  -2  -3  -5   0  -2  -4   3  -3  -4   5   0  -5  -4  -3  -2  -5  -4  -4    0  45   0   0   0   2   0   0   7   1   0  41   3   0   0   0   1   0   0   0  1.18 0.36
  407 I    -3  -5  -6  -6  -3  -5  -5  -6  -5   7   2  -5   0  -1  -5  -5  -3  -5  -3   2    0   0   0   0   0   0   0   0   0  72  14   0   0   1   0   0   0   0   0  13  1.28 0.36
  408 R    -3   7  -2  -3  -5  -1  -2  -4  -2  -4  -3   4  -3  -4  -4  -3  -3  -4  -4  -4    1  69   0   0   0   1   0   1   0   0   2  23   0   0   0   1   0   0   0   0  1.42 0.37
  409 D    -1  -3   2   5  -4  -1  -1  -2   7  -5  -5  -2  -4  -4  -3   2  -2  -5  -2  -5    3   0  10  34   0   2   2   1  28   0   0   0   0   0   0  19   1   0   0   0  0.93 0.30
  410 T    -4   1  -2  -4  -5  -3  -2  -2  -3  -4  -3  -3  -3   4   5  -3  -3   8   2  -4    0   8   3   0   0   0   3   3   0   0   1   0   0  22  31   1   1  23   5   0  1.18 0.33
  411 G    -1  -2   3   3  -3  -2   0   1  -2  -3  -2  -1  -3   0  -3   1   3  -4   0  -3    3   0  19  16   0   0   6  12   0   0   3   1   0   5   0   7  26   0   3   0  0.37 0.18
  412 G    -2  -5  -2   1  -5  -4  -4   7  -5  -6  -6  -4  -5  -6  -5  -3  -4  -5  -6  -6    0   0   0   8   0   0   0  91   0   0   0   0   0   0   0   0   0   0   0   0  1.94 0.45
  413 R    -3   2  -1   1  -5   5   4  -4  -1  -4  -4   2  -2  -5  -3  -2  -3  -4  -2  -3    0  13   1   6   0  37  26   0   1   1   0  11   0   0   0   0   0   0   1   2  0.82 0.29
  414 L    -3  -3  -1  -2  -3  -2  -4  -5   1   1   5  -4   1  -1  -5  -4  -3  -4  -1   1    0   0   4   2   0   2   0   0   5   3  70   0   2   0   0   0   0   0   1  10  0.78 0.28
  415 H    -4  -3  -1  -4  -4   4  -2  -5  10  -5  -5  -3  -4  -1  -5  -3  -4  -4   4  -4    0   0   2   0   0  17   1   0  65   0   0   0   0   2   0   0   0   0  12   1  1.92 0.48
  416 I    -2  -6  -6  -6  -4  -5  -6  -6  -6   8  -1  -5  -1  -2  -5  -5  -2  -5  -4   1    3   0   0   0   0   0   0   0   0  91   1   0   0   1   0   0   2   0   0   3  1.70 0.45
  417 I    -3  -5  -5  -5  -3  -5  -5  -6  -5   6   3  -5   1   1  -5  -4  -3  -4  -3   2    0   0   0   0   0   0   0   0   0  55  31   0   2   4   0   0   0   0   0   7  1.01 0.30
  418 R    -3   6  -3  -4  -6  -2  -3  -5   2  -5  -5  -1  -4  -6   6  -2  -3  -6  -4  -5    1  47   0   0   0   1   0   0   6   0   0   0   0   0  45   1   0   0   0   0  1.62 0.42
  419 N    -5  -3   9  -2  -6  -3  -3  -3  -2  -6  -7  -3  -5  -6  -5  -2  -3  -7  -5  -6    0   0 100   0   0   0   0   0   0   0   0   0   0   0   0   0   0   0   0   0  2.50 0.59
  420 G    -2   0  -3  -4  -5  -4  -5   7  -5  -6  -6  -4  -5  -6  -5  -2  -4  -5  -6  -6    0   6   0   0   0   0   0  92   0   0   0   0   0   0   0   2   0   0   0   0  1.94 0.45
  421 D    -2  -2   3   4  -4   2   4  -3  -2  -3  -4  -1  -2  -5  -3   2  -1  -5  -4  -4    1   0  13  27   0   9  27   0   0   1   1   0   1   0   0  17   2   0   0   0  0.66 0.24
  422 I    -4  -5  -6  -6  -4  -5  -6  -6  -6   7   0  -5   0  -3  -5  -5  -3  -5  -4   2    0   0   0   0   0   0   0   0   0  84   3   0   1   0   0   0   0   0   0  12  1.58 0.42
  423 K    -1   0   1   0  -3  -1  -1   3  -2  -2  -3   3  -2  -4  -3   0   3  -4  -3  -1    2   4   7   4   0   1   3  27   0   2   1  21   1   0   0   4  21   0   0   4  0.35 0.17
  424 T    -1   0   2   1  -3   2   3  -2  -1  -3  -2   1  -2  -4  -2   2   1  -4  -3  -2    3   3   9   9   0  10  20   1   1   1   2   8   1   0   0  23   6   0   0   2  0.33 0.15
  425 I    -3  -5  -5  -6  -3  -5  -5  -6  -6   5   0  -5  -1  -3  -5  -4  -2  -5  -3   6    0   0   0   0   0   0   0   0   0  34   3   0   0   0   0   0   0   0   0  63  1.27 0.37
  426 V    -1  -3  -3  -4  -3  -3  -3  -4  -4   3  -2  -3  -2  -3  -4  -1   5  -5  -3   3    2   0   0   0   0   0   1   0   0  21   0   1   0   0   0   1  49   0   0  25  0.83 0.32
  427 N    -4  -3   9  -2  -6  -3  -3  -3   0  -6  -6  -3  -5  -6  -5  -1  -3  -7  -5  -6    0   0  95   0   0   0   0   0   2   0   0   0   0   0   0   3   0   0   0   0  2.30 0.56
  428 Y    -4  -1  -3  -5  -5  -4  -4  -5   5  -4  -3  -1  -3   5  -5  -4  -4  -1   8  -4    0   3   1   0   0   0   0   0  13   0   0   4   0  23   0   0   0   0  56   0  1.62 0.42
  429 S    -1  -3   0  -3   1  -3  -3  -3  -3  -5  -5  -3  -4  -5  -4   7  -1  -6  -4  -4    0   0   4   0   3   0   0   0   0   0   0   0   0   0   0  92   1   0   0   0  1.57 0.49
  430 K    -2   4  -2  -3  -4   0  -2  -4  -2   1   0   4  -1  -3  -2  -2  -1  -4  -3  -1    0  30   0   0   0   2   0   0   1  12   9  37   1   0   1   0   2   0   0   3  0.61 0.23
  431 D    -2   0   1   1  -4   3   1   3   5  -5  -4  -1  -3  -4  -3  -1  -2  -4   0  -4    0   4   6  10   0  14  10  30  18   0   0   0   0   0   0   4   0   0   3   0  0.57 0.21
  432 Y    -2  -3   5  -2  -5  -2  -3  -2   2  -4  -4  -2  -3   1  -2  -1  -3   5   7  -4    2   0  29   1   0   0   0   2   4   0   0   2   0   5   2   3   0   7  41   0  1.04 0.34
  433 V    -1  -3  -2  -3  -3  -3  -3  -3  -3   3  -1  -2   4  -3  -3   3   2  -4  -3   2    1   0   0   0   0   0   0   1   0  20   2   0  14   0   0  32  16   0   0  14  0.49 0.24
  434 Y    -2   2   2  -2  -3  -1  -1  -4   1   1   0  -2   1   2  -4  -2  -2  -1   5   1    0  14  11   1   0   1   3   0   3   7  11   0   3   9   0   1   0   0  23  12  0.32 0.17
  435 S     7  -4  -4  -4  -3  -3  -3  -2  -4  -4  -4  -3  -4  -5  -3   0  -2  -5  -4  -2   95   0   0   0   0   0   0   0   0   0   0   0   0   0   0   3   0   0   0   2  1.56 0.46
  436 V    -1   0  -3  -3  -2  -3  -3  -4  -4   2   1  -1   1   0  -4  -3  -1   1  -3   5    2   5   1   1   0   0   1   0   0   6  11   3   3   3   0   0   2   3   0  59  0.59 0.25
  437 V    -3  -5  -6  -6  -3  -5  -5  -6  -6   1  -1  -5  -2  -3  -5  -4  -3  -6  -4   7    0   0   0   0   0   0   0   0   0   2   3   0   0   0   0   0   0   0   0  95  1.68 0.47
  438 Y    -3  -3   0   6  -5  -1   4  -4  -1  -4  -3  -1   0  -5  -3  -1   0  -5  -3  -4    0   0   4  43   0   0  34   0   1   0   2   1   3   0   0   4   6   0   1   0  0.93 0.30
  439 V    -3  -5  -5  -5  -3  -4  -5  -5  -5   4   1  -4   4  -2  -5  -4  -2  -5  -3   6    0   0   0   0   0   0   0   0   0  20   8   0  10   1   0   0   0   0   0  62  1.05 0.33
  440 G     0  -1   1  -1  -2  -2  -2   4  -3  -4  -4   0  -3  -4   0   4   0  -4  -3  -3    4   3   8   1   1   0   0  32   0   1   0   7   0   0   4  35   2   0   0   0  0.57 0.23
  441 V    -3  -5  -5  -5  -3  -5  -5  -6  -5   6   0  -5   0  -3  -5  -4  -2  -5  -3   5    0   0   0   0   0   0   0   0   0  44   3   0   1   0   0   0   0   0   0  51  1.21 0.35
  442 A     5  -3  -2  -1  -3  -3  -2  -1  -4  -4  -4  -3  -3  -5   4   2  -1  -5  -4  -3   56   0   0   4   0   0   2   2   0   0   1   0   0   0  19  15   2   0   0   0  0.83 0.30
  443 Y    -3  -5  -4  -3  -3  -3  -5  -6   1  -4  -3  -5  -4   0  -4  -4  -2  -1   9  -4    1   0   0   1   1   1   0   0   2   0   1   0   0   0   1   0   2   0  88   0  2.32 0.56
  444 D    -3  -2   1   4  -6   2   6  -3   0  -5  -5  -2  -4  -5  -3  -2  -3  -5  -2  -5    0   0   5  21   0   8  60   1   2   0   0   0   0   0   0   1   0   0   1   0  1.15 0.35
  445 S     1  -2  -2  -1   2  -1   4   1  -3  -3  -3  -2  -2  -3  -3   3   0  -4  -3   0   11   0   0   1   5   1  30   9   0   0   2   0   0   0   0  31   3   0   0   7  0.45 0.23
  446 D    -4  -3   5   7  -6  -2  -1  -3  -3  -6  -6  -1  -5  -6  -2  -2  -3  -7  -5  -6    0   0  35  59   0   0   1   0   0   0   0   4   0   0   1   0   0   0   0   0  1.52 0.41
  447 L    -3  -4  -5  -5  -3  -4  -5  -6  -5   5   4  -5   2  -1  -3  -4  -3  -4  -3   1    0   0   0   0   0   0   0   0   0  40  51   0   3   0   1   0   0   0   0   4  0.99 0.30
  448 D    -1  -1   2   5  -5   1   3  -2  -2  -4  -4   0  -4  -5   0   0  -2  -5  -4  -3    5   2  12  37   0   4  23   1   0   0   0   5   0   0   4   4   1   0   0   2  0.67 0.22
  449 H    -1   3   0  -2  -5   3   1  -3   6  -4  -3   3  -3  -3  -3  -2  -2  -4   1  -3    3  17   3   1   0  17   9   0  21   0   2  21   0   0   0   0   1   0   4   1  0.63 0.24
  450 V     4  -4  -4  -4  -3  -4  -4  -3  -4   2  -1  -3  -1  -3  -4  -2   0  -5  -3   5   39   0   0   0   0   0   0   0   0   9   1   0   0   0   0   0   3   0   0  47  0.78 0.30
  451 Y    -3  -3  -3  -3  -1  -2   3  -5  -1   2   1  -3   1   2  -4  -3  -2  -1   6  -2    0   0   1   0   2   1  23   0   1  12  12   0   5   5   0   1   2   0  36   0  0.64 0.26
  452 Q     0   3   0   0  -4   3   2   0  -1  -4  -3   3  -2  -4  -2  -1  -1  -4  -3  -3    7  17   4   4   0  14  16   5   1   0   1  23   0   0   0   3   3   0   0   0  0.43 0.17
  453 V     0  -5  -5  -4  -3  -4  -4  -5  -5   3   0  -4  -1  -3  -4  -4  -2  -5  -3   6    6   0   0   1   0   0   0   0   0  17   4   0   0   0   0   0   1   0   0  69  1.04 0.33
  454 L    -3  -5  -5  -5  -3  -4  -5  -6  -5   6   4  -5   2  -2  -5  -4  -2  -4  -3   1    0   0   0   0   0   0   0   0   0  53  37   0   4   0   0   0   1   0   0   6  1.03 0.31
  455 G    -1   1   1   1  -4   3   5  -1  -1  -4  -3   1  -3  -4  -3   0  -1  -4  -3  -3    4   8   6   4   0  14  42   5   0   0   2   5   0   0   0   4   3   0   0   1  0.55 0.21
  456 D     0   1  -1   2  -5   2   5  -3  -2  -4  -4   2  -3  -5  -3  -1  -1  -5  -4  -4    8   6   2  11   0   9  45   1   0   0   0  15   0   0   0   1   2   0   0   0  0.71 0.25
  457 V     1  -4  -4  -4   0  -3  -3  -4  -1   2   2  -4   0   0  -4  -3   0  -4  -1   4   11   0   0   0   2   0   1   0   2  10  22   0   1   2   0   0   4   0   1  44  0.51 0.21
  458 G    -1  -4  -3  -4   5  -4  -4   5  -4  -2   2  -4  -2  -2  -4   0  -3  -4  -4  -3    4   0   0   0  14   0   0  50   0   1  22   0   0   1   0   8   0   0   0   0  0.81 0.27
  459 H     0   1   0   0  -4   3   3  -2   1  -2  -2   2  -2  -4  -2  -1  -1  -4  -2  -2    6   8   4   3   0  20  27   1   3   3   5  14   0   0   1   3   1   0   0   1  0.40 0.17
  460 Q    -2   2  -1   0  -5   5   3  -1   0  -3  -3   3  -3  -5  -3  -1   0  -4  -3  -3    2   9   1   4   0  28  25   3   1   1   1  17   0   0   0   2   5   0   0   1  0.59 0.23
  461 I    -2  -4  -5  -5  -3  -3  -5  -5  -5   3   5  -4   2   0  -5  -4  -2  -4  -3   2    3   0   0   0   0   0   0   0   0  16  61   0   4   2   0   0   2   0   0  11  0.82 0.26
  462 Q     0   2  -1  -2  -2   2   0  -3   0  -4  -2   4  -1  -3   4  -2  -2  -4  -1  -3    7   8   1   0   1  11   3   1   2   0   3  33   1   1  24   1   1   0   2   0  0.60 0.22
  463 G     1   0   1   2  -3   2   4  -1   0  -3  -2   1   0  -4  -2   0  -1  -4  -3  -2   17   4   5   9   0  11  30   3   1   1   3   6   3   0   0   4   2   0   0   1  0.33 0.15
  464 L    -1   2   2   3  -2   1   2  -3  -1  -3  -1   3  -1  -4  -3  -1  -1  -2  -3  -3    2   9  12  15   1   5  17   0   0   0   8  25   1   0   0   3   1   1   0   0  0.39 0.17
  465 H    -2   1   3   0   2  -1   0  -4   2  -2  -2  -2  -1   1  -4   0  -2  -1   6  -2    1   8  16   4   4   2   8   0   4   2   3   0   2   2   0   5   1   0  36   1  0.51 0.22
  466 P    -1  -1  -1   1  -4   2   4  -3  -2  -4  -3  -1  -3  -5   5   0  -1  -5  -4  -3    5   2   2   7   0   7  33   1   0   0   2   2   0   0  29   7   2   0   0   1  0.74 0.24
  467 D    -2  -1   2   6  -5   0   3  -3  -2  -5  -5   1  -2  -5  -3  -1  -1  -6  -4  -4    1   1   7  54   0   2  19   1   1   0   0   7   1   0   0   3   2   0   0   1  0.99 0.30
  468 V    -2  -5  -5  -5  -3  -4  -5  -5  -5   5   1  -4   3  -2  -5  -4  -2  -5  -3   5    1   0   0   0   0   0   0   0   0  39   9   0   7   0   0   0   0   0   0  44  0.98 0.30
  469 L    -2  -2  -5  -5  -3  -3  -4  -5  -4   3   4  -3   1  -2  -4  -2  -2  -4  -3   3    1   2   0   0   0   0   0   0   0  20  42   0   3   0   0   3   1   0   0  29  0.68 0.23
  470 E    -1  -2   0   1  -5   0   6  -1  -2  -5  -5   2  -2  -5  -3  -1  -2  -5  -4  -3    4   0   3   4   0   0  64   5   0   0   0  11   1   0   0   3   1   0   0   1  0.94 0.32
  471 P     1  -2  -3   0  -4  -3  -1   2  -4  -3  -3  -1  -1  -3   6  -2   0  -5  -4  -2   13   2   0   4   0   0   3  17   0   1   1   2   2   1  44   1   6   0   0   3  0.85 0.25
  472 T    -3  -4  -3  -4  -4  -3  -3  -4  -4  -3  -2  -3  -2  -5   7  -1   5  -6  -5  -3    0   0   0   0   0   0   0   0   0   0   4   0   1   0  49   2  44   0   0   0  1.53 0.42
  473 R    -2   1  -1   0  -3   3   3  -3   1   0  -2   2  -1  -2  -3  -1   1  -2  -2   0    0   9   1   3   0  14  27   0   4   5   3  11   1   1   0   3   9   0   0   9  0.30 0.15
  474 I    -3  -4  -5  -5  -3  -4  -5  -5  -5   3   3  -4  -1  -2  -5  -4  -2  -4  -3   5    0   0   0   0   0   0   0   0   0  19  25   0   0   1   0   0   0   0   0  56  0.96 0.30
  475 D    -1   0  -1   3  -3   0   1  -3  -2  -1   3   0   1  -2  -3  -2  -2  -4  -2  -1    5   4   1  19   0   3  11   1   1   0  42   4   4   0   0   1   2   0   1   1  0.32 0.18
  476 G    -2  -5  -3  -4  -5  -4  -5   7  -5  -6  -6  -4  -5  -6  -5  -2  -3  -5  -6  -6    0   0   0   0   0   0   0  97   0   0   0   0   0   0   0   1   2   0   0   0  2.10 0.47
  477 L    -3  -5  -5  -5  -3  -5  -5  -6  -5   4   2  -5  -1  -2  -5  -4  -2  -5  -3   5    0   0   0   0   0   0   0   0   0  30  19   0   0   0   0   0   0   0   0  51  1.04 0.32
  478 D    -2  -2  -1   1  -5   4   5  -4  -2  -3  -4   0  -3  -5  -3   0   1  -5  -4  -1    1   0   1   4   0  23  48   0   0   1   0   3   0   0   0   6   7   0   0   6  0.84 0.31
  479 N    -1   0   4   2  -4   0   2  -2   1  -3  -4   0  -1  -4  -3   2   2  -5  -3  -3    3   3  26  11   0   2  15   1   3   1   0   6   1   0   0  16  12   0   0   0  0.44 0.19
  480 F    -4  -5  -5  -6  -4  -5  -5  -6  -4   1   4  -5   2   7  -5  -4  -2  -2   0  -1    0   0   0   0   0   0   0   0   0   5  40   0   4  46   0   0   2   0   0   3  1.12 0.33
  481 A     1  -2  -2   2  -4  -2  -1   6  -3  -5  -5  -2  -4  -5  -4   1  -2  -5  -2  -4    9   2   0  13   0   1   4  59   0   0   0   0   0   0   0   8   2   0   1   0  0.93 0.29
  482 E     2  -1  -1   2  -4   0   4  -2  -2  -4  -4   0  -3  -5   2   0  -1  -5  -4  -3   17   3   2  11   0   3  40   1   0   0   0   2   0   0  11   7   4   0   0   0  0.58 0.23
  483 S    -1  -3   1  -1  -3  -1   0  -3   0  -3  -4  -2  -3  -2  -3   5   1  -4   2  -3    3   0   6   3   0   2   4   0   2   1   1   0   0   1   0  62   7   0   9   0  0.76 0.32
  484 E    -2  -1   2   4   2   2   4   0   1  -3  -4  -1  -3  -4  -3  -1  -2   2  -2  -4    1   2  11  22   5   8  29   7   4   1   0   2   0   0   0   3   1   3   1   0  0.53 0.21
  485 L    -2  -4  -5  -5  -1  -4  -5  -5  -5   2   4  -4   3  -1  -5  -4  -2  -4  -3   4    2   0   0   0   1   0   0   0   0   9  38   0  10   1   0   0   0   0   0  40  0.80 0.27
  486 T    -2  -1  -2  -2  -3  -2  -3  -4  -2   2   3  -3   1  -2  -3  -1   1   1  -3   4    1   4   1   2   0   1   0   0   1   7  28   0   2   0   0   3  10   2   0  37  0.40 0.19
  487 I    -3  -4  -5  -5  -3  -4  -5  -5  -5   5   4  -4   3  -1  -5  -4  -3  -4  -2   2    1   0   0   0   0   0   0   0   0  39  36   0   8   2   0   0   0   0   1  13  0.84 0.27
  488 R    -3   7  -3  -4  -5   0   0  -4   2  -4  -1   0  -3  -4  -4  -1   0  -5  -1  -4    0  67   0   0   0   3   5   0   5   0   7   1   0   0   0   5   6   0   2   0  1.12 0.36
  489 T    -1  -4  -4  -4  -2  -4  -4  -5  -5   5  -2  -4  -2  -3  -4  -2   5  -5  -4   3    3   0   0   0   1   0   0   0   0  37   0   0   0   0   0   0  40   0   0  19  0.90 0.33
  490 V    -1  -2  -3  -3  -2  -1   0  -4  -3   3   2  -2   1  -2  -3  -1   1   0  -2   3    3   2   0   0   0   3   7   0   0  16  16   1   4   0   0   3  12   1   0  31  0.30 0.16
  491 T     4  -4  -3  -4   2  -3  -3  -3  -4  -3  -4  -3  -1  -4  -3   0   6  -5  -4  -2   37   0   0   0   5   0   0   0   0   0   0   0   1   0   0   3  53   0   0   1  1.02 0.38
  492 K    -2   2  -2  -2  -5   1   4  -4  -2  -5  -5   5  -3  -5  -1  -2  -3  -5  -2  -4    1  11   0   1   0   5  28   0   0   0   0  50   0   0   3   1   0   0   1   0  0.97 0.33
  493 V    -2  -4  -4  -5  -2  -4  -4  -5  -5   0  -1  -4  -1  -4  -4  -2   4  -5  -4   6    1   0   0   0   0   0   0   0   0   0   3   0   1   0   0   0  35   0   0  60  1.09 0.39
  494 K    -1   1  -1  -1  -3   1   0  -3  -2  -1  -1   5  -2  -4  -3  -2   0  -5  -3   0    4   6   2   2   0   6   3   0   1   3   8  53   0   0   0   1   5   0   0   6  0.56 0.25
  495 P    -3  -5  -5  -5  -6  -4  -4  -5  -5  -6  -6  -4  -6  -7   9  -3  -4  -7  -6  -6    1   0   0   0   0   0   0   0   0   0   0   0   0   0  99   1   0   0   0   0  3.08 0.64
  496 G    -1  -4  -2  -4  -5  -4  -5   6  -4  -3  -2  -4   7  -4  -5  -2  -4  -5  -5  -3    4   0   1   0   0   0   0  56   0   0   0   0  38   0   0   1   0   0   0   0  1.45 0.43
  497 K    -1   3   0  -1   3   2   2  -2  -1  -3  -4   4  -2  -4  -3   0   0  -4  -2  -2    3  15   2   1   7  11  11   1   1   0   0  31   0   0   0   7   6   0   1   2  0.44 0.19
  498 H    -4  -1   0  -1  -6   4  -2  -5  10  -6  -6  -2  -4  -3  -3  -3  -4  -5  -2  -6    0   2   3   3   0  16   0   0  73   0   0   1   0   1   1   0   0   0   0   0  2.18 0.54
  499 L    -3  -3  -4  -1  -4  -3  -1  -2  -2   0   2  -4  -1   3  -4  -3  -2   9   1  -2    0   1   0   4   0   0   5   3   1   6  27   0   0  15   0   1   1  29   4   1  0.93 0.28
  500 P     1   0   0   2  -3   1   1  -1   3  -2  -2   0  -2  -1   1   1  -1  -3   2  -2   12   4   2  12   0   8   9   2  11   2   3   3   1   2   6  13   1   0  10   2  0.19 0.11
  501 V    -2  -5  -5  -5  -3  -4  -5  -6  -5   5  -1  -5   4  -3  -5  -4  -2  -5  -3   5    1   0   0   0   0   0   0   0   0  44   1   0  10   0   0   0   1   0   0  43  1.13 0.35
  502 Q     2   0  -2  -2  -4   4   3   0  -2  -4  -4   2  -3  -5  -2   0  -2  -4  -4  -3   21   3   0   0   0  27  22   7   0   0   0  11   0   0   1   7   0   0   0   1  0.56 0.25
  503 R    -3   8  -2  -4  -6  -1  -1  -2  -3  -5  -2   0  -3  -2  -5  -3  -4  -5  -3  -5    1  82   1   0   0   1   3   2   0   0   4   3   0   2   0   0   0   0   1   0  1.60 0.45
  504 L     0  -2  -2  -1   0   1   2  -3  -2   2   1  -1   2  -2  -3  -1  -1  -4  -2   2   10   0   0   3   2   6  20   0   0  12  14   2   8   0   0   1   2   0   1  18  0.21 0.14
  505 L    -3  -4  -5  -6  -3  -4  -5  -6  -5   3   5  -5   3   0  -5  -4  -3  -4  -1   0    0   0   0   0   0   0   0   0   0  14  73   0   6   2   0   0   0   0   2   4  1.06 0.33
  506 R    -4   8   1  -4  -6  -2  -3  -1   0  -6  -5   0  -4  -6  -5  -3  -4  -6  -4  -5    0  85   5   0   0   0   0   5   2   0   0   2   0   0   0   0   0   0   0   0  1.81 0.49
  507 K    -2   3  -1  -1  -5   1  -1  -4  -3  -2  -2   6  -2  -5  -3  -2  -1  -5  -4  -4    2  16   1   2   0   4   1   0   0   2   4  62   1   0   0   2   4   0   0   0  0.93 0.33
  508 L    -1   2  -2   0  -4   0   3  -3  -2   1   1   0   5  -2  -3  -2  -2  -4  -3  -1    3  14   1   5   0   2  21   1   0   8  17   4  20   1   0   1   1   0   0   1  0.32 0.19
  509 I    -2  -5  -5  -5  -1  -4  -5  -5  -5   5   3  -4   0   2  -5  -4  -3  -3  -1   2    1   0   0   0   1   0   0   0   0  46  28   0   0  10   0   0   0   0   2  12  0.81 0.27
  510 K    -3   0  -3  -3  -5   0  -2  -4  -3  -1  -2   7   0  -1  -4  -3  -2  -5  -4   0    0   1   0   0   0   2   0   0   0   3   3  75   3   3   0   0   2   0   0   8  1.15 0.40
  511 E    -2  -1   1   3  -4   2   4  -3  -1  -2   0  -1   0  -4  -3  -1  -1  -4  -2  -2    1   1   7  20   0   9  38   0   1   1  10   1   3   0   0   1   3   0   1   3  0.53 0.23
  512 A     4   2  -2  -2   2  -1  -1  -1   0  -2  -3  -1  -2  -3  -3   0   2  -2  -2   0   45  12   1   1   6   1   3   3   2   2   1   1   0   0   0   3  13   0   1   5  0.39 0.21
  513 F    -4  -5  -6  -6  -4  -5  -6  -6  -4  -1   4  -5  -1   7  -6  -5  -4  -2   0  -2    0   0   0   0   0   0   0   0   0   2  39   0   1  58   0   0   0   0   1   0  1.48 0.40
  514 D    -2  -2   1   6  -5   1   2  -2  -3  -4  -2  -2  -3  -5  -3  -1  -2  -6  -3  -4    1   2   6  60   0   5  10   2   0   0   6   0   0   0   0   4   2   0   1   1  0.98 0.31
  515 R     1   3  -2   0  -4   3   4  -3   0  -4  -3   2  -2  -5  -3  -1  -2  -4  -3  -3   14  21   0   2   0  16  30   1   1   0   1  12   1   0   0   1   0   0   0   0  0.61 0.24
  516 E     1   1   2  -1  -4   0   5  -3   5  -4  -4   1  -3  -4  -3  -2  -2  -5  -2  -4   15   6   9   1   0   2  41   0  17   0   1   7   0   0   0   0   0   0   0   0  0.71 0.28
  517 Q    -2  -3   2   0  -4  -1   0   6  -1  -6  -6  -1  -5  -5  -4  -2  -3  -5  -5  -5    0   1  10   6   0   2   7  70   1   0   0   3   0   0   0   0   0   0   0   0  1.22 0.34
  518 I    -4  -6  -6  -6  -4  -5  -6  -6  -6   7   1  -5   0  -2  -5  -5  -3  -5  -4   1    0   0   0   0   0   0   0   0   0  86   8   0   1   0   0   0   0   0   0   4  1.65 0.44
  519 E    -3  -2  -3   1  -5   0   7  -4  -3  -4  -2  -1  -4  -5  -2  -1  -2  -5  -3  -2    0   0   0   5   0   2  77   0   0   0   5   2   0   0   2   2   1   0   1   2  1.25 0.39
  520 I    -3  -5  -5  -5  -3  -5  -5  -6  -5   7   2  -5   1  -1  -2  -4  -3  -5  -3   1    1   0   0   0   0   0   0   0   0  76  12   0   2   2   3   0   1   0   0   2  1.26 0.37
  521 P    -2  -2  -3  -4  -5  -4  -4  -3  -5  -5  -5  -4  -5  -6   9  -2  -3  -6  -6  -5    2   2   1   0   0   0   0   1   0   0   1   0   0   0  90   1   0   0   0   0  2.56 0.53
  522 F    -2  -1  -3  -5  -4  -4  -4  -5   1  -1  -2  -4  -1   5  -5  -3  -3  -1   7   1    3   3   1   0   0   0   0   0   2   1   1   0   1  29   0   2   0   0  44  11  1.10 0.32
  523 A     2  -2  -4  -4  -4  -1  -3  -4  -4  -1  -4  -3  -1  -5   7  -2  -3  -5  -5  -1   17   2   0   0   0   3   1   0   0   5   0   0   2   0  65   2   0   0   0   4  1.53 0.36
  524 R    -3   6   0  -1  -5   2  -1  -4   2  -5  -4   3  -3  -5  -4  -2  -2  -5  -3  -5    0  61   4   3   0   7   1   1   5   0   0  16   0   0   0   0   1   0   0   0  1.12 0.32
  525 R    -2   4  -1  -3  -4   1  -2  -2   3  -1   1  -1   4  -3  -2   0  -1  -4  -2  -2    1  31   2   0   0   6   0   2  11   3  14   1  18   0   1   7   3   0   0   1  0.42 0.20
  526 V    -2  -4  -5  -5  -3  -4  -4  -4  -5   2   0  -2  -1  -3  -4  -4  -2  -5  -3   6    2   0   0   0   0   0   1   1   0   7   5   3   0   0   0   0   0   0   0  81  1.15 0.35
  527 L    -2  -3  -2  -3  -3  -1   0  -3  -3   1   2  -1   6   0  -3  -2   0  -3   0   2    1   0   2   1   0   2   6   1   0   7  19   3  30   3   1   1   4   0   3  18  0.39 0.19
  528 I    -2  -2  -4  -5  -3  -3  -4  -5  -1   4   1  -3   0   1  -4  -2  -2   0   6   1    2   2   0   0   0   1   0   0   1  28  12   1   2   2   0   3   1   1  38   7  0.70 0.24
  529 F    -1  -2   3   0  -3   0  -1  -2   1  -2   0  -1   0   1  -3   3   0  -1  -2  -2    1   0  18   5   0   4   3   0   3   1  11   3   3   7   0  35   3   1   0   2  0.27 0.17
  530 K    -1   4   1  -1  -4   1   1  -1  -2  -4  -4   3  -1  -3   0   0  -1  -4  -3  -3    2  33   7   1   0   5  10   4   0   0   0  25   2   1   4   4   1   0   0   1  0.51 0.18
  531 N    -1  -1   3   2  -4   3   2  -1   0  -4  -3   1  -2  -3   1   1   0  -4  -3  -3    2   0  18  10   0  16  14   3   1   0   1  11   1   1   6  12   3   0   0   1  0.37 0.14
  532 E    -2  -1  -1   3  -5   3   5   0  -2  -5  -4   1  -3  -5   1   0  -1  -4  -4  -4    0   2   1  15   0  12  41   9   0   0   0   8   0   0   6   5   1   0   0   0  0.62 0.20
  533 A     1   0   0   1  -3   2   3   0  -1  -3  -3   1  -2  -1  -1   1  -1  -3  -2  -2   19   5   3   6   0   9  28   8   0   1   1   6   0   3   2   8   2   0   0   0  0.28 0.11
  534 P     1  -1   0   0  -1   1   3   1  -2  -3  -2   1  -2  -3   3   0   1  -4  -3  -2   11   1   2   3   1   6  26  10   0   0   2  10   0   0  13   5   9   0   0   1  0.30 0.11
  535 D     0   0   2   2  -4   2   3   0  -1  -3  -3   2  -3  -4  -1   0  -1  -4  -3  -3    6   2  11  11   0   7  30   7   0   1   1  12   0   0   2   5   3   0   0   0  0.36 0.12
  536 L     0  -1   0   0  -2   1   1   0  -2   1   0   0   0  -2   3  -1  -1  -3  -2   0    8   1   3   5   0   7  12   6   0  12   7   8   3   1  14   2   1   0   0   9  0.13 0.05
  537 D     0   0   2   2  -3   2   2   0   1  -2  -3   1  -2  -4   2   0  -1  -4  -3  -2    6   1  11  12   0  15  14   7   3   3   1  11   0   0   9   4   0   0   0   2  0.29 0.09
  538 S     0   1   1   1  -3   1   2  -1  -1  -2  -2   2  -2  -3   2   1   0  -4  -2  -2    9   6   5   9   0   5  14   2   1   2   4  16   0   0  11  12   4   0   0   1  0.24 0.06
  539 L     0   0  -1   0  -2   1   2  -2  -1   0   2   1   1  -2  -1   0  -1  -3  -2   1    7   6   1   3   0   6  17   1   1   5  26   8   3   0   2   5   0   0   0  10  0.09 0.05
  540 R    -1   1   0   0  -4   2   3   0   0  -3  -1   2  -2  -3   2  -1  -2  -3  -1  -2    1   5   3   3   0  10  32   8   2   0   9  12   0   0  10   2   0   0   2   2  0.29 0.09
  541 D     0  -1   2   4  -3   1   2   1   2  -3  -3   1  -1  -3  -1   0  -1  -4  -2  -2    6   0   9  27   0   6  13  11   6   0   0   7   2   0   2   5   2   0   0   3  0.31 0.08
  542 S     1   2   0  -1  -3   1   2   1  -1  -3  -3   3  -2  -4   1   1   0  -3  -3  -2   12  10   4   0   0   6  13   9   0   0   0  24   0   0   6  11   3   0   0   1  0.28 0.07
  543 E    -2   0  -1   2  -5   4   6  -1  -1  -4  -4   1  -3  -4  -2  -1  -2  -4  -3  -4    0   1   0   8   0  20  65   3   0   0   0   4   0   0   0   0   0   0   0   0  0.88 0.17
  544 N    -2   1   5   3  -3   0   0  -1  -1  -4  -4   1  -3  -4  -2   0   0  -4  -3  -3    0   5  52  19   0   0   0   0   0   0   0  13   0   0   0   4   6   0   0   0  0.59 0.08
  545 M    -2  -2  -3  -4  -2  -2  -3  -4  -3   2   4  -2   4   0  -3  -2  -1  -2  -1   1    0   0   0   0   0   0   0   0   0  11  55   0  33   0   0   0   0   0   0   0  0.40 0.02

                      K         Lambda
Standard Ungapped    0.1454     0.3271
Standard Gapped      0.0516     0.2670
PSI Ungapped         0.1687     0.3177
PSI Gapped           0.0516     0.2670
