
Last position-specific scoring matrix computed, weighted observed percentages rounded down, information per position, and relative weight of gapless real matches to pseudocounts
            A   R   N   D   C   Q   E   G   H   I   L   K   M   F   P   S   T   W   Y   V   A   R   N   D   C   Q   E   G   H   I   L   K   M   F   P   S   T   W   Y   V
    1 M    -1  -2  -3  -3  -1  -1  -2  -3  -2   1   3  -2   5   0  -3  -2  -1  -2  -1   1    0   0   0   0   0   0   0   0   0   0  34   0  66   0   0   0   0   0   0   0  0.33 0.00
    2 G    -1  -3  -1  -2  -4  -3  -3   7  -3  -5  -5  -3  -4  -4  -3  -1  -3  -4  -4  -4    0   0   0   0   0   0   0 100   0   0   0   0   0   0   0   0   0   0   0   0  1.58 0.20
    3 I    -1  -1  -2  -2  -2  -2  -2  -4  -2   2  -1   2   0  -2  -3  -2   2  -4  -2   4    0   1   1   2   0   1   1   0   1  11   0  16   1   0   0   0  17   0   0  47  0.37 0.16
    4 K    -2   3   0  -1  -4   5   1  -3  -1  -3  -3   3  -2  -4  -3   0   1  -4  -3  -3    1  19   2   1   0  34   4   0   0   2   0  22   0   0   0   7   8   0   0   0  0.61 0.20
    5 L    -3  -4  -4  -5  -3  -3  -4  -5  -2   2   3  -4   0   3  -4  -3  -3  -1   5   0    0   0   0   0   0   0   0   0   0  10  43   0   1  12   0   0   0   0  28   5  0.72 0.21
    6 Y    -4  -4  -5  -5  -4  -4  -5  -5  -2   1  -1  -4  -2   7  -5  -4  -3   0   6  -1    0   0   0   0   0   0   0   0   0   8   3   0   0  56   0   0   0   0  30   2  1.35 0.31
    7 S    -2   0   2   5  -4   0   0  -2  -1  -4  -4   3  -3  -4  -2   2   0  -5  -3  -4    1   2   8  36   0   1   2   0   1   0   0  29   0   0   0  17   4   0   0   0  0.62 0.20
    8 K    -1   0  -1  -1  -4   3   2  -2  -1  -4  -4   2  -3  -4   5   0  -1  -4  -3  -3    2   3   2   3   0  17  11   2   1   0   0  18   0   0  35   5   1   0   0   0  0.75 0.19
    9 E     1  -1   0   1  -4   2   5  -2  -2  -4  -4   2  -3  -4  -2   0  -1  -1  -3  -3   13   0   4   4   0   7  47   1   0   0   0  13   0   0   1   7   1   1   0   0  0.58 0.19
   10 V    -1  -3  -3  -3  -2  -3  -3  -4  -4   1  -2  -3  -1  -3  -3  -1   5  -4  -3   4    1   0   0   0   0   0   0   0   0   7   0   0   0   0   0   2  53   0   0  38  0.82 0.28
   11 I    -1  -4  -4  -5  -2  -4  -4  -5  -4   5   2  -4   0  -2  -4  -3  -2  -4  -3   4    4   0   0   0   0   0   0   0   0  41  15   0   1   0   0   0   0   0   0  39  0.75 0.21
   12 E    -1  -1   2   6  -5   1   3  -3  -2  -5  -5   0  -4  -5  -3  -1  -2  -5  -4  -4    4   2   7  54   0   5  21   0   0   0   0   4   0   0   0   2   0   0   0   0  0.92 0.23
   13 E    -1  -1  -2  -1  -3   3   3  -3  -2  -1   2   0   2  -2  -3  -1   0  -3  -3  -2    4   1   1   1   0  21  28   0   0   1  27   3   5   1   0   2   6   0   0   0  0.37 0.17
   14 F    -5  -5  -5  -6  -5  -5  -6  -5  -3  -2  -2  -5  -2   9  -6  -5  -4   3   1  -3    0   0   0   0   0   0   0   0   0   0   0   0   0  97   0   0   0   3   0   0  2.21 0.44
   15 T    -2  -3  -2  -3  -3  -3  -3  -4  -4   1  -2  -3  -2  -4  -3  -1   7  -4  -3   1    0   1   0   0   0   0   0   0   0   8   1   0   0   0   0   1  81   0   0   8  1.16 0.34
   16 S     3   0  -1  -1  -2   1  -1  -2  -2  -3  -3   2  -1  -4  -2   3   1  -4  -3  -2   28   2   1   1   0   5   1   0   0   0   0  17   2   0   0  36   6   0   0   1  0.43 0.18
   17 P    -2   1  -1  -2  -4   1   0  -3  -2  -1  -2   3  -2  -4   6  -1  -2  -4  -2  -1    1   8   1   0   0   6   5   0   1   5   2  21   0   0  41   3   0   0   1   5  0.75 0.18
   18 K    -1  -1  -1  -1  -4   6   1  -3   1  -4  -3   1  -2  -4  -2   2  -1  -3  -1  -3    1   0   0   3   0  57   3   1   3   0   1   7   0   0   0  19   2   0   1   0  0.83 0.25
   19 S     1   2   0   1  -2   0   1  -2  -1  -3  -3   0  -2  -3  -1   4   0  -3  -2  -3    7  17   1   6   0   1   8   1   1   1   1   4   0   0   2  46   2   0   0   1  0.42 0.16
   20 A     1  -1   1  -1  -1   0   0   0  -1  -1  -1   0   1  -2   1   1   1  -2  -1  -1   17   2   6   2   1   4   4   6   1   2   6   5   6   1   8  12  11   0   2   3  0.10 0.03
   21 P     0  -1   2   2  -1  -1   0  -1  -1   0  -1  -1  -1  -1   1   0   0  -2  -1   1    5   2  15  15   1   2   4   3   1   7   5   2   1   2   6   5   4   1   1  17  0.10 0.04
   22 S     1  -1   0   0  -1   0   0   0  -1  -2  -2   0  -1  -2   3   3   0  -2  -2  -1    8   3   2   3   1   3   7   6   1   2   3   3   1   1  15  35   2   0   1   2  0.27 0.07
   23 S     0   0   0   0  -1   0   0   0  -1  -1  -1   0  -1  -1   0   2   3  -1  -1  -1    5   5   4   4   1   3   4   6   1   3   5   3   1   2   3  17  26   1   2   4  0.12 0.03
   24 W     0   0   0   0  -1   0   0   0   0  -1   0   0   0   0   1   0   0   3   1   0    7   6   5   6   2   4   5   7   2   4   8   5   2   3   7   6   5   5   5   6  0.04 0.00
   25 N     0   0   1   1  -1   0   0   0   0  -1  -1   0   0  -1   0   0   1   0   0   0    6   7   7  11   2   3   5   6   2   4   7   5   2   3   4   6  10   1   4   5  0.04 0.00
   26 A     0   0   1   1  -1   0   0   0   0   0   0   0   0   0   0   0   0   0   0   0    9   5   7   8   2   5   5   6   2   4  11   5   2   4   4   6   5   1   3   7  0.02 0.05
   27 Y    -1  -1   0  -1  -1  -1   0   0   1  -1  -1  -1  -1   4   0   0  -1   1   2  -1    4   3   4   3   1   2   5   7   3   3   5   3   1  27   4   7   3   2   8   4  0.12 0.03
   28 K    -1   4  -1   0  -2   0  -1   3   0  -2  -2   1  -2  -1  -2  -1   0  -2  -2  -2    2  33   1   4   1   2   2  27   2   1   3   4   1   3   1   3   6   0   1   2  0.33 0.09
   29 Y    -3   4  -2  -2  -4   3  -2  -4   4  -4  -3  -1  -2   2  -4  -2  -3   1   6  -3    0  30   0   2   0  17   0   0  12   0   0   0   0   7   0   0   0   1  31   0  0.83 0.25
   30 G    -1  -4  -2  -3  -4  -4  -4   7  -4  -6  -6  -4  -5  -5  -4  -2  -4  -5  -5  -5    3   0   0   0   0   0   0  97   0   0   0   0   0   0   0   0   0   0   0   0  1.90 0.37
   31 Y    -3  -4  -5  -5  -3  -4  -4  -5  -2   0   5  -4   0   1  -5  -4  -3   2   6  -1    0   0   0   0   0   0   0   0   0   1  63   0   0   3   0   0   0   2  32   0  0.99 0.28
   32 G    -2  -4  -2  -3  -5  -4  -4   7  -4  -6  -6  -4  -5  -5  -4  -2  -4  -5  -5  -5    0   0   0   0   0   0   0 100   0   0   0   0   0   0   0   0   0   0   0   0  2.00 0.38
   33 W    -5  -5  -6  -6  -5  -4  -5  -5  -4  -4  -3  -5  -3   5  -6  -5  -5  11   1  -4    0   0   0   0   0   0   0   0   0   0   0   0   0  31   0   0   0  66   1   0  2.81 0.46
   34 E    -3   4  -1   4  -5   0   4  -3  -2  -5  -4   0  -4  -5  -1  -2  -3  -5  -4  -4    0  34   0  31   0   0  33   0   0   0   0   0   0   0   2   0   0   0   0   0  0.94 0.26
   35 I    -3   6  -2  -3  -4  -1  -2  -4  -2   2   1   1  -1  -2  -2  -2  -1  -4  -3   0    0  54   1   0   0   0   0   0   0  17  14   6   0   1   2   0   2   0   0   4  0.64 0.22
   36 A     3  -2   5   1  -3  -2  -1  -1  -2  -3  -4  -2  -3  -4   0   0   0   2  -3  -3   30   0  46   5   0   0   2   1   0   1   0   0   0   0   4   3   4   4   0   0  0.66 0.23
   37 R    -1   3   0   1  -4   1   1   2  -2  -4  -4   2  -3  -4  -2   0   0  -4  -3  -3    3  26   3  10   0   3   7  22   0   0   0  15   0   0   0   6   4   0   0   0  0.40 0.13
   38 K    -1   2   2   1  -3   0   0  -1   1  -3  -4   2  -3  -4   1   3   0  -4  -2  -2    1  12  12   7   0   0   5   2   3   0   0  18   0   0   6  30   2   0   1   1  0.35 0.14
   39 D    -3  -3  -2   0  -4  -3  -2   1   4  -5  -4  -2  -3  -2  -4   0  -2  10  -1  -4    0   0   1   8   0   0   1  14  14   0   0   2   0   0   0   7   2  50   0   0  1.61 0.33
   40 Y    -3  -3  -3  -5  -4  -2  -4  -5   5  -3  -2  -3   5   1  -5  -2  -3  -1   8  -3    0   0   0   0   0   1   0   0  13   0   0   0  19   2   0   3   0   0  62   0  1.47 0.36
   41 M    -2  -4  -4  -4  -4  -3  -4  -4  -3  -2  -1  -4   6   5   5  -3  -3  -3  -1  -2    2   0   0   0   0   0   0   0   0   0   0   0  34  34  30   0   0   0   0   0  1.20 0.32
   42 G    -1  -3  -2  -3  -4  -3  -3   6  -3  -5  -5  -3  -4  -5  -3   4  -1  -4  -4  -4    0   0   0   0   0   0   0  64   0   0   0   0   0   0   0  35   1   0   0   0  1.19 0.29
   43 D    -1   0   0   1  -4   0   1  -3   0  -3  -2   3  -2  -3   4   0   0  -4  -1  -2    3   3   4  10   0   3   7   0   2   0   4  30   0   0  21   5   4   0   2   2  0.42 0.13
   44 F    -2  -3  -2  -4  -2   0  -2  -4   2  -1   2  -1   1   2  -4  -2  -2   0   6  -1    1   0   1   0   1   4   1   0   6   0  29   3   3   8   0   3   0   1  39   1  0.61 0.20
   45 T     5  -1  -3  -3  -2  -2  -2  -2   4  -2  -3  -1  -3  -3  -3   0  -1  -4   0  -2   74   2   0   0   0   0   0   0  11   1   0   3   0   0   0   3   1   0   3   1  0.82 0.28
   46 S    -1  -3   1   1  -3  -2  -2  -2  -3  -4  -4  -2  -3  -4   0   6   1  -5  -4  -4    0   0   6   6   0   0   0   0   0   0   0   0   0   0   3  81   4   0   0   0  1.06 0.33
   47 S     0   0   1   3  -4   0   2  -1  -2  -3  -3   0  -3  -4   3   1  -1  -4  -2  -3    6   4   8  24   0   1  17   3   0   1   1   4   0   0  18  12   1   0   1   0  0.46 0.13
   48 R    -1   2   2   0  -3   4   2  -1   0  -3  -2   1  -1  -3  -2   1   0  -3   1  -3    2  10  10   4   0  24  12   3   1   1   2  10   1   0   0  11   3   0   6   0  0.31 0.12
   49 T     4  -3  -1  -3   0  -2  -2  -2  -3  -2  -2  -2  -2   0  -3   0   4  -4  -3   0   50   0   1   0   2   0   0   0   0   0   0   0   0   5   0   3  32   0   0   6  0.60 0.23
   50 Y    -4  -4  -4  -5  -4  -4  -4  -5  -1  -2  -2  -4  -2   6  -5  -4  -4   0   8   0    0   0   0   0   0   0   0   0   0   1   0   0   0  35   0   0   0   0  58   6  1.61 0.35
   51 G    -2  -4  -2  -3  -5  -4  -4   7  -4  -6  -6  -4  -5  -5  -4  -2  -4  -5  -5  -5    0   0   0   0   0   0   0 100   0   0   0   0   0   0   0   0   0   0   0   0  2.00 0.38
   52 H    -4  -3  -2  -4  -6  -2  -3  -5  11  -6  -5  -3  -4  -4  -5  -3  -4  -5  -1  -6    0   0   0   0   0   0   0   0 100   0   0   0   0   0   0   0   0   0   0   0  2.92 0.53
   53 S    -1  -3  -1  -3  -3  -1  -3  -3  -4  -3  -3  -3  -3  -4  -3   1   7  -5  -4  -2    1   0   1   0   0   1   0   0   0   0   0   0   0   0   0   6  90   0   0   0  1.43 0.38
   54 G    -2  -4  -2  -3  -5  -4  -4   7  -4  -6  -6  -4  -5  -5  -4  -2  -4  -5  -5  -5    0   0   0   0   0   0   0 100   0   0   0   0   0   0   0   0   0   0   0   0  2.00 0.38
   55 F    -4  -4  -5  -6  -4  -4  -5  -5  -3  -3  -2  -5  -3   6  -5  -2  -4   9   5  -3    0   0   0   0   0   0   0   0   0   0   0   0   0  43   0   3   0  35  19   0  1.89 0.36
   56 T    -2  -3  -2  -3  -3  -3  -3  -4  -4  -3  -3  -3  -3  -4  -3   0   7  -5  -4  -1    0   0   0   0   0   0   0   0   0   0   0   0   0   0   0   1  97   0   0   2  1.64 0.42
   57 G    -2  -4  -2  -3  -5  -4  -4   7  -4  -6  -6  -4  -5  -5  -4  -2  -4  -5  -5  -5    0   0   0   0   0   0   0 100   0   0   0   0   0   0   0   0   0   0   0   0  2.00 0.38
   58 T    -2  -3  -2  -3  -3  -3  -3  -4  -4  -3  -3  -3  -3  -4  -3  -1   7  -5  -4  -2    0   0   0   0   0   0   0   0   0   0   0   0   0   0   0   0 100   0   0   0  1.74 0.44
   59 Q     0  -2  -3  -3   7   4  -2  -4  -1  -1  -1  -2   0  -3  -4  -2  -2  -4  -3   3    6   0   0   0  29  30   0   0   1   1   5   0   3   0   0   0   0   0   0  25  0.76 0.25
   60 V    -2  -3  -3  -4  -2  -3  -3  -4  -4   2  -1  -3   0   0  -3  -2   4  -4  -2   4    0   0   0   0   0   0   0   0   0  11   1   0   1   4   0   0  35   0   0  47  0.68 0.24
   61 I    -3  -4  -5  -5  -3  -4  -5  -5  -5   4   0  -4   0  -1  -5  -4  -3   9  -1   3    0   0   0   0   0   0   0   0   0  37   4   0   1   0   0   0   0  32   0  26  1.28 0.29
   62 F    -2  -4  -4  -5  -3  -4  -4  -5  -4   5   0  -4   0   4  -4  -3  -2  -2   1   3    2   0   0   0   0   0   0   0   0  45   1   0   1  21   0   0   0   0   4  27  0.74 0.22
   63 D    -4  -4  -1   8  -6  -2   0  -4  -3  -5  -6  -3  -5  -6  -4  -2  -3  -7  -5  -5    0   0   0 100   0   0   0   0   0   0   0   0   0   0   0   0   0   0   0   0  2.14 0.43
   64 P    -3  -1  -4  -4  -5  -2  -3  -4  -4  -5  -3   0   0  -5   8  -3  -3  -6  -5  -4    0   3   0   0   0   1   0   0   0   0   2   7   3   0  85   0   0   0   0   0  2.22 0.39
   65 E     1   0   0   0  -3   1   3  -1  -2  -2  -3   4  -2  -4  -2  -1   0  -4  -3  -1   15   1   2   4   0   2  30   2   0   1   0  32   0   0   0   1   5   0   0   5  0.42 0.17
   66 Y    -3  -2   3  -2  -4  -1   0  -4   4  -3  -2  -1  -2   1  -4  -1  -3  -1   7  -2    0   0  16   0   0   2   6   0  12   1   2   3   0   2   0   3   0   0  50   2  0.89 0.26
   67 N    -3  -1   6   4  -5   1   0  -2   1  -5  -5   0  -4  -5  -3  -1  -2  -5  -4  -5    0   1  54  29   0   7   2   1   3   0   0   4   0   0   0   0   0   0   0   0  1.07 0.28
   68 L    -3  -4  -5  -5  -3  -4  -5  -5  -5   1   6  -4   1  -1  -5  -4  -3  -3  -3   0    0   0   0   0   0   0   0   0   0   6  92   0   1   0   0   0   0   0   0   1  1.19 0.30
   69 Q     1  -2  -2  -3  -3   4  -1   2  -2   0  -2  -2  -1  -2  -3  -1  -1  -4  -3   3   11   0   0   0   0  30   0  21   0   4   1   0   1   1   0   2   2   0   0  27  0.37 0.18
   70 I    -3  -4  -5  -5  -3  -4  -4  -5  -2   5  -1  -4  -1   0  -5  -4  -2  -2   6   2    0   0   0   0   0   0   0   0   0  55   0   0   0   0   0   0   0   0  32  13  1.03 0.29
   71 I    -1  -4  -5  -5  -3  -4  -4  -5  -5   6   0  -4  -1  -2  -4  -4  -2  -4  -2   4    3   0   0   0   0   0   0   0   0  61   0   0   0   0   0   0   0   0   1  35  1.01 0.27
   72 V    -2  -4  -4  -5  -3  -4  -4  -5  -3   2   3  -4   1   5  -4  -2  -2  -2   0   2    0   0   0   0   0   0   0   0   0  10  40   0   1  30   0   2   0   0   0  16  0.64 0.19
   73 L    -3  -4  -5  -6  -3  -4  -5  -6  -5   0   6  -4   0  -1  -5  -4  -3  -3  -3  -1    0   0   0   0   0   0   0   0   0   0  99   0   0   1   0   0   0   0   0   0  1.34 0.33
   74 T    -1  -3  -2  -3  -3  -2  -2  -3  -3  -3  -3  -2  -3  -4  -3   4   6  -4  -4  -2    1   0   0   0   0   0   0   0   0   0   0   0   0   0   0  32  67   0   0   0  1.14 0.34
   75 N    -4  -3   8  -1  -5  -2  -2  -3  -2  -6  -6  -2  -5  -5  -4  -2  -2  -6  -4  -5    0   0 100   0   0   0   0   0   0   0   0   0   0   0   0   0   0   0   0   0  2.15 0.46
   76 R     1   5  -2  -3  -4   0  -1  -3  -2  -4  -4   5  -3  -5  -3  -2  -2  -5  -3  -4   12  35   0   0   0   0   0   0   0   0   0  54   0   0   0   0   0   0   0   0  1.02 0.28
   77 Q    -2   2  -2  -3  -4   5  -1  -4  -2   0  -2   3  -2  -3  -3  -2  -1  -4  -3   3    0  12   0   0   0  32   0   0   0   3   1  23   0   0   0   0   2   0   0  29  0.55 0.22
   78 N    -4  -2   6  -2  -5  -2  -2  -3   8  -5  -5  -2  -4  -1  -4  -2  -3  -4   2  -5    0   0  43   0   0   0   0   0  48   0   0   0   0   2   0   0   0   0   7   0  1.52 0.36
   79 N    -1  -3   4  -1  -3  -2  -2  -2  -2  -3  -3  -2  -1  -2   5   3   0  -4   0  -2    0   0  23   1   0   0   0   0   0   0   1   0   2   2  30  31   5   0   4   2  0.74 0.22
   80 G    -1  -2   0  -1  -4   0  -1   4  -2  -4  -4   1  -3  -4   5  -1  -1  -4  -4  -3    2   1   5   2   0   4   4  35   0   0   1   9   0   0  31   3   2   0   0   1  0.72 0.17
   81 L    -1  -3  -3  -3  -2  -1  -3  -4  -4   2   1  -3   0  -2   2  -2   0  -4  -2   5    2   1   1   1   0   3   0   0   0   7  15   0   0   0  10   0   5   0   0  55  0.48 0.18
   82 N     0  -1   1   1  -2   0   0  -2  -1   0   0   0   0  -2   0   1   2  -3  -2   1    4   1   9   7   0   3   4   0   1   7  14   5   1   0   3  14  18   0   0  10  0.10 0.06
   83 E    -1  -1   3   3  -3   0   2   0  -1  -3  -3   1  -2   1   1   1  -1  -3  -2  -3    2   0  15  17   0   1  19   5   0   0   0   8   0   9   7  13   1   0   0   0  0.31 0.11
   84 K    -1   0   2   2  -3   0   2  -2  -1  -3  -3   3  -2  -3   2   2   0  -4  -3  -3    1   3   9  12   0   2  12   0   0   0   0  29   0   1   9  17   3   0   0   0  0.39 0.13
   85 G    -1  -2   0  -2  -2  -2  -2   6  -2  -3  -3  -2  -2  -3  -2  -1   0  -2  -3  -3    2   1   4   1   0   1   2  68   1   1   3   1   1   1   1   3   6   0   1   2  0.85 0.16
   86 E    -1   0   2   3  -2   0   0  -1  -1  -2  -2   2  -1  -2  -1   2   0  -2  -1  -2    4   3  10  25   0   1   3   3   1   1   2  17   3   1   1  17   3   0   2   2  0.25 0.08
   87 Y    -1   0  -1  -1  -2   1   0  -2   0  -1   1   1  -1   0  -2  -1  -1   0   5  -1    3   3   2   2   0   9   7   2   0   1  16  10   1   1   1   3   1   0  33   2  0.29 0.11
   88 F    -2  -1  -3  -4  -3  -3  -3  -4  -3  -1   2   0  -1   5   2  -2  -2  -2   2  -2    2   4   1   0   0   0   0   0   0   0  30   6   0  37  13   2   1   0   4   0  0.54 0.19
   89 S     0  -2   1  -1  -3  -1   2   1  -2  -2  -1   0  -2  -3   1   4   0  -4  -3  -2    5   0   6   0   0   1  14   9   0   1   7   3   0   0   5  45   3   0   0   1  0.35 0.16
   90 T    -1  -2  -1  -1  -3  -1  -2  -3  -3  -3  -3   0  -3  -4  -1   2   6  -4  -3  -2    1   0   1   3   0   3   1   0   0   0   0   5   0   0   1  16  69   0   0   0  0.92 0.29
   91 F    -1  -2  -3  -3  -3  -3  -4   5  -3  -1   2  -3   0   2  -4  -2  -2   4   0  -2    3   2   0   0   0   0   0  48   0   1  25   0   2   9   0   0   1   6   3   0  0.59 0.19
   92 N     0   1   4   0  -3   1   0  -1  -1  -3  -3   2  -2  -4   1   1   0  -4  -2  -2    5   8  28   2   0   7   1   3   0   0   0  19   0   0   8  10   4   0   2   2  0.36 0.13
   93 L    -3  -4  -4  -5  -3  -3  -4  -5  -2   4   2  -4   0   2  -4  -3  -2  -1   6   0    0   0   0   0   0   0   0   0   0  29  25   0   2   4   0   0   1   0  38   2  0.79 0.23
   94 S     0   4  -1  -2  -3  -1  -2   4  -1  -4  -4  -1  -3  -4  -3   2   0  -4  -3  -3    6  32   0   0   0   0   0  34   1   0   0   0   0   0   0  21   4   0   0   0  0.62 0.20
   95 R     0   3  -1  -2  -3   0  -1  -1  -2  -4  -4   1  -3  -4   4   3  -1  -4  -3  -3    4  21   1   0   0   2   0   3   0   0   0   9   0   0  25  33   1   0   0   0  0.65 0.20
   96 E    -1   4   0   1  -3   1   2  -2  -1  -1  -2   1  -1  -3  -2  -1   0  -3  -2   1    5  30   4  10   0   4  13   1   0   3   1   4   0   1   1   2   4   0   1  15  0.25 0.10
   97 I    -3  -5  -5  -5  -3  -4  -5  -5  -5   6   0  -4   0  -2  -4  -4  -2  -4  -3   3    0   0   0   0   0   0   0   0   0  76   2   0   0   0   0   0   0   0   0  22  1.20 0.30
   98 S     2  -1  -2  -2   0   4  -1  -2   1  -1  -1  -1   3  -2  -1   1   0  -3  -2   1   18   0   0   0   2  26   1   0   3   0   1   0  15   1   2  14   4   0   0  13  0.29 0.16
   99 N    -2  -1   3   5  -3  -1   0  -2  -2  -3  -3  -1  -3  -4  -2   0   3  -4  -3  -3    1   2  19  38   0   1   3   1   0   0   1   2   0   0   0   5  24   0   0   1  0.63 0.18
  100 V     3  -3  -3  -3  -2  -2  -3  -2  -3   2   1  -2   0  -2  -3  -1   1  -3  -2   2   36   0   0   0   0   0   0   0   0  14  17   1   0   0   0   0  12   0   0  19  0.33 0.15
  101 V    -1  -4  -5  -5  -3  -4  -4  -5  -5   5   0  -4  -1  -1  -4  -3  -2  -4  -3   5    2   0   0   0   0   0   0   0   0  35   0   0   0   1   0   0   0   0   0  62  1.01 0.28
  102 Y    -4  -4  -4  -5  -5  -4  -4  -2  -1  -4  -3  -4  -3   1  -5  -4  -4   0   9  -4    0   0   0   0   0   0   0   4   0   0   0   0   0   0   0   0   0   0  96   0  2.37 0.48
  103 E    -2  -1  -1   1  -5   3   6  -4  -2  -5  -5   1  -3  -5  -3  -1  -2  -5  -4  -4    1   1   2   6   0  12  72   0   0   0   0   5   0   0   0   1   1   0   0   0  1.13 0.29
  104 S     5  -3  -2  -3  -2  -2  -2  -2  -3  -3  -3  -2  -3  -4  -2   3   0  -4  -3  -1   64   0   0   0   0   0   0   0   0   0   0   0   0   0   0  30   4   0   0   2  0.85 0.27
  105 L    -3  -4  -5  -5  -3  -4  -4  -5  -4   5   3  -4   4   1  -4  -4  -2  -3  -2   1    0   0   0   0   0   0   0   0   0  52  23   0  15   7   0   0   0   0   0   3  0.78 0.22
  106 K     0   0   1   0  -4   2   3  -2  -1  -2  -2   3  -2  -3  -2  -1  -1  -3  -1  -2    6   2   9   1   0  12  30   1   0   2   4  25   0   0   0   1   2   0   2   2  0.36 0.12
  107 R    -2   2   0   0  -4   1   1  -3   1  -3  -3   6  -2  -4  -2  -1  -2  -4  -3  -3    0   5   3   3   0   4   4   0   3   2   0  74   0   0   0   2   0   0   0   0  0.78 0.18
  108 L     0   0  -1  -1  -3   0  -2   5  -2  -3  -2  -1  -2  -3  -3   0   0  -3  -3  -1    2   9   0   3   0   4   0  60   0   0   4   0   0   0   0   4   8   0   0   6  0.56 0.09
  109 T    -1   1   2   1  -2   0   1  -2  -1  -2  -2   0  -1  -3  -2   1   4  -3  -2  -1    0   8  11   7   0   0  15   0   0   0   0   0   0   0   0   0  60   0   0   0  0.36 0.04
  110 V     1  -2  -2  -3  -1  -2  -2  -2  -3   2   0  -2   0  -2   2  -1   1  -3  -2   3   19   0   0   0   0   0   0   0   0  11   0   0   0   0  12   0  12   0   0  46  0.23 0.02
  111 I    -1  -3  -2  -3  -1  -2  -3  -3  -3   4   1  -2   1  -1  -3  -1   1  -3  -2   3    0   0   0   0   0   0   0   0   0  63   0   0   0   0   0   0  19   0   0  18  0.30 0.02
  112 C    -1  -2   0   5   6  -1   1  -2  -2  -3  -3  -1  -3  -3  -2  -1  -1  -4  -3  -2    0   0   0  67  33   0   0   0   0   0   0   0   0   0   0   0   0   0   0   0  0.69 0.01
  113 Q     2   0  -1  -1  -2   5   1  -1   0  -2  -2   1  -1  -3  -1   0  -1  -2  -2  -2   33   0   0   0   0  67   0   0   0   0   0   0   0   0   0   0   0   0   0   0  0.42 0.01
  114 Y    -2  -1   3  -1  -3  -1  -1  -2   1  -2  -2  -1  -1   2  -3  -1  -1   1   6  -2    0   0  33   0   0   0   0   0   0   0   0   0   0   0   0   0   0   0  67   0  0.55 0.01
  115 L    -2  -2  -4  -4  -1  -2  -3  -4  -3   2   4  -3   2   0  -3  -3  -1  -2  -1   1    0   0   0   0   0   0   0   0   0   0 100   0   0   0   0   0   0   0   0   0  0.47 0.01
  116 K    -1   2   0  -1  -3   1   1  -2  -1  -3  -3   5  -2  -3  -1   0  -1  -3  -2  -2    0   0   0   0   0   0   0   0   0   0   0 100   0   0   0   0   0   0   0   0  0.54 0.01
  117 I    -1  -3  -3  -3  -1  -3  -3  -4  -3   4   1  -3   1   0  -3  -2  -1  -3  -1   2    0   0   0   0   0   0   0   0   0   0   0   0   0   0   0   0   0   0   0   0  0.00     0.00
  118 G     0  -2   0  -1  -2  -2  -2   5  -2  -4  -4  -2  -3  -3  -2   0  -2  -2  -3  -3    0   0   0   0   0   0   0   0   0   0   0   0   0   0   0   0   0   0   0   0  0.00     0.00
  119 K    -1   2   0  -1  -3   1   1  -2  -1  -3  -2   4  -1  -3  -1   0  -1  -3  -2  -2    0   0   0   0   0   0   0   0   0   0   0   0   0   0   0   0   0   0   0   0  0.00     0.00

                      K         Lambda
Standard Ungapped    0.1343     0.3162
Standard Gapped      0.0528     0.2670
PSI Ungapped         0.1725     0.3177
PSI Gapped           0.0528     0.2670
