
Last position-specific scoring matrix computed, weighted observed percentages rounded down, information per position, and relative weight of gapless real matches to pseudocounts
           A  R  N  D  C  Q  E  G  H  I  L  K  M  F  P  S  T  W  Y  V   A   R   N   D   C   Q   E   G   H   I   L   K   M   F   P   S   T   W   Y   V
    1 M   -4 -5 -6 -7 -5  1 -5 -7 -6  1  3 -5  5 -4 -6 -5 -4 -6 -5  5    0   0   0   0   0   8   0   0   0   6  27   0  13   0   0   0   0   0   0  47  1.22 0.56
    2 N    0 -1  1  3 -5 -1  2  0 -4 -6 -6  4 -4 -6 -3  2 -1 -6 -5 -5    9   2   6  15   0   2  13   6   0   0   0  24   0   0   1  17   3   0   0   0  0.57 0.37
    3 V    4 -3 -4 -6  2 -4 -4 -1 -6  2 -1 -4 -2 -4 -4 -1 -3 -3 -5  4   34   1   0   0   4   0   1   5   0   9   5   1   0   0   0   4   1   0   0  32  0.76 0.45
    4 C   -1 -10 -9 -10 12 -9 -10 -9 -10 -8 -8 -9 -8 -9 -9 -7 -7 -9 -9 -7    5   0   0   0  95   0   0   0   0   0   0   0   0   0   0   0   0   0   0   0  4.56 1.49
    5 P   -5 -5 -5 -5 -9 -3 -5 -6 -8 -6 -7 -5 -3 -2  9 -3 -6 -9 -8 -6    1   1   1   1   0   2   1   0   0   1   0   1   1   2  87   2   0   0   0   1  2.88 1.20
    6 A    1 -1 -1 -4 -3 -1 -1 -4 -2 -1  0 -2 -1  2 -2  0  2  0 -1  3   11   3   2   0   0   2   5   1   1   2   9   2   1  11   2   7  15   2   1  22  0.25 0.25
    7 N   -2 -1  1  3 -3  0  0  5 -3 -5 -5 -1 -6 -6 -3  1 -1 -6 -6 -5    2   4   6  14   0   4   7  40   0   0   1   4   0   0   1  12   3   0   0   0  0.76 0.44
    8 A    7 -7 -7 -7  4 -6 -5 -2 -7 -5 -7 -4 -6 -5 -6 -3 -4 -8 -7 -2   82   0   0   0   7   0   1   3   0   1   0   1   0   1   0   2   0   0   0   2  2.04 0.94
    9 I   -2 -5 -4 -5 -3 -4 -5 -7 -3  6  2 -2  2 -1 -5 -4  0  0 -3 -1    4   0   1   0   1   1   0   0   1  50  19   3   5   3   0   1   5   1   1   3  1.11 0.55
   10 T   -2  2 -1 -2 -3 -1  0 -2  2 -1 -3  1 -1  2 -2  0  2  4  3  0    3  11   2   2   0   3   5   2   5   3   1   8   1   7   1   8  13   6  11   8  0.25 0.23
   11 K   -2  2 -2 -2 -4  2  0 -3  1  0 -2  5  1 -2 -3 -1 -2 -2 -2  0    2  10   1   2   0   9   4   1   4   7   4  35   4   1   1   3   1   1   2   8  0.51 0.35
   12 N   -3  3  3  2 -5  1  1 -1  1 -2 -2  0 -1 -3 -3  0  1 -4  1 -1    1  16  13  12   0   7   9   4   3   2   3   3   1   1   1   5  10   0   5   4  0.29 0.25
   13 E    1 -1 -2  1 -5 -1  4 -2  1 -4 -4  2 -4 -2  3 -1 -1 -5 -3 -3   12   3   2   9   0   1  25   3   4   1   1  12   0   2  15   5   3   0   1   2  0.48 0.33
   14 M   -3 -1  4  4 -5  0  2 -3  0 -3 -4  0 -1  2 -4 -2  2 -2 -2 -3    1   3  19  25   0   3  12   1   2   2   1   5   2   8   1   2  11   1   1   2  0.56 0.36
   15 G   -2 -4 -3 -3 -6 -5 -4  7 -4 -4 -4 -1 -4 -4 -2 -3 -5 -3 -4 -5    2   1   1   1   0   0   1  78   0   1   2   3   1   1   3   1   1   0   1   1  1.82 0.76
   16 I    1 -1 -3 -3 -1 -2 -1 -3 -4  5  0  0  0 -1 -2 -2  1 -5 -2  2   11   3   1   1   1   1   4   1   0  32   9   8   2   2   2   2   7   0   1  11  0.36 0.26
   17 V    1 -5 -3 -6 -3 -4 -5 -6 -4  2 -1 -4 -1 -3  0 -2 -1 -3 -2  6   13   0   2   0   1   1   0   0   0  12   5   1   1   1   5   3   3   0   1  52  0.95 0.49
   18 R   -1  1 -1  1 -3 -1  0 -3  0  2  1  0  1 -2 -3 -1  0 -4  0  2    3   8   2   9   0   3   6   2   2  11  14   5   3   1   1   3   5   0   3  20  0.14 0.14
   19 I   -5 -7 -5 -7 -5 -4 -7 -7 -3  6 -1 -6 -1  2 -5 -5 -4  2  3  4    1   0   1   0   0   1   0   0   1  41   4   0   1   9   1   1   1   3  10  28  1.30 0.57
   20 I   -5 -2  3  7 -7  1 -2 -6  1 -1 -5 -3 -7 -5 -5 -3 -3 -8 -4 -4    1   2  12  62   0   5   2   0   3   3   1   1   0   1   1   2   1   0   1   2  1.63 0.72
   21 E   -1 -2 -2  0 -6  3  3 -3 -1 -4 -3  1 -2 -3  4 -1 -1 -2  1 -3    6   2   1   4   0  12  20   2   1   1   2   9   1   1  20   5   3   1   5   1  0.52 0.34
   22 D   -2 -3  2  6 -4 -1  4 -2 -2 -7 -6  0 -6 -4 -4  0 -2 -3 -4 -5    4   1   7  38   0   2  25   2   1   0   1   5   0   1   0   8   2   0   1   1  1.00 0.51
   23 N   -1  2 -1 -2 -3 -1 -2 -4 -1  1  0  5 -2 -3 -5 -2 -2  0 -3 -1    5  11   3   3   1   2   2   1   2   8  10  41   1   1   0   3   2   1   1   5  0.63 0.37
   24 C    0 -10 -9 -10 12 -9 -10 -9 -10 -8 -8 -9 -8 -9 -9 -7 -7 -9 -9 -7    7   0   0   0  93   0   0   0   0   0   0   0   0   0   0   0   0   0   0   0  4.44 1.34
   25 I   -3  2  1 -4 -2 -2 -3 -5 -3  5 -1 -1  0 -1 -4 -2  1 -2 -3  2    1  12   6   1   1   2   1   1   0  35   3   4   2   3   0   2   9   1   0  15  0.59 0.34
   26 G    0  0 -2 -2 -7 -3 -4  6  0 -7 -4 -2 -6 -4 -6 -1 -3 -2 -2 -6    7   5   2   3   0   1   1  65   2   0   2   3   0   1   0   5   2   1   2   0  1.35 0.58
   27 C   -5  1 -8 -4 11 -8 -9 -3 -3 -7 -7 -8 -7 -3 -9 -4 -4  2  0 -7    1   7   0   1  78   0   0   3   1   0   0   0   0   1   0   1   1   2   3   0  3.40 1.10
   28 G   -1  3 -1 -3 -7 -1 -2  6 -2 -5 -5  2 -3 -4 -6 -2 -3 -6 -2 -5    4  16   3   1   0   3   2  50   1   0   1  12   1   1   0   3   1   0   1   1  1.04 0.49
   29 F    1  0 -1  1 -1 -1 -1 -3  0  0  0  2  0  0 -2 -1  1  1  3 -1   13   3   3   9   1   3   4   0   2   6   8  13   2   3   1   3   8   2  13   4  0.13 0.14
   30 C   -7 -10 -9 -10 12 -9 -10 -9 -9  0 -7 -9 -8 -9 -9 -7 -7 -9 -9 -7    0   0   0   0  94   0   0   0   0   6   0   0   0   0   0   0   0   0   0   0  4.51 1.37
   31 T    1  1 -3 -3 -2  1  0 -5 -2  2 -1 -1  3 -2 -4 -1  0 -5 -2  4   11   9   1   1   1   5   8   0   1   9   3   3   7   2   0   4   5   0   1  29  0.34 0.26
   32 W    1  1  0  1 -4  0  1 -2 -1 -1 -3  3 -1 -3  1  0  0  0 -1 -1   11   7   3   7   0   4  10   2   1   3   2  20   2   1   8   7   4   1   2   5  0.21 0.18
   33 A    4 -2 -2 -3 -4 -3 -2  0 -2  0 -2 -2 -1 -2 -5  0  0  0 -3  3   43   3   1   1   0   1   2   7   1   4   2   2   2   2   0   6   5   1   1  18  0.56 0.36
   34 C   -6 -7 -7 -7 12 -7 -7 -7 -7 -6 -6 -7 -6 -7 -7 -6 -6 -7 -7 -6    0   0   0   0  94   0   0   0   0   0   1   0   0   0   0   0   0   0   0   0  4.37 1.26
   35 P   -2 -2 -2 -3 -7 -2 -1 -2  0 -3 -4 -2 -6 -7  8 -2 -2  1 -6 -3    4   2   2   2   0   2   4   3   2   2   2   2   0   0  64   3   3   2   0   2  1.70 0.88
   36 Y   -2  0 -2 -3  0 -1  0 -3  0 -1 -2  0  2  4 -3 -2  0  3  5  0    3   5   2   1   2   3   6   1   2   3   2   7   4  16   1   3   5   4  21   7  0.45 0.34
   37 E   -1 -2  2  4 -5  0  0  3  2 -3 -3  1  0 -2 -4 -2 -2  0 -2 -3    5   2  11  21   0   5   6  19   4   1   2  10   2   2   0   3   2   1   1   1  0.42 0.33
   38 A    5 -2 -2 -2  0 -4 -3 -2 -1  2 -1  0  0 -5 -5 -2 -2 -6 -5  2   45   2   2   3   2   0   2   3   2  11   5   6   2   0   0   2   2   0   0  12  0.65 0.48
   39 L   -3 -1 -3 -3 -1 -5 -3 -7 -2  6  1 -3  1 -1  4 -3 -2 -6 -2  1    1   4   1   2   1   0   2   0   1  38  10   1   4   2  17   2   2   0   2   9  0.82 0.51
   40 K   -1  2 -2  1 -2  1  2 -2  2 -1 -2  1  0 -1 -2  0  1  0  2 -1    5  11   1   7   1   5  14   2   4   4   3   9   2   3   1   6   9   1   8   3  0.18 0.20
   41 I   -3 -1 -4 -3  0 -2 -2 -2 -1  2  2 -3  4  3 -3 -3 -3  1  2  2    1   4   1   2   2   1   2   3   2  12  17   1  12  14   2   1   1   2   6  15  0.46 0.32
   42 T   -1  1  4  2 -1  0  2 -2 -2 -1 -2  0 -1 -3 -2  0  0  0 -5 -1    5   7  19   9   2   4  11   4   1   3   5   7   2   1   2   7   6   1   0   5  0.24 0.23
   43 P   -2 -2  1  2 -6  0  1  0  0 -2 -4  2 -2 -2  4 -2 -2  3 -1 -3    3   2   7  11   0   4  10   7   2   2   1  13   1   2  20   3   2   4   2   2  0.43 0.35
   44 S   -1  1  2  3 -5  0  2  0 -1 -2 -3  2 -2 -2 -2 -1  1 -1 -3 -2    4   7   8  18   0   3  11   9   1   2   2  12   1   2   2   4  10   1   1   3  0.29 0.26
   45 G   -1 -2  1  0 -1 -2 -1  5  1 -3 -4  1 -2 -2  1 -2 -2 -6 -1 -2    4   2   8   5   1   2   3  37   3   2   1  10   1   2   6   3   3   0   2   3  0.52 0.37
   46 I    0  1  1 -1 -4 -1 -1 -3  1  0 -1  2 -1 -1 -1 -1 -1  0  0  2    8   9   8   4   0   2   4   1   3   5   4  14   1   3   3   3   4   1   3  19  0.16 0.19
   47 M    2 -2 -2 -3 -2 -2 -2 -1  0  2 -1  0  2 -3 -2  0 -1 -1 -1  3   18   2   2   1   1   1   3   4   3  12   4   6   6   1   2   8   3   1   2  21  0.26 0.24
   48 S   -1  0 -1  1 -4  1  3 -2  1 -1 -2  0  0 -1  0  0 -1  1  2  0    6   5   3   7   0   7  18   3   3   4   2   4   2   3   4   7   4   2   7   8  0.15 0.18
   49 K   -3  2 -1  0 -6 -2  0 -4 -3 -4 -5  7 -3 -4 -4 -3 -2 -6 -3 -4    2   9   3   5   0   2   7   1   1   1   1  59   1   1   1   2   2   0   1   1  1.36 0.75
   50 C    0 -2 -5 -4 10 -4 -5 -4 -4  0 -3 -1 -6 -4 -1 -2 -3 -6 -3 -2    7   3   1   2  59   1   1   2   1   5   3   4   0   1   4   3   2   0   1   3  2.17 0.97
   51 H   -1 -2  0  2 -4 -2  0 -4  1  3 -2 -2  0 -1 -2  0  4 -5 -4  1    5   2   4  12   0   2   6   1   3  16   2   2   2   3   2   6  23   0   0   8  0.38 0.32
   52 L   -1  2 -2 -2  1 -2 -2 -1 -2 -1  3 -1  3  3 -4 -2 -1 -1  1  0    4  12   2   2   3   1   2   6   1   3  27   3   7  11   0   3   3   1   5   5  0.27 0.23
   53 C   -4 -5 -4 -5 11 -5 -4 -6 -4  0 -4 -4 -6 -4 -6 -2 -3 -6 -4  1    1   1   1   1  68   1   1   1   1   6   2   1   0   1   0   3   2   0   1   9  2.79 1.16
   54 Y   -1  0  2  1 -2 -1  0 -1  0  0 -1 -1  0  1 -2  0 -1 -1  3  1    6   5  10   9   1   2   5   4   2   6   6   4   2   5   2   8   3   1  10   9  0.08 0.10
   55 N    0 -1  1  4  0  1  0 -1  3 -3 -3 -1 -2 -3  3 -2 -1 -3 -2 -2    7   3   5  22   2   7   7   4   6   2   3   4   1   1  14   3   3   0   1   2  0.38 0.24
   56 R   -1  5  0  0  3  0  1 -2 -2 -2  0  0 -1 -1 -2 -1 -1 -2 -2 -2    4  28   4   6   6   3   8   3   1   2   9   5   2   2   2   5   3   1   1   3  0.33 0.18
   57 I   -1  0 -1 -1 -1 -1 -1 -1  0  2  2 -1  0 -1 -1 -1  0 -1  0  2    6   4   3   3   1   2   4   4   2  15  19   5   2   2   2   4   4   1   3  13  0.10 0.07
   58 G    0  0 -1  1  8 -1  1  0 -2 -2 -2  0 -2 -2 -2 -1 -1 -3 -2 -2    8   5   2   7  29   2  10   6   1   2   4   6   1   2   2   4   3   0   2   3  0.65 0.28
   59 S   -1 -1 -1  1  3  1  1 -1  0  2 -1  0 -1 -2 -2 -1 -1 -2 -1  1    5   3   3   9   6   8   9   4   2  12   6   7   1   1   2   3   3   0   2  12  0.11 0.10
   60 G   -2 -2 -2 -2 -4 -3 -3  7 -3 -4 -3 -2 -4 -4 -4 -3 -3 -4 -3 -4    4   3   2   2   0   2   2  68   1   1   3   3   1   1   1   2   1   0   1   2  1.44 0.58
   61 L   -1 -2 -3 -3  9  2 -2 -3  0 -1  1  0  0 -3 -3 -3 -2 -4 -2 -2    5   2   1   2  35   8   3   2   3   4  15   5   3   1   2   2   2   0   2   3  0.98 0.43
   62 P   -2 -2 -2 -3 -4 -2 -3  5 -2 -3 -4 -2 -2 -4  5 -2 -2 -4 -4 -4    4   3   2   1   0   2   2  37   1   1   2   3   1   1  32   3   2   0   1   1  1.07 0.52
   63 Y    4 -1 -3 -2 -3 -1  0 -1 -2 -1 -1  0  0 -3 -3 -1 -1 -3 -2  1   39   3   1   2   0   3   6   5   1   4   6   6   3   1   1   3   4   0   2  11  0.40 0.30
   64 C   -5 -9 -8 -9 12 -8 -9 -8 -8 -7 -8 -9 -8 -8 -8 -7 -7 -8 -3 -7    1   0   0   0  95   0   0   0   0   0   0   0   0   0   0   0   0   0   1   0  4.66 1.72
   65 V    2 -4 -4 -5  0 -1  0 -5 -1  1 -1 -2  1 -1 -5 -2 -1 -6 -3  5   20   1   1   0   2   2   7   1   2   7   5   2   3   3   0   3   4   0   1  37  0.60 0.41
   66 E   -1  1 -1  1 -5  1  3 -3  0 -3 -3  3 -3 -4  0  0  1 -6 -3 -2    6   8   2   7   0   6  19   2   2   1   3  21   0   1   4   8   7   0   1   3  0.39 0.32
   67 A    3 -3  0 -4 -3 -1 -1 -4 -3 -1 -2 -2 -2 -3 -1  0  2 -6 -4  4   24   1   5   1   1   3   5   1   1   3   3   2   1   1   3   7  12   0   0  26  0.47 0.38
   68 C   -7 -9 -8 -9 12 -9 -9 -8 -9 -8 -8 -9 -8 -8 -8 -7 -7 -8 -8 -7    0   0   0   0  97   0   0   0   0   0   0   0   0   0   0   0   0   0   0   0  4.81 1.76
   69 P   -5 -5 -4 -7 -5 -4 -5 -6 -4 -3 -6 -3 -5 -5  8 -5 -4 -8 -6 -2    1   1   1   0   0   1   1   0   0   2   1   2   0   1  83   1   1   0   0   3  2.70 1.26
   70 T    0 -2 -1 -4 -2  0 -1  1 -1 -2 -4  0 -3  1 -2 -1  4 -5 -3  2    8   2   3   0   1   3   4   9   2   1   1   7   1   7   2   3  30   0   1  15  0.41 0.36
   71 G   -3  1  2  3 -6  0  1  4  0 -6 -6  1 -4 -6 -5 -1 -2 -6 -5 -6    2   7   8  16   0   4  10  33   3   0   1   9   0   0   0   3   2   0   0   0  0.74 0.46
   72 A    7 -5 -6 -5 -1 -6 -6 -4 -6 -1 -4 -6 -2 -5 -6  1 -3 -7 -6 -1   75   0   0   0   1   0   0   1   0   4   1   0   1   1   0   8   1   0   0   4  1.72 0.90
   73 L   -5  1 -4 -6 -5 -2 -6 -7 -6  7  2 -5  1 -2 -6 -5 -3 -2 -4  0    1   8   1   0   0   2   0   0   0  55  20   1   4   1   0   1   2   1   0   4  1.37 0.67
   74 T   -1  0 -2  0 -3  1  0 -3  2  0 -1  2  1 -1 -3  1  2 -1  1  0    4   4   1   5   0   7   5   2   5   6   5  11   3   2   0  10  17   1   5   7  0.16 0.18
   75 F   -4 -4 -4 -4 -4 -4 -4 -5  1  3  1 -3  3  6 -3 -4 -3 -1  2  1    1   1   1   1   0   1   1   1   3  14  12   1   8  34   1   1   2   1   6  11  0.89 0.45
   76 G   -2 -2  0 -1 -4  0 -1  5 -2 -2 -2 -1 -3 -3 -1 -1 -2 -4 -3 -1    3   2   5   3   0   5   4  50   1   2   4   3   1   1   3   4   2   0   1   6  0.72 0.36
   77 W   -2  1  0  1 -3 -1  0 -1 -1 -2 -2  1 -1  0  2  0  1  5  1 -2    3   6   4   8   0   2   7   4   1   1   5  10   1   4  10   6  10   9   4   3  0.22 0.17
   78 I   -1  4 -1 -2 -3 -1  0 -3 -1  0  1  2  0 -2 -1 -1 -1 -4 -2  1    5  26   2   2   1   2   5   2   2   6  12  12   2   1   3   3   4   0   1   9  0.28 0.22
   79 E   -1 -1  1  3 -4  0  5 -3 -1 -2 -2  0 -1 -3 -2 -1  0 -1 -2 -2    4   3   7  14   0   3  36   2   1   2   4   5   1   1   2   4   5   1   1   3  0.52 0.35
   80 K   -1  1 -1  4 -2 -1  4 -4 -2 -2 -3  1 -1 -5 -1 -1 -1 -2 -2 -2    5   9   2  25   1   2  24   1   1   3   3   9   2   0   3   3   3   1   2   3  0.52 0.35
   81 G    2 -1 -1 -1 -3 -1  0  1 -3  0 -1 -1  1 -3  3  0  0 -4 -2  0   20   2   3   4   0   2   7  11   0   6   5   3   5   1  14   5   5   0   2   6  0.19 0.18
   82 D    0  1  0  3 -5  1  3 -1  0 -1 -2  2 -2 -2 -1 -2 -2 -1 -2 -1    7   9   4  17   0   4  19   4   2   4   4  12   1   2   2   2   2   1   1   4  0.28 0.24
   83 A    1  1  2  0 -2  0  2  0 -1 -3 -3  1 -1 -4 -1  1 -1  0 -1 -2   14   9   9   4   1   4  16   6   1   2   2   8   1   0   2  12   3   2   2   2  0.21 0.21
   84 N   -2  4  2  0 -5  0  2 -2 -2 -1 -2  1 -2 -1  1 -2 -2 -5 -2 -2    3  26  11   6   0   4  13   3   1   4   3   7   1   3   8   2   2   0   1   3  0.39 0.32
   85 V    1 -4 -5 -5 -3 -1 -2 -4 -5  3  2 -3  1 -2 -4 -3 -2 -3 -3  4   11   1   0   0   0   3   3   1   0  16  18   2   4   1   1   1   1   0   1  34  0.65 0.41
   86 N    2  0 -1  0 -4  1  2 -2  2 -1 -2  1  0 -2 -1  0  0 -2  1 -1   21   5   2   5   0   5  12   2   5   4   3   9   2   1   3   8   4   0   4   3  0.16 0.19
   87 Y    0  2 -1  1 -4  1  2 -3 -1 -1 -1  2 -1  0 -2 -1 -1 -1  2 -1    6  14   2   7   0   6  11   1   1   4   5  14   1   4   2   4   3   1   8   5  0.19 0.19
   88 L   -1 -1 -4 -5 -4 -2 -4 -5 -4  3  4 -1  2 -1 -1 -2 -2 -3 -2  1    4   3   1   1   0   2   1   0   0  16  44   4   5   2   3   3   2   0   1   9  0.62 0.39
   89 A    2  0 -1  1 -2 -1 -1 -2  4 -1 -2  2 -1 -3  1 -1  0 -5 -2  0   19   5   2   9   1   2   4   3  11   4   4  13   2   1   7   3   5   0   1   7  0.22 0.23
   90 P    0 -1 -1  0 -2 -1  3  0  0 -4 -3  1 -4 -3  4 -1 -2 -3  1 -4    8   4   2   4   1   2  20   8   2   1   3   8   0   1  23   5   2   0   4   1  0.48 0.36
   91 E    0  1 -1  2 -4  2  4 -2 -1 -2 -3  1 -2 -3 -3 -1 -1 -5  0 -1    7   9   2  10   0  11  27   3   1   2   2   6   1   1   1   3   4   0   4   4  0.39 0.32
   92 D    0  1  1  0 -3 -1  0  2 -2 -2  0  2 -1 -1  0 -1  0 -1 -1 -1    6   7   7   6   0   1   7  18   0   2  10  13   1   3   3   3   5   1   3   4  0.12 0.14
   93 I   -1 -2 -2 -2  5 -2 -2  1 -2  1  0 -2  1  1 -1 -1 -1 -3  3  1    5   1   2   2  15   1   3  12   1   8   8   3   5   6   3   4   3   0   9  10  0.25 0.21
   94 T    0  0  0  0 -4 -1  0  0 -1  0 -2  0 -2 -2  0  0  4 -3 -2 -1    8   5   4   5   0   2   7   7   2   5   3   5   1   2   4   5  27   0   2   5  0.20 0.22
   95 E   -1  0  1  0 -4  2  3 -2  3 -3 -2  1 -2  0 -1 -1 -1 -2  3 -3    5   3   8   4   0   9  19   2   7   1   4   8   1   5   3   3   3   0  12   2  0.31 0.26
   96 P    3  0 -3 -3  6  1 -2 -2 -3 -3 -3 -2 -3 -2  4 -2 -2 -5 -1 -3   24   5   1   1  17   6   2   3   1   2   2   2   0   2  24   2   2   0   2   2  0.77 0.46
   97 R   -2  5  1 -1 -4  0 -1  3 -1 -4 -2  1  0 -2 -4 -2 -2 -5 -2 -3    2  32   7   4   0   4   4  21   1   1   4   9   2   1   0   2   3   0   1   2  0.60 0.40
   98 F    0 -3 -1 -4 -3  0 -3 -3 -3  1  3  0 -1  3 -3 -1 -2  3  0  1    6   1   3   1   0   4   1   2   0   6  31   8   0  11   1   4   2   4   2  12  0.34 0.27
   99 V   -2  0 -3 -3  7 -3 -4 -2  1  0 -2  0 -3  0 -4 -3 -1  3  6  0    3   5   1   2  19   1   1   4   4   6   3   6   0   3   1   1   3   4  27   8  0.84 0.49
  100 I    0 -2 -2 -1 -4 -3 -3  2 -3  2  0 -4 -1  1 -2 -3 -3 -3  4  3    9   2   2   4   0   1   1  14   0  11   7   1   1   5   2   1   1   0  15  22  0.35 0.27
  101 K    2  0  0  0 -3  0  1  1  1  0 -2  1 -2 -1 -1  0 -2 -3  1 -1   20   4   4   4   0   5  10  12   4   7   4   8   1   2   2   4   1   0   4   4  0.12 0.15
  102 K    0 -2  2  2  5  0  0  0  0 -2 -1  1 -2 -3  1 -1 -2 -5 -3 -1    7   1  10  13  12   4   6   7   2   2   6  10   0   1   8   4   2   0   0   4  0.27 0.23
  103 P   -3 -4 -3 -2 -1  0  3 -2 -2 -1 -3  0 -5 -6  7 -3 -1 -7 -6 -4    2   1   1   2   2   4  16   3   1   4   3   5   0   0  48   2   4   0   0   1  1.18 0.65
  104 E   -1 -2  2  1 -1  2  3 -1  1 -2  0 -1 -2 -2 -1 -1  1 -2 -2  0    3   1   9   8   1   9  23   4   3   2   8   3   1   1   3   3   9   1   1   7  0.24 0.24
  105 K   -2 -1  2  3 -2 -1  1  2  2 -3 -4  1 -4 -3 -2  1  0 -2 -3 -2    2   3  11  16   1   2   8  15   5   1   1  11   0   1   2  11   6   1   1   3  0.33 0.27
  106 A    2 -2 -3 -2 -1 -4 -1  5 -5 -3 -4 -3 -1 -4  0 -3 -2 -1  1  1   17   2   1   2   1   0   5  43   0   1   2   1   2   1   5   1   2   1   5   9  0.70 0.44
  107 E   -1 -3 -2 -1 -4 -1  2  3  0  2 -2  1  0 -3 -1 -2  0 -5 -2  1    4   0   1   2   0   1  14  22   2  14   3  10   2   1   3   2   7   0   1   9  0.26 0.25
  108 T    0 -1 -1 -1 -4  1  1  2  0 -1  0 -1  0 -4 -2 -1  3  0  0 -1    8   3   2   3   0   6   9  16   3   4   8   4   2   0   1   3  21   2   4   3  0.19 0.22
  109 I    0 -2 -1 -3 -1 -2 -3  1 -1  1  0 -2 -1 -2  1  0  1 -4 -2  3    9   1   3   1   1   2   1  13   2   9   9   2   1   1   6   6  10   0   1  22  0.18 0.19
  110 K    0 -2  1  1 -4  0  1 -2  2 -2 -2  1 -1 -1  1  0  3 -2 -1 -1    8   1   7   8   0   4   8   3   6   2   4   9   2   2   7   4  18   0   2   5  0.17 0.19
  111 V    1  0  0 -2 -1 -1 -1  1  0  0  0  0  0 -2 -2 -2  0 -1 -1  2   16   4   4   1   1   3   4  11   2   4   7   7   2   2   2   1   4   1   2  21  0.11 0.15
  112 E    0  0  0 -1 -1  0  2 -1 -2 -2 -2 -1  2  0  1  0  0 -3  4  0    6   5   5   2   1   3  14   4   0   1   3   3   7   3   6   9   4   0  17   7  0.21 0.24
  113 T    0  1  0 -1 -4  1  1 -1 -2  0 -1  0 -2  1  0 -1 -2  0  3  1    8   7   6   3   0   7  10   6   0   5   4   4   0   5   5   4   1   1  13  10  0.12 0.16
  114 L   -2 -1 -2 -2 -2  1  0 -3 -2  2  1  0  1  2  0 -1  0  0 -1  2    1   3   1   2   1   6   6   2   0  11  17   5   4   9   4   4   4   1   1  16  0.14 0.15
  115 H   -1  0 -2 -1 -5 -1  2 -3  7 -3  0  1 -2  2  2 -3 -3  0  0 -3    5   5   1   3   0   2  11   1  25   1  11  10   1   9   9   1   1   1   2   2  0.55 0.38
  116 R    0  0  0  0  2  1  0  0  2  0 -1  0  1 -2  1  0  0 -3  1  0    6   6   5   6   5   5   6   6   5   6   6   6   5   0   6   6   6   0   5   6  0.04 0.08
  117 K    0 -1  0  1  0  0  0  0  0  0 -1  1  0 -1  1  0  0  1  1  0    7   3   3  11   3   4   5   6   3   5   7   8   2   2   7   5   4   2   7   6  0.04 0.06
  118 K    0  1 -1  1 -4  0 -1  1  1  0 -1  1  0 -1  2 -1 -1  3  0 -1    6   7   2   9   0   3   4  11   4   5   4   9   3   3  10   4   4   4   3   4  0.11 0.13
  119 E   -1 -2 -1  0  1  2  4 -2 -4 -1  0 -1  0 -2  4 -1 -2 -5 -5 -1    6   2   3   4   3   8  24   3   0   3   8   3   2   2  18   4   3   0   0   4  0.41 0.36
  120 E    0  0 -1  0 -4  1  3 -2 -1 -2 -2  2  0 -1  3  0  0 -4 -4 -2    9   4   2   6   0   5  17   3   2   2   3  13   3   3  13   8   5   0   0   3  0.26 0.25
  121 N    0 -1  2  0 -4 -1  3 -2  1 -1  1  1 -1 -2 -1  0 -2 -4 -1 -2    6   3  12   4   0   2  24   3   3   4  13   7   1   2   4   5   2   0   2   3  0.24 0.26
  122 Y   -1  0  0  0  2  0  0 -1  2  0 -1  0  2  1  0 -1  0  4  1 -1    5   5   5   5   5   5   5   5   5   5   5   5   5   5   5   5   5   5   5   5  0.08 0.08
  123 I    0  0  0  0  2  0  0 -1  1  0 -1  0  1  0  0  0  0 -2  1  0    5   5   5   5   5   5   5   5   5   5   5   5   5   5   5   5   5   0   5   5  0.03 0.05
  124 G    0 -1  1  1 -4  1  0  3  1 -1 -2  0 -3 -1  0 -1 -3 -4 -3 -1    7   4   6   9   0   6   6  27   4   4   4   6   0   3   5   4   0   0   0   4  0.25 0.22
  125 L    0  0 -1  0  2  1  0  0 -2  0  0  0  1  0  1  0  0 -3 -2  0    6   6   0   6   6   6   6   6   0   6   6   6   6   6   6   6   6   0   0   6  0.04 0.08
  126 L    0  0 -2  0 -3  1  0  0  2  0  0  0  1  1  1 -2  0  3  1  0    6   6   0   6   0   6   6   6   6   6   6   6   6   6   6   0   6   6   6   6  0.08 0.12
  127 A   -1  0  0  0  2  0  0 -1  2  0 -1  0  1 -2  0  0  0  3  1  0    5   5   5   5   5   5   5   5   5   5   5   5   5   0   5   5   5   5   5   5  0.07 0.11
  128 F   -1 -1  2  1 -3  0 -1 -2  1  0  1 -1  2  2  0 -2 -1  3  1 -1    6   3  10   8   0   3   3   3   3   5  14   4   6  10   4   0   2   4   6   4  0.12 0.16
  129 T    0 -3 -1  0  1 -3 -1  0  1 -1 -1  0  0 -1  4  0  1 -4  0  1    9   0   2   5   3   0   4   6   3   3   5   5   2   3  19   6   9   0   3  11  0.20 0.21
  130 I   -1  0 -1  0 -3  0  1 -1  0  0  0  0  1 -1  3 -1 -1 -3  0  0    5   4   3   4   0   3  11   4   3   7  11   5   5   3  14   5   4   0   4   6  0.12 0.14
  131 A    1 -1 -1  1  0  0  0  0  0  2  0 -1  1  0 -1  0 -1 -3  0  0   11   3   3   9   3   3   5   7   3  15   6   3   4   5   3   6   3   0   3   6  0.03 0.08
  132 S   -1  0  0  3 -4  0  0  1 -3 -1 -2  0  0 -3  1  2  0  1  0 -1    5   4   4  16   0   4   5  12   0   3   4   5   3   0   7  15   4   3   3   4  0.18 0.21
  133 E    0  0  0  0  2  0  0  0  1  0 -1  0  1  0  1  0  0 -3 -1  0    6   6   5   6   5   5   6   6   5   6   6   6   5   5   6   6   6   0   0   6  0.03 0.07
  134 L   -1  0  0  0 -3  0  0 -1  2  0 -1  0  1  0  0  0  0  3  1  0    5   5   5   5   0   5   5   5   5   5   5   5   5   5   5   5   5   5   5   5  0.06 0.08
  135 A    1 -1  0  0  1  0 -1  1  1  0 -1  0 -2 -4  0  1  2 -4 -3  0   14   3   5   5   3   4   4  11   3   5   5   5   0   0   5   8  13   0   0   7  0.11 0.15
  136 L    0  0  0  0  2  0  0 -1  1  0 -1  0  1  0  0  0  0 -2  1  0    5   5   5   5   5   5   5   5   5   5   5   5   5   5   5   5   5   0   5   5 -0.00 0.06
  137 G    2 -3  0  0 -4 -3  0  2 -3 -1  0 -1  1  0  1  0  0  4 -3 -1   17   0   4   6   0   0   6  14   0   4   8   4   3   4   7   6   4   7   0   5  0.19 0.20
  138 Y   -1  0  0  0  2  0  0 -1  2  0 -1  0  1  0  0 -1  0  3  1 -1    5   5   5   5   5   5   5   5   5   5   5   5   5   5   5   5   5   5   5   5  0.07 0.08
  139 S    1  1 -1  0  1  1 -1 -1  1 -1 -1  1  1  0  1  1  0 -5 -4 -4   12   7   3   6   3   7   4   5   3   4   7   8   3   4   8   9   7   0   0   0  0.13 0.15
  140 I    1 -1 -1 -1 -3 -1  0 -1 -3  1  1 -1  1  0 -1  1 -1  2  0  1   11   3   3   3   0   2   5   5   0   8  12   3   5   4   3  10   3   3   3  14  0.07 0.12
  141 F    0  0 -2 -1 -1  0  2 -1 -3  0  0 -1 -1  1 -1 -1  1  5 -1 -1   10   7   1   2   2   3  14   5   0   5   8   4   2   7   3   4   8   9   2   4  0.16 0.19
  142 K    0  3  0 -2 -4  0  0 -1  4 -1 -1  2  0  0 -4  0  0 -4  0 -1    6  17   3   2   0   2   5   4  11   4   6  16   2   4   0   6   5   0   3   3  0.26 0.25
  143 L    0  0  0  0  2  0  0 -1  1  0 -1  0  1  0  0  0  0 -2  1  0    5   5   5   5   5   5   5   5   5   5   5   5   5   5   5   5   5   0   5   5  0.03 0.05
  144 P    0  0 -2 -1  0  2 -1 -2 -4 -1 -2 -1 -3 -1  5 -1 -1  2 -4  0    8   5   2   3   2  11   4   3   0   4   5   2   0   3  32   4   3   3   0   6  0.51 0.38
  145 Y   -1 -1 -1 -2  0 -1 -1 -1  3  0  1 -1  1  1 -1 -2 -1  2  3  0    6   4   2   2   3   3   3   6  10   6  17   3   5   6   2   0   2   2  10   7  0.13 0.17
  146 W    1 -2 -2  0 -2 -1  0  0  0  0  0  0  0  1  0  0  1  4  1  0   16   0   0   4   0   0   7   5   3   5   9   5   4   5   5   5   9   6   4   5  0.08 0.13
  147 N    0  0  1  0 -3  1  0  0  2  0  0 -1  1 -2  1  0  0 -2  1  0    6   6   6   6   0   6   6   6   6   6   6   0   6   0   6   6   6   0   6   6  0.05 0.10
  148 L    0 -2  1  0 -2 -2  0  0 -2  0  0 -2  2  1  1 -1 -2  4  2  0    8   0   7   8   0   0   8   8   0   8   8   0   7   7   8   1   0   7   7   8  0.12 0.13
  149 V    0  0  1  0  2  1  0  0  2  0  0  0  1 -2 -2  0  0 -3 -2  0    6   6   6   6   6   6   6   6   6   6   6   6   6   0   0   6   6   0   0   6  0.06 0.09
  150 G    0 -1  0  0 -3  0 -1  2 -2 -1 -1  0  1  1 -2  0  1 -2  0 -1   10   3   5   5   0   3   3  19   0   5   4   7   4   8   0   8  10   0   4   4  0.09 0.12
  151 L    0 -2 -2  0  2 -1  0  0 -2  0  0  0  1  1  1  0  0  4 -1  0    7   0   0   7   6   0   7   7   0   7   7   7   6   6   7   7   7   6   0   7  0.08 0.12
  152 I    0 -2 -2  0 -2 -2  0  0  2  0  0 -2  1  1  1  0  0  4  1  0    7   0   0   7   0   0   7   7   6   7   7   0   6   6   7   7   7   6   6   7  0.10 0.14
  153 L    1 -1 -1 -3  1 -2 -3  0 -3  0  1 -1  2  0 -3  1  0  2 -2  1   15   4   4   0   4   0   0   6   0   5  20   4   6   4   0  13   4   4   0   8  0.12 0.17
  154 P    0 -1 -3 -1 -3 -2  0  0  0  0  1 -1  1 -1  4 -1 -1 -4 -3  0    8   3   0   2   0   0   8   8   2   4  16   4   4   3  26   3   3   0   0   6  0.31 0.23
  155 L    1 -1 -1 -1  1  0  0  0 -2  0  1 -1  1  0 -2 -1  0 -3  0  1   17   3   3   4   3   3   6   9   0   4  15   3   4   4   0   3   4   0   3  12  0.04 0.09
  156 V    1 -3 -3 -3 -3 -3 -1  0 -3  2  0 -3  1  0  0 -1  0 -3  0  3   13   0   0   0   0   0   4   7   0   9  10   0   4   4   4   5   6   0   4  27  0.22 0.21
  157 S    0  0  1  0 -2 -1  0  0  2  0 -1  0 -1  0  1  0  0 -3 -1  0    7   7   7   7   0   0   7   7   6   7   7   7   0   6   7   7   7   0   0   7  0.04 0.07
  158 L    0  1 -2  0 -3  0 -1 -1  1  0  1 -1  2  1  0 -1  0 -2  0  0    7   8   0   6   0   4   4   3   4   7  18   3   7   8   4   4   5   0   4   4  0.05 0.10
  159 L    1 -3 -2 -1 -2 -2  0  0  1  0  1 -2  1  1 -3  0  0 -3  1  1   15   0   0   4   0   0   6   9   4   5  16   0   3   6   0   4   7   0   5  15  0.10 0.15
  160 L   -1 -2  0  0  2  0  0 -1  2  0 -1  0  1  1  0  0  0  3  1  0    5   0   5   5   5   5   5   5   5   5   5   5   5   5   5   5   5   5   5   5  0.08 0.12
  161 S    0  0  0  0  1  0 -1 -1 -2 -1  0 -1  0  0  0  1  2 -3  1 -1    8   5   4   6   3   3   3   4   0   3   9   4   3   4   4  15  12   0   5   5  0.07 0.13
  162 V    0 -1 -1 -3 -3  0  0 -1  1  1  0  0  0  0 -1 -1  2 -4 -3  2    8   3   3   0   0   4   6   6   3  10   6   5   2   4   2   3  17   0   0  17  0.14 0.19
  163 N    0 -1  1 -4  0 -3 -4  1  2  1  1 -4  1  3 -4 -1  1  1  1  0    9   3   7   0   2   0   0  11   5   8  12   0   3  16   0   3   8   2   4   6  0.23 0.24
  164 H   -1  1 -1 -4 -5 -1 -2  0  7 -2  0  1  0  1  0 -1 -2 -5  0 -1    4   6   3   0   0   2   2   7  32   3   9   9   2   5   5   4   2   0   2   4  0.57 0.42
  165 A    2  0  1  0  0 -2  0  0  0 -1  0  0  0 -3  0 -1  0 -4 -1  0   22   7   7   4   2   0   6   8   2   3  12   4   3   0   4   2   4   0   3   6  0.07 0.14
  166 K   -1  2  1  0 -4  0  2  1  1 -3 -3  2 -3 -4 -3 -1  1  0  1 -4    3  13   8   5   0   4  16   9   4   2   2  16   0   0   0   4   9   1   5   0  0.30 0.28
  167 R   -4  5  0  2 -5  2  0 -1  1 -4 -2  1  0 -5 -4 -2 -2 -5 -1 -1    0  40   3  12   0   8   4   4   4   0   3   7   3   0   0   1   1   0   2   5  0.66 0.45
  168 F    0 -1  3  0 -4 -1  1 -3  0 -2 -1  0  0  0  2  0  1 -3  2 -2    9   2  17   6   0   1   8   0   2   1   5   5   2   4  13   4  11   0   8   3  0.23 0.24
  169 D    0  0  0  2 -4  1  3  0 -2 -3 -2  1  0 -2 -1  0  0 -4 -3 -1    7   3   5  13   0   5  26   5   0   0   4   9   3   1   2   5   6   0   0   4  0.28 0.24
  170 R   -1  6  1 -3 -5  0 -1 -3  2 -4 -3  3  0 -5 -4 -1 -3 -5 -4 -1    4  43   6   0   0   3   2   2   5   0   2  21   3   0   0   3   0   0   0   6  0.80 0.46
  171 F    4 -3 -3 -4 -3 -3 -1 -2 -3  1 -1 -3 -2  1 -3  1  0 -3  2  0   51   0   0   0   0   0   3   1   0   8   5   0   0   5   0   9   4   0   8   5  0.51 0.37
  172 Y   -1 -3  2 -1  2 -2  0 -2 -2  1  1 -3  0 -1 -2 -2 -2  6  2  1    4   0  12   3   5   0   7   2   0   9  17   0   2   1   2   0   0  15  10  11  0.35 0.23
  173 R   -2  6  2  0 -5  1  1 -1 -2 -5 -4  2 -3 -5 -4 -1 -1 -5 -1 -4    2  50   9   6   0   5   8   4   0   0   0  10   0   0   0   2   3   0   2   0  0.80 0.38
  174 V    3 -3 -3 -3 -2 -2 -3 -1 -3  2  1 -2 -1 -2 -3  0  1 -3 -2  2   30   0   0   0   0   0   0   4   0  13  14   0   0   0   0   6  12   0   0  19  0.27 0.19
  175 I    1 -3 -4 -4 -2 -3 -3 -4 -4  4  2 -1  2  0 -3 -2 -2 -3 -2  2   14   0   0   0   0   0   0   0   0  31  22   5   4   4   0   1   0   0   0  17  0.39 0.20
  176 Y    0  3  1 -2 -3  0  0 -3 -1 -1  1  1  1 -1 -3  1  0 -3  0 -1    7  20   9   0   0   4   5   0   0   0  20   5   5   2   0  12   5   0   4   2  0.15 0.13
  177 N   -1  1  4  0 -4  2  0  0  6 -4 -4 -1  1 -4 -3  0 -2 -4 -2 -4    5   7  22   3   0   9   5   7  31   0   0   2   5   0   0   5   0   0   0   0  0.63 0.28
  178 L   -3  0 -4 -5 -4 -3 -4 -5 -4 -1  3 -1 -1  4 -2 -4 -3  8  0  0    0   5   0   0   0   0   0   0   0   2  29   6   0  24   3   0   0  27   0   5  0.95 0.33
  179 K   -1  4  0 -1 -4  1  0  0 -2 -1 -2  3 -2 -1 -3  0 -2 -4 -3 -3    3  34   5   2   0   4   2   8   0   5   3  23   0   4   0   7   0   0   0   0  0.40 0.20
  180 T   -1 -2 -1 -1 -3  1  0 -3 -3  2 -2  1 -2 -3 -2  2  4 -4 -3 -1    0   0   0   3   0   7   5   0   0  16   0   9   0   0   0  18  43   0   0   0  0.44 0.24
  181 S    0 -2 -1 -2 -3 -1  1 -2 -3 -4 -4  1 -3 -4 -3  6  0 -5 -3 -3    3   0   0   0   0   0   8   0   0   0   0   8   0   0   0  81   0   0   0   0  1.01 0.36
  182 W   -2 -4 -5 -6 -4 -4 -5 -4 -3 -4 -3 -5 -3  3 -5 -4 -4 12  4 -4    3   0   0   0   0   0   0   0   0   0   0   0   0  10   0   0   0  75  12   0  2.76 0.40
  183 L   -2 -2 -3 -4 -2 -2 -3 -4 -3  2  4  1  2 -1 -3 -1 -2 -3 -2  0    0   0   0   0   0   0   0   0   0  10  69  12   4   0   0   6   0   0   0   0  0.54 0.18
  184 S    1 -2 -1  0 -2 -1 -1 -2 -2 -3 -4 -1 -3 -4  2  5  2 -4 -3 -3   10   0   0   6   0   0   0   0   0   0   0   0   0   0  12  63  10   0   0   0  0.67 0.21
  185 R   -3  7  0 -2 -5  0  2 -3 -1 -4 -4  2 -3 -4 -3 -2 -2 -4 -3 -4    0  73   5   0   0   0  12   0   0   0   0  10   0   0   0   0   0   0   0   0  1.11 0.26
  186 E   -2 -2 -2  0 -4  0  6 -3 -2  1 -2 -1 -2 -3 -2 -2 -2 -4 -3  1    0   0   0   0   0   0  73   0   0  12   1   0   0   0   0   0   0   0   0  10  0.81 0.23
  187 V    0 -3 -3 -3  1 -3 -3  0 -3  4  0 -3  0 -2 -3 -2 -1 -3 -2  4    6   0   0   0   4   0   0   7   0  30   1   0   0   0   0   1   0   0   0  48  0.44 0.14
  188 L   -2 -3 -3 -3 -2 -2 -3 -3 -3  2  3 -3  2  2 -1 -2 -1  2 -1  2    1   0   0   0   0   0   1   1   0  16  44   1   4   8   2   1   1   3   0  16  0.34 0.08
  189 F   -2 -3 -3 -4 -1 -3 -3 -4 -2  0  1 -3  4  6 -4 -3 -1 -1  1  0    2   0   0   0   2   0   0   0   0   4   8   0  15  56   0   0   3   0   2   6  0.71 0.18
  190 S    0 -2  0 -2 -2 -2 -2  5 -2 -1 -1 -2  0 -1  0  1 -1 -3 -2 -2    5   0   4   0   0   0   1  51   0   3   7   1   3   4   3  12   3   0   0   2  0.43 0.11
  191 S    3 -2 -1 -2  1 -2 -2  4 -2 -1 -1 -2 -2 -2 -1  1 -1 -3 -2  0   32   0   0   0   3   0   0  33   0   4   4   0   0   2   2  12   0   0   0   5  0.34 0.10
  192 I    0 -2 -2 -3  2 -2 -3 -3 -3  1  3 -2  1  0 -3 -1  2 -2 -1  1   10   0   0   0   5   0   0   0   0   8  38   0   2   4   0   0  22   0   1   9  0.24 0.10
  193 S    2 -2 -1 -2  1 -2 -2  3 -1 -2 -2 -2  0 -2 -1  1  1 -2  0 -1   22   0   0   0   4   0   0  31   2   0   0   0   5   0   1  10  14   0   6   5  0.29 0.10
  194 V    1 -3 -3 -3 -2 -3 -3  1 -3  1  2 -3  1  4 -3 -1 -1 -2  1  1   14   0   0   0   0   0   0  13   0   9  22   0   2  24   0   2   0   0   2  12  0.22 0.08
  195 L    0 -3 -4 -4  1 -3 -3 -4 -3  1  3 -3  2  3 -3 -2  0 -2  0  1   10   0   0   0   4   0   0   0   0   4  44   0   4  17   0   0   8   0   2   8  0.38 0.15
  196 F    0 -3 -3 -4 -3 -3 -3 -2 -2 -2 -1 -3  0  5  0  0 -1  6  5 -2    9   0   0   0   0   0   0   2   0   0   3   0   2  29   5   9   4  13  21   0  0.62 0.19
  197 Y    1 -3 -3 -3 -3 -3 -3  2 -2  0  2 -3  0  2 -3 -2 -2  5  2 -1   12   0   0   0   0   0   0  23   0   3  27   0   2   9   0   0   0  11  10   3  0.37 0.14
  198 L    0 -3 -2 -4 -2 -3 -3 -1 -3  1  4 -2  2  0  0 -2 -2  2 -2  1   10   0   2   0   0   0   0   6   0   7  50   2   6   3   4   0   0   3   0   7  0.32 0.14
  199 I    0 -3 -4 -4  0 -3 -3 -2 -3  2  3 -3  1  1 -1 -2 -2  2  0  1   10   0   0   0   2   0   0   2   0   9  48   0   2   4   2   2   0   4   4  10  0.34 0.14
  200 S    2 -2  0  0 -2  0  1  1  3 -2 -1 -1 -2 -1 -2  1  0 -3 -2 -1   22   0   2   4   0   3  11  14  11   2   5   0   0   3   0  15   5   0   0   3  0.18 0.10
  201 F    0 -1 -3 -3 -2 -1 -1 -1 -2  1  1 -1  0  2 -3 -2 -1  7  1  0    8   2   0   0   0   2   5   4   0  12  18   4   2   9   0   0   2  21   3   7  0.38 0.12
  202 F   -1 -2 -3 -3 -3 -3 -3 -1 -2  1  1 -3  0  5 -4 -2 -1  1  2  1    4   2   0   2   0   0   0   6   0   7  17   0   0  40   0   2   2   2   5  12  0.43 0.16
  203 N   -1 -1  0  1 -3 -1  0  2  1 -1 -1  0 -1 -1 -2  0  1  1  1 -1    3   0   4   7   0   0   7  19   4   4   8   9   0   2   0   3  16   2   8   2  0.10 0.07
  204 Q    1  0 -2 -1 -2 -1 -1  0 -1 -1  0  0  1 -2  2  1  0  3  0  0   11   7   0   2   0   2   0   7   2   2  12   7   5   0  13  13   3   6   2   6  0.13 0.07
  205 L    0 -3  0 -1 -2 -2 -2 -1 -2  2  2 -2  1  1  2 -1 -1 -2  0  1    9   0   6   4   0   0   0   3   0  15  23   0   2   8   9   5   2   0   2  13  0.13 0.07
  206 F    0 -3 -3 -4 -3 -1 -3  0  2 -1  1 -3 -1  2 -3  0 -1  8  0  0   11   0   0   0   0   2   0   9   7   0  20   0   0  11   0   7   3  23   0   7  0.49 0.16
  207 Y   -1  0 -2 -2 -3 -2  0  0 -1 -2  0 -2 -2  3  0 -2 -1  6  5 -1    4   5   0   2   0   0   6  10   0   0   7   0   0  15   6   0   2  11  26   4  0.41 0.14
  208 Y    0 -1 -2 -3 -2 -2 -2 -1  1  0  1 -1  0  2 -1  0 -1  4  4  0   10   3   0   0   0   0   0   5   3   2  15   3   2   9   2   9   0   6  21   9  0.19 0.09
  209 P    0 -2 -3 -3 -2 -2 -3 -2 -3  2  3 -1  0 -2  3 -2 -1 -3 -2  2    7   0   0   0   0   0   0   3   0   9  33   5   0   0  20   0   0   0   0  20  0.37 0.13
  210 A    3  1 -2 -2 -2 -1 -1  0  0 -1 -2 -1 -2 -3 -2  2  2 -4 -3  1   36   9   0   0   0   0   3   7   2   2   2   0   0   0   0  17  12   0   0  11  0.27 0.14
  211 V    2 -2 -3 -2 -2 -1 -1 -1 -3  1  3 -1  1  0 -3 -1 -1 -3 -2  1   24   0   0   2   0   3   3   4   0   7  36   3   4   3   0   0   2   0   0   8  0.19 0.11
  212 I    1 -3 -3 -3 -2 -3 -3 -3 -3  2  2 -3  1  0  1 -1 -1 -3 -2  3   19   0   0   0   0   0   0   0   0  17  20   0   4   2   8   3   2   0   0  25  0.29 0.12
  213 F    0 -3 -3 -4 -2 -3 -3  0 -3  2  3 -3  0  2 -3 -2 -1 -2 -1  2    7   0   0   0   0   0   0  10   0  13  39   0   0  13   0   0   4   0   0  15  0.33 0.13
  214 L    1 -3 -2 -3  2 -3 -3  3 -3  0  2 -3 -1 -2 -3  0 -2 -3 -3  0   18   0   0   0   6   0   0  32   0   6  25   0   0   0   0   7   0   0   0   7  0.33 0.14
  215 G    2 -3 -3 -3 -2 -2 -3  1 -3  1  1 -3 -1 -2 -3 -1  0  4 -2  2   24   0   0   0   0   0   0  12   0   7  18   0   0   0   0   2   5   8   0  24  0.27 0.13
  216 L    1 -3 -4 -4 -2 -3 -3 -2 -4  2  4 -3  0  0 -3 -1 -2 -3 -2  2   17   0   0   0   0   0   0   2   0  12  50   0   0   3   0   4   0   0   0  12  0.41 0.16
  217 G    0 -3 -2 -1 -2 -2 -2  3 -3 -1  0 -2 -1  0 -3  1  3 -3 -2 -1    8   0   0   3   0   0   0  28   0   4  12   0   0   4   0   7  33   0   0   0  0.35 0.16
  218 V    1 -3 -4 -4 -2 -3 -3 -3 -3  2  1 -3  1  0 -3 -2  0  0  0  4   17   0   0   0   0   0   0   0   0   6   9   0   3   4   0   0   6   2   3  51  0.43 0.18
  219 L   -1 -3 -4 -4  1 -3 -4 -4 -2  3  2 -3  0  3 -4 -3 -2  2  4  2    2   0   0   0   4   0   0   0   0  19  25   0   0  13   0   0   0   2  17  18  0.45 0.15
  220 S    2 -3 -2 -2  6 -2 -1 -2 -3 -3 -3 -2 -2 -1 -3  3  2 -4 -3 -1   22   0   0   0  20   0   4   0   0   0   0   0   0   3   0  33  17   0   0   1  0.57 0.21
  221 S    0 -2 -1 -2 -2  0 -2  0 -3 -2 -2 -2  4 -3 -3  3  4 -4 -3 -2    2   0   0   0   0   5   0   6   0   0   0   0  16   0   0  30  41   0   0   0  0.60 0.25
  222 I    3 -3 -3 -3  2 -1 -2  1 -3  2  0 -2  1  1 -3  0 -1 -3 -2  0   38   0   0   0   4   4   0  11   0  21   5   0   4   7   0   4   0   0   0   2  0.25 0.14
  223 M   -1  0 -4 -5  1 -2 -4 -4 -3  0  0 -1  8  0 -4 -1 -2 -3 -3  0    3   4   0   0   3   0   0   0   0   4   3   3  67   3   0   6   0   0   0   4  1.07 0.34
  224 I   -3 -4 -5 -5 -3 -4 -5 -5 -4  6  1 -4  0 -1 -4 -4 -2 -3  2  2    0   0   0   0   0   0   0   0   0  70  10   0   0   0   0   0   0   0   8  12  0.94 0.27
  225 Y   -4 -4 -4 -6 -5 -4 -4 -5  0 -4 -3 -4 -3  2 -5 -4 -4  0  9 -3    0   0   0   0   0   0   0   0   0   0   0   0   0   4   0   0   0   0  96   0  2.37 0.49
  226 I    3  0 -2 -3 -2  0 -2 -2 -2  0  0 -1  2 -2 -2  2 -1 -3  0  0   42   7   0   0   0   4   0   0   0   5   6   0  10   0   0  18   0   0   3   6  0.28 0.15
  227 L   -2 -3 -4 -4  1 -3 -4 -4  0  2  4 -3  2 -1 -4 -2 -1 -3  0  2    0   0   0   0   3   0   0   0   4  14  55   0   4   0   0   3   3   0   3  12  0.48 0.16
  228 K   -1  4 -1  0 -4  0 -1 -3 -2 -3 -3  4 -2 -4  3 -1  1 -4 -3 -1    4  25   0   7   0   0   0   0   0   0   0  35   0   0  13   0  10   0   0   7  0.51 0.18
  229 A   -1 -3 -2 -3 -3 -2 -2 -1 -3 -2 -1 -2 -2  4 -1  2  4 -2 -1 -2    2   0   0   0   0   0   0   3   0   0   4   0   0  26   2  21  41   0   0   0  0.54 0.22
  230 R   -2  2 -3 -4 -2 -2 -3 -4  1  4  2 -2  2 -1 -4 -3 -1 -3 -2  3    0  15   0   0   0   0   0   0   4  37  15   0   6   0   0   0   2   0   0  21  0.41 0.16
  231 P   -2  1 -2 -1 -4  3 -1 -4  0 -3  0 -1 -2 -4  6 -1 -2 -4 -3 -3    0   9   0   2   0  21   2   0   3   0  12   2   0   0  47   2   0   0   0   0  0.98 0.24
  232 S    2  0 -1 -1 -2  2  3 -2 -2 -3 -1 -1  0 -3 -2  2  2 -3 -3 -2   24   4   0   0   0  10  26   0   0   0   4   0   3   0   0  14  14   0   0   0  0.33 0.15
  233 W   -5 -5 -7 -7 -5 -5 -6 -5 -5 -5 -4 -6 -4 -2 -6 -6 -5 13  0 -6    0   0   0   0   0   0   0   0   0   0   0   0   0   0   0   0   0 100   0   0  4.17 0.62
  234 Y    1 -2  3  1 -3  0 -2 -3  6 -3 -3 -2  2 -1 -3 -1 -2 -2  4 -3   17   0  15   7   0   2   0   0  31   0   0   0   7   0   0   2   0   0  19   0  0.62 0.22
  235 N   -1 -2  4  0 -3  0 -1 -2  4 -3 -3 -1 -3 -4 -3  3  4 -4 -2 -3    0   0  22   4   0   4   0   0  13   0   0   2   0   0   0  23  33   0   0   0  0.57 0.21
  236 P    0 -3 -1 -1 -3 -2 -2 -2 -3  1 -2 -1  0 -3  6 -1 -2  6 -2  0    6   0   4   3   0   0   0   2   0   9   0   2   2   0  44   5   0  13   0   9  0.89 0.21
  237 D    1 -3  1  1 -3 -2 -2 -3 -2 -1  3 -3  1 -1 -3 -1 -2  4  2 -1   13   0   9  12   0   0   0   0   0   0  43   0   2   0   0   3   0   8   9   0  0.31 0.16
  238 T   -2 -3 -2 -3 -3 -3 -3 -4 -4 -2 -3 -3 -2 -4 -3 -1  7 -4 -3  2    0   0   0   0   0   0   0   0   0   0   0   0   0   0   0   0  84   0   0  16  1.22 0.36
  239 P   -1 -4 -4 -4 -3 -3 -3 -4 -3 -1  0 -3  0 -2  6 -2 -2  2  1  3    4   0   0   0   0   0   0   0   0   0   7   0   2   0  51   0   0   3   7  26  1.05 0.25
  240 V    1 -3 -4 -4 -2 -3 -3 -3 -3  2  2 -3  2  2  0 -2 -1  1 -1  3   14   0   0   0   0   0   0   0   0  12  18   0   5   9   5   0   0   2   0  35  0.33 0.13
  241 S   -1 -2  5 -1  1  0 -2  1 -1 -2 -1 -2  1 -1 -3  2 -1 -3  0 -1    3   0  37   0   4   3   0   8   0   0   6   0   7   3   0  22   0   0   3   5  0.35 0.17
  242 F   -4 -4 -5 -5 -4 -4 -5 -5 -2 -2 -2 -5 -2  8 -5 -4 -4  0  6 -3    0   0   0   0   0   0   0   0   0   0   0   0   0  70   0   0   0   0  30   0  1.71 0.36
  243 I   -1 -3 -4 -4 -1 -3 -4 -4 -3  2  3 -3  0  3 -4 -3  0 -2  1  1    5   0   0   0   1   0   0   0   0  14  47   0   0  13   0   0   4   0   6  10  0.43 0.14
  244 G    3 -3 -2 -3 -2 -2 -3  5 -3 -3  0 -2  0 -3 -3  0 -2 -4 -3 -2   37   0   0   0   0   0   0  48   0   0  10   0   2   0   0   2   0   0   0   0  0.68 0.19
  245 S    1 -2 -1 -2 -2 -2 -2 -2 -2 -2  0 -2 -2  0 -2  4  4 -3 -2 -1    9   0   0   0   0   0   0   0   0   0   8   0   0   5   0  45  30   0   0   3  0.47 0.19
  246 I    2 -2 -2 -2 -2 -2 -2  4 -3  0 -2 -2  2 -3 -2  1  0 -3 -3  0   23   0   0   0   0   0   0  37   0  10   0   0   8   0   0  11   4   0   0   5  0.37 0.12
  247 F   -2 -3 -4 -4 -3 -3 -3 -4 -2  0  3 -3  0  6 -4 -3 -2  2  2  0    3   0   0   0   0   0   0   1   0   0  30   0   0  51   0   1   0   3   3   5  0.70 0.17
  248 T    0 -3 -2 -3 -2 -2 -2 -3 -3  0  0 -2  1  1 -3  0  5 -3  0 -1    7   0   0   0   0   0   0   0   0   7   8   0   5   7   0   3  60   0   3   0  0.52 0.20
  249 T    0 -3 -2 -3 -2 -2 -3  0 -3  1  3 -2  2 -1 -3  0  2 -3 -2  1    4   0   0   0   0   0   0  10   0   4  39   0   9   0   0   6  16   0   0  13  0.25 0.11
  250 S    2 -2 -2 -2 -2 -2 -2  4 -3  0 -1 -2  0 -3 -2  1 -1 -3 -3  0   29   0   0   0   0   0   0  36   0   6   5   0   3   0   0  12   0   0   0   8  0.37 0.12
  251 L    2 -2 -2 -2 -2 -2 -2  0 -3 -1  1 -2  0 -1  4  2  1 -3 -2  0   23   0   0   0   0   0   0   4   0   0  15   0   3   3  21  19   7   0   0   5  0.32 0.11
  252 P    3 -2 -2 -3 -2 -2 -2  0 -2 -1  0 -2  1 -2  5 -1  0 -3  0  0   36   0   0   0   0   0   0   5   0   0   7   0   5   0  28   0   5   0   4   9  0.46 0.13
  253 L   -2 -3 -4 -4  1 -2 -3 -4 -3  2  4 -3  1  1 -3 -3 -2 -2  1  2    0   0   0   0   3   2   0   0   0  13  56   0   0   3   0   0   0   0   6  14  0.44 0.12
  254 L    3 -2 -2 -2 -2 -2 -2  3 -3  0  0 -2 -1  0 -2  1  0 -3 -2 -1   40   0   0   0   0   0   0  24   0   4  10   0   0   5   0   8   7   0   0   3  0.29 0.11
  255 F    2 -3 -3 -3 -3 -2 -3 -1 -1 -2 -1 -3  0  5 -3  0 -2  0  5 -1   23   0   0   0   0   0   0   3   0   0   0   0   4  32   0   9   0   0  26   3  0.52 0.16
  256 Y   -2 -3 -4 -4 -3 -3 -3 -4 -1  0  2 -3  0  4 -1 -3 -1  5  5  1    0   0   0   0   0   0   0   0   0   0  21   0   0  26   3   0   4   9  28  10  0.60 0.14
  257 L   -1 -3 -3 -4 -2 -1 -3 -1 -3  1  3 -3  2  4 -3 -2 -2  5  0  0    5   0   0   0   0   3   0   4   0   4  36   0   9  23   0   3   0   9   0   4  0.36 0.11
  258 T    1  0 -1 -2 -2 -1 -2 -1 -2  0  1 -1  0 -1 -2  2  2 -2  1  0   15   5   0   0   0   0   0   4   0   7  24   0   0   0   0  21  15   0   6   0  0.12 0.07
  259 H   -1 -1  1 -1 -3  2  0  0  6 -1 -3 -1 -2 -2  2 -1 -2  4  0 -1    3   0  10   0   0  10   5   8  33   5   1   0   0   0  11   0   0   6   0   6  0.41 0.12
  260 E    1 -1  1  2 -2  1  2 -1 -1 -3 -3  0 -2 -3  1  2  0 -3 -2 -2   18   1   8  12   0   4  15   1   0   1   1   5   0   0   8  24   1   0   0   1  0.27 0.07
  261 V   -1 -2 -3 -3 -2 -1 -2 -1  0  2  3 -2  1  1  1 -2 -1  2  1  1    4   0   0   0   0   4   0   5   4  12  42   0   0   6   7   0   0   3   4   6  0.18 0.07
  262 F    0 -2 -2 -2 -2 -1 -2 -2 -2  1  1  0  1  0 -2  0  1  2  0  2    4   0   0   0   0   0   0   1   0  10  16   6   3   3   0  10  15   4   4  22  0.12 0.05
  263 I    0 -2 -2  1 -2 -2 -2 -1 -2  1  2 -2  0  0 -2 -1  1 -2 -1  1   10   0   0  12   0   0   0   4   0   9  35   0   0   4   0   1  13   0   0   9  0.13 0.06
  264 I   -1 -1 -2 -3 -2  0 -2 -1 -2  2  3 -2  1  1 -2 -1  1 -2 -1  0    1   4   0   0   0   5   0   5   0  14  39   0   4   8   0   5  12   0   0   1  0.15 0.07
  265 P    1 -2 -2 -3  2  0 -2 -2 -2  1  2 -2  2  0  0 -1  0 -2 -1  1   13   0   0   0   6   8   0   1   0  11  23   0   9   5   4   1   4   0   0  13  0.13 0.05
  266 A    2  1 -2 -2 -2 -1 -2  0 -2  0  2 -1  0 -2  2 -1  0 -3 -2 -1   26  14   0   0   0   0   0   5   0   5  27   0   0   0  11   1   8   0   0   1  0.16 0.07
  267 L    1 -2 -2 -2 -2 -2 -2  4 -2  1  0 -2 -1 -2  0  0  0 -3 -2  0   10   0   0   0   0   0   0  38   0  13  14   0   0   0   5   5   5   0   0   8  0.26 0.07
  268 I    0 -3 -2 -3 -2 -2 -2  3 -3  0  0 -2 -1  0  0 -1 -1  5 -1  1    8   0   0   0   0   0   1  35   0   7  13   0   0   5   5   1   0  10   0  13  0.29 0.08
  269 V    3 -2  1 -2 -1 -2 -2  0 -2  2  0 -2 -1 -2 -2  0 -1 -3 -2  1   39   0  13   0   0   0   1   4   0  22   5   0   0   0   0   1   0   0   0  12  0.20 0.09
  270 V    1 -2 -2 -2 -2 -2 -2 -2 -2  1  0  0  0  2 -2  0  1  5  0  1   14   0   0   0   0   0   1   1   0   8   6   8   0  17   0   4  13   9   0  18  0.17 0.06
  271 L    0  1 -2 -3 -2 -2 -2  0 -2  1  3 -1  0 -1 -2 -1 -1  3 -1  0   12  13   0   0   0   0   1  10   0   5  43   0   0   0   0   4   0   5   0   4  0.16 0.07
  272 G    1 -2 -2 -2  2 -2 -2  3 -2  0  1 -2  0  0 -2  0 -1 -2 -2  1   18   0   0   0   5   0   1  26   0   6  20   0   0   5   0   4   0   0   0  12  0.16 0.06
  273 V    1 -2 -2 -3 -1 -2 -2 -1 -3  3  1 -2  0  1 -2  0  1 -2 -1  2   15   0   0   0   0   0   1   4   0  34   6   0   0   6   0   5  10   0   0  16  0.17 0.07
  274 E    0 -1 -1  0 -2  0  3  0 -1 -1 -2  1 -1 -2 -1  1  0 -3 -2  1    6   1   1   1   0   1  34   6   0   1   1  11   0   1   1  14   5   0   0  17  0.21 0.08
  275 I   -2 -3 -3 -3 -2 -3 -3 -4 -3  4  3 -3  2  0 -3 -3 -1  3 -1  2    1   0   0   0   0   0   1   1   0  35  35   0   4   0   0   1   0   5   0  15  0.41 0.10
  276 L    0 -2 -2 -2 -1 -2 -2 -1 -2  2  2 -2  0 -1  1  0 -1 -2  0  1    6   1   1   1   0   1   1   6   0  24  24   1   0   0   8  13   1   0   4   9  0.13 0.05
  277 T    1  1 -1 -2 -2 -1 -1 -1 -1 -2 -1 -1 -1  0 -2  2  2  3  1 -1   17  14   1   1   0   1   1   1   0   1   6   1   0   6   1  18  22   5   6   1  0.18 0.07
  278 G    1 -2  3 -2 -2 -2 -2  2 -2 -2 -1 -2 -2 -1 -2 -1 -1  8  0 -2   17   1  21   1   0   1   1  15   0   1   7   1   0   1   1   1   1  31   0   1  0.68 0.13
  279 Y    1  1  0 -2 -2  0 -1  0  1 -1 -2 -1 -1  0 -2  1  1  5  2 -1   14  11   4   0   0   6   0   5   4   6   0   0   0   5   0  11  12  10   9   0  0.17 0.05
  280 K    0  4 -1 -2 -2  0 -1 -2 -1 -1  0  1  0  0 -2  1  0 -3 -1  0   10  35   0   0   0   0   0   0   0   0   8   9   4   6   0  16   6   0   0   6  0.23 0.08
  281 K    0  2 -1  2 -3 -1  0  0 -2  0 -1  2 -1 -2 -2  0 -1  4 -2 -1    7  15   0  21   0   0   0   7   0  13   6  16   0   0   0   6   0   8   0   0  0.18 0.06
  282 S    3 -1 -2 -2 -1 -1 -1 -1 -2  1 -1  1 -1 -2 -2  1  1 -3 -2  1   45   0   0   0   0   0   0   0   0  11   0  11   0   0   0  14   6   0   0  13  0.24 0.08
  283 R   -1  5  2 -1 -3  0 -1 -2 -1 -3 -3  2 -2 -3 -2  2  1 -4 -2 -3    0  45  16   0   0   0   0   0   0   0   0  10   0   0   0  21   8   0   0   0  0.50 0.10
  284 T   -1  1 -1  0 -2 -1 -1  1 -2  0  1  1  0 -1 -2 -1  2 -2  1  0    0   7   0   5   0   0   0  12   0   5  20  13   0   0   0   0  20   0   9   9  0.07 0.04
  285 R   -2  5  1 -2 -3  0  0 -3 -1 -2  1  1 -1 -3 -3  0 -1 -3 -2 -2    0  60   7   0   0   0   6   0   0   0  20   0   0   0   0   7   0   0   0   0  0.51 0.12
  286 V    1  3  0 -2 -2  0 -1  0 -2 -1 -1  1  0 -2 -2  0  1 -3 -2  1   22  23   6   0   0   0   0   6   0   0   0   8   6   0   0   0  14   0   0  16  0.15 0.05
  287 I   -1 -2  2 -1 -2 -1 -2 -2 -2  2  1 -2  3 -1 -2  1  0 -3 -2  1    0   0  19   0   0   0   0   0   0  21  17   0  15   0   0  22   0   0   0   7  0.16 0.05
  288 L    0 -2 -3 -4 -2 -2 -3 -3  2  1  4 -3  1  0 -3 -2 -2 -2 -1  0   11   0   0   0   0   0   0   0  11   0  78   0   0   0   0   0   0   0   0   0  0.42 0.08
  289 N   -2  3  4  0 -3  2  0 -2  3 -3 -3  2 -2 -2 -2  0 -1 -2  1 -3    0  22  36   0   0  15   0   0   9   0   0  11   0   0   0   0   0   0   8   0  0.43 0.07
  290 A    0 -2 -3 -3 -2 -2 -3 -3  2  3  3 -3  1  0 -3 -2 -1 -3 -1  1    7   0   0   0   0   0   0   0  11  26  49   0   0   0   0   0   0   0   0   7  0.31 0.06
  291 V    1  1 -2 -2 -2 -1 -1 -2 -2  0 -2  2 -1 -3  5 -1 -1 -4 -2  1   15  11   0   0   0   0   0   0   0   8   0  22   0   0  31   0   0   0   0  14  0.45 0.05
  292 S   -1 -2 -1 -2 -2 -1 -2 -2  0 -1  0 -2  2  1  2  2 -1  0  5 -1    0   0   0   0   0   0   0   0   0   0   8   0  15   0  11  31   0   0  35   0  0.34 0.08
  293 I   -2  2 -2 -3 -2 -1 -2 -4 -2  3  2 -1  1 -1 -3 -2  1 -3 -2  1    0  22   0   0   0   0   0   0   0  35  32   0   0   0   0   0  11   0   0   0  0.25 0.06
  294 A    1 -2 -1 -2 -1 -2 -2 -2 -2  1  1 -2  0 -1 -2  2  0 -3 -2  2    7   0   0   0   0   0   0   0   0   9  17   0   0   0   0  37   0   0   0  30  0.19 0.06
  295 L   -1 -2  1 -2 -2  1 -1 -2 -2  2  2 -1  0 -1 -2  1  0 -3 -2  2    0   0  11   0   0  11   0   0   0  13  23   0   0   0   0  19   0   0   0  23  0.13 0.04
  296 S   -1 -2 -2 -2 -2 -1  0  0 -2  1  2 -2  1 -1 -2  1  1 -3 -2  0    0   0   0   0   0   0   7   8   0  11  42   0   0   0   0  20  11   0   0   0  0.14 0.04
  297 L    2 -1 -2 -2 -1  1 -1 -2 -2  1  1  1  2 -1 -2  0 -1 -3 -2  1   34   0   0   0   0  11   0   0   0   7  20  11   8   0   0   0   0   0   0   9  0.13 0.04
  298 L    0 -2 -2 -3 -1 -2 -2 -3 -3  2  2 -2  1  1 -2 -1  3 -2 -1  1    7   0   0   0   0   0   0   0   0  22  30   0   0   8   0   0  33   0   0   0  0.23 0.05
  299 S    2 -2 -1 -2 -1 -1 -1  1 -2  1 -1 -1 -1  1  1  2  1 -3 -1  0   22   0   0   0   0   0   0  11   0  15   0   0   0   8   8  29   7   0   0   0  0.18 0.04
  300 I   -2 -4 -4 -4 -2 -3 -4 -4 -4  5  2 -3  1  1 -4 -3 -1 -3 -1  2    0   0   0   0   0   0   0   0   0  85   8   0   0   7   0   0   0   0   0   0  0.60 0.11
  301 P   -1  1 -1 -2 -2 -2 -2  2 -2  1 -1 -1 -1  2  3  1 -1 -2 -1  0    0  11   0   0   0   0   0  22   0  14   0   0   0  16  15  15   0   0   0   7  0.19 0.04
  302 L    0 -3 -3 -3 -1 -2 -3 -3 -3  2  2 -2  1  1 -3 -1  0 -2 -1  2   11   0   0   0   0   0   0   0   0  15  30   0   0   7   0   0   8   0   0  29  0.24 0.04
  303 P    1  1 -2 -2 -3 -1 -1 -2  3 -3 -3 -1 -2 -3  6 -1 -1 -3 -2 -2   16  11   0   0   0   0   1   1  11   0   1   0   0   0  55   1   0   0   0   1  0.99 0.08
  304 F   -1 -1 -1 -1 -2  0  1 -2  4 -1  1 -1  0  2 -2  1 -1 -1  1 -1    1   1   1   1   0   1  14   1  22   1  18   1   0  16   1  16   1   0   1   1  0.15 0.04
  305 I    0 -1 -2 -2 -1  1 -1 -2 -2  2  0 -1  0 -1  2 -1  1 -2 -1  2    9   1   1   1   0  12   1   1   0  30   2   1   0   1  12   1   9   0   1  16  0.14 0.03
  306 I   -1  1  1 -2  2 -1 -2  2 -2  2 -1 -1 -1 -2 -3  0  0 -3 -2  0    0  11  11   0   8   0   0  18   0  35   0   0   0   0   0   9   8   0   0   0  0.12 0.05
  307 L   -1 -3 -4 -4 -2 -3 -3 -4 -3  4  3 -3  3  0 -3 -3 -1 -3 -2  2    0   0   0   0   0   0   0   0   0  44  26   0  15   0   0   0   0   0   0  15  0.42 0.06
  308 A    2 -2 -2 -3 -1  1 -1 -2 -2  2  1 -1  0 -1 -2 -1 -1 -3 -2  2   29   0   0   0   0  15   0   0   0  13  17   0   0   0   0   0   0   0   0  26  0.17 0.05
  309 D    2 -1 -1  1 -2  3  0 -1 -1 -2 -2  0 -1 -3  1  0  1 -3 -2  0   32   0   0   7   0  33   0   0   0   0   0   0   0   0   8   0  14   0   0   6  0.29 0.07
  310 E    2  1 -1 -1 -2  2  2 -1 -1 -2 -2  0 -1 -3 -1  2  2 -3 -2 -1   22  11   0   0   0  11  20   0   0   0   0   0   0   0   0  17  19   0   0   0  0.28 0.05
  311 I    0 -2 -1 -2 -1 -1 -2 -2 -2  2  0 -1  0 -2 -2  3  1 -3 -2  1    0   0   0   0   0   0   0   0   0  20   9   0   0   0   0  48   8   0   0  16  0.22 0.06
  312 V   -1 -2 -2 -3 -2  2 -1 -3 -2  3  2 -1  3 -1 -3 -2 -1 -3 -2  2    0   0   0   0   0  22   0   0   0  23  15   0  17   0   0   0   0   0   0  23  0.25 0.06
  313 N    1 -2  3 -1 -2 -1 -2  4 -2 -3 -3 -1 -3 -3  3  1 -1 -3 -3 -3   16   0  20   0   0   0   0  41   0   0   0   0   0   0  15   7   0   0   0   0  0.54 0.06
  314 L   -2 -3 -4 -4 -2 -3 -3 -4 -3  3  3 -3  3  2 -3 -3 -1 -2 -1  1    0   0   0   0   0   0   0   0   0  29  49   0  11  11   0   0   0   0   0   0  0.43 0.06
  315 V    0 -2 -2 -2 -1 -2 -2 -2 -2  2  1 -2  2 -1 -2  2  0 -3 -2  2    0   0   0   0   0   0   0   0   0  23  15   0  11   0   0  30   0   0   0  20  0.20 0.05
  316 S    2 -1  0 -1 -1 -1 -1  2 -2 -3 -3 -1 -2 -3 -1  4  1 -3 -2 -2   25   0   0   0   0   0   0  13   0   0   0   0   0   0   0  63   0   0   0   0  0.45 0.07
  317 E   -1 -1 -1  0 -4  1  5  4 -1 -4 -4  0 -3 -4 -2 -1 -2 -3 -3 -3    0   0   0   0   0   0  63  37   0   0   0   0   0   0   0   0   0   0   0   0  0.67 0.08
  318 V    0 -2 -1 -2 -1 -2 -2 -2 -2  3  0 -2  0 -2 -2  2  1 -3 -2  2    0   0   0   0   0   0   0   0   0  28   0   0   0   0   0  37   8   0   0  27  0.22 0.05
  319 S   -1 -2 -2 -2 -2 -2  0 -3 -1  2  0 -2  0  4 -3  0  0  0  3  0    0   0   0   0   0   0   8   0   0  29   0   0   0  37   0   9   8   0   9   0  0.27 0.05
  320 H    0 -1  4  0 -3  0 -1 -2  7 -4 -3 -1 -2 -2 -3  0 -1 -3  0 -3   10   0  37   0   0   0   0   0  52   0   0   0   0   0   0   0   0   0   0   0  0.74 0.09
  321 R   -1  5 -1 -2 -3  0 -1 -3 -1 -2 -2  1 -2 -3 -2  0  3 -3 -2 -2    0  63   0   0   0   0   0   0   0   0   0   0   0   0   0   0  37   0   0   0  0.61 0.08
  322 I   -2  6 -1 -2 -3  0 -1 -3 -1 -1 -2  2 -1 -3 -2 -1  0 -3 -2 -2    0  74   0   0   0   0   0   0   0   9   0   8   0   0   0   0   9   0   0   0  0.64 0.08
  323 Q   -1  0  2  1 -4  2  5 -2  3 -4 -3  0 -2 -4 -2 -1 -1 -3 -2 -3    0   0  10   0   0   9  71   0   9   0   0   0   0   0   0   0   0   0   0   0  0.70 0.08
  324 F   -3 -4 -4 -4 -3 -4 -4 -4 -2 -1  0 -4 -1  7 -4 -3 -3  0  3 -1    0   0   0   0   0   0   0   0   0   0   0   0   0 100   0   0   0   0   0   0  1.17 0.12
  325 Y   -3 -3 -3 -4 -3 -3 -3 -4  0 -1  0 -3 -1  6 -4 -3 -3  1  6 -2    0   0   0   0   0   0   0   0   0   0   0   0   0  66   0   0   0   0  34   0  0.96 0.09
  326 Q   -1  1  0  0 -4  4  4 -2  0 -3 -3  2 -1 -4 -1  0 -1 -3 -2 -3    0   0   0   0   0  43  42   0   0   0   0  15   0   0   0   0   0   0   0   0  0.59 0.02
  327 K   -1  2  0 -1 -3  1  1 -2 -1 -3 -3  5 -2 -4 -1  0 -1 -3 -2 -3    0   0   0   0   0   0   0   0   0   0   0 100   0   0   0   0   0   0   0   0  0.63 0.03
  328 V   -1 -3 -3 -4 -1 -3 -3 -4 -4  3  1 -3  1 -1 -3 -2  0 -3 -1  4    0   0   0   0   0   0   0   0   0  17   0   0   0   0   0   0   0   0   0  83  0.41 0.02
  329 V    0 -1 -2 -2 -1 -1 -2 -3 -3  2  0  1  0 -1 -2 -1  2 -3 -2  3    0   0   0   0   0   0   0   0   0  13   0  15   0   0   0   0  17   0   0  55  0.20 0.02
  330 Y   -2 -2 -3 -4 -3 -2 -2 -4  2 -2 -1 -2 -1  3 -3 -2 -2  2  8 -2    0   0   0   0   0   0   0   0   0   0   0   0   0   0   0   0   0   0 100   0  1.06 0.05
  331 Y   -2 -2 -3 -4 -3 -2 -2 -4  2 -2 -1 -2 -1  3 -3 -2 -2  2  8 -2    0   0   0   0   0   0   0   0   0   0   0   0   0   0   0   0   0   0 100   0  1.06 0.05
  332 G    0 -3 -1 -2 -3 -2 -2  6 -2 -4 -4 -2 -3 -4 -2  0 -2 -3 -3 -4    0   0   0   0   0   0   0 100   0   0   0   0   0   0   0   0   0   0   0   0  1.13 0.03
  333 L   -1 -3 -3 -4 -1 -2 -3 -4 -3  2  3 -3  2  0 -3 -2 -1 -2 -1  3    0   0   0   0   0   0   0   0   0   0  56   0   0   0   0   0   0   0   0  44  0.37 0.02
  334 P   -1 -3 -2 -2 -3 -2 -1 -3 -3 -3 -3 -1 -3 -4  8 -1 -1 -4 -3 -3    0   0   0   0   0   0   0   0   0   0   0   0   0   0 100   0   0   0   0   0  2.14 0.04
  335 K    0  1  0 -1 -2  1  0 -2 -1 -2 -2  4 -1 -3 -1  2  2 -3 -2 -2    0   0   0   0   0   0   0   0   0   0   0  54   0   0   0  17  29   0   0   0  0.34 0.02
  336 V    0 -3 -3 -3 -1 -2 -3 -3 -3  3  1 -3  1 -1 -3 -2  0 -3 -1  4    0   0   0   0   0   0   0   0   0   0   0   0   0   0   0   0   0   0   0 100  0.39 0.01

                      K         Lambda
Standard Ungapped    0.1429     0.3265
Standard Gapped      0.0410     0.2670
PSI Ungapped         0.1232     0.3175
PSI Gapped           0.0377     0.2670
