
Last position-specific scoring matrix computed, weighted observed percentages rounded down, information per position, and relative weight of gapless real matches to pseudocounts
           A  R  N  D  C  Q  E  G  H  I  L  K  M  F  P  S  T  W  Y  V   A   R   N   D   C   Q   E   G   H   I   L   K   M   F   P   S   T   W   Y   V
    1 M   -1 -1 -2 -3 -1  0 -2 -3 -2  1  2 -1  5  0 -2 -1 -1 -1 -1  1    0   0   0   0   0   0   0   0   0   0   0   0   0   0   0   0   0   0   0   0  0.00    0.00
    2 P   -1 -2 -2 -1 -3 -1 -1 -2 -2 -3 -3 -1 -2 -4  7 -1 -1 -4 -3 -2    0   0   0   0   0   0   0   0   0   0   0   0   0   0   0   0   0   0   0   0  0.00    0.00
    3 R   -1  5  0 -2 -3  1  0 -2  0 -3 -2  2 -1 -3 -2 -1 -1 -3 -2 -2    0   0   0   0   0   0   0   0   0   0   0   0   0   0   0   0   0   0   0   0  0.00    0.00
    4 G    0 -2  0 -1 -2 -2 -2  5 -2 -4 -4 -1 -3 -3 -2  0 -2 -2 -3 -3    0   0   0   0   0   0   0   0   0   0   0   0   0   0   0   0   0   0   0   0  0.00    0.00
    5 E   -1  0  0  1 -4  2  5 -2  0 -3 -3  1 -2 -3 -1  0 -1 -3 -2 -2    0   0   0   0   0   0   0   0   0   0   0   0   0   0   0   0   0   0   0   0  0.00    0.00
    6 L   -1 -2 -3 -4 -1 -2 -3 -4 -3  1  4 -2  2  0 -3 -2 -1 -2 -1  1    0   0   0   0   0   0   0   0   0   0   0   0   0   0   0   0   0   0   0   0  0.00    0.00
    7 Y   -2 -2 -2 -3 -2 -1 -2 -3  2 -1 -1 -2 -1  3 -3 -2 -2  2  6 -1    0   0   0   0   0   0   0   0   0   0   0   0   0   0   0   0   0   0   0   0  0.00    0.00
    8 K   -1  2  0 -1 -3  1  1 -1 -1 -3 -2  4 -1 -3 -1  0 -1 -3 -2 -2    0   0   0   0   0   0   0   0   0   0   0   0   0   0   0   0   0   0   0   0  0.00    0.00
    9 R   -1  5  0 -2 -3  1  0 -2  0 -3 -2  2 -1 -3 -2 -1 -1 -3 -2 -2    0   0   0   0   0   0   0   0   0   0   0   0   0   0   0   0   0   0   0   0  0.00    0.00
   10 F   -2 -3 -3 -3 -2 -3 -3 -3 -1  0  0 -3  0  6 -4 -2 -2  1  3 -1    0   0   0   0   0   0   0   0   0   0   0   0   0   0   0   0   0   0   0   0  0.00    0.00
   11 R   -1  5  0 -2 -3  1  0 -2  0 -3 -2  2 -1 -3 -2 -1 -1 -3 -2 -2    0   0   0   0   0   0   0   0   0   0   0   0   0   0   0   0   0   0   0   0  0.00    0.00
   12 L   -1 -2 -3 -4 -1 -2 -3 -4 -3  2  3 -3  2  0 -3 -2 -1 -2 -1  3    0   0   0   0   0   0   0   0   0   0  50   0   0   0   0   0   0   0   0  50  0.32 0.00
   13 V   -1 -2 -3 -4 -1 -2 -3 -4 -3  2  3 -3  2  0 -3 -2 -1 -2 -1  3    0   0   0   0   0   0   0   0   0   0  50   0   0   0   0   0   0   0   0  50  0.32 0.00
   14 M   -2 -2 -3 -4 -2 -1 -3 -3 -1  1  2 -2  6  1 -3 -2 -1  0  3  0    0   0   0   0   0   0   0   0   0   0  20   0  58   0   0   0   0   0  22   0  0.42 0.06
   15 G    1 -2 -1  0 -3  0  3  4 -2 -3 -3 -1 -2 -3 -2  0 -1 -3 -3 -3   17   0   0   0   0   0  31  52   0   0   0   0   0   0   0   0   0   0   0   0  0.55 0.05
   16 G    2 -2 -1 -2 -3  1 -2  5 -2 -4 -4 -1 -3 -4 -2  0 -2 -3 -3 -3   22   0   0   0   0  11   0  68   0   0   0   0   0   0   0   0   0   0   0   0  0.79 0.11
   17 I   -1 -3 -3 -3 -2 -2 -3 -3 -3  1  3 -3  2  1  1  0 -1 -2 -1  1    0   0   0   0   0   0   0   0   0   7  49   0   5   7   8  12   0   0   0  13  0.32 0.11
   18 A    3 -2 -2  0 -2 -2 -2 -2 -3  0  0 -1 -1 -2 -2  1  1 -3 -2  2   36   0   0   6   0   0   0   0   0   0  11   3   0   0   0  14  11   0   0  18  0.23 0.13
   19 P   -3 -3 -4 -3 -5  0 -3 -4 -4 -5 -5 -1 -4 -6  8 -3 -3 -5 -5 -4    0   0   0   0   0   5   0   0   0   0   0   4   0   0  92   0   0   0   0   0  2.41 0.41
   20 C    0 -3 -3 -3  7 -3 -3 -1 -3  0  1 -1 -1  0  0 -1  1 -3 -2  1    4   0   0   0  30   0   0   6   0   3  19   6   0   4   4   4   9   0   0  12  0.39 0.16
   21 G    0  2  0  2 -3 -1 -1  3  1 -3 -3  0 -3 -2  0  0  0 -2  2 -3    6  14   3  14   0   0   0  26   4   0   0   5   0   0   4   8   6   0  11   0  0.29 0.13
   22 S    2 -1 -1 -2  3  0  0  0 -2 -2 -1 -1 -1  2  1  1  0 -2 -1 -2   22   3   3   0   7   6   5   8   0   0   6   0   0  15   6  10   7   0   0   0  0.15 0.11
   23 G    3 -1  2  2 -2 -1 -1  1 -2 -1 -1 -1 -2 -3  0  1 -1 -3 -3 -2   31   3  10  13   0   0   2  10   0   6   6   3   0   0   4  10   0   0   0   0  0.21 0.14
   24 R   -1  2  1  1  0  0  0 -1  0 -3 -1  0 -2 -1  2  1 -1 -3  1 -3    2  18   9  11   2   4   3   3   2   0   8   3   0   2  11  14   2   0   5   0  0.20 0.13
   25 R    1  3 -2 -1 -3  0 -1 -3 -2 -3  0  0 -2 -1  4 -2  0 -3  2 -2   12  24   0   2   0   4   3   0   0   0  13   3   0   2  22   0   5   0  10   0  0.42 0.23
   26 A    3  0 -2 -2 -2  0 -1  0 -3 -2 -3 -2 -1 -3  2  1  2 -4  0 -1   37   5   0   1   0   4   3   4   0   2   0   0   2   0  11  11  14   0   4   2  0.35 0.23
   27 A    4 -2  1 -2 -2 -2 -1 -2 -3 -2 -1 -1 -2 -3  0  2  0  2 -3 -1   45   2   8   2   0   0   2   0   0   1   5   3   0   0   4  18   5   3   0   3  0.43 0.27
   28 T   -2 -1 -1  3 -1 -1 -1 -4 -2 -3  1 -3 -2 -2 -1  0  5 -4 -3 -1    0   3   2  18   1   2   4   0   1   0  13   0   0   1   2   5  44   0   0   3  0.56 0.37
   29 Y   -2 -1 -4 -3 -1 -3 -4 -3 -3  3  1 -3  0  1 -1 -3  0  6  4  0    3   4   0   2   1   0   0   2   0  24  13   0   1   6   3   0   6  11  18   6  0.51 0.30
   30 P    0 -4 -4 -2 -2 -3  0  0 -1  1 -1 -3 -3 -4  6 -1 -2 -5 -2 -1    8   0   0   2   1   0   6   7   2  10   6   0   0   0  47   5   2   0   1   3  0.92 0.43
   31 R   -1  1  2  1 -1  3  2 -3 -1 -1 -1  1 -2 -2 -3 -1 -1  6 -2 -2    5   7   9   7   1  13  17   1   1   4   8   7   0   1   0   2   4  11   0   2  0.34 0.25
   32 R   -1  3  0 -3 -2  1 -2 -2  3 -1  1  0  0 -1 -1 -1 -2  7 -1 -1    6  18   5   0   1   7   2   3   9   5  13   4   2   1   3   3   2  15   1   3  0.39 0.28
   33 M   -1 -3 -2 -5 -2 -1 -3 -5  2  3  4 -4  0  2 -4 -3 -2 -4 -2  1    4   1   2   0   1   3   2   0   7  15  43   0   1   8   1   1   1   0   0   9  0.55 0.34
   34 Q    0  1 -1  0  0  2  1 -2  0 -1  0  0 -2  0  0  0 -1  5 -1 -2    6  11   1   5   2  10   9   2   2   4   9   5   0   5   5   6   4  10   1   2  0.17 0.16
   35 I    0  2 -1  0  0  2  2 -3 -2  1  1  0 -1 -2 -2 -2  0 -1 -2 -1    9  14   2   4   2  10  14   1   0  10  17   3   1   1   1   1   6   1   1   3  0.17 0.19
   36 R    1  4  0 -3 -3  1  0 -3  5 -3 -2 -1 -4 -3 -4  0 -1 -1  0 -4   11  28   5   1   1   7   7   1  17   1   3   2   0   1   0   8   4   1   3   0  0.59 0.40
   37 P    4 -1 -2 -1 -1  1  0 -3  1 -1 -1  0  1 -1 -1  0 -1 -4 -2  1   38   3   2   2   1   7   5   1   3   2   7   4   3   2   2   4   2   0   1  10  0.29 0.28
   38 Y    1  2 -1  0 -3  1  1 -1  1 -2 -1  0 -1  0 -1 -1 -1  2  1 -2   17  15   2   6   0   5  12   3   5   2   7   4   1   4   2   4   2   3   6   1  0.15 0.17
   39 I    2  1 -2 -2  1  0 -1 -2 -1  0  1  1 -1  0 -3  0  0 -3 -2  1   20   8   1   1   3   4   3   2   1   5  15   8   1   4   0   7   4   0   1  11  0.10 0.15
   40 G    1  0  0  0 -2  1  1 -1  2 -2 -1 -1 -1  2 -2  0  0  2  2 -1   16   4   5   6   0   6   9   4   5   0   5   2   1  10   1   6   8   3   8   3  0.13 0.15
   41 A    2  1 -4 -3 -5 -3 -1  2 -4 -5 -3 -3 -5 -4  6  0 -3 -3 -2 -4   19   7   0   1   0   1   4  18   0   0   2   1   0   1  37   5   1   0   2   1  0.89 0.51
   42 D   -1 -1  2  6 -6  1  1 -2  3 -6 -5 -2 -5 -3 -3 -1 -2 -6 -3 -5    5   3  11  44   0   6  10   3   8   0   1   1   0   1   1   4   2   0   1   0  0.91 0.51
   43 K    0  4 -2 -1 -2  1  0 -2  1 -5 -4  4 -4 -5  2  0 -2 -5 -4 -4    8  24   1   3   1   5   4   3   3   0   1  29   0   0   9   6   2   0   0   1  0.61 0.40
   44 P   -2 -2 -1 -1 -4  0  1 -3 -2  1 -1  0 -1 -4  5 -1  3 -5 -4  0    2   1   2   4   0   3  11   1   1  10   4   5   1   0  26   2  18   0   0   7  0.48 0.34
   45 A    6 -1 -3 -4  4 -4 -4 -1 -2 -2 -3 -3 -4  0 -3 -1 -2 -5 -2 -2   64   3   1   1   9   0   0   3   1   2   2   1   0   4   1   4   1   0   1   2  1.08 0.61
   46 V   -1 -5 -5 -5 -2 -3 -3 -5 -5  4  4 -4  0  0 -3 -4 -2 -1 -2  3    5   0   0   0   1   1   2   0   0  20  36   0   2   3   1   1   2   1   1  22  0.71 0.40
   47 I    3 -1 -5 -4 -1 -4 -4 -4 -3  5 -1 -3 -2 -2 -4 -3 -1 -2 -2  3   27   4   0   1   1   1   0   0   0  33   5   1   0   1   0   1   4   1   2  18  0.71 0.44
   48 L   -1 -3 -1  3  2 -2  0 -3 -3  1  2 -2  0  2 -3 -1 -2  0  0  1    5   1   2  17   4   1   5   1   0   8  24   2   2  10   1   3   2   1   3   9  0.24 0.20
   49 Y    0  1 -1 -1 -1 -1  0  1  1  0 -1 -1  0 -1  1  0 -1 -1  1  0    9   9   1   3   2   2   6  13   4   8   3   3   3   2   7   6   3   1   5  10  0.05 0.07
   50 P    0 -1  0  1 -1  0  1  0  3 -2 -1 -2 -1  1  0  1  0  3  1 -1   10   2   5   8   1   3   8   5   7   2   4   1   1   5   5  10   6   5   6   5  0.10 0.11
   51 S   -1 -1  3  3 -4  1  2  1  0 -4 -3 -1 -2 -3 -1  0  2 -4 -3 -3    5   3  13  19   0   6  12  11   3   1   2   3   1   1   2   5  11   0   0   1  0.37 0.27
   52 G   -2 -1  1  4 -5  0  0  4 -1 -4 -4  0 -5 -5 -4 -1 -2 -5 -5 -4    2   3   6  27   0   4   5  35   1   1   1   5   0   0   0   4   2   0   0   1  0.80 0.45
   53 T   -1  2 -1  1 -2  2  2 -1  2  0 -3  2 -3 -2 -3 -1  1 -4 -2  0    4  13   1   6   1  10  14   4   6   7   2  11   0   1   1   3  10   0   1   6  0.23 0.23
   54 V    0  2 -1 -1 -1  2  1 -3  0 -1 -3  0 -2 -2 -1  2  2 -3 -2  1    5  14   2   2   2   9   8   1   3   3   1   5   1   1   3  14  16   0   1  10  0.24 0.26
   55 I   -4 -4 -6 -5 -2 -4 -4 -6  0  2  3 -4  2  1 -6 -4 -2  4  6  1    1   0   0   1   1   1   1   0   2  12  30   1   4   5   0   1   2   6  25   8  0.89 0.50
   56 S   -4 -4  0 -1 -2 -5 -4 -4 -4 -6 -5 -5 -5 -7 -3  4  7 -7 -6 -5    1   1   4   3   1   0   1   1   0   0   1   0   0   0   1  27  59   0   0   0  1.62 0.90
   57 F   -3 -2 -7 -8 -1 -3 -7 -5  0 -6 -5 -7 -6  4 -8 -6 -6  6  9 -4    2   3   0   0   1   1   0   1   2   0   1   0   0  16   0   0   0  11  60   1  2.34 1.04
   58 D    3  3 -1  0 -5  1 -1  3 -1 -4 -4 -1 -4 -5 -3  0 -2 -3 -4 -4   26  16   3   6   0   6   4  21   1   0   1   4   0   0   1   6   2   0   0   1  0.49 0.38
   59 E    0  0 -4  2 -7  5  5 -3 -1 -7 -6 -2 -3 -7 -5 -3 -1  1 -4 -6    8   4   0  11   0  22  43   2   2   0   0   1   1   0   0   1   3   2   0   0  1.15 0.70
   60 L   -2 -6 -7 -8 -5 -6 -7 -7 -7  0  5 -7  2  3 -7 -6 -2 -2 -3  1    4   0   0   0   0   0   0   0   0   5  63   0   5  10   0   0   2   1   1  10  1.32 0.69
   61 E    0  1  2  2  2 -1  1 -2  2 -1  0 -1 -3 -2 -4 -1 -2  2  3 -2    7   8  10  13   5   2   8   3   5   3  11   2   0   1   0   4   1   3  10   3  0.19 0.22
   62 A    2  2  0  2 -5  2  3 -1  0 -3 -1  0 -4 -5 -4 -1  0 -2 -3 -3   18  11   4  13   0   8  18   3   2   1   6   4   0   0   0   4   6   0   1   1  0.36 0.33
   63 R    1  5 -2 -1 -5  2  1 -5  0 -1  0  1  0 -3 -4 -2 -2  0 -2 -3   13  31   2   3   0  10   9   0   2   3   8   7   2   1   0   2   2   2   2   1  0.52 0.40
   64 A    2 -3 -5 -5  0 -3 -5 -5 -5  3 -2 -4 -1 -3 -5  2  1 -6 -2  4   20   1   0   0   2   1   0   0   0  18   2   1   2   1   0  17   7   0   1  27  0.71 0.49
   65 N   -1  2  3  3  1  1  1 -2  0 -2 -1  0  0 -3 -4 -1 -1 -5 -2 -2    6  13  16  15   3   5   8   2   2   2   8   4   2   1   0   4   4   0   2   2  0.27 0.25
   66 R    1  5 -2 -1 -1  2  0 -3 -2 -3 -2  2 -3 -3 -4  0 -2 -5 -2 -3   14  32   2   3   1   8   5   2   1   1   3  12   1   1   0   7   2   0   1   1  0.57 0.41
   67 L    0 -1 -4 -5  1 -3 -3 -3 -4  1  3 -1  1  1 -5 -3 -1  3  1  1    8   4   1   0   3   1   2   2   0   6  34   3   3   6   0   2   4   5   4  11  0.39 0.29
   68 A    6 -2 -4 -5 -1 -1 -2 -2 -3 -2 -2 -3 -5 -5 -5  0  0 -6 -4 -3   68   2   1   0   1   2   2   3   1   2   4   2   0   0   0   5   5   0   1   1  1.23 0.70
   69 H    2  2  2 -1 -3  1 -1  0  4 -3 -1 -1 -2 -4 -3  1 -1 -3 -3 -2   22  13  10   2   0   5   4   7   9   1   5   3   1   0   1  10   4   0   0   3  0.30 0.27
   70 W    1  1 -2 -2 -1  0 -1  2  2 -2 -1  0 -2  1 -3 -1 -1  4  1 -1   16   7   2   2   1   5   3  17   6   2   6   4   1   6   0   5   3   6   4   5  0.18 0.18
   71 F   -3 -4 -6 -6 -5 -4 -5 -6 -5  0  6 -5  1  3 -6 -5 -5 -5 -1 -2    3   1   0   0   0   1   0   1   0   5  70   0   3   9   0   1   0   0   2   2  1.39 0.67
   72 R    2  2 -1 -1 -3  2  0 -2  2  0 -1  1 -1 -3  0  0  0 -2 -1 -1   17  12   3   3   0   9   5   2   6   6   5   7   1   1   3   8   6   0   2   4  0.15 0.17
   73 Q    2  2  0  0 -2  1  1  0  0 -4 -3  1 -2 -3 -2  1  0 -4 -2 -2   20  10   4   5   1   8  10   8   2   0   2  10   1   1   2   9   4   0   1   2  0.22 0.21
   74 A    1  1 -2 -2  0  3  0 -4  2 -1  2  0  2 -2 -3 -1 -3 -1 -1 -2   11   8   1   2   2  14   7   1   6   2  25   4   5   2   1   4   1   1   2   2  0.27 0.26
   75 G   -2 -2 -1  0 -4 -2 -3  6 -3 -4 -4 -2 -4 -5 -3 -1 -2 -5 -5 -5    2   3   3   4   0   2   2  66   1   1   2   3   0   1   1   4   2   0   0   1  1.33 0.61
   76 L   -2 -3 -5 -2  0 -4 -4 -5 -1  4  2 -3 -1 -1 -4 -4 -3 -1 -1  5    4   1   0   3   2   0   1   1   1  22  18   2   1   2   1   1   1   1   2  36  0.77 0.42
   77 R    0  3  0 -1 -3  2 -1  2 -1 -3 -3  2 -2 -3 -1  0 -1 -2 -4 -2    7  17   4   3   1   9   4  17   1   1   3  15   1   1   3   6   3   0   0   3  0.30 0.25
   78 E    0  3 -1 -2 -2  0  1 -2  0 -4 -4  3 -4 -3  5 -1 -1 -5 -4 -3    7  16   3   2   1   5   8   2   2   1   1  15   0   1  25   4   3   0   0   2  0.60 0.40
   79 D   -2 -3  0  1 -2 -2  0  6 -1 -4 -5 -2 -3 -3 -4 -3 -2 -5 -3 -5    3   1   4   7   1   2   6  61   1   1   1   2   1   1   1   2   3   0   1   0  1.18 0.61
   80 D    0  0  0  6 -1  2  1 -2 -2 -5 -4 -1 -3 -6 -3  1 -2 -6 -5 -3    6   5   4  40   2   9   8   2   1   0   1   3   1   0   1  12   3   0   0   2  0.78 0.49
   81 V   -2  6 -2 -5 -1 -2 -4 -1  1  0 -1 -1 -2 -4 -1 -2  0 -1 -1  2    2  39   2   0   1   1   0   5   3   4   5   3   1   0   3   2   7   1   2  17  0.68 0.47
   82 V   -2 -7 -7 -7 -2 -4 -7 -7 -3  4  0 -4 -1 -1 -7 -6 -3 -7 -2  7    3   0   0   0   1   1   0   0   1  17   7   1   2   2   0   0   1   0   2  62  1.55 0.76
   83 A    5 -5 -5 -5  1 -3 -5  1 -5 -1  0 -4  3 -1 -1  0 -1 -5 -5  1   42   0   0   0   3   1   0  11   0   4   7   0   8   3   3   5   3   0   0   9  0.67 0.47
   84 I   -3 -6 -4 -6 -1 -4 -6 -5  0  4  3 -6  1  1 -6 -4 -2 -1 -2  3    1   0   1   0   2   1   0   1   2  25  31   0   2   6   0   1   3   1   1  21  0.88 0.49
   85 L   -1  0 -3 -2  4  0 -1 -4  0  0  2 -1  3  1 -3 -2 -2  1  1  1    5   6   1   3   9   5   3   0   3   6  23   3   7   5   1   2   2   2   5   9  0.27 0.23
   86 M    2 -3 -3 -2  1 -4 -3  1 -1 -1  3 -4  4 -1 -3  1 -1 -5 -4  0   17   1   1   2   3   0   1   9   2   3  25   0  12   2   1  10   4   0   0   5  0.40 0.33
   87 E   -1  0 -2  1 -5  1  1 -1  2 -4 -3  0 -3 -2  5 -1  0  1 -1 -3    5   5   2   9   0   5   9   5   4   1   3   7   1   1  29   5   5   2   2   2  0.50 0.38
   88 N   -4  2  7  1 -3 -2 -2 -2  0 -6 -6 -1 -1 -3  1 -1 -2 -6  1 -4    1  12  44   8   1   2   2   3   2   0   0   3   2   1   6   4   2   0   5   1  1.04 0.64
   89 N   -1  0  0  0  2 -2 -2  1  1 -1 -3 -2 -2 -3  1  3  1  0 -2 -1    4   5   4   5   5   1   2  10   4   4   2   2   1   1   6  27   7   2   1   6  0.26 0.28
   90 E    0 -2 -3 -3  1 -3 -1 -4 -1  2  1 -3  0  1  5 -1 -2  0  0  1    9   2   1   1   3   1   4   1   2  11  14   1   2   5  25   4   1   1   3   8  0.42 0.32
   91 H    1  0 -1  2 -5  2  4 -3  1 -3 -3 -1 -2 -2 -2 -1 -1  0 -2 -3   12   6   3  12   0   9  31   2   3   1   3   2   1   2   2   4   3   1   2   2  0.46 0.37
   92 V    0 -3 -1 -3 -1  0 -3 -3  1 -1  0 -3  3  4 -4  0  1  5  3 -1    8   1   3   1   1   4   1   2   3   4  10   1   8  17   0   6   8   7  10   4  0.35 0.28
   93 H    0 -4 -2 -4  0 -2 -4 -4 -1  2  2 -2  1  1  0 -2 -1  3  0  3    9   0   2   0   2   2   0   0   2  12  23   2   2   6   4   2   2   5   3  22  0.35 0.28
   94 A    2 -1 -2 -2  0 -1  1 -2 -3  2  1 -2  0  0 -2 -1 -1  0 -1  2   18   4   1   2   2   2   9   2   0  14  13   0   1   4   2   3   3   1   2  16  0.16 0.19
   95 V    2 -3 -1 -1  1 -1 -2 -1 -1  1  1 -2  0 -1 -1  0  0  1  0  1   25   0   2   3   3   2   2   5   2   7  14   2   3   2   2   4   6   2   3  11  0.12 0.16
   96 M   -1 -1 -1 -1  1  0 -1 -3  1  1  1 -2  2  2 -3 -1 -1  3  3  1    5   3   3   3   3   4   3   0   4   9  11   0   6   9   0   4   4   4  14  11  0.17 0.17
   97 W    0 -2 -2  0  2 -2  0  0  2  0  0 -2  2  1 -3 -1  0  4  2  0    7   0   0   7   7   0   7   7   7   7   7   0   7   7   0   0   7   7   7   7  0.12 0.15
   98 A    6 -5 -3 -5 -5 -5 -5  3 -5 -3 -4 -5 -5 -3 -5 -1 -2  0  0 -3   61   0   1   0   0   0   0  21   0   1   2   0   0   1   0   3   2   1   3   2  1.28 0.68
   99 A    3 -5 -5 -5  5 -5 -5 -2 -5  3  3 -5  0 -1 -5 -2  0 -5 -4  2   23   0   0   0  11   0   0   3   0  14  23   0   2   2   0   3   7   0   0  11  0.62 0.39
  100 R    0 -1 -2 -3 -2  0 -2 -3  1  1  2 -1  2 -1  0  0 -1  3  0  0    9   4   1   1   1   6   1   2   4   7  27   4   5   2   5   7   4   4   3   5  0.17 0.18
  101 R   -1  4 -1 -2 -4  1  1 -1  1 -2  0  2  1 -1 -3  0 -2  0 -1 -2    6  24   2   2   0   7   7   4   4   2   9  13   4   3   1   6   2   2   2   2  0.28 0.25
  102 S    3  0  0 -4  2 -2 -2 -2  0  1  2 -1  0 -2 -3  0  0 -4 -2  0   26   6   4   0   4   2   1   1   2   9  20   3   2   1   0   8   6   0   1   4  0.22 0.24
  103 G   -2 -1  0  0 -6  0 -3  7 -1 -7 -6 -1 -6 -6 -2 -2 -5 -6 -6 -6    3   3   3   4   0   4   2  70   1   0   0   3   0   0   2   3   0   0   0   0  1.48 0.71
  104 L    4 -3  0 -4  3 -2 -4  1 -1 -2  0 -1  0 -2 -2 -1 -2 -1 -2 -1   44   1   4   0   6   1   0  12   1   2   8   4   2   2   2   2   2   1   1   3  0.50 0.38
  105 Y    1 -1 -2 -2  0 -2 -1 -2 -1  3 -1 -1 -1 -1  0 -1  0  0 -1  3   10   4   1   2   2   2   4   2   2  19   2   4   1   2   4   5   4   2   3  25  0.24 0.23
  106 Y    0 -3 -1 -3  1 -1 -2 -2  1  1  0 -2  1  1  2 -1 -1  1  1  2    6   0   2   0   3   3   2   3   5  10   9   0   4   7  10   3   4   2   6  19  0.15 0.16
  107 V    0 -2  0 -2  2  0 -2 -1  1  1  0 -2  1  0 -3  0  1 -2  0  2    7   0   6   0   6   4   0   4   4   5  10   0   4   5   0   6   9   0   4  24  0.11 0.15
  108 P    0 -2  1 -2  2  1 -2  0  2  0  0 -2  1  1  1  0  0 -3 -1  0    7   0   7   0   7   7   0   7   7   7   7   0   7   7   7   7   7   0   0   7  0.08 0.13
  109 I    0 -5 -3 -6  2 -5 -5 -2 -5  3  3 -5  0 -2 -5 -3 -2  0 -1  3    9   0   1   0   4   0   0   3   0  19  33   0   2   1   0   2   2   2   3  18  0.65 0.42
  110 N   -2 -2  5  3 -2 -2 -2 -3  4 -3 -3 -2 -1  1  0  0  0 -5 -1 -3    3   2  32  16   1   2   2   2   9   1   3   2   2   5   5   5   5   0   2   2  0.69 0.48
  111 T   -1 -1 -2 -2 -1 -4 -1 -2  1 -1 -3 -2  0 -1  6 -1  1  2 -1 -1    6   3   2   2   1   0   5   3   3   3   2   2   2   3  39   5   7   3   3   4  0.72 0.49
  112 H    1  2  0  0 -3  1  0  1  1 -1 -1  0  0 -1 -2  1  0 -3 -1 -2   14  15   4   5   0   6   4  11   4   3   5   4   3   4   2  10   5   0   2   2  0.12 0.16
  113 L   -1 -2 -1 -4  1 -1 -2 -2  2 -1  2 -2  0  2 -2 -1  0  2  3 -1    4   2   3   0   3   3   3   2   6   2  24   2   2   9   2   4   7   3  12   4  0.24 0.24
  114 T    0  0  0 -1 -4  0 -1 -1  1 -1 -2  0  0 -1  4  0  1  2 -3 -1    7   6   4   3   0   4   3   4   3   3   4   5   3   3  23   7  12   3   0   3  0.29 0.25
  115 A    0  0  1  0 -2  1  0  0  2  0 -1  0 -1 -2  1  0  0 -2  1  0    6   6   6   6   0   6   6   6   6   6   6   6   0   0   6   6   6   0   6   6  0.06 0.07
  116 S    2  0 -1  1 -3  1  3 -1  2 -2 -3  0 -2 -3  1  0 -1 -3 -1 -3   19   6   2   8   1   5  19   5   4   2   2   5   1   1   6   7   3   0   2   2  0.26 0.25
  117 E    0  3 -2  1 -5  1  4 -3 -1 -3  0 -1 -2 -5 -2 -1 -2 -5 -3 -2    7  16   2   6   0   5  34   2   2   2   9   2   1   0   2   4   2   0   1   2  0.51 0.40
  118 A    0  0 -4 -4 -2 -2 -3 -5 -3  3  4 -3  0 -2 -4 -3 -2  0 -2  2    9   6   1   1   1   2   1   0   1  20  35   1   2   1   0   1   2   1   1  13  0.54 0.37
  119 A    2  2  0  0  0  1  2 -2  1 -2 -1  0 -3 -3 -3  0  0 -4 -2 -1   23  10   3   5   2   5  14   3   3   2   5   6   0   1   0   7   4   0   1   5  0.21 0.23
  120 Y    1  1  0 -1 -4  0  0 -2  4 -2 -2  0 -2  2 -2 -1 -1  1  4 -1   12   7   4   3   0   5   6   3  12   2   3   7   1   7   1   4   4   2  17   4  0.32 0.27
  121 I   -1  1 -4 -4  0  2 -3 -4 -1  3  3 -1  3  0 -3 -2 -1 -4 -1  1    5   7   0   0   2  10   1   1   1  16  25   3   8   4   1   3   3   0   2   7  0.31 0.27
  122 V    1 -3 -5 -3  0 -2 -3 -5 -2  2  4 -4  1 -1 -5 -4 -2 -4 -1  1   14   1   0   2   2   2   1   1   1  13  44   0   3   2   0   0   2   0   2   9  0.64 0.41
  123 D    1  1  1  1  0  1  2 -1 -1 -2 -3  1 -1 -4  1  0  0 -4 -4 -2   11   9   8   9   2   7  16   4   1   2   2   8   2   0   6   6   5   0   0   2  0.23 0.22
  124 N    0  0  0  4 -2  1  0 -2  3 -2  0  0  0 -3 -3  0  0 -1 -3 -2    9   4   3  26   1   7   4   2   7   3   9   6   2   1   1   5   6   1   1   3  0.31 0.27
  125 S    3 -1 -1 -3  1 -1 -2 -2  0 -2  0 -2  0 -2 -4  4  0 -4 -1  0   22   3   2   0   3   2   2   2   3   1  11   2   3   2   0  29   5   0   2   6  0.37 0.35
  126 G    1  1  1  0 -1  2  1  3  0 -2 -3  1 -2 -2 -1 -1  0 -4 -4 -3   11   6   8   5   1   8  10  21   2   3   3   7   1   1   3   4   4   0   0   1  0.24 0.22
  127 A    3 -3 -2 -2  4 -2 -2 -3  1  1 -1 -2 -1 -3  3 -1 -2 -5 -4  1   25   1   2   2   7   2   3   2   3   8   5   2   2   1  17   5   2   0   0  10  0.41 0.33
  128 K    0  3 -1  1  1  0  0 -2  1 -1 -2  2 -3 -3 -1  0  0 -4 -4 -1    9  16   2   9   3   4   7   2   4   4   4  14   0   1   3   6   5   0   0   6  0.21 0.20
  129 A    2 -1 -2 -4  1 -1 -3 -2  1  1  1 -2  1  1 -2 -2 -1  3  0  2   20   3   1   0   3   2   1   2   4   6  14   2   3   7   2   2   4   4   3  15  0.23 0.22
  130 I    0 -2 -7 -7  0 -3 -3 -3 -7  2  3 -3  1  1 -2 -4 -3  0 -1  4    7   3   0   0   2   2   2   2   0  11  24   2   4   5   3   2   2   2   2  26  0.63 0.34
  131 V   -2 -7 -2 -2  1 -2 -2 -7  0  4  2 -7  0  3 -2 -6 -1  2  0  3    3   0   2   3   3   3   3   0   2  18  18   0   2  10   2   0   4   3   3  18  0.59 0.32
  132 G    1 -1 -1  0  1 -1  0 -1  1  0 -2 -1  0  0 -1  0  3  2  1  0   11   3   3   5   3   3   5   5   3   6   5   3   3   4   3   6  17   3   4   7  0.13 0.13
  133 S   -1  0  0  0  2  0  0 -1  2  0 -1  0  2  1  0 -1  0  4  1 -1    5   5   5   5   5   5   5   5   5   5   5   5   5   5   5   5   5   5   5   5  0.09 0.08
  134 A    2  0 -1  3 -2  0  2  0  0 -3 -4  0 -2 -2  0  1  0 -6 -2 -2   15   5   3  14   1   5  11   6   2   2   2   6   1   2   5  12   5   0   2   3  0.26 0.24
  135 A    2 -1  0  0 -2  1  2  1  1 -3 -2  0 -1 -2  0  0 -1 -1 -2 -2   16   4   5   6   1   5  15   9   4   1   4   5   2   2   4   8   4   1   2   3  0.19 0.18
  136 L   -1  0  0  0  0 -1 -2 -1  2 -1  1 -2  0  3  0  0  0  2  1 -1    6   4   4   6   2   3   3   4   5   3  15   2   3  10   5   6   7   2   5   5  0.11 0.09
  137 R    1  2 -2  0 -2  0  0 -2  0  0  0  0 -1  0 -2 -1  0  1 -1  1   12  11   2   5   1   4   6   3   2   5  11   6   2   3   2   4   5   2   3  10  0.08 0.08
  138 E    1 -2 -1  2 -6  1  3  0  0 -2 -2 -2 -2 -2  1  0 -1  2 -2 -1   10   2   3  13   0   6  18   6   2   3   5   3   1   2   8   6   4   3   1   4  0.25 0.23
  139 T    0  2 -2 -1 -2  1  0 -1 -1  0  1  1  0  0 -1 -1  1  0 -2  0    7  10   2   3   1   6   6   5   1   4  12  10   2   5   3   4   9   1   1   7  0.08 0.09
  140 C    1 -2 -3 -3  3 -2 -1 -3 -1  1  3 -3  0  1  0 -3 -2  1  0  2   10   3   2   2   5   2   5   2   2   7  24   2   2   5   5   2   3   2   3  13  0.28 0.19
  141 H    1  1 -1  1 -1  0  2 -1  2 -1 -1  0  0 -1  2 -1  0  1 -1 -1   10   7   3   7   2   4  11   5   4   3   5   5   2   3  11   4   7   2   2   4  0.12 0.13
  142 G    1 -1  0  2  0  1  1  0  1 -2 -2 -1 -1 -2  1  1 -1 -6 -1 -1   13   4   4  10   2   7  10   6   3   2   5   5   1   2   7   8   3   0   2   4  0.14 0.15
  143 L    0 -1 -1 -1  1  0 -1 -2  1  0  2 -2  1  0 -1 -1  0  2  0  1    8   4   3   4   3   5   4   3   3   6  18   3   3   5   3   4   7   3   3   9  0.08 0.07
  144 A   -1  0  0  0  2  0  0 -1  2  0 -1  0  2  1  0 -1  0  4  1 -1    5   5   5   5   5   5   5   5   5   5   5   5   5   5   5   5   5   5   5   5  0.09 0.08
  145 E    1  1 -1  2 -2  1  2 -1 -1 -3 -2  1 -2 -3  1  1 -1 -5 -2 -2   13   8   3  10   1   6  11   5   2   2   5   8   1   1   6   8   4   0   1   3  0.17 0.16
  146 H    1  0  1  1 -2  1  2 -2  3 -2 -1  0  0 -3  0 -1 -1  1 -3  0   12   6   5   7   1   6  12   4   6   2   7   6   2   1   6   5   3   2   1   7  0.13 0.12
  147 L   -1 -1 -1  0  2 -2 -3 -2 -2  1  3 -2 -1  0 -1 -2  0 -1 -1  2    6   3   3   5   4   2   2   3   1   8  28   3   1   4   4   3   5   1   2  11  0.27 0.16
  148 P    0  0  0  1  2  0  0  0  1 -1  0  0 -1 -2  2  0  0 -4 -1  0    9   5   4   7   4   4   6   7   4   3   8   6   1   2  11   7   6   0   2   6  0.08 0.08
  149 G    1 -1 -1  0  0 -1  0  2  1  0 -1  0 -2 -1  0  0  1 -4 -2  0   13   3   3   6   2   3   6  13   3   5   6   5   1   2   6   7   8   0   1   7  0.08 0.08
  150 G    1 -1 -1  1 -1 -1  1  1  1 -1  0 -1 -1 -1  1  1  0 -2 -2  0   10   3   3   8   1   3   8  12   3   3   8   3   1   2   7   9   5   1   1   8  0.08 0.08
  151 L    0  0 -1 -2  1  0 -1 -1 -2  1  3 -2  0 -1 -3 -2  0 -2 -2  1    7   4   3   3   3   4   5   4   1   7  30   3   2   2   2   3   6   1   1   9  0.25 0.16
  152 P    0  0 -3  0  0 -2  0 -2 -1 -1 -1  0 -5 -3  5 -2  0 -2 -3  0    8   6   2   5   2   2   6   3   2   4   6   7   0   2  26   4   6   1   1   8  0.41 0.30
  153 D    1  1 -1  3 -1 -1 -1 -1  1  1 -1 -1 -1  0 -1  0  0 -1 -2  1   11   7   3  16   1   2   4   4   3   8   5   4   2   4   3   6   6   1   2   8  0.13 0.11
  154 L   -2 -1 -2 -2 -1 -1 -2 -2 -2  2  3 -2  0  1 -1 -3 -1  1 -1  2    4   4   2   3   1   3   3   4   1  10  25   3   2   5   3   2   5   2   3  16  0.28 0.17
  155 L    0 -1 -2  0  0 -1 -1 -2  0  1  2 -2 -1 -1  1  0  0  1  0  2    7   4   2   5   2   3   4   3   2   8  17   3   1   3   7   6   5   2   3  13  0.10 0.08
  156 M   -1  0 -2 -1  0 -1 -1 -3  0  1  2 -3  1 -1  1 -1  0  1 -1  2    6   5   2   4   2   3   4   2   2   8  18   2   3   2   7   4   6   2   2  15  0.17 0.13
  157 L    0  0  0  1 -1  0  0 -1  0  0  0  0  0  0  1  0  0 -4 -1  0    6   5   5   9   2   4   6   6   3   7   8   4   2   4   8   6   6   0   2   9  0.04 0.04
  158 A    1  0 -1  2 -1  0  1 -1  1 -1  0 -1  0 -2  1  1  0 -5 -2  0   12   5   3  12   1   4   8   6   3   3   8   3   2   2   6  10   5   0   2   6  0.10 0.11
  159 G    0  0 -2  3  0 -2  1  3  0 -2 -2 -1 -2 -2  0  0 -1 -5 -2 -1    8   4   2  15   2   2   9  19   3   3   4   4   1   2   6   6   4   0   2   4  0.24 0.19
  160 G    1 -1 -1  1  1 -1  1  2 -1 -3  0 -1 -1 -2  1  0  0  0 -2 -1   12   3   3   9   3   3   8  14   2   2   8   4   1   2   7   6   6   1   1   5  0.11 0.12
  161 G    1 -1  1  2  0 -1  0  2  1 -3 -2 -1 -3 -3  1  0 -1  0 -2 -3   13   4   5  12   2   2   7  16   3   2   4   4   1   1   7   7   5   1   2   2  0.21 0.19
  162 L    1  0 -1  1 -1  0 -1 -2  1  0  1 -1  0  1  2  0  0  1 -2  0   11   5   2   7   2   4   4   3   3   5  13   3   2   5   9   6   6   2   1   7  0.07 0.07
  163 V    0  1 -1  2  0 -1  0 -1 -1  1  0 -1 -1 -1  1 -1  0 -1 -1  1    9   7   3  11   2   3   7   4   2   8   9   4   1   3   8   4   5   1   2   9  0.07 0.07
  164 G    1 -1  1  2  0 -1  1  3 -1 -2 -3 -2 -5 -1  1  1 -1 -1 -1 -1   10   3   6   9   2   3   8  19   2   3   3   2   0   3   8   9   4   1   2   4  0.21 0.19
  165 W    1  0 -3 -1  1 -1 -1 -3 -2  0 -1 -2 -1  2 -1 -2 -1  7  1  1   10   6   2   4   3   3   5   3   1   5   6   2   2   9   3   4   4  13   5  10  0.36 0.24
  166 M    1  0  0 -1  0  1  0 -1  2  0  1 -1  0 -1 -1  0  0  0 -1  0   12   5   4   4   2   5   5   4   5   5  16   3   2   3   3   7   5   2   2   5  0.05 0.06
  167 T    1  0  0  2 -1  0  0 -2  1 -2 -1 -1 -1 -2  1  2  1  1 -1 -2   10   6   4  10   1   4   6   4   3   2   7   3   1   2   6  14   9   2   2   3  0.13 0.15
  168 Y    0  0 -1 -1 -5  0  0 -2  1  0  1 -2  0  3  0 -2 -1  4  2  0    8   6   3   4   0   5   7   4   3   4  13   2   2  10   4   3   4   5   6   6  0.15 0.13
  169 P    0  1  0  1  1  0  1 -2  1 -1 -2 -1  1 -1  3  0  0  2  0 -1    7   7   4   7   2   4   8   4   3   4   5   3   4   3  14   7   5   3   3   4  0.13 0.14
  170 E   -1  0  0  0  2  0  0 -1  2  0 -1  0  2  1  0 -1  0  4  1 -1    5   5   5   5   5   5   5   5   5   5   5   5   5   5   5   5   5   5   5   5  0.09 0.08
  171 C    0  0  0  0  1  0 -1  0  2  0  0 -1  0  0  0  0  0  2  1  0   10   4   5   4   3   4   4   6   5   4  12   4   3   3   4   6   5   3   4   6  0.02 0.03
  172 V    0  0  0  0  2  0  0 -1  1  0 -1  0  1  0  0  0  0 -2  1  0    5   5   5   5   5   5   5   5   5   5   5   5   5   5   5   5   5   0   5   5  0.03 0.05
  173 A    4 -1 -1  0 -3  0  0  0 -2 -2 -1  0 -1 -3 -1  2 -1 -3 -3 -2   31   3   3   5   1   4   5   6   1   2   5   5   1   2   3  13   4   0   1   3  0.34 0.22
  174 D    0  0  0  3 -3  0  1  1  1 -1 -1 -1 -1 -2  1  0  0  0 -2 -2    8   6   4  17   1   3   9  10   3   4   6   3   1   2   7   6   5   1   2   3  0.16 0.12
  175 Q    1  2  0  0 -2  3  2  0  0 -1 -2 -1 -2 -1  0  0 -1 -1 -1 -1   12  12   4   5   1  13  12   7   2   3   5   2   1   3   4   5   3   1   2   5  0.17 0.15
  176 P    1  0 -2 -2  0 -2  0  0  0 -1 -1 -3 -2 -1  5  0  0 -1  0 -3   10   4   2   3   2   2   6   7   2   3   6   1   1   3  29   7   5   1   3   2  0.46 0.28
  177 D    0  0  0  2 -2  1  2 -1 -1 -1 -2 -1 -2 -2  2  0  1  1 -1 -1    9   5   4  12   1   7  12   6   1   4   5   3   1   2   9   5   8   2   3   4  0.14 0.12
  178 T    0  1 -1  0  1  0  0 -1 -1 -1  0 -1 -1 -1  0  1  1  0 -1  0    8  10   2   4   4   3   6   6   1   3  10   3   1   3   5   9  10   1   1   8  0.05 0.07
  179 P    0 -1 -2 -2 -2 -2  1 -2  0 -2 -3 -2 -2 -3  6 -2 -2 -2 -3  0    7   3   2   2   1   2   8   4   2   2   3   3   1   1  43   4   2   1   1   7  0.87 0.42
  180 I    1  0 -1  0 -1 -1  0 -1 -1  1  0 -1 -1  0  2  0  0  0 -1  1   12   6   2   6   1   2   7   5   2   7  12   2   1   4   9   5   6   1   1   9  0.05 0.06
  181 E    0  0  0  0 -1  0  1  0  1  0  0 -1  0 -1  2 -1  0  0 -1  0   10   4   5   5   1   3  10   6   4   4  12   2   2   2   9   4   6   1   1   8  0.05 0.06
  182 D    0  0  0  4 -2 -1  0 -1 -1  0 -2 -1 -3 -2  1  0  0 -2 -2  0    9   6   4  24   1   2   6   5   2   6   3   2   0   2   6   8   4   1   2   7  0.22 0.17
  183 E    1  0 -1  3  0  0  2  1 -1 -2 -3 -1 -3 -3  3  0 -1 -2 -3 -2   11   5   2  15   2   4  14   9   2   2   3   2   1   1  15   6   3   0   1   3  0.28 0.20
  184 R    0  2  1  2 -1  1  2 -1 -1 -3 -3 -1 -2 -3  1  1  0  0 -2 -2   10  14   5  12   1   5  12   5   1   1   3   2   1   1   6   8   6   1   1   3  0.20 0.16
  185 E    0  0 -1  4 -3  1  2 -1  2 -1 -2 -1 -2 -4  2 -1 -1 -4 -2 -3    9   5   2  25   1   7  11   3   6   5   4   3   1   0   9   3   4   0   1   1  0.34 0.23
  186 G    1 -1 -2 -2 -1 -2 -2  2 -2  1  0 -2 -1 -2  4 -1  0 -2 -3  1   13   3   2   2   1   1   1  14   1   8  11   1   1   1  18   4   7   1   1   9  0.25 0.18
  187 D    4 -1 -1 -2  0 -2 -2  1 -1 -1 -1 -3 -1 -1 -2 -1 -1  2 -2  1   38   4   2   2   2   1   3  11   1   3   7   1   1   3   1   4   2   4   1   9  0.33 0.24
  188 L    0 -3 -3 -4 -1 -1 -3 -3 -1  1  3 -3  2  1  0 -2 -1  1  1  2    9   1   1   1   1   3   1   1   1   5  31   0   4   5   4   2   2   2   5  19  0.32 0.22
  189 L    0 -3 -3 -4 -1 -2 -3 -2 -4  4  2 -4  3  0 -4 -2 -1  0  0  3    7   1   1   0   1   1   1   3   0  25  17   0   9   3   0   2   2   1   3  22  0.44 0.25
  190 Q   -2 -2 -2 -4  3  1 -3 -3 -1  2  2 -3  3 -1 -1 -2  0 -1  2  1    2   2   1   0   7   7   0   1   1  12  26   1  11   1   2   1   7   1   8   8  0.32 0.22
  191 Y    0  0 -2 -1 -1 -1 -2 -3  1 -1  0 -2 -1  3  0  0 -1 -1  6 -2    8   6   2   3   1   2   1   1   3   2   8   1   1  11   4   8   3   0  34   2  0.45 0.27
  192 S    0 -1 -2  0 -3 -2 -2  1 -3 -3 -3 -2 -3 -3  2  2  5 -4  1 -3    8   3   0   5   0   0   0  10   0   0   0   0   0   0   9  14  43   0   7   0  0.54 0.31
  193 S    1  0 -1  1 -3 -2 -2  2  0 -4 -4 -2 -3 -4  0  4  0 -4 -3 -3   11   5   0   8   0   0   1  14   3   0   1   1   0   0   4  48   3   0   0   1  0.54 0.29
  194 G    1 -4 -2  0 -4 -3 -3  6  1 -5 -5 -3 -4 -4 -1  0 -3 -4 -4 -4   12   0   0   6   0   0   1  63   4   0   1   0   0   0   3   5   1   0   0   1  1.11 0.40
  195 T    1 -1 -2 -3 -3 -2 -3  1 -3 -1 -3 -1 -3 -4 -3  3  5 -4 -3 -1    9   3   0   0   0   0   0  10   0   4   1   3   0   0   0  24  41   0   0   3  0.63 0.34
  196 T   -1 -4 -1 -4 -4  0 -1 -2  0 -1 -4 -4 -4 -5 -4  2  6 -5 -4 -2    5   0   3   0   0   3   3   3   2   3   1   0   0   0   0  16  56   0   0   3  1.09 0.55
  197 G   -1 -1  0 -1 -5 -4 -1  6 -5 -6 -6 -4 -5 -6 -5  0  0 -6 -6 -6    5   4   4   4   0   0   4  65   0   0   0   0   0   0   0   6   5   0   0   0  1.36 0.62
  198 R    0  3  0  0 -3  1  1 -1  1 -1 -1  1  0 -1  0 -1  0  1 -1 -1   11  17   3   4   0   5   7   3   5   4   7   8   3   3   4   3   6   2   2   3  0.11 0.11
  199 P    0  0  0  0 -2  0 -1  0  2  0  0  0  1  1  1  0  0 -2  1  0    6   6   6   6   0   6   0   6   6   6   6   6   6   6   6   6   6   0   6   6  0.04 0.08
  200 K   -2  2  0  0 -5  0 -1 -4 -4 -5 -5  6  3 -5 -1 -1 -4 -5 -5 -5    3   8   3   4   0   3   3   0   0   0   0  58   7   0   3   3   0   0   0   0  1.12 0.60
  201 G    1 -1 -1 -2  0  0 -1  3 -1  0 -1 -1  0  0  1 -1 -1  1 -1 -1   15   4   2   2   2   4   3  25   2   7   4   2   2   5   8   3   3   2   2   5  0.16 0.15
  202 I    0  0  0 -2  2 -1  0  0 -2  0  0 -1  1  1 -2  0  0 -2  1  0    7   7   7   0   7   0   7   7   0   7   7   0   7   7   0   7   7   0   7   7  0.05 0.10
  203 K   -1  1 -4 -4  0  0 -1 -2 -1  0  1 -2  6 -3  0 -4 -1  2 -2  3    5   6   1   1   2   4   5   4   2   5  12   3  16   1   5   1   4   3   2  19  0.48 0.31
  204 R   -5  3 -1 -6 -6 -1 -4 -4  7  1  3 -3 -1 -2 -3 -3 -3  0 -1  0    1  15   3   0   0   3   1   2  22   6  23   2   1   2   2   3   2   1   2   7  0.87 0.47
  205 E   -2 -1 -1  1  0 -3 -1 -1 -2 -3 -4 -3 -6 -3  1  3  5 -6 -6 -6    4   4   3   6   2   2   5   5   1   2   3   2   0   1   7  23  31   0   0   1  0.75 0.52
  206 L   -1 -1 -3 -3 -2 -1 -3 -3  8 -2  1 -4 -1  0 -1 -3 -1  5  1  0    6   3   2   2   1   3   2   2  31   3  12   2   1   4   3   2   4   6   4   6  0.97 0.53
  207 P    1  2 -1  1 -1  0  1  1  0 -3 -2  0 -1 -2  1  1 -1  1 -2 -3   13  12   3   7   1   4   8   9   2   1   4   5   1   2   8   9   4   2   2   2  0.17 0.17
  208 H    1  0  4 -1  1  1 -1  1  1 -3 -2 -2  0 -1 -3  1  0  1 -1 -2   13   5  17   4   3   5   4  11   3   2   4   2   3   2   1   9   6   2   2   3  0.26 0.22
  209 V   -1  0 -2 -3  0 -1 -2 -3  1  3  3 -2  1 -1 -2 -3 -2  1  1  1    5   4   2   2   2   2   2   3   3  14  26   2   4   3   2   2   2   2   5  11  0.35 0.21
  210 S    0  0  0 -1  2  0 -1 -1  2  0  0 -1  1 -1 -1  0  0  2  0  1    7   5   4   4   4   5   4   5   5   4  10   3   3   3   4   7   7   3   3  11  0.05 0.06
  211 P   -1  0  0  0  2  0  0 -1  2  0 -1  0  2  1  0 -1  0  4  1 -1    5   5   5   5   5   5   5   5   5   5   5   5   5   5   5   5   5   5   5   5  0.09 0.08
  212 D    0 -1  4  0 -3  0  0  0  1 -1 -1 -2 -3 -1 -4  3 -3 -2  0 -1    8   3  17   5   1   4   6   7   4   4   7   3   1   3   1  18   2   1   3   4  0.31 0.25
  213 A    4 -3 -1 -4 -1 -3 -2 -2  0 -1 -1 -3  0  0 -4  1 -2  1  0  2   32   2   3   1   1   1   3   4   2   4   7   1   2   4   1   9   3   2   3  13  0.44 0.29
  214 A    3  0  0 -1 -2 -1  0 -2  0  0  0 -2  1 -1 -3  0 -1  3  0  0   22   6   4   3   1   3   7   3   3   5  10   3   4   2   2   7   3   4   4   6  0.18 0.15
  215 P    3  0  1 -1 -1  2 -2 -2  0  0  0 -2  1 -1 -2 -1 -1  0  0  0   23   5   6   3   1  10   3   3   2   5   9   2   3   3   3   5   4   2   3   6  0.19 0.17
  216 G    1  1  1 -1 -1  1 -1  1  1 -1  0 -1  0 -1 -2  1  0  1  1 -2   10   7   6   3   1   6   4   9   4   4   9   3   2   3   2  11   6   2   4   3  0.07 0.07
  217 M    1  0 -2 -2 -1 -1 -1 -1  2  1  0 -1  2  1 -2  0  1  0  0  1   13   5   2   3   1   3   3   5   5   8  10   3   5   5   2   6   8   1   3  10  0.08 0.07
  218 M    0  0 -1  1  1  1  0 -2  1  0  1  0  1  0 -2  0  0  0  0  0    8   5   2   9   3   6   7   3   4   4  12   5   3   4   1   6   5   1   4   8  0.05 0.05
  219 P    2  0  1  0  0  0 -1  1 -1 -1 -2 -1 -2 -1  1  0  0  4 -1 -2   15   6   6   5   2   4   4  10   1   3   5   4   1   3   6   8   6   5   3   3  0.14 0.13
  220 A    1  0 -2 -1  0  0  1  0  1  0 -1 -2  2 -1 -3  0  0  0  2  0   13   5   2   4   2   4  10   6   3   5   7   2   5   3   1   8   7   1   7   7  0.10 0.10
  221 L    1  0  1 -2  0  0 -1 -2  1  1  1  0  0  0 -2 -1  0  0  0  1   11   5   7   2   2   4   3   3   3   6  16   5   2   5   2   3   5   1   3  10  0.08 0.06
  222 L    0  0  0  0 -1  0  0 -1  0  0  0 -1  1  0  0  0  1  0  0  0    7   5   5   5   2   4   7   5   3   5  10   2   4   5   5   7   8   1   3   7  0.02 0.03
  223 D    0  1  1  2 -1  0  0  0  3 -2 -2  1 -2 -1  0 -2 -1  1 -2 -1    8   7   6  11   1   4   7   8   8   3   5   8   1   3   5   3   5   2   2   5  0.13 0.10
  224 F   -1 -1 -2 -2 -1 -1 -1 -3  1 -1  2 -1  2  5 -2 -3 -2  2  3 -1    5   4   2   2   1   2   4   3   3   4  17   4   4  20   2   2   3   3  10   4  0.44 0.25
  225 W   -1  2  0  0 -1 -1 -1  2  2 -2 -2  0 -1  1  2 -2 -1  4  0 -3    5  11   5   5   1   3   5  15   5   2   5   5   1   5   9   4   4   5   4   2  0.21 0.17
  226 M   -1 -2 -1 -2  0 -1 -1 -1 -1  1  3  0  2  2  0 -2 -2  0  0  0    6   3   3   2   2   3   5   6   1   7  24   6   5   8   5   3   3   1   3   5  0.17 0.13
  227 D   -1  0  1  2 -1  0  0  2  2 -3 -3 -1 -4 -2  1  0  2  0 -2 -2    5   6   7  12   1   4   6  15   5   2   2   4   0   1   7   5  13   1   1   3  0.21 0.22
  228 A    1  1 -1  0  0  0  1  2  0 -3 -3  0 -1 -3  2  1  0  1 -2 -3   11   7   3   5   2   4   8  15   2   2   3   6   2   1  11   9   5   2   2   2  0.20 0.20
  229 D   -2 -1  0  4 -7  1  2  1  2 -3 -4 -2  0 -2  1 -1 -1  0 -2 -3    4   4   4  21   0   7  12  11   5   2   2   3   2   2   8   5   4   1   2   2  0.38 0.31
  230 S   -1 -1 -1  3  1 -1  0  1  0  1 -2 -2  1 -1 -1 -1  0  2 -1 -1    4   4   3  16   2   3   6  11   3   7   4   3   4   3   3   5   7   3   3   5  0.12 0.13
  231 V   -1  0  0  0  2  0 -2 -1  2  0 -1  0  1  0  0  0  0  3  1  0    5   5   5   5   5   5   0   5   5   5   5   5   5   5   5   5   5   5   5   5  0.06 0.11
  232 Y   -1 -2 -2 -1  1 -2 -2 -1  1  1  0 -4  2  1 -1 -2  0  8  2  0    4   2   2   4   3   2   2   4   3   7   8   0   6   6   3   3   5  20   7   8  0.51 0.36
  233 L    0 -4 -1 -4  2 -1 -2 -1  0  0  3 -3  2  1 -1 -1 -1  2  0  1    7   0   4   0   5   3   3   5   3   5  28   0   5   6   3   3   4   3   4   8  0.21 0.21
  234 S   -1  0  0 -2  2  0  0 -1  2  0 -1  0  1  1  0  0  0  3  1  0    5   5   5   0   5   5   5   5   5   5   5   5   5   5   5   5   5   5   5   5  0.07 0.11
  235 P    3 -3 -1 -4  1 -2 -4 -2 -1 -1  0 -2  1  1  1  0  0  0  1  2   24   1   3   1   2   1   1   3   1   3   8   2   3   6   8   8   6   1   4  13  0.27 0.26
  236 A    2 -3 -2  1 -1 -2 -3  0 -1 -2  2 -4  2 -2  0  1  1 -5 -1  0   15   1   2   7   2   1   1   8   2   2  23   0   4   2   6   9   7   0   3   6  0.22 0.25
  237 P   -3 -4 -1 -1 -3 -3 -5 -3 -1 -3 -2 -3 -2 -2  7  1 -2  3 -4 -3    2   1   3   4   1   2   1   2   1   2   5   1   1   2  53  10   2   3   1   2  1.34 0.86
  238 M    0 -4 -3 -4 -2 -3 -5  0  0  1  3 -3  3  3  0 -3 -1  0  0  0    9   1   1   1   1   1   0   8   2   8  27   1   7  11   5   2   4   1   3   6  0.34 0.28
  239 Y    0 -3  0 -1 -1 -3 -4 -1  4 -3 -5 -6 -2  5 -7  1  0  6  4 -3    8   2   4   3   1   1   1   5   9   2   1   0   1  20   0  12   5  11  11   2  0.79 0.52
  240 H   -1 -2 -3 -1 -2 -2 -6 -2  9 -1 -3 -7 -1  4 -8 -2 -3  1  1 -2    5   2   1   4   1   2   0   3  42   4   3   0   1  15   0   4   2   2   4   3  1.50 0.80
  241 T    0 -4 -1  2  2 -3 -4 -2 -1  3 -2 -2  1  0 -3  0  1 -7 -2  2    8   1   4  12   4   1   1   3   1  17   3   3   4   4   1   8   9   0   2  13  0.35 0.24
  242 A    3 -7  0 -2 -1 -3 -4  3  1 -2 -1 -6  0  2 -3  0 -1  3  2 -1   21   0   4   2   2   1   1  19   3   2   7   0   3   7   2   7   4   3   7   5  0.43 0.31
  243 P    0 -3 -2 -3  1 -2 -2  5  1 -2 -1 -7  0  0  0  1 -2  2 -7 -1    9   2   2   2   3   2   3  35   3   2   6   0   2   4   5  11   3   2   0   4  0.56 0.39
  244 S   -2 -3 -2 -3  1  1 -3 -3  0  0  3 -3  3  1 -2  0  0  4 -1  1    4   2   2   2   3   5   2   2   2   5  24   2   6   7   2   7   7   6   2   8  0.32 0.23
  245 V    0 -1  1 -1  1  0 -2  0  0  0 -1 -1  2  0 -1  1 -1  3  1  1    8   3   6   3   3   5   3   6   3   6   5   3   6   5   3  10   4   4   5   8  0.09 0.10
  246 W   -1  0  0  0  2  0  0 -1  2  0 -1  0  2  1  0 -1  0  4  1 -1    5   5   5   5   5   5   5   5   5   5   5   5   5   5   5   5   5   5   5   5  0.09 0.08
  247 T    0 -4 -3 -4  2 -2 -3 -2 -2  1  3 -5  2  1 -1 -2  1 -1 -2  2    7   1   1   1   4   2   2   4   1   8  27   0   5   7   4   3   9   1   1  14  0.37 0.28
  248 M   -1 -4 -3 -6  0 -2 -4 -3 -1  1  4 -4  3  3 -3 -4 -2  4  1  1    4   1   2   0   2   2   1   3   1   6  33   1   7  11   2   1   3   6   5   9  0.62 0.39
  249 S    1  4 -1 -4  1 -1 -3  1  2 -2 -2 -3  0 -1  0  1  0  2 -2 -2   12  20   3   1   3   3   2  11   4   3   4   2   2   3   5  10   5   3   2   4  0.31 0.25
  250 A    4 -4 -4 -4  1 -2 -7 -2 -2 -1 -2 -4  0 -2  2  2  0  2 -3  0   30   1   1   1   3   2   0   4   1   4   5   1   2   2   9  16   7   3   1   8  0.54 0.39
  251 L   -1 -2 -3 -7  0 -3 -3 -3 -1  0  4 -7  3  1 -3 -3  0  3 -2  1    6   3   1   0   2   2   2   2   1   6  39   0   5   6   1   2   5   4   1   9  0.67 0.38
  252 A    2  1 -2 -3  1  0 -2 -1  2  0  2 -2  2  0 -3  0 -2  1  1  0   14   7   2   1   2   4   3   5   5   4  18   3   5   4   1   7   3   2   5   5  0.17 0.14
  253 A    3  1  2 -3  1 -1 -3  0  1 -1 -1 -2  0  0 -3  0  0  0 -1  0   20   8   8   1   2   3   2   7   4   3   7   2   2   4   2   8   6   1   2   7  0.18 0.16
  254 G   -2 -2 -1 -2  1 -1 -3  7  0 -9 -4 -4 -2 -9 -4 -3 -4 -9 -9 -3    4   3   3   2   2   3   2  65   2   0   3   2   1   0   1   3   2   0   0   2  1.55 0.82
  255 V    3 -1  0 -3  1  0 -3  3  0 -2 -3 -3 -1 -2 -2  0  1 -1 -1 -1   25   3   4   2   3   4   2  19   2   3   3   2   2   2   2   8   7   1   2   4  0.37 0.28
  256 T    0  1 -2 -2  2  0 -1 -5  0 -5 -4  1 -2 -2  0  0  5 -8 -3 -2    8   8   2   3   4   4   5   1   3   1   2   7   1   2   5   8  32   0   1   3  0.60 0.44
  257 T   -3 -4 -2 -8  1 -2 -4 -4  1  2  3 -4  2 -1  3 -3  0  1 -3  2    3   1   2   0   2   2   1   2   3  11  27   1   5   3  12   3   6   2   1  13  0.55 0.35
  258 V   -1 -2 -4 -4  0 -3 -3 -5  2  3 -1 -3 -1 -1 -4 -4 -1  0  1  5    5   2   1   1   2   2   2   1   4  15   7   2   2   3   1   1   5   1   4  38  0.80 0.45
  259 V   -1 -4 -2 -3  2 -3 -4 -3  0  3  3 -4  2  0  0 -3 -2 -1 -1  3    5   1   3   2   4   1   1   2   2  16  22   1   4   4   5   2   3   1   2  17  0.46 0.27
  260 M    0  0 -1 -2  1  0 -1 -1  3  0  0 -2  4  0  1 -1  0  2  0  0    8   6   3   3   3   4   3   4   6   6   8   3   9   4   7   4   7   2   3   8  0.12 0.11
  261 E   -1  1  0  2  1  0  2 -1  1 -2 -3 -1 -6 -1  3 -1  0 -6  0 -2    5   7   4  13   3   4  13   5   3   3   3   4   0   3  12   6   5   0   3   3  0.23 0.21
  262 K   -1  3  1 -1  0  0 -1  1  1 -3 -3  3 -1 -2  0 -1  0  3 -1 -3    4  13   6   4   2   3   4  12   4   2   2  14   2   2   6   6   6   3   2   2  0.25 0.21
  263 F   -1  1 -3 -1 -2 -1 -3 -3  1 -2 -2 -1  0  7  1 -3 -1  1  0 -2    5   7   1   4   1   3   2   3   3   3   5   4   3  34   7   3   4   2   3   4  0.73 0.43
  264 D   -2  1  2  5 -3 -2  1 -2  0 -3 -2 -2 -1 -1  1  1  1 -8 -2 -3    3   6   8  25   1   2   7   4   2   2   4   3   2   3   6  11   8   0   1   2  0.43 0.34
  265 A    1 -2 -2 -1 -3 -2 -2 -1 -1 -1  0 -4  0 -1  6 -2 -1 -2 -1 -1   13   3   2   4   1   2   3   5   1   4   8   1   3   3  32   3   4   1   2   5  0.58 0.44
  266 E    1  0 -1  2 -3  0  3 -1 -1 -4 -3  2 -2 -3  1  0 -1 -2 -3 -2   12   6   3   9   1   4  16   6   1   1   3  13   1   2   7   7   4   1   1   3  0.27 0.25
  267 G    2  1  0  1 -4  1  1 -1  0 -2 -2  0  0 -1 -1  0  0  1  0 -1   18  10   4   7   0   6  10   5   3   2   3   5   2   2   3   7   6   2   3   3  0.12 0.16
  268 A    0 -2 -4 -2  1 -1 -2 -3 -4  1  1 -2  2  4 -2 -2  0  4  0  1    9   2   0   2   3   2   2   2   0   8  16   2   5  16   2   3   5   6   3  11  0.30 0.25
  269 L   -1  0  0  0  2  0  0 -1  2  0 -1  0  2  1  0 -1  0  4  1 -1    5   5   5   5   5   5   5   5   5   5   5   5   5   5   5   5   5   5   5   5  0.09 0.08
  270 D    1  2  0  2 -6  1  2 -1  1 -1 -2  1 -6 -1 -1 -1 -1 -7 -6 -2   11  10   5  11   0   6  13   5   4   4   4   7   0   3   4   5   5   0   0   3  0.23 0.20
  271 A   -1  0  0  0  2  0  0 -1  2  0 -1  0  2  1  0 -1  0  4  1 -1    5   5   5   5   5   5   5   5   5   5   5   5   5   5   5   5   5   5   5   5  0.09 0.08
  272 I    0 -2 -2 -1  0 -2 -2 -2 -1  3  2 -3  2  0 -2 -1 -1  1 -1  1   10   3   2   4   2   2   2   3   2  22  19   0   5   3   2   4   3   2   2   9  0.22 0.22
  273 Q    1  2 -1  0  0  1  2  0  1 -1 -1  0  0 -3 -1  0 -1  2 -1 -1   12  12   3   5   2   6  14   6   3   4   8   5   3   0   2   4   3   3   2   4  0.10 0.14
  274 R    0  2  1  1  0  1  2 -1  0 -3 -2  1  0 -2 -1  0  0 -4 -1 -2    8  13   5   9   2   5  14   5   2   0   5   9   2   2   3   6   6   0   2   2  0.16 0.18
  275 Y    0  0 -1 -1 -1  0  1 -1  5 -2  0 -2  0  0  0 -2 -1  2  4 -1    8   4   3   3   2   3  10   5  14   2   8   2   2   3   4   3   5   3  12   5  0.26 0.24
  276 R   -1  2  0 -1 -1  1  0  2  1 -3 -3  2  0 -3  1  0 -1  0 -2 -3    5  13   3   4   1   6   5  18   4   2   2  11   2   1   8   6   3   1   2   1  0.26 0.25
  277 V    0  0  0 -1  3 -2 -1 -1 -2  2 -2 -2 -1 -1  2 -2 -2 -5 -2  3    7   6   4   3   6   1   4   5   1  13   3   3   1   2   9   3   2   0   1  25  0.30 0.26
  278 T   -1  0  0 -1 -3 -1 -2 -2  1 -2 -4 -2 -1 -1 -1  0  6  1 -2 -3    4   6   5   4   1   3   2   4   4   2   2   2   1   2   3   8  41   2   2   1  0.67 0.51
  279 H    0  0 -2 -3  0 -2 -2  0  5  1  0 -2  1  1 -3 -2  0  3  2  2    6   5   2   1   2   1   2   9  13   7   7   2   4   7   1   2   7   3   6  13  0.26 0.22
  280 A    1  0 -5 -2 -2 -2 -3 -3 -2  2  3 -3  2  2 -3 -1  0  2 -1  1   13   6   0   2   1   1   2   2   1  11  24   1   5   8   1   4   7   3   2   9  0.29 0.24
  281 Q    0  1 -1 -2  1  0 -3 -3  1 -2 -1 -3  1  2  1  2  1  1  3 -1    6   7   3   2   3   4   1   2   4   3   6   1   3   8   7  18   7   2  11   4  0.24 0.26
  282 F    0 -2 -1 -1  1  0 -2  1  0  0  1 -1  1  1 -1  0  0  1  1  0    9   0   2   4   3   5   0  12   2   3  14   2   4   8   3   5   7   2   5   9  0.04 0.10
  283 V    0  0 -3 -2 -3 -1 -3 -2  0  1  0 -2  0 -1  1  0  2  1  0  3    7   5   0   2   0   2   0   3   2   5   8   0   3   3   8   8  12   2   3  24  0.16 0.21
  284 P   -1 -2 -1  0  0 -3 -2 -1 -4 -1 -2 -1 -3 -1  6  0  1 -5 -4  0    5   2   3   4   2   0   2   4   0   4   4   2   0   2  36   7  10   0   0   9  0.61 0.40
  285 A    0 -1 -3 -1 -3 -1 -1 -2  0  0  0 -2  0 -2  2  1  4  0 -1  0    9   3   0   4   0   3   3   2   3   4   7   2   2   2  10  11  26   1   2   8  0.25 0.28
  286 M    0 -1 -2 -2 -1  1 -2 -3  0  1  1 -1  3  1  0 -1  0 -3 -1  2    7   3   1   1   1   9   1   1   2   6  16   2  10   5   4   5   5   0   2  16  0.17 0.20
  287 F    0 -3 -2 -5 -1 -2 -4 -3 -1  1  2 -4  1  3  0 -2 -1  4  3  1    7   1   2   0   1   2   0   1   2   7  25   0   3  14   4   3   3   5   9  10  0.38 0.29
  288 V    0  2  1 -1 -3  1  0 -2  1  0  0  0  1 -2 -1  0  1  0  0  0    8  15   7   3   0   8   5   3   3   7   7   3   4   1   2   6   8   1   3   7  0.08 0.12
  289 R    1  2 -1  0 -4  3 -1 -1 -1 -1  0  0  2  0 -1 -1  0  0  0  0   10  14   2   5   0  15   3   4   1   3   8   3   6   4   2   4   5   1   4   6  0.14 0.19
  290 M    0  0 -2  0  2  0  0 -1  2  0  0 -2  1  1  1 -2  0  4  1  0    6   6   0   6   6   6   6   6   6   6   6   0   6   6   6   0   6   6   6   6  0.09 0.15
  291 L    0 -2 -2 -2  1 -1 -3 -3  1 -1  3 -2  3 -1 -1 -2  1  1  2  0    7   2   2   3   2   3   2   3   3   3  26   2   7   3   4   3   9   2   6   6  0.29 0.21
  292 K    0  2  0  1  0  2 -1 -2  1 -2 -1  2  1 -1 -1  0 -1  1 -1 -2    9  10   5   7   2   8   4   4   3   2   6  11   4   3   3   6   4   2   2   3  0.12 0.11
  293 L    2 -1  0 -1 -1  0 -1 -3  3 -3  2 -2 -1  0 -3  0  0  0  1  0   17   3   4   4   1   4   4   2   8   2  18   3   1   5   1   7   5   1   5   6  0.22 0.17
  294 P    1 -2 -1  0 -1 -2  0  1 -1 -1  1 -3  1 -2  4 -2 -2  0 -1 -1   10   3   3   6   1   2   7   9   2   4  12   2   3   2  21   3   2   1   2   5  0.28 0.22
  295 E    1  0 -1  3 -2  1  3  0  0 -5 -2 -1 -2 -3  1  0 -2  0 -2 -3   11   6   3  14   1   5  18   6   3   1   4   4   1   1   6   7   3   2   2   2  0.29 0.23
  296 A    2  0 -2  1  0  1  1  0  0 -2 -1  0 -1 -1 -1  0 -1 -1 -1 -1   18   6   2   8   2   5   9   8   2   2   7   6   1   3   3   6   5   1   2   4  0.10 0.10
  297 V    1  0  0  0 -1  0  0 -1  0  0  0  0 -1 -1  2 -1  1  1  0  0   10   5   4   6   1   4   6   5   3   5  10   5   2   3   9   4   8   2   3   6  0.04 0.04
  298 R    1  2 -1  0 -2  0  1 -1  0 -1  0 -1 -1  1 -1 -1 -1  0 -1  1   11  10   3   6   1   4  11   5   2   3   8   4   1   6   4   4   4   1   2  10  0.08 0.08
  299 N    2  1  1  1 -3  0  1  1  1 -3 -2  1 -2 -2  0  0  1 -2 -2 -3   14   8   7   8   1   4   8   9   3   2   5   7   1   2   4   7   7   1   1   2  0.14 0.14
  300 S    1  2  0  0 -2  1 -1  1 -1 -1 -1  2 -3 -3  1  0  0 -1 -3 -2   12   9   4   6   1   6   4   9   2   3   6  11   1   1   6   8   6   1   1   3  0.13 0.13
  301 Y    1  1 -2  0 -1  0  0 -1  3 -1  0 -1 -1 -1  1 -1 -1  0  4 -1   11   7   2   5   1   4   7   4   6   3   9   4   1   3   7   4   4   1  13   4  0.16 0.14
  302 D    1 -1  0  4  0  1 -1 -2  1 -2 -2 -1 -1 -3  1  0 -2  1  0 -2   12   4   4  24   2   5   4   4   3   2   4   4   1   2   6   7   3   2   3   3  0.34 0.25
  303 M    0 -1 -2 -4  1 -3 -4 -3 -2 -1  4 -3 -1  3  0 -1 -2 -1 -2  0    8   3   2   1   3   1   1   2   1   3  39   2   2  10   5   5   3   1   2   5  0.56 0.34
  304 S    1  1 -1 -1 -6  1 -2 -1  0 -3  0 -1  0 -3  2  3 -1 -2 -3 -2    9   8   3   4   0   6   3   5   3   2   8   4   3   1  10  23   4   1   1   3  0.26 0.26
  305 S    0  2 -1 -3  0  0 -2 -1  2 -5 -3 -1 -3 -5 -2  5  1 -3 -2 -4    9  10   3   2   2   4   3   5   5   1   3   5   1   1   3  34   7   1   2   2  0.56 0.44
  306 L   -2 -2 -8 -5  0 -5 -4 -4 -3  1  5 -4  0  3 -3 -2 -2  0 -2  2    3   2   0   1   2   1   1   2   1   8  41   1   2  11   2   3   3   1   1  12  0.79 0.45
  307 R   -2  6 -2  1 -3  0 -2 -2  1 -1 -3  2 -3 -3 -6 -4 -1 -3 -5 -1    3  38   2   8   1   4   3   4   3   3   4  12   1   1   1   2   4   0   0   5  0.84 0.53
  308 R   -1  0  0  0  2  0  0 -1  2  0 -1  0  2  1  0 -1  0  4  1 -1    5   5   5   5   5   5   5   5   5   5   5   5   5   5   5   5   5   5   5   5  0.09 0.08
  309 V    0 -1 -1 -2  1 -2 -1  0 -3  2  1 -2  1  0 -1 -1 -1  1  0  2    9   4   3   2   4   0   4   7   0  16  11   2   4   5   2   3   4   2   3  16  0.11 0.14
  310 I    0  0 -1 -1  0 -1 -1  0 -2  1  1 -1  1  0 -1  0  0  1  0  1    8   4   3   3   2   3   3   8   0  10  15   2   5   5   2   5   7   2   2  11  0.03 0.07
  311 H    0 -2  0  0  2  0  0 -1  2  0 -1 -2  1  1  0  0  0  3  1  0    6   0   5   6   5   5   6   6   5   6   6   0   5   5   6   6   6   5   5   6  0.08 0.13
  312 A    1 -4 -1  0  2 -3 -1  4 -3 -2 -2 -3  0  0 -1  1 -1  2 -1 -1   10   0   3   5   4   0   4  35   0   2   3   0   2   5   3  10   3   3   3   5  0.37 0.31
  313 A    0 -2  0  0  2  1  0  0  2  0 -1  0 -2 -2  1  0  0  3  1  0    6   0   6   6   6   6   6   6   6   6   6   6   0   0   6   6   6   6   6   6  0.08 0.12
  314 A    2 -1 -1  0  0  0  2  0  0  0 -1 -1  1 -1 -1  0 -1  3 -3 -1   19   2   3   5   2   3  16   8   2   5   7   3   4   3   2   5   3   4   0   4  0.13 0.18
  315 P   -1  0  0 -2  2  0  0 -1  2  0 -1  0  1  1  0  0  0  3  1  0    5   5   5   0   5   5   5   5   5   5   5   5   5   5   5   5   5   5   5   5  0.07 0.11
  316 C    0 -1 -1 -1  2 -1 -3 -2  0  2  2 -1  2  0  0 -1 -1  2  0  1    6   3   3   4   5   3   0   3   3  12  19   3   6   4   4   4   4   3   3   8  0.10 0.14
  317 P   -1 -1  0  1 -4  0 -1 -1  0 -1 -1 -1  0 -1  4  0  1  1  0  0    6   4   5   7   0   4   3   4   2   4   7   3   2   2  19   9   8   2   3   6  0.19 0.20
  318 V    0  0 -1 -1  1  0  0 -2  1 -1 -2  0  1 -1  3 -1 -1  2 -1  0    8   5   3   4   2   5   7   3   4   3   5   5   3   2  17   5   4   2   3   8  0.15 0.18
  319 Q    0 -1  0  2  1  0  3 -2  3 -2 -3 -1 -6 -1  0  0 -1  2  0 -1    8   4   4   9   3   5  18   4   6   3   4   4   0   3   6   7   4   3   3   4  0.23 0.22
  320 I    0 -1 -3  0 -1 -2 -2 -4  0  0  4 -3  0 -3 -1 -1  1  1 -1  2    7   3   1   5   1   2   3   2   2   5  31   2   2   1   3   5   8   2   2  12  0.34 0.25
  321 K    0  1 -2 -3 -1  0 -1 -4  0  1  3 -1  2  0 -3 -2 -1  4  0  1    8   6   2   1   1   4   4   2   2   6  23   4   5   4   2   3   4   6   3   8  0.25 0.19
  322 E    0  2  0  2 -1  2  3 -4  2 -2 -1  0  0 -1 -3 -2 -1  0 -1 -2    9   9   4   9   1   8  18   2   4   2   7   6   2   3   2   3   4   1   2   3  0.24 0.22
  323 Q    2  4 -2 -2 -7  2  1 -2  0 -2 -1  1  0 -1 -2 -2 -2  4 -3 -4   15  19   2   3   0   8   9   4   2   3   6   8   2   2   2   4   2   6   1   2  0.41 0.32
  324 M    2 -1 -4 -4  1 -1 -3 -3 -2  1  2 -2  2  3 -4 -2 -3  5  0  1   15   3   1   1   3   3   2   3   1   6  16   3   4  11   1   4   2   8   4   9  0.39 0.26
  325 I    1  3 -2 -2  1  1  0 -3  2  0  1  1  1  0 -3 -2 -1 -1 -1 -1   12  13   2   2   3   6   7   2   4   6  12   8   3   4   2   3   4   1   2   5  0.15 0.13
  326 H    1  3 -1  1  1  2  3 -3  2 -4 -4  2 -1 -1 -4 -1 -3 -8 -3 -4   11  16   4   7   2   8  18   3   5   1   2  10   1   2   1   5   2   0   1   1  0.46 0.35
  327 W    2  3 -1 -3 -1  0 -2 -1  0 -1  1  1  1  0 -2 -3 -1  2 -2  0   15  16   3   2   1   4   3   5   2   4  12   8   3   5   2   2   3   3   2   6  0.21 0.18
  328 W   -3  0 -2 -4  0 -2 -3  2  1 -2  2 -2 -1  4  2 -2  0  2  0 -3    2   5   2   1   2   2   2  14   3   2  17   3   2  17   9   3   7   2   3   2  0.39 0.28
  329 G   -2  0  2 -1  2 -2 -3  3  2  1 -1 -2 -2 -2  2 -1 -1  0 -3 -2    3   5   8   4   4   2   2  23   4   8   7   3   1   2  12   4   4   2   1   4  0.32 0.25
  330 P    1  1  1 -2  3 -1 -4 -2  0  1 -2  0 -1 -3  3 -2  1 -7 -2  1   12   8   6   2   6   3   1   4   2   7   5   5   2   1  14   3   7   0   2  10  0.25 0.21
  331 I   -1  1  0 -1 -1  1  0 -3  1  1 -1 -1  0  0  0 -2  1 -1  0  2    6   9   5   4   1   6   6   3   4   8   7   3   2   4   5   2   8   1   3  15  0.11 0.11
  332 I   -2 -1 -2 -4  1 -4 -3 -3 -2  3  2 -2  2  1 -2 -2 -2  1  0  3    4   3   2   1   3   1   2   2   1  15  17   3   5   6   2   4   3   2   3  18  0.39 0.23
  333 D   -1  1  0 -1 -1  1 -2 -1  2  1  1 -1  0  1 -2 -2  0  0  1  2    4   9   4   4   1   6   2   5   5   7  12   4   2   6   3   3   5   1   5  13  0.10 0.09
  334 E   -3 -3  3  0  1  4  2 -2  0 -2 -1 -6 -1 -2 -4 -1  3 -2 -1 -4    2   2  14   5   3  16  12   4   3   3   6   0   1   2   1   5  15   1   2   1  0.52 0.43
  335 Y   -1 -2 -1 -5 -2  0 -4  3  1 -1 -2 -4  1  0 -4 -3  1  4  6  0    6   2   3   1   1   5   2  17   3   4   4   1   3   4   1   3   9   5  20   6  0.58 0.41
  336 Y   -4 -5 -4 -6 -1 -2 -4  3 -4 -2 -5 -6 -2  1 -4 -5 -4  5  8 -3    2   1   1   1   2   2   2  17   1   2   1   1   1   5   1   1   1   6  49   3  1.77 0.98
  337 A    0 -5 -4 -5  0  0 -9  6 -5 -6 -3 -9  4 -4 -3 -3 -2  1  1 -6    8   1   1   1   2   4   0  52   0   1   3   0   9   1   2   3   3   2   5   1  1.32 0.79
  338 S    0 -4 -5 -8  1  1 -3 -1 -8 -1  0 -5  5 -3  0  2  3 -8  3 -4    8   1   1   0   3   6   2   5   0   3  10   1  13   1   6  14  18   0   8   1  0.61 0.46
  339 S   -2 -9 -5 -6 -2 -8  3  0 -9 -4 -5 -7 -2 -3 -6  3  6 -10 -3 -4    4   0   1   1   1   0  20   7   0   1   1   0   1   1   0  18  38   0   1   2  1.24 0.80
  340 E   -1 -9 -4 -4 -2 -3  6 -4 -2 -6 -2 -8  0 -3 -4 -1  3 -10 -9 -5    5   0   1   1   1   1  53   2   1   1   4   0   2   1   1   4  18   0   0   1  1.47 0.90
  341 A    3 -8 -4 -4  4 -5  0  0 -4 -2 -2 -8  0 -3 -5  0  5 -9 -4 -1   20   0   1   1   6   1   6   9   0   2   4   0   3   1   1   7  33   0   1   4  0.84 0.56
  342 S    1 -5 -1 -5  2 -4  0  3 -3 -2 -1 -5 -4 -2 -2  3  2 -1 -1 -2   12   1   3   1   4   1   7  21   1   2   6   1   0   2   3  19  11   1   2   3  0.46 0.35
  343 G    0 -3 -3 -4  2  0 -3  4  0  0 -1 -6  1 -1  2 -1 -2  1 -1  1    8   2   1   1   4   4   2  26   3   6   5   0   3   3  12   5   2   2   3  10  0.42 0.30
  344 S    1 -4 -1 -2  4 -3 -4  0  1  2 -1 -4  1 -1 -1  0  1 -2 -3  2   10   1   3   3   8   1   1   9   3  11   6   1   4   2   4   8   7   1   1  16  0.32 0.22
  345 T    1 -3 -5 -3  3 -4 -7 -2 -3  2  0 -5  1 -2 -4  1  3 -7 -3  3   10   1   1   2   6   1   0   4   1  11   8   1   3   2   1  11  16   0   1  20  0.56 0.36
  346 L    0 -1 -1 -2  3 -1 -2 -2  1  0 -1 -5  1  1 -1  0  2  2  3  0    8   4   3   3   6   3   3   3   4   5   7   0   3   6   3   8  13   3   8   7  0.18 0.19
  347 I    0 -1 -1 -1  3 -1 -1 -1  1  1  0 -1  1  0  0  0  0  2  1  1    7   4   3   4   7   3   3   5   3   7   8   4   4   4   4   6   5   3   5  11  0.08 0.07
  348 T   -1  0  0  0  2  0  0 -1  2  0 -1  0  2  1  0 -1  0  4  1 -1    5   5   5   5   5   5   5   5   5   5   5   5   5   5   5   5   5   5   5   5  0.09 0.08
  349 A    0  0  0 -1  2  0 -1 -1  1 -1 -1  0  1 -1  3  0 -1  2  1 -1    9   5   4   4   5   4   4   6   3   4   5   5   3   3  14   7   4   3   4   4  0.13 0.13
  350 E    0  0  0  1  2  0  1  0  1 -1 -1  0  0  0  1 -1 -1  1  0 -1    9   4   5   8   4   4   8   7   3   3   6   7   2   4   8   4   4   2   3   5  0.06 0.06
  351 D   -1  0  0  3  0  1  2  0  2 -2 -2 -1  0 -2  1 -1  0  0 -1 -2    5   5   5  17   2   6  12   6   4   2   4   4   2   2   7   4   5   2   3   4  0.21 0.19
  352 W    0  0 -2  1  0 -1  0  2  1  0 -1 -2  1  1  1  0 -1  3  0 -2    8   4   2   9   2   3   5  13   4   5   6   2   3   7   7   6   4   4   3   3  0.10 0.10
  353 L    1  0  0  1 -2  0  2 -2  1 -1  1 -1 -1 -1  2 -1 -2 -1 -1 -1   11   5   4   8   1   3  11   3   4   4  11   4   2   3  12   4   3   1   2   5  0.14 0.14
  354 T   -1  0  0  0  2  0  0 -1  2  0 -1  0  2  1  0 -1  0  4  1 -1    5   5   5   5   5   5   5   5   5   5   5   5   5   5   5   5   5   5   5   5  0.09 0.08
  355 H   -1  2  0  0 -5  0 -1 -1  3 -1 -1  2  1  0 -1 -1 -1  2  0  0    6   9   4   6   0   4   4   4   6   4   7  15   3   4   3   4   4   3   4   6  0.14 0.12
  356 P    1 -1  0 -1  0 -1 -1 -2 -1 -1 -1 -2  0 -1  4  0 -1  2 -1  0   10   3   5   4   2   3   5   4   2   4   7   3   2   3  23   6   5   2   2   6  0.28 0.25
  357 G   -1 -2  0  0  0 -2 -2  5  0 -1 -3 -3  0 -2 -1 -1 -1  2 -2 -1    5   3   4   5   2   2   3  38   2   4   3   2   3   2   3   6   4   3   2   5  0.53 0.36
  358 S    0 -2 -2 -2  1 -1 -1  0  0 -1 -3 -3 -1 -2  0  4  2 -1 -2  0    7   3   2   3   3   3   4   7   2   4   3   2   2   2   4  29  12   1   2   6  0.38 0.33
  359 V    1 -3 -3 -2  1 -1 -2  1 -1  3 -1 -2  1 -1 -1 -1  0  0 -2  3   10   1   2   3   3   3   2  10   2  14   7   3   4   3   3   4   6   1   1  20  0.25 0.18
  360 G   -3  0 -3 -1 -1 -2 -2  5  0 -1 -1 -1  0 -2 -1 -2 -1  1  0 -1    2   4   1   3   1   2   3  41   2   4   6   4   2   2   4   4   4   2   3   5  0.60 0.40
  361 K    0  3 -2 -1 -3 -1 -2  0  0 -1 -1  1  0  0  2 -1  0 -1  0  0    7  16   1   4   1   3   3   6   2   4   7   9   2   4   9   5   6   1   3   8  0.15 0.14
  362 P    0 -2 -3 -3  0 -3 -4  0  0  0  0 -2 -3 -2  6 -3 -2  1 -1  0    8   3   1   2   2   2   1   7   2   6   8   3   1   2  37   3   3   2   2   6  0.72 0.51
  363 I    0 -1 -2 -2 -1 -2 -2 -4 -1  2  3 -3  2  2  0 -1 -1 -1 -2  2    9   3   2   3   1   2   3   2   1  10  23   1   4   7   4   4   3   1   2  13  0.29 0.19
  364 Q   -1  0  1  2  1 -2  0  0  0 -3 -3 -2 -1  1  5 -1 -2 -1 -3 -4    6   5   7   9   2   2   5   8   2   2   3   3   2   5  28   5   3   1   1   2  0.51 0.39
  365 G   -1 -1  2  0 -1 -1 -2  4  3 -2 -4 -4 -1 -1 -2 -2  2  0  0  0    6   3   8   5   1   2   3  28   6   3   2   1   2   2   2   3  11   1   3   6  0.41 0.29
  366 G    0  1 -2  1 -2  3  4  0 -1 -3 -3  0 -1 -4 -2 -1  0 -1 -1 -1    7   8   2   8   1  11  21   7   2   2   3   5   2   1   2   4   6   1   2   6  0.31 0.27
  367 V    0 -2 -3 -2 -3 -1  0 -4 -2  3  1 -1  0 -2 -2 -2 -1 -2 -1  4    8   2   1   3   1   3   5   2   1  14  11   4   2   2   2   4   3   1   2  29  0.44 0.27
  368 H   -1  0  0  0  2  0  0 -1  2  0 -1  0  2  1  0 -1  0  4  1 -1    5   5   5   5   5   5   5   5   5   5   5   5   5   5   5   5   5   5   5   5  0.09 0.08
  369 I   -2  0 -2 -2  0 -2 -2 -3 -1  5  1 -1  0 -1 -2 -2 -2  2 -1  3    4   5   2   3   2   2   4   2   2  25  13   4   2   3   2   3   2   3   2  16  0.43 0.25
  370 V   -1  0 -2 -1  0 -1 -3 -3 -1  2  2 -1  0 -1 -2 -3  0  2 -1  3    5   6   2   4   2   3   2   2   2  12  15   5   2   2   3   2   5   3   2  21  0.29 0.20
  371 G   -2 -1  2  5 -1 -2 -2  0 -1  0 -1 -2  1 -3  0 -2 -1 -7 -2  0    4   3   8  30   1   2   2   6   1   6   7   3   3   1   6   4   4   0   1   7  0.49 0.34
  372 A    1 -2  0  3 -1  0  2 -2 -1 -2 -2 -1  0 -6  2  0 -1  0 -3 -1   10   2   4  16   1   4  13   4   2   3   5   4   2   0  10   8   4   1   1   5  0.26 0.23
  373 D    0 -1  1  3 -1  0  1 -2  2 -2 -3 -1  0 -3  0  0  0  1 -1 -1    8   3   7  17   1   4  10   4   4   2   3   4   2   1   6   6   6   2   2   5  0.21 0.18
  374 G   -3 -2 -1  0 -1 -2  0  6 -1 -6  0 -3 -1 -3 -2 -2 -1 -1 -3 -4    3   2   3   6   1   2   5  49   2   1   8   2   2   1   2   3   4   1   1   2  0.93 0.53
  375 S   -1  3  2  0 -1  1  1 -2  1 -2 -2  1 -1 -3 -3  0  0 -5 -2  0    6  14  10   4   1   7  10   4   4   2   5   9   2   1   2   6   5   0   1   7  0.21 0.17
  376 E   -1  0 -2  1  0 -1  3 -3 -1 -1 -1 -3 -2 -3  3  0  0  1 -3  0    6   5   2   6   2   2  21   2   1   4   7   2   1   1  14   6   7   2   1   7  0.31 0.25
  377 L    0 -2 -5 -5  2 -1 -2 -2 -2  1  3 -2 -1 -1 -3 -3 -2 -1 -4  4    7   3   1   1   4   3   3   4   1   7  29   2   2   2   2   2   3   1   1  22  0.52 0.28
  378 P   -1  0  0  0  2  0  0 -1  2  0 -1  0  2  1  0 -1  0  4  1 -1    5   5   5   5   5   5   5   5   5   5   5   5   5   5   5   5   5   5   5   5  0.09 0.08
  379 P    0  0 -1  0  0  0 -1  0  1  1 -1  0  0 -1  2 -1  0  2  0  0    6   6   3   5   2   4   4   6   3   7   7   6   3   3  11   5   5   3   3   8  0.06 0.06
  380 N   -1  0  2  1  0 -1 -1  3  1  0 -3 -1 -1 -1 -1 -1 -1  1  0  0    5   5  10   7   2   3   4  24   3   5   3   4   2   2   3   4   4   2   3   6  0.25 0.19
  381 Q    0 -1 -2  0  0  2  4  0 -1 -2 -4  0 -1 -2 -2 -1  0  1 -2  1    7   4   2   6   2   9  22   7   2   2   2   5   2   2   3   6   5   2   1  11  0.28 0.26
  382 P    0 -1 -1  3 -1 -2  2 -2  1  0 -2 -1  0 -3  2  0 -1  0 -2  1    7   3   3  13   2   2  12   3   3   6   5   4   2   1  11   6   4   1   1  11  0.19 0.18
  383 G   -3 -2 -1 -1 -2 -3 -3  7 -7 -7 -3 -4 -3 -8 -7 -1 -4 -7 -7 -3    3   3   3   4   1   2   2  66   0   0   4   1   1   0   0   5   1   0   0   2  1.63 0.83
  384 E   -1  2 -2 -2 -3 -1  6 -3 -1 -2 -1 -2 -1 -3 -2 -4 -3  2 -2 -1    5  11   2   3   1   3  42   3   2   3   6   3   2   1   2   2   2   2   1   4  0.82 0.53
  385 I   -3 -5 -8 -3 -1 -4 -4 -3 -3  5  4 -7  1 -3 -3 -4 -4 -7 -2  2    3   1   0   2   1   1   2   3   1  29  33   0   3   2   2   2   1   0   2  14  1.01 0.51
  386 Y    1 -1 -7 -3  5 -1 -1 -3  3 -2  0 -3  0 -2 -7 -3 -1  6  3  2   10   4   0   2  11   3   4   3   5   3  10   2   2   2   0   3   4  11   8  14  0.62 0.37
  387 F    0 -2 -7 -7 -1 -7 -5 -4 -3  5  2 -4  0  0 -3 -3 -2  0 -2  4    7   2   0   0   2   0   1   2   1  26  16   1   2   4   2   2   3   1   2  24  0.84 0.42
  388 E    1  5 -2 -2 -2 -1 -1  1  2 -3 -3  2 -3 -2  0 -1 -1  2 -4 -3   10  25   2   3   1   3   4  10   4   2   3  12   1   2   4   6   4   2   1   2  0.47 0.32
  389 G   -1  0 -2  0 -2 -2 -4  6 -1 -3 -5 -3 -3 -4 -1  1 -1 -7 -7 -3    6   5   2   5   1   2   2  47   1   2   2   2   1   1   4  11   5   0   0   2  0.91 0.53
  390 G    0 -2  0  0 -2 -1 -2  2 -2 -4 -5 -3 -3 -4  6  0 -2 -1 -1 -4    7   3   4   6   1   3   3  15   1   1   2   2   1   1  36   7   3   1   2   2  0.80 0.52
  391 Y    0 -2  0 -5  1  2 -4 -2  0 -1  1 -4  3 -1 -3  1  2  4  2  1    7   2   5   1   2   9   1   3   2   4  12   1   7   2   2   9  11   6   6   8  0.30 0.23
  392 P    1 -1 -2 -3  0  0 -3 -2  0  1  2 -3  3  1  1 -2 -1 -1 -2  2   10   3   2   2   2   4   2   4   2   7  16   2   6   6   7   3   4   1   1  16  0.22 0.15
  393 F    2  1 -2 -4 -2 -2 -4  0 -3 -1 -1 -3  7  3 -2 -1 -1  0 -3 -1   15   6   2   1   1   2   1   6   1   4   7   2  22  11   2   5   5   1   1   4  0.62 0.36
  394 E   -1  0 -3 -1 -2 -1  0  4  0 -2  0  0  0 -4 -1  0  1 -6 -4 -2    5   6   1   4   1   3   6  30   3   3   8   5   3   1   3   7   7   0   1   3  0.35 0.25
  395 Y   -3 -2 -7 -2 -1 -3 -2  5  0 -3 -4 -5 -3 -4 -4 -4 -5 -1  7 -2    3   3   0   3   2   1   3  35   2   2   2   1   1   1   1   2   1   1  33   3  1.38 0.73
  396 L   -4 -1 -4 -3 -4 -4 -4 -3  1 -1  2 -5 -3  0 -2 -5 -3  5  8 -3    2   4   1   2   1   1   2   3   3   3  16   1   1   4   2   1   2   7  42   2  1.39 0.71
  397 N   -1  1  3 -1 -5 -1 -1  1  1 -2  1 -1 -2 -1  0 -2  0  5  1 -2    6   8  13   4   0   2   4   9   3   2  13   5   1   3   4   4   5   7   4   3  0.23 0.17
  398 D   -1  3  5  4 -4 -1 -1  1 -1 -3 -3 -1 -2 -3 -5 -3 -3 -3 -1 -4    5  13  21  22   1   3   5   9   2   2   4   3   1   1   1   2   2   1   2   2  0.68 0.41
  399 P   -1  1  0  2 -4 -1  1 -1  1 -3 -4 -2 -3 -3  6 -3 -4 -1  0 -4    6   8   5   9   1   3   8   5   3   2   3   3   1   1  33   2   1   1   3   2  0.70 0.45
  400 A    1  0 -3  2 -5  0  4  1 -3 -3 -3 -1 -3 -1  2 -1 -1 -1 -2 -2   11   4   1  10   0   4  21  10   1   1   3   5   1   3  10   5   4   1   2   3  0.33 0.27
  401 K    2  2 -3  1 -4  1  3 -1  0 -3 -1  1 -3 -3  0 -1 -2 -2 -4 -2   18   9   1   7   0   6  16   5   2   2   7   8   1   1   5   4   2   1   1   3  0.28 0.23
  402 T    1 -1  0  0 -5 -1 -1 -1 -1 -1 -1  0 -2 -1  1  0  4 -2 -2 -1   10   3   4   6   0   3   4   4   2   4   7   5   1   3   6   7  24   1   2   4  0.26 0.22
  403 A    2  0 -1  0 -2  1  0 -1  1 -1 -2  0 -2 -1  0  0  3 -5 -4 -1   18   5   3   6   1   5   5   5   4   3   4   6   1   3   5   6  15   0   1   4  0.19 0.18
  404 A    2  1 -2  1 -3 -1  3 -2 -3 -3 -3  0 -5 -1  2  0 -1 -6 -1 -1   18   7   2   7   1   3  15   4   1   1   3   6   0   3  11   8   4   0   3   4  0.30 0.25
  405 S    3  0 -1 -1 -1 -2  1 -3 -3 -2 -1  0 -1  1  0  0  2 -2 -1  0   22   5   3   4   1   2   8   2   1   2   7   5   2   5   4   7  11   1   2   6  0.20 0.18
  406 R   -1  2 -4 -3 -2 -1 -3 -3 -3  2  0 -1 -1  5 -1 -2  0  1  1  0    6   9   1   2   1   3   2   2   1   9   9   4   2  24   3   3   6   2   4   6  0.46 0.27
  407 N    0  0  0  4 -3 -3 -1 -1 -1  0 -1 -3 -1  3 -1 -2  1  2 -2 -1    8   5   5  20   1   1   4   4   2   5   7   1   1  11   3   3  10   2   2   5  0.30 0.21
  408 K    1  1 -1  1 -6  0  2  2  0 -2 -4  1 -4 -1  1  0 -1 -6  0 -1   11   7   2   6   0   4  13  14   2   2   1   8   0   3   7   6   3   0   3   5  0.21 0.19
  409 H   -1 -2  1  5 -3  0  2  1  1 -4 -5 -2 -4 -5  2 -3 -2 -2 -4 -3    5   3   6  30   1   4  13  11   3   1   2   3   1   1   9   2   3   1   1   2  0.68 0.45
  410 G   -4  3 -1 -1 -8 -6 -4  6 -2 -8 -6 -2 -4 -3  1 -4 -4 -8 -2 -5    2  12   3   4   0   0   1  58   1   0   1   3   1   1   6   1   2   0   2   1  1.44 0.78
  411 W   -3 -2 -6 -10 -5 -4 -4 -6 -2 -4 -4 -5 -1  3 -6 -6 -3 11  4 -2    3   3   1   0   0   1   2   1   1   1   2   1   2  10   1   1   2  52  13   4  2.67 1.28
  412 V   -5 -4 -6 -5 -2 -4 -6 -6 -1  1  3 -9  0  6 -7 -6 -4 -1  6 -1    1   2   1   1   1   1   1   1   1   6  23   0   2  28   0   1   1   1  24   4  1.40 0.72
  413 T    0  5 -1 -1 -1 -3 -3 -6  6 -2 -2  0 -2  1 -3 -2  2 -2  0 -2    7  24   3   3   1   1   2   1  16   2   5   6   1   5   2   4  11   1   3   3  0.68 0.43
  414 V   -5 -4 -8 -7 -1 -9 -9 -6 -5 -4 -4 -9 -3 -9 -2  1  8 -9 -6  0    1   1   0   0   1   0   0   1   0   1   3   0   1   0   2  11  70   0   0   5  2.15 1.15
  415 G   -2 -1 -2  2 -4 -2 -4  7 -4 -10 -10 -2 -5 -5 -7  0 -8 -10 -5 -10    4   4   2   9   1   2   2  64   1   0   0   3   0   1   0   7   0   0   1   0  1.66 0.91
  416 D   -10 -10 -7  9 -11 -5 -3 -10 -2 -7 -6 -9 -11 -11 -10 -9 -9 -12 -11 -6    0   0   0  94   0   1   2   0   1   1   1   0   0   0   0   0   0   0   0   1  3.41 1.57
  417 V   -1  2 -5 -6 -1 -1 -3 -1 -5  2  4 -2  2 -3 -7 -3 -2 -1 -2  1    5   9   1   0   1   3   2   6   0  12  39   2   4   1   0   2   2   1   2   8  0.61 0.39
  418 G    3 -9 -8 -5  0 -8 -4  6 -9 -4 -6 -8 -2 -4 -8 -7 -6 -9 -5  1   22   0   0   1   2   0   1  58   0   1   1   0   1   1   0   0   1   0   1  11  1.68 0.90
  419 Y   -1  4 -6 -5 -4 -1  2 -5  2 -1 -3 -1 -2  0 -7 -1  0  2  5  0    5  19   0   0   0   2  13   1   4   4   3   4   1   3   0   4   6   3  20   8  0.64 0.45
  420 L   -5  2 -4 -5 -2 -2 -4 -6 -6  3  2 -1  3  2 -6 -6 -4  5  1  2    1  11   1   1   1   2   1   0   0  16  20   3   7   8   0   0   1   8   4  14  0.73 0.44
  421 D   -3  1 -1  7 -3 -2 -1 -3  2 -5 -2 -2 -5 -6 -6 -2 -1 -3 -6 -3    2   8   3  54   1   2   4   2   4   1   5   2   0   0   0   4   4   0   0   2  1.27 0.71
  422 D    2 -3 -1  4 -3 -1  4  0 -2 -7 -5 -2 -4 -6  2 -2 -3 -7 -5 -4   18   1   2  19   1   3  27   7   1   0   1   2   0   0  10   3   2   0   0   1  0.74 0.52
  423 D   -2 -1  2  6 -4  0  2 -1  1 -6 -5 -1 -4 -4 -3 -1 -2 -6 -4 -5    4   3   8  40   0   5  14   5   3   0   2   3   0   1   2   4   3   0   1   1  0.89 0.53
  424 G   -4 -2 -2 -2 -7 -4 -3  7 -4 -6 -6 -5 -7 -8 -5 -4 -6  0 -5 -7    1   2   2   2   0   1   3  80   0   1   1   1   0   0   1   1   1   1   1   1  2.15 1.04
  425 Y   -3  3  0 -3 -3 -1  0 -2  1 -4  0 -3  0  2 -7 -2 -1 -1  6  0    2  14   4   2   1   3   5   3   3   1   8   2   3   8   0   3   4   1  29   6  0.70 0.48
  426 L   -5 -5 -8 -8 -3 -7 -6 -6  0  3  5 -4 -1  3 -6 -6 -5  1  1  1    1   1   0   0   1   0   1   1   2  13  51   1   1  10   0   1   0   2   5   9  1.16 0.63
  427 F   -4  3 -3 -4 -2  0  1 -5  3 -2 -3 -1 -1  3 -6 -2  2  5  4 -1    1  13   1   1   1   4   9   1   6   3   2   4   1  10   0   3  12   7  15   5  0.60 0.43
  428 L   -5 -5 -8 -8  0 -8 -8 -9 -3  6  1 -8  1  5 -6 -7 -6 -2  1  3    1   1   0   0   2   0   0   0   1  34  12   0   3  19   0   0   0   1   5  21  1.35 0.69
  429 T   -2  0 -3 -2  0 -1 -3 -4 -1  1  3  0  1 -3 -5 -2  2 -5 -3  3    3   5   1   3   2   3   2   1   1   6  29   5   3   1   0   3  13   0   1  18  0.42 0.32
  430 G   -2 -5 -4  3 -2 -7 -4  7 -8 -9 -9 -7 -8 -9 -8 -1 -5 -4 -9 -9    4   1   1  17   1   0   1  69   0   0   0   0   0   0   0   5   1   0   0   0  1.98 1.01
  431 R   -7  9 -8 -9 -5 -6 -7 -7 -7 -7 -9 -5 -8 -9 -7 -8 -5 -9 -9 -6    0  96   0   0   0   0   0   0   0   0   0   0   0   0   0   0   1   0   0   1  3.42 1.53
  432 R    2  1  0 -2 -3 -1 -2 -3 -3  1  1  2  1 -3 -4  0 -1 -5 -2  1   16   7   4   3   0   3   3   1   0  10  15  13   4   1   0   8   3   0   1   8  0.21 0.22
  433 H   -5 -5  0  7 -4 -4 -3 -2 -2 -5 -7  4 -8 -9 -7  1 -3 -9 -8 -4    1   0   4  48   0   0   1   4   1   1   1  25   0   0   0  10   2   0   0   1  1.51 0.84
  434 H   -5  0  1  7 -9 -1  3 -2  0 -9 -6 -6 -8 -3 -8 -3 -4 -10 -6 -7    1   4   7  56   0   3  18   4   2   0   1   0   0   1   0   2   1   0   0   0  1.65 0.89
  435 M   -1 -3 -7 -7 -6  2 -5 -6 -7  3  2 -3  6 -4 -7 -5  0 -2 -6  4    5   2   0   0   0  10   1   0   0  13  18   2  19   1   0   1   7   1   0  23  0.93 0.57
  436 I   -5 -7 -9 -9 -7 -9 -7 -10 -9  8  0 -9  0  1 -9 -8 -6 -8 -3  3    1   0   0   0   0   0   0   0   0  66   8   0   2   6   0   0   0   0   1  16  2.11 0.96
  437 I   -6 -3  6 -3 -7 -4 -5 -7 -4  4 -3  4 -3 -2 -7 -2 -1 -8 -7  0    0   2  33   1   0   0   0   0   0  22   3  22   1   2   0   3   4   0   0   6  1.18 0.69
  438 S   -4  1 -6 -7  0 -5 -6 -7 -3  2 -2 -2 -5 -3 -5  3  3 -3  1  4    1   8   0   0   2   0   0   0   1  11   3   2   0   1   0  23  16   0   4  27  0.81 0.56
  439 G    1  2 -2 -5 -8 -3 -5  6 -3 -9 -8  0 -4 -7 -7  2 -6 -8 -8 -7    9   9   2   1   0   1   0  57   1   0   0   6   1   0   0  12   0   0   0   0  1.42 0.78
  440 G   -4 -9 -5 -3 -9 -9 -7  8 -9 -11 -11 -8 -10 -10 -9 -5 -7 -10 -10 -10    1   0   0   2   0   0   0  95   0   0   0   0   0   0   0   1   0   0   0   0  2.97 1.31
  441 V   -3 -2 -2 -4 -6 -1  4 -7  3 -1  1 -2 -1  3 -6 -3 -3 -2  4  1    2   2   2   0   0   3  24   0   8   3  14   2   1  10   0   1   1   0  15   9  0.67 0.46
  442 N   -6  4  6 -5 -5  1 -4 -3 -3 -7 -5  5 -2 -8 -3 -4 -1  0 -5 -7    0  18  31   0   0   7   0   2   1   0   1  29   1   0   2   1   4   1   0   0  1.29 0.74
  443 I   -5 -8 -9 -9 -5 -8 -9 -8 -9  6 -1 -8 -1 -4 -8 -8 -6 -8 -4  6    1   0   0   0   0   0   0   0   0  37   6   0   2   1   0   0   0   0   1  53  2.00 0.91
  444 Y    1 -5  0 -2 -3 -1  1  0  1 -4 -2 -5 -3  2 -1  3 -3 -1  5 -3   10   0   4   2   0   3   9   8   3   1   5   0   0   7   3  24   1   1  17   2  0.49 0.41
  445 P    0 -5 -8 -8 -1 -7 -7 -6 -8 -4  0 -7 -7 -8  8 -1  1 -9 -8 -5    8   1   0   0   2   0   0   1   0   1  10   0   0   0  65   5   7   0   0   1  1.98 1.02
  446 Q    2  1 -1 -2 -4  1  2  2 -2  0 -1 -1 -2 -1 -1  0 -1 -5 -2 -1   20   8   2   1   0   8  12  13   1   6   7   3   0   2   2   5   4   0   1   4  0.18 0.21
  447 E   -1 -3 -4  1 -8  0  7 -5 -2 -6 -6 -3 -5 -7 -2 -3 -4 -8 -5 -1    6   2   1   8   0   3  66   1   1   0   1   1   0   0   3   2   1   0   0   5  1.58 0.87
  448 A   -6 -7 -8 -8 -5 -8 -8 -9 -8  5  1 -8  0 -6 -8 -6 -4 -8 -5  6    0   0   0   0   0   0   0   0   0  30  14   0   2   0   0   0   1   0   0  51  1.77 0.83
  449 E   -4 -3 -6 -2 -6 -2  8 -7 -7 -8 -6 -6 -8 -9 -7 -6 -4 -9 -8 -7    2   2   0   2   0   2  89   0   0   0   1   0   0   0   0   0   1   0   0   0  2.66 1.26
  450 N    3  1  2  2 -5  0  2 -2  0 -5 -4 -2 -5 -6 -4  2  0 -3 -5 -5   24   9  10  12   0   5  11   3   2   0   2   2   0   0   0  16   4   0   0   0  0.52 0.41
  451 L    3 -1 -5 -5  0 -2 -3 -6  0  2  0 -3 -2 -2 -5 -3 -1 -4 -2  4   27   3   0   0   2   2   2   0   2  10   9   2   1   1   0   1   4   0   1  33  0.69 0.45
  452 L   -2 -7 -8 -8 -4 -6 -8 -8 -8  3  6 -7  1 -3 -6 -7 -5 -7 -5  1    4   0   0   0   0   0   0   0   0  15  66   0   3   1   0   0   1   0   0   8  1.56 0.75
  453 V    1  1  0 -3  0  0 -1 -3 -1  0  3 -1  3 -2 -4 -1 -1 -4  0  0   11   8   4   1   2   4   4   2   1   4  28   3   8   1   0   4   4   0   4   6  0.22 0.22
  454 A    2  2 -2 -1 -4  2  2  0 -1 -5 -3  0 -2 -6 -3  2  2 -6 -5 -4   18   9   1   4   0   8  15   7   1   0   3   5   1   0   1  15  11   0   0   1  0.40 0.35
  455 H   -3 -4 -3 -4  2 -3 -5 -7  9  0  1 -6  2  0 -7 -3 -3 -3  0 -1    3   1   1   1   4   1   1   0  49   5  13   0   5   3   0   2   2   0   3   5  1.65 0.80
  456 P   -1 -5 -2  1 -8 -2  0 -2 -2 -8 -7 -4 -8 -6  8 -2 -3 -4 -8 -6    5   1   2   9   0   2   7   3   1   0   1   1   0   0  63   3   2   0   0   0  1.83 0.94
  457 K    3 -1 -1  1 -3  0  0  4 -3 -5 -2  0 -2 -3 -4  0 -3 -4 -2 -5   23   3   2   8   1   3   6  32   0   0   4   5   1   1   1   5   1   0   1   0  0.56 0.39
  458 V   -5 -8 -9 -7 -7 -7 -7 -7 -9  4 -4 -8 -4 -3 -8 -7 -5 -3 -4  7    1   0   0   0   0   0   0   0   0  21   1   0   0   1   0   0   1   0   1  73  2.22 1.01
  459 L    3  2 -2 -2 -4  1  1 -2 -1 -1  0  1 -2 -3 -3  0  0 -4 -3 -1   24  12   1   2   0   7   9   3   2   3   9   8   0   1   1   8   5   0   0   5  0.26 0.26
  460 D    0 -4 -3  5 -5  2  5 -4 -1 -6 -5 -2 -3 -8 -5 -2 -4 -3 -7 -6    7   1   1  30   0  10  40   2   2   0   1   2   1   0   0   3   1   1   0   0  1.27 0.72
  461 A    5 -7 -6 -7  6 -6 -6 -5 -4 -2 -5 -6 -4 -5 -6 -1 -1 -8 -7  3   51   0   0   0  15   0   0   1   0   2   0   0   0   0   0   5   3   0   0  21  1.48 0.79
  462 A    5 -2 -6 -6  4 -2 -4 -3 -3  0 -1 -4 -3  0 -5 -3 -3 -1 -3  3   45   2   0   0   8   2   1   2   1   4   5   1   0   4   0   1   1   1   1  20  0.88 0.55
  463 V    0 -8 -8 -8  1 -7 -8 -8 -8  1 -3 -7 -3 -6 -7 -4 -4 -8 -7  7    9   0   0   0   2   0   0   0   0   5   2   0   1   0   0   1   1   0   0  77  2.09 0.96
  464 F   -3 -5 -6 -7 -2 -5 -5 -5 -5  4  1 -5 -1  3 -6 -3 -1 -2  2  5    2   1   0   0   1   0   0   1   0  21  10   1   1  13   0   2   4   0   7  36  0.97 0.52
  465 G    2 -2 -5 -4 -2 -4 -6  6 -6 -6 -5 -2 -4 -6  1 -1 -4 -7 -7 -3   15   3   0   1   1   1   0  59   0   0   1   2   0   0   9   5   1   0   0   2  1.35 0.70
  466 V   -1  1 -5 -4 -3 -1 -1 -3 -1  2  1  1  1 -2 -5 -3 -1 -5 -2  4    5   9   0   1   0   3   5   3   1  10  13   7   4   1   0   1   3   0   2  32  0.43 0.31
  467 P    0 -1 -3  0 -7 -2  0 -5 -1 -5 -4  0 -6 -7  7 -2 -2 -1 -3 -5    9   4   1   6   0   2   6   1   2   1   2   6   0   0  53   3   3   1   1   1  1.33 0.72
  468 D   -3 -3  2  7 -5 -3 -3 -3  6 -8 -7 -5 -7 -6 -6 -1 -6 -8 -6 -6    2   1   8  62   0   1   1   2  15   0   1   0   0   0   0   4   0   0   0   0  1.93 0.91
  469 D    1 -2 -2  2 -6 -1  4 -2 -1 -5 -5 -2 -3 -6  5  0 -2 -7 -5 -4   13   2   2  11   0   2  23   4   1   1   1   3   1   0  27   6   3   0   0   1  0.78 0.51
  470 E   -1  2 -1  0 -4  0  2 -3  0  2  0  1 -1 -1 -2 -2  0 -4  0  1    3  12   2   5   0   3  16   2   2  11   9  10   1   2   1   2   5   0   3  12  0.19 0.19
  471 M    0  2 -4 -3 -5 -3 -3 -1 -3 -3  1  1  1  1 -4 -2  0  8  2 -3    8   9   1   2   0   1   1   6   1   1  15   8   3   6   1   3   6  22   6   1  0.71 0.44
  472 G   -4 -6 -2 -1 -3 -4 -4  7 -3 -6 -5 -4 -7 -5 -7 -5 -3 -7 -7 -4    1   0   2   4   1   1   1  82   1   1   1   1   0   1   0   1   2   0   0   2  2.10 0.96
  473 Q   -2 -2  0 -1 -8  5  6 -5  2 -6 -6 -2 -4 -6 -5 -3 -2 -7 -5 -5    3   2   4   3   0  27  46   1   5   0   1   2   0   0   1   2   3   0   0   1  1.37 0.78
  474 R    1  4 -3 -3 -3  1  0 -2 -1  1 -1 -1 -1 -4 -4 -1  0 -5 -4  2   10  26   1   1   0   6   6   2   1   8   6   3   1   0   0   5   4   0   0  16  0.38 0.31
  475 V   -2 -5 -7 -7 -5 -6 -6 -5 -7  3  2 -6 -3 -4  4 -4 -3 -7 -4  5    4   1   0   0   0   0   0   1   0  14  17   0   0   0  20   1   2   0   1  39  1.10 0.61
  476 M    1 -1 -3 -5  5 -3 -3 -4  0  1 -1  2  0 -3 -5 -3  0 -3 -1  4   13   3   1   0  12   1   1   1   2   6   5  12   2   1   0   2   6   0   2  29  0.54 0.38
  477 A    7 -6 -6 -7  1 -5 -6 -2 -7 -4  0 -6 -3 -6 -5 -3 -4 -7 -6 -1   74   0   0   0   3   0   0   3   0   1  10   0   0   0   0   1   1   0   0   5  1.68 0.87
  478 A    1 -2 -4 -2  1 -3 -2 -4 -1  0  1 -3 -2  5 -5 -4 -3  2  4  2   12   2   0   3   3   1   3   1   2   4  11   2   1  22   0   1   1   2  16  15  0.60 0.38
  479 V    0 -2 -2 -2  3 -2  0  0 -2  1  0 -2  2  2 -3 -2 -1  4  2  1    9   0   0   0   8   0   9   9   0   9   9   0   9   9   0   1   0   8   9   9  0.17 0.13
  480 Q   -1  0 -1 -1 -1  0  1 -3 -4  0 -2 -2 -3 -2 -2 -1  1  0  0  5    3   5   3   3   2   5   8   2   0   3   2   2   0   2   2   3   9   2   4  39  0.45 0.36
  481 T    1 -1 -2 -2  0 -1 -2  0 -3 -1  2  0  0 -1  2 -1 -1 -3 -1  0   14   4   2   2   3   2   2   9   0   3  22   5   2   2  12   4   4   0   2   7  0.15 0.16
  482 V    0  1  0  0 -1  0  1 -1  0 -1 -1  1 -1 -1  0  0  0  0 -1  1    9   8   4   6   2   4  10   3   2   3   5  12   2   3   3   6   4   2   2  11  0.06 0.08
  483 D    1  0  0  2 -1  1  2  0  1 -2 -3  0 -3 -2  3  0  0 -4 -2 -1   10   4   4  12   1   5  13   7   3   2   2   4   0   1  13   8   4   0   1   5  0.21 0.18
  484 S    0 -2  0  1 -3 -1  0  3  0 -3 -3 -1 -1 -2  2  1  0 -4 -2 -2    7   2   5   9   0   3   7  24   2   1   3   4   2   2  11   9   7   0   1   3  0.28 0.22
  485 A    2 -1 -1 -1  1  0  1 -1  1  0 -1 -1  0 -1  0  0  0  0 -1  0   19   4   2   3   4   3   8   4   4   6   4   3   3   3   5   8   4   1   2   9  0.07 0.11
  486 D    1  0  0  3 -1  0  2 -1  0 -3 -3  0 -3 -2  1  1  1 -4 -2 -2   10   4   4  18   2   4  14   5   3   2   3   5   0   2   6   9   8   0   1   3  0.22 0.20
  487 A    1 -1 -1  1  0 -1 -1  0 -1  0  0 -1  0 -1  2  0  0 -1 -1  0   12   2   1   7   2   2   4   9   2   4  13   3   2   2  12   6   7   1   1   7  0.09 0.10
  488 N    0 -1  1  1 -2  0  0  1  0 -2 -2 -1 -1 -2  1  2  2 -4 -2 -1    6   3   7  10   1   3   6   9   2   2   5   4   1   1   8  14  13   0   1   4  0.16 0.16
  489 D    0  0  0  3 -3  0  3 -2  0 -2 -1 -1 -1 -3  1  0  0 -3 -1 -2    8   4   4  14   0   4  22   4   2   2   6   3   2   1   7   7   5   0   2   3  0.25 0.20
  490 Q    1 -1 -1  0 -2  1  2 -1 -1  0  0  0 -1 -1  1  0  0 -1 -1  0   11   3   2   5   1   6  16   3   2   5  10   5   1   3   6   4   5   1   2   9  0.08 0.09
  491 F    0 -1 -1  0  0 -1  0 -1 -1  0  1 -1  1  0 -1  0  2 -1 -2  0    8   3   3   6   2   2   5   5   1   4  16   3   3   4   3   8  14   1   1   6  0.06 0.07
  492 A    1  1 -1 -1 -1  0  1 -1 -1  0  0  1 -1 -1  1 -1  0 -1 -1  0   13   9   2   2   1   3  10   4   1   4  12   9   1   2   6   4   6   1   2   8  0.07 0.08
  493 G    2  1 -1  2 -2  1  2  0 -1 -2 -2  1 -2 -3 -2  0  0 -2 -2 -1   17   6   3  10   1   6  13   6   1   3   3  10   1   1   2   6   5   1   1   4  0.19 0.17
  494 E    2  1 -2  3 -5  1  4 -3 -1 -3 -2 -1 -2 -5 -3 -1 -1 -5 -3 -3   16   8   2  13   0   7  29   2   1   1   4   3   1   0   1   5   3   0   1   2  0.53 0.39
  495 L   -4 -4 -7 -7 -3 -4 -7 -5 -7  4  5 -7  1 -2 -7 -6 -3 -1 -6  2    1   1   0   0   1   1   0   1   0  21  50   0   3   2   0   0   2   1   0  15  1.29 0.66
  496 L    0  6 -3 -2 -3  0 -2 -4 -3  1  0  2  1 -2 -4 -2 -2 -3 -4 -1    7  37   1   2   1   4   2   1   1   8   8  11   3   2   1   2   3   0   1   5  0.68 0.45
  497 A    2  1  0  3 -3  1  3 -3  0 -4 -3  1 -2 -4 -3  0 -1 -6 -3 -3   20   8   3  14   0   6  17   2   3   1   3   7   1   1   1   7   4   0   1   2  0.39 0.33
  498 W    1 -2 -4 -3 -2 -1 -2 -4  5 -4 -1 -4 -1  5 -6 -3 -3  8  3 -4   10   3   1   1   1   3   3   2  14   1   5   1   2  19   0   2   2  18  10   1  1.07 0.60
  499 L    0 -6 -7 -5  7 -6 -6 -5 -7  1  3 -6  0 -2 -6 -4 -4 -2 -3  4    8   0   0   1  20   0   0   1   0   7  29   0   2   1   0   1   1   1   1  27  1.14 0.61
  500 R    2  4 -1 -2 -3  1 -1 -2 -1 -2 -3  3 -2 -6 -4  0 -1 -2 -5 -3   19  24   3   3   1   6   4   4   1   3   3  16   1   0   0   7   4   1   0   1  0.52 0.39
  501 D    1  0  0  2 -3  2  3  1  0 -5 -4  1 -3 -6 -1  0  0 -6 -5 -4   13   6   4  13   0  10  16  11   2   0   1   7   1   0   3   6   5   0   0   1  0.38 0.33
  502 R   -2  4  1 -2 -3  3  0 -2  4 -3 -3  3 -3 -4 -5 -1 -1 -3 -1 -2    4  25   6   2   1  11   7   3   9   1   2  15   0   1   0   5   3   0   2   4  0.56 0.40
  503 L   -5 -4 -7 -8 -3 -7 -6 -7 -3  2  6 -4  1 -2 -7 -5 -2 -6 -6  2    1   1   0   0   1   0   1   0   1  11  64   1   3   2   0   1   3   0   0  11  1.37 0.72
  504 S    4 -4 -2  0 -6 -1 -1  2 -3 -5 -4 -4 -3 -7  4  1 -2 -7 -6 -2   33   1   2   5   0   3   4  14   1   0   2   1   1   0  20   9   3   0   0   3  0.75 0.54
  505 H    2  3 -1  1 -5 -2 -1  0  1 -4 -5  1 -3 -2  4  1 -2 -3 -3 -3   15  18   3   7   0   1   4   7   4   1   1   7   1   2  18   8   2   0   1   2  0.45 0.37
  506 F    0 -5 -5 -5 -7 -3 -3 -6  5 -1 -3 -4 -3  4 -2 -4 -2  5  7 -2    8   1   0   1   0   2   2   0  12   3   2   1   1  16   2   1   3   7  36   3  1.32 0.73
  507 K    2 -3 -4 -6 -3  3  0 -5 -1 -6 -3  6  4 -4 -6 -3 -4  1 -3 -5   18   1   1   0   1  13   5   1   2   0   3  40  10   1   0   2   0   2   1   0  1.08 0.70
  508 C    1  2 -4 -5  0  1 -4 -4 -1  3  1 -1 -1 -4 -5 -3 -1  3  0  3   14  12   0   0   2   6   0   1   2  16  12   4   1   0   0   1   3   4   3  19  0.41 0.34
  509 P   -7 -5 -8 -8 -9 -8 -8 -9 -2 -2 -1 -7 -8 -3  8 -5 -6 -10 -4 -4    0   1   0   0   0   0   0   0   1   3   6   0   0   1  85   1   0   0   1   2  2.87 1.37
  510 R   -1  5 -3  0 -4  0 -1 -2  0 -2 -4  4 -2 -5 -5  0 -1 -7 -5  0    6  32   1   6   0   4   3   4   2   2   1  21   1   0   0   6   4   0   0   6  0.68 0.47
  511 S    0  3 -2  0 -3  1  2  0  2 -2 -2  2 -2 -1 -4 -1  0 -3  1 -2   10  15   1   5   1   6  12   7   6   2   4  12   1   2   0   3   5   0   5   3  0.23 0.23
  512 I   -2 -7 -7 -8 -6 -7 -7 -7 -7  5  1 -7 -1  2 -7 -6 -4  4  2  5    4   0   0   0   0   0   0   0   0  26  13   0   1   8   0   0   1   6   6  35  1.19 0.63
  513 A   -2  2 -2 -2 -4  0  2 -4  2  1  0  0 -1  1 -4 -2 -1  0  1  2    3  11   1   2   0   4  15   1   6   8  10   4   1   5   0   1   4   1   6  16  0.24 0.24
  514 F   -1  1 -3 -5 -3 -1 -2 -4  0  2  0 -3 -1  6 -2 -3 -1  2  0  2    6   7   1   0   0   3   3   1   2  10   8   2   1  31   2   2   3   2   2  13  0.57 0.38
  515 E    0 -2 -4 -6 -2 -5 -5 -4 -3  2  2 -4  1 -2 -5 -4  0  0 -4  5    7   3   1   0   1   0   1   1   1  10  20   1   3   1   0   1   6   1   0  42  0.84 0.51
  516 P    0 -2 -1  5 -7 -1  3 -2 -2 -7 -6  0 -6 -7  3  0  0 -7 -6 -6    8   2   3  32   0   2  16   3   1   0   1   5   0   0  17   5   5   0   0   0  0.85 0.56
  517 Q    2  0  0  1 -2  1  4 -2 -1 -5 -4  0 -2 -6 -2  2  0 -3 -3 -3   20   6   3   7   1   5  25   3   1   0   1   5   1   0   1  13   4   0   1   2  0.44 0.38
  518 L   -5 -6 -7 -6 -6 -6 -2 -8 -5  4  5 -6  2  2 -5 -7 -4  0 -2  0    1   0   0   0   0   0   3   0   0  22  53   0   5   7   1   0   1   1   1   4  1.25 0.66
  519 P   -3 -5 -6 -5 -8 -4 -2 -8 -3 -5 -2 -4 -2 -6  8 -3 -5 -9 -6 -6    3   1   0   1   0   1   3   0   1   1   5   1   1   0  79   2   1   0   0   1  2.48 1.21
  520 R   -4  4 -5 -6 -6 -2 -3 -6  1 -3  2  5  2 -4 -5 -3 -1 -3  0 -1    0  22   0   0   0   1   1   0   3   1  23  30   5   1   0   1   4   0   3   4  0.84 0.55
  521 T   -3  0  4 -4 -6 -2 -3 -2 -4 -3  1 -3 -3 -6 -6  1  5 -7 -6 -4    2   6  21   1   0   2   1   2   0   1  12   1   1   0   0  11  40   0   0   0  0.98 0.66
  522 D    3  1 -1 -1 -3 -1  0  3 -2 -4 -4 -2 -3 -3  3  1 -1 -6 -5 -2   21   7   3   4   0   3   5  21   1   1   1   1   1   1  16   9   3   0   0   2  0.47 0.38
  523 T   -1  0  4 -3  0 -1 -4  0 -2 -1 -3 -3 -1 -3  1  3  3 -6 -4 -1    5   4  17   0   2   2   0   7   1   4   2   0   2   1   7  26  15   0   0   4  0.50 0.43
  524 G   -5 -8 -3 -3 -8 -5 -6  7 -4  0 -6 -7 -3  0 -6 -3 -7 -8 -8 -8    0   0   1   1   0   1   0  83   0   6   1   0   1   4   0   2   0   0   0   0  2.23 1.05
  525 K   -7 -3 -6 -7 -9 -5 -4 -8 -7 -9 -7  8 -8 -9 -7 -5 -7 -9 -8 -9    0   1   0   0   0   0   1   0   0   0   1  97   0   0   0   1   0   0   0   0  3.13 1.39
  526 L   -4 -4 -5 -7 -6 -5 -7 -7 -5  6  1 -2 -3 -3  2 -6 -2 -4 -4  4    1   1   1   0   0   0   0   0   0  41  14   3   0   1   9   0   2   0   0  25  1.15 0.62
  527 Y   -2 -1  1  5 -6  1 -3 -4 -4 -2  2 -1  3 -4 -5  2 -3 -4 -3 -2    2   3   6  34   0   6   1   1   0   3  17   3   6   1   0  13   1   0   1   2  0.65 0.47
  528 K   -6  8 -6 -7 -5 -4 -5 -8 -2 -7 -5  4 -7 -6 -6 -6 -5 -4 -2 -7    1  74   0   0   0   0   0   0   1   0   1  19   0   0   0   0   0   0   1   0  2.39 1.11
  529 S    0  5  0 -3 -6  2 -3 -3  0 -3 -2  3 -1 -1 -2 -2 -1 -6 -3 -3    7  35   4   1   0   8   1   2   2   1   4  21   1   3   2   3   3   0   1   2  0.71 0.48
  530 G    3  1 -2  0 -4  2  2 -3 -3 -1  0  1 -1 -3 -3 -1  0 -3 -4  0   28   7   1   4   0   8  12   1   0   3   8  10   1   1   1   2   4   0   0   6  0.30 0.30
  531 L   -4 -7 -8 -8 -6 -7 -7 -8 -7  1  6 -7  2 -3 -7 -7 -5  0 -3  2    2   0   0   0   0   0   0   0   0   7  71   0   5   0   0   0   0   1   1  12  1.61 0.78
  532 V    2  6 -4 -5 -6  1 -3 -4 -3 -1 -1  3 -3 -6 -3 -3 -1 -6 -5 -1   16  42   0   0   0   5   1   1   1   3   5  16   0   0   1   1   3   0   0   5  0.91 0.56
  533 E    2  1 -1  3 -6  2  4 -3 -4 -6 -5  2 -5 -6 -4 -1 -2 -6 -5 -3   20   9   2  15   0   8  26   1   0   0   0  13   0   0   0   2   1   0   0   1  0.70 0.47
  534 K   -3  4 -4 -3 -4  3  2 -4 -2 -2  1  2 -2 -4 -4 -3 -3  7 -4 -4    2  24   0   1   0  13  11   1   1   2  13  12   1   0   1   1   1  16   0   1  0.79 0.47
  535 Y   -2 -5 -5 -6 -5 -5 -3 -6  1 -2  3 -5 -2  6 -6 -4 -3  1  5 -1    4   0   0   0   0   0   2   0   3   1  32   0   0  32   0   1   1   1  21   3  1.10 0.52
  536 S    5 -4  2 -2 -3 -1 -2 -1 -3 -4 -4 -3 -4 -5 -3  3  1 -5 -4 -3   50   0  12   1   0   2   1   4   0   0   0   0   0   0   0  24   6   0   0   0  0.85 0.47
  537 V   -2 -3 -3 -3 -2 -3 -3 -4 -3  3  3 -3  1 -1 -3 -1  3 -3 -2  2    0   0   0   0   0   0   0   0   0  23  38   0   0   0   0   0  26   0   0  13  0.40 0.14

                      K         Lambda
Standard Ungapped    0.1362     0.3193
Standard Gapped      0.0410     0.2670
PSI Ungapped         0.1380     0.3171
PSI Gapped           0.0422     0.2670
