
Last position-specific scoring matrix computed, weighted observed percentages rounded down, information per position, and relative weight of gapless real matches to pseudocounts
            A   R   N   D   C   Q   E   G   H   I   L   K   M   F   P   S   T   W   Y   V   A   R   N   D   C   Q   E   G   H   I   L   K   M   F   P   S   T   W   Y   V
    1 M    -2  -2  -3  -4  -2  -2  -3  -4  -3   1   4  -2   4   0  -3  -3  -1  -2  -1   1    0   0   0   0   0   0   0   0   0   0  81   0  19   0   0   0   0   0   0   0  0.46 0.03
    2 Y     0  -2  -3  -4  -3  -2  -3  -3   3  -2  -2  -2  -2   2  -3  -2  -2   1   8  -2    9   0   0   0   0   0   0   0   6   0   0   0   0   0   0   0   0   0  84   0  1.09 0.14
    3 T    -1  -2   3  -1  -2  -2  -2  -2  -2   0   1  -2  -1  -2   3   0   3  -4  -3   0    0   0  22   0   0   0   0   0   0   3  16   0   0   0  18   0  34   0   0   7  0.39 0.12
    4 E     1  -3  -3  -2  -2  -2   2  -3  -3   0   3  -2   0  -1  -1  -1  -1  -3  -1   0   19   0   0   0   0   0  18   0   0   3  49   0   0   0   2   2   2   0   2   4  0.32 0.16
    5 H     1  -1   3   0  -3   0   2  -2   4  -2  -2   0  -2   0  -3   0  -1  -3   2  -2   16   1  20   2   0   2  16   0  15   3   3   3   0   3   0   5   2   0  10   0  0.31 0.15
    6 P     0  -5  -5  -5  -5  -4  -4  -5  -5   0  -5  -3  -5  -6   8  -4  -2  -7  -6  -3    7   0   0   0   0   0   0   0   0   6   0   1   0   0  84   0   1   0   0   1  2.36 0.57
    7 T     0  -2  -2  -3  -2  -2  -3   5  -4  -3  -4  -2  -3  -5   2   1   2  -5  -4  -3    6   2   0   0   0   1   0  52   0   2   0   2   0   0  11   8  15   0   0   2  0.81 0.29
    8 T    -1  -2   3  -2  -3  -2  -1  -3   1   0  -3   0  -3  -4  -2   4   3  -5  -3   0    1   1  17   0   0   0   1   0   4   7   0   6   0   0   1  34  21   0   0   6  0.51 0.28
    9 V     2  -2  -1  -2  -2  -2  -2  -1  -1   0  -1   0   0  -3  -3   3   2  -4  -2   1   15   1   1   1   0   0   1   4   1   7   5   5   3   0   0  30  13   0   1  12  0.24 0.17
   10 G     0   2  -1  -1  -3  -1   1   0  -2   0   0   1   1  -2  -1   1   0  -3  -2   0   10  13   1   2   0   0   9   9   0   6   7  11   5   1   2   9   8   0   0   6  0.09 0.08
   11 E    -1  -1   0   0  -5   2   5  -3   1   0  -3   1  -2  -2  -3  -2   0  -5  -3  -2    4   2   4   2   0   9  48   1   3   7   1   9   0   1   0   0   5   0   0   1  0.61 0.29
   12 Y    -2  -3   3  -1  -4  -2  -1   0  -1  -4  -2  -3  -2   1   0  -2   0  -1   7  -2    2   1  14   3   0   1   4   6   0   0   2   1   1   2   5   1   5   0  48   2  0.84 0.34
   13 F    -3   1   0  -2  -2  -2  -1  -4   1  -4  -3   6  -3   4  -3  -3  -3  -3   0  -3    1   4   5   2   1   0   3   0   3   0   2  52   0  23   1   0   0   0   3   1  0.84 0.35
   14 V    -2  -4  -3  -4  -3  -3  -4  -4  -4   1  -1  -1  -1  -1  -4  -1   6  -5  -4   2    2   0   0   0   0   0   0   0   0   9   4   4   1   2   0   1  64   0   0  12  1.02 0.42
   15 G    -1  -4  -3  -4  -5  -4  -2   7  -4  -6  -6  -3  -5  -5  -4   0  -3  -5  -4  -5    5   0   0   0   0   0   3  80   0   0   0   1   0   0   0   8   1   0   1   0  1.61 0.48
   16 G     0  -1  -1   3  -4  -2   0   4  -3  -2  -3  -2  -3  -4   0   0   0  -4  -4  -2    5   3   2  19   0   0   6  39   0   2   1   1   0   1   4   8   6   0   0   3  0.53 0.24
   17 R    -5   2  -2  -5  -5  -2  -4  -3  -4  -4  -5   4  -2  -2  -5  -3  -5  11   1  -3    0  11   2   0   0   1   0   2   0   1   0  22   1   1   0   1   0  51   3   2  2.10 0.62
   18 K    -3   6  -2  -3  -6  -1   1  -2  -3  -6  -5   4  -4  -6  -4   0  -3  -6  -5  -5    1  48   1   1   0   1   7   3   0   0   0  28   0   0   0   9   1   0   0   0  1.21 0.48
   19 M    -1   2  -2  -3  -3  -2  -3  -3  -3   0  -1   0   6  -3  -2   2   3  -4  -3   0    4  14   1   1   0   0   1   1   0   5   4   4  23   0   2  16  16   0   0   7  0.50 0.31
   20 R    -3   2  -2  -3  -5   1   0  -4  -3  -3  -1   5  -1   3  -1  -2  -2  -4   0  -3    1  12   2   1   0   5   4   0   0   1   6  41   1  13   4   3   2   0   4   1  0.67 0.35
   21 V    -3   3  -2  -4  -4  -2  -3  -5  -2   3  -3   5   0  -3  -3  -3  -1  -3  -1   2    1  14   2   0   0   1   1   0   1  17   1  38   3   1   1   0   3   0   2  14  0.72 0.38
   22 A     5  -5  -6  -6  -5  -5  -5  -5  -3   1  -3  -4  -4  -3   5  -4  -4  -6  -4   2   41   0   0   0   0   0   0   0   1   9   2   1   0   1  32   0   0   0   1  13  1.20 0.55
   23 R    -3   0  -2  -4  -4  -1   0  -5   0   2  -2   1  -1  -1  -5  -2   0   0   2   4    1   6   2   0   0   2   5   0   2  13   1  11   1   2   0   2   5   1   8  36  0.47 0.31
   24 I    -5  -5  -7  -7  -5  -6  -7  -7  -7   6   0  -5  -1  -2  -5  -5  -2  -1  -5   5    0   1   0   0   0   0   0   0   0  49   8   0   1   1   1   0   2   1   0  36  1.46 0.57
   25 D    -5  -5   4   8  -7  -4   0  -5  -3  -3  -6  -3  -4  -7  -6  -4  -5  -8  -7  -4    1   0  18  70   0   0   4   0   0   2   1   1   1   0   0   1   0   0   0   1  2.00 0.75
   26 E    -2   0  -1  -1  -6   3   3  -3   1  -4  -2   3  -3  -5   3  -2  -2  -5   1  -3    3   5   3   2   0  14  22   1   3   1   5  18   0   0  16   1   2   0   4   1  0.55 0.33
   27 K    -1  -1   3   3  -5  -1   4  -3  -1  -4  -5   2  -5  -6  -4   2  -1  -6  -5  -4    5   3  17  15   0   2  27   1   1   1   1  13   0   0   0  13   2   0   0   0  0.67 0.37
   28 I    -3   3  -3  -3  -6  -1  -3  -5  -3   1   1   6  -2  -5  -5  -3  -2  -6  -1  -3    2  16   1   1   0   2   0   0   0   9  15  46   0   0   0   1   2   0   2   1  0.90 0.46
   29 C    -6  -9  -9  -9  12  -9 -10  -8  -9  -7  -7  -9  -7  -8  -9  -7  -7  -8  -8  -7    0   0   0   0 100   0   0   0   0   0   0   0   0   0   0   0   0   0   0   0  4.69 1.29
   30 D    -4  -2  -1   4  -5  -3  -2  -4  -5   4  -3  -1  -3  -5   2  -3   2  -6  -5   2    0   2   3  28   0   1   1   1   0  21   1   4   0   0  12   0  13   0   0  14  0.67 0.38
   31 K     0   4  -1  -3  -5   3  -2   3  -1  -6  -4   3  -3  -4  -5   0  -3  -6  -4  -5    7  20   3   1   0  16   2  26   1   0   1  17   0   1   0   6   0   0   0   0  0.70 0.38
   32 S    -4  -7   3  -5  11  -7  -7  -7  -7  -6  -7  -7  -2  -7  -7   2  -5  -8  -7  -6    1   0  14   1  67   0   0   0   0   0   0   0   1   0   0  17   0   0   0   0  2.86 0.93
   33 P    -3  -1  -3  -4  -6  -3  -1   5   5  -6  -1  -1  -1  -4   4  -3  -4   0  -1  -5    1   3   1   0   0   0   5  42  12   0   7   4   2   1  18   0   1   1   2   0  0.91 0.44
   34 F     0   0  -3  -2   2  -1  -1  -1  -2   1   1  -1   1   3   0  -1   0   1   0   0    7   5   0   1   5   2   3   4   0   9  18   4   4  14   5   3   6   2   3   5  0.11 0.11
   35 C    -6  -9  -8  -9  12  -8  -9  -8  -8  -7  -7  -8  -7  -8  -8  -6  -6  -8  -8  -6    0   0   0   0  99   0   0   0   0   0   0   0   0   0   0   0   0   0   0   0  4.58 1.26
   36 P    -1  -1  -2  -1  -2   0   0  -1  -1   0  -1  -1  -1  -2   5  -1  -1   1  -1   0    5   3   2   3   1   4   6   4   2   6   5   4   1   2  35   3   3   2   2   8  0.51 0.14
   37 A     3  -1  -1  -1  -1  -1  -1  -1  -1  -1  -1  -1  -1  -1   2   1  -1  -1  -1   1   25   3   3   3   1   2   4   4   1   3   6   3   2   2  11  13   3   1   2   9  0.17 0.08
   38 A     1   0  -4  -4  -3  -3  -4  -4  -4   2  -2   1   1  -2  -4  -2  -3   8   0   3   14   6   0   1   1   0   1   1   0   9   3   9   4   1   0   2   1  19   3  25  0.73 0.34
   39 A    -2   4  -1   0  -3   0  -1  -2  -2   0   0   2   1  -1  -2  -1   0  -3  -1  -1    2  30   3   4   0   4   3   3   1   6   8  14   4   2   1   3   5   0   2   5  0.33 0.19
   40 S     0  -2  -3  -4  -3  -3  -3  -4   0   0  -2  -2  -1   3  -2   1  -1  -3   4   4    6   2   1   1   0   1   2   1   2   3   3   2   1  14   2  10   3   0  16  30  0.48 0.28
   41 C    -6  -9  -9  -9  12  -9 -10  -8  -9  -7  -7  -9  -7  -8  -9  -7  -7  -8  -8  -7    0   0   0   0 100   0   0   0   0   0   0   0   0   0   0   0   0   0   0   0  4.69 1.29
   42 R    -2   1  -5  -6  -8  -6  -4  -7  -1  -7  -5  -1  -7  -5   8  -4  -5  -8  -7  -7    4   7   0   0   0   0   1   0   2   0   1   4   0   1  79   1   0   0   0   0  2.46 0.87
   43 F    -1  -1  -3   3  -5  -1   3  -4  -1  -2  -2   0   0   3  -4  -2   0  -4   0   2    4   2   0  20   0   1  22   0   1   1   2   4   3  12   0   2   6   0   3  16  0.42 0.29
   44 K    -1  -3   2   1  -5   0   0   5  -4  -4  -5   0   0  -4   0  -1  -3  -6  -5  -5    5   1  11   8   0   5   5  46   0   1   0   6   3   1   5   4   1   0   0   0  0.76 0.37
   45 A     7  -6  -6  -6   1  -6  -6  -5  -6  -6  -6  -5  -6  -7  -6  -1  -3  -7  -7  -4   93   0   0   0   2   0   0   0   0   0   0   0   0   0   0   3   1   0   0   1  2.23 0.86
   46 F    -5  -7  -7  -7  -4  -7  -7  -8  -7   8   1  -7   0   1  -4  -5  -5  -6  -3   1    0   0   0   0   0   0   0   0   0  74  11   0   1   5   1   1   0   0   1   6  1.84 0.66
   47 R    -1   1  -1  -1  -4   2   1  -3  -2   0  -2   2  -1  -2  -2   2   2  -4   1  -1    2   7   2   2   0   8  11   1   1   5   2  17   1   1   1  15  14   0   6   4  0.26 0.21
   48 V    -2   1  -3  -2  -4   4   0  -3  -2   3   0   0   1   0   0  -2  -1  -2  -2   1    2   9   0   1   0  21   5   1   1  16   7   6   4   4   5   2   3   0   1  11  0.29 0.22
   49 I    -1   0   0   1  -1   0   1  -2  -1   1  -1   2  -1  -2  -1  -1   0   0  -1   2    2   3   4   8   1   3  12   2   1  11   5  13   1   1   2   4   5   1   1  18  0.11 0.11
   50 L    -1   1   1   3  -4  -1   2   1   1  -3  -3   1  -2  -2   0  -1  -2  -4  -3  -2    4   9   6  21   0   1  14  12   4   1   3  11   1   2   4   3   1   0   0   4  0.30 0.18
   51 G    -1  -1   1   2  -3  -2   0   4   0  -2  -3   0  -2  -1  -2  -1  -1  -1   0  -2    4   3   6  14   0   1   4  33   2   2   2   7   1   4   2   4   3   1   4   2  0.37 0.19
   52 T    -1   0   0   1  -2  -1   0   4  -2  -2  -2   2  -2   0  -1  -1  -1   0  -2  -2    3   4   4   7   1   2   6  32   1   2   3  14   1   5   2   4   3   2   1   3  0.31 0.16
   53 S     1  -1   0  -1  -1  -1   0   0   0  -1   0  -1   0   2   0   0  -1   0   1  -1   18   2   4   2   1   1   6   7   2   3   9   4   3  11   5   9   2   1   6   3  0.07 0.07
   54 F    -1   1  -1  -1  -2  -1  -1   0  -1  -1  -1   2  -1   4  -1  -1  -1   1   2  -1    4   7   3   3   1   2   4   8   1   4   5  14   1  21   3   3   3   2   8   4  0.17 0.09
   55 R     0   1   0   0  -1   0   1   0   0  -1   0   1   0   0   0   0   0   0   0   0    7   7   5   6   1   4   8   7   2   3  10   9   2   4   5   7   4   1   3   7  0.03 0.01
   56 V     0   0   1  -1  -1   0   0   1  -1   0  -1   1   0  -1   0   0   0   0  -1   1    9   3   7   3   1   2   6  11   1   8   5  11   1   3   4   6   3   1   2  13  0.03 0.03
   57 N     0   1   1   0  -2  -1   0  -1  -1  -2  -1   2  -1  -2   2   0   1  -2  -1  -1    6   7   8   5   1   1   5   5   1   2   4  18   1   1   9   7   9   0   3   5  0.14 0.09
   58 I     2  -3  -3  -3  -3  -3  -3  -3  -2   1  -1  -3   0   1   4  -2  -2   0   3   2   21   1   1   1   0   1   1   2   1   8   5   1   2   5  21   1   2   1  11  13  0.45 0.24
   59 S    -1   1  -1  -1  -1   1   2  -2  -1  -1  -2   2  -2  -2  -2   0   2  -3  -1   1    4   6   2   3   1   5  17   3   1   2   2  16   0   2   1   7  14   0   3  11  0.20 0.16
   60 I    -3  -5  -5  -5  -4  -5  -5  -5  -5   6  -2  -5  -1  -1  -5  -4  -2  -5  -1   5    1   1   0   1   0   0   1   1   0  44   1   1   1   3   1   1   1   0   2  40  1.33 0.49
   61 D    -4  -3   3   8  -6  -4  -2  -5  -3  -3  -6  -3  -4  -6  -5  -2  -4  -6  -6  -4    1   1  12  73   0   0   1   1   1   2   1   1   1   0   0   3   0   0   0   2  1.89 0.66
   62 E    -1  -1  -3  -1  -5   2   3  -4   0  -3  -1   0   0  -1   2  -2  -1  -1   5  -3    5   2   1   3   0   8  24   1   1   1   5   5   2   1  11   2   3   1  22   2  0.53 0.32
   63 E    -2  -1   1   5  -6  -1   4  -4  -3  -1  -4  -1  -3  -2  -3  -1  -2  -2  -4  -3    4   2   5  32   0   2  32   1   0   4   1   3   1   2   1   5   2   1   1   1  0.80 0.40
   64 K    -2   1  -3  -4  -6  -3  -3  -5   1  -3   0   5  -1   2  -5  -2  -4  -4   6  -4    3   6   1   1   0   0   1   0   3   1   9  37   1   8   0   2   0   0  25   1  0.92 0.46
   65 C    -6  -9  -9  -9  12  -9 -10  -8  -9  -7  -7  -9  -7  -8  -9  -7  -7  -8  -8  -7    0   0   0   0 100   0   0   0   0   0   0   0   0   0   0   0   0   0   0   0  4.69 1.29
   66 T    -2  -1  -2   1  -5  -1   1  -5  -4   3  -3   4  -1  -5  -4  -3   2  -6  -5   1    2   2   1   8   0   1   8   0   0  17   1  32   1   0   0   0  15   0   0  10  0.60 0.37
   67 G    -3  -4  -1  -3  -7  -4  -4   7  -1  -8  -6  -2  -5  -7  -6  -3  -6  -7  -7  -5    1   1   2   2   0   1   1  85   1   0   1   3   0   0   0   1   0   0   0   1  2.07 0.74
   68 C    -3  -9  -8  -9  12  -8  -9  -8  -9  -6  -1  -9  -7  -8  -8  -6  -6  -8  -8  -6    2   0   0   0  93   0   0   0   0   0   6   0   0   0   0   0   0   0   0   0  4.15 1.18
   69 G    -1  -5  -3  -6  -7  -5  -5   7  -6  -8  -7  -1  -7  -8  -6  -3  -4  -7  -7  -7    4   1   1   0   0   0   1  87   0   0   0   3   0   0   0   1   1   0   0   0  2.21 0.77
   70 V     0  -1  -3  -2  -4  -3  -2  -5  -5   5   0   3  -1  -2  -5  -4  -2  -5  -3   2    9   3   1   2   0   1   2   0   0  31   5  24   1   1   0   0   2   0   0  17  0.60 0.35
   71 C    -6  -9  -9  -9  12  -9 -10  -8  -9  -7  -7  -9  -7  -8  -9  -7  -7  -8  -8  -7    0   0   0   0 100   0   0   0   0   0   0   0   0   0   0   0   0   0   0   0  4.69 1.29
   72 V     4  -5  -5  -5  -3  -4  -3  -4  -5   1   0  -4   1  -4  -5  -1   0  -6  -2   4   35   0   0   0   0   0   2   0   0   6  10   0   3   0   0   4   6   0   1  34  0.76 0.41
   73 R    -1   4   4  -2  -5   1   0   0   1  -4  -3   3  -2  -4  -2  -1  -1  -5  -1  -3    6  23  18   1   0   5   5   6   3   1   3  16   1   0   2   4   2   0   2   1  0.45 0.28
   74 Y     0  -3  -2  -3  -5  -1   4  -4   1   1  -2  -2  -1   1  -5  -2  -2  -4   3   2    6   1   1   0   0   1  33   1   3   8   3   1   1   6   0   3   2   0  12  17  0.52 0.34
   75 C    -6  -9  -9  -9  12  -9 -10  -8  -9  -7  -7  -9  -7  -8  -9  -7  -7  -8  -8  -7    0   0   0   0 100   0   0   0   0   0   0   0   0   0   0   0   0   0   0   0  4.69 1.29
   76 G    -3  -7  -5  -4  -8  -6  -6  -3  -7  -8  -8  -3  -8  -6   9  -4  -6  -2  -8  -7    2   0   1   1   0   0   0   3   0   0   0   2   0   0  89   1   0   1   0   0  2.94 0.99
   77 P     1   0  -1  -3  -4   1  -1  -1   4  -2  -2   1   3  -1  -1  -1   0  -4   0   2   13   6   3   1   0   7   2   4  10   0   2   9   9   2   3   2   7   0   2  19  0.22 0.21
   78 G    -3   1   2   0  -6   0  -2   5  -3  -6  -6   3  -4  -6  -5   0  -3  -6  -4  -6    1   6   8   6   0   3   2  43   1   0   0  22   0   0   0   7   1   0   1   0  0.91 0.43
   79 A     7  -6  -6  -7   0  -6  -6  -5  -6  -3  -6  -5  -5  -7  -6  -3  -4  -7  -6  -1   91   0   0   0   1   0   0   0   0   1   0   0   0   0   0   1   1   0   0   5  2.14 0.83
   80 I    -5  -5  -7  -7  -5  -7  -7  -8  -7   8   1  -7  -2   0  -7  -6  -5  -6  -3   2    0   1   0   0   0   0   0   0   0  73  10   0   1   3   0   0   0   0   1  12  1.90 0.67
   81 K    -1   1  -1  -1  -5   1   2  -4  -1  -4  -4   4  -4  -5  -4   2   3  -5  -2  -3    3   7   1   2   0   5  14   0   1   1   0  24   0   0   0  17  21   0   1   1  0.60 0.36
   82 L    -4  -5  -6  -7  -5  -5  -6  -7  -6   3   3  -2   9   0  -7  -6  -3  -5  -2   0    1   0   0   0   0   0   0   0   0  15  21   2  49   4   0   0   1   0   1   5  1.63 0.63
   83 I    -1  -1  -4  -3  -4  -1   2  -5  -5   2  -3   1  -2  -4  -5  -2  -2  -6  -3   5    5   4   0   1   0   2  14   0   0  12   0   8   0   0   0   2   1   0   1  48  0.74 0.40
   84 E    -3   0  -1   1  -6  -1   6  -4  -4  -4  -2   3  -5  -4   2  -2  -3  -6  -3  -4    1   4   2   8   0   2  49   1   0   1   4  15   0   1  10   2   0   0   1   1  0.94 0.45
   85 K    -2   4  -2   1  -6   0   5  -4  -1  -4  -5   2  -3  -6  -4  -2  -3  -6  -3  -2    3  23   1   6   0   2  42   0   1   1   0  13   1   0   0   1   1   0   1   3  0.94 0.44
   86 E    -2  -2  -1   0  -6   1   6  -1  -3  -6  -6   2  -5  -6  -4  -2  -4  -6  -5  -6    3   1   3   4   0   4  64   5   0   0   0  14   0   0   0   2   0   0   0   0  1.29 0.51
   87 K     1   1  -3  -2  -5  -1   3  -4   0  -5  -5   6  -4  -5  -3  -1  -1  -5  -4  -2   12   5   0   0   0   0  21   0   2   0   0  52   0   0   0   3   3   0   0   2  0.88 0.36
   88 A     4  -2  -2  -1  -2  -1   1  -1  -2  -3  -3   0  -2  -4   1   2  -1  -4  -3  -1   52   0   0   3   0   0  11   0   0   0   0   5   0   0   6  20   0   0   0   3  0.46 0.17
   89 S     3  -2  -1  -1  -1  -1  -1  -1  -2  -2  -3  -1  -2  -3  -1   4   0  -3  -2  -1   46   0   0   0   0   0   0   0   0   0   0   0   0   0   0  54   0   0   0   0  0.52 0.10

                      K         Lambda
Standard Ungapped    0.1399     0.3252
Standard Gapped      0.0446     0.2670
PSI Ungapped         0.1459     0.3174
PSI Gapped           0.0446     0.2670
